,Ser,Arg,Leu,Pro,Thr,Ala,Val,Gly,Ile,Phe,Tyr,Cys,His,Gln,Asn,Lys,Asp,Glu,Met,Trp,,,,,,,,,,,,,,,,,,,,
Ser,0,110,145,74,58,99,124,56,142,155,144,112,89,68,46,121,65,80,135,177,,,,,,,,,,,,,,,,,,,,
Arg,110,0,102,103,71,112,96,125,97,97,77,180,29,43,86,26,96,54,91,101,,,,,,,,,,,,,,,,,,,,
Leu,145,102,0,98,92,96,32,138,5,22,36,198,99,113,153,107,172,138,15,61,,,,,,,,,,,,,,,,,,,,
Pro,74,103,98,0,38,27,68,42,95,114,110,169,77,76,91,103,108,93,87,147,,,,,,,,,,,,,,,,,,,,
Thr,58,71,92,38,0,58,69,59,89,103,92,149,47,42,65,78,85,65,81,128,,,,,,,,,,,,,,,,,,,,
Ala,99,112,96,27,58,0,64,60,94,113,112,195,86,91,111,106,126,107,84,148,,,,,,,,,,,,,,,,,,,,
Val,124,96,32,68,69,64,0,109,29,50,55,192,84,96,133,97,152,121,21,88,,,,,,,,,,,,,,,,,,,,
Gly,56,125,138,42,59,60,109,0,135,153,147,159,98,87,80,127,94,98,127,184,,,,,,,,,,,,,,,,,,,,
Ile,142,97,5,95,89,94,29,135,0,21,33,198,94,109,149,102,168,134,10,61,,,,,,,,,,,,,,,,,,,,
Phe,155,97,22,114,103,113,50,153,21,0,22,205,100,116,158,102,177,140,28,40,,,,,,,,,,,,,,,,,,,,
Tyr,144,77,36,110,92,112,55,147,33,22,0,194,83,99,143,85,160,122,36,37,,,,,,,,,,,,,,,,,,,,
Cys,112,180,198,169,149,195,192,159,198,205,194,0,174,154,139,202,154,170,196,215,,,,,,,,,,,,,,,,,,,,
His,89,29,99,77,47,86,84,98,94,100,83,174,0,24,68,32,81,40,87,115,,,,,,,,,,,,,,,,,,,,
Gln,68,43,113,76,42,91,96,87,109,116,99,154,24,0,46,53,61,29,101,130,,,,,,,,,,,,,,,,,,,,
Asn,46,86,153,91,65,111,133,80,149,158,143,139,68,46,0,94,23,42,142,174,,,,,,,,,,,,,,,,,,,,
Lys,121,26,107,103,78,106,97,127,102,102,85,202,32,53,94,0,101,56,95,110,,,,,,,,,,,,,,,,,,,,
Asp,65,96,172,108,85,126,152,94,168,177,160,154,81,61,23,101,0,45,160,181,,,,,,,,,,,,,,,,,,,,
Glu,80,54,138,93,65,107,121,98,134,140,122,170,40,29,42,56,45,0,126,152,,,,,,,,,,,,,,,,,,,,
Met,135,91,15,87,81,84,21,127,10,28,36,196,87,101,142,95,160,126,0,67,,,,,,,,,,,,,,,,,,,,
Trp,177,101,61,147,128,148,88,184,61,40,37,215,115,130,174,110,181,152,67,0,,,,,,,,,,,,,,,,,,,,
,,,,,,,,,,,,,,,,,,,,,,,,,,,,,,,,,,,,,,,,
,1-D/215,,,,,,,,,,,,,,,,,,,,,,,,,,,,,,,,,,,,,,,
,1.00 ,0.49 ,0.33 ,0.66 ,0.73 ,0.54 ,0.42 ,0.74 ,0.34 ,0.28 ,0.33 ,0.48 ,0.59 ,0.68 ,0.79 ,0.44 ,0.70 ,0.63 ,0.37 ,0.18 ,,,,,,,,,,,,,,,,,,,,
,0.49 ,1.00 ,0.53 ,0.52 ,0.67 ,0.48 ,0.55 ,0.42 ,0.55 ,0.55 ,0.64 ,0.16 ,0.87 ,0.80 ,0.60 ,0.88 ,0.55 ,0.75 ,0.58 ,0.53 ,,,,,,,,,,,,,,,,,,,,
,0.33 ,0.53 ,1.00 ,0.54 ,0.57 ,0.55 ,0.85 ,0.36 ,0.98 ,0.90 ,0.83 ,0.08 ,0.54 ,0.47 ,0.29 ,0.50 ,0.20 ,0.36 ,0.93 ,0.72 ,,,,,,,,,,,,,,,,,,,,
,0.66 ,0.52 ,0.54 ,1.00 ,0.82 ,0.87 ,0.68 ,0.80 ,0.56 ,0.47 ,0.49 ,0.21 ,0.64 ,0.65 ,0.58 ,0.52 ,0.50 ,0.57 ,0.60 ,0.32 ,,,,,,,,,,,,,,,,,,,,
,0.73 ,0.67 ,0.57 ,0.82 ,1.00 ,0.73 ,0.68 ,0.73 ,0.59 ,0.52 ,0.57 ,0.31 ,0.78 ,0.80 ,0.70 ,0.64 ,0.60 ,0.70 ,0.62 ,0.40 ,,,,,,,,,,,,,,,,,,,,
,0.54 ,0.48 ,0.55 ,0.87 ,0.73 ,1.00 ,0.70 ,0.72 ,0.56 ,0.47 ,0.48 ,0.09 ,0.60 ,0.58 ,0.48 ,0.51 ,0.41 ,0.50 ,0.61 ,0.31 ,,,,,,,,,,,,,,,,,,,,
,0.42 ,0.55 ,0.85 ,0.68 ,0.68 ,0.70 ,1.00 ,0.49 ,0.87 ,0.77 ,0.74 ,0.11 ,0.61 ,0.55 ,0.38 ,0.55 ,0.29 ,0.44 ,0.90 ,0.59 ,,,,,,,,,,,,,,,,,,,,
,0.74 ,0.42 ,0.36 ,0.80 ,0.73 ,0.72 ,0.49 ,1.00 ,0.37 ,0.29 ,0.32 ,0.26 ,0.54 ,0.60 ,0.63 ,0.41 ,0.56 ,0.54 ,0.41 ,0.14 ,,,,,,,,,,,,,,,,,,,,
,0.34 ,0.55 ,0.98 ,0.56 ,0.59 ,0.56 ,0.87 ,0.37 ,1.00 ,0.90 ,0.85 ,0.08 ,0.56 ,0.49 ,0.31 ,0.53 ,0.22 ,0.38 ,0.95 ,0.72 ,,,,,,,,,,,,,,,,,,,,
,0.28 ,0.55 ,0.90 ,0.47 ,0.52 ,0.47 ,0.77 ,0.29 ,0.90 ,1.00 ,0.90 ,0.05 ,0.53 ,0.46 ,0.27 ,0.53 ,0.18 ,0.35 ,0.87 ,0.81 ,,,,,,,,,,,,,,,,,,,,
,0.33 ,0.64 ,0.83 ,0.49 ,0.57 ,0.48 ,0.74 ,0.32 ,0.85 ,0.90 ,1.00 ,0.10 ,0.61 ,0.54 ,0.33 ,0.60 ,0.26 ,0.43 ,0.83 ,0.83 ,,,,,,,,,,,,,,,,,,,,
,0.48 ,0.16 ,0.08 ,0.21 ,0.31 ,0.09 ,0.11 ,0.26 ,0.08 ,0.05 ,0.10 ,1.00 ,0.19 ,0.28 ,0.35 ,0.06 ,0.28 ,0.21 ,0.09 ,0.00 ,,,,,,,,,,,,,,,,,,,,
,0.59 ,0.87 ,0.54 ,0.64 ,0.78 ,0.60 ,0.61 ,0.54 ,0.56 ,0.53 ,0.61 ,0.19 ,1.00 ,0.89 ,0.68 ,0.85 ,0.62 ,0.81 ,0.60 ,0.47 ,,,,,,,,,,,,,,,,,,,,
,0.68 ,0.80 ,0.47 ,0.65 ,0.80 ,0.58 ,0.55 ,0.60 ,0.49 ,0.46 ,0.54 ,0.28 ,0.89 ,1.00 ,0.79 ,0.75 ,0.72 ,0.87 ,0.53 ,0.40 ,,,,,,,,,,,,,,,,,,,,
,0.79 ,0.60 ,0.29 ,0.58 ,0.70 ,0.48 ,0.38 ,0.63 ,0.31 ,0.27 ,0.33 ,0.35 ,0.68 ,0.79 ,1.00 ,0.56 ,0.89 ,0.80 ,0.34 ,0.19 ,,,,,,,,,,,,,,,,,,,,
,0.44 ,0.88 ,0.50 ,0.52 ,0.64 ,0.51 ,0.55 ,0.41 ,0.53 ,0.53 ,0.60 ,0.06 ,0.85 ,0.75 ,0.56 ,1.00 ,0.53 ,0.74 ,0.56 ,0.49 ,,,,,,,,,,,,,,,,,,,,
,0.70 ,0.55 ,0.20 ,0.50 ,0.60 ,0.41 ,0.29 ,0.56 ,0.22 ,0.18 ,0.26 ,0.28 ,0.62 ,0.72 ,0.89 ,0.53 ,1.00 ,0.79 ,0.26 ,0.16 ,,,,,,,,,,,,,,,,,,,,
,0.63 ,0.75 ,0.36 ,0.57 ,0.70 ,0.50 ,0.44 ,0.54 ,0.38 ,0.35 ,0.43 ,0.21 ,0.81 ,0.87 ,0.80 ,0.74 ,0.79 ,1.00 ,0.41 ,0.29 ,,,,,,,,,,,,,,,,,,,,
,0.37 ,0.58 ,0.93 ,0.60 ,0.62 ,0.61 ,0.90 ,0.41 ,0.95 ,0.87 ,0.83 ,0.09 ,0.60 ,0.53 ,0.34 ,0.56 ,0.26 ,0.41 ,1.00 ,0.69 ,,,,,,,,,,,,,,,,,,,,
,0.18 ,0.53 ,0.72 ,0.32 ,0.40 ,0.31 ,0.59 ,0.14 ,0.72 ,0.81 ,0.83 ,0.00 ,0.47 ,0.40 ,0.19 ,0.49 ,0.16 ,0.29 ,0.69 ,1.00 ,,,,,,,,,,,,,,,,,,,,
,,,,,,,,,,,,,,,,,,,,,,,,,,,,,,,,,,,,,,,,
,,,,,,,,,,,,,,,,,,,,,,,,,,,,,,,,,,,,,,,,
,,,,,,,,,,,,,,,,,,,,,,,,,,,,,,,,,,,,,,,,
,,,,,,,,,,,,,,,,,,,,,,,,,,,,,,,,,,,,,,,,
,,,,,,,,,,,,,,,,,,,,,,,,,,,,,,,,,,,,,,,,
,,,,,,,,,,,,,,,,,,,,,,,,,,,,,,,,,,,,,,,,
,,,,,,,,,,,,,,,,,,,,,,,,,,,,,,,,,,,,,,,,
,,,,,,,,,,,,,,,,,,,,,,,,,,,,,,,,,,,,,,,,
,,,,,,,,,,,,,,,,,,,,,,,,,,,,,,,,,,,,,,,,
,,,,,,,,,,,,,,,,,,,,,,,,,,,,,,,,,,,,,,,,
,,,,,,,,,,,,,,,,,,,,,,,,,,,,,,,,,,,,,,,,
,,,,,,,,,,,,,,,,,,,,,,,,,,,,,,,,,,,,,,,,
,,,,,,,,,,,,,,,,,,,,,,,,,,,,,,,,,,,,,,,,
,,,,,,,,,,,,,,,,,,,,,,,,,,,,,,,,,,,,,,,,
,,,,,,,,,,,,,,,,,,,,,,,,,,,,,,,,,,,,,,,,
,,,,,,,,,,,,,,,,,,,,,,,,,,,,,,,,,,,,,,,,
,,,,,,,,,,,,,,,,,,,,,,,,,,,,,,,,,,,,,,,,
,,,,,,,,,,,,,,,,,,,,,,,,,,,,,,,,,,,,,,,,
,,,,,,,,,,,,,,,,,,,,,,,,,,,,,,,,,,,,,,,,
,,,,,,,,,,,,,,,,,,,,,,,,,,,,,,,,,,,,,,,,
,,,,,,,,,,,,,,,,,,,,,,,,,,,,,,,,,,,,,,,,
,,,,,,,,,,,,,,,,,,,,,,,,,,,,,,,,,,,,,,,,
,,,,,,,,,,,,,,,,,,,,,,,,,,,,,,,,,,,,,,,,
,,,,,,,,,,,,,,,,,,,,,,,,,,,,,,,,,,,,,,,,
,,,,,,,,,,,,,,,,,,,,,,,,,,,,,,,,,,,,,,,,
,,,,,,,,,,,,,,,,,,,,,,,,,,,,,,,,,,,,,,,,
,,,,,,,,,,,,,,,,,,,,,,,,,,,,,,,,,,,,,,,,
,,,,,,,,,,,,,,,,,,,,,,,,,,,,,,,,,,,,,,,,
,,,,,,,,,,,,,,,,,,,,,,,,,,,,,,,,,,,,,,,,
,,,,,,,,,,,,,,,,,,,,,,,,,,,,,,,,,,,,,,,,
,,,,,,,,,,,,,,,,,,,,,,,,,,,,,,,,,,,,,,,,
,,,,,,,,,,,,,,,,,,,,,,,,,,,,,,,,,,,,,,,,
,,,,,,,,,,,,,,,,,,,,,,,,,,,,,,,,,,,,,,,,
,,,,,,,,,,,,,,,,,,,,,,,,,,,,,,,,,,,,,,,,
,,,,,,,,,,,,,,,,,,,,,,,,,,,,,,,,,,,,,,,,
,,,,,,,,,,,,,,,,,,,,,,,,,,,,,,,,,,,,,,,,
,,,,,,,,,,,,,,,,,,,,,,,,,,,,,,,,,,,,,,,,
,,,,,,,,,,,,,,,,,,,,,,,,,,,,,,,,,,,,,,,,
,,,,,,,,,,,,,,,,,,,,,,,,,,,,,,,,,,,,,,,,
,,,,,,,,,,,,,,,,,,,,,,,,,,,,,,,,,,,,,,,,
,,,,,,,,,,,,,,,,,,,,,,,,,,,,,,,,,,,,,,,,
,,,,,,,,,,,,,,,,,,,,,,,,,,,,,,,,,,,,,,,,
,,,,,,,,,,,,,,,,,,,,,,,,,,,,,,,,,,,,,,,,
,,,,,,,,,,,,,,,,,,,,,,,,,,,,,,,,,,,,,,,,
,,,,,,,,,,,,,,,,,,,,,,,,,,,,,,,,,,,,,,,,
,,,,,,,,,,,,,,,,,,,,,,,,,,,,,,,,,,,,,,,,
,,,,,,,,,,,,,,,,,,,,,,,,,,,,,,,,,,,,,,,,
