MHC,Peptide,%Rank_EL,%Rank_BA,Aff(nM)
HLA-B*51:03,YKAKVDAK,68.182,90.782,47206.79
HLA-B*51:03,KAKVDAKT,53.333,83.899,46536.35
HLA-B*51:03,AKVDAKTI,8.955,27.678,38832.67
HLA-B*51:03,KVDAKTIP,61.429,89.868,47106.77
HLA-B*51:03,VDAKTIPI,8.315,14.11,33960.74
HLA-B*51:03,DAKTIPID,18.994,38.487,41175.82
HLA-B*51:03,AKTIPIDR,72.143,96.216,48234.22
HLA-B*51:03,KTIPIDRM,16.129,39.573,41370.07
HLA-B*51:03,TIPIDRMG,76.667,82.229,46383.03
HLA-B*51:03,IPIDRMGF,1.657,4.599,25421.14
HLA-B*51:03,PIDRMGFE,72.143,79.812,46162.23
HLA-B*51:03,IDRMGFEA,33.786,43.402,42002.42
HLA-B*51:03,DRMGFEAN,56.75,73.241,45563.8
HLA-B*51:03,RMGFEANV,33.143,38.671,41209.69
HLA-B*51:03,MGFEANVS,24.091,26.832,38602.7
HLA-B*51:03,GFEANVSS,78.333,89.4,47061.43
HLA-B*51:03,FEANVSSL,6.334,16.076,34899.44
HLA-B*51:03,EANVSSLE,21.649,41.958,41768.12
HLA-B*51:03,ANVSSLES,67.727,84.595,46600.35
HLA-B*51:03,NVSSLESK,59.75,81.922,46354.95
HLA-B*51:03,VSSLESKV,5.945,15.02,34405.67
HLA-B*51:03,SSLESKVD,69.545,88.268,46952.09
HLA-B*51:03,SLESKVDP,82.5,91.139,47246.63
HLA-B*51:03,LESKVDPL,19.02,30.779,39592.11
HLA-B*51:03,ESKVDPLM,5.187,16.13,34923.24
HLA-B*51:03,SKVDPLMP,43.636,72.756,45517.98
HLA-B*51:03,KVDPLMPQ,47.875,92.511,47400.23
HLA-B*51:03,VDPLMPQL,4.876,24.333,37904.88
HLA-B*51:03,DPLMPQLM,0.193,0.989,14293.53
HLA-B*51:03,PLMPQLMY,13.709,26.505,38515.91
HLA-B*51:03,LMPQLMYT,44.091,44.566,42183.68
HLA-B*51:03,MPQLMYTH,6.435,6.521,28101.91
HLA-B*51:03,PQLMYTHA,22.11,21.805,37110.32
HLA-B*51:03,QLMYTHAS,46.889,51.805,43210.6
HLA-B*51:03,LMYTHASL,4.472,4.772,25691.02
HLA-B*51:03,MYTHASLC,35.042,33.114,40113.84
HLA-B*51:03,YTHASLCA,22.17,20.179,36549.24
HLA-B*51:03,THASLCAS,69.545,62.201,44456.43
HLA-B*51:03,HASLCASE,52.778,64.938,44757.11
HLA-B*51:03,ASLCASES,83.75,77.259,45932.56
HLA-B*51:03,SLCASESA,62.5,55.152,43640.04
HLA-B*51:03,LCASESAT,67.727,93.792,47544.06
HLA-B*51:03,CASESATI,2.397,1.561,17363.08
HLA-B*51:03,ASESATIM,18.494,43.598,42032.42
HLA-B*51:03,SESATIMW,10.048,32.468,39974.34
HLA-B*51:03,ESATIMWH,25.209,43.768,42058.34
HLA-B*51:03,SATIMWHL,2.652,5.074,26156.33
HLA-B*51:03,ATIMWHLD,80.0,59.912,44205.56
HLA-B*51:03,TIMWHLDL,26.533,14.856,34325.36
HLA-B*51:03,IMWHLDLL,14.825,10.607,31816.11
HLA-B*51:03,MWHLDLLD,90.0,61.744,44406.43
HLA-B*51:03,WHLDLLDL,28.714,24.625,37991.12
HLA-B*51:03,HLDLLDLT,50.926,72.521,45495.82
HLA-B*51:03,LDLLDLTK,63.929,80.668,46240.24
HLA-B*51:03,DLLDLTKV,2.054,5.392,26613.38
HLA-B*51:03,LLDLTKVK,66.818,87.895,46916.04
HLA-B*51:03,LDLTKVKI,8.368,17.391,35475.46
HLA-B*51:03,DLTKVKIS,30.405,66.363,44898.24
HLA-B*51:03,LTKVKISN,61.786,78.544,46048.0
HLA-B*51:03,TKVKISNK,59.5,92.96,47450.54
HLA-B*51:03,KVKISNKR,68.636,95.787,48037.87
HLA-B*51:03,VKISNKRA,51.852,81.314,46299.29
HLA-B*51:03,KISNKRAG,93.333,96.672,48443.43
HLA-B*51:03,ISNKRAGP,59.75,73.455,45584.02
HLA-B*51:03,SNKRAGPD,93.333,95.645,47972.95
HLA-B*51:03,NKRAGPDS,72.857,96.309,48277.04
HLA-B*51:03,KRAGPDSE,91.667,97.47,48812.26
HLA-B*51:03,RAGPDSES,65.909,91.702,47309.56
HLA-B*51:03,AGPDSESN,91.667,96.974,48583.06
HLA-B*51:03,GPDSESNG,59.5,90.105,47131.26
HLA-B*51:03,PDSESNGK,75.0,96.764,48485.9
HLA-B*51:03,DSESNGKP,42.154,59.104,44109.05
HLA-B*51:03,SESNGKPL,26.7,48.656,42792.79
HLA-B*51:03,ESNGKPLG,52.593,76.445,45859.57
HLA-B*51:03,SNGKPLGI,14.424,33.381,40169.01
HLA-B*51:03,NGKPLGIK,42.154,75.598,45783.71
HLA-B*51:03,GKPLGIKQ,77.5,96.874,48536.84
HLA-B*51:03,KPLGIKQV,1.257,7.688,29410.31
HLA-B*51:03,PLGIKQVA,17.244,36.566,40812.57
HLA-B*51:03,LGIKQVAV,3.695,6.894,28549.65
HLA-B*51:03,GIKQVAVT,63.214,84.036,46548.95
HLA-B*51:03,IKQVAVTF,15.358,34.987,40501.11
HLA-B*51:03,KQVAVTFP,59.75,67.101,44971.18
HLA-B*51:03,QVAVTFPG,72.143,52.13,43252.23
HLA-B*51:03,VAVTFPGF,5.404,7.696,29417.31
HLA-B*51:03,AVTFPGFT,65.0,76.34,45850.14
HLA-B*51:03,VTFPGFTF,2.474,3.472,23257.35
HLA-B*51:03,TFPGFTFV,5.73,7.245,28947.18
HLA-B*51:03,FPGFTFVK,12.157,7.182,28877.41
HLA-B*51:03,PGFTFVKR,50.741,75.238,45751.51
HLA-B*51:03,GFTFVKRQ,80.0,95.737,48015.01
HLA-B*51:03,FTFVKRQK,31.088,37.932,41073.47
HLA-B*51:03,TFVKRQKI,11.051,21.007,36845.85
HLA-B*51:03,FVKRQKIG,72.143,83.779,46525.27
HLA-B*51:03,VKRQKIGV,34.115,57.056,43865.37
HLA-B*51:03,KRQKIGVG,85.0,95.273,47804.04
HLA-B*51:03,RQKIGVGN,90.0,95.584,47945.45
HLA-B*51:03,QKIGVGNR,64.643,95.58,47943.38
HLA-B*51:03,KIGVGNRT,81.25,95.413,47867.69
HLA-B*51:03,IGVGNRTK,69.545,87.168,46846.04
HLA-B*51:03,GVGNRTKL,39.647,80.882,46259.75
HLA-B*51:03,VGNRTKLS,57.25,84.299,46573.12
HLA-B*51:03,GNRTKLSA,53.889,76.589,45872.47
HLA-B*51:03,NRTKLSAP,60.714,80.153,46193.23
HLA-B*51:03,RTKLSAPK,68.636,81.561,46321.84
HLA-B*51:03,TKLSAPKV,10.867,23.018,37496.56
HLA-B*51:03,KLSAPKVM,28.551,66.216,44883.68
HLA-B*51:03,LSAPKVMY,13.62,30.889,39617.8
HLA-B*51:03,SAPKVMYH,15.66,50.398,43030.51
HLA-B*51:03,APKVMYHF,2.87,10.459,31709.22
HLA-B*51:03,PKVMYHFV,5.02,4.137,24570.12
HLA-B*51:03,KVMYHFVL,16.827,17.846,35665.58
HLA-B*51:03,VMYHFVLS,38.444,35.139,40531.36
HLA-B*51:03,MYHFVLSP,28.612,26.661,38557.2
HLA-B*51:03,YHFVLSPE,41.25,39.36,41332.95
HLA-B*51:03,HFVLSPEG,69.091,66.614,44923.04
HLA-B*51:03,FVLSPEGH,57.5,76.406,45856.08
HLA-B*51:03,VLSPEGHE,63.929,94.579,47632.63
HLA-B*51:03,LSPEGHEE,49.571,82.623,46419.18
HLA-B*51:03,SPEGHEEP,24.468,47.291,42593.7
HLA-B*51:03,PEGHEEPL,30.73,64.543,44713.54
HLA-B*51:03,EGHEEPLK,34.923,81.528,46318.85
HLA-B*51:03,GHEEPLKL,18.622,53.585,43439.35
HLA-B*51:03,HEEPLKLF,12.391,40.63,41550.85
HLA-B*51:03,EEPLKLFG,51.481,69.872,45245.95
HLA-B*51:03,EPLKLFGP,9.402,8.822,30441.48
HLA-B*51:03,PLKLFGPD,91.667,69.99,45257.71
HLA-B*51:03,LKLFGPDR,83.75,95.015,47686.76
HLA-B*51:03,KLFGPDRA,35.5,69.459,45204.85
HLA-B*51:03,LFGPDRAP,65.909,72.422,45486.47
HLA-B*51:03,FGPDRAPH,41.417,76.423,45857.59
HLA-B*51:03,GPDRAPHL,2.104,17.04,35329.13
HLA-B*51:03,PDRAPHLV,2.253,9.724,31180.52
HLA-B*51:03,DRAPHLVS,26.867,52.783,43336.07
HLA-B*51:03,RAPHLVSP,19.669,41.411,41679.64
HLA-B*51:03,APHLVSPN,22.92,39.157,41297.62
HLA-B*51:03,PHLVSPND,67.727,73.225,45562.33
HLA-B*51:03,HLVSPNDN,75.833,95.018,47688.33
HLA-B*51:03,LVSPNDNE,74.286,93.696,47533.27
HLA-B*51:03,VSPNDNEI,9.342,21.689,37071.79
HLA-B*51:03,SPNDNEIS,17.093,56.876,43844.02
HLA-B*51:03,PNDNEISS,45.6,86.021,46735.66
HLA-B*51:03,NDNEISSA,19.527,42.728,41895.75
HLA-B*51:03,DNEISSAC,19.162,50.088,42990.96
HLA-B*51:03,NEISSACF,18.835,25.836,38335.91
HLA-B*51:03,EISSACFA,35.0,33.074,40105.59
HLA-B*51:03,ISSACFAL,17.663,9.382,30919.48
HLA-B*51:03,SSACFALT,52.407,31.616,39784.48
HLA-B*51:03,SACFALTD,75.833,42.954,41933.41
HLA-B*51:03,ACFALTDE,82.5,92.699,47421.27
HLA-B*51:03,CFALTDED,97.5,91.253,47259.43
HLA-B*51:03,FALTDEDA,37.737,39.715,41394.71
HLA-B*51:03,ALTDEDAP,86.667,95.599,47952.19
HLA-B*51:03,LTDEDAPR,69.091,91.061,47237.95
HLA-B*51:03,TDEDAPRL,18.732,53.144,43382.52
HLA-B*51:03,DEDAPRLI,1.92,9.229,30790.3
HLA-B*51:03,EDAPRLIG,54.259,75.36,45762.4
HLA-B*51:03,DAPRLIGV,0.259,1.07,14759.83
HLA-B*51:03,APRLIGVY,8.368,26.148,38421.02
HLA-B*51:03,PRLIGVYA,17.461,19.74,36387.86
HLA-B*51:03,RLIGVYAI,14.803,19.362,36246.41
HLA-B*51:03,LIGVYAIA,49.714,41.682,41723.4
HLA-B*51:03,IGVYAIAE,68.182,68.543,45113.95
HLA-B*51:03,GVYAIAEH,63.571,82.612,46418.19
HLA-B*51:03,VYAIAEHE,68.182,82.985,46452.33
HLA-B*51:03,YAIAEHEA,5.883,10.149,31486.31
HLA-B*51:03,AIAEHEAH,64.643,93.403,47500.36
HLA-B*51:03,IAEHEAHR,40.438,84.529,46594.3
HLA-B*51:03,AEHEAHRP,40.562,67.092,44970.2
HLA-B*51:03,EHEAHRPF,14.427,30.538,39535.59
HLA-B*51:03,HEAHRPFC,36.286,64.394,44697.08
HLA-B*51:03,EAHRPFCY,5.806,10.451,31703.05
HLA-B*51:03,AHRPFCYR,56.0,68.169,45076.88
HLA-B*51:03,HRPFCYRH,62.5,84.025,46547.93
HLA-B*51:03,RPFCYRHS,28.224,20.824,36780.14
HLA-B*51:03,PFCYRHSL,5.141,4.08,24461.65
HLA-B*51:03,FCYRHSLH,47.875,51.944,43228.36
HLA-B*51:03,CYRHSLHH,62.5,77.021,45911.21
HLA-B*51:03,YRHSLHHK,46.0,75.399,45765.88
HLA-B*51:03,RHSLHHKD,85.0,87.579,46885.58
HLA-B*51:03,HSLHHKDE,68.636,92.1,47354.09
HLA-B*51:03,SLHHKDEE,85.0,95.925,48100.8
HLA-B*51:03,LHHKDEES,75.833,91.446,47280.89
HLA-B*51:03,HHKDEESK,59.75,96.45,48341.34
HLA-B*51:03,HKDEESKV,24.182,68.199,45079.81
HLA-B*51:03,KDEESKVL,28.959,81.32,46299.8
HLA-B*51:03,DEESKVLK,41.0,79.773,46158.75
HLA-B*51:03,EESKVLKL,4.205,22.109,37209.63
HLA-B*51:03,ESKVLKLS,30.865,55.796,43716.12
HLA-B*51:03,SKVLKLSE,70.0,92.077,47351.56
HLA-B*51:03,KVLKLSEF,22.23,48.295,42741.44
HLA-B*51:03,VLKLSEFA,38.722,49.875,42962.58
HLA-B*51:03,LKLSEFAM,36.476,37.365,40966.07
HLA-B*51:03,KLSEFAMP,64.643,68.533,45113.0
HLA-B*51:03,LSEFAMPI,11.436,2.267,20086.45
HLA-B*51:03,SEFAMPIP,29.182,33.32,40156.39
HLA-B*51:03,EFAMPIPR,44.818,67.594,45019.84
HLA-B*51:03,FAMPIPRV,0.061,0.121,4524.58
HLA-B*51:03,AMPIPRVA,7.435,17.459,35503.5
HLA-B*51:03,MPIPRVAF,0.17,0.503,10432.2
HLA-B*51:03,PIPRVAFS,24.87,38.305,41142.43
HLA-B*51:03,IPRVAFSA,2.243,2.157,19740.65
HLA-B*51:03,PRVAFSAV,7.064,5.529,26809.04
HLA-B*51:03,RVAFSAVH,69.091,83.171,46469.44
HLA-B*51:03,VAFSAVHF,1.456,2.483,20782.17
HLA-B*51:03,AFSAVHFY,12.22,24.145,37849.55
HLA-B*51:03,FSAVHFYM,5.768,4.591,25408.77
HLA-B*51:03,SAVHFYMK,20.488,38.874,41247.16
HLA-B*51:03,AVHFYMKG,72.143,68.15,45074.93
HLA-B*51:03,VHFYMKGS,61.071,64.398,44697.57
HLA-B*51:03,HFYMKGSK,63.929,68.607,45120.3
HLA-B*51:03,FYMKGSKL,13.393,17.4,35478.91
HLA-B*51:03,YMKGSKLE,64.286,81.528,46318.85
HLA-B*51:03,MKGSKLEG,85.0,90.384,47162.36
HLA-B*51:03,KGSKLEGS,91.667,96.506,48367.51
HLA-B*51:03,GSKLEGSR,79.167,95.689,47993.18
HLA-B*51:03,SKLEGSRR,73.571,95.576,47941.83
HLA-B*51:03,KLEGSRRR,86.667,97.071,48627.76
HLA-B*51:03,LEGSRRRI,18.317,32.058,39884.9
HLA-B*51:03,EGSRRRIA,44.273,62.487,44487.69
HLA-B*51:03,GSRRRIAE,86.667,95.19,47766.29
HLA-B*51:03,SRRRIAEA,30.838,53.964,43488.27
HLA-B*51:03,RRRIAEAI,36.381,40.045,41452.06
HLA-B*51:03,RRIAEAIK,81.25,94.977,47677.47
HLA-B*51:03,RIAEAIKM,23.276,51.222,43135.87
HLA-B*51:03,IAEAIKMY,10.561,34.273,40353.28
HLA-B*51:03,AEAIKMYT,50.185,70.579,45313.08
HLA-B*51:03,EAIKMYTS,7.633,14.927,34360.66
HLA-B*51:03,AIKMYTSH,44.455,79.596,46142.77
HLA-B*51:03,IKMYTSHP,55.75,56.6,43811.32
HLA-B*51:03,KMYTSHPI,12.819,8.239,29925.83
HLA-B*51:03,MYTSHPIL,8.353,11.588,32489.93
HLA-B*51:03,YTSHPILQ,33.5,61.894,44422.75
HLA-B*51:03,TSHPILQI,0.58,1.858,18650.96
HLA-B*51:03,SHPILQIF,9.617,19.159,36170.8
HLA-B*51:03,HPILQIFT,3.14,5.719,27062.29
HLA-B*51:03,PILQIFTY,7.167,14.387,34095.49
HLA-B*51:03,ILQIFTYE,68.636,76.074,45826.34
HLA-B*51:03,LQIFTYER,55.5,62.025,44437.2
HLA-B*51:03,QIFTYERT,35.542,59.752,44186.43
HLA-B*51:03,IFTYERTL,20.423,30.447,39514.2
HLA-B*51:03,FTYERTLQ,15.828,20.186,36551.62
HLA-B*51:03,TYERTLQF,7.775,15.7,34723.92
HLA-B*51:03,YERTLQFL,8.933,17.047,35332.21
HLA-B*51:03,ERTLQFLV,16.596,13.67,33725.66
HLA-B*51:03,RTLQFLVL,7.723,11.839,32657.36
HLA-B*51:03,TLQFLVLI,13.007,11.749,32597.33
HLA-B*51:03,LQFLVLIE,60.0,70.0,45258.67
HLA-B*51:03,QFLVLIEK,59.75,77.685,45970.85
HLA-B*51:03,FLVLIEKG,50.741,64.156,44671.0
HLA-B*51:03,LVLIEKGK,81.25,88.358,46960.71
HLA-B*51:03,VLIEKGKP,52.778,71.378,45388.16
HLA-B*51:03,LIEKGKPV,21.509,29.115,39197.83
HLA-B*51:03,IEKGKPVQ,60.714,95.51,47911.73
HLA-B*51:03,EKGKPVQM,20.496,70.308,45287.57
HLA-B*51:03,KGKPVQMA,29.455,66.388,44900.68
HLA-B*51:03,GKPVQMAG,81.25,92.182,47363.32
HLA-B*51:03,KPVQMAGR,42.231,65.281,44791.5
HLA-B*51:03,PVQMAGRK,73.571,87.068,46836.41
HLA-B*51:03,VQMAGRKL,14.914,29.746,39348.68
HLA-B*51:03,QMAGRKLL,26.8,47.334,42600.16
HLA-B*51:03,MAGRKLLR,42.462,52.44,43292.02
HLA-B*51:03,AGRKLLRP,48.25,76.722,45884.39
HLA-B*51:03,GRKLLRPE,90.0,95.625,47964.13
HLA-B*51:03,RKLLRPEG,86.667,94.026,47570.32
HLA-B*51:03,KLLRPEGY,54.815,88.389,46963.77
HLA-B*51:03,LLRPEGYP,59.0,61.955,44429.49
HLA-B*51:03,LRPEGYPA,38.056,52.972,43360.48
HLA-B*51:03,RPEGYPAS,27.574,51.575,43181.16
HLA-B*51:03,PEGYPASL,8.237,29.702,39338.03
HLA-B*51:03,EGYPASLS,20.276,23.606,37682.03
HLA-B*51:03,GYPASLSA,24.247,31.358,39725.54
HLA-B*51:03,YPASLSAL,0.407,1.097,14915.55
HLA-B*51:03,PASLSALS,46.667,49.562,42919.38
HLA-B*51:03,ASLSALSL,8.073,17.036,35327.61
HLA-B*51:03,SLSALSLI,11.831,8.471,30135.39
HLA-B*51:03,LSALSLIS,51.667,51.809,43211.08
HLA-B*51:03,SALSLISR,26.817,46.191,42431.78
HLA-B*51:03,ALSLISRR,61.071,85.811,46715.44
HLA-B*51:03,LSLISRRV,4.143,5.435,26675.36
HLA-B*51:03,SLISRRVR,63.929,84.376,46580.18
HLA-B*51:03,LISRRVRL,20.805,39.126,41292.27
HLA-B*51:03,ISRRVRLN,88.333,77.137,45921.63
HLA-B*51:03,SRRVRLNL,34.462,45.776,42369.84
HLA-B*51:03,RRVRLNLY,60.714,75.98,45817.92
HLA-B*51:03,RVRLNLYP,50.926,50.091,42991.43
HLA-B*51:03,VRLNLYPN,70.714,71.978,45444.66
HLA-B*51:03,RLNLYPNC,51.111,67.5,45010.61
HLA-B*51:03,LNLYPNCL,18.957,23.914,37779.61
HLA-B*51:03,NLYPNCLN,49.857,47.734,42659.65
HLA-B*51:03,LYPNCLNQ,73.571,81.156,46284.78
HLA-B*51:03,YPNCLNQS,16.631,12.252,32913.81
HLA-B*51:03,PNCLNQSV,7.494,7.511,29239.92
HLA-B*51:03,NCLNQSVP,57.0,73.648,45602.28
HLA-B*51:03,CLNQSVPN,86.667,83.028,46456.38
HLA-B*51:03,LNQSVPNH,53.889,87.221,46851.09
HLA-B*51:03,NQSVPNHK,47.625,84.151,46559.52
HLA-B*51:03,QSVPNHKE,49.0,81.309,46298.81
HLA-B*51:03,SVPNHKEG,76.667,91.894,47331.07
HLA-B*51:03,VPNHKEGD,64.643,82.809,46436.28
HLA-B*51:03,PNHKEGDV,38.667,60.558,44276.89
HLA-B*51:03,NHKEGDVP,53.148,75.055,45735.2
HLA-B*51:03,HKEGDVPL,33.929,63.484,44597.11
HLA-B*51:03,KEGDVPLE,67.273,95.863,48072.7
HLA-B*51:03,EGDVPLED,68.636,90.348,47158.29
HLA-B*51:03,GDVPLEDV,33.0,68.155,45075.42
HLA-B*51:03,DVPLEDVD,80.0,90.878,47217.51
HLA-B*51:03,VPLEDVDL,1.987,9.489,31009.94
HLA-B*51:03,PLEDVDLV,5.975,9.729,31184.24
HLA-B*51:03,LEDVDLVH,51.111,81.391,46306.31
HLA-B*51:03,EDVDLVHE,38.444,84.732,46612.94
HLA-B*51:03,DVDLVHEL,0.765,5.041,26109.11
HLA-B*51:03,VDLVHELP,47.375,61.169,44343.53
HLA-B*51:03,DLVHELPE,45.6,72.255,45470.72
HLA-B*51:03,LVHELPET,28.122,49.458,42904.98
HLA-B*51:03,VHELPETY,20.154,54.125,43508.97
HLA-B*51:03,HELPETYP,35.875,63.884,44641.02
HLA-B*51:03,ELPETYPE,33.679,65.561,44819.12
HLA-B*51:03,LPETYPEQ,25.493,42.03,41779.87
HLA-B*51:03,PETYPEQI,5.821,22.447,37316.06
HLA-B*51:03,ETYPEQIK,17.166,37.923,41071.7
HLA-B*51:03,TYPEQIKL,5.935,22.143,37220.5
HLA-B*51:03,YPEQIKLV,0.064,0.285,7513.82
HLA-B*51:03,PEQIKLVF,11.35,33.8,40255.57
HLA-B*51:03,EQIKLVFL,2.74,11.405,32368.53
HLA-B*51:03,QIKLVFLT,30.486,48.049,42706.31
HLA-B*51:03,IKLVFLTS,60.357,59.012,44098.07
HLA-B*51:03,KLVFLTSG,83.75,81.243,46292.78
HLA-B*51:03,LVFLTSGV,4.551,3.67,23655.79
HLA-B*51:03,VFLTSGVA,49.286,38.554,41188.3
HLA-B*51:03,FLTSGVAA,40.625,41.081,41626.46
HLA-B*51:03,LTSGVAAA,27.944,37.206,40935.94
HLA-B*51:03,TSGVAAAM,18.207,27.055,38662.47
HLA-B*51:03,SGVAAAME,70.0,78.073,46005.67
HLA-B*51:03,GVAAAMEV,19.75,30.422,39508.22
HLA-B*51:03,VAAAMEVI,2.44,2.931,21955.23
HLA-B*51:03,AAAMEVIP,39.588,56.224,43766.78
HLA-B*51:03,AAMEVIPI,0.731,0.904,13778.31
HLA-B*51:03,AMEVIPIP,26.4,26.634,38550.11
HLA-B*51:03,MEVIPIPK,34.577,50.624,43059.38
HLA-B*51:03,EVIPIPKV,0.246,1.296,16018.76
HLA-B*51:03,VIPIPKVV,3.776,12.023,32778.77
HLA-B*51:03,IPIPKVVA,0.661,2.677,21288.78
HLA-B*51:03,PIPKVVAI,0.236,1.494,17092.99
HLA-B*51:03,IPKVVAII,0.107,0.193,5949.18
HLA-B*51:03,PKVVAIIN,78.333,72.923,45533.75
HLA-B*51:03,KVVAIINE,66.818,90.892,47219.03
HLA-B*51:03,VVAIINEV,3.418,7.604,29329.29
HLA-B*51:03,VAIINEVL,2.261,6.99,28665.42
HLA-B*51:03,AIINEVLK,66.364,86.526,46784.24
HLA-B*51:03,IINEVLKD,80.0,87.063,46835.89
HLA-B*51:03,INEVLKDG,95.0,95.773,48031.64
HLA-B*51:03,NEVLKDGL,19.122,47.272,42590.93
HLA-B*51:03,EVLKDGLD,75.0,84.113,46555.98
HLA-B*51:03,VLKDGLDR,82.5,95.391,47857.35
HLA-B*51:03,LKDGLDRG,93.333,96.233,48242.06
HLA-B*51:03,KDGLDRGG,97.5,97.473,48813.83
HLA-B*51:03,DGLDRGGS,43.727,81.084,46278.27
HLA-B*51:03,GLDRGGSY,58.0,82.245,46384.53
HLA-B*51:03,LDRGGSYY,37.947,63.243,44570.57
HLA-B*51:03,DRGGSYYM,22.95,41.922,41762.25
HLA-B*51:03,RGGSYYMA,45.1,51.327,43149.39
HLA-B*51:03,GGSYYMAA,53.889,52.728,43329.06
HLA-B*51:03,GSYYMAAV,14.548,10.924,32046.54
HLA-B*51:03,SYYMAAVE,50.37,58.376,44022.29
HLA-B*51:03,YYMAAVEV,7.488,6.443,28004.18
HLA-B*51:03,YMAAVEVS,47.0,55.956,43735.07
HLA-B*51:03,MAAVEVSK,29.455,38.247,41131.74
HLA-B*51:03,AAVEVSKS,34.5,69.921,45250.85
HLA-B*51:03,AVEVSKSG,71.429,88.326,46957.69
HLA-B*51:03,VEVSKSGA,38.333,69.921,45250.85
HLA-B*51:03,EVSKSGAL,10.299,29.48,39284.86
HLA-B*51:03,VSKSGALT,39.176,59.268,44128.62
HLA-B*51:03,SKSGALTL,16.6,40.354,41504.14
HLA-B*51:03,KSGALTLF,20.309,40.404,41512.66
HLA-B*51:03,SGALTLFK,54.074,65.591,44822.04
HLA-B*51:03,GALTLFKA,25.149,32.649,40013.72
HLA-B*51:03,ALTLFKAE,63.571,85.826,46716.95
HLA-B*51:03,LTLFKAEI,5.351,4.047,24399.79
HLA-B*51:03,TLFKAEIK,51.667,72.338,45478.61
HLA-B*51:03,LFKAEIKE,81.25,94.286,47599.65
HLA-B*51:03,FKAEIKER,57.25,88.253,46950.57
HLA-B*51:03,KAEIKERS,62.143,92.58,47407.94
HLA-B*51:03,AEIKERSL,16.92,51.816,43212.0
HLA-B*51:03,EIKERSLD,58.0,82.349,46394.07
HLA-B*51:03,IKERSLDM,40.0,62.228,44459.3
HLA-B*51:03,KERSLDML,24.182,54.351,43538.16
HLA-B*51:03,ERSLDMLQ,73.571,87.326,46861.24
HLA-B*51:03,RSLDMLQI,5.749,7.97,29681.72
HLA-B*51:03,SLDMLQIP,54.259,58.356,44019.9
HLA-B*51:03,LDMLQIPA,27.593,23.464,37637.2
HLA-B*51:03,DMLQIPAL,1.872,4.198,24686.58
HLA-B*51:03,MLQIPALA,25.821,20.049,36502.62
HLA-B*51:03,LQIPALAN,51.852,60.892,44313.31
HLA-B*51:03,QIPALANR,50.741,85.047,46642.2
HLA-B*51:03,IPALANRW,1.911,3.726,23766.37
HLA-B*51:03,PALANRWP,52.222,46.79,42519.57
HLA-B*51:03,ALANRWPF,38.611,21.157,36895.31
HLA-B*51:03,LANRWPFF,8.914,5.841,27227.65
HLA-B*51:03,ANRWPFFD,85.0,78.815,46072.41
HLA-B*51:03,NRWPFFDA,37.421,35.104,40524.33
HLA-B*51:03,RWPFFDAM,31.382,36.664,40831.55
HLA-B*51:03,WPFFDAMG,19.709,5.279,26449.46
HLA-B*51:03,PFFDAMGS,51.111,42.711,41893.05
HLA-B*51:03,FFDAMGSD,79.167,73.184,45558.39
HLA-B*51:03,FDAMGSDN,93.333,90.512,47176.66
HLA-B*51:03,DAMGSDNI,0.362,0.481,10161.93
HLA-B*51:03,AMGSDNIP,77.5,79.385,46123.82
HLA-B*51:03,MGSDNIPR,40.688,64.055,44659.88
HLA-B*51:03,GSDNIPRM,17.43,57.904,43966.11
HLA-B*51:03,SDNIPRMT,43.091,81.391,46306.31
HLA-B*51:03,DNIPRMTT,8.102,29.476,39284.03
HLA-B*51:03,NIPRMTTI,2.377,5.627,26939.3
HLA-B*51:03,IPRMTTIQ,16.04,29.4,39265.74
HLA-B*51:03,PRMTTIQL,4.146,12.659,33156.15
HLA-B*51:03,RMTTIQLG,56.5,59.44,44149.15
HLA-B*51:03,MTTIQLGE,57.25,62.742,44515.62
HLA-B*51:03,TTIQLGEG,61.429,63.629,44613.02
HLA-B*51:03,TIQLGEGG,88.333,90.737,47201.68
HLA-B*51:03,IQLGEGGR,85.0,95.631,47966.73
HLA-B*51:03,QLGEGGRC,77.5,93.298,47488.54
HLA-B*51:03,LGEGGRCE,95.0,96.406,48321.46
HLA-B*51:03,GEGGRCEH,80.0,96.508,48368.01
HLA-B*51:03,EGGRCEHV,18.744,29.38,39261.08
HLA-B*51:03,GGRCEHVK,88.333,95.61,47957.39
HLA-B*51:03,GRCEHVKA,43.273,76.888,45899.28
HLA-B*51:03,RCEHVKAI,21.0,44.103,42110.26
HLA-B*51:03,CEHVKAIA,49.143,41.475,41690.02
HLA-B*51:03,EHVKAIAR,40.375,73.121,45552.46
HLA-B*51:03,HVKAIARK,54.815,78.688,46060.98
HLA-B*51:03,VKAIARKG,81.25,92.809,47433.59
HLA-B*51:03,KAIARKGG,86.667,95.052,47703.8
HLA-B*51:03,AIARKGGA,66.818,85.784,46712.91
HLA-B*51:03,IARKGGAL,9.42,21.869,37131.6
HLA-B*51:03,ARKGGALI,14.105,24.253,37881.51
HLA-B*51:03,RKGGALIR,88.333,96.306,48275.48
HLA-B*51:03,KGGALIRE,79.167,95.575,47941.31
HLA-B*51:03,GGALIREL,15.716,50.532,43047.75
HLA-B*51:03,GALIRELV,6.545,11.657,32536.38
HLA-B*51:03,ALIRELVT,49.143,66.914,44952.68
HLA-B*51:03,LIRELVTS,48.375,61.986,44432.87
HLA-B*51:03,IRELVTSR,50.926,82.601,46417.17
HLA-B*51:03,RELVTSRA,30.892,59.648,44174.01
HLA-B*51:03,ELVTSRAP,43.182,54.201,43518.88
HLA-B*51:03,LVTSRAPL,17.508,27.069,38666.24
HLA-B*51:03,VTSRAPLK,51.481,70.939,45346.9
HLA-B*51:03,TSRAPLKP,32.194,48.188,42726.17
HLA-B*51:03,SRAPLKPP,47.375,67.121,44973.12
HLA-B*51:03,RAPLKPPT,23.0,59.352,44138.64
HLA-B*51:03,APLKPPTK,18.043,57.092,43869.64
HLA-B*51:03,PLKPPTKK,45.7,90.984,47229.26
HLA-B*51:03,LKPPTKKC,39.412,82.711,46427.23
HLA-B*51:03,KPPTKKCR,53.333,95.016,47687.28
HLA-B*51:03,PPTKKCRL,6.101,42.0,41774.91
HLA-B*51:03,PTKKCRLT,64.286,78.749,46066.44
HLA-B*51:03,TKKCRLTI,21.509,27.598,38810.84
HLA-B*51:03,KKCRLTIL,54.259,68.607,45120.3
HLA-B*51:03,KCRLTILV,30.595,39.303,41323.12
HLA-B*51:03,CRLTILVG,75.0,60.606,44282.17
HLA-B*51:03,RLTILVGS,86.667,89.253,47047.17
HLA-B*51:03,LTILVGSP,40.312,31.895,39848.24
HLA-B*51:03,TILVGSPW,18.104,18.588,35953.84
HLA-B*51:03,ILVGSPWV,18.28,22.202,37239.02
HLA-B*51:03,LVGSPWVR,51.667,74.28,45662.02
HLA-B*51:03,VGSPWVRL,5.499,18.049,35748.64
HLA-B*51:03,GSPWVRLI,11.147,13.591,33682.25
HLA-B*51:03,SPWVRLIL,0.592,1.026,14506.83
HLA-B*51:03,PWVRLILM,4.488,4.167,24627.62
HLA-B*51:03,WVRLILMC,49.857,61.037,44329.14
HLA-B*51:03,VRLILMCM,34.231,30.788,39594.25
HLA-B*51:03,RLILMCMG,95.0,75.925,45812.95
HLA-B*51:03,LILMCMGT,93.333,65.586,44821.55
HLA-B*51:03,ILMCMGTM,29.091,11.817,32642.87
HLA-B*51:03,LMCMGTMR,85.0,74.749,45706.51
HLA-B*51:03,MCMGTMRY,19.615,25.892,38351.66
HLA-B*51:03,CMGTMRYI,31.294,11.825,32648.52
HLA-B*51:03,MGTMRYIF,18.713,9.278,30831.29
HLA-B*51:03,GTMRYIFL,16.538,23.598,37679.57
HLA-B*51:03,TMRYIFLG,68.636,28.971,39163.06
HLA-B*51:03,MRYIFLGA,34.654,21.323,36950.43
HLA-B*51:03,RYIFLGAN,83.75,82.908,46445.29
HLA-B*51:03,YIFLGANK,40.5,44.42,42160.43
HLA-B*51:03,IFLGANKL,16.324,30.356,39492.83
HLA-B*51:03,FLGANKLQ,81.25,87.142,46843.5
HLA-B*51:03,LGANKLQE,63.571,88.347,46959.71
HLA-B*51:03,GANKLQEN,72.143,92.557,47405.37
HLA-B*51:03,ANKLQENE,82.5,95.922,48099.78
HLA-B*51:03,NKLQENEY,49.286,87.853,46911.98
HLA-B*51:03,KLQENEYE,83.75,96.22,48235.8
HLA-B*51:03,LQENEYED,93.333,95.422,47871.86
HLA-B*51:03,QENEYEDM,29.909,64.802,44742.1
HLA-B*51:03,ENEYEDMR,81.25,95.978,48125.28
HLA-B*51:03,NEYEDMRL,6.966,16.154,34934.21
HLA-B*51:03,EYEDMRLQ,62.5,84.08,46552.98
HLA-B*51:03,YEDMRLQA,18.415,27.273,38721.91
HLA-B*51:03,EDMRLQAV,4.632,9.521,31034.11
HLA-B*51:03,DMRLQAVK,24.338,49.953,42973.27
HLA-B*51:03,MRLQAVKF,17.534,27.698,38838.15
HLA-B*51:03,RLQAVKFM,35.75,50.069,42988.63
HLA-B*51:03,LQAVKFME,53.148,70.819,45335.61
HLA-B*51:03,QAVKFMEK,26.417,52.881,43348.73
HLA-B*51:03,AVKFMEKN,91.667,94.268,47597.6
HLA-B*51:03,VKFMEKNN,78.333,94.666,47642.43
HLA-B*51:03,KFMEKNNM,35.708,62.46,44484.82
HLA-B*51:03,FMEKNNMR,59.75,75.244,45752.01
HLA-B*51:03,MEKNNMRD,76.667,80.926,46263.74
HLA-B*51:03,EKNNMRDL,36.048,69.961,45254.76
HLA-B*51:03,KNNMRDLI,33.286,42.7,41891.21
HLA-B*51:03,NNMRDLIY,36.476,41.648,41717.99
HLA-B*51:03,NMRDLIYG,55.5,53.173,43386.27
HLA-B*51:03,MRDLIYGA,38.5,33.394,40171.6
HLA-B*51:03,RDLIYGAA,54.815,55.68,43702.42
HLA-B*51:03,DLIYGAAH,42.769,65.034,44767.27
HLA-B*51:03,LIYGAAHN,52.222,59.76,44187.4
HLA-B*51:03,IYGAAHNY,29.727,47.777,42666.11
HLA-B*51:03,YGAAHNYK,54.815,58.236,44005.62
HLA-B*51:03,GAAHNYKF,17.466,45.494,42327.23
HLA-B*51:03,AAHNYKFR,53.333,77.553,45958.9
HLA-B*51:03,AHNYKFRY,40.312,57.22,43884.84
HLA-B*51:03,HNYKFRYR,45.8,61.946,44428.54
HLA-B*51:03,NYKFRYRY,36.762,54.074,43502.38
HLA-B*51:03,YKFRYRYN,72.143,69.577,45216.6
HLA-B*51:03,KFRYRYNH,82.5,94.062,47574.43
HLA-B*51:03,FRYRYNHK,40.312,57.512,43919.52
HLA-B*51:03,RYRYNHKV,24.351,31.766,39818.93
HLA-B*51:03,YRYNHKVW,19.054,26.344,38473.02
HLA-B*51:03,RYNHKVWY,56.75,81.281,46296.3
HLA-B*51:03,YNHKVWYA,13.116,18.865,36059.82
HLA-B*51:03,NHKVWYAQ,61.429,69.68,45226.87
HLA-B*51:03,HKVWYAQG,85.0,82.432,46401.61
HLA-B*51:03,KVWYAQGD,93.333,91.903,47332.08
HLA-B*51:03,VWYAQGDM,39.059,42.695,41890.32
HLA-B*51:03,WYAQGDMI,29.114,16.971,35299.73
HLA-B*51:03,YAQGDMIT,33.714,42.313,41826.91
HLA-B*51:03,AQGDMITV,9.337,19.711,36376.85
HLA-B*51:03,QGDMITVI,4.238,10.622,31827.13
HLA-B*51:03,GDMITVIK,70.714,89.089,47031.39
HLA-B*51:03,DMITVIKG,25.716,35.3,40563.4
HLA-B*51:03,MITVIKGG,70.714,68.878,45147.16
HLA-B*51:03,ITVIKGGA,47.75,52.954,43358.13
HLA-B*51:03,TVIKGGAT,47.375,66.895,44950.74
HLA-B*51:03,VIKGGATS,72.857,88.984,47021.23
HLA-B*51:03,IKGGATST,74.286,95.13,47738.91
HLA-B*51:03,KGGATSTL,15.869,47.003,42550.87
HLA-B*51:03,GGATSTLT,68.182,93.573,47519.39
HLA-B*51:03,GATSTLTE,67.727,92.493,47398.18
HLA-B*51:03,ATSTLTET,51.296,80.789,46251.24
HLA-B*51:03,TSTLTETQ,55.75,86.537,46785.24
HLA-B*51:03,STLTETQP,45.1,64.706,44731.45
HLA-B*51:03,TLTETQPT,50.0,73.977,45633.38
HLA-B*51:03,LTETQPTG,60.714,69.926,45251.34
HLA-B*51:03,TETQPTGG,67.273,91.606,47298.82
HLA-B*51:03,ETQPTGGF,11.1,27.988,38917.63
HLA-B*51:03,TQPTGGFN,68.182,89.158,47038.01
HLA-B*51:03,QPTGGFNT,16.836,36.689,40836.43
HLA-B*51:03,PTGGFNTK,58.75,85.979,46731.62
HLA-B*51:03,TGGFNTKQ,82.5,95.487,47901.38
HLA-B*51:03,GGFNTKQP,59.25,83.258,46477.47
HLA-B*51:03,GFNTKQPD,97.5,96.483,48356.5
HLA-B*51:03,FNTKQPDP,53.519,84.951,46633.12
HLA-B*51:03,NTKQPDPM,14.382,33.246,40141.2
HLA-B*51:03,TKQPDPMN,67.273,95.646,47973.47
HLA-B*51:03,KQPDPMNG,69.545,95.715,48005.13
HLA-B*51:03,QPDPMNGM,2.488,13.795,33793.96
HLA-B*51:03,PDPMNGMG,75.833,78.522,46046.01
HLA-B*51:03,DPMNGMGG,19.236,16.696,35176.2
HLA-B*51:03,PMNGMGGE,91.667,93.39,47498.83
HLA-B*51:03,MNGMGGEV,17.964,20.518,36670.45
HLA-B*51:03,NGMGGEVQ,66.364,87.111,46840.45
HLA-B*51:03,GMGGEVQI,29.818,50.051,42986.3
HLA-B*51:03,MGGEVQIK,50.741,68.12,45071.99
HLA-B*51:03,GGEVQIKM,29.682,71.952,45442.19
HLA-B*51:03,GEVQIKMY,44.636,81.336,46301.29
HLA-B*51:03,EVQIKMYD,57.0,65.33,44796.35
HLA-B*51:03,VQIKMYDL,19.351,27.229,38709.77
HLA-B*51:03,QIKMYDLH,63.571,82.026,46364.46
HLA-B*51:03,IKMYDLHP,58.5,56.604,43811.77
HLA-B*51:03,KMYDLHPS,28.51,60.294,44248.14
HLA-B*51:03,MYDLHPSE,41.417,56.536,43803.71
HLA-B*51:03,YDLHPSES,43.636,74.395,45672.89
HLA-B*51:03,DLHPSESR,30.459,72.255,45470.72
HLA-B*51:03,LHPSESRL,22.74,38.051,41095.7
HLA-B*51:03,HPSESRLR,20.886,44.474,42169.07
HLA-B*51:03,PSESRLRQ,77.5,95.191,47766.82
HLA-B*51:03,SESRLRQG,59.5,78.117,46009.67
HLA-B*51:03,ESRLRQGE,54.444,82.349,46394.07
HLA-B*51:03,SRLRQGER,70.714,93.715,47535.32
HLA-B*51:03,RLRQGERI,23.966,39.165,41298.98
HLA-B*51:03,LRQGERIL,43.0,67.441,45004.75
HLA-B*51:03,RQGERILA,39.706,63.431,44591.3
HLA-B*51:03,QGERILAA,25.299,38.022,41090.38
HLA-B*51:03,GERILAAD,86.667,88.789,47002.41
HLA-B*51:03,ERILAADN,82.5,88.179,46943.46
HLA-B*51:03,RILAADNS,91.667,92.603,47410.5
HLA-B*51:03,ILAADNSQ,86.667,95.931,48103.93
HLA-B*51:03,LAADNSQS,22.57,63.067,44551.29
HLA-B*51:03,AADNSQSG,40.125,80.23,46200.21
HLA-B*51:03,ADNSQSGV,29.432,52.877,43348.26
HLA-B*51:03,DNSQSGVR,46.222,84.304,46573.64
HLA-B*51:03,NSQSGVRI,2.546,7.619,29343.25
HLA-B*51:03,SQSGVRIS,59.75,84.217,46565.56
HLA-B*51:03,QSGVRISV,6.037,16.664,35161.73
HLA-B*51:03,SGVRISVG,56.25,60.277,44246.23
HLA-B*51:03,GVRISVGG,93.333,93.44,47504.46
HLA-B*51:03,VRISVGGS,65.909,88.726,46996.31
HLA-B*51:03,RISVGGSG,85.0,87.632,46890.66
HLA-B*51:03,ISVGGSGA,30.108,56.492,43798.52
HLA-B*51:03,SVGGSGAA,52.222,71.112,45363.11
HLA-B*51:03,VGGSGAAE,88.333,95.231,47784.9
HLA-B*51:03,GGSGAAEI,22.08,44.839,42227.06
HLA-B*51:03,GSGAAEIP,85.0,91.473,47283.97
HLA-B*51:03,SGAAEIPL,13.753,34.731,40448.12
HLA-B*51:03,GAAEIPLL,3.386,14.398,34101.03
HLA-B*51:03,AAEIPLLY,10.296,26.209,38437.23
HLA-B*51:03,AEIPLLYV,4.725,11.178,32218.99
HLA-B*51:03,EIPLLYVP,21.219,30.062,39424.1
HLA-B*51:03,IPLLYVPL,0.756,0.688,11997.64
HLA-B*51:03,PLLYVPLK,42.692,54.522,43560.32
HLA-B*51:03,LLYVPLKG,39.824,42.114,41793.88
HLA-B*51:03,LYVPLKGT,63.214,75.172,45745.58
HLA-B*51:03,YVPLKGTL,8.09,18.808,36037.97
HLA-B*51:03,VPLKGTLY,2.98,9.436,30965.02
HLA-B*51:03,PLKGTLYG,63.929,59.816,44194.1
HLA-B*51:03,LKGTLYGD,97.5,95.494,47904.5
HLA-B*51:03,KGTLYGDV,44.273,50.39,43029.57
HLA-B*51:03,GTLYGDVY,59.5,75.233,45751.04
HLA-B*51:03,TLYGDVYR,42.692,66.801,44941.49
HLA-B*51:03,LYGDVYRL,19.48,30.237,39465.08
HLA-B*51:03,YGDVYRLH,31.765,52.735,43329.98
HLA-B*51:03,GDVYRLHI,21.64,29.456,39279.34
HLA-B*51:03,DVYRLHII,0.221,0.38,8881.54
HLA-B*51:03,VYRLHIIK,70.0,76.683,45880.9
HLA-B*51:03,YRLHIIKG,53.148,67.717,45032.04
HLA-B*51:03,RLHIIKGK,77.5,91.436,47279.88
HLA-B*51:03,LHIIKGKT,52.407,70.799,45333.66
HLA-B*51:03,HIIKGKTV,4.45,16.17,34941.01
HLA-B*51:03,IIKGKTVS,60.0,92.109,47355.13
HLA-B*51:03,IKGKTVSD,93.333,96.196,48224.82
HLA-B*51:03,KGKTVSDE,82.5,96.565,48394.18
HLA-B*51:03,GKTVSDEQ,95.0,97.727,48931.77
HLA-B*51:03,KTVSDEQA,61.429,85.716,46706.34
HLA-B*51:03,TVSDEQAG,78.333,95.33,47829.92
HLA-B*51:03,VSDEQAGV,10.975,25.784,38321.37
HLA-B*51:03,SDEQAGVS,66.818,91.107,47243.06
HLA-B*51:03,DEQAGVSA,12.81,36.327,40766.22
HLA-B*51:03,EQAGVSAQ,46.778,78.826,46073.42
HLA-B*51:03,QAGVSAQT,33.214,58.136,43993.71
HLA-B*51:03,AGVSAQTC,29.659,60.505,44271.15
HLA-B*51:03,GVSAQTCT,91.667,95.162,47753.39
HLA-B*51:03,VSAQTCTE,65.455,77.73,45974.82
HLA-B*51:03,SAQTCTEA,16.262,29.291,39239.84
HLA-B*51:03,AQTCTEAV,26.75,28.966,39161.8
HLA-B*51:03,QTCTEAVN,79.167,90.984,47229.26
HLA-B*51:03,TCTEAVNG,88.333,95.477,47896.71
HLA-B*51:03,CTEAVNGA,58.5,50.861,43089.69
HLA-B*51:03,TEAVNGAA,36.619,48.11,42715.07
HLA-B*51:03,EAVNGAAG,34.692,46.382,42459.81
HLA-B*51:03,AVNGAAGL,26.85,51.678,43194.25
HLA-B*51:03,VNGAAGLE,88.333,94.231,47593.48
HLA-B*51:03,NGAAGLEA,27.0,42.752,41899.83
HLA-B*51:03,GAAGLEAL,17.466,48.195,42727.11
HLA-B*51:03,AAGLEALN,76.667,82.065,46367.99
HLA-B*51:03,AGLEALNA,31.265,45.282,42295.2
HLA-B*51:03,GLEALNAW,33.929,50.427,43034.23
HLA-B*51:03,LEALNAWL,17.218,22.3,37269.65
HLA-B*51:03,EALNAWLS,21.298,14.313,34059.36
HLA-B*51:03,ALNAWLSA,35.375,31.35,39723.82
HLA-B*51:03,LNAWLSAI,8.382,6.215,27714.2
HLA-B*51:03,NAWLSAIV,0.842,0.366,8670.56
HLA-B*51:03,AWLSAIVK,62.143,68.819,45141.31
HLA-B*51:03,WLSAIVKP,59.0,56.384,43785.72
HLA-B*51:03,LSAIVKPS,47.25,58.024,43980.38
HLA-B*51:03,SAIVKPSK,23.586,51.397,43158.27
HLA-B*51:03,AIVKPSKY,21.561,64.758,44737.25
HLA-B*51:03,IVKPSKYV,5.03,13.975,33893.57
HLA-B*51:03,VKPSKYVN,61.071,95.323,47826.8
HLA-B*51:03,KPSKYVNG,36.952,55.352,43663.65
HLA-B*51:03,PSKYVNGL,6.565,24.37,37915.95
HLA-B*51:03,SKYVNGLP,56.5,51.915,43224.62
HLA-B*51:03,KYVNGLPV,33.679,25.303,38186.45
HLA-B*51:03,YVNGLPVE,40.062,68.607,45120.3
HLA-B*51:03,VNGLPVEC,42.385,72.396,45484.0
HLA-B*51:03,NGLPVECV,4.897,9.723,31179.51
HLA-B*51:03,GLPVECVS,95.0,95.276,47805.06
HLA-B*51:03,LPVECVSF,1.438,2.107,19587.03
HLA-B*51:03,PVECVSFP,47.625,42.215,41810.62
HLA-B*51:03,VECVSFPK,72.143,71.247,45375.86
HLA-B*51:03,ECVSFPKN,60.714,84.118,46556.49
HLA-B*51:03,CVSFPKNP,69.545,66.924,44953.67
HLA-B*51:03,VSFPKNPL,2.823,7.953,29665.67
HLA-B*51:03,SFPKNPLV,4.413,8.751,30379.96
HLA-B*51:03,FPKNPLVK,7.405,15.952,34842.86
HLA-B*51:03,PKNPLVKA,14.242,34.112,40320.11
HLA-B*51:03,KNPLVKAC,39.941,86.116,46744.76
HLA-B*51:03,NPLVKACM,3.041,4.842,25800.21
HLA-B*51:03,PLVKACMV,9.477,7.523,29251.63
HLA-B*51:03,LVKACMVQ,81.25,83.746,46522.24
HLA-B*51:03,VKACMVQA,55.25,57.3,43894.35
HLA-B*51:03,KACMVQAL,11.226,17.677,35594.65
HLA-B*51:03,ACMVQALT,65.0,61.199,44346.87
HLA-B*51:03,CMVQALTI,14.108,3.915,24141.12
HLA-B*51:03,MVQALTIY,25.104,28.322,39001.1
HLA-B*51:03,VQALTIYV,6.659,10.202,31524.16
HLA-B*51:03,QALTIYVG,37.053,28.437,39029.81
HLA-B*51:03,ALTIYVGF,32.613,41.841,41749.13
HLA-B*51:03,LTIYVGFK,59.75,51.433,43162.95
HLA-B*51:03,TIYVGFKV,2.763,3.881,24073.04
HLA-B*51:03,IYVGFKVI,10.659,11.217,32244.79
HLA-B*51:03,YVGFKVIT,41.917,59.708,44181.19
HLA-B*51:03,VGFKVITI,0.867,1.764,18240.05
HLA-B*51:03,GFKVITIP,58.25,63.04,44548.39
HLA-B*51:03,FKVITIPM,20.715,28.861,39135.54
HLA-B*51:03,KVITIPMQ,47.0,85.521,46687.64
HLA-B*51:03,VITIPMQY,20.894,47.331,42599.69
HLA-B*51:03,ITIPMQYV,1.63,2.138,19681.57
HLA-B*51:03,TIPMQYVM,13.919,15.381,34574.34
HLA-B*51:03,IPMQYVMP,4.708,2.404,20523.86
HLA-B*51:03,PMQYVMPP,37.158,14.91,34352.11
HLA-B*51:03,MQYVMPPS,26.917,24.579,37977.55
HLA-B*51:03,QYVMPPSD,83.75,85.432,46679.06
HLA-B*51:03,YVMPPSDV,3.273,4.435,25140.51
HLA-B*51:03,VMPPSDVA,23.609,43.464,42011.96
HLA-B*51:03,MPPSDVAH,11.763,26.981,38642.41
HLA-B*51:03,PPSDVAHK,33.036,76.207,45838.22
HLA-B*51:03,PSDVAHKE,42.615,81.681,46332.86
HLA-B*51:03,SDVAHKET,53.333,87.489,46876.96
HLA-B*51:03,DVAHKETH,23.471,83.275,46479.0
HLA-B*51:03,VAHKETHS,29.295,65.605,44823.48
HLA-B*51:03,AHKETHSS,48.875,79.618,46144.76
HLA-B*51:03,HKETHSST,47.625,82.952,46449.34
HLA-B*51:03,KETHSSTL,23.092,53.592,43440.3
HLA-B*51:03,ETHSSTLS,33.321,51.309,43147.06
HLA-B*51:03,THSSTLSV,7.954,12.593,33116.36
HLA-B*51:03,HSSTLSVK,52.037,74.123,45647.18
HLA-B*51:03,SSTLSVKK,58.25,84.255,46569.1
HLA-B*51:03,STLSVKKT,40.062,68.888,45148.15
HLA-B*51:03,TLSVKKTL,15.246,41.296,41661.16
HLA-B*51:03,LSVKKTLA,20.943,36.77,40852.34
HLA-B*51:03,SVKKTLAD,76.667,87.158,46845.02
HLA-B*51:03,VKKTLADA,57.75,77.243,45931.08
HLA-B*51:03,KKTLADAM,63.929,83.954,46541.39
HLA-B*51:03,KTLADAML,22.91,41.008,41614.75
HLA-B*51:03,TLADAMLG,69.091,67.431,45003.79
HLA-B*51:03,LADAMLGR,44.182,62.412,44479.52
HLA-B*51:03,ADAMLGRS,72.143,87.563,46884.07
HLA-B*51:03,DAMLGRSE,12.38,22.374,37293.04
HLA-B*51:03,AMLGRSEQ,78.333,92.269,47373.06
HLA-B*51:03,MLGRSEQE,81.25,92.493,47398.18
HLA-B*51:03,LGRSEQEP,65.0,82.262,46386.05
HLA-B*51:03,GRSEQEPI,49.286,56.804,43835.48
HLA-B*51:03,RSEQEPIG,83.75,94.909,47669.76
HLA-B*51:03,SEQEPIGA,23.31,53.428,43419.16
HLA-B*51:03,EQEPIGAS,32.516,63.511,44599.98
HLA-B*51:03,QEPIGASS,43.545,82.667,46423.19
HLA-B*51:03,EPIGASSG,18.884,28.551,39058.11
HLA-B*51:03,PIGASSGY,13.916,48.01,42700.74
HLA-B*51:03,IGASSGYQ,67.727,87.611,46888.63
HLA-B*51:03,GASSGYQK,62.857,92.415,47389.47
HLA-B*51:03,ASSGYQKG,70.0,89.716,47092.0
HLA-B*51:03,SSGYQKGE,86.667,96.411,48323.55
HLA-B*51:03,SGYQKGEP,36.524,50.215,43007.23
HLA-B*51:03,GYQKGEPV,28.265,32.639,40011.55
HLA-B*51:03,YQKGEPVT,41.417,77.735,45975.32
HLA-B*51:03,QKGEPVTD,86.667,97.033,48609.89
HLA-B*51:03,KGEPVTDL,25.91,71.743,45422.53
HLA-B*51:03,GEPVTDLL,23.264,50.073,42989.1
HLA-B*51:03,EPVTDLLI,0.194,0.294,7680.18
HLA-B*51:03,PVTDLLIA,30.243,31.919,39853.84
HLA-B*51:03,VTDLLIAN,49.0,76.074,45826.34
HLA-B*51:03,TDLLIANE,45.5,81.139,46283.26
HLA-B*51:03,DLLIANEI,1.351,2.175,19797.12
HLA-B*51:03,LLIANEIA,58.5,55.928,43731.74
HLA-B*51:03,LIANEIAQ,83.75,94.158,47585.23
HLA-B*51:03,IANEIAQQ,16.124,49.162,42864.16
HLA-B*51:03,ANEIAQQR,52.778,92.63,47413.59
HLA-B*51:03,NEIAQQRW,10.676,33.08,40106.91
HLA-B*51:03,EIAQQRWE,54.815,77.381,45943.49
HLA-B*51:03,IAQQRWEE,38.389,57.52,43920.46
HLA-B*51:03,AQQRWEEA,25.716,49.515,42912.87
HLA-B*51:03,QQRWEEAL,22.84,46.577,42488.29
HLA-B*51:03,QRWEEALM,30.838,41.969,41769.93
HLA-B*51:03,RWEEALMK,66.364,86.905,46820.7
HLA-B*51:03,WEEALMKF,24.429,33.044,40099.51
HLA-B*51:03,EEALMKFS,36.476,59.228,44123.84
HLA-B*51:03,EALMKFSK,17.233,28.649,39082.63
HLA-B*51:03,ALMKFSKT,46.222,57.872,43962.31
HLA-B*51:03,LMKFSKTV,6.814,9.491,31011.96
HLA-B*51:03,MKFSKTVV,8.11,11.169,32213.07
HLA-B*51:03,KFSKTVVS,75.833,90.586,47184.82
HLA-B*51:03,FSKTVVSA,6.491,13.176,33455.25
HLA-B*51:03,SKTVVSAH,57.0,89.705,47090.97
HLA-B*51:03,KTVVSAHA,26.75,51.112,43121.86
HLA-B*51:03,TVVSAHAA,21.325,31.727,39809.89
HLA-B*51:03,VVSAHAAG,85.0,78.948,46084.39
HLA-B*51:03,VSAHAAGK,75.833,84.929,46631.1
HLA-B*51:03,SAHAAGKL,5.097,14.176,33992.71
HLA-B*51:03,AHAAGKLA,39.706,48.315,42744.2
HLA-B*51:03,HAAGKLAS,39.588,65.33,44796.35
HLA-B*51:03,AAGKLASD,83.75,90.65,47191.96
HLA-B*51:03,AGKLASDG,93.333,95.247,47792.14
HLA-B*51:03,GKLASDGQ,97.5,97.734,48934.93
HLA-B*51:03,KLASDGQL,40.625,68.42,45101.77
HLA-B*51:03,LASDGQLM,8.458,14.862,34328.32
HLA-B*51:03,ASDGQLMH,40.25,92.763,47428.46
HLA-B*51:03,SDGQLMHI,13.326,22.46,37320.11
HLA-B*51:03,DGQLMHIH,28.041,48.175,42724.32
HLA-B*51:03,GQLMHIHV,17.777,24.079,37830.32
HLA-B*51:03,QLMHIHVV,3.677,7.113,28801.9
HLA-B*51:03,LMHIHVVV,6.727,5.749,27102.72
HLA-B*51:03,MHIHVVVR,29.341,47.749,42661.96
HLA-B*51:03,HIHVVVRL,6.339,19.074,36139.11
HLA-B*51:03,IHVVVRLS,47.875,50.026,42983.06
HLA-B*51:03,HVVVRLSL,5.874,18.042,35745.95
HLA-B*51:03,VVVRLSLR,58.25,70.198,45277.29
HLA-B*51:03,VVRLSLRT,44.455,60.215,44239.52
HLA-B*51:03,VRLSLRTK,46.889,80.734,46246.23
HLA-B*51:03,RLSLRTKE,86.667,95.293,47812.83
HLA-B*51:03,LSLRTKEV,4.062,9.215,30778.63
HLA-B*51:03,SLRTKEVT,66.364,84.228,46566.58
HLA-B*51:03,LRTKEVTF,30.189,54.154,43512.73
HLA-B*51:03,RTKEVTFP,41.583,56.164,43759.67
HLA-B*51:03,TKEVTFPK,50.37,76.296,45846.18
HLA-B*51:03,KEVTFPKT,47.25,79.114,46099.34
HLA-B*51:03,EVTFPKTL,2.782,15.161,34471.26
HLA-B*51:03,VTFPKTLA,4.837,9.572,31071.08
HLA-B*51:03,TFPKTLAV,3.068,6.14,27619.31
HLA-B*51:03,FPKTLAVL,0.26,0.532,10682.57
HLA-B*51:03,PKTLAVLP,26.05,37.22,40938.61
HLA-B*51:03,KTLAVLPV,18.36,10.466,31714.38
HLA-B*51:03,TLAVLPVA,19.568,29.284,39238.15
HLA-B*51:03,LAVLPVAI,0.718,0.878,13563.24
HLA-B*51:03,AVLPVAIQ,46.778,79.568,46140.27
HLA-B*51:03,VLPVAIQV,4.369,10.798,31954.46
HLA-B*51:03,LPVAIQVE,13.017,16.154,34934.21
HLA-B*51:03,PVAIQVEM,5.079,12.898,33298.52
HLA-B*51:03,VAIQVEMT,15.75,29.531,39297.2
HLA-B*51:03,AIQVEMTI,3.733,5.408,26637.28
HLA-B*51:03,IQVEMTIC,31.824,56.04,43745.0
HLA-B*51:03,QVEMTICE,78.333,86.863,46816.66
HLA-B*51:03,VEMTICED,80.0,60.409,44260.61
HLA-B*51:03,EMTICEDE,88.333,91.084,47240.5
HLA-B*51:03,MTICEDEP,64.286,46.382,42459.81
HLA-B*51:03,TICEDEPL,37.526,47.449,42617.22
HLA-B*51:03,ICEDEPLA,70.714,87.679,46895.22
HLA-B*51:03,CEDEPLAA,29.659,42.613,41876.73
HLA-B*51:03,EDEPLAAY,21.991,57.508,43919.04
HLA-B*51:03,DEPLAAYV,2.741,6.96,28628.55
HLA-B*51:03,EPLAAYVD,33.036,21.578,37034.89
HLA-B*51:03,PLAAYVDT,71.429,70.898,45342.98
HLA-B*51:03,LAAYVDTV,2.232,1.856,18641.27
HLA-B*51:03,AAYVDTVP,26.0,32.605,40004.17
HLA-B*51:03,AYVDTVPG,70.714,59.1,44108.57
HLA-B*51:03,YVDTVPGM,10.008,23.899,37775.1
HLA-B*51:03,VDTVPGMV,19.797,29.201,39218.19
HLA-B*51:03,DTVPGMVD,45.6,50.853,43088.75
HLA-B*51:03,TVPGMVDI,11.011,18.707,35999.38
HLA-B*51:03,VPGMVDIM,4.216,6.174,27662.07
HLA-B*51:03,PGMVDIMF,22.54,27.748,38852.01
HLA-B*51:03,GMVDIMFV,23.414,19.594,36333.17
HLA-B*51:03,MVDIMFVN,47.0,44.624,42192.82
HLA-B*51:03,VDIMFVNW,16.031,23.515,37653.48
HLA-B*51:03,DIMFVNWA,19.784,9.526,31038.15
HLA-B*51:03,IMFVNWAD,88.333,47.043,42556.85
HLA-B*51:03,MFVNWADL,43.545,20.048,36502.22
HLA-B*51:03,FVNWADLL,19.034,12.101,32824.91
HLA-B*51:03,VNWADLLF,23.897,18.455,35903.3
HLA-B*51:03,NWADLLFH,62.5,77.962,45995.73
HLA-B*51:03,WADLLFHL,4.562,3.941,24193.43
HLA-B*51:03,ADLLFHLL,6.819,16.633,35148.03
HLA-B*51:03,DLLFHLLP,26.45,20.112,36525.14
HLA-B*51:03,LLFHLLPA,29.386,17.995,35728.15
HLA-B*51:03,LFHLLPAI,6.98,7.111,28798.8
HLA-B*51:03,FHLLPAIE,45.1,53.417,43417.73
HLA-B*51:03,HLLPAIEE,41.25,76.822,45893.33
HLA-B*51:03,LLPAIEEF,16.138,28.975,39163.92
HLA-B*51:03,LPAIEEFT,21.579,20.633,36711.75
HLA-B*51:03,PAIEEFTT,30.27,50.204,43005.85
HLA-B*51:03,AIEEFTTR,38.667,79.745,46156.25
HLA-B*51:03,IEEFTTRW,13.738,31.309,39714.37
HLA-B*51:03,EEFTTRWY,17.995,29.492,39287.85
HLA-B*51:03,EFTTRWYS,63.571,56.768,43831.21
HLA-B*51:03,FTTRWYSK,54.815,47.492,42623.68
HLA-B*51:03,TTRWYSKA,31.147,33.495,40192.48
HLA-B*51:03,TRWYSKAS,53.889,77.226,45929.57
HLA-B*51:03,RWYSKASM,24.468,42.3,41824.64
HLA-B*51:03,WYSKASMD,90.0,86.116,46744.76
HLA-B*51:03,YSKASMDG,80.0,69.311,45190.19
HLA-B*51:03,SKASMDGG,95.0,95.89,48085.2
HLA-B*51:03,KASMDGGE,90.0,95.6,47952.72
HLA-B*51:03,ASMDGGEI,9.721,15.192,34486.18
HLA-B*51:03,SMDGGEIW,31.559,48.74,42804.83
HLA-B*51:03,MDGGEIWE,76.667,90.21,47142.99
HLA-B*51:03,DGGEIWEQ,37.158,72.871,45528.82
HLA-B*51:03,GGEIWEQI,15.448,37.63,41016.19
HLA-B*51:03,GEIWEQIQ,80.0,95.002,47681.1
HLA-B*51:03,EIWEQIQH,20.439,47.752,42662.43
HLA-B*51:03,IWEQIQHA,21.57,39.524,41361.56
HLA-B*51:03,WEQIQHAE,51.111,72.286,45473.68
HLA-B*51:03,EQIQHAEQ,33.0,72.244,45469.75
HLA-B*51:03,QIQHAEQL,18.36,46.082,42415.71
HLA-B*51:03,IQHAEQLP,53.148,62.79,44520.93
HLA-B*51:03,QHAEQLPA,33.5,45.855,42381.79
HLA-B*51:03,HAEQLPAK,36.048,68.007,45060.8
HLA-B*51:03,AEQLPAKS,45.8,86.584,46789.79
HLA-B*51:03,EQLPAKSA,12.41,27.959,38909.65
HLA-B*51:03,QLPAKSAN,72.857,95.422,47871.86
HLA-B*51:03,LPAKSANL,0.721,2.001,19260.66
HLA-B*51:03,PAKSANLV,3.06,5.308,26492.14
HLA-B*51:03,AKSANLVC,49.571,73.471,45585.49
HLA-B*51:03,KSANLVCA,39.235,56.248,43769.6
HLA-B*51:03,SANLVCAH,37.737,43.881,42075.65
HLA-B*51:03,ANLVCAHL,19.581,24.462,37943.05
HLA-B*51:03,NLVCAHLD,88.333,67.623,45022.78
HLA-B*51:03,LVCAHLDS,91.667,84.107,46555.5
HLA-B*51:03,VCAHLDSE,90.0,96.009,48139.34
HLA-B*51:03,CAHLDSEI,6.197,2.552,20970.09
HLA-B*51:03,AHLDSEIL,25.164,43.143,41962.89
HLA-B*51:03,HLDSEILN,53.519,89.874,47107.28
HLA-B*51:03,LDSEILNP,50.185,68.912,45150.6
HLA-B*51:03,DSEILNPG,46.333,39.799,41409.5
HLA-B*51:03,SEILNPGE,58.75,82.273,46387.04
HLA-B*51:03,EILNPGER,50.741,85.705,46705.35
HLA-B*51:03,ILNPGERV,14.092,26.036,38391.52
HLA-B*51:03,LNPGERVR,76.667,95.995,48133.1
HLA-B*51:03,NPGERVRL,1.225,8.588,30238.28
HLA-B*51:03,PGERVRLC,26.083,52.491,43298.59
HLA-B*51:03,GERVRLCI,28.939,28.641,39080.51
HLA-B*51:03,ERVRLCIQ,75.0,86.863,46816.66
HLA-B*51:03,RVRLCIQP,52.593,61.696,44401.13
HLA-B*51:03,VRLCIQPE,74.286,77.414,45946.48
HLA-B*51:03,RLCIQPEI,19.02,19.174,36176.26
HLA-B*51:03,LCIQPEIG,74.286,90.265,47149.11
HLA-B*51:03,CIQPEIGI,27.074,19.279,36215.43
HLA-B*51:03,IQPEIGIT,37.737,68.45,45104.7
HLA-B*51:03,QPEIGITK,28.592,54.42,43547.12
HLA-B*51:03,PEIGITKI,2.885,14.122,33966.24
HLA-B*51:03,EIGITKII,5.211,10.34,31623.57
HLA-B*51:03,IGITKIIS,36.429,69.857,45244.48
HLA-B*51:03,GITKIISP,48.375,75.753,45797.59
HLA-B*51:03,ITKIISPD,76.667,73.064,45547.05
HLA-B*51:03,TKIISPDS,70.0,92.543,47403.84
HLA-B*51:03,KIISPDSG,76.667,93.705,47534.28
HLA-B*51:03,IISPDSGD,97.5,96.591,48406.23
HLA-B*51:03,ISPDSGDG,81.25,95.311,47821.1
HLA-B*51:03,SPDSGDGQ,52.222,84.425,46584.72
HLA-B*51:03,PDSGDGQF,34.077,64.851,44747.41
HLA-B*51:03,DSGDGQFG,56.5,76.141,45832.28
HLA-B*51:03,SGDGQFGL,18.085,48.792,42812.25
HLA-B*51:03,GDGQFGLP,80.0,86.189,46751.85
HLA-B*51:03,DGQFGLPY,16.871,20.928,36817.56
HLA-B*51:03,GQFGLPYW,23.448,31.153,39678.73
HLA-B*51:03,QFGLPYWL,27.556,33.712,40237.3
HLA-B*51:03,FGLPYWLP,23.333,11.62,32511.75
HLA-B*51:03,GLPYWLPP,82.5,59.98,44213.68
HLA-B*51:03,LPYWLPPA,1.676,0.432,9554.04
HLA-B*51:03,PYWLPPAT,9.94,12.908,33304.64
HLA-B*51:03,YWLPPATA,18.567,23.211,37557.47
HLA-B*51:03,WLPPATAT,39.294,53.545,43434.2
HLA-B*51:03,LPPATATM,0.466,1.021,14482.35
HLA-B*51:03,PPATATMH,34.192,74.149,45649.65
HLA-B*51:03,PATATMHL,3.558,11.608,32503.3
HLA-B*51:03,ATATMHLR,51.852,74.504,45683.26
HLA-B*51:03,TATMHLRN,57.5,58.148,43995.12
HLA-B*51:03,ATMHLRNA,29.205,38.358,41152.22
HLA-B*51:03,TMHLRNAF,19.095,25.22,38163.3
HLA-B*51:03,MHLRNAFP,48.125,29.558,39303.57
HLA-B*51:03,HLRNAFPN,68.182,69.016,45160.85
HLA-B*51:03,LRNAFPNG,61.071,77.769,45978.32
HLA-B*51:03,RNAFPNGG,93.333,93.733,47537.38
HLA-B*51:03,NAFPNGGQ,19.162,35.486,40600.27
HLA-B*51:03,AFPNGGQG,59.5,66.422,44904.06
HLA-B*51:03,FPNGGQGV,0.778,1.426,16717.86
HLA-B*51:03,PNGGQGVV,11.058,25.179,38151.77
HLA-B*51:03,NGGQGVVQ,64.643,95.036,47696.57
HLA-B*51:03,GGQGVVQP,59.75,86.568,46788.29
HLA-B*51:03,GQGVVQPV,21.281,31.107,39668.42
HLA-B*51:03,QGVVQPVS,46.444,74.567,45689.18
HLA-B*51:03,GVVQPVSE,75.0,95.514,47913.3
HLA-B*51:03,VVQPVSEL,4.438,17.821,35655.16
HLA-B*51:03,VQPVSELL,8.848,24.188,37862.27
HLA-B*51:03,QPVSELLM,2.118,5.813,27188.78
HLA-B*51:03,PVSELLMK,57.25,78.837,46074.43
HLA-B*51:03,VSELLMKK,49.0,77.37,45942.52
HLA-B*51:03,SELLMKKA,31.765,47.074,42561.46
HLA-B*51:03,ELLMKKAV,7.886,16.755,35202.45
HLA-B*51:03,LLMKKAVL,11.102,17.469,35507.73
HLA-B*51:03,LMKKAVLA,26.383,31.156,39679.58
HLA-B*51:03,MKKAVLAA,21.64,34.127,40323.15
HLA-B*51:03,KKAVLAAA,52.963,75.221,45750.04
HLA-B*51:03,KAVLAAAH,47.0,64.512,44710.14
HLA-B*51:03,AVLAAAHK,69.545,82.629,46419.69
HLA-B*51:03,VLAAAHKM,17.979,31.358,39725.54
HLA-B*51:03,LAAAHKMK,44.909,59.244,44125.75
HLA-B*51:03,AAAHKMKT,37.158,75.017,45731.72
HLA-B*51:03,AAHKMKTE,45.2,80.882,46259.75
HLA-B*51:03,AHKMKTEA,32.581,59.296,44131.95
HLA-B*51:03,HKMKTEAQ,77.5,95.446,47882.72
HLA-B*51:03,KMKTEAQF,29.091,57.34,43899.07
HLA-B*51:03,MKTEAQFS,66.364,77.719,45973.84
HLA-B*51:03,KTEAQFSE,69.091,93.632,47526.07
HLA-B*51:03,TEAQFSEL,8.217,22.264,37258.38
HLA-B*51:03,EAQFSELG,40.938,33.558,40205.52
HLA-B*51:03,AQFSELGT,58.5,73.132,45553.46
HLA-B*51:03,QFSELGTN,74.286,89.353,47056.85
HLA-B*51:03,FSELGTNF,14.169,20.518,36670.45
HLA-B*51:03,SELGTNFS,58.5,73.137,45553.93
HLA-B*51:03,ELGTNFSP,48.75,54.785,43594.27
HLA-B*51:03,LGTNFSPG,82.5,58.056,43984.2
HLA-B*51:03,GTNFSPGP,75.833,85.742,46708.88
HLA-B*51:03,TNFSPGPT,28.449,50.795,43081.3
HLA-B*51:03,NFSPGPTH,41.833,77.757,45977.31
HLA-B*51:03,FSPGPTHN,37.211,70.418,45297.89
HLA-B*51:03,SPGPTHNT,8.717,25.355,38200.91
HLA-B*51:03,PGPTHNTA,13.689,28.315,38999.41
HLA-B*51:03,GPTHNTAK,58.0,83.806,46527.79
HLA-B*51:03,PTHNTAKA,27.611,49.323,42886.42
HLA-B*51:03,THNTAKAL,11.274,38.102,41105.04
HLA-B*51:03,HNTAKALF,27.167,45.809,42374.89
HLA-B*51:03,NTAKALFD,86.667,73.392,45578.11
HLA-B*51:03,TAKALFDT,29.386,41.352,41670.16
HLA-B*51:03,AKALFDTL,13.928,27.276,38722.76
HLA-B*51:03,KALFDTLV,6.169,8.274,29957.26
HLA-B*51:03,ALFDTLVL,10.895,17.228,35407.6
HLA-B*51:03,LFDTLVLQ,54.63,76.03,45822.38
HLA-B*51:03,FDTLVLQW,6.627,16.992,35309.27
HLA-B*51:03,DTLVLQWA,7.544,7.762,29481.36
HLA-B*51:03,TLVLQWAC,53.519,54.741,43588.62
HLA-B*51:03,LVLQWACE,85.0,64.829,44744.98
HLA-B*51:03,VLQWACEK,86.667,80.794,46251.72
HLA-B*51:03,LQWACEKP,69.091,47.625,42643.5
HLA-B*51:03,QWACEKPG,97.5,93.202,47477.76
HLA-B*51:03,WACEKPGY,25.373,38.937,41258.78
HLA-B*51:03,ACEKPGYV,24.429,39.319,41325.78
HLA-B*51:03,CEKPGYVN,66.364,77.481,45952.44
HLA-B*51:03,EKPGYVNS,55.0,87.932,46919.57
HLA-B*51:03,KPGYVNSC,15.455,35.848,40672.37
HLA-B*51:03,PGYVNSCN,95.0,88.595,46983.59
HLA-B*51:03,GYVNSCNH,79.167,93.285,47487.0
HLA-B*51:03,YVNSCNHE,69.545,79.994,46178.73
HLA-B*51:03,VNSCNHEL,17.798,38.385,41157.11
HLA-B*51:03,NSCNHELG,82.5,66.845,44945.87
HLA-B*51:03,SCNHELGD,100.0,97.383,48772.14
HLA-B*51:03,CNHELGDL,49.714,46.846,42527.85
HLA-B*51:03,NHELGDLE,77.5,89.842,47104.21
HLA-B*51:03,HELGDLEL,14.471,36.489,40797.55
HLA-B*51:03,ELGDLELG,74.286,85.247,46661.39
HLA-B*51:03,LGDLELGG,73.571,89.805,47100.66
HLA-B*51:03,GDLELGGG,86.667,95.946,48110.7
HLA-B*51:03,DLELGGGS,75.0,85.253,46661.91
HLA-B*51:03,LELGGGSL,19.48,34.025,40302.23
HLA-B*51:03,ELGGGSLP,57.25,68.484,45108.11
HLA-B*51:03,LGGGSLPT,68.182,75.98,45817.92
HLA-B*51:03,GGGSLPTQ,74.286,96.988,48589.36
HLA-B*51:03,GGSLPTQW,24.364,65.084,44772.12
HLA-B*51:03,GSLPTQWL,16.151,34.321,40363.3
HLA-B*51:03,SLPTQWLG,52.963,47.92,42687.36
HLA-B*51:03,LPTQWLGY,6.547,8.054,29759.22
HLA-B*51:03,PTQWLGYS,73.571,65.556,44818.66
HLA-B*51:03,TQWLGYST,33.821,35.333,40569.96
HLA-B*51:03,QWLGYSTW,24.455,25.428,38221.58
HLA-B*51:03,WLGYSTWR,88.333,78.239,46020.62
HLA-B*51:03,LGYSTWRN,66.818,51.276,43142.86
HLA-B*51:03,GYSTWRNC,69.091,80.827,46254.73
HLA-B*51:03,YSTWRNCA,43.545,34.049,40307.01
HLA-B*51:03,STWRNCAF,21.368,15.428,34596.42
HLA-B*51:03,TWRNCAFV,39.882,17.494,35518.11
HLA-B*51:03,WRNCAFVL,53.704,20.982,36837.09
HLA-B*51:03,RNCAFVLS,79.167,73.8,45616.57
HLA-B*51:03,NCAFVLSY,12.843,34.994,40502.44
HLA-B*51:03,CAFVLSYN,57.0,24.088,37832.78
HLA-B*51:03,AFVLSYNR,60.714,76.34,45850.14
HLA-B*51:03,FVLSYNRM,14.207,13.337,33543.32
HLA-B*51:03,VLSYNRMV,24.87,25.722,38303.98
HLA-B*51:03,LSYNRMVS,38.833,30.513,39529.6
HLA-B*51:03,SYNRMVSV,6.345,10.37,31645.14
HLA-B*51:03,YNRMVSVR,50.37,60.321,44251.02
HLA-B*51:03,NRMVSVRF,16.813,29.833,39369.55
HLA-B*51:03,RMVSVRFT,61.429,64.692,44729.98
HLA-B*51:03,MVSVRFTK,33.25,39.018,41273.5
HLA-B*51:03,VSVRFTKC,11.066,33.385,40169.86
HLA-B*51:03,SVRFTKCK,78.333,80.887,46260.25
HLA-B*51:03,VRFTKCKF,36.905,46.298,42447.41
HLA-B*51:03,RFTKCKFF,43.455,64.253,44681.63
HLA-B*51:03,FTKCKFFT,53.519,34.939,40491.02
HLA-B*51:03,TKCKFFTG,69.091,66.137,44875.89
HLA-B*51:03,KCKFFTGL,41.167,63.924,44645.37
HLA-B*51:03,CKFFTGLA,50.741,33.568,40207.7
HLA-B*51:03,KFFTGLAS,70.714,73.225,45562.33
HLA-B*51:03,FFTGLASG,79.167,62.724,44513.69
HLA-B*51:03,FTGLASGV,15.418,12.928,33316.54
HLA-B*51:03,TGLASGVS,57.25,74.108,45645.71
HLA-B*51:03,GLASGVSR,75.0,95.027,47692.45
HLA-B*51:03,LASGVSRR,44.364,66.639,44925.47
HLA-B*51:03,ASGVSRRL,15.649,40.912,41598.55
HLA-B*51:03,SGVSRRLE,69.545,86.726,46803.46
HLA-B*51:03,GVSRRLEQ,86.667,96.445,48339.25
HLA-B*51:03,VSRRLEQP,29.591,63.247,44571.06
HLA-B*51:03,SRRLEQPG,81.25,89.453,47066.53
HLA-B*51:03,RRLEQPGL,36.762,67.165,44977.5
HLA-B*51:03,RLEQPGLE,71.429,94.79,47656.32
HLA-B*51:03,LEQPGLEQ,48.375,86.311,46763.49
HLA-B*51:03,EQPGLEQM,9.978,40.253,41487.07
HLA-B*51:03,QPGLEQMW,8.231,22.699,37395.68
HLA-B*51:03,PGLEQMWG,86.667,77.857,45986.27
HLA-B*51:03,GLEQMWGR,80.0,94.826,47660.47
HLA-B*51:03,LEQMWGRQ,61.786,74.045,45639.79
HLA-B*51:03,EQMWGRQS,40.375,52.279,43271.42
HLA-B*51:03,QMWGRQSS,52.222,59.38,44142.0
HLA-B*51:03,MWGRQSSR,63.214,79.385,46123.82
HLA-B*51:03,WGRQSSRV,18.933,25.947,38367.02
HLA-B*51:03,GRQSSRVA,65.455,85.884,46722.52
HLA-B*51:03,RQSSRVAS,63.214,89.447,47066.02
HLA-B*51:03,QSSRVASI,3.275,8.376,30049.77
HLA-B*51:03,SSRVASIE,62.5,73.753,45612.13
HLA-B*51:03,SRVASIEH,65.909,87.958,46922.12
HLA-B*51:03,RVASIEHS,69.091,88.074,46933.29
HLA-B*51:03,VASIEHSL,2.08,9.689,31154.89
HLA-B*51:03,ASIEHSLR,43.909,69.995,45258.2
HLA-B*51:03,SIEHSLRI,5.675,10.059,31422.01
HLA-B*51:03,IEHSLRIG,62.143,68.976,45156.95
HLA-B*51:03,EHSLRIGG,64.286,72.636,45506.65
HLA-B*51:03,HSLRIGGR,57.25,77.01,45910.2
HLA-B*51:03,SLRIGGRE,82.5,90.965,47227.22
HLA-B*51:03,LRIGGREG,83.75,94.19,47588.85
HLA-B*51:03,RIGGREGD,100.0,97.842,48985.26
HLA-B*51:03,IGGREGDA,61.786,91.171,47250.22
HLA-B*51:03,GGREGDAA,58.75,84.923,46630.62
HLA-B*51:03,GREGDAAF,52.778,76.838,45894.81
HLA-B*51:03,REGDAAFK,75.833,93.234,47481.34
HLA-B*51:03,EGDAAFKH,46.0,84.217,46565.56
HLA-B*51:03,GDAAFKHI,20.959,36.089,40719.93
HLA-B*51:03,DAAFKHIV,0.1,0.399,9157.89
HLA-B*51:03,AAFKHIVE,18.329,41.137,41635.48
HLA-B*51:03,AFKHIVEG,47.375,60.185,44236.19
HLA-B*51:03,FKHIVEGP,45.4,66.639,44925.47
HLA-B*51:03,KHIVEGPL,37.842,47.579,42636.57
HLA-B*51:03,HIVEGPLR,46.444,79.712,46153.24
HLA-B*51:03,IVEGPLRH,56.75,91.587,47296.75
HLA-B*51:03,VEGPLRHN,56.5,86.058,46739.22
HLA-B*51:03,EGPLRHND,72.857,84.365,46579.16
HLA-B*51:03,GPLRHNDK,61.786,85.942,46728.1
HLA-B*51:03,PLRHNDKI,9.548,19.637,36349.3
HLA-B*51:03,LRHNDKIL,45.9,71.086,45360.65
HLA-B*51:03,RHNDKILS,56.75,85.053,46642.71
HLA-B*51:03,HNDKILSV,2.979,14.695,34246.33
HLA-B*51:03,NDKILSVV,6.215,15.373,34570.59
HLA-B*51:03,DKILSVVG,42.846,66.57,44918.66
HLA-B*51:03,KILSVVGY,45.8,72.771,45519.45
HLA-B*51:03,ILSVVGYQ,66.818,81.046,46274.75
HLA-B*51:03,LSVVGYQL,4.416,9.816,31246.73
HLA-B*51:03,SVVGYQLF,15.231,25.962,38371.18
HLA-B*51:03,VVGYQLFD,95.0,85.911,46725.05
HLA-B*51:03,VGYQLFDV,9.954,6.698,28313.71
HLA-B*51:03,GYQLFDVM,26.533,31.544,39768.11
HLA-B*51:03,YQLFDVMK,47.125,57.852,43959.93
HLA-B*51:03,QLFDVMKV,2.661,8.064,29768.24
HLA-B*51:03,LFDVMKVT,57.75,64.249,44681.14
HLA-B*51:03,FDVMKVTG,51.111,60.668,44288.85
HLA-B*51:03,DVMKVTGK,24.117,37.801,41048.61
HLA-B*51:03,VMKVTGKF,20.528,31.689,39801.27
HLA-B*51:03,MKVTGKFE,69.091,91.45,47281.41
HLA-B*51:03,KVTGKFED,93.333,96.536,48381.11
HLA-B*51:03,VTGKFEDE,85.0,95.41,47866.14
HLA-B*51:03,TGKFEDED,97.5,96.446,48339.75
HLA-B*51:03,GKFEDEDR,93.333,97.587,48866.68
HLA-B*51:03,KFEDEDRK,91.667,97.581,48864.04
HLA-B*51:03,FEDEDRKL,10.867,38.688,41212.83
HLA-B*51:03,EDEDRKLR,70.0,96.176,48215.96
HLA-B*51:03,DEDRKLRD,55.0,88.953,47018.17
HLA-B*51:03,EDRKLRDR,74.286,95.199,47770.42
HLA-B*51:03,DRKLRDRE,70.0,95.893,48086.25
HLA-B*51:03,RKLRDREP,81.25,94.044,47572.37
HLA-B*51:03,KLRDREPR,85.0,96.056,48160.71
HLA-B*51:03,LRDREPRL,19.568,56.316,43777.65
HLA-B*51:03,RDREPRLG,75.833,91.372,47272.72
HLA-B*51:03,DREPRLGF,19.061,48.269,42737.71
HLA-B*51:03,REPRLGFP,65.909,73.445,45583.02
HLA-B*51:03,EPRLGFPP,8.479,7.282,28987.93
HLA-B*51:03,PRLGFPPA,29.136,20.307,36594.76
HLA-B*51:03,RLGFPPAL,19.426,38.845,41241.81
HLA-B*51:03,LGFPPALA,8.9,9.503,31021.71
HLA-B*51:03,GFPPALAV,6.782,11.202,32234.69
HLA-B*51:03,FPPALAVR,7.075,12.876,33285.55
HLA-B*51:03,PPALAVRA,13.378,25.095,38128.23
HLA-B*51:03,PALAVRAR,49.571,77.868,45987.28
HLA-B*51:03,ALAVRARE,83.75,91.949,47337.21
HLA-B*51:03,LAVRAREL,3.234,8.543,30199.7
HLA-B*51:03,AVRARELA,48.25,57.284,43892.45
HLA-B*51:03,VRARELAQ,66.818,92.841,47437.17
HLA-B*51:03,RARELAQC,25.925,45.633,42348.31
HLA-B*51:03,ARELAQCA,37.842,49.367,42892.45
HLA-B*51:03,RELAQCAS,80.0,82.864,46441.28
HLA-B*51:03,ELAQCASS,64.286,70.548,45310.13
HLA-B*51:03,LAQCASSF,11.829,7.825,29542.35
HLA-B*51:03,AQCASSFS,83.75,79.181,46105.35
HLA-B*51:03,QCASSFSN,83.75,91.171,47250.22
HLA-B*51:03,CASSFSNE,59.75,48.857,42821.5
HLA-B*51:03,ASSFSNEE,75.833,92.319,47378.71
HLA-B*51:03,SSFSNEEK,45.4,66.403,44902.12
HLA-B*51:03,SFSNEEKM,27.556,52.352,43280.8
HLA-B*51:03,FSNEEKMH,36.0,74.697,45701.55
HLA-B*51:03,SNEEKMHH,54.815,95.46,47888.93
HLA-B*51:03,NEEKMHHS,34.462,75.526,45777.28
HLA-B*51:03,EEKMHHSP,23.931,50.934,43099.0
HLA-B*51:03,EKMHHSPV,10.259,17.2,35395.72
HLA-B*51:03,KMHHSPVC,36.381,64.912,44754.19
HLA-B*51:03,MHHSPVCP,43.273,38.84,41240.93
HLA-B*51:03,HHSPVCPP,49.143,51.586,43182.55
HLA-B*51:03,HSPVCPPF,15.403,13.678,33729.66
HLA-B*51:03,SPVCPPFI,0.498,0.349,8440.44
HLA-B*51:03,PVCPPFIL,6.033,5.41,26639.59
HLA-B*51:03,VCPPFILR,40.875,72.521,45495.82
HLA-B*51:03,CPPFILRK,17.347,16.44,35061.44
HLA-B*51:03,PPFILRKE,35.75,59.98,44213.68
HLA-B*51:03,PFILRKEH,43.091,79.911,46171.22
HLA-B*51:03,FILRKEHT,47.375,63.743,44625.56
HLA-B*51:03,ILRKEHTV,6.932,17.696,35602.75
HLA-B*51:03,LRKEHTVT,48.375,83.176,46469.95
HLA-B*51:03,RKEHTVTA,36.0,67.785,45038.87
HLA-B*51:03,KEHTVTAG,63.214,86.258,46758.42
HLA-B*51:03,EHTVTAGV,17.87,21.696,37074.2
HLA-B*51:03,HTVTAGVG,76.667,68.612,45120.79
HLA-B*51:03,TVTAGVGD,95.0,95.831,48058.16
HLA-B*51:03,VTAGVGDE,75.833,93.243,47482.38
HLA-B*51:03,TAGVGDEE,70.714,91.295,47264.03
HLA-B*51:03,AGVGDEEI,28.184,47.248,42587.25
HLA-B*51:03,GVGDEEID,100.0,98.545,49313.38
HLA-B*51:03,VGDEEIDM,25.522,73.142,45554.43
HLA-B*51:03,GDEEIDMG,91.667,97.086,48634.6
HLA-B*51:03,DEEIDMGS,59.25,81.55,46320.85
HLA-B*51:03,EEIDMGSD,57.25,78.909,46080.91
HLA-B*51:03,EIDMGSDT,67.273,80.86,46257.75
HLA-B*51:03,IDMGSDTD,91.667,92.548,47404.36
HLA-B*51:03,DMGSDTDY,52.593,67.613,45021.79
HLA-B*51:03,MGSDTDYL,18.494,22.151,37222.9
HLA-B*51:03,GSDTDYLT,75.0,91.665,47305.47
HLA-B*51:03,SDTDYLTI,8.02,13.87,33835.3
HLA-B*51:03,DTDYLTIR,33.929,66.845,44945.87
HLA-B*51:03,TDYLTIRL,6.13,14.62,34209.66
HLA-B*51:03,DYLTIRLP,19.615,22.725,37403.77
HLA-B*51:03,YLTIRLPG,72.143,48.698,42798.81
HLA-B*51:03,LTIRLPGL,9.593,13.844,33821.39
HLA-B*51:03,TIRLPGLD,80.0,85.0,46637.66
HLA-B*51:03,IRLPGLDT,59.75,75.183,45746.59
HLA-B*51:03,RLPGLDTE,85.0,95.839,48061.79
HLA-B*51:03,LPGLDTEL,2.501,7.166,28860.25
HLA-B*51:03,PGLDTELV,15.672,21.841,37122.36
HLA-B*51:03,GLDTELVA,56.75,77.386,45944.0
HLA-B*51:03,LDTELVAV,11.742,20.885,36802.01
HLA-B*51:03,DTELVAVG,43.727,39.766,41403.65
HLA-B*51:03,TELVAVGL,11.4,24.435,37934.83
HLA-B*51:03,ELVAVGLC,46.222,45.867,42383.61
HLA-B*51:03,LVAVGLCT,64.643,61.204,44347.36
HLA-B*51:03,VAVGLCTN,65.0,54.88,43606.53
HLA-B*51:03,AVGLCTNR,75.0,93.362,47495.73
HLA-B*51:03,VGLCTNRG,95.0,79.269,46113.32
HLA-B*51:03,GLCTNRGL,67.273,72.197,45465.32
HLA-B*51:03,LCTNRGLD,97.5,96.279,48262.94
HLA-B*51:03,CTNRGLDI,41.667,21.104,36877.75
HLA-B*51:03,TNRGLDIT,62.5,87.063,46835.89
HLA-B*51:03,NRGLDITV,20.407,31.482,39753.93
HLA-B*51:03,RGLDITVT,35.583,73.283,45567.74
HLA-B*51:03,GLDITVTN,85.0,93.824,47547.68
HLA-B*51:03,LDITVTNA,31.794,47.703,42655.03
HLA-B*51:03,DITVTNAQ,53.333,77.021,45911.21
HLA-B*51:03,ITVTNAQV,6.066,9.875,31289.01
HLA-B*51:03,TVTNAQVT,60.0,79.629,46145.77
HLA-B*51:03,VTNAQVTL,5.378,17.497,35519.64
HLA-B*51:03,TNAQVTLE,44.818,81.347,46302.3
HLA-B*51:03,NAQVTLEQ,23.322,47.492,42623.68
HLA-B*51:03,AQVTLEQL,10.887,34.18,40334.05
HLA-B*51:03,QVTLEQLE,67.273,91.564,47294.21
HLA-B*51:03,VTLEQLEE,38.5,74.337,45667.44
HLA-B*51:03,TLEQLEEA,41.417,54.632,43574.45
HLA-B*51:03,LEQLEEAI,16.667,22.896,37458.05
HLA-B*51:03,EQLEEAIL,4.85,20.555,36683.56
HLA-B*51:03,QLEEAILY,42.0,62.711,44512.26
HLA-B*51:03,LEEAILYS,56.0,63.831,44635.23
HLA-B*51:03,EEAILYSP,17.347,37.995,41085.48
HLA-B*51:03,EAILYSPG,21.693,16.587,35127.12
HLA-B*51:03,AILYSPGK,69.091,82.47,46405.11
HLA-B*51:03,ILYSPGKY,25.552,40.074,41457.01
HLA-B*51:03,LYSPGKYD,91.667,89.516,47072.63
HLA-B*51:03,YSPGKYDL,9.076,29.181,39213.51
HLA-B*51:03,SPGKYDLA,12.31,16.39,35039.44
HLA-B*51:03,PGKYDLAL,20.268,35.448,40592.81
HLA-B*51:03,GKYDLALA,45.2,62.28,44465.09
HLA-B*51:03,KYDLALAL,19.649,33.581,40210.32
HLA-B*51:03,YDLALALP,46.667,34.835,40469.57
HLA-B*51:03,DLALALPY,26.0,22.944,37473.04
HLA-B*51:03,LALALPYH,23.529,32.935,40076.11
HLA-B*51:03,ALALPYHV,7.156,8.816,30436.87
HLA-B*51:03,LALPYHVN,26.017,26.903,38621.5
HLA-B*51:03,ALPYHVNR,43.455,76.39,45854.6
HLA-B*51:03,LPYHVNRH,6.616,14.227,34017.73
HLA-B*51:03,PYHVNRHI,1.09,2.672,21275.66
HLA-B*51:03,YHVNRHIV,12.84,15.239,34507.82
HLA-B*51:03,HVNRHIVS,43.818,67.485,45009.13
HLA-B*51:03,VNRHIVST,39.294,65.63,44825.91
HLA-B*51:03,NRHIVSTK,51.667,79.784,46159.73
HLA-B*51:03,RHIVSTKD,77.5,80.066,46185.22
HLA-B*51:03,HIVSTKDT,74.286,89.542,47075.18
HLA-B*51:03,IVSTKDTF,24.026,41.229,41650.33
HLA-B*51:03,VSTKDTFH,63.929,88.479,46972.41
HLA-B*51:03,STKDTFHT,27.981,60.584,44279.77
HLA-B*51:03,TKDTFHTF,8.121,27.887,38889.86
HLA-B*51:03,KDTFHTFI,19.48,31.46,39748.76
HLA-B*51:03,DTFHTFII,0.347,0.296,7717.75
HLA-B*51:03,TFHTFIIS,53.519,67.377,44998.42
HLA-B*51:03,FHTFIISL,6.748,10.729,31904.36
HLA-B*51:03,HTFIISLN,42.154,36.77,40852.34
HLA-B*51:03,TFIISLNR,62.5,75.449,45770.34
HLA-B*51:03,FIISLNRG,64.286,53.771,43463.34
HLA-B*51:03,IISLNRGD,97.5,95.873,48077.38
HLA-B*51:03,ISLNRGDG,82.5,87.847,46911.46
HLA-B*51:03,SLNRGDGR,90.0,95.96,48116.93
HLA-B*51:03,LNRGDGRD,97.5,97.145,48661.98
HLA-B*51:03,NRGDGRDN,86.667,97.764,48948.72
HLA-B*51:03,RGDGRDNM,42.385,79.79,46160.24
HLA-B*51:03,GDGRDNMW,54.074,84.31,46574.12
HLA-B*51:03,DGRDNMWS,33.821,48.36,42750.67
HLA-B*51:03,GRDNMWSF,29.682,46.172,42429.04
HLA-B*51:03,RDNMWSFI,18.11,18.464,35906.8
HLA-B*51:03,DNMWSFIT,18.872,15.05,34419.46
HLA-B*51:03,NMWSFITP,28.796,19.697,36371.73
HLA-B*51:03,MWSFITPP,61.071,32.639,40011.55
HLA-B*51:03,WSFITPPD,61.429,28.915,39149.07
HLA-B*51:03,SFITPPDR,65.0,89.6,47080.8
HLA-B*51:03,FITPPDRR,46.0,83.839,46530.82
HLA-B*51:03,ITPPDRRS,59.25,89.037,47026.33
HLA-B*51:03,TPPDRRSA,6.325,26.099,38408.14
HLA-B*51:03,PPDRRSAS,51.667,85.679,46702.82
HLA-B*51:03,PDRRSASG,48.875,81.982,46360.45
HLA-B*51:03,DRRSASGH,70.714,94.922,47671.29
HLA-B*51:03,RRSASGHA,77.5,85.695,46704.32
HLA-B*51:03,RSASGHAE,70.714,89.495,47070.6
HLA-B*51:03,SASGHAEN,53.148,76.318,45848.16
HLA-B*51:03,ASGHAENT,70.714,93.147,47471.57
HLA-B*51:03,SGHAENTA,28.857,48.562,42779.36
HLA-B*51:03,GHAENTAF,33.714,62.707,44511.77
HLA-B*51:03,HAENTAFR,45.8,73.105,45550.99
HLA-B*51:03,AENTAFRE,48.75,86.1,46743.26
HLA-B*51:03,ENTAFREN,80.0,86.768,46807.54
HLA-B*51:03,NTAFRENR,63.214,81.49,46315.33
HLA-B*51:03,TAFRENRL,1.852,5.786,27152.62
HLA-B*51:03,AFRENRLA,44.636,44.161,42119.39
HLA-B*51:03,FRENRLAC,49.0,69.719,45230.77
HLA-B*51:03,RENRLACT,71.429,75.127,45741.63
HLA-B*51:03,ENRLACTR,56.0,77.973,45996.71
HLA-B*51:03,NRLACTRS,72.857,88.237,46949.03
HLA-B*51:03,RLACTRSD,100.0,95.027,47692.45
HLA-B*51:03,LACTRSDG,91.667,81.917,46354.44
HLA-B*51:03,ACTRSDGQ,95.0,97.977,49047.85
HLA-B*51:03,CTRSDGQM,41.25,41.036,41619.27
HLA-B*51:03,TRSDGQML,30.946,61.7,44401.62
HLA-B*51:03,RSDGQMLL,14.032,32.341,39946.66
HLA-B*51:03,SDGQMLLP,57.0,70.423,45298.35
HLA-B*51:03,DGQMLLPS,20.951,35.174,40538.37
HLA-B*51:03,GQMLLPSG,47.0,65.0,44763.89
HLA-B*51:03,QMLLPSGL,16.467,30.033,39417.29
HLA-B*51:03,MLLPSGLF,11.344,7.87,29585.54
HLA-B*51:03,LLPSGLFN,80.0,76.406,45856.08
HLA-B*51:03,LPSGLFNV,0.357,0.341,8330.21
HLA-B*51:03,PSGLFNVE,58.25,72.406,45485.0
HLA-B*51:03,SGLFNVEK,49.571,72.881,45529.79
HLA-B*51:03,GLFNVEKV,14.459,27.557,38799.5
HLA-B*51:03,LFNVEKVS,83.75,88.179,46943.46
HLA-B*51:03,FNVEKVSG,54.444,71.973,45444.16
HLA-B*51:03,NVEKVSGR,56.0,91.706,47310.08
HLA-B*51:03,VEKVSGRI,17.881,22.561,37352.01
HLA-B*51:03,EKVSGRIA,40.812,68.804,45139.86
HLA-B*51:03,KVSGRIAA,48.0,71.608,45409.76
HLA-B*51:03,VSGRIAAF,11.902,25.297,38184.8
HLA-B*51:03,SGRIAAFV,12.074,8.406,30076.78
HLA-B*51:03,GRIAAFVE,83.75,88.847,47008.02
HLA-B*51:03,RIAAFVEV,13.711,19.667,36360.32
HLA-B*51:03,IAAFVEVL,1.82,4.455,25179.97
HLA-B*51:03,AAFVEVLA,9.046,12.98,33347.56
HLA-B*51:03,AFVEVLAR,48.25,76.058,45824.83
HLA-B*51:03,FVEVLARS,57.25,60.193,44237.13
HLA-B*51:03,VEVLARSM,12.931,28.861,39135.54
HLA-B*51:03,EVLARSMS,33.786,50.832,43085.94
HLA-B*51:03,VLARSMSV,8.053,11.43,32385.71
HLA-B*51:03,LARSMSVI,2.333,1.731,18105.56
HLA-B*51:03,ARSMSVIE,70.714,88.632,46987.16
HLA-B*51:03,RSMSVIEA,14.201,23.156,37540.01
HLA-B*51:03,SMSVIEAN,78.333,75.017,45731.72
HLA-B*51:03,MSVIEAND,82.5,64.754,44736.76
HLA-B*51:03,SVIEANDT,64.286,79.203,46107.34
HLA-B*51:03,VIEANDTA,56.0,65.148,44778.41
HLA-B*51:03,IEANDTAL,20.593,47.368,42605.21
HLA-B*51:03,EANDTALA,6.217,11.709,32570.89
HLA-B*51:03,ANDTALAC,38.167,68.73,45132.52
HLA-B*51:03,NDTALACI,22.18,19.507,36300.57
HLA-B*51:03,DTALACIY,17.591,18.881,36066.05
HLA-B*51:03,TALACIYS,42.462,32.381,39955.31
HLA-B*51:03,ALACIYST,65.455,54.402,43544.76
HLA-B*51:03,LACIYSTR,46.111,48.526,42774.28
HLA-B*51:03,ACIYSTRM,33.393,50.47,43039.81
HLA-B*51:03,CIYSTRML,13.449,10.277,31578.43
HLA-B*51:03,IYSTRMLK,69.091,69.336,45192.61
HLA-B*51:03,YSTRMLKY,9.747,25.433,38222.82
HLA-B*51:03,STRMLKYV,11.071,12.736,33202.11
HLA-B*51:03,TRMLKYVI,18.689,14.29,34048.31
HLA-B*51:03,RMLKYVID,86.667,83.554,46504.64
HLA-B*51:03,MLKYVIDS,56.0,59.284,44130.53
HLA-B*51:03,LKYVIDSI,8.19,8.23,29917.41
HLA-B*51:03,KYVIDSIL,32.613,46.621,42494.73
HLA-B*51:03,YVIDSILV,1.945,3.502,23328.16
HLA-B*51:03,VIDSILVR,49.286,79.695,46151.75
HLA-B*51:03,IDSILVRL,10.703,27.917,38898.29
HLA-B*51:03,DSILVRLE,15.34,24.695,38011.66
HLA-B*51:03,SILVRLEE,58.25,74.535,45686.23
HLA-B*51:03,ILVRLEEA,33.071,51.397,43158.27
HLA-B*51:03,LVRLEEAA,44.909,51.025,43110.68
HLA-B*51:03,VRLEEAAD,88.333,95.253,47794.73
HLA-B*51:03,RLEEAADT,91.667,95.654,47977.09
HLA-B*51:03,LEEAADTG,85.0,86.384,46770.57
HLA-B*51:03,EEAADTGR,58.25,92.53,47402.31
HLA-B*51:03,EAADTGRF,3.985,14.123,33966.99
HLA-B*51:03,AADTGRFP,35.875,60.233,44241.44
HLA-B*51:03,ADTGRFPK,58.5,91.898,47331.56
HLA-B*51:03,DTGRFPKV,1.558,3.522,23366.31
HLA-B*51:03,TGRFPKVM,18.659,39.406,41341.0
HLA-B*51:03,GRFPKVMH,47.875,90.471,47172.07
HLA-B*51:03,RFPKVMHR,52.963,83.916,46537.88
HLA-B*51:03,FPKVMHRR,8.697,16.153,34933.44
HLA-B*51:03,PKVMHRRA,30.811,47.805,42670.27
HLA-B*51:03,KVMHRRAE,83.75,94.886,47667.18
HLA-B*51:03,VMHRRAEL,19.885,30.255,39469.36
HLA-B*51:03,MHRRAELE,58.25,62.86,44528.62
HLA-B*51:03,HRRAELEF,30.838,60.04,44220.39
HLA-B*51:03,RRAELEFL,42.308,61.946,44428.54
HLA-B*51:03,RAELEFLR,58.0,76.883,45898.77
HLA-B*51:03,AELEFLRE,41.333,71.675,45416.15
HLA-B*51:03,ELEFLREL,5.293,14.698,34247.81
HLA-B*51:03,LEFLRELF,14.436,15.484,34622.62
HLA-B*51:03,EFLRELFL,10.344,18.123,35776.89
HLA-B*51:03,FLRELFLF,13.4,11.353,32334.58
HLA-B*51:03,LRELFLFK,63.571,72.709,45513.55
HLA-B*51:03,RELFLFKG,75.833,65.074,44771.14
HLA-B*51:03,ELFLFKGL,7.227,13.437,33597.82
HLA-B*51:03,LFLFKGLA,54.259,41.64,41716.62
HLA-B*51:03,FLFKGLAI,4.03,3.347,22954.1
HLA-B*51:03,LFKGLAIA,50.556,50.656,43063.58
HLA-B*51:03,FKGLAIAM,29.795,41.184,41643.13
HLA-B*51:03,KGLAIAMS,62.143,76.368,45852.62
HLA-B*51:03,GLAIAMSM,28.673,37.747,41038.39
HLA-B*51:03,LAIAMSMR,36.238,33.394,40171.6
HLA-B*51:03,AIAMSMRI,6.569,4.384,25043.04
HLA-B*51:03,IAMSMRIR,28.449,32.996,40089.55
HLA-B*51:03,AMSMRIRR,66.818,85.563,46691.71
HLA-B*51:03,MSMRIRRP,18.787,16.256,34979.2
HLA-B*51:03,SMRIRRPA,51.111,39.661,41385.31
HLA-B*51:03,MRIRRPAI,11.848,17.442,35496.58
HLA-B*51:03,RIRRPAIL,21.377,43.601,42032.88
HLA-B*51:03,IRRPAILN,67.727,78.771,46068.43
HLA-B*51:03,RRPAILNC,34.846,69.493,45208.26
HLA-B*51:03,RPAILNCY,9.566,28.092,38943.77
HLA-B*51:03,PAILNCYA,40.0,19.757,36394.17
HLA-B*51:03,AILNCYAI,10.894,6.602,28198.14
HLA-B*51:03,ILNCYAIV,21.86,12.857,33274.03
HLA-B*51:03,LNCYAIVL,19.601,18.618,35965.53
HLA-B*51:03,NCYAIVLP,29.568,32.857,40059.19
HLA-B*51:03,CYAIVLPP,67.273,46.552,42484.62
HLA-B*51:03,YAIVLPPR,13.588,21.708,37078.19
HLA-B*51:03,AIVLPPRL,6.751,21.022,36850.63
HLA-B*51:03,IVLPPRLC,17.42,36.636,40826.26
HLA-B*51:03,VLPPRLCD,81.25,87.889,46915.52
HLA-B*51:03,LPPRLCDQ,42.231,51.82,43212.47
HLA-B*51:03,PPRLCDQE,83.75,88.168,46942.43
HLA-B*51:03,PRLCDQEI,18.152,17.932,35701.48
HLA-B*51:03,RLCDQEIE,90.0,96.439,48336.64
HLA-B*51:03,LCDQEIEV,23.862,49.737,42943.55
HLA-B*51:03,CDQEIEVG,80.0,84.682,46608.4
HLA-B*51:03,DQEIEVGI,4.095,10.925,32046.89
HLA-B*51:03,QEIEVGIN,43.0,76.91,45901.26
HLA-B*51:03,EIEVGINP,26.683,56.036,43744.52
HLA-B*51:03,IEVGINPK,57.75,78.749,46066.44
HLA-B*51:03,EVGINPKL,4.456,17.36,35462.42
HLA-B*51:03,VGINPKLI,3.759,9.562,31064.03
HLA-B*51:03,GINPKLIT,58.25,90.183,47139.92
HLA-B*51:03,INPKLITF,6.643,22.88,37452.77
HLA-B*51:03,NPKLITFV,0.105,0.306,7864.42
HLA-B*51:03,PKLITFVL,3.78,8.466,30130.83
HLA-B*51:03,KLITFVLY,36.905,60.022,44218.48
HLA-B*51:03,LITFVLYL,18.171,19.825,36419.76
HLA-B*51:03,ITFVLYLP,29.068,17.845,35665.19
HLA-B*51:03,TFVLYLPQ,66.364,76.251,45842.21
HLA-B*51:03,FVLYLPQT,30.486,32.161,39907.34
HLA-B*51:03,VLYLPQTP,14.538,30.768,39589.53
HLA-B*51:03,LYLPQTPH,49.0,70.997,45352.31
HLA-B*51:03,YLPQTPHA,14.768,30.066,39424.96
HLA-B*51:03,LPQTPHAT,4.731,11.029,32120.84
HLA-B*51:03,PQTPHATT,24.0,49.067,42851.17
HLA-B*51:03,QTPHATTI,2.452,7.799,29516.8
HLA-B*51:03,TPHATTIE,13.654,33.048,40100.39
HLA-B*51:03,PHATTIEE,56.75,79.884,46168.72
HLA-B*51:03,HATTIEEG,52.407,70.089,45267.02
HLA-B*51:03,ATTIEEGS,91.667,96.163,48209.71
HLA-B*51:03,TTIEEGSS,52.037,80.893,46260.73
HLA-B*51:03,TIEEGSSA,32.258,56.88,43844.5
HLA-B*51:03,IEEGSSAP,50.926,76.661,45878.92
HLA-B*51:03,EEGSSAPI,10.38,16.029,34878.31
HLA-B*51:03,EGSSAPIR,47.125,84.748,46614.47
HLA-B*51:03,GSSAPIRS,55.0,91.862,47327.47
HLA-B*51:03,SSAPIRSE,40.5,66.875,44948.8
HLA-B*51:03,SAPIRSEK,37.895,68.971,45156.45
HLA-B*51:03,APIRSEKG,31.853,65.472,44810.39
HLA-B*51:03,PIRSEKGV,14.127,34.271,40352.84
HLA-B*51:03,IRSEKGVC,49.857,88.584,46982.59
HLA-B*51:03,RSEKGVCQ,78.333,96.064,48164.34
HLA-B*51:03,SEKGVCQL,15.127,41.433,41683.25
HLA-B*51:03,EKGVCQLA,38.278,53.643,43446.89
HLA-B*51:03,KGVCQLAR,86.667,90.801,47208.83
HLA-B*51:03,GVCQLARA,68.636,72.056,45452.04
HLA-B*51:03,VCQLARAL,25.134,44.876,42233.0
HLA-B*51:03,CQLARALA,54.074,33.606,40215.54
HLA-B*51:03,QLARALAI,8.958,11.557,32469.91
HLA-B*51:03,LARALAIT,37.895,35.704,40643.79
HLA-B*51:03,ARALAITV,7.065,9.668,31139.72
HLA-B*51:03,RALAITVR,39.412,57.484,43916.18
HLA-B*51:03,ALAITVRD,83.75,85.611,46696.25
HLA-B*51:03,LAITVRDI,1.675,1.62,17609.98
HLA-B*51:03,AITVRDIL,23.494,40.13,41466.42
HLA-B*51:03,ITVRDILR,52.593,71.493,45398.96
HLA-B*51:03,TVRDILRI,2.734,6.382,27925.79
HLA-B*51:03,VRDILRIN,56.0,88.584,46982.59
HLA-B*51:03,RDILRINT,49.286,78.04,46002.7
HLA-B*51:03,DILRINTA,5.002,8.715,30348.74
HLA-B*51:03,ILRINTAL,14.217,25.27,38177.36
HLA-B*51:03,LRINTALK,65.455,77.575,45960.89
HLA-B*51:03,RINTALKD,97.5,95.146,47746.15
HLA-B*51:03,INTALKDA,58.25,82.53,46410.65
HLA-B*51:03,NTALKDAS,61.786,77.464,45950.96
HLA-B*51:03,TALKDASL,3.783,12.804,33242.37
HLA-B*51:03,ALKDASLD,91.667,95.143,47745.11
HLA-B*51:03,LKDASLDI,24.026,29.201,39218.19
HLA-B*51:03,KDASLDID,95.0,96.952,48572.53
HLA-B*51:03,DASLDIDA,10.331,19.243,36202.12
HLA-B*51:03,ASLDIDAK,55.25,87.979,46924.14
HLA-B*51:03,SLDIDAKA,43.455,60.215,44239.52
HLA-B*51:03,LDIDAKAS,66.364,87.032,46832.84
HLA-B*51:03,DIDAKASF,7.761,25.23,38166.21
HLA-B*51:03,IDAKASFL,17.223,33.164,40124.27
HLA-B*51:03,DAKASFLK,10.082,23.429,37626.2
HLA-B*51:03,AKASFLKH,54.259,86.311,46763.49
HLA-B*51:03,KASFLKHS,48.5,76.174,45835.27
HLA-B*51:03,ASFLKHSM,6.773,15.28,34526.86
HLA-B*51:03,SFLKHSMK,64.643,73.946,45630.41
HLA-B*51:03,FLKHSMKH,37.211,70.955,45348.39
HLA-B*51:03,LKHSMKHR,78.333,95.113,47731.16
HLA-B*51:03,KHSMKHRK,79.167,95.108,47729.1
HLA-B*51:03,HSMKHRKE,51.852,75.255,45753.02
HLA-B*51:03,SMKHRKED,97.5,96.682,48448.14
HLA-B*51:03,MKHRKEDD,97.5,97.232,48702.02
HLA-B*51:03,KHRKEDDE,91.667,97.626,48884.68
HLA-B*51:03,HRKEDDEK,78.333,97.299,48733.09
HLA-B*51:03,RKEDDEKS,97.5,98.178,49141.85
HLA-B*51:03,KEDDEKST,58.75,96.692,48452.86
HLA-B*51:03,EDDEKSTQ,59.25,95.89,48085.2
HLA-B*51:03,DDEKSTQK,47.875,95.199,47770.42
HLA-B*51:03,DEKSTQKS,37.421,81.999,46361.95
HLA-B*51:03,EKSTQKSD,93.333,97.019,48603.55
HLA-B*51:03,KSTQKSDA,67.727,92.264,47372.54
HLA-B*51:03,STQKSDAK,61.071,91.908,47332.6
HLA-B*51:03,TQKSDAKI,11.942,28.714,39098.71
HLA-B*51:03,QKSDAKIV,29.727,65.615,44824.47
HLA-B*51:03,KSDAKIVD,82.5,95.688,47992.69
HLA-B*51:03,SDAKIVDL,18.079,50.718,43071.49
HLA-B*51:03,DAKIVDLT,4.485,10.203,31524.84
HLA-B*51:03,AKIVDLTE,66.364,86.726,46803.46
HLA-B*51:03,KIVDLTEQ,75.833,95.958,48115.91
HLA-B*51:03,IVDLTEQY,25.388,59.252,44126.72
HLA-B*51:03,VDLTEQYA,39.706,63.95,44648.27
HLA-B*51:03,DLTEQYAQ,43.364,72.808,45522.91
HLA-B*51:03,LTEQYAQT,53.333,63.383,44586.01
HLA-B*51:03,TEQYAQTC,31.059,54.832,43600.4
HLA-B*51:03,EQYAQTCL,4.92,10.594,31806.47
HLA-B*51:03,QYAQTCLL,26.583,27.319,38734.5
HLA-B*51:03,YAQTCLLG,58.25,16.39,35039.06
HLA-B*51:03,AQTCLLGA,58.5,52.046,43241.46
HLA-B*51:03,QTCLLGAS,75.833,72.589,45502.22
HLA-B*51:03,TCLLGASF,20.919,31.753,39815.92
HLA-B*51:03,CLLGASFV,28.041,20.399,36627.63
HLA-B*51:03,LLGASFVL,25.537,21.532,37019.68
HLA-B*51:03,LGASFVLY,19.297,25.82,38331.33
HLA-B*51:03,GASFVLYG,67.727,52.578,43309.84
HLA-B*51:03,ASFVLYGY,20.927,34.82,40466.51
HLA-B*51:03,SFVLYGYD,93.333,80.887,46260.25
HLA-B*51:03,FVLYGYDV,21.439,13.945,33877.07
HLA-B*51:03,VLYGYDVI,11.692,8.97,30571.21
HLA-B*51:03,LYGYDVIE,86.667,92.612,47411.54
HLA-B*51:03,YGYDVIET,14.471,23.152,37538.78
HLA-B*51:03,GYDVIETG,68.636,78.566,46049.98
HLA-B*51:03,YDVIETGF,21.939,46.821,42524.18
HLA-B*51:03,DVIETGFV,1.058,1.657,17776.73
HLA-B*51:03,VIETGFVP,57.75,60.716,44294.14
HLA-B*51:03,IETGFVPS,47.375,65.664,44829.32
HLA-B*51:03,ETGFVPSH,28.796,64.534,44712.56
HLA-B*51:03,TGFVPSHF,3.347,8.072,29775.96
HLA-B*51:03,GFVPSHFN,86.667,88.626,46986.65
HLA-B*51:03,FVPSHFNA,17.731,17.673,35593.11
HLA-B*51:03,VPSHFNAK,21.781,34.355,40370.3
HLA-B*51:03,PSHFNAKD,82.5,86.347,46767.02
HLA-B*51:03,SHFNAKDN,55.25,82.678,46424.21
HLA-B*51:03,HFNAKDNR,78.333,95.247,47792.14
HLA-B*51:03,FNAKDNRF,25.522,46.498,42476.82
HLA-B*51:03,NAKDNRFV,2.318,6.544,28129.88
HLA-B*51:03,AKDNRFVK,61.786,92.324,47379.23
HLA-B*51:03,KDNRFVKF,26.633,56.516,43801.34
HLA-B*51:03,DNRFVKFL,4.317,12.906,33303.2
HLA-B*51:03,NRFVKFLW,22.73,20.537,36677.2
HLA-B*51:03,RFVKFLWS,90.0,82.47,46405.11
HLA-B*51:03,FVKFLWSD,63.214,47.235,42585.41
HLA-B*51:03,VKFLWSDE,88.333,81.627,46327.88
HLA-B*51:03,KFLWSDET,88.333,82.152,46376.0
HLA-B*51:03,FLWSDETV,14.137,11.148,32198.78
HLA-B*51:03,LWSDETVA,69.545,75.161,45744.58
HLA-B*51:03,WSDETVAN,61.429,74.687,45700.55
HLA-B*51:03,SDETVANK,70.714,94.835,47661.49
HLA-B*51:03,DETVANKV,4.264,15.805,34773.56
HLA-B*51:03,ETVANKVI,2.937,7.194,28890.86
HLA-B*51:03,TVANKVIA,28.551,50.314,43019.8
HLA-B*51:03,VANKVIAV,0.777,2.207,19897.83
HLA-B*51:03,ANKVIAVQ,65.909,87.9,46916.55
HLA-B*51:03,NKVIAVQP,45.6,70.047,45263.08
HLA-B*51:03,KVIAVQPT,40.438,65.723,44835.14
HLA-B*51:03,VIAVQPTD,80.0,82.552,46412.65
HLA-B*51:03,IAVQPTDD,65.455,82.251,46385.04
HLA-B*51:03,AVQPTDDV,25.493,41.388,41676.02
HLA-B*51:03,VQPTDDVT,75.833,93.317,47490.59
HLA-B*51:03,QPTDDVTE,32.323,80.411,46216.71
HLA-B*51:03,PTDDVTEA,23.724,62.008,44435.25
HLA-B*51:03,TDDVTEAV,13.993,34.873,40477.45
HLA-B*51:03,DDVTEAVT,35.958,73.481,45586.49
HLA-B*51:03,DVTEAVTV,0.565,2.128,19650.51
HLA-B*51:03,VTEAVTVA,26.133,42.967,41935.68
HLA-B*51:03,TEAVTVAK,50.0,72.531,45496.79
HLA-B*51:03,EAVTVAKD,43.0,52.352,43280.8
HLA-B*51:03,AVTVAKDP,77.5,89.247,47046.68
HLA-B*51:03,VTVAKDPR,70.0,93.065,47462.33
HLA-B*51:03,TVAKDPRF,17.119,49.027,42845.62
HLA-B*51:03,VAKDPRFM,7.09,23.789,37739.96
HLA-B*51:03,AKDPRFMG,54.444,85.668,46701.8
HLA-B*51:03,KDPRFMGD,93.333,95.721,48007.73
HLA-B*51:03,DPRFMGDD,57.5,49.886,42963.99
HLA-B*51:03,PRFMGDDS,75.0,83.445,46494.59
HLA-B*51:03,RFMGDDSP,79.167,78.66,46058.48
HLA-B*51:03,FMGDDSPI,27.519,17.939,35704.59
HLA-B*51:03,MGDDSPIK,44.273,83.729,46520.74
HLA-B*51:03,GDDSPIKY,46.0,93.806,47545.59
HLA-B*51:03,DDSPIKYE,43.545,82.01,46362.96
HLA-B*51:03,DSPIKYEI,0.349,1.396,16551.19
HLA-B*51:03,SPIKYEIF,2.034,5.984,27420.99
HLA-B*51:03,PIKYEIFM,9.803,15.387,34577.33
HLA-B*51:03,IKYEIFMR,44.182,64.341,44691.29
HLA-B*51:03,KYEIFMRG,70.0,67.963,45056.41
HLA-B*51:03,YEIFMRGP,41.167,40.918,41599.43
HLA-B*51:03,EIFMRGPG,27.63,33.838,40263.41
HLA-B*51:03,IFMRGPGG,79.167,72.756,45517.98
HLA-B*51:03,FMRGPGGS,58.75,72.756,45517.98
HLA-B*51:03,MRGPGGSA,48.125,53.527,43431.84
HLA-B*51:03,RGPGGSAL,24.558,53.242,43395.2
HLA-B*51:03,GPGGSALE,60.0,83.45,46495.07
HLA-B*51:03,PGGSALEA,39.588,51.503,43171.8
HLA-B*51:03,GGSALEAV,25.896,52.619,43314.98
HLA-B*51:03,GSALEAVA,50.926,66.604,44922.05
HLA-B*51:03,SALEAVAE,24.701,47.149,42572.5
HLA-B*51:03,ALEAVAEQ,72.143,92.868,47440.26
HLA-B*51:03,LEAVAEQS,60.0,81.227,46291.29
HLA-B*51:03,EAVAEQSQ,35.083,70.71,45325.32
HLA-B*51:03,AVAEQSQT,59.5,89.305,47052.27
HLA-B*51:03,VAEQSQTK,38.944,74.833,45714.41
HLA-B*51:03,AEQSQTKP,44.545,84.053,46550.45
HLA-B*51:03,EQSQTKPG,59.5,84.874,46626.08
HLA-B*51:03,QSQTKPGA,35.042,69.109,45170.14
HLA-B*51:03,SQTKPGAR,60.357,91.944,47336.69
HLA-B*51:03,QTKPGARG,58.75,86.311,46763.49
HLA-B*51:03,TKPGARGS,80.0,96.538,48382.14
HLA-B*51:03,KPGARGSA,35.5,53.468,43424.31
HLA-B*51:03,PGARGSAQ,90.0,96.194,48224.33
HLA-B*51:03,GARGSAQQ,73.571,95.693,47995.29
HLA-B*51:03,ARGSAQQE,76.667,95.884,48082.07
HLA-B*51:03,RGSAQQEK,80.0,95.884,48082.07
HLA-B*51:03,GSAQQEKN,95.0,97.291,48729.41
HLA-B*51:03,SAQQEKNR,53.148,91.4,47275.8
HLA-B*51:03,AQQEKNRP,57.25,91.263,47260.43
HLA-B*51:03,QQEKNRPG,75.0,95.047,47701.21
HLA-B*51:03,QEKNRPGV,25.746,52.856,43345.46
HLA-B*51:03,EKNRPGVE,59.0,95.113,47731.16
HLA-B*51:03,KNRPGVEV,14.465,40.532,41534.24
HLA-B*51:03,NRPGVEVA,38.889,65.571,44820.1
HLA-B*51:03,RPGVEVAI,2.094,6.376,27918.86
HLA-B*51:03,PGVEVAIS,71.429,82.749,46430.73
HLA-B*51:03,GVEVAISA,40.312,55.072,43630.61
HLA-B*51:03,VEVAISAG,67.727,70.423,45298.35
HLA-B*51:03,EVAISAGL,8.139,16.772,35210.08
HLA-B*51:03,VAISAGLN,30.486,43.196,41971.07
HLA-B*51:03,AISAGLNK,75.833,89.979,47117.49
HLA-B*51:03,ISAGLNKC,26.317,59.292,44131.5
HLA-B*51:03,SAGLNKCV,5.668,14.196,34002.3
HLA-B*51:03,AGLNKCVG,85.0,85.974,46731.11
HLA-B*51:03,GLNKCVGP,93.333,94.959,47675.41
HLA-B*51:03,LNKCVGPI,16.169,13.263,33502.7
HLA-B*51:03,NKCVGPID,93.333,95.461,47889.46
HLA-B*51:03,KCVGPIDK,91.667,97.244,48707.79
HLA-B*51:03,CVGPIDKD,97.5,95.13,47738.91
HLA-B*51:03,VGPIDKDE,93.333,96.989,48589.89
HLA-B*51:03,GPIDKDEE,43.455,89.637,47084.35
HLA-B*51:03,PIDKDEEN,71.429,96.609,48414.6
HLA-B*51:03,IDKDEENK,88.333,97.469,48811.72
HLA-B*51:03,DKDEENKL,11.675,61.973,44431.41
HLA-B*51:03,KDEENKLT,76.667,96.746,48477.52
HLA-B*51:03,DEENKLTR,48.0,87.432,46871.37
HLA-B*51:03,EENKLTRD,62.5,88.068,46932.8
HLA-B*51:03,ENKLTRDN,90.0,95.317,47823.69
HLA-B*51:03,NKLTRDNV,25.06,47.263,42589.55
HLA-B*51:03,KLTRDNVP,83.75,94.812,47658.91
HLA-B*51:03,LTRDNVPG,67.727,69.557,45214.62
HLA-B*51:03,TRDNVPGI,17.394,30.046,39420.26
HLA-B*51:03,RDNVPGIG,80.0,93.307,47489.58
HLA-B*51:03,DNVPGIGA,9.964,32.282,39933.7
HLA-B*51:03,NVPGIGAE,57.5,85.379,46674.0
HLA-B*51:03,VPGIGAEH,17.062,49.104,42856.26
HLA-B*51:03,PGIGAEHA,34.038,62.957,44539.22
HLA-B*51:03,GIGAEHAT,85.0,95.666,47982.82
HLA-B*51:03,IGAEHATM,6.81,17.01,35316.9
HLA-B*51:03,GAEHATMD,88.333,95.317,47823.69
HLA-B*51:03,AEHATMDS,62.5,84.381,46580.7
HLA-B*51:03,EHATMDSI,10.028,13.228,33483.87
HLA-B*51:03,HATMDSID,83.75,82.826,46437.77
HLA-B*51:03,ATMDSIDV,10.982,20.549,36681.57
HLA-B*51:03,TMDSIDVL,13.22,23.495,37646.98
HLA-B*51:03,MDSIDVLM,21.816,22.905,37460.88
HLA-B*51:03,DSIDVLMP,6.929,12.909,33305.01
HLA-B*51:03,SIDVLMPE,46.333,77.458,45950.46
HLA-B*51:03,IDVLMPEK,52.222,84.096,46554.48
HLA-B*51:03,DVLMPEKR,27.981,70.282,45285.12
HLA-B*51:03,VLMPEKRA,40.125,58.32,44015.62
HLA-B*51:03,LMPEKRAK,67.727,86.432,46775.13
HLA-B*51:03,MPEKRAKL,1.016,3.482,23281.52
HLA-B*51:03,PEKRAKLS,77.5,91.679,47307.0
HLA-B*51:03,EKRAKLST,46.778,83.932,46539.38
HLA-B*51:03,KRAKLSTD,93.333,96.072,48168.01
HLA-B*51:03,RAKLSTDK,66.364,86.895,46819.68
HLA-B*51:03,AKLSTDKA,57.25,72.662,45509.12
HLA-B*51:03,KLSTDKAK,91.667,96.873,48536.3
HLA-B*51:03,LSTDKAKS,62.143,92.507,47399.74
HLA-B*51:03,STDKAKSV,6.598,23.389,37613.59
HLA-B*51:03,TDKAKSVG,80.0,94.849,47663.05
HLA-B*51:03,DKAKSVGW,21.693,52.786,43336.55
HLA-B*51:03,KAKSVGWA,31.324,48.162,42722.48
HLA-B*51:03,AKSVGWAL,7.307,26.873,38613.56
HLA-B*51:03,KSVGWALV,15.56,14.166,33987.93
HLA-B*51:03,SVGWALVD,95.0,80.783,46250.73
HLA-B*51:03,VGWALVDR,59.25,68.597,45119.34
HLA-B*51:03,GWALVDRL,31.559,44.859,42230.25
HLA-B*51:03,WALVDRLR,51.111,46.89,42534.3
HLA-B*51:03,ALVDRLRF,27.759,40.731,41567.95
HLA-B*51:03,LVDRLRFL,14.834,24.387,37920.89
HLA-B*51:03,VDRLRFLS,61.786,65.281,44791.5
HLA-B*51:03,DRLRFLSE,43.909,63.001,44544.05
HLA-B*51:03,RLRFLSEI,15.731,16.523,35098.63
HLA-B*51:03,LRFLSEIM,31.588,31.655,39793.51
HLA-B*51:03,RFLSEIMY,50.185,70.799,45333.66
HLA-B*51:03,FLSEIMYS,45.4,48.445,42762.7
HLA-B*51:03,LSEIMYSK,34.308,56.812,43836.44
HLA-B*51:03,SEIMYSKN,59.0,69.572,45216.11
HLA-B*51:03,EIMYSKNC,32.129,49.343,42889.21
HLA-B*51:03,IMYSKNCD,90.0,79.175,46104.84
HLA-B*51:03,MYSKNCDS,78.333,85.042,46641.72
HLA-B*51:03,YSKNCDSA,37.368,35.96,40694.83
HLA-B*51:03,SKNCDSAH,82.5,95.483,47899.31
HLA-B*51:03,KNCDSAHE,88.333,96.936,48565.2
HLA-B*51:03,NCDSAHEQ,74.286,95.416,47868.74
HLA-B*51:03,CDSAHEQR,81.25,95.156,47750.8
HLA-B*51:03,DSAHEQRE,48.75,85.442,46680.09
HLA-B*51:03,SAHEQREQ,25.209,76.65,45877.94
HLA-B*51:03,AHEQREQA,26.533,65.91,44853.59
HLA-B*51:03,HEQREQAH,58.5,93.939,47560.53
HLA-B*51:03,EQREQAHR,36.905,80.383,46214.21
HLA-B*51:03,QREQAHRW,25.075,61.722,44404.02
HLA-B*51:03,REQAHRWN,88.333,89.363,47057.88
HLA-B*51:03,EQAHRWNL,7.211,23.071,37513.2
HLA-B*51:03,QAHRWNLG,52.778,47.356,42603.37
HLA-B*51:03,AHRWNLGK,70.0,83.406,46491.05
HLA-B*51:03,HRWNLGKG,67.727,82.64,46420.68
HLA-B*51:03,RWNLGKGG,95.0,95.857,48070.1
HLA-B*51:03,WNLGKGGP,83.75,85.105,46647.77
HLA-B*51:03,NLGKGGPP,81.25,85.368,46673.01
HLA-B*51:03,LGKGGPPG,70.0,83.571,46506.16
HLA-B*51:03,GKGGPPGE,97.5,98.318,49207.31
HLA-B*51:03,KGGPPGEK,76.667,96.607,48413.57
HLA-B*51:03,GGPPGEKY,39.412,91.876,47329.0
HLA-B*51:03,GPPGEKYS,51.852,91.038,47235.39
HLA-B*51:03,PPGEKYSI,2.659,13.564,33667.31
HLA-B*51:03,PGEKYSIC,38.167,68.361,45095.92
HLA-B*51:03,GEKYSICP,69.545,80.975,46268.25
HLA-B*51:03,EKYSICPC,48.25,49.519,42913.34
HLA-B*51:03,KYSICPCV,30.703,25.705,38298.98
HLA-B*51:03,YSICPCVN,62.857,32.129,39900.44
HLA-B*51:03,SICPCVNS,83.75,83.45,46495.07
HLA-B*51:03,ICPCVNSK,76.667,91.299,47264.52
HLA-B*51:03,CPCVNSKD,79.167,42.395,41840.48
HLA-B*51:03,PCVNSKDV,36.952,50.441,43036.09
HLA-B*51:03,CVNSKDVC,81.25,82.908,46445.29
HLA-B*51:03,VNSKDVCW,36.714,57.824,43956.59
HLA-B*51:03,NSKDVCWE,41.25,64.877,44750.32
HLA-B*51:03,SKDVCWEL,21.43,33.545,40202.91
HLA-B*51:03,KDVCWELN,97.5,92.008,47343.87
HLA-B*51:03,DVCWELNH,57.5,67.554,45015.95
HLA-B*51:03,VCWELNHN,61.786,80.624,46236.21
HLA-B*51:03,CWELNHNA,57.75,54.037,43497.69
HLA-B*51:03,WELNHNAN,78.333,77.099,45918.17
HLA-B*51:03,ELNHNANQ,66.818,91.221,47255.83
HLA-B*51:03,LNHNANQH,65.455,91.761,47316.21
HLA-B*51:03,NHNANQHV,17.653,29.808,39363.58
HLA-B*51:03,HNANQHVL,10.564,33.743,40243.84
HLA-B*51:03,NANQHVLL,1.057,4.145,24585.29
HLA-B*51:03,ANQHVLLT,35.542,55.832,43720.38
HLA-B*51:03,NQHVLLTA,10.833,17.131,35367.0
HLA-B*51:03,QHVLLTAV,11.353,16.398,35042.86
HLA-B*51:03,HVLLTAVV,4.056,5.389,26608.47
HLA-B*51:03,VLLTAVVE,59.75,84.874,46626.08
HLA-B*51:03,LLTAVVER,61.429,81.785,46342.4
HLA-B*51:03,LTAVVERK,59.75,75.576,45781.73
HLA-B*51:03,TAVVERKS,46.0,67.136,44974.57
HLA-B*51:03,AVVERKSL,18.598,48.523,42773.81
HLA-B*51:03,VVERKSLG,74.286,90.151,47136.34
HLA-B*51:03,VERKSLGC,53.333,70.334,45290.03
HLA-B*51:03,ERKSLGCL,33.429,50.018,42982.11
HLA-B*51:03,RKSLGCLR,81.25,95.125,47736.85
HLA-B*51:03,KSLGCLRK,63.571,86.9,46820.19
HLA-B*51:03,SLGCLRKD,100.0,95.567,47937.66
HLA-B*51:03,LGCLRKDG,100.0,96.27,48258.77
HLA-B*51:03,GCLRKDGP,97.5,97.427,48792.18
HLA-B*51:03,CLRKDGPV,42.615,29.055,39183.4
HLA-B*51:03,LRKDGPVY,48.25,78.206,46017.62
HLA-B*51:03,RKDGPVYI,16.151,43.923,42082.03
HLA-B*51:03,KDGPVYIR,71.429,95.745,48018.66
HLA-B*51:03,DGPVYIRK,25.657,53.997,43492.5
HLA-B*51:03,GPVYIRKG,48.0,57.48,43915.73
HLA-B*51:03,PVYIRKGT,62.857,76.777,45889.33
HLA-B*51:03,VYIRKGTT,53.519,75.487,45773.79
HLA-B*51:03,YIRKGTTS,55.5,70.24,45281.21
HLA-B*51:03,IRKGTTSQ,64.286,95.827,48056.09
HLA-B*51:03,RKGTTSQK,86.667,96.886,48542.06
HLA-B*51:03,KGTTSQKL,22.01,62.412,44479.52
HLA-B*51:03,GTTSQKLI,23.356,43.074,41952.45
HLA-B*51:03,TTSQKLIL,12.877,31.727,39809.89
HLA-B*51:03,TSQKLILE,34.962,61.599,44390.57
HLA-B*51:03,SQKLILED,68.182,78.056,46004.18
HLA-B*51:03,QKLILEDK,81.25,96.319,48281.21
HLA-B*51:03,KLILEDKP,73.571,90.855,47214.95
HLA-B*51:03,LILEDKPN,79.167,93.193,47476.71
HLA-B*51:03,ILEDKPNI,14.994,25.545,38254.26
HLA-B*51:03,LEDKPNIG,62.5,84.529,46594.3
HLA-B*51:03,EDKPNIGA,31.147,61.164,44343.04
HLA-B*51:03,DKPNIGAD,72.143,94.479,47621.3
HLA-B*51:03,KPNIGADP,36.095,56.592,43810.36
HLA-B*51:03,PNIGADPL,18.354,29.648,39325.27
HLA-B*51:03,NIGADPLC,62.143,78.112,46009.17
HLA-B*51:03,IGADPLCR,58.75,86.8,46810.56
HLA-B*51:03,GADPLCRG,71.429,89.153,47037.52
HLA-B*51:03,ADPLCRGL,22.09,51.375,43155.46
HLA-B*51:03,DPLCRGLA,9.468,3.569,23459.02
HLA-B*51:03,PLCRGLAL,8.897,6.98,28652.71
HLA-B*51:03,LCRGLALG,90.0,86.853,46815.63
HLA-B*51:03,CRGLALGV,51.481,32.837,40054.85
HLA-B*51:03,RGLALGVI,9.697,9.794,31230.83
HLA-B*51:03,GLALGVIQ,81.25,95.829,48057.11
HLA-B*51:03,LALGVIQE,25.015,41.765,41736.94
HLA-B*51:03,ALGVIQED,88.333,87.695,46896.73
HLA-B*51:03,LGVIQEDS,91.667,91.812,47321.86
HLA-B*51:03,GVIQEDSI,28.714,42.94,41931.13
HLA-B*51:03,VIQEDSIE,79.167,95.501,47907.59
HLA-B*51:03,IQEDSIEP,54.259,85.163,46653.3
HLA-B*51:03,QEDSIEPI,8.327,21.761,37095.87
HLA-B*51:03,EDSIEPIA,33.179,55.468,43677.37
HLA-B*51:03,DSIEPIAS,6.979,19.185,36180.58
HLA-B*51:03,SIEPIASL,5.319,17.5,35520.79
HLA-B*51:03,IEPIASLE,47.625,73.225,45562.33
HLA-B*51:03,EPIASLEK,13.699,25.929,38362.05
HLA-B*51:03,PIASLEKA,19.892,30.155,39445.87
HLA-B*51:03,IASLEKAG,67.273,76.783,45889.84
HLA-B*51:03,ASLEKAGE,74.286,93.371,47496.77
HLA-B*51:03,SLEKAGEG,90.0,90.769,47205.24
HLA-B*51:03,LEKAGEGN,88.333,95.327,47828.34
HLA-B*51:03,EKAGEGNY,63.571,90.0,47119.53
HLA-B*51:03,KAGEGNYK,69.545,94.026,47570.32
HLA-B*51:03,AGEGNYKI,15.06,34.884,40479.64
HLA-B*51:03,GEGNYKIL,41.083,75.078,45737.18
HLA-B*51:03,EGNYKILA,21.816,32.224,39921.16
HLA-B*51:03,GNYKILAV,6.974,15.108,34446.64
HLA-B*51:03,NYKILAVF,18.348,26.984,38643.23
HLA-B*51:03,YKILAVFK,62.143,73.847,45621.02
HLA-B*51:03,KILAVFKG,82.5,78.743,46065.94
HLA-B*51:03,ILAVFKGR,75.833,85.421,46678.07
HLA-B*51:03,LAVFKGRD,72.857,78.073,46005.67
HLA-B*51:03,AVFKGRDY,35.208,61.639,44394.89
HLA-B*51:03,VFKGRDYF,34.077,50.066,42988.16
HLA-B*51:03,FKGRDYFP,70.0,69.69,45227.83
HLA-B*51:03,KGRDYFPQ,60.357,84.704,46610.41
HLA-B*51:03,GRDYFPQK,63.929,91.564,47294.21
HLA-B*51:03,RDYFPQKG,48.375,76.19,45836.74
HLA-B*51:03,DYFPQKGL,8.575,20.635,36712.15
HLA-B*51:03,YFPQKGLD,81.25,80.142,46192.22
HLA-B*51:03,FPQKGLDL,0.935,2.395,20496.99
HLA-B*51:03,PQKGLDLR,63.214,91.514,47288.57
HLA-B*51:03,QKGLDLRN,95.0,96.711,48461.77
HLA-B*51:03,KGLDLRND,93.333,96.319,48281.21
HLA-B*51:03,GLDLRNDG,97.5,96.875,48537.34
HLA-B*51:03,LDLRNDGE,95.0,95.909,48093.51
HLA-B*51:03,DLRNDGEK,64.643,88.279,46953.11
HLA-B*51:03,LRNDGEKY,64.286,89.616,47082.32
HLA-B*51:03,RNDGEKYR,80.0,97.387,48773.71
HLA-B*51:03,NDGEKYRL,21.561,59.112,44110.02
HLA-B*51:03,DGEKYRLI,2.572,5.077,26159.72
HLA-B*51:03,GEKYRLIA,48.0,68.391,45098.83
HLA-B*51:03,EKYRLIAT,25.851,52.987,43362.35
HLA-B*51:03,KYRLIATE,77.5,85.689,46703.81
HLA-B*51:03,YRLIATEV,11.925,14.759,34277.84
HLA-B*51:03,RLIATEVG,76.667,80.049,46183.73
HLA-B*51:03,LIATEVGL,28.184,41.218,41648.53
HLA-B*51:03,IATEVGLV,1.29,1.787,18336.41
HLA-B*51:03,ATEVGLVT,45.8,61.582,44388.65
HLA-B*51:03,TEVGLVTK,47.0,74.708,45702.53
HLA-B*51:03,EVGLVTKY,14.08,40.184,41475.41
HLA-B*51:03,VGLVTKYD,88.333,79.557,46139.29
HLA-B*51:03,GLVTKYDN,97.5,97.02,48604.09
HLA-B*51:03,LVTKYDNT,80.0,85.405,46676.53
HLA-B*51:03,VTKYDNTP,52.222,69.483,45207.3
HLA-B*51:03,TKYDNTPS,35.708,77.835,45984.28
HLA-B*51:03,KYDNTPSS,64.286,86.958,46825.78
HLA-B*51:03,YDNTPSSP,38.222,69.193,45178.45
HLA-B*51:03,DNTPSSPL,3.613,15.304,34538.44
HLA-B*51:03,NTPSSPLF,3.906,9.676,31146.13
HLA-B*51:03,TPSSPLFD,32.419,30.659,39563.82
HLA-B*51:03,PSSPLFDD,91.667,87.305,46859.22
HLA-B*51:03,SSPLFDDV,15.119,16.719,35186.47
HLA-B*51:03,SPLFDDVS,39.059,43.452,42010.14
HLA-B*51:03,PLFDDVSM,21.553,28.276,38989.71
HLA-B*51:03,LFDDVSML,12.183,23.0,37490.9
HLA-B*51:03,FDDVSMLH,49.429,68.189,45078.82
HLA-B*51:03,DDVSMLHL,3.156,15.2,34489.54
HLA-B*51:03,DVSMLHLA,4.834,6.817,28455.91
HLA-B*51:03,VSMLHLAL,3.86,4.066,24435.44
HLA-B*51:03,SMLHLALV,10.868,5.818,27195.85
HLA-B*51:03,MLHLALVR,46.444,51.575,43181.16
HLA-B*51:03,LHLALVRE,51.296,66.132,44875.4
HLA-B*51:03,HLALVREC,28.694,50.419,43033.32
HLA-B*51:03,LALVRECE,59.75,62.412,44479.52
HLA-B*51:03,ALVRECEV,25.373,27.784,38861.68
HLA-B*51:03,LVRECEVG,90.0,81.533,46319.33
HLA-B*51:03,VRECEVGM,57.75,65.418,44805.07
HLA-B*51:03,RECEVGMK,68.636,88.637,46987.65
HLA-B*51:03,ECEVGMKT,41.5,72.27,45472.18
HLA-B*51:03,CEVGMKTV,17.135,19.004,36113.3
HLA-B*51:03,EVGMKTVV,4.944,12.903,33301.76
HLA-B*51:03,VGMKTVVA,11.6,19.685,36367.0
HLA-B*51:03,GMKTVVAF,22.4,39.743,41399.62
HLA-B*51:03,MKTVVAFG,70.714,56.652,43817.47
HLA-B*51:03,KTVVAFGG,91.667,77.669,45969.37
HLA-B*51:03,TVVAFGGD,95.0,87.447,46872.91
HLA-B*51:03,VVAFGGDS,83.75,92.8,47432.55
HLA-B*51:03,VAFGGDSQ,38.833,63.137,44558.99
HLA-B*51:03,AFGGDSQG,82.5,91.167,47249.71
HLA-B*51:03,FGGDSQGK,79.167,93.431,47503.45
HLA-B*51:03,GGDSQGKR,86.667,97.481,48817.55
HLA-B*51:03,GDSQGKRL,41.25,86.979,46827.8
HLA-B*51:03,DSQGKRLG,55.0,72.39,45483.5
HLA-B*51:03,SQGKRLGD,93.333,95.931,48103.93
HLA-B*51:03,QGKRLGDA,62.143,85.089,46646.26
HLA-B*51:03,GKRLGDAA,66.364,85.579,46693.21
HLA-B*51:03,KRLGDAAG,93.333,95.979,48125.81
HLA-B*51:03,RLGDAAGM,61.786,75.903,45810.97
HLA-B*51:03,LGDAAGMP,65.0,69.06,45165.25
HLA-B*51:03,GDAAGMPI,30.243,31.284,39708.79
HLA-B*51:03,DAAGMPIS,10.261,21.655,37060.55
HLA-B*51:03,AAGMPISF,9.195,19.69,36368.97
HLA-B*51:03,AGMPISFY,18.262,29.099,39194.02
HLA-B*51:03,GMPISFYS,72.143,63.616,44611.58
HLA-B*51:03,MPISFYSL,0.145,0.1,4083.84
HLA-B*51:03,PISFYSLD,82.5,41.411,41679.64
HLA-B*51:03,ISFYSLDD,86.667,56.54,43804.2
HLA-B*51:03,SFYSLDDG,83.75,81.002,46270.75
HLA-B*51:03,FYSLDDGV,44.636,31.725,39809.45
HLA-B*51:03,YSLDDGVQ,37.579,79.28,46114.33
HLA-B*51:03,SLDDGVQK,55.25,92.905,47444.36
HLA-B*51:03,LDDGVQKG,72.857,95.064,47708.97
HLA-B*51:03,DDGVQKGA,39.941,76.595,45872.97
HLA-B*51:03,DGVQKGAH,33.321,77.951,45994.72
HLA-B*51:03,GVQKGAHR,77.5,96.099,48180.5
HLA-B*51:03,VQKGAHRI,9.314,22.855,37445.09
HLA-B*51:03,QKGAHRIA,61.071,86.463,46778.15
HLA-B*51:03,KGAHRIAI,14.369,31.173,39683.44
HLA-B*51:03,GAHRIAIN,65.0,82.404,46399.1
HLA-B*51:03,AHRIAINY,27.148,45.785,42371.23
HLA-B*51:03,HRIAINYP,51.111,63.225,44568.64
HLA-B*51:03,RIAINYPA,61.071,47.149,42572.5
HLA-B*51:03,IAINYPAH,17.477,33.133,40117.75
HLA-B*51:03,AINYPAHS,63.571,82.793,46434.75
HLA-B*51:03,INYPAHSN,37.579,54.788,43594.75
HLA-B*51:03,NYPAHSNE,62.5,81.035,46273.77
HLA-B*51:03,YPAHSNEW,1.113,2.535,20927.03
HLA-B*51:03,PAHSNEWV,14.08,19.897,36446.57
HLA-B*51:03,AHSNEWVT,65.0,69.119,45171.1
HLA-B*51:03,HSNEWVTF,7.737,16.237,34970.88
HLA-B*51:03,SNEWVTFY,36.619,53.888,43478.39
HLA-B*51:03,NEWVTFYS,32.645,30.586,39546.71
HLA-B*51:03,EWVTFYSV,7.461,6.614,28213.4
HLA-B*51:03,WVTFYSVE,88.333,72.797,45521.92
HLA-B*51:03,VTFYSVEL,3.354,6.64,28244.57
HLA-B*51:03,TFYSVELK,53.148,61.199,44346.87
HLA-B*51:03,FYSVELKG,69.091,62.368,44474.7
HLA-B*51:03,YSVELKGP,36.048,49.189,42867.87
HLA-B*51:03,SVELKGPA,41.083,52.695,43324.84
HLA-B*51:03,VELKGPAR,49.143,86.337,46766.02
HLA-B*51:03,ELKGPART,40.25,75.293,45756.47
HLA-B*51:03,LKGPARTF,27.111,53.6,43441.23
HLA-B*51:03,KGPARTFH,62.5,91.725,47312.12
HLA-B*51:03,GPARTFHS,29.75,48.623,42788.16
HLA-B*51:03,PARTFHSN,63.214,59.912,44205.56
HLA-B*51:03,ARTFHSNY,38.111,60.879,44311.88
HLA-B*51:03,RTFHSNYP,42.615,43.217,41974.26
HLA-B*51:03,TFHSNYPR,59.5,70.344,45291.02
HLA-B*51:03,FHSNYPRK,33.75,65.787,44841.44
HLA-B*51:03,HSNYPRKL,6.298,27.736,38848.65
HLA-B*51:03,SNYPRKLY,22.99,40.582,41542.76
HLA-B*51:03,NYPRKLYA,24.545,35.962,40695.27
HLA-B*51:03,YPRKLYAL,0.494,1.198,15532.85
HLA-B*51:03,PRKLYALA,24.896,20.524,36672.44
HLA-B*51:03,RKLYALAL,32.742,38.881,41248.51
HLA-B*51:03,KLYALALL,15.201,23.773,37735.07
HLA-B*51:03,LYALALLR,57.5,69.208,45179.9
HLA-B*51:03,YALALLRP,15.414,11.158,32205.74
HLA-B*51:03,ALALLRPK,61.071,77.475,45951.94
HLA-B*51:03,LALLRPKA,6.932,12.9,33299.62
HLA-B*51:03,ALLRPKAI,5.398,15.874,34805.93
HLA-B*51:03,LLRPKAIT,43.182,65.069,44770.67
HLA-B*51:03,LRPKAITN,55.75,84.425,46584.72
HLA-B*51:03,RPKAITNA,11.466,24.904,38073.41
HLA-B*51:03,PKAITNAE,57.5,87.205,46849.58
HLA-B*51:03,KAITNAES,40.812,70.986,45351.32
HLA-B*51:03,AITNAESF,20.065,35.307,40564.7
HLA-B*51:03,ITNAESFI,17.078,11.834,32654.52
HLA-B*51:03,TNAESFIT,34.962,63.511,44599.98
HLA-B*51:03,NAESFITI,0.237,0.45,9774.04
HLA-B*51:03,AESFITIR,55.25,82.295,46389.04
HLA-B*51:03,ESFITIRT,9.423,16.393,35040.57
HLA-B*51:03,SFITIRTQ,59.5,78.516,46045.53
HLA-B*51:03,FITIRTQK,58.0,70.809,45334.65
HLA-B*51:03,ITIRTQKH,34.769,75.637,45787.17
HLA-B*51:03,TIRTQKHE,80.0,95.408,47865.09
HLA-B*51:03,IRTQKHEI,14.439,36.243,40749.9
HLA-B*51:03,RTQKHEID,93.333,93.527,47514.24
HLA-B*51:03,TQKHEIDS,72.857,94.913,47670.25
HLA-B*51:03,QKHEIDSN,79.167,96.382,48310.49
HLA-B*51:03,KHEIDSND,95.0,96.142,48200.32
HLA-B*51:03,HEIDSNDL,22.42,51.966,43231.17
HLA-B*51:03,EIDSNDLE,51.481,91.359,47271.19
HLA-B*51:03,IDSNDLEE,90.0,96.256,48252.51
HLA-B*51:03,DSNDLEEI,0.984,4.21,24708.49
HLA-B*51:03,SNDLEEIS,71.429,95.416,47868.74
HLA-B*51:03,NDLEEISY,29.523,64.183,44673.88
HLA-B*51:03,DLEEISYF,10.068,18.678,35988.5
HLA-B*51:03,LEEISYFS,65.0,66.053,44867.65
HLA-B*51:03,EEISYFSS,18.805,40.915,41599.0
HLA-B*51:03,EISYFSSS,40.875,47.783,42667.05
HLA-B*51:03,ISYFSSST,14.303,22.287,37265.63
HLA-B*51:03,SYFSSSTI,5.026,3.591,23501.19
HLA-B*51:03,YFSSSTIM,19.791,22.119,37212.85
HLA-B*51:03,FSSSTIMD,68.636,56.1,43752.08
HLA-B*51:03,SSSTIMDS,62.5,75.903,45810.97
HLA-B*51:03,SSTIMDSG,82.5,70.887,45342.02
HLA-B*51:03,STIMDSGG,86.667,80.181,46195.71
HLA-B*51:03,TIMDSGGN,81.25,89.689,47089.45
HLA-B*51:03,IMDSGGNY,47.25,62.386,44476.62
HLA-B*51:03,MDSGGNYR,65.0,87.063,46835.89
HLA-B*51:03,DSGGNYRL,4.5,16.848,35244.39
HLA-B*51:03,SGGNYRLI,13.141,15.627,34689.74
HLA-B*51:03,GGNYRLIA,62.143,69.178,45176.99
HLA-B*51:03,GNYRLIAG,63.214,78.217,46018.64
HLA-B*51:03,NYRLIAGA,37.579,36.77,40852.34
HLA-B*51:03,YRLIAGAS,72.143,71.065,45358.69
HLA-B*51:03,RLIAGASK,78.333,86.105,46743.77
HLA-B*51:03,LIAGASKV,11.167,21.912,37146.07
HLA-B*51:03,IAGASKVE,52.778,84.792,46618.5
HLA-B*51:03,AGASKVEV,11.645,38.073,41099.71
HLA-B*51:03,GASKVEVM,13.23,45.264,42292.45
HLA-B*51:03,ASKVEVME,58.5,88.647,46988.68
HLA-B*51:03,SKVEVMES,54.815,81.862,46349.42
HLA-B*51:03,KVEVMESL,20.829,45.715,42360.69
HLA-B*51:03,VEVMESLD,88.333,83.844,46531.3
HLA-B*51:03,EVMESLDD,67.273,72.197,45465.32
HLA-B*51:03,VMESLDDA,76.667,70.026,45261.12
HLA-B*51:03,MESLDDAR,67.727,83.33,46484.01
HLA-B*51:03,ESLDDARK,35.458,76.7,45882.41
HLA-B*51:03,SLDDARKP,58.5,84.765,46615.98
HLA-B*51:03,LDDARKPF,35.458,58.84,44077.57
HLA-B*51:03,DDARKPFN,59.75,89.753,47095.56
HLA-B*51:03,DARKPFNQ,10.534,34.852,40473.09
HLA-B*51:03,ARKPFNQR,48.25,90.755,47203.71
HLA-B*51:03,RKPFNQRF,37.316,68.371,45096.88
HLA-B*51:03,KPFNQRFL,2.157,6.409,27960.27
HLA-B*51:03,PFNQRFLQ,51.481,56.796,43834.55
HLA-B*51:03,FNQRFLQF,9.065,14.425,34114.31
HLA-B*51:03,NQRFLQFR,62.5,67.121,44973.12
HLA-B*51:03,QRFLQFRK,49.286,72.239,45469.25
HLA-B*51:03,RFLQFRKK,69.091,82.278,46387.55
HLA-B*51:03,FLQFRKKP,51.852,61.371,44365.61
HLA-B*51:03,LQFRKKPD,76.667,87.989,46925.17
HLA-B*51:03,QFRKKPDC,67.273,93.152,47472.09
HLA-B*51:03,FRKKPDCK,75.0,94.57,47631.59
HLA-B*51:03,RKKPDCKL,41.917,84.206,46564.57
HLA-B*51:03,KKPDCKLS,90.0,97.108,48644.6
HLA-B*51:03,KPDCKLSK,40.062,71.55,45404.34
HLA-B*51:03,PDCKLSKA,21.395,42.093,41790.27
HLA-B*51:03,DCKLSKAP,34.923,69.626,45221.47
HLA-B*51:03,CKLSKAPS,71.429,83.352,46486.02
HLA-B*51:03,KLSKAPSE,82.5,96.084,48173.72
HLA-B*51:03,LSKAPSEG,69.091,79.934,46173.22
HLA-B*51:03,SKAPSEGL,30.189,65.851,44847.74
HLA-B*51:03,KAPSEGLV,10.442,23.144,37536.36
HLA-B*51:03,APSEGLVG,22.98,45.733,42363.45
HLA-B*51:03,PSEGLVGS,53.333,79.662,46148.75
HLA-B*51:03,SEGLVGSM,20.797,35.309,40565.15
HLA-B*51:03,EGLVGSME,49.857,72.985,45539.65
HLA-B*51:03,GLVGSMEG,93.333,95.154,47749.75
HLA-B*51:03,LVGSMEGA,72.857,73.225,45562.33
HLA-B*51:03,VGSMEGAQ,79.167,91.738,47313.65
HLA-B*51:03,GSMEGAQE,56.25,88.832,47006.47
HLA-B*51:03,SMEGAQEQ,80.0,95.42,47870.8
HLA-B*51:03,MEGAQEQF,22.13,42.365,41835.52
HLA-B*51:03,EGAQEQFL,9.013,29.648,39325.27
HLA-B*51:03,GAQEQFLA,25.97,37.253,40944.81
HLA-B*51:03,AQEQFLAP,30.135,49.246,42875.75
HLA-B*51:03,QEQFLAPQ,54.815,79.059,46094.38
HLA-B*51:03,EQFLAPQF,3.188,10.303,31596.54
HLA-B*51:03,QFLAPQFE,66.364,81.281,46296.3
HLA-B*51:03,FLAPQFEQ,45.6,60.444,44264.44
HLA-B*51:03,LAPQFEQE,38.056,62.922,44535.37
HLA-B*51:03,APQFEQEL,3.267,18.07,35756.78
HLA-B*51:03,PQFEQELA,32.194,36.936,40884.59
HLA-B*51:03,QFEQELAS,68.182,83.549,46504.12
HLA-B*51:03,FEQELASE,45.2,66.294,44891.44
HLA-B*51:03,EQELASEN,59.75,85.689,46703.81
HLA-B*51:03,QELASENV,17.544,35.353,40573.91
HLA-B*51:03,ELASENVR,59.25,88.447,46969.35
HLA-B*51:03,LASENVRT,17.756,42.85,41916.16
HLA-B*51:03,ASENVRTN,77.5,90.005,47120.04
HLA-B*51:03,SENVRTNR,51.111,86.516,46783.21
HLA-B*51:03,ENVRTNRL,10.16,33.166,40124.71
HLA-B*51:03,NVRTNRLK,58.75,78.97,46086.38
HLA-B*51:03,VRTNRLKM,30.892,57.1,43870.61
HLA-B*51:03,RTNRLKMG,86.667,88.905,47013.59
HLA-B*51:03,TNRLKMGQ,86.667,95.616,47959.98
HLA-B*51:03,NRLKMGQI,20.228,30.425,39509.08
HLA-B*51:03,RLKMGQID,93.333,95.143,47745.11
HLA-B*51:03,LKMGQIDQ,88.333,95.163,47753.88
HLA-B*51:03,KMGQIDQS,86.667,95.088,47719.8
HLA-B*51:03,MGQIDQSA,21.325,28.269,38988.02
HLA-B*51:03,GQIDQSAL,23.897,55.612,43694.39
HLA-B*51:03,QIDQSALH,59.0,92.017,47344.88
HLA-B*51:03,IDQSALHA,34.808,54.61,43571.64
HLA-B*51:03,DQSALHAV,1.589,4.502,25270.58
HLA-B*51:03,QSALHAVN,67.727,72.004,45447.12
HLA-B*51:03,SALHAVNV,1.097,2.156,19738.3
HLA-B*51:03,ALHAVNVS,64.286,79.69,46151.25
HLA-B*51:03,LHAVNVSR,47.5,68.947,45154.01
HLA-B*51:03,HAVNVSRL,2.202,9.642,31121.54
HLA-B*51:03,AVNVSRLF,14.643,27.308,38731.55
HLA-B*51:03,VNVSRLFF,23.08,33.229,40137.73
HLA-B*51:03,NVSRLFFI,6.655,3.387,23051.41
HLA-B*51:03,VSRLFFIT,52.963,34.742,40450.31
HLA-B*51:03,SRLFFITH,42.615,68.43,45102.73
HLA-B*51:03,RLFFITHI,5.572,8.761,30388.5
HLA-B*51:03,LFFITHIE,58.25,64.666,44727.1
HLA-B*51:03,FFITHIEL,9.882,13.422,33589.45
HLA-B*51:03,FITHIELR,50.0,69.523,45211.21
HLA-B*51:03,ITHIELRH,42.538,73.074,45548.02
HLA-B*51:03,THIELRHV,6.419,13.247,33494.02
HLA-B*51:03,HIELRHVY,20.919,45.252,42290.62
HLA-B*51:03,IELRHVYV,5.788,9.546,31052.59
HLA-B*51:03,ELRHVYVI,3.758,4.45,25170.71
HLA-B*51:03,LRHVYVIG,72.143,69.473,45206.31
HLA-B*51:03,RHVYVIGS,74.286,74.697,45701.55
HLA-B*51:03,HVYVIGSL,3.465,8.177,29870.51
HLA-B*51:03,VYVIGSLA,27.389,30.504,39527.46
HLA-B*51:03,YVIGSLAA,21.93,23.769,37733.85
HLA-B*51:03,VIGSLAAD,95.0,94.273,47598.12
HLA-B*51:03,IGSLAADL,18.829,32.105,39895.27
HLA-B*51:03,GSLAADLI,25.418,16.171,34941.39
HLA-B*51:03,SLAADLIA,54.444,54.303,43532.04
HLA-B*51:03,LAADLIAS,26.933,38.262,41134.42
HLA-B*51:03,AADLIASI,1.343,3.335,22926.05
HLA-B*51:03,ADLIASIE,65.0,90.846,47213.95
HLA-B*51:03,DLIASIED,56.75,68.656,45125.19
HLA-B*51:03,LIASIEDL,32.419,46.332,42452.44
HLA-B*51:03,IASIEDLY,17.212,32.641,40011.96
HLA-B*51:03,ASIEDLYI,6.626,8.518,30177.81
HLA-B*51:03,SIEDLYIR,67.273,88.221,46947.51
HLA-B*51:03,IEDLYIRN,55.0,77.442,45948.98
HLA-B*51:03,EDLYIRNH,45.1,80.843,46256.22
HLA-B*51:03,DLYIRNHK,17.746,39.455,41349.48
HLA-B*51:03,LYIRNHKV,12.074,15.989,34860.21
HLA-B*51:03,YIRNHKVT,58.75,69.385,45197.5
HLA-B*51:03,IRNHKVTD,88.333,95.974,48123.2
HLA-B*51:03,RNHKVTDG,93.333,95.648,47974.5
HLA-B*51:03,NHKVTDGE,80.0,93.687,47532.23
HLA-B*51:03,HKVTDGEN,95.0,97.143,48660.92
HLA-B*51:03,KVTDGENQ,90.0,97.881,49003.3
HLA-B*51:03,VTDGENQV,11.382,37.213,40937.29
HLA-B*51:03,TDGENQVK,70.0,95.895,48087.28
HLA-B*51:03,DGENQVKD,80.0,95.499,47906.57
HLA-B*51:03,GENQVKDN,88.333,97.078,48630.93
HLA-B*51:03,ENQVKDNN,88.333,96.435,48334.55
HLA-B*51:03,NQVKDNNQ,76.667,96.116,48188.32
HLA-B*51:03,QVKDNNQD,88.333,96.73,48470.18
HLA-B*51:03,VKDNNQDR,85.0,96.962,48577.26
HLA-B*51:03,KDNNQDRA,65.455,95.268,47801.45
HLA-B*51:03,DNNQDRAN,77.5,95.161,47752.86
HLA-B*51:03,NNQDRANI,12.095,29.746,39348.68
HLA-B*51:03,NQDRANIS,61.786,84.129,46557.51
HLA-B*51:03,QDRANISR,62.143,93.756,47539.95
HLA-B*51:03,DRANISRR,51.296,88.253,46950.57
HLA-B*51:03,RANISRRG,70.0,76.489,45863.54
HLA-B*51:03,ANISRRGR,83.75,95.933,48104.46
HLA-B*51:03,NISRRGRE,76.667,94.986,47678.52
HLA-B*51:03,ISRRGREG,88.333,91.729,47312.64
HLA-B*51:03,SRRGREGI,54.63,68.125,45072.48
HLA-B*51:03,RRGREGIR,95.0,96.937,48565.7
HLA-B*51:03,RGREGIRG,79.167,91.249,47258.91
HLA-B*51:03,GREGIRGL,46.778,86.132,46746.27
HLA-B*51:03,REGIRGLL,30.216,49.535,42915.67
HLA-B*51:03,EGIRGLLR,40.312,61.467,44376.17
HLA-B*51:03,GIRGLLRL,23.621,49.852,42959.34
HLA-B*51:03,IRGLLRLG,81.25,82.191,46379.53
HLA-B*51:03,RGLLRLGY,38.5,55.488,43679.73
HLA-B*51:03,GLLRLGYA,70.0,58.388,44023.71
HLA-B*51:03,LLRLGYAG,77.5,60.892,44313.31
HLA-B*51:03,LRLGYAGL,40.625,42.166,41802.48
HLA-B*51:03,RLGYAGLR,88.333,91.423,47278.33
HLA-B*51:03,LGYAGLRA,15.881,16.843,35242.09
HLA-B*51:03,GYAGLRAE,81.25,95.28,47807.13
HLA-B*51:03,YAGLRAEQ,37.474,57.408,43907.17
HLA-B*51:03,AGLRAEQR,60.0,92.694,47420.78
HLA-B*51:03,GLRAEQRQ,93.333,96.943,48568.34
HLA-B*51:03,LRAEQRQI,17.668,31.768,39819.36
HLA-B*51:03,RAEQRQIT,40.625,72.777,45519.95
HLA-B*51:03,AEQRQITG,54.074,84.211,46565.05
HLA-B*51:03,EQRQITGL,7.85,26.41,38490.51
HLA-B*51:03,QRQITGLG,66.818,82.114,46372.5
HLA-B*51:03,RQITGLGP,55.5,72.422,45486.47
HLA-B*51:03,QITGLGPE,72.857,95.082,47717.21
HLA-B*51:03,ITGLGPEY,26.817,49.455,42904.52
HLA-B*51:03,TGLGPEYT,43.545,77.259,45932.56
HLA-B*51:03,GLGPEYTR,80.0,96.14,48199.27
HLA-B*51:03,LGPEYTRA,29.614,44.678,42201.47
HLA-B*51:03,GPEYTRAN,65.909,83.056,46458.86
HLA-B*51:03,PEYTRANM,28.327,40.247,41486.16
HLA-B*51:03,EYTRANMG,72.143,78.023,46001.19
HLA-B*51:03,YTRANMGG,80.0,62.197,44455.94
HLA-B*51:03,TRANMGGG,93.333,95.252,47794.21
HLA-B*51:03,RANMGGGH,72.857,86.784,46809.05
HLA-B*51:03,ANMGGGHY,48.0,66.968,44958.05
HLA-B*51:03,NMGGGHYY,36.19,51.451,43165.29
HLA-B*51:03,MGGGHYYD,90.0,68.873,45146.67
HLA-B*51:03,GGGHYYDP,97.5,95.923,48100.3
HLA-B*51:03,GGHYYDPA,69.091,60.101,44227.09
HLA-B*51:03,GHYYDPAG,72.143,76.163,45834.26
HLA-B*51:03,HYYDPAGA,26.5,50.791,43080.83
HLA-B*51:03,YYDPAGAS,36.143,58.1,43989.42
HLA-B*51:03,YDPAGASQ,58.5,90.929,47223.14
HLA-B*51:03,DPAGASQE,21.088,49.522,42913.81
HLA-B*51:03,PAGASQEG,74.286,88.184,46943.97
HLA-B*51:03,AGASQEGK,78.333,96.251,48250.39
HLA-B*51:03,GASQEGKF,26.167,68.435,45103.22
HLA-B*51:03,ASQEGKFE,66.364,94.835,47661.49
HLA-B*51:03,SQEGKFEQ,68.636,95.486,47900.86
HLA-B*51:03,QEGKFEQK,59.75,95.162,47753.39
HLA-B*51:03,EGKFEQKT,39.118,77.364,45942.01
HLA-B*51:03,GKFEQKTL,21.956,58.552,44043.25
HLA-B*51:03,KFEQKTLF,30.216,58.144,43994.67
HLA-B*51:03,FEQKTLFA,25.657,24.095,37834.8
HLA-B*51:03,EQKTLFAL,5.255,13.897,33850.32
HLA-B*51:03,QKTLFALP,59.25,59.012,44098.07
HLA-B*51:03,KTLFALPA,47.875,27.028,38654.94
HLA-B*51:03,TLFALPAL,5.359,9.98,31365.28
HLA-B*51:03,LFALPALW,19.054,15.225,34501.46
HLA-B*51:03,FALPALWE,16.92,17.829,35658.25
HLA-B*51:03,ALPALWEE,51.667,78.405,46035.55
HLA-B*51:03,LPALWEEV,0.544,0.413,9323.16
HLA-B*51:03,PALWEEVD,95.0,89.226,47044.65
HLA-B*51:03,ALWEEVDV,26.583,38.605,41197.66
HLA-B*51:03,LWEEVDVT,73.571,83.061,46459.37
HLA-B*51:03,WEEVDVTK,62.143,82.585,46415.68
HLA-B*51:03,EEVDVTKQ,37.895,85.468,46682.61
HLA-B*51:03,EVDVTKQR,37.632,82.141,46375.02
HLA-B*51:03,VDVTKQRE,66.818,95.509,47911.23
HLA-B*51:03,DVTKQRET,25.687,64.319,44688.86
HLA-B*51:03,VTKQRETQ,68.636,95.162,47753.39
HLA-B*51:03,TKQRETQE,75.0,96.428,48331.4
HLA-B*51:03,KQRETQEW,26.0,57.74,43946.61
HLA-B*51:03,QRETQEWV,35.417,48.052,42706.75
HLA-B*51:03,RETQEWVL,26.733,44.388,42155.39
HLA-B*51:03,ETQEWVLE,30.459,50.562,43051.47
HLA-B*51:03,TQEWVLEY,20.463,39.262,41315.95
HLA-B*51:03,QEWVLEYW,16.111,22.601,37364.54
HLA-B*51:03,EWVLEYWE,78.333,86.432,46775.13
HLA-B*51:03,WVLEYWEW,21.939,10.459,31708.88
HLA-B*51:03,VLEYWEWI,53.333,24.011,37810.27
HLA-B*51:03,LEYWEWIS,53.148,44.017,42096.61
HLA-B*51:03,EYWEWISP,30.595,27.479,38778.09
HLA-B*51:03,YWEWISPA,52.778,23.818,37749.36
HLA-B*51:03,WEWISPAY,19.142,23.668,37701.6
HLA-B*51:03,EWISPAYV,6.183,7.942,29655.07
HLA-B*51:03,WISPAYVT,51.852,46.426,42466.24
HLA-B*51:03,ISPAYVTL,2.474,5.195,26329.53
HLA-B*51:03,SPAYVTLG,22.36,14.975,34384.09
HLA-B*51:03,PAYVTLGP,33.679,27.15,38688.41
HLA-B*51:03,AYVTLGPA,50.556,27.503,38784.82
HLA-B*51:03,YVTLGPAV,5.809,7.081,28765.78
HLA-B*51:03,VTLGPAVQ,42.231,79.103,46098.36
HLA-B*51:03,TLGPAVQK,57.25,85.353,46671.48
HLA-B*51:03,LGPAVQKA,19.635,40.521,41532.45
HLA-B*51:03,GPAVQKAV,3.207,12.458,33036.2
HLA-B*51:03,PAVQKAVV,4.439,9.579,31075.79
HLA-B*51:03,AVQKAVVP,39.118,61.472,44376.66
HLA-B*51:03,VQKAVVPG,51.296,69.188,45177.95
HLA-B*51:03,QKAVVPGD,93.333,95.863,48072.7
HLA-B*51:03,KAVVPGDR,63.929,91.578,47295.74
HLA-B*51:03,AVVPGDRF,23.057,53.928,43483.55
HLA-B*51:03,VVPGDRFY,39.765,69.641,45222.96
HLA-B*51:03,VPGDRFYN,19.736,37.543,40999.77
HLA-B*51:03,PGDRFYNC,32.065,64.047,44658.9
HLA-B*51:03,GDRFYNCV,30.892,39.902,41427.42
HLA-B*51:03,DRFYNCVV,17.518,9.18,30749.01
HLA-B*51:03,RFYNCVVA,58.75,43.574,42028.79
HLA-B*51:03,FYNCVVAK,58.75,54.85,43602.76
HLA-B*51:03,YNCVVAKY,26.483,36.918,40881.06
HLA-B*51:03,NCVVAKYM,19.892,39.108,41289.15
HLA-B*51:03,CVVAKYMA,58.0,40.559,41538.71
HLA-B*51:03,VVAKYMAN,81.25,76.24,45841.21
HLA-B*51:03,VAKYMANH,35.333,56.156,43758.71
HLA-B*51:03,AKYMANHG,75.0,79.025,46091.38
HLA-B*51:03,KYMANHGH,80.0,90.746,47202.68
HLA-B*51:03,YMANHGHV,14.774,10.618,31824.38
HLA-B*51:03,MANHGHVS,26.933,32.014,39875.41
HLA-B*51:03,ANHGHVSF,14.252,41.26,41655.3
HLA-B*51:03,NHGHVSFA,35.917,41.696,41725.66
HLA-B*51:03,HGHVSFAL,5.598,13.728,33757.41
HLA-B*51:03,GHVSFALK,62.5,76.849,45895.82
HLA-B*51:03,HVSFALKV,3.986,6.995,28671.63
HLA-B*51:03,VSFALKVN,45.9,53.691,43453.0
HLA-B*51:03,SFALKVNL,18.762,31.738,39812.46
HLA-B*51:03,FALKVNLA,4.749,4.857,25823.68
HLA-B*51:03,ALKVNLAA,27.741,35.302,40563.82
HLA-B*51:03,LKVNLAAI,14.264,18.005,35732.02
HLA-B*51:03,KVNLAAIQ,81.25,94.73,47649.62
HLA-B*51:03,VNLAAIQL,8.019,22.858,37445.88
HLA-B*51:03,NLAAIQLN,55.75,69.065,45165.74
HLA-B*51:03,LAAIQLNR,39.412,54.212,43520.28
HLA-B*51:03,AAIQLNRD,64.643,78.544,46048.0
HLA-B*51:03,AIQLNRDA,53.889,68.676,45127.14
HLA-B*51:03,IQLNRDAA,45.6,55.232,43649.49
HLA-B*51:03,QLNRDAAA,43.727,67.835,45043.72
HLA-B*51:03,LNRDAAAL,21.877,35.905,40683.83
HLA-B*51:03,NRDAAALS,66.364,79.662,46148.75
HLA-B*51:03,RDAAALST,62.143,83.45,46495.07
HLA-B*51:03,DAAALSTA,1.941,3.742,23798.02
HLA-B*51:03,AAALSTAN,68.182,74.264,45660.52
HLA-B*51:03,AALSTANY,23.414,37.817,41051.71
HLA-B*51:03,ALSTANYA,32.065,39.519,41360.68
HLA-B*51:03,LSTANYAK,66.364,65.832,44845.8
HLA-B*51:03,STANYAKF,12.183,23.146,37536.75
HLA-B*51:03,TANYAKFQ,45.4,67.859,45046.16
HLA-B*51:03,ANYAKFQL,11.38,24.869,38063.12
HLA-B*51:03,NYAKFQLW,10.157,17.109,35357.83
HLA-B*51:03,YAKFQLWL,2.951,3.866,24043.12
HLA-B*51:03,AKFQLWLN,80.0,67.79,45039.33
HLA-B*51:03,KFQLWLNV,33.286,27.525,38790.7
HLA-B*51:03,FQLWLNVT,46.0,40.016,41447.14
HLA-B*51:03,QLWLNVTL,8.768,16.845,35242.86
HLA-B*51:03,LWLNVTLR,66.818,73.439,45582.55
HLA-B*51:03,WLNVTLRP,62.857,49.323,42886.42
HLA-B*51:03,LNVTLRPI,7.026,8.52,30179.78
HLA-B*51:03,NVTLRPIV,4.977,9.095,30677.24
HLA-B*51:03,VTLRPIVG,40.188,53.658,43448.77
HLA-B*51:03,TLRPIVGP,39.647,48.425,42759.94
HLA-B*51:03,LRPIVGPE,56.25,82.623,46419.18
HLA-B*51:03,RPIVGPEC,5.284,19.778,36402.03
HLA-B*51:03,PIVGPECT,53.519,73.111,45551.49
HLA-B*51:03,IVGPECTA,41.833,56.52,43801.82
HLA-B*51:03,VGPECTAV,9.368,24.767,38033.06
HLA-B*51:03,GPECTAVD,90.0,77.309,45937.04
HLA-B*51:03,PECTAVDL,40.25,38.564,41190.08
HLA-B*51:03,ECTAVDLG,85.0,86.637,46794.86
HLA-B*51:03,CTAVDLGK,75.0,77.043,45913.19
HLA-B*51:03,TAVDLGKL,3.084,11.695,32561.74
HLA-B*51:03,AVDLGKLT,46.0,75.116,45740.62
HLA-B*51:03,VDLGKLTP,43.0,67.052,44966.31
HLA-B*51:03,DLGKLTPS,35.792,60.303,44249.11
HLA-B*51:03,LGKLTPSP,26.25,51.01,43108.79
HLA-B*51:03,GKLTPSPS,83.75,95.668,47983.84
HLA-B*51:03,KLTPSPSQ,72.143,96.163,48209.71
HLA-B*51:03,LTPSPSQD,37.737,80.515,46226.22
HLA-B*51:03,TPSPSQDM,2.822,13.025,33373.55
HLA-B*51:03,PSPSQDMA,34.269,48.656,42792.79
HLA-B*51:03,SPSQDMAT,17.819,37.686,41026.86
HLA-B*51:03,PSQDMATY,14.869,43.881,42075.65
HLA-B*51:03,SQDMATYP,46.889,59.38,44142.0
HLA-B*51:03,QDMATYPR,48.125,75.676,45790.65
HLA-B*51:03,DMATYPRY,12.153,24.084,37831.54
HLA-B*51:03,MATYPRYK,36.952,35.517,40606.43
HLA-B*51:03,ATYPRYKE,43.818,67.854,45045.69
HLA-B*51:03,TYPRYKEI,8.373,11.502,32433.39
HLA-B*51:03,YPRYKEID,22.28,37.621,41014.42
HLA-B*51:03,PRYKEIDD,95.0,96.582,48402.05
HLA-B*51:03,RYKEIDDG,93.333,95.442,47880.66
HLA-B*51:03,YKEIDDGI,38.0,41.405,41678.73
HLA-B*51:03,KEIDDGII,22.17,39.401,41340.1
HLA-B*51:03,EIDDGIIP,34.0,68.597,45119.34
HLA-B*51:03,IDDGIIPI,7.444,15.764,34754.37
HLA-B*51:03,DDGIIPIP,32.581,56.908,43847.8
HLA-B*51:03,DGIIPIPG,18.579,23.878,37768.16
HLA-B*51:03,GIIPIPGP,54.259,72.276,45472.68
HLA-B*51:03,IIPIPGPQ,52.778,86.0,46733.64
HLA-B*51:03,IPIPGPQA,0.783,2.627,21160.42
HLA-B*51:03,PIPGPQAL,1.487,13.679,33730.4
HLA-B*51:03,IPGPQALP,9.173,11.824,32647.82
HLA-B*51:03,PGPQALPH,58.0,83.023,46455.87
HLA-B*51:03,GPQALPHM,4.427,19.09,36145.36
HLA-B*51:03,PQALPHMR,39.706,81.495,46315.84
HLA-B*51:03,QALPHMRT,11.438,30.325,39485.57
HLA-B*51:03,ALPHMRTG,58.25,72.281,45473.18
HLA-B*51:03,LPHMRTGK,24.156,33.16,40123.39
HLA-B*51:03,PHMRTGKT,59.0,68.115,45071.53
HLA-B*51:03,HMRTGKTE,77.5,90.531,47178.7
HLA-B*51:03,MRTGKTEI,17.461,37.047,40905.85
HLA-B*51:03,RTGKTEIR,82.5,96.042,48154.43
HLA-B*51:03,TGKTEIRM,22.13,54.147,43511.8
HLA-B*51:03,GKTEIRMQ,78.333,96.733,48471.74
HLA-B*51:03,KTEIRMQY,29.659,65.364,44799.73
HLA-B*51:03,TEIRMQYT,33.357,48.25,42734.96
HLA-B*51:03,EIRMQYTN,61.786,61.112,44337.29
HLA-B*51:03,IRMQYTNF,28.143,29.442,39275.95
HLA-B*51:03,RMQYTNFR,75.833,81.418,46308.82
HLA-B*51:03,MQYTNFRE,33.464,39.262,41315.95
HLA-B*51:03,QYTNFREV,9.787,15.614,34683.75
HLA-B*51:03,YTNFREVR,55.5,64.539,44713.05
HLA-B*51:03,TNFREVRM,14.175,29.794,39360.18
HLA-B*51:03,NFREVRMF,22.92,37.897,41066.82
HLA-B*51:03,FREVRMFQ,63.571,80.449,46220.23
HLA-B*51:03,REVRMFQE,64.286,78.616,46054.47
HLA-B*51:03,EVRMFQED,59.25,64.925,44755.66
HLA-B*51:03,VRMFQEDP,81.25,73.622,45599.81
HLA-B*51:03,RMFQEDPF,24.948,29.833,39369.55
HLA-B*51:03,MFQEDPFI,11.782,7.211,28909.61
HLA-B*51:03,FQEDPFIQ,39.529,80.186,46196.21
HLA-B*51:03,QEDPFIQV,2.268,16.591,35129.02
HLA-B*51:03,EDPFIQVT,17.482,58.988,44095.23
HLA-B*51:03,DPFIQVTL,0.017,0.171,5490.71
HLA-B*51:03,PFIQVTLL,0.933,2.081,19504.55
HLA-B*51:03,FIQVTLLE,53.148,59.456,44151.08
HLA-B*51:03,IQVTLLEV,5.442,9.83,31256.52
HLA-B*51:03,QVTLLEVW,20.431,33.623,40219.01
HLA-B*51:03,VTLLEVWI,15.847,9.211,30774.64
HLA-B*51:03,TLLEVWIS,40.625,54.179,43516.04
HLA-B*51:03,LLEVWISN,85.0,78.499,46044.02
HLA-B*51:03,LEVWISNT,45.3,49.754,42945.84
HLA-B*51:03,EVWISNTC,12.852,22.02,37181.85
HLA-B*51:03,VWISNTCH,80.0,87.874,46914.01
HLA-B*51:03,WISNTCHQ,82.5,83.593,46508.18
HLA-B*51:03,ISNTCHQY,17.104,34.019,40300.9
HLA-B*51:03,SNTCHQYK,77.5,84.622,46602.87
HLA-B*51:03,NTCHQYKS,67.727,77.746,45976.3
HLA-B*51:03,TCHQYKSQ,72.857,95.273,47804.04
HLA-B*51:03,CHQYKSQQ,65.0,87.637,46891.17
HLA-B*51:03,HQYKSQQI,2.457,8.112,29812.06
HLA-B*51:03,QYKSQQIA,38.111,58.624,44051.82
HLA-B*51:03,YKSQQIAN,68.182,90.663,47193.49
HLA-B*51:03,KSQQIANC,36.0,58.212,44002.76
HLA-B*51:03,SQQIANCH,64.643,87.926,46919.09
HLA-B*51:03,QQIANCHS,52.963,76.157,45833.76
HLA-B*51:03,QIANCHSP,60.0,69.759,45234.68
HLA-B*51:03,IANCHSPV,5.929,2.559,20986.89
HLA-B*51:03,ANCHSPVS,74.286,86.242,46756.91
HLA-B*51:03,NCHSPVSG,58.0,83.899,46536.35
HLA-B*51:03,CHSPVSGL,24.688,24.091,37833.59
HLA-B*51:03,HSPVSGLK,39.471,64.596,44719.34
HLA-B*51:03,SPVSGLKH,18.128,48.744,42805.3
HLA-B*51:03,PVSGLKHF,13.101,38.91,41253.86
HLA-B*51:03,VSGLKHFG,72.143,75.299,45756.97
HLA-B*51:03,SGLKHFGN,65.455,78.001,45999.2
HLA-B*51:03,GLKHFGNG,95.0,95.323,47826.8
HLA-B*51:03,LKHFGNGS,80.0,93.143,47471.08
HLA-B*51:03,KHFGNGSG,69.091,75.316,45758.45
HLA-B*51:03,HFGNGSGI,30.865,30.431,39510.36
HLA-B*51:03,FGNGSGIL,14.583,26.885,38616.89
HLA-B*51:03,GNGSGILV,32.871,49.859,42960.28
HLA-B*51:03,NGSGILVK,45.6,70.402,45296.39
HLA-B*51:03,GSGILVKN,91.667,95.707,48001.51
HLA-B*51:03,SGILVKNE,46.889,75.969,45816.91
HLA-B*51:03,GILVKNET,72.143,90.133,47134.3
HLA-B*51:03,ILVKNETT,52.407,79.341,46119.8
HLA-B*51:03,LVKNETTE,77.5,93.916,47557.95
HLA-B*51:03,VKNETTEW,24.429,61.195,44346.41
HLA-B*51:03,KNETTEWG,95.0,96.559,48391.56
HLA-B*51:03,NETTEWGW,15.896,38.036,41093.05
HLA-B*51:03,ETTEWGWT,40.312,44.793,42219.77
HLA-B*51:03,TTEWGWTT,38.556,42.327,41829.18
HLA-B*51:03,TEWGWTTN,54.63,51.327,43149.39
HLA-B*51:03,EWGWTTNL,22.9,24.474,37946.33
HLA-B*51:03,WGWTTNLY,17.176,17.157,35378.11
HLA-B*51:03,GWTTNLYA,55.5,54.741,43588.62
HLA-B*51:03,WTTNLYAF,25.776,16.664,35161.73
HLA-B*51:03,TTNLYAFM,19.223,14.088,33949.71
HLA-B*51:03,TNLYAFMY,31.412,33.053,40101.27
HLA-B*51:03,NLYAFMYC,40.25,40.769,41574.25
HLA-B*51:03,LYAFMYCA,60.357,39.828,41414.41
HLA-B*51:03,YAFMYCAS,33.893,6.915,28574.69
HLA-B*51:03,AFMYCASL,15.903,7.525,29254.18
HLA-B*51:03,FMYCASLA,43.727,6.967,28637.21
HLA-B*51:03,MYCASLAG,82.5,36.83,40863.82
HLA-B*51:03,YCASLAGL,25.149,35.194,40542.32
HLA-B*51:03,CASLAGLG,76.667,35.81,40664.89
HLA-B*51:03,ASLAGLGM,28.878,38.501,41178.5
HLA-B*51:03,SLAGLGMA,50.185,54.81,43597.56
HLA-B*51:03,LAGLGMAH,47.0,59.46,44151.54
HLA-B*51:03,AGLGMAHN,73.571,87.879,46914.52
HLA-B*51:03,GLGMAHNS,95.0,95.28,47807.13
HLA-B*51:03,LGMAHNSD,85.0,69.419,45200.94
HLA-B*51:03,GMAHNSDK,95.0,96.426,48330.34
HLA-B*51:03,MAHNSDKL,2.9,6.649,28254.35
HLA-B*51:03,AHNSDKLL,28.673,51.699,43197.04
HLA-B*51:03,HNSDKLLG,74.286,88.595,46983.59
HLA-B*51:03,NSDKLLGN,71.429,87.358,46864.29
HLA-B*51:03,SDKLLGNT,53.519,80.909,46262.25
HLA-B*51:03,DKLLGNTL,5.291,21.996,37174.2
HLA-B*51:03,KLLGNTLQ,76.667,94.625,47637.79
HLA-B*51:03,LLGNTLQP,65.909,67.643,45024.72
HLA-B*51:03,LGNTLQPL,10.904,19.187,36181.37
HLA-B*51:03,GNTLQPLV,23.989,35.302,40563.82
HLA-B*51:03,NTLQPLVV,1.509,2.814,21644.13
HLA-B*51:03,TLQPLVVL,7.003,17.87,35675.61
HLA-B*51:03,LQPLVVLE,47.125,65.438,44807.01
HLA-B*51:03,QPLVVLEV,0.153,0.457,9852.08
HLA-B*51:03,PLVVLEVN,85.0,70.799,45333.66
HLA-B*51:03,LVVLEVNK,72.143,84.425,46584.72
HLA-B*51:03,VVLEVNKT,34.115,60.193,44237.13
HLA-B*51:03,VLEVNKTK,72.857,89.842,47104.21
HLA-B*51:03,LEVNKTKA,31.147,60.518,44272.57
HLA-B*51:03,EVNKTKAV,3.405,14.122,33966.24
HLA-B*51:03,VNKTKAVI,9.365,25.174,38150.51
HLA-B*51:03,NKTKAVID,90.0,96.444,48338.73
HLA-B*51:03,KTKAVIDV,21.86,41.277,41657.99
HLA-B*51:03,TKAVIDVI,12.838,18.764,36021.21
HLA-B*51:03,KAVIDVIK,48.0,80.756,46248.23
HLA-B*51:03,AVIDVIKK,45.2,81.807,46344.4
HLA-B*51:03,VIDVIKKD,83.75,95.318,47824.21
HLA-B*51:03,IDVIKKDG,91.667,96.419,48327.22
HLA-B*51:03,DVIKKDGE,52.407,85.384,46674.52
HLA-B*51:03,VIKKDGED,97.5,97.224,48698.31
HLA-B*51:03,IKKDGEDT,85.0,97.072,48628.29
HLA-B*51:03,KKDGEDTA,77.5,95.766,48028.51
HLA-B*51:03,KDGEDTAE,93.333,98.023,49069.62
HLA-B*51:03,DGEDTAEF,9.499,29.444,39276.38
HLA-B*51:03,GEDTAEFV,29.25,53.377,43412.58
HLA-B*51:03,EDTAEFVH,60.0,90.599,47186.37
HLA-B*51:03,DTAEFVHL,0.585,3.052,22258.04
HLA-B*51:03,TAEFVHLY,4.229,12.709,33185.59
HLA-B*51:03,AEFVHLYQ,45.5,66.161,44878.32
HLA-B*51:03,EFVHLYQI,4.21,5.674,27002.04
HLA-B*51:03,FVHLYQIA,20.764,18.485,35914.58
HLA-B*51:03,VHLYQIAG,66.364,59.628,44171.62
HLA-B*51:03,HLYQIAGY,29.818,41.324,41665.67
HLA-B*51:03,LYQIAGYT,63.214,59.056,44103.33
HLA-B*51:03,YQIAGYTS,47.375,52.83,43342.17
HLA-B*51:03,QIAGYTSG,81.25,86.421,46774.11
HLA-B*51:03,IAGYTSGL,10.47,18.832,36047.34
HLA-B*51:03,AGYTSGLE,52.778,72.808,45522.91
HLA-B*51:03,GYTSGLEE,86.667,95.129,47738.39
HLA-B*51:03,YTSGLEEV,8.224,15.64,34695.76
HLA-B*51:03,TSGLEEVV,15.0,27.017,38652.0
HLA-B*51:03,SGLEEVVL,9.826,31.279,39707.51
HLA-B*51:03,GLEEVVLT,69.091,88.721,46995.8
HLA-B*51:03,LEEVVLTF,9.324,18.579,35950.73
HLA-B*51:03,EEVVLTFM,5.574,21.948,37158.12
HLA-B*51:03,EVVLTFMG,42.385,38.063,41097.93
HLA-B*51:03,VVLTFMGK,63.214,64.692,44729.98
HLA-B*51:03,VLTFMGKL,32.194,35.002,40504.19
HLA-B*51:03,LTFMGKLD,67.727,45.567,42338.24
HLA-B*51:03,TFMGKLDA,55.5,52.429,43290.62
HLA-B*51:03,FMGKLDAI,16.787,13.454,33607.27
HLA-B*51:03,MGKLDAIW,15.224,17.064,35339.45
HLA-B*51:03,GKLDAIWS,82.5,95.122,47735.28
HLA-B*51:03,KLDAIWSR,63.214,90.014,47121.05
HLA-B*51:03,LDAIWSRE,72.857,81.774,46341.41
HLA-B*51:03,DAIWSREF,0.728,1.983,19184.96
HLA-B*51:03,AIWSREFE,72.143,78.444,46039.03
HLA-B*51:03,IWSREFEI,21.544,13.971,33890.99
HLA-B*51:03,WSREFEIS,53.889,53.443,43421.04
HLA-B*51:03,SREFEISP,49.857,63.308,44577.81
HLA-B*51:03,REFEISPT,31.676,48.273,42738.18
HLA-B*51:03,EFEISPTW,5.737,10.0,31379.52
HLA-B*51:03,FEISPTWL,5.786,14.208,34008.55
HLA-B*51:03,EISPTWLG,23.724,36.002,40703.2
HLA-B*51:03,ISPTWLGP,35.75,37.834,41054.83
HLA-B*51:03,SPTWLGPP,24.961,12.588,33113.5
HLA-B*51:03,PTWLGPPS,56.75,44.839,42227.06
HLA-B*51:03,TWLGPPSE,59.75,85.132,46650.29
HLA-B*51:03,WLGPPSEK,66.818,85.921,46726.05
HLA-B*51:03,LGPPSEKH,47.25,92.461,47394.61
HLA-B*51:03,GPPSEKHF,10.602,51.411,43160.14
HLA-B*51:03,PPSEKHFQ,35.458,76.069,45825.84
HLA-B*51:03,PSEKHFQF,4.986,17.859,35670.99
HLA-B*51:03,SEKHFQFS,44.909,64.363,44693.71
HLA-B*51:03,EKHFQFSG,67.273,73.408,45579.58
HLA-B*51:03,KHFQFSGE,66.364,70.511,45306.71
HLA-B*51:03,HFQFSGET,65.455,59.356,44139.12
HLA-B*51:03,FQFSGETL,6.081,10.844,31988.35
HLA-B*51:03,QFSGETLT,71.429,87.774,46904.36
HLA-B*51:03,FSGETLTA,12.986,22.553,37349.58
HLA-B*51:03,SGETLTAF,14.669,39.139,41294.5
HLA-B*51:03,GETLTAFE,82.5,92.145,47359.23
HLA-B*51:03,ETLTAFEY,10.095,20.33,36603.07
HLA-B*51:03,TLTAFEYR,73.571,84.677,46607.92
HLA-B*51:03,LTAFEYRK,59.25,71.091,45361.14
HLA-B*51:03,TAFEYRKS,15.425,23.629,37689.37
HLA-B*51:03,AFEYRKSY,20.943,39.946,41435.04
HLA-B*51:03,FEYRKSYE,37.842,46.172,42429.04
HLA-B*51:03,EYRKSYEA,25.493,32.034,39879.73
HLA-B*51:03,YRKSYEAA,41.583,57.768,43949.95
HLA-B*51:03,RKSYEAAK,90.0,95.943,48109.14
HLA-B*51:03,KSYEAAKN,58.5,73.486,45586.99
HLA-B*51:03,SYEAAKNN,93.333,94.021,47569.79
HLA-B*51:03,YEAAKNNR,68.182,90.549,47180.74
HLA-B*51:03,EAAKNNRS,32.774,63.418,44589.86
HLA-B*51:03,AAKNNRSE,67.273,92.964,47451.04
HLA-B*51:03,AKNNRSET,72.143,95.708,48002.04
HLA-B*51:03,KNNRSETW,28.388,69.286,45187.74
HLA-B*51:03,NNRSETWA,45.6,62.702,44511.28
HLA-B*51:03,NRSETWAR,57.5,81.407,46307.83
HLA-B*51:03,RSETWARS,74.286,81.139,46283.26
HLA-B*51:03,SETWARSF,18.555,30.073,39426.66
HLA-B*51:03,ETWARSFV,1.84,1.82,18482.02
HLA-B*51:03,TWARSFVP,49.857,40.024,41448.48
HLA-B*51:03,WARSFVPA,16.133,6.35,27885.95
HLA-B*51:03,ARSFVPAS,50.185,70.047,45263.08
HLA-B*51:03,RSFVPASG,45.4,38.932,41257.88
HLA-B*51:03,SFVPASGF,25.463,33.126,40116.45
HLA-B*51:03,FVPASGFT,54.074,51.2,43133.06
HLA-B*51:03,VPASGFTA,2.611,4.08,24461.9
HLA-B*51:03,PASGFTAL,5.074,14.847,34321.26
HLA-B*51:03,ASGFTALG,80.0,59.344,44137.7
HLA-B*51:03,SGFTALGK,41.333,62.377,44475.67
HLA-B*51:03,GFTALGKD,100.0,96.069,48166.95
HLA-B*51:03,FTALGKDA,44.636,46.423,42465.78
HLA-B*51:03,TALGKDAA,23.621,35.283,40559.87
HLA-B*51:03,ALGKDAAS,82.5,95.383,47853.71
HLA-B*51:03,LGKDAASA,33.0,50.558,43051.0
HLA-B*51:03,GKDAASAS,85.0,96.134,48196.66
HLA-B*51:03,KDAASASQ,85.0,96.648,48432.43
HLA-B*51:03,DAASASQG,20.935,34.438,40387.33
HLA-B*51:03,AASASQGL,11.791,37.473,40986.47
HLA-B*51:03,ASASQGLK,55.75,85.821,46716.46
HLA-B*51:03,SASQGLKV,1.54,5.145,26257.57
HLA-B*51:03,ASQGLKVH,50.37,93.651,47528.12
HLA-B*51:03,SQGLKVHS,59.5,86.484,46780.2
HLA-B*51:03,QGLKVHSS,35.667,69.016,45160.85
HLA-B*51:03,GLKVHSST,64.643,85.589,46694.21
HLA-B*51:03,LKVHSSTS,75.833,89.374,47058.88
HLA-B*51:03,KVHSSTSN,90.0,95.826,48055.56
HLA-B*51:03,VHSSTSNL,16.84,30.677,39568.11
HLA-B*51:03,HSSTSNLG,67.273,69.833,45242.04
HLA-B*51:03,SSTSNLGN,90.0,91.052,47236.94
HLA-B*51:03,STSNLGNH,60.357,88.616,46985.62
HLA-B*51:03,TSNLGNHQ,61.071,88.642,46988.16
HLA-B*51:03,SNLGNHQA,29.068,55.34,43662.25
HLA-B*51:03,NLGNHQAD,95.0,95.528,47920.04
HLA-B*51:03,LGNHQADG,97.5,95.229,47783.86
HLA-B*51:03,GNHQADGE,97.5,97.676,48907.95
HLA-B*51:03,NHQADGEV,41.333,43.545,42024.23
HLA-B*51:03,HQADGEVA,37.579,71.602,45409.27
HLA-B*51:03,QADGEVAF,7.772,41.779,41739.2
HLA-B*51:03,ADGEVAFG,85.0,91.107,47243.06
HLA-B*51:03,DGEVAFGG,79.167,66.811,44942.48
HLA-B*51:03,GEVAFGGM,47.125,58.348,44018.94
HLA-B*51:03,EVAFGGMF,15.743,25.443,38225.72
HLA-B*51:03,VAFGGMFL,1.989,2.326,20274.22
HLA-B*51:03,AFGGMFLE,67.727,72.166,45462.36
HLA-B*51:03,FGGMFLET,39.706,35.179,40539.26
HLA-B*51:03,GGMFLETY,33.643,51.477,43168.54
HLA-B*51:03,GMFLETYY,48.0,48.692,42797.9
HLA-B*51:03,MFLETYYI,8.826,2.42,20576.77
HLA-B*51:03,FLETYYIT,52.778,48.315,42744.2
HLA-B*51:03,LETYYITQ,63.929,72.129,45458.9
HLA-B*51:03,ETYYITQF,1.463,4.348,24973.22
HLA-B*51:03,TYYITQFE,40.625,54.964,43617.38
HLA-B*51:03,YYITQFES,42.615,47.232,42584.94
HLA-B*51:03,YITQFESD,86.667,83.768,46524.29
HLA-B*51:03,ITQFESDC,72.143,78.128,46010.65
HLA-B*51:03,TQFESDCQ,58.5,82.432,46401.61
HLA-B*51:03,QFESDCQS,83.75,95.298,47815.42
HLA-B*51:03,FESDCQSS,60.0,73.867,45622.99
HLA-B*51:03,ESDCQSSL,5.256,17.839,35662.5
HLA-B*51:03,SDCQSSLI,22.97,17.962,35714.24
HLA-B*51:03,DCQSSLIK,53.333,80.849,46256.73
HLA-B*51:03,CQSSLIKK,74.286,80.422,46217.73
HLA-B*51:03,QSSLIKKV,3.878,14.841,34318.3
HLA-B*51:03,SSLIKKVA,20.537,37.197,40934.17
HLA-B*51:03,SLIKKVAK,46.222,76.185,45836.24
HLA-B*51:03,LIKKVAKI,5.772,10.901,32029.56
HLA-B*51:03,IKKVAKIE,80.0,96.061,48163.32
HLA-B*51:03,KKVAKIEV,30.703,64.143,44669.53
HLA-B*51:03,KVAKIEVS,70.714,92.543,47403.84
HLA-B*51:03,VAKIEVSI,0.8,2.615,21130.66
HLA-B*51:03,AKIEVSIG,69.091,87.379,46866.32
HLA-B*51:03,KIEVSIGT,74.286,89.495,47070.6
HLA-B*51:03,IEVSIGTQ,57.0,82.645,46421.18
HLA-B*51:03,EVSIGTQL,5.019,19.263,36209.57
HLA-B*51:03,VSIGTQLG,52.222,56.208,43764.86
HLA-B*51:03,SIGTQLGW,31.294,43.25,41979.24
HLA-B*51:03,IGTQLGWT,48.125,59.956,44210.83
HLA-B*51:03,GTQLGWTW,24.078,36.686,40835.98
HLA-B*51:03,TQLGWTWA,34.385,30.714,39576.69
HLA-B*51:03,QLGWTWAV,19.703,12.773,33224.02
HLA-B*51:03,LGWTWAVV,7.882,3.072,22305.3
HLA-B*51:03,GWTWAVVD,100.0,87.432,46871.37
HLA-B*51:03,WTWAVVDI,20.902,6.001,27444.15
HLA-B*51:03,TWAVVDIR,70.714,85.205,46657.36
HLA-B*51:03,WAVVDIRL,6.287,8.934,30539.8
HLA-B*51:03,AVVDIRLV,5.994,11.751,32599.09
HLA-B*51:03,VVDIRLVE,44.182,79.419,46126.79
HLA-B*51:03,VDIRLVEA,22.72,42.926,41928.86
HLA-B*51:03,DIRLVEAQ,37.526,60.707,44293.17
HLA-B*51:03,IRLVEAQA,36.524,54.581,43567.85
HLA-B*51:03,RLVEAQAV,11.722,30.228,39462.94
HLA-B*51:03,LVEAQAVA,42.923,46.003,42404.26
HLA-B*51:03,VEAQAVAP,39.059,58.836,44077.09
HLA-B*51:03,EAQAVAPG,21.702,27.25,38715.64
HLA-B*51:03,AQAVAPGN,90.0,94.533,47627.47
HLA-B*51:03,QAVAPGNL,5.096,17.497,35519.64
HLA-B*51:03,AVAPGNLG,66.818,77.281,45934.55
HLA-B*51:03,VAPGNLGA,17.295,40.428,41516.7
HLA-B*51:03,APGNLGAF,11.391,23.134,37533.09
HLA-B*51:03,PGNLGAFR,74.286,89.3,47051.75
HLA-B*51:03,GNLGAFRQ,88.333,96.056,48160.71
HLA-B*51:03,NLGAFRQS,73.571,80.745,46247.21
HLA-B*51:03,LGAFRQSH,46.556,74.483,45681.29
HLA-B*51:03,GAFRQSHP,31.765,47.455,42618.13
HLA-B*51:03,AFRQSHPE,59.25,79.574,46140.77
HLA-B*51:03,FRQSHPEI,8.035,14.797,34296.39
HLA-B*51:03,RQSHPEIT,66.364,93.339,47493.16
HLA-B*51:03,QSHPEITA,7.127,32.893,40066.99
HLA-B*51:03,SHPEITAG,57.5,72.197,45465.32
HLA-B*51:03,HPEITAGD,50.926,54.858,43603.69
HLA-B*51:03,PEITAGDV,47.375,40.838,41585.94
HLA-B*51:03,EITAGDVD,95.0,95.395,47859.41
HLA-B*51:03,ITAGDVDQ,74.286,95.852,48067.53
HLA-B*51:03,TAGDVDQQ,27.093,92.37,47384.34
HLA-B*51:03,AGDVDQQG,78.333,96.081,48172.17
HLA-B*51:03,GDVDQQGE,90.0,97.859,48993.22
HLA-B*51:03,DVDQQGEL,6.665,24.82,38048.69
HLA-B*51:03,VDQQGELT,61.429,89.889,47108.8
HLA-B*51:03,DQQGELTR,44.0,82.092,46370.5
HLA-B*51:03,QQGELTRA,38.278,72.813,45523.38
HLA-B*51:03,QGELTRAA,33.964,54.54,43562.68
HLA-B*51:03,GELTRAAG,86.667,89.616,47082.32
HLA-B*51:03,ELTRAAGK,81.25,90.105,47131.26
HLA-B*51:03,LTRAAGKS,75.0,81.78,46341.89
HLA-B*51:03,TRAAGKSV,25.925,42.065,41785.74
HLA-B*51:03,RAAGKSVT,45.7,76.561,45869.98
HLA-B*51:03,AAGKSVTS,44.727,81.095,46279.26
HLA-B*51:03,AGKSVTSE,60.357,90.974,47228.23
HLA-B*51:03,GKSVTSEA,53.704,80.372,46213.23
HLA-B*51:03,KSVTSEAA,41.417,67.81,45041.3
HLA-B*51:03,SVTSEAAD,95.0,95.74,48016.56
HLA-B*51:03,VTSEAADK,75.833,92.498,47398.7
HLA-B*51:03,TSEAADKK,75.0,95.717,48006.19
HLA-B*51:03,SEAADKKG,77.5,95.947,48111.22
HLA-B*51:03,EAADKKGQ,46.111,90.535,47179.21
HLA-B*51:03,AADKKGQT,39.0,84.189,46563.04
HLA-B*51:03,ADKKGQTL,11.35,49.481,42908.22
HLA-B*51:03,DKKGQTLD,82.5,96.134,48196.66
HLA-B*51:03,KKGQTLDV,55.5,79.48,46132.29
HLA-B*51:03,KGQTLDVW,31.029,52.954,43358.13
HLA-B*51:03,GQTLDVWL,42.231,62.663,44506.95
HLA-B*51:03,QTLDVWLR,31.647,55.508,43682.07
HLA-B*51:03,TLDVWLRD,88.333,85.884,46722.52
HLA-B*51:03,LDVWLRDA,64.643,59.108,44109.53
HLA-B*51:03,DVWLRDAS,23.379,28.207,38972.44
HLA-B*51:03,VWLRDASL,25.791,28.741,39105.47
HLA-B*51:03,WLRDASLI,12.708,8.004,29715.14
HLA-B*51:03,LRDASLIM,30.865,36.968,40890.79
HLA-B*51:03,RDASLIMK,69.545,90.311,47154.21
HLA-B*51:03,DASLIMKV,0.035,0.161,5302.88
HLA-B*51:03,ASLIMKVI,5.879,7.782,29500.18
HLA-B*51:03,SLIMKVIP,54.63,54.876,43606.05
HLA-B*51:03,LIMKVIPL,7.498,8.432,30100.86
HLA-B*51:03,IMKVIPLD,68.182,63.625,44612.53
HLA-B*51:03,MKVIPLDD,91.667,87.584,46886.09
HLA-B*51:03,KVIPLDDG,86.667,94.231,47593.48
HLA-B*51:03,VIPLDDGD,97.5,97.004,48596.72
HLA-B*51:03,IPLDDGDE,36.905,70.621,45317.0
HLA-B*51:03,PLDDGDER,75.833,96.426,48330.34
HLA-B*51:03,LDDGDERR,90.0,97.564,48856.13
HLA-B*51:03,DDGDERRV,22.05,59.104,44109.05
HLA-B*51:03,DGDERRVA,11.026,36.266,40754.31
HLA-B*51:03,GDERRVAE,88.333,97.14,48659.35
HLA-B*51:03,DERRVAEQ,36.571,72.683,45511.09
HLA-B*51:03,ERRVAEQP,46.0,67.761,45036.43
HLA-B*51:03,RRVAEQPK,86.667,95.829,48057.11
HLA-B*51:03,RVAEQPKA,35.542,67.279,44988.7
HLA-B*51:03,VAEQPKAL,3.303,24.521,37960.29
HLA-B*51:03,AEQPKALA,29.25,52.301,43274.24
HLA-B*51:03,EQPKALAL,4.517,20.161,36542.52
HLA-B*51:03,QPKALALA,7.172,9.922,31323.21
HLA-B*51:03,PKALALAN,69.091,70.496,45305.22
HLA-B*51:03,KALALANL,9.095,17.126,35365.08
HLA-B*51:03,ALALANLV,8.394,7.263,28966.29
HLA-B*51:03,LALANLVY,14.736,14.333,34069.31
HLA-B*51:03,ALANLVYI,6.515,8.476,30140.29
HLA-B*51:03,LANLVYIS,33.0,27.857,38881.86
HLA-B*51:03,ANLVYISK,52.778,70.804,45334.15
HLA-B*51:03,NLVYISKT,44.0,58.744,44066.12
HLA-B*51:03,LVYISKTL,2.367,5.692,27026.31
HLA-B*51:03,VYISKTLT,45.5,62.346,44472.29
HLA-B*51:03,YISKTLTI,2.181,3.526,23375.16
HLA-B*51:03,ISKTLTIT,33.357,59.408,44145.33
HLA-B*51:03,SKTLTITK,54.815,87.868,46913.49
HLA-B*51:03,KTLTITKI,6.685,13.842,33820.3
HLA-B*51:03,TLTITKIA,33.071,53.027,43367.5
HLA-B*51:03,LTITKIAE,46.333,62.693,44510.34
HLA-B*51:03,TITKIAEY,26.617,52.188,43259.73
HLA-B*51:03,ITKIAEYT,42.077,58.356,44019.9
HLA-B*51:03,TKIAEYTI,8.077,16.098,34908.89
HLA-B*51:03,KIAEYTIA,49.857,67.023,44963.38
HLA-B*51:03,IAEYTIAR,35.792,58.084,43987.52
HLA-B*51:03,AEYTIARY,22.84,43.286,41984.71
HLA-B*51:03,EYTIARYQ,61.429,80.016,46180.72
HLA-B*51:03,YTIARYQS,31.059,38.182,41119.72
HLA-B*51:03,TIARYQSE,67.273,78.992,46088.37
HLA-B*51:03,IARYQSEE,50.556,71.404,45390.59
HLA-B*51:03,ARYQSEEV,18.884,31.271,39705.79
HLA-B*51:03,RYQSEEVS,85.0,93.49,47510.13
HLA-B*51:03,YQSEEVSQ,47.5,86.658,46796.89
HLA-B*51:03,QSEEVSQQ,53.519,95.233,47785.95
HLA-B*51:03,SEEVSQQY,18.128,60.083,44225.18
HLA-B*51:03,EEVSQQYR,46.333,79.502,46134.29
HLA-B*51:03,EVSQQYRD,72.857,85.689,46703.81
HLA-B*51:03,VSQQYRDA,53.704,61.753,44407.38
HLA-B*51:03,SQQYRDAY,38.833,67.288,44989.66
HLA-B*51:03,QQYRDAYK,53.148,71.816,45429.42
HLA-B*51:03,QYRDAYKP,58.75,70.757,45329.74
HLA-B*51:03,YRDAYKPV,25.313,28.525,39051.79
HLA-B*51:03,RDAYKPVH,72.143,95.742,48017.61
HLA-B*51:03,DAYKPVHN,2.134,10.422,31682.14
HLA-B*51:03,AYKPVHNV,1.621,4.481,25231.25
HLA-B*51:03,YKPVHNVI,4.451,10.584,31799.25
HLA-B*51:03,KPVHNVIS,28.735,49.407,42898.01
HLA-B*51:03,PVHNVIST,25.731,45.055,42260.9
HLA-B*51:03,VHNVISTF,7.606,16.585,35126.37
HLA-B*51:03,HNVISTFI,5.215,8.645,30288.05
HLA-B*51:03,NVISTFIS,31.765,37.724,41033.95
HLA-B*51:03,VISTFISP,39.294,44.319,42144.44
HLA-B*51:03,ISTFISPL,9.127,7.838,29554.49
HLA-B*51:03,STFISPLY,8.734,11.868,32677.14
HLA-B*51:03,TFISPLYT,37.263,45.982,42401.03
HLA-B*51:03,FISPLYTR,29.432,48.503,42771.02
HLA-B*51:03,ISPLYTRG,48.75,53.275,43399.42
HLA-B*51:03,SPLYTRGT,18.476,25.953,38368.68
HLA-B*51:03,PLYTRGTK,69.545,80.46,46221.21
HLA-B*51:03,LYTRGTKL,16.88,33.303,40152.92
HLA-B*51:03,YTRGTKLE,59.5,75.98,45817.92
HLA-B*51:03,TRGTKLEF,32.484,59.74,44185.01
HLA-B*51:03,RGTKLEFG,65.909,88.479,46972.41
HLA-B*51:03,GTKLEFGE,85.0,95.607,47955.84
HLA-B*51:03,TKLEFGEL,22.9,34.45,40389.96
HLA-B*51:03,KLEFGELG,90.0,88.805,47003.92
HLA-B*51:03,LEFGELGG,78.333,73.372,45576.11
HLA-B*51:03,EFGELGGV,27.389,30.221,39461.23
HLA-B*51:03,FGELGGVS,63.214,67.215,44982.35
HLA-B*51:03,GELGGVSS,64.286,91.944,47336.69
HLA-B*51:03,ELGGVSSN,73.571,88.121,46937.86
HLA-B*51:03,LGGVSSNM,22.68,36.62,40823.15
HLA-B*51:03,GGVSSNMG,93.333,95.599,47952.19
HLA-B*51:03,GVSSNMGT,90.0,95.503,47908.64
HLA-B*51:03,VSSNMGTG,75.0,70.861,45339.56
HLA-B*51:03,SSNMGTGH,71.429,88.653,46989.19
HLA-B*51:03,SNMGTGHV,12.991,18.51,35924.29
HLA-B*51:03,NMGTGHVN,81.25,86.395,46771.57
HLA-B*51:03,MGTGHVNT,40.562,56.104,43752.56
HLA-B*51:03,GTGHVNTL,16.133,52.363,43282.2
HLA-B*51:03,TGHVNTLD,86.667,77.503,45954.43
HLA-B*51:03,GHVNTLDE,91.667,95.84,48062.32
HLA-B*51:03,HVNTLDEK,72.857,91.304,47265.04
HLA-B*51:03,VNTLDEKL,30.135,60.677,44289.82
HLA-B*51:03,NTLDEKLD,78.333,92.685,47419.74
HLA-B*51:03,TLDEKLDG,85.0,95.302,47816.96
HLA-B*51:03,LDEKLDGD,100.0,97.474,48814.37
HLA-B*51:03,DEKLDGDM,29.591,59.568,44164.44
HLA-B*51:03,EKLDGDMD,88.333,96.399,48318.31
HLA-B*51:03,KLDGDMDD,97.5,97.959,49039.88
HLA-B*51:03,LDGDMDDI,51.111,65.399,44803.14
HLA-B*51:03,DGDMDDIQ,78.333,95.987,48129.44
HLA-B*51:03,GDMDDIQQ,85.0,97.215,48694.1
HLA-B*51:03,DMDDIQQD,60.0,88.595,46983.59
HLA-B*51:03,MDDIQQDD,91.667,95.042,47699.16
HLA-B*51:03,DDIQQDDV,28.857,46.411,42463.94
HLA-B*51:03,DIQQDDVV,10.698,18.384,35876.13
HLA-B*51:03,IQQDDVVV,13.188,28.585,39066.57
HLA-B*51:03,QQDDVVVG,41.0,88.679,46991.74
HLA-B*51:03,QDDVVVGR,57.25,95.473,47894.64
HLA-B*51:03,DDVVVGRL,5.672,18.465,35907.2
HLA-B*51:03,DVVVGRLV,0.874,2.031,19351.73
HLA-B*51:03,VVVGRLVA,33.107,44.282,42138.52
HLA-B*51:03,VVGRLVAE,78.333,88.2,46945.48
HLA-B*51:03,VGRLVAED,86.667,82.366,46395.59
HLA-B*51:03,GRLVAEDL,62.143,74.812,45712.43
HLA-B*51:03,RLVAEDLK,88.333,95.627,47965.15
HLA-B*51:03,LVAEDLKL,13.681,31.853,39838.76
HLA-B*51:03,VAEDLKLR,43.364,81.166,46285.77
HLA-B*51:03,AEDLKLRV,9.736,30.036,39418.12
HLA-B*51:03,EDLKLRVA,24.403,44.006,42094.79
HLA-B*51:03,DLKLRVAR,26.333,66.732,44934.68
HLA-B*51:03,LKLRVARG,90.0,86.311,46763.49
HLA-B*51:03,KLRVARGI,33.5,45.458,42321.75
HLA-B*51:03,LRVARGIA,53.333,69.547,45213.66
HLA-B*51:03,RVARGIAL,17.689,40.742,41569.75
HLA-B*51:03,VARGIALF,6.622,9.807,31240.3
HLA-B*51:03,ARGIALFV,14.535,11.4,32365.4
HLA-B*51:03,RGIALFVR,54.815,69.154,45174.54
HLA-B*51:03,GIALFVRV,18.317,25.603,38270.42
HLA-B*51:03,IALFVRVV,1.103,0.992,14313.49
HLA-B*51:03,ALFVRVVQ,43.909,72.474,45491.39
HLA-B*51:03,LFVRVVQK,54.259,74.483,45681.29
HLA-B*51:03,FVRVVQKA,12.734,17.878,35678.72
HLA-B*51:03,VRVVQKAT,60.357,84.918,46630.11
HLA-B*51:03,RVVQKATH,64.286,91.349,47270.16
HLA-B*51:03,VVQKATHK,55.75,84.562,46597.31
HLA-B*51:03,VQKATHKE,67.727,92.475,47396.14
HLA-B*51:03,QKATHKEQ,80.0,97.01,48599.36
HLA-B*51:03,KATHKEQS,72.857,96.0,48135.18
HLA-B*51:03,ATHKEQSV,9.519,30.182,39452.28
HLA-B*51:03,THKEQSVF,15.56,39.206,41306.12
HLA-B*51:03,HKEQSVFC,46.444,84.655,46605.88
HLA-B*51:03,KEQSVFCN,79.167,86.979,46827.8
HLA-B*51:03,EQSVFCNL,7.106,13.85,33824.33
HLA-B*51:03,QSVFCNLL,12.528,12.716,33189.89
HLA-B*51:03,SVFCNLLN,76.667,47.845,42676.27
HLA-B*51:03,VFCNLLNS,88.333,74.415,45674.86
HLA-B*51:03,FCNLLNSL,11.592,24.893,38070.12
HLA-B*51:03,CNLLNSLF,27.833,16.447,35064.85
HLA-B*51:03,NLLNSLFV,12.998,10.07,31430.16
HLA-B*51:03,LLNSLFVN,71.429,66.87,44948.3
HLA-B*51:03,LNSLFVNI,6.004,5.561,26851.71
HLA-B*51:03,NSLFVNII,2.074,1.44,16791.45
HLA-B*51:03,SLFVNIIL,12.102,20.456,36648.25
HLA-B*51:03,LFVNIILC,47.75,65.197,44783.27
HLA-B*51:03,FVNIILCD,90.0,60.918,44316.2
HLA-B*51:03,VNIILCDI,23.667,13.687,33734.77
HLA-B*51:03,NIILCDIR,75.0,82.798,46435.26
HLA-B*51:03,IILCDIRG,95.0,80.208,46198.21
HLA-B*51:03,ILCDIRGL,32.226,43.592,42031.52
HLA-B*51:03,LCDIRGLQ,81.25,93.317,47490.59
HLA-B*51:03,CDIRGLQD,93.333,85.753,46709.9
HLA-B*51:03,DIRGLQDY,25.493,49.138,42860.9
HLA-B*51:03,IRGLQDYS,81.25,92.145,47359.23
HLA-B*51:03,RGLQDYSK,67.273,89.626,47083.35
HLA-B*51:03,GLQDYSKT,85.0,95.229,47783.86
HLA-B*51:03,LQDYSKTT,48.75,73.836,45620.05
HLA-B*51:03,QDYSKTTD,63.571,90.265,47149.11
HLA-B*51:03,DYSKTTDS,62.143,82.87,46441.79
HLA-B*51:03,YSKTTDST,38.167,58.684,44058.98
HLA-B*51:03,SKTTDSTS,83.75,95.781,48035.27
HLA-B*51:03,KTTDSTSK,54.074,95.953,48113.83
HLA-B*51:03,TTDSTSKY,22.26,59.928,44207.47
HLA-B*51:03,TDSTSKYH,71.429,95.597,47951.17
HLA-B*51:03,DSTSKYHH,16.591,63.695,44620.27
HLA-B*51:03,STSKYHHD,76.667,79.474,46131.79
HLA-B*51:03,TSKYHHDQ,64.643,88.837,47006.98
HLA-B*51:03,SKYHHDQV,16.462,28.588,39067.41
HLA-B*51:03,KYHHDQVP,69.091,82.842,46439.27
HLA-B*51:03,YHHDQVPA,30.216,36.916,40880.61
HLA-B*51:03,HHDQVPAI,4.696,17.203,35397.25
HLA-B*51:03,HDQVPAIK,62.857,90.096,47130.23
HLA-B*51:03,DQVPAIKA,6.483,19.583,36328.86
HLA-B*51:03,QVPAIKAL,8.473,31.612,39783.61
HLA-B*51:03,VPAIKALD,31.235,29.556,39303.13
HLA-B*51:03,PAIKALDC,23.954,51.163,43128.39
HLA-B*51:03,AIKALDCG,93.333,89.842,47104.21
HLA-B*51:03,IKALDCGL,63.571,60.756,44298.45
HLA-B*51:03,KALDCGLF,22.72,26.896,38619.83
HLA-B*51:03,ALDCGLFR,82.5,89.142,47036.49
HLA-B*51:03,LDCGLFRG,93.333,79.02,46090.87
HLA-B*51:03,DCGLFRGP,34.808,63.893,44642.0
HLA-B*51:03,CGLFRGPA,55.25,30.239,39465.51
HLA-B*51:03,GLFRGPAK,66.818,84.48,46589.77
HLA-B*51:03,LFRGPAKV,14.197,22.595,37362.93
HLA-B*51:03,FRGPAKVD,81.25,93.838,47549.21
HLA-B*51:03,RGPAKVDP,67.273,89.974,47116.98
HLA-B*51:03,GPAKVDPQ,44.727,83.215,46473.46
HLA-B*51:03,PAKVDPQI,1.511,6.756,28382.72
HLA-B*51:03,AKVDPQIN,65.0,95.92,48098.72
HLA-B*51:03,KVDPQINL,11.406,45.833,42378.56
HLA-B*51:03,VDPQINLF,9.618,29.25,39230.07
HLA-B*51:03,DPQINLFN,16.711,18.878,36064.89
HLA-B*51:03,PQINLFNF,17.876,18.223,35814.85
HLA-B*51:03,QINLFNFK,69.545,77.27,45933.57
HLA-B*51:03,INLFNFKR,58.5,71.06,45358.19
HLA-B*51:03,NLFNFKRF,11.746,16.428,35056.12
HLA-B*51:03,LFNFKRFI,25.269,16.218,34962.56
HLA-B*51:03,FNFKRFIS,26.333,30.245,39466.79
HLA-B*51:03,NFKRFISI,5.286,6.773,28403.93
HLA-B*51:03,FKRFISIT,57.5,61.714,44403.05
HLA-B*51:03,KRFISITL,19.473,33.423,40177.69
HLA-B*51:03,RFISITLA,39.176,44.063,42103.88
HLA-B*51:03,FISITLAR,47.375,55.444,43674.52
HLA-B*51:03,ISITLARP,29.477,31.855,39839.2
HLA-B*51:03,SITLARPA,41.833,36.295,40760.04
HLA-B*51:03,ITLARPAV,5.945,6.665,28274.53
HLA-B*51:03,TLARPAVI,6.703,12.054,32797.23
HLA-B*51:03,LARPAVIF,4.972,8.813,30434.24
HLA-B*51:03,ARPAVIFQ,59.0,84.529,46594.3
HLA-B*51:03,RPAVIFQL,0.844,3.145,22476.82
HLA-B*51:03,PAVIFQLG,46.222,27.163,38691.75
HLA-B*51:03,AVIFQLGP,57.5,59.188,44119.09
HLA-B*51:03,VIFQLGPY,28.408,31.808,39828.41
HLA-B*51:03,IFQLGPYT,46.0,55.404,43669.79
HLA-B*51:03,FQLGPYTK,38.444,56.056,43746.89
HLA-B*51:03,QLGPYTKK,64.286,89.074,47029.88
HLA-B*51:03,LGPYTKKM,15.183,33.312,40154.66
HLA-B*51:03,GPYTKKMS,30.405,54.847,43602.28
HLA-B*51:03,PYTKKMSI,1.004,3.134,22449.11
HLA-B*51:03,YTKKMSIS,43.727,59.828,44195.52
HLA-B*51:03,TKKMSISE,57.75,90.942,47224.66
HLA-B*51:03,KKMSISEV,23.586,37.422,40976.72
HLA-B*51:03,KMSISEVP,60.714,69.966,45255.25
HLA-B*51:03,MSISEVPS,26.55,37.333,40959.86
HLA-B*51:03,SISEVPSE,48.125,83.812,46528.3
HLA-B*51:03,ISEVPSEE,50.926,87.847,46911.46
HLA-B*51:03,SEVPSEES,48.0,83.976,46543.4
HLA-B*51:03,EVPSEESF,11.976,39.753,41401.43
HLA-B*51:03,VPSEESFA,7.758,12.659,33155.81
HLA-B*51:03,PSEESFAH,44.0,86.637,46794.86
HLA-B*51:03,SEESFAHT,37.474,65.438,44807.01
HLA-B*51:03,EESFAHTV,1.849,6.365,27904.66
HLA-B*51:03,ESFAHTVQ,16.996,31.968,39865.05
HLA-B*51:03,SFAHTVQK,52.037,75.786,45800.55
HLA-B*51:03,FAHTVQKC,4.333,16.025,34876.8
HLA-B*51:03,AHTVQKCV,9.891,25.152,38144.34
HLA-B*51:03,HTVQKCVG,73.571,72.291,45474.18
HLA-B*51:03,TVQKCVGM,33.964,45.576,42339.6
HLA-B*51:03,VQKCVGMN,77.5,82.623,46419.18
HLA-B*51:03,QKCVGMNS,77.5,91.715,47311.09
HLA-B*51:03,KCVGMNSD,97.5,97.215,48694.1
HLA-B*51:03,CVGMNSDR,95.0,91.972,47339.77
HLA-B*51:03,VGMNSDRE,83.75,87.737,46900.82
HLA-B*51:03,GMNSDRES,93.333,96.347,48294.29
HLA-B*51:03,MNSDRESL,14.5,42.428,41845.93
HLA-B*51:03,NSDRESLC,35.125,63.849,44637.16
HLA-B*51:03,SDRESLCS,49.286,80.334,46209.71
HLA-B*51:03,DRESLCST,51.667,66.545,44916.23
HLA-B*51:03,RESLCSTI,17.005,16.425,35054.99
HLA-B*51:03,ESLCSTIK,50.926,53.64,43446.41
HLA-B*51:03,SLCSTIKL,19.182,27.807,38868.0
HLA-B*51:03,LCSTIKLS,68.182,87.305,46859.22
HLA-B*51:03,CSTIKLSG,85.0,59.588,44166.83
HLA-B*51:03,STIKLSGD,91.667,88.042,46930.26
HLA-B*51:03,TIKLSGDG,91.667,93.207,47478.28
HLA-B*51:03,IKLSGDGK,88.333,95.912,48095.09
HLA-B*51:03,KLSGDGKE,95.0,97.765,48949.23
HLA-B*51:03,LSGDGKES,73.571,95.157,47751.29
HLA-B*51:03,SGDGKESI,11.962,38.939,41259.21
HLA-B*51:03,GDGKESII,43.727,71.759,45424.0
HLA-B*51:03,DGKESIIR,21.096,67.185,44979.45
HLA-B*51:03,GKESIIRW,29.295,67.972,45057.37
HLA-B*51:03,KESIIRWD,91.667,90.97,47227.74
HLA-B*51:03,ESIIRWDL,4.389,8.905,30514.03
HLA-B*51:03,SIIRWDLI,15.832,7.554,29281.09
HLA-B*51:03,IIRWDLIV,24.013,13.181,33458.16
HLA-B*51:03,IRWDLIVR,39.529,68.391,45098.83
HLA-B*51:03,RWDLIVRE,58.25,89.784,47098.62
HLA-B*51:03,WDLIVREP,40.312,50.853,43088.75
HLA-B*51:03,DLIVREPR,29.409,64.583,44717.89
HLA-B*51:03,LIVREPRS,70.714,89.142,47036.49
HLA-B*51:03,IVREPRST,43.818,74.494,45682.29
HLA-B*51:03,VREPRSTF,18.89,47.814,42671.64
HLA-B*51:03,REPRSTFK,72.857,92.53,47402.31
HLA-B*51:03,EPRSTFKE,15.224,35.091,40521.72
HLA-B*51:03,PRSTFKEA,23.368,36.802,40858.5
HLA-B*51:03,RSTFKEAS,80.0,91.418,47277.84
HLA-B*51:03,STFKEASF,10.438,17.468,35507.34
HLA-B*51:03,TFKEASFG,75.833,70.548,45310.13
HLA-B*51:03,FKEASFGP,64.286,66.56,44917.68
HLA-B*51:03,KEASFGPP,60.357,67.283,44989.17
HLA-B*51:03,EASFGPPY,9.454,17.142,35371.61
HLA-B*51:03,ASFGPPYE,31.588,69.242,45183.34
HLA-B*51:03,SFGPPYEQ,57.25,88.837,47006.98
HLA-B*51:03,FGPPYEQR,31.353,68.297,45089.55
HLA-B*51:03,GPPYEQRY,14.185,57.504,43918.56
HLA-B*51:03,PPYEQRYT,19.142,33.949,40286.53
HLA-B*51:03,PYEQRYTT,13.914,23.237,37565.59
HLA-B*51:03,YEQRYTTF,9.6,19.494,36295.86
HLA-B*51:03,EQRYTTFE,52.963,70.819,45335.61
HLA-B*51:03,QRYTTFES,42.385,64.341,44691.29
HLA-B*51:03,RYTTFESI,14.898,15.871,34804.79
HLA-B*51:03,YTTFESIE,74.286,81.342,46301.8
HLA-B*51:03,TTFESIEP,21.211,27.905,38894.9
HLA-B*51:03,TFESIEPS,68.182,75.061,45735.7
HLA-B*51:03,FESIEPSF,8.948,23.406,37618.88
HLA-B*51:03,ESIEPSFQ,17.218,42.984,41938.38
HLA-B*51:03,SIEPSFQI,3.223,6.976,28648.99
HLA-B*51:03,IEPSFQIF,10.48,23.845,37757.93
HLA-B*51:03,EPSFQIFT,6.036,8.198,29889.26
HLA-B*51:03,PSFQIFTS,36.238,32.317,39941.48
HLA-B*51:03,SFQIFTSM,9.873,14.929,34361.39
HLA-B*51:03,FQIFTSMQ,44.455,57.268,43890.53
HLA-B*51:03,QIFTSMQL,5.091,12.655,33153.65
HLA-B*51:03,IFTSMQLV,10.443,9.467,30991.51
HLA-B*51:03,FTSMQLVS,51.481,42.815,41910.26
HLA-B*51:03,TSMQLVSF,4.366,7.882,29596.74
HLA-B*51:03,SMQLVSFC,46.667,40.867,41590.9
HLA-B*51:03,MQLVSFCI,8.033,1.634,17673.55
HLA-B*51:03,QLVSFCIE,81.25,83.089,46461.89
HLA-B*51:03,LVSFCIEV,15.153,11.357,32337.02
HLA-B*51:03,VSFCIEVR,47.25,46.47,42472.68
HLA-B*51:03,SFCIEVRA,55.25,39.54,41364.26
HLA-B*51:03,FCIEVRAG,44.818,64.214,44677.28
HLA-B*51:03,CIEVRAGG,95.0,84.315,46574.63
HLA-B*51:03,IEVRAGGV,26.75,29.309,39244.07
HLA-B*51:03,EVRAGGVR,52.593,80.34,46210.22
HLA-B*51:03,VRAGGVRP,59.75,82.826,46437.77
HLA-B*51:03,RAGGVRPI,7.752,14.197,34003.02
HLA-B*51:03,AGGVRPIQ,63.929,95.738,48015.54
HLA-B*51:03,GGVRPIQR,60.714,95.058,47706.39
HLA-B*51:03,GVRPIQRA,37.158,61.129,44339.21
HLA-B*51:03,VRPIQRAT,47.0,76.235,45840.71
HLA-B*51:03,RPIQRATD,44.364,46.727,42510.36
HLA-B*51:03,PIQRATDA,24.909,46.455,42470.38
HLA-B*51:03,IQRATDAA,42.923,56.636,43815.58
HLA-B*51:03,QRATDAAA,60.357,75.836,45805.01
HLA-B*51:03,RATDAAAE,66.818,90.425,47166.96
HLA-B*51:03,ATDAAAES,67.727,89.884,47108.32
HLA-B*51:03,TDAAAESG,73.571,89.984,47117.98
HLA-B*51:03,DAAAESGD,65.909,82.404,46399.1
HLA-B*51:03,AAAESGDS,58.0,89.489,47070.08
HLA-B*51:03,AAESGDSR,65.0,95.143,47745.11
HLA-B*51:03,AESGDSRV,31.529,56.836,43839.27
HLA-B*51:03,ESGDSRVH,39.647,84.502,46591.78
HLA-B*51:03,SGDSRVHD,77.5,94.927,47671.82
HLA-B*51:03,GDSRVHDR,86.667,96.777,48492.19
HLA-B*51:03,DSRVHDRT,31.471,44.052,42102.06
HLA-B*51:03,SRVHDRTI,21.246,33.476,40188.57
HLA-B*51:03,RVHDRTIS,51.667,88.158,46941.43
HLA-B*51:03,VHDRTISL,8.602,21.975,37166.96
HLA-B*51:03,HDRTISLG,73.571,69.779,45236.64
HLA-B*51:03,DRTISLGK,68.182,86.295,46761.98
HLA-B*51:03,RTISLGKL,13.864,31.266,39704.48
HLA-B*51:03,TISLGKLS,64.643,79.695,46151.75
HLA-B*51:03,ISLGKLSN,49.571,69.139,45173.05
HLA-B*51:03,SLGKLSNN,91.667,94.648,47640.34
HLA-B*51:03,LGKLSNNH,56.0,85.358,46671.99
HLA-B*51:03,GKLSNNHV,34.269,61.555,44385.76
HLA-B*51:03,KLSNNHVS,85.0,95.203,47771.99
HLA-B*51:03,LSNNHVSV,4.04,6.493,28068.18
HLA-B*51:03,SNNHVSVK,64.643,88.063,46932.29
HLA-B*51:03,NNHVSVKK,53.704,82.996,46453.35
HLA-B*51:03,NHVSVKKT,42.308,73.032,45544.09
HLA-B*51:03,HVSVKKTG,65.0,88.179,46943.46
HLA-B*51:03,VSVKKTGD,90.0,95.354,47840.78
HLA-B*51:03,SVKKTGDD,93.333,96.491,48360.18
HLA-B*51:03,VKKTGDDK,88.333,97.153,48665.66
HLA-B*51:03,KKTGDDKN,97.5,98.686,49379.58
HLA-B*51:03,KTGDDKNL,41.25,89.521,47073.15
HLA-B*51:03,TGDDKNLE,61.429,96.106,48183.63
HLA-B*51:03,GDDKNLED,93.333,97.494,48823.34
HLA-B*51:03,DDKNLEDA,50.741,76.512,45865.52
HLA-B*51:03,DKNLEDAH,75.0,95.734,48013.99
HLA-B*51:03,KNLEDAHP,71.429,90.325,47155.73
HLA-B*51:03,NLEDAHPQ,73.571,92.575,47407.41
HLA-B*51:03,LEDAHPQK,48.0,81.325,46300.3
HLA-B*51:03,EDAHPQKK,59.75,94.959,47675.41
HLA-B*51:03,DAHPQKKT,5.992,30.624,39555.71
HLA-B*51:03,AHPQKKTN,77.5,96.016,48142.48
HLA-B*51:03,HPQKKTNQ,18.39,66.526,44914.29
HLA-B*51:03,PQKKTNQD,91.667,96.262,48255.09
HLA-B*51:03,QKKTNQDN,97.5,97.77,48951.88
HLA-B*51:03,KKTNQDNG,97.5,97.801,48966.18
HLA-B*51:03,KTNQDNGN,95.0,97.313,48739.44
HLA-B*51:03,TNQDNGNY,57.0,83.368,46487.54
HLA-B*51:03,NQDNGNYG,67.273,84.135,46558.02
HLA-B*51:03,QDNGNYGY,56.0,86.595,46790.82
HLA-B*51:03,DNGNYGYA,34.0,45.8,42373.53
HLA-B*51:03,NGNYGYAL,11.833,19.739,36387.48
HLA-B*51:03,GNYGYALS,70.714,73.043,45545.09
HLA-B*51:03,NYGYALSN,78.333,72.839,45525.85
HLA-B*51:03,YGYALSND,66.818,47.232,42584.94
HLA-B*51:03,GYALSNDA,75.833,71.978,45444.66
HLA-B*51:03,YALSNDAR,43.818,52.907,43352.04
HLA-B*51:03,ALSNDARL,28.857,51.699,43197.04
HLA-B*51:03,LSNDARLT,40.75,62.97,44540.69
HLA-B*51:03,SNDARLTY,27.889,56.712,43824.57
HLA-B*51:03,NDARLTYN,79.167,85.905,46724.54
HLA-B*51:03,DARLTYNT,4.354,10.508,31744.25
HLA-B*51:03,ARLTYNTS,65.0,78.455,46040.04
HLA-B*51:03,RLTYNTSR,80.0,93.573,47519.39
HLA-B*51:03,LTYNTSRA,18.299,17.313,35442.85
HLA-B*51:03,TYNTSRAG,83.75,84.244,46568.08
HLA-B*51:03,YNTSRAGR,81.25,91.94,47336.17
HLA-B*51:03,NTSRAGRL,19.514,35.159,40535.31
HLA-B*51:03,TSRAGRLE,76.667,82.82,46437.27
HLA-B*51:03,SRAGRLEL,27.889,51.302,43146.14
HLA-B*51:03,RAGRLELL,9.456,27.075,38667.91
HLA-B*51:03,AGRLELLW,20.87,29.536,39298.47
HLA-B*51:03,GRLELLWP,70.0,68.278,45087.6
HLA-B*51:03,RLELLWPK,68.182,74.562,45688.71
HLA-B*51:03,LELLWPKR,54.815,70.783,45332.2
HLA-B*51:03,ELLWPKRA,22.12,38.879,41248.06
HLA-B*51:03,LLWPKRAE,54.63,64.091,44663.74
HLA-B*51:03,LWPKRAED,95.0,94.382,47610.46
HLA-B*51:03,WPKRAEDY,15.325,30.212,39459.1
HLA-B*51:03,PKRAEDYP,62.5,83.817,46528.82
HLA-B*51:03,KRAEDYPG,90.0,95.469,47893.07
HLA-B*51:03,RAEDYPGA,40.562,60.637,44285.51
HLA-B*51:03,AEDYPGAD,70.0,92.534,47402.8
HLA-B*51:03,EDYPGADG,61.786,76.008,45820.37
HLA-B*51:03,DYPGADGL,12.894,25.939,38364.94
HLA-B*51:03,YPGADGLG,35.75,28.037,38930.29
HLA-B*51:03,PGADGLGL,24.909,49.387,42895.25
HLA-B*51:03,GADGLGLH,55.0,91.962,47338.74
HLA-B*51:03,ADGLGLHT,56.5,84.228,46566.58
HLA-B*51:03,DGLGLHTL,0.836,3.652,23620.76
HLA-B*51:03,GLGLHTLE,83.75,92.306,47377.16
HLA-B*51:03,LGLHTLES,49.286,57.764,43949.47
HLA-B*51:03,GLHTLESA,32.097,66.27,44889.01
HLA-B*51:03,LHTLESAD,95.0,89.647,47085.38
HLA-B*51:03,HTLESADE,67.273,89.221,47044.13
HLA-B*51:03,TLESADEE,91.667,96.209,48231.11
HLA-B*51:03,LESADEEK,83.75,95.47,47893.59
HLA-B*51:03,ESADEEKQ,56.25,96.161,48209.18
HLA-B*51:03,SADEEKQA,14.774,54.395,43543.83
HLA-B*51:03,ADEEKQAP,34.154,94.062,47574.43
HLA-B*51:03,DEEKQAPG,48.375,80.942,46265.23
HLA-B*51:03,EEKQAPGE,44.364,91.176,47250.71
HLA-B*51:03,EKQAPGES,63.214,92.685,47419.74
HLA-B*51:03,KQAPGESA,37.526,78.555,46049.0
HLA-B*51:03,QAPGESAL,6.709,31.716,39807.3
HLA-B*51:03,APGESALI,1.586,3.786,23883.66
HLA-B*51:03,PGESALIS,67.727,79.081,46096.37
HLA-B*51:03,GESALISR,68.182,94.222,47592.44
HLA-B*51:03,ESALISRI,0.862,2.057,19433.56
HLA-B*51:03,SALISRIL,2.814,7.153,28845.25
HLA-B*51:03,ALISRILN,58.75,78.383,46033.57
HLA-B*51:03,LISRILNG,63.214,62.966,44540.2
HLA-B*51:03,ISRILNGG,88.333,76.34,45850.14
HLA-B*51:03,SRILNGGR,80.0,93.166,47473.65
HLA-B*51:03,RILNGGRS,86.667,94.835,47661.49
HLA-B*51:03,ILNGGRSL,19.581,43.223,41975.16
HLA-B*51:03,LNGGRSLE,86.667,95.288,47810.77
HLA-B*51:03,NGGRSLEV,6.297,17.48,35512.33
HLA-B*51:03,GGRSLEVI,13.896,36.895,40876.63
HLA-B*51:03,GRSLEVIT,82.5,94.844,47662.53
HLA-B*51:03,RSLEVITW,13.106,23.182,37548.12
HLA-B*51:03,SLEVITWS,70.0,78.389,46034.07
HLA-B*51:03,LEVITWSE,58.25,63.924,44645.37
HLA-B*51:03,EVITWSER,37.895,56.016,43742.14
HLA-B*51:03,VITWSERL,28.857,39.203,41305.66
HLA-B*51:03,ITWSERLE,43.455,52.775,43335.15
HLA-B*51:03,TWSERLEP,54.444,60.94,44318.6
HLA-B*51:03,WSERLEPI,13.943,6.889,28543.17
HLA-B*51:03,SERLEPIR,52.963,86.789,46809.56
HLA-B*51:03,ERLEPIRP,34.885,61.678,44399.21
HLA-B*51:03,RLEPIRPC,40.75,67.195,44980.41
HLA-B*51:03,LEPIRPCD,86.667,85.342,46670.48
HLA-B*51:03,EPIRPCDI,0.661,1.414,16649.08
HLA-B*51:03,PIRPCDIT,60.714,62.381,44476.16
HLA-B*51:03,IRPCDITD,95.0,92.562,47405.89
HLA-B*51:03,RPCDITDR,45.8,76.8,45891.34
HLA-B*51:03,PCDITDRL,11.118,30.004,39410.45
HLA-B*51:03,CDITDRLG,91.667,80.8,46252.23
HLA-B*51:03,DITDRLGP,47.125,61.859,44418.92
HLA-B*51:03,ITDRLGPV,15.534,13.896,33849.58
HLA-B*51:03,TDRLGPVR,59.0,86.732,46803.98
HLA-B*51:03,DRLGPVRV,7.054,20.317,36598.32
HLA-B*51:03,RLGPVRVD,91.667,94.044,47572.37
HLA-B*51:03,LGPVRVDE,72.857,90.929,47223.14
HLA-B*51:03,GPVRVDEA,16.4,32.875,40063.09
HLA-B*51:03,PVRVDEAN,95.0,95.017,47687.8
HLA-B*51:03,VRVDEANI,25.776,35.309,40565.15
HLA-B*51:03,RVDEANIV,20.927,39.203,41305.66
HLA-B*51:03,VDEANIVD,88.333,95.841,48062.84
HLA-B*51:03,DEANIVDH,38.444,78.97,46086.38
HLA-B*51:03,EANIVDHG,28.673,37.454,40982.93
HLA-B*51:03,ANIVDHGV,17.109,25.877,38347.5
HLA-B*51:03,NIVDHGVG,56.25,79.922,46172.24
HLA-B*51:03,IVDHGVGR,62.857,91.107,47243.06
HLA-B*51:03,VDHGVGRM,26.633,51.353,43152.68
HLA-B*51:03,DHGVGRME,60.714,80.531,46227.71
HLA-B*51:03,HGVGRMER,55.75,87.758,46902.84
HLA-B*51:03,GVGRMERG,97.5,96.812,48507.95
HLA-B*51:03,VGRMERGA,70.714,75.244,45752.01
HLA-B*51:03,GRMERGAQ,83.75,95.591,47948.57
HLA-B*51:03,RMERGAQQ,82.5,95.377,47851.11
HLA-B*51:03,MERGAQQR,47.25,78.223,46019.11
HLA-B*51:03,ERGAQQRT,55.25,92.813,47434.11
HLA-B*51:03,RGAQQRTT,47.375,84.918,46630.11
HLA-B*51:03,GAQQRTTV,5.726,22.041,37188.28
HLA-B*51:03,AQQRTTVN,69.091,91.052,47236.94
HLA-B*51:03,QQRTTVNS,62.143,86.247,46757.43
HLA-B*51:03,QRTTVNSD,91.667,95.89,48085.2
HLA-B*51:03,RTTVNSDA,68.636,79.319,46117.8
HLA-B*51:03,TTVNSDAS,70.714,84.107,46555.5
HLA-B*51:03,TVNSDASL,17.207,38.678,41211.02
HLA-B*51:03,VNSDASLL,19.912,35.881,40678.98
HLA-B*51:03,NSDASLLR,42.923,75.377,45763.91
HLA-B*51:03,SDASLLRE,60.714,88.968,47019.69
HLA-B*51:03,DASLLREG,20.049,25.397,38212.91
HLA-B*51:03,ASLLREGI,18.03,20.368,36616.53
HLA-B*51:03,SLLREGIG,79.167,83.647,46513.18
HLA-B*51:03,LLREGIGK,68.636,83.083,46461.38
HLA-B*51:03,LREGIGKS,76.667,93.715,47535.32
HLA-B*51:03,REGIGKSP,56.0,85.416,46677.55
HLA-B*51:03,EGIGKSPK,35.208,74.796,45710.96
HLA-B*51:03,GIGKSPKE,83.75,96.722,48466.49
HLA-B*51:03,IGKSPKEK,70.0,95.84,48062.32
HLA-B*51:03,GKSPKEKL,40.812,91.693,47308.52
HLA-B*51:03,KSPKEKLL,23.046,63.234,44569.59
HLA-B*51:03,SPKEKLLG,20.268,35.675,40638.07
HLA-B*51:03,PKEKLLGM,10.203,31.147,39677.43
HLA-B*51:03,KEKLLGMT,59.75,83.302,46481.49
HLA-B*51:03,EKLLGMTP,33.821,47.372,42605.68
HLA-B*51:03,KLLGMTPV,31.853,33.838,40263.41
HLA-B*51:03,LLGMTPVN,86.667,81.265,46294.78
HLA-B*51:03,LGMTPVNC,24.883,35.585,40620.05
HLA-B*51:03,GMTPVNCK,85.0,92.109,47355.13
HLA-B*51:03,MTPVNCKK,47.75,54.088,43504.25
HLA-B*51:03,TPVNCKKE,49.714,75.975,45817.41
HLA-B*51:03,PVNCKKEG,95.0,96.229,48239.97
HLA-B*51:03,VNCKKEGS,97.5,97.049,48617.22
HLA-B*51:03,NCKKEGSV,18.805,52.257,43268.61
HLA-B*51:03,CKKEGSVG,78.333,93.618,47524.54
HLA-B*51:03,KKEGSVGF,51.111,90.462,47171.03
HLA-B*51:03,KEGSVGFL,35.25,55.652,43699.09
HLA-B*51:03,EGSVGFLN,61.071,59.212,44121.94
HLA-B*51:03,GSVGFLNA,41.833,50.069,42988.63
HLA-B*51:03,SVGFLNAK,67.273,78.295,46025.58
HLA-B*51:03,VGFLNAKF,8.215,11.776,32615.69
HLA-B*51:03,GFLNAKFK,88.333,91.244,47258.39
HLA-B*51:03,FLNAKFKP,56.0,52.159,43255.96
HLA-B*51:03,LNAKFKPH,62.5,85.247,46661.39
HLA-B*51:03,NAKFKPHD,35.833,74.916,45722.34
HLA-B*51:03,AKFKPHDM,29.295,61.845,44417.48
HLA-B*51:03,KFKPHDML,27.259,52.932,43355.3
HLA-B*51:03,FKPHDMLG,74.286,69.99,45257.71
HLA-B*51:03,KPHDMLGG,49.857,61.38,44366.55
HLA-B*51:03,PHDMLGGS,72.857,79.828,46163.75
HLA-B*51:03,HDMLGGSG,73.571,69.715,45230.28
HLA-B*51:03,DMLGGSGA,25.925,33.981,40293.05
HLA-B*51:03,MLGGSGAI,23.851,20.101,36521.18
HLA-B*51:03,LGGSGAII,12.312,14.468,34134.98
HLA-B*51:03,GGSGAIIL,25.836,63.989,44652.62
HLA-B*51:03,GSGAIILI,15.869,21.341,36956.44
HLA-B*51:03,SGAIILIY,18.799,41.603,41710.76
HLA-B*51:03,GAIILIYV,5.436,15.336,34553.39
HLA-B*51:03,AIILIYVY,29.932,56.072,43748.78
HLA-B*51:03,IILIYVYN,85.0,80.005,46179.74
HLA-B*51:03,ILIYVYNI,9.252,6.653,28259.55
HLA-B*51:03,LIYVYNID,88.333,67.141,44975.07
HLA-B*51:03,IYVYNIDG,88.333,85.589,46694.21
HLA-B*51:03,YVYNIDGT,49.143,43.94,42084.74
HLA-B*51:03,VYNIDGTV,20.024,18.411,35886.61
HLA-B*51:03,YNIDGTVA,23.483,40.662,41556.26
HLA-B*51:03,NIDGTVAL,11.094,31.369,39728.12
HLA-B*51:03,IDGTVALI,12.134,13.166,33449.83
HLA-B*51:03,DGTVALIG,56.75,40.378,41508.18
HLA-B*51:03,GTVALIGN,95.0,95.424,47872.35
HLA-B*51:03,TVALIGNF,16.613,25.264,38175.71
HLA-B*51:03,VALIGNFF,6.132,9.1,30681.22
HLA-B*51:03,ALIGNFFR,68.636,78.123,46010.15
HLA-B*51:03,LIGNFFRD,95.0,82.475,46405.62
HLA-B*51:03,IGNFFRDF,23.483,28.21,38973.27
HLA-B*51:03,GNFFRDFK,63.929,81.917,46354.44
HLA-B*51:03,NFFRDFKG,72.143,60.47,44267.29
HLA-B*51:03,FFRDFKGI,19.669,20.915,36812.77
HLA-B*51:03,FRDFKGIS,63.214,81.314,46299.29
HLA-B*51:03,RDFKGISM,12.678,40.801,41579.64
HLA-B*51:03,DFKGISMM,9.833,20.909,36810.77
HLA-B*51:03,FKGISMML,15.746,28.897,39144.43
HLA-B*51:03,KGISMMLV,13.042,13.193,33465.04
HLA-B*51:03,GISMMLVS,90.0,82.043,46365.98
HLA-B*51:03,ISMMLVSV,2.405,1.255,15814.69
HLA-B*51:03,SMMLVSVD,78.333,49.963,42974.69
HLA-B*51:03,MMLVSVDP,64.286,36.723,40843.04
HLA-B*51:03,MLVSVDPI,14.955,4.801,25735.81
HLA-B*51:03,LVSVDPIG,85.0,76.539,45868.0
HLA-B*51:03,VSVDPIGN,56.25,84.693,46609.42
HLA-B*51:03,SVDPIGNR,41.75,84.222,46566.07
HLA-B*51:03,VDPIGNRL,9.795,36.048,40711.99
HLA-B*51:03,DPIGNRLK,12.088,27.049,38660.8
HLA-B*51:03,PIGNRLKD,83.75,88.337,46958.69
HLA-B*51:03,IGNRLKDH,68.182,93.628,47525.55
HLA-B*51:03,GNRLKDHM,59.5,88.589,46983.07
HLA-B*51:03,NRLKDHMY,42.692,76.185,45836.24
HLA-B*51:03,RLKDHMYM,27.426,42.54,41864.5
HLA-B*51:03,LKDHMYMP,55.0,61.024,44327.69
HLA-B*51:03,KDHMYMPN,86.667,87.258,46854.66
HLA-B*51:03,DHMYMPNL,6.224,6.75,28375.66
HLA-B*51:03,HMYMPNLH,28.898,43.006,41942.01
HLA-B*51:03,MYMPNLHL,5.69,6.132,27609.14
HLA-B*51:03,YMPNLHLS,36.476,39.46,41350.39
HLA-B*51:03,MPNLHLSI,0.05,0.023,1755.51
HLA-B*51:03,PNLHLSIF,11.961,20.668,36724.06
HLA-B*51:03,NLHLSIFP,48.75,43.107,41957.45
HLA-B*51:03,LHLSIFPK,42.692,48.247,42734.49
HLA-B*51:03,HLSIFPKG,50.741,57.76,43948.99
HLA-B*51:03,LSIFPKGF,14.204,23.713,37715.87
HLA-B*51:03,SIFPKGFP,22.5,32.032,39879.3
HLA-B*51:03,IFPKGFPI,12.84,6.904,28560.78
HLA-B*51:03,FPKGFPIY,1.663,3.522,23366.81
HLA-B*51:03,PKGFPIYF,5.019,19.618,36342.21
HLA-B*51:03,KGFPIYFL,7.77,15.771,34757.37
HLA-B*51:03,GFPIYFLV,18.89,7.974,29685.9
HLA-B*51:03,FPIYFLVS,7.722,2.184,19826.7
HLA-B*51:03,PIYFLVSK,39.588,55.236,43649.97
HLA-B*51:03,IYFLVSKL,7.091,13.384,33568.75
HLA-B*51:03,YFLVSKLF,14.025,18.595,35956.57
HLA-B*51:03,FLVSKLFI,12.597,7.337,29048.84
HLA-B*51:03,LVSKLFIS,46.0,55.364,43665.06
HLA-B*51:03,VSKLFISQ,42.538,64.917,44754.68
HLA-B*51:03,SKLFISQT,41.667,63.774,44628.96
HLA-B*51:03,KLFISQTD,76.667,82.212,46381.54
HLA-B*51:03,LFISQTDQ,83.75,91.903,47332.08
HLA-B*51:03,FISQTDQT,58.75,74.645,45696.61
HLA-B*51:03,ISQTDQTA,16.173,40.968,41607.99
HLA-B*51:03,SQTDQTAG,74.286,94.062,47574.43
HLA-B*51:03,QTDQTAGQ,70.714,95.112,47730.64
HLA-B*51:03,TDQTAGQT,60.0,85.179,46654.83
HLA-B*51:03,DQTAGQTT,26.15,60.663,44288.39
HLA-B*51:03,QTAGQTTM,15.948,46.31,42449.24
HLA-B*51:03,TAGQTTMK,39.529,72.015,45448.08
HLA-B*51:03,AGQTTMKG,70.714,87.574,46885.06
HLA-B*51:03,GQTTMKGL,45.3,79.275,46113.82
HLA-B*51:03,QTTMKGLM,28.122,44.914,42238.94
HLA-B*51:03,TTMKGLMY,17.927,29.632,39321.44
HLA-B*51:03,TMKGLMYL,13.227,20.935,36819.94
HLA-B*51:03,MKGLMYLC,56.0,52.615,43314.5
HLA-B*51:03,KGLMYLCL,24.948,21.638,37054.93
HLA-B*51:03,GLMYLCLT,93.333,60.751,44297.96
HLA-B*51:03,LMYLCLTE,73.571,54.54,43562.68
HLA-B*51:03,MYLCLTEV,15.358,5.481,26742.4
HLA-B*51:03,YLCLTEVD,81.25,74.849,45715.88
HLA-B*51:03,LCLTEVDD,100.0,97.222,48697.27
HLA-B*51:03,CLTEVDDP,95.0,88.889,47012.08
HLA-B*51:03,LTEVDDPV,45.1,27.831,38874.71
HLA-B*51:03,TEVDDPVK,52.222,92.539,47403.32
HLA-B*51:03,EVDDPVKE,32.194,89.921,47111.87
HLA-B*51:03,VDDPVKEE,56.5,95.983,48127.36
HLA-B*51:03,DDPVKEEN,52.407,95.814,48050.36
HLA-B*51:03,DPVKEENP,13.306,34.643,40429.76
HLA-B*51:03,PVKEENPD,95.0,96.606,48413.04
HLA-B*51:03,VKEENPDP,88.333,95.886,48083.12
HLA-B*51:03,KEENPDPN,81.25,96.804,48504.26
HLA-B*51:03,EENPDPND,68.636,95.451,47884.79
HLA-B*51:03,ENPDPNDA,42.077,83.872,46533.83
HLA-B*51:03,NPDPNDAS,17.482,51.513,43173.22
HLA-B*51:03,PDPNDASF,9.871,37.967,41080.15
HLA-B*51:03,DPNDASFA,3.459,6.298,27819.65
HLA-B*51:03,PNDASFAL,6.016,15.507,34633.5
HLA-B*51:03,NDASFALD,82.5,70.371,45293.47
HLA-B*51:03,DASFALDK,33.429,44.69,42203.32
HLA-B*51:03,ASFALDKS,62.5,72.563,45499.76
HLA-B*51:03,SFALDKSK,68.182,90.11,47131.75
HLA-B*51:03,FALDKSKI,0.745,1.59,17478.25
HLA-B*51:03,ALDKSKIL,18.768,51.481,43169.02
HLA-B*51:03,LDKSKILY,35.375,60.224,44240.5
HLA-B*51:03,DKSKILYE,50.0,83.313,46482.51
HLA-B*51:03,KSKILYEE,67.273,89.516,47072.63
HLA-B*51:03,SKILYEEK,67.727,90.169,47138.4
HLA-B*51:03,KILYEEKL,29.932,63.37,44584.54
HLA-B*51:03,ILYEEKLI,5.776,7.423,29143.9
HLA-B*51:03,LYEEKLIA,43.091,44.917,42239.4
HLA-B*51:03,YEEKLIAK,47.625,74.421,45675.36
HLA-B*51:03,EEKLIAKT,28.163,62.219,44458.35
HLA-B*51:03,EKLIAKTN,62.5,90.572,47183.29
HLA-B*51:03,KLIAKTNV,21.228,45.645,42350.14
HLA-B*51:03,LIAKTNVL,12.282,26.513,38518.0
HLA-B*51:03,IAKTNVLQ,27.426,58.16,43996.57
HLA-B*51:03,AKTNVLQI,3.468,12.49,33055.5
HLA-B*51:03,KTNVLQIA,21.684,52.097,43248.02
HLA-B*51:03,TNVLQIAA,20.886,37.808,41049.93
HLA-B*51:03,NVLQIAAN,46.333,59.068,44104.75
HLA-B*51:03,VLQIAANI,14.166,10.299,31593.81
HLA-B*51:03,LQIAANIV,10.194,12.411,33008.32
HLA-B*51:03,QIAANIVY,35.708,58.72,44063.27
HLA-B*51:03,IAANIVYT,13.237,23.566,37669.39
HLA-B*51:03,AANIVYTY,8.472,23.992,37804.54
HLA-B*51:03,ANIVYTYT,47.625,57.468,43914.28
HLA-B*51:03,NIVYTYTI,4.543,3.062,22280.94
HLA-B*51:03,IVYTYTIP,34.192,28.132,38953.87
HLA-B*51:03,VYTYTIPN,61.786,74.222,45656.57
HLA-B*51:03,YTYTIPNI,0.636,0.668,11835.71
HLA-B*51:03,TYTIPNIN,67.273,85.116,46648.76
HLA-B*51:03,YTIPNINN,28.816,44.718,42207.87
HLA-B*51:03,TIPNINNG,74.286,81.353,46302.81
HLA-B*51:03,IPNINNGS,28.776,40.043,41451.63
HLA-B*51:03,PNINNGSE,85.0,94.854,47663.55
HLA-B*51:03,NINNGSEQ,75.0,96.01,48139.87
HLA-B*51:03,INNGSEQL,20.984,59.176,44117.64
HLA-B*51:03,NNGSEQLQ,88.333,96.426,48330.34
HLA-B*51:03,NGSEQLQK,50.926,87.679,46895.22
HLA-B*51:03,GSEQLQKL,13.007,54.059,43500.5
HLA-B*51:03,SEQLQKLE,58.25,86.0,46733.64
HLA-B*51:03,EQLQKLED,67.273,85.216,46658.36
HLA-B*51:03,QLQKLEDV,26.767,51.065,43115.79
HLA-B*51:03,LQKLEDVL,19.757,43.821,42066.54
HLA-B*51:03,QKLEDVLP,61.429,74.828,45713.91
HLA-B*51:03,KLEDVLPA,53.148,62.816,44523.8
HLA-B*51:03,LEDVLPAI,3.212,6.953,28620.48
HLA-B*51:03,EDVLPAIR,46.333,81.982,46360.45
HLA-B*51:03,DVLPAIRG,19.108,30.011,39412.15
HLA-B*51:03,VLPAIRGL,14.315,32.198,39915.55
HLA-B*51:03,LPAIRGLD,40.125,27.518,38789.02
HLA-B*51:03,PAIRGLDR,67.727,89.374,47058.88
HLA-B*51:03,AIRGLDRY,42.769,72.229,45468.25
HLA-B*51:03,IRGLDRYF,37.684,58.62,44051.34
HLA-B*51:03,RGLDRYFN,66.364,84.688,46608.91
HLA-B*51:03,GLDRYFNA,58.0,64.543,44713.54
HLA-B*51:03,LDRYFNAQ,59.25,83.614,46510.18
HLA-B*51:03,DRYFNAQG,44.727,54.559,43565.04
HLA-B*51:03,RYFNAQGI,21.649,21.847,37124.37
HLA-B*51:03,YFNAQGIC,65.0,61.384,44367.04
HLA-B*51:03,FNAQGICL,15.552,23.643,37693.84
HLA-B*51:03,NAQGICLE,32.774,40.085,41458.8
HLA-B*51:03,AQGICLEI,10.191,11.263,32274.81
HLA-B*51:03,QGICLEIN,90.0,82.574,46414.66
HLA-B*51:03,GICLEING,97.5,95.597,47951.17
HLA-B*51:03,ICLEINGR,73.571,92.301,47376.67
HLA-B*51:03,CLEINGRS,91.667,85.463,46682.1
HLA-B*51:03,LEINGRSI,6.15,11.379,32351.38
HLA-B*51:03,EINGRSID,78.333,92.36,47383.33
HLA-B*51:03,INGRSIDW,41.333,60.167,44234.28
HLA-B*51:03,NGRSIDWK,59.5,75.415,45767.36
HLA-B*51:03,GRSIDWKL,39.059,56.412,43789.03
HLA-B*51:03,RSIDWKLS,42.615,63.541,44603.38
HLA-B*51:03,SIDWKLSE,70.714,85.9,46724.03
HLA-B*51:03,IDWKLSES,50.926,68.804,45139.86
HLA-B*51:03,DWKLSESQ,64.643,87.905,46917.04
HLA-B*51:03,WKLSESQK,75.833,93.266,47484.95
HLA-B*51:03,KLSESQKS,82.5,96.182,48218.57
HLA-B*51:03,LSESQKSA,30.135,54.759,43590.95
HLA-B*51:03,SESQKSAA,22.53,58.852,44078.99
HLA-B*51:03,ESQKSAAA,14.914,29.401,39266.17
HLA-B*51:03,SQKSAAAK,54.259,82.191,46379.53
HLA-B*51:03,QKSAAAKP,59.5,86.095,46742.74
HLA-B*51:03,KSAAAKPD,95.0,95.619,47961.53
HLA-B*51:03,SAAAKPDA,23.207,45.488,42326.34
HLA-B*51:03,AAAKPDAI,4.332,14.485,34143.48
HLA-B*51:03,AAKPDAIL,8.337,29.591,39311.65
HLA-B*51:03,AKPDAILQ,54.259,93.843,47549.73
HLA-B*51:03,KPDAILQV,0.678,3.999,24310.72
HLA-B*51:03,PDAILQVM,5.06,18.2,35805.93
HLA-B*51:03,DAILQVMM,0.357,1.535,17263.42
HLA-B*51:03,AILQVMMD,81.25,76.844,45895.31
HLA-B*51:03,ILQVMMDL,24.961,31.565,39772.86
HLA-B*51:03,LQVMMDLD,95.0,73.972,45632.88
HLA-B*51:03,QVMMDLDD,95.0,88.005,46926.69
HLA-B*51:03,VMMDLDDV,29.727,22.241,37251.12
HLA-B*51:03,MMDLDDVW,32.742,23.107,37524.57
HLA-B*51:03,MDLDDVWS,57.5,66.353,44897.26
HLA-B*51:03,DLDDVWSA,10.214,25.595,38268.35
HLA-B*51:03,LDDVWSAR,61.786,83.089,46461.89
HLA-B*51:03,DDVWSARA,26.533,38.462,41171.36
HLA-B*51:03,DVWSARAD,49.714,46.031,42408.39
HLA-B*51:03,VWSARADA,80.0,75.216,45749.54
HLA-B*51:03,WSARADAD,97.5,82.223,46382.52
HLA-B*51:03,SARADADL,18.555,33.029,40096.48
HLA-B*51:03,ARADADLA,62.857,64.776,44739.18
HLA-B*51:03,RADADLAR,60.714,88.937,47016.66
HLA-B*51:03,ADADLARD,88.333,96.141,48199.8
HLA-B*51:03,DADLARDT,20.902,39.686,41389.77
HLA-B*51:03,ADLARDTI,13.736,22.288,37266.02
HLA-B*51:03,DLARDTID,82.5,90.878,47217.51
HLA-B*51:03,LARDTIDE,45.6,72.312,45476.14
HLA-B*51:03,ARDTIDER,63.571,95.184,47763.71
HLA-B*51:03,RDTIDERQ,91.667,97.629,48886.26
HLA-B*51:03,DTIDERQA,8.484,22.924,37466.97
HLA-B*51:03,TIDERQAF,16.493,43.798,42062.9
HLA-B*51:03,IDERQAFV,17.622,28.29,38993.1
HLA-B*51:03,DERQAFVQ,25.0,57.796,43953.27
HLA-B*51:03,ERQAFVQG,46.556,71.133,45365.07
HLA-B*51:03,RQAFVQGE,80.0,91.034,47234.87
HLA-B*51:03,QAFVQGEI,0.705,0.868,13480.14
HLA-B*51:03,AFVQGEIG,81.25,75.1,45739.15
HLA-B*51:03,FVQGEIGA,47.0,51.988,43233.99
HLA-B*51:03,VQGEIGAK,64.643,86.6,46791.33
HLA-B*51:03,QGEIGAKM,19.872,45.821,42376.73
HLA-B*51:03,GEIGAKMI,19.804,44.299,42141.26
HLA-B*51:03,EIGAKMIA,35.917,50.201,43005.38
HLA-B*51:03,IGAKMIAL,8.055,19.416,36266.8
HLA-B*51:03,GAKMIALE,53.519,71.451,45395.0
HLA-B*51:03,AKMIALED,83.75,77.076,45916.15
HLA-B*51:03,KMIALEDM,45.2,58.404,44025.61
HLA-B*51:03,MIALEDMR,60.714,79.037,46092.38
HLA-B*51:03,IALEDMRQ,34.538,69.252,45184.3
HLA-B*51:03,ALEDMRQF,19.216,44.227,42129.85
HLA-B*51:03,LEDMRQFP,35.042,49.451,42904.07
HLA-B*51:03,EDMRQFPS,41.167,53.851,43473.68
HLA-B*51:03,DMRQFPSA,8.847,10.245,31554.88
HLA-B*51:03,MRQFPSAY,32.774,45.552,42335.95
HLA-B*51:03,RQFPSAYV,8.435,13.168,33450.91
HLA-B*51:03,QFPSAYVL,8.999,16.834,35238.27
HLA-B*51:03,FPSAYVLQ,6.093,6.066,27525.92
HLA-B*51:03,PSAYVLQS,46.889,51.211,43134.45
HLA-B*51:03,SAYVLQSH,13.23,27.133,38683.82
HLA-B*51:03,AYVLQSHA,19.446,22.245,37252.32
HLA-B*51:03,YVLQSHAL,5.153,11.651,32532.16
HLA-B*51:03,VLQSHALG,77.5,68.661,45125.68
HLA-B*51:03,LQSHALGP,69.545,66.786,44940.04
HLA-B*51:03,QSHALGPE,47.625,78.04,46002.7
HLA-B*51:03,SHALGPEN,77.5,85.947,46728.58
HLA-B*51:03,HALGPENT,28.796,60.641,44286.0
HLA-B*51:03,ALGPENTP,52.222,80.29,46205.72
HLA-B*51:03,LGPENTPA,39.294,54.872,43605.6
HLA-B*51:03,GPENTPAA,15.198,35.291,40561.64
HLA-B*51:03,PENTPAAL,7.826,34.076,40312.68
HLA-B*51:03,ENTPAALK,49.571,76.013,45820.87
HLA-B*51:03,NTPAALKI,1.768,3.948,24206.51
HLA-B*51:03,TPAALKIL,1.102,4.953,25975.84
HLA-B*51:03,PAALKILL,4.15,11.088,32159.79
HLA-B*51:03,AALKILLQ,32.0,57.7,43941.85
HLA-B*51:03,ALKILLQG,50.556,69.961,45254.76
HLA-B*51:03,LKILLQGL,19.142,39.612,41376.8
HLA-B*51:03,KILLQGLG,83.75,81.506,46316.85
HLA-B*51:03,ILLQGLGT,69.091,72.474,45491.39
HLA-B*51:03,LLQGLGTQ,71.429,89.747,47095.04
HLA-B*51:03,LQGLGTQN,90.0,92.841,47437.17
HLA-B*51:03,QGLGTQNR,68.182,94.968,47676.46
HLA-B*51:03,GLGTQNRA,75.833,91.084,47240.5
HLA-B*51:03,LGTQNRAV,13.217,27.017,38652.0
HLA-B*51:03,GTQNRAVE,88.333,96.078,48171.11
HLA-B*51:03,TQNRAVER,61.071,88.037,46929.74
HLA-B*51:03,QNRAVERL,25.328,55.24,43650.42
HLA-B*51:03,NRAVERLE,69.091,92.841,47437.17
HLA-B*51:03,RAVERLED,68.182,76.827,45893.8
HLA-B*51:03,AVERLEDL,22.33,53.133,43381.12
HLA-B*51:03,VERLEDLD,91.667,90.215,47143.48
HLA-B*51:03,ERLEDLDC,56.5,81.632,46328.35
HLA-B*51:03,RLEDLDCT,88.333,94.497,47623.36
HLA-B*51:03,LEDLDCTH,61.429,87.226,46851.6
HLA-B*51:03,EDLDCTHW,19.885,42.905,41925.24
HLA-B*51:03,DLDCTHWE,66.364,67.761,45036.43
HLA-B*51:03,LDCTHWED,97.5,87.337,46862.24
HLA-B*51:03,DCTHWEDS,86.667,95.38,47852.69
HLA-B*51:03,CTHWEDSR,69.545,80.646,46238.24
HLA-B*51:03,THWEDSRF,14.28,28.158,38960.2
HLA-B*51:03,HWEDSRFD,93.333,93.554,47517.33
HLA-B*51:03,WEDSRFDR,67.727,84.896,46628.09
HLA-B*51:03,EDSRFDRR,62.5,91.94,47336.17
HLA-B*51:03,DSRFDRRA,18.665,29.538,39298.9
HLA-B*51:03,SRFDRRAC,35.333,69.168,45176.0
HLA-B*51:03,RFDRRACQ,77.5,93.253,47483.39
HLA-B*51:03,FDRRACQV,20.659,17.788,35641.28
HLA-B*51:03,DRRACQVG,78.333,81.846,46347.93
HLA-B*51:03,RRACQVGS,93.333,95.198,47769.9
HLA-B*51:03,RACQVGSF,20.894,27.308,38731.55
HLA-B*51:03,ACQVGSFV,23.287,24.333,37904.88
HLA-B*51:03,CQVGSFVE,74.286,74.551,45687.71
HLA-B*51:03,QVGSFVEA,28.551,44.96,42246.27
HLA-B*51:03,VGSFVEAL,11.359,23.657,37698.34
HLA-B*51:03,GSFVEALT,53.519,58.24,44006.08
HLA-B*51:03,SFVEALTL,8.541,13.207,33472.27
HLA-B*51:03,FVEALTLR,42.692,65.453,44808.46
HLA-B*51:03,VEALTLRL,9.717,21.093,36874.16
HLA-B*51:03,EALTLRLE,19.074,31.561,39771.99
HLA-B*51:03,ALTLRLEL,11.677,26.096,38407.3
HLA-B*51:03,LTLRLELS,56.75,53.833,43471.33
HLA-B*51:03,TLRLELSQ,71.429,81.594,46324.86
HLA-B*51:03,LRLELSQG,56.0,76.24,45841.21
HLA-B*51:03,RLELSQGR,79.167,95.243,47790.08
HLA-B*51:03,LELSQGRL,19.338,32.558,39993.8
HLA-B*51:03,ELSQGRLN,68.182,84.463,46588.23
HLA-B*51:03,LSQGRLNS,60.0,76.611,45874.45
HLA-B*51:03,SQGRLNSP,50.0,72.813,45523.38
HLA-B*51:03,QGRLNSPI,14.134,13.89,33846.28
HLA-B*51:03,GRLNSPIR,80.0,95.837,48060.74
HLA-B*51:03,RLNSPIRW,18.134,54.796,43595.67
HLA-B*51:03,LNSPIRWT,43.727,54.581,43567.85
HLA-B*51:03,NSPIRWTC,9.922,21.554,37026.89
HLA-B*51:03,SPIRWTCL,1.332,2.048,19405.21
HLA-B*51:03,PIRWTCLA,31.765,10.597,31808.89
HLA-B*51:03,IRWTCLAL,30.946,17.39,35474.7
HLA-B*51:03,RWTCLALQ,93.333,85.384,46674.52
HLA-B*51:03,WTCLALQL,17.176,8.041,29748.28
HLA-B*51:03,TCLALQLN,82.5,84.354,46578.17
HLA-B*51:03,CLALQLNH,79.167,77.071,45915.68
HLA-B*51:03,LALQLNHS,28.49,38.044,41094.38
HLA-B*51:03,ALQLNHST,33.393,64.442,44702.41
HLA-B*51:03,LQLNHSTR,59.5,75.188,45747.05
HLA-B*51:03,QLNHSTRD,95.0,96.393,48315.2
HLA-B*51:03,LNHSTRDD,97.5,95.949,48111.75
HLA-B*51:03,NHSTRDDL,51.852,69.149,45174.05
HLA-B*51:03,HSTRDDLE,81.25,95.557,47932.99
HLA-B*51:03,STRDDLEL,16.707,39.609,41376.34
HLA-B*51:03,TRDDLELG,72.857,93.477,47508.57
HLA-B*51:03,RDDLELGT,75.833,95.326,47827.85
HLA-B*51:03,DDLELGTS,24.377,63.875,44640.07
HLA-B*51:03,DLELGTSI,1.874,4.149,24593.54
HLA-B*51:03,LELGTSIA,39.176,47.885,42682.27
HLA-B*51:03,ELGTSIAP,44.455,57.524,43920.94
HLA-B*51:03,LGTSIAPK,47.0,65.364,44799.73
HLA-B*51:03,GTSIAPKF,19.635,44.77,42216.09
HLA-B*51:03,TSIAPKFV,2.693,6.159,27643.22
HLA-B*51:03,SIAPKFVN,43.545,74.014,45636.82
HLA-B*51:03,IAPKFVNG,29.432,40.535,41534.67
HLA-B*51:03,APKFVNGH,32.645,68.637,45123.24
HLA-B*51:03,PKFVNGHP,48.375,55.2,43645.72
HLA-B*51:03,KFVNGHPI,23.402,21.393,36973.65
HLA-B*51:03,FVNGHPIM,10.836,17.387,35473.54
HLA-B*51:03,VNGHPIMA,29.773,59.968,44212.26
HLA-B*51:03,NGHPIMAE,32.839,57.864,43961.35
HLA-B*51:03,GHPIMAEY,33.321,57.536,43922.35
HLA-B*51:03,HPIMAEYL,0.583,1.695,17952.62
HLA-B*51:03,PIMAEYLR,51.852,68.361,45095.92
HLA-B*51:03,IMAEYLRS,54.444,58.084,43987.52
HLA-B*51:03,MAEYLRSF,3.459,4.653,25504.63
HLA-B*51:03,AEYLRSFC,39.412,42.452,41850.01
HLA-B*51:03,EYLRSFCL,17.684,12.524,33075.55
HLA-B*51:03,YLRSFCLF,19.439,10.727,31903.33
HLA-B*51:03,LRSFCLFL,47.875,21.405,36977.64
HLA-B*51:03,RSFCLFLL,12.123,5.323,26512.79
HLA-B*51:03,SFCLFLLQ,85.0,73.727,45609.66
HLA-B*51:03,FCLFLLQK,54.444,75.233,45751.04
HLA-B*51:03,CLFLLQKA,29.205,30.684,39569.82
HLA-B*51:03,LFLLQKAL,17.984,27.845,38878.5
HLA-B*51:03,FLLQKALE,43.0,55.24,43650.42
HLA-B*51:03,LLQKALEF,17.275,24.67,38004.25
HLA-B*51:03,LQKALEFR,68.636,84.08,46552.98
HLA-B*51:03,QKALEFRL,27.815,52.808,43339.37
HLA-B*51:03,KALEFRLW,11.987,14.005,33909.34
HLA-B*51:03,ALEFRLWE,80.0,85.626,46697.76
HLA-B*51:03,LEFRLWEG,57.75,34.478,40395.64
HLA-B*51:03,EFRLWEGF,34.115,36.261,40753.42
HLA-B*51:03,FRLWEGFD,90.0,83.434,46493.57
HLA-B*51:03,RLWEGFDI,21.202,17.981,35721.98
HLA-B*51:03,LWEGFDIE,90.0,92.479,47396.66
HLA-B*51:03,WEGFDIEE,81.25,87.121,46841.48
HLA-B*51:03,EGFDIEEA,6.185,16.918,35275.68
HLA-B*51:03,GFDIEEAA,54.63,71.013,45353.77
HLA-B*51:03,FDIEEAAR,50.556,77.796,45980.78
HLA-B*51:03,DIEEAARN,61.071,90.247,47147.07
HLA-B*51:03,IEEAARNL,16.951,37.946,41076.15
HLA-B*51:03,EEAARNLR,54.444,80.34,46210.22
HLA-B*51:03,EAARNLRL,1.393,6.314,27839.82
HLA-B*51:03,AARNLRLP,43.545,48.039,42704.9
HLA-B*51:03,ARNLRLPY,53.519,62.667,44507.43
HLA-B*51:03,RNLRLPYN,82.5,85.805,46714.93
HLA-B*51:03,NLRLPYNI,7.498,8.612,30258.9
HLA-B*51:03,LRLPYNIS,52.778,72.448,45488.93
HLA-B*51:03,RLPYNISL,17.047,31.896,39848.68
HLA-B*51:03,LPYNISLF,0.173,0.17,5476.47
HLA-B*51:03,PYNISLFS,33.607,21.048,36859.4
HLA-B*51:03,YNISLFSF,9.15,11.032,32122.56
HLA-B*51:03,NISLFSFQ,59.5,62.755,44517.08
HLA-B*51:03,ISLFSFQI,3.364,1.58,17438.59
HLA-B*51:03,SLFSFQIG,52.778,40.412,41514.02
HLA-B*51:03,LFSFQIGL,26.65,30.405,39504.37
HLA-B*51:03,FSFQIGLR,27.463,27.175,38695.12
HLA-B*51:03,SFQIGLRP,38.944,44.848,42228.43
HLA-B*51:03,FQIGLRPT,45.7,49.892,42964.91
HLA-B*51:03,QIGLRPTI,8.723,15.045,34417.21
HLA-B*51:03,IGLRPTIL,5.688,19.977,36476.55
HLA-B*51:03,GLRPTILY,36.429,61.327,44360.8
HLA-B*51:03,LRPTILYK,47.125,66.319,44893.87
HLA-B*51:03,RPTILYKN,41.083,50.058,42987.24
HLA-B*51:03,PTILYKNL,9.959,20.596,36698.23
HLA-B*51:03,TILYKNLT,50.185,62.786,44520.44
HLA-B*51:03,ILYKNLTY,14.831,23.957,37793.5
HLA-B*51:03,LYKNLTYV,9.35,14.645,34221.89
HLA-B*51:03,YKNLTYVI,8.427,8.737,30368.12
HLA-B*51:03,KNLTYVIE,64.643,89.311,47052.78
HLA-B*51:03,NLTYVIEY,28.184,45.082,42265.02
HLA-B*51:03,LTYVIEYF,5.704,8.338,30015.64
HLA-B*51:03,TYVIEYFK,65.909,70.986,45351.32
HLA-B*51:03,YVIEYFKE,29.636,41.698,41726.12
HLA-B*51:03,VIEYFKES,68.636,81.692,46333.88
HLA-B*51:03,IEYFKESL,5.748,16.883,35260.03
HLA-B*51:03,EYFKESLD,65.0,74.269,45661.02
HLA-B*51:03,YFKESLDN,81.25,86.495,46781.2
HLA-B*51:03,FKESLDNV,23.356,31.441,39744.48
HLA-B*51:03,KESLDNVW,33.536,61.446,44373.77
HLA-B*51:03,ESLDNVWK,15.19,45.352,42305.73
HLA-B*51:03,SLDNVWKR,56.0,82.3,46389.55
HLA-B*51:03,LDNVWKRK,71.429,90.22,47144.0
HLA-B*51:03,DNVWKRKN,75.0,92.347,47381.77
HLA-B*51:03,NVWKRKNG,68.182,77.553,45958.9
HLA-B*51:03,VWKRKNGV,38.889,53.782,43464.74
HLA-B*51:03,WKRKNGVK,81.25,93.898,47555.9
HLA-B*51:03,KRKNGVKG,93.333,96.486,48358.09
HLA-B*51:03,RKNGVKGD,97.5,97.85,48988.99
HLA-B*51:03,KNGVKGDA,90.0,96.097,48179.47
HLA-B*51:03,NGVKGDAA,31.912,51.12,43122.8
HLA-B*51:03,GVKGDAAH,82.5,96.705,48458.64
HLA-B*51:03,VKGDAAHA,55.75,78.588,46052.0
HLA-B*51:03,KGDAAHAF,17.078,49.633,42929.12
HLA-B*51:03,GDAAHAFY,58.5,75.371,45763.4
HLA-B*51:03,DAAHAFYL,0.256,0.619,11450.26
HLA-B*51:03,AAHAFYLR,34.192,50.346,43023.99
HLA-B*51:03,AHAFYLRR,57.5,68.233,45083.21
HLA-B*51:03,HAFYLRRW,3.705,4.636,25478.7
HLA-B*51:03,AFYLRRWA,49.429,37.7,41029.5
HLA-B*51:03,FYLRRWAV,21.167,9.465,30989.49
HLA-B*51:03,YLRRWAVQ,63.214,66.078,44870.08
HLA-B*51:03,LRRWAVQR,75.0,84.502,46591.78
HLA-B*51:03,RRWAVQRT,60.714,77.896,45989.74
HLA-B*51:03,RWAVQRTF,26.55,39.535,41363.35
HLA-B*51:03,WAVQRTFV,3.858,2.643,21201.89
HLA-B*51:03,AVQRTFVQ,62.143,83.111,46463.89
HLA-B*51:03,VQRTFVQI,4.812,8.107,29807.23
HLA-B*51:03,QRTFVQIK,39.176,86.037,46737.17
HLA-B*51:03,RTFVQIKE,45.0,70.157,45273.38
HLA-B*51:03,TFVQIKEF,18.128,32.758,40037.52
HLA-B*51:03,FVQIKEFA,28.653,29.787,39358.48
HLA-B*51:03,VQIKEFAG,64.643,68.159,45075.91
HLA-B*51:03,QIKEFAGT,52.593,75.138,45742.6
HLA-B*51:03,IKEFAGTL,21.518,32.069,39887.5
HLA-B*51:03,KEFAGTLG,63.929,69.818,45240.58
HLA-B*51:03,EFAGTLGE,72.857,88.437,46968.35
HLA-B*51:03,FAGTLGEK,45.5,59.6,44168.29
HLA-B*51:03,AGTLGEKI,15.541,30.907,39622.09
HLA-B*51:03,GTLGEKIR,82.5,96.444,48338.73
HLA-B*51:03,TLGEKIRI,15.664,28.461,39035.73
HLA-B*51:03,LGEKIRIS,58.5,81.933,46355.94
HLA-B*51:03,GEKIRISP,49.429,78.583,46051.5
HLA-B*51:03,EKIRISPE,44.636,80.142,46192.22
HLA-B*51:03,KIRISPEG,86.667,90.988,47229.78
HLA-B*51:03,IRISPEGS,70.714,93.257,47483.91
HLA-B*51:03,RISPEGSN,88.333,96.033,48150.27
HLA-B*51:03,ISPEGSNR,51.667,89.326,47054.3
HLA-B*51:03,SPEGSNRG,42.308,69.852,45243.99
HLA-B*51:03,PEGSNRGL,22.62,62.337,44471.34
HLA-B*51:03,EGSNRGLK,64.286,85.542,46689.66
HLA-B*51:03,GSNRGLKL,18.878,52.837,43343.12
HLA-B*51:03,SNRGLKLV,17.984,33.472,40187.69
HLA-B*51:03,NRGLKLVA,39.0,56.36,43782.87
HLA-B*51:03,RGLKLVAE,60.357,80.778,46250.23
HLA-B*51:03,GLKLVAEE,79.167,93.715,47535.32
HLA-B*51:03,LKLVAEEI,15.067,15.438,34600.91
HLA-B*51:03,KLVAEEIA,69.545,86.416,46773.59
HLA-B*51:03,LVAEEIAS,67.727,80.904,46261.74
HLA-B*51:03,VAEEIASD,59.5,78.239,46020.62
HLA-B*51:03,AEEIASDA,48.125,69.099,45169.15
HLA-B*51:03,EEIASDAP,33.536,57.02,43861.1
HLA-B*51:03,EIASDAPV,11.906,15.585,34669.86
HLA-B*51:03,IASDAPVA,12.766,24.231,37874.96
HLA-B*51:03,ASDAPVAS,45.5,85.242,46660.88
HLA-B*51:03,SDAPVASF,11.071,30.761,39587.82
HLA-B*51:03,DAPVASFA,1.927,2.807,21625.64
HLA-B*51:03,APVASFAN,38.389,40.761,41572.88
HLA-B*51:03,PVASFANY,13.64,28.831,39127.92
HLA-B*51:03,VASFANYV,1.691,1.61,17565.27
HLA-B*51:03,ASFANYVG,58.5,44.782,42217.91
HLA-B*51:03,SFANYVGI,24.494,12.075,32809.65
HLA-B*51:03,FANYVGIT,26.95,23.671,37702.81
HLA-B*51:03,ANYVGITH,44.0,72.484,45492.36
HLA-B*51:03,NYVGITHT,40.062,63.049,44549.36
HLA-B*51:03,YVGITHTI,1.585,2.776,21544.36
HLA-B*51:03,VGITHTIN,46.0,69.429,45201.91
HLA-B*51:03,GITHTINT,64.286,91.72,47311.61
HLA-B*51:03,ITHTINTI,1.471,2.757,21496.87
HLA-B*51:03,THTINTIR,35.875,80.323,46208.73
HLA-B*51:03,HTINTIRY,20.073,40.774,41575.14
HLA-B*51:03,TINTIRYH,46.0,80.706,46243.73
HLA-B*51:03,INTIRYHF,23.149,33.476,40188.57
HLA-B*51:03,NTIRYHFG,29.818,33.467,40186.84
HLA-B*51:03,TIRYHFGK,71.429,73.773,45614.11
HLA-B*51:03,IRYHFGKV,19.777,20.321,36599.91
HLA-B*51:03,RYHFGKVR,76.667,90.32,47155.21
HLA-B*51:03,YHFGKVRD,49.429,60.185,44236.19
HLA-B*51:03,HFGKVRDE,88.333,95.378,47851.64
HLA-B*51:03,FGKVRDED,90.0,92.589,47408.98
HLA-B*51:03,GKVRDEDA,93.333,96.905,48551.02
HLA-B*51:03,KVRDEDAV,31.324,59.14,44113.34
HLA-B*51:03,VRDEDAVG,79.167,93.788,47543.54
HLA-B*51:03,RDEDAVGQ,86.667,97.596,48870.91
HLA-B*51:03,DEDAVGQV,4.888,16.051,34888.12
HLA-B*51:03,EDAVGQVP,26.233,65.3,44793.43
HLA-B*51:03,DAVGQVPG,12.801,26.874,38613.98
HLA-B*51:03,AVGQVPGE,80.0,95.919,48098.2
HLA-B*51:03,VGQVPGED,93.333,93.376,47497.27
HLA-B*51:03,GQVPGEDV,42.462,65.743,44837.07
HLA-B*51:03,QVPGEDVD,95.0,97.208,48690.93
HLA-B*51:03,VPGEDVDP,37.895,64.257,44682.09
HLA-B*51:03,PGEDVDPN,95.0,96.874,48536.84
HLA-B*51:03,GEDVDPNA,54.259,87.211,46850.09
HLA-B*51:03,EDVDPNAS,51.111,88.505,46974.95
HLA-B*51:03,DVDPNASG,30.081,53.99,43491.55
HLA-B*51:03,VDPNASGA,49.143,73.951,45630.91
HLA-B*51:03,DPNASGAW,3.342,6.231,27733.7
HLA-B*51:03,PNASGAWN,93.333,89.937,47113.39
HLA-B*51:03,NASGAWNF,4.92,9.079,30664.29
HLA-B*51:03,ASGAWNFE,81.25,86.811,46811.59
HLA-B*51:03,SGAWNFEL,15.269,15.648,34699.52
HLA-B*51:03,GAWNFELT,41.833,38.843,41241.36
HLA-B*51:03,AWNFELTI,8.469,4.187,24664.68
HLA-B*51:03,WNFELTIM,12.426,11.626,32515.26
HLA-B*51:03,NFELTIMK,56.75,70.59,45314.04
HLA-B*51:03,FELTIMKQ,43.727,64.728,44733.88
HLA-B*51:03,ELTIMKQE,59.5,85.995,46733.13
HLA-B*51:03,LTIMKQEV,4.01,6.636,28238.76
HLA-B*51:03,TIMKQEVS,61.429,76.058,45824.83
HLA-B*51:03,IMKQEVSR,49.714,83.16,46468.42
HLA-B*51:03,MKQEVSRD,71.429,90.947,47225.18
HLA-B*51:03,KQEVSRDV,30.514,62.008,44435.25
HLA-B*51:03,QEVSRDVE,67.727,93.939,47560.53
HLA-B*51:03,EVSRDVED,88.333,94.812,47658.91
HLA-B*51:03,VSRDVEDA,44.364,64.798,44741.61
HLA-B*51:03,SRDVEDAF,33.643,67.136,44974.57
HLA-B*51:03,RDVEDAFI,29.591,39.18,41301.64
HLA-B*51:03,DVEDAFIT,30.811,51.4,43158.75
HLA-B*51:03,VEDAFITG,48.875,64.464,44704.83
HLA-B*51:03,EDAFITGY,24.922,46.608,42492.9
HLA-B*51:03,DAFITGYV,0.067,0.053,2910.12
HLA-B*51:03,AFITGYVA,27.37,21.121,36883.34
HLA-B*51:03,FITGYVAE,69.545,76.495,45864.04
HLA-B*51:03,ITGYVAEL,10.623,19.028,36122.29
HLA-B*51:03,TGYVAELA,13.909,13.664,33722.38
HLA-B*51:03,GYVAELAI,25.388,17.494,35518.47
HLA-B*51:03,YVAELAIL,7.339,13.993,33903.45
HLA-B*51:03,VAELAILN,49.571,55.812,43718.04
HLA-B*51:03,AELAILNN,63.929,82.788,46434.24
HLA-B*51:03,ELAILNND,80.0,84.737,46613.45
HLA-B*51:03,LAILNNDT,38.5,49.303,42883.63
HLA-B*51:03,AILNNDTD,97.5,95.55,47929.9
HLA-B*51:03,ILNNDTDI,37.789,44.612,42191.0
HLA-B*51:03,LNNDTDII,18.47,28.607,39072.07
HLA-B*51:03,NNDTDIIR,58.75,95.248,47792.67
HLA-B*51:03,NDTDIIRN,59.5,92.077,47351.56
HLA-B*51:03,DTDIIRNS,21.772,46.019,42406.55
HLA-B*51:03,TDIIRNST,42.231,70.856,45339.07
HLA-B*51:03,DIIRNSTL,2.438,7.542,29269.99
HLA-B*51:03,IIRNSTLI,10.312,10.52,31753.18
HLA-B*51:03,IRNSTLIA,45.8,49.168,42865.08
HLA-B*51:03,RNSTLIAQ,76.667,92.274,47373.58
HLA-B*51:03,NSTLIAQL,2.816,9.567,31067.71
HLA-B*51:03,STLIAQLN,59.25,55.576,43690.13
HLA-B*51:03,TLIAQLNA,31.088,37.155,40926.2
HLA-B*51:03,LIAQLNAR,65.909,79.79,46160.24
HLA-B*51:03,IAQLNARF,8.645,11.615,32508.23
HLA-B*51:03,AQLNARFM,25.328,30.714,39576.69
HLA-B*51:03,QLNARFMT,53.889,65.438,44807.01
HLA-B*51:03,LNARFMTV,4.789,5.554,26842.12
HLA-B*51:03,NARFMTVG,34.692,30.703,39574.11
HLA-B*51:03,ARFMTVGV,21.368,16.409,35047.78
HLA-B*51:03,RFMTVGVA,57.25,40.239,41484.82
HLA-B*51:03,FMTVGVAF,20.789,21.989,37171.8
HLA-B*51:03,MTVGVAFT,43.0,27.64,38822.18
HLA-B*51:03,TVGVAFTA,25.254,24.157,37853.23
HLA-B*51:03,VGVAFTAQ,48.25,69.493,45208.26
HLA-B*51:03,GVAFTAQS,83.75,89.816,47101.69
HLA-B*51:03,VAFTAQSL,0.663,1.792,18357.65
HLA-B*51:03,AFTAQSLE,72.143,80.4,46215.73
HLA-B*51:03,FTAQSLEK,46.444,58.772,44069.47
HLA-B*51:03,TAQSLEKA,11.977,25.883,38349.16
HLA-B*51:03,AQSLEKAS,75.0,95.074,47713.62
HLA-B*51:03,QSLEKASE,47.0,83.237,46475.46
HLA-B*51:03,SLEKASEV,7.331,21.866,37130.79
HLA-B*51:03,LEKASEVL,11.039,40.343,41502.32
HLA-B*51:03,EKASEVLK,66.364,89.389,47060.43
HLA-B*51:03,KASEVLKE,41.25,79.657,46148.27
HLA-B*51:03,ASEVLKEF,10.245,35.322,40567.77
HLA-B*51:03,SEVLKEFA,33.536,51.681,43194.7
HLA-B*51:03,EVLKEFAE,37.421,59.992,44215.14
HLA-B*51:03,VLKEFAEP,47.375,53.614,43443.11
HLA-B*51:03,LKEFAEPE,82.5,94.959,47675.41
HLA-B*51:03,KEFAEPEN,71.429,95.117,47733.22
HLA-B*51:03,EFAEPEND,79.167,95.035,47696.05
HLA-B*51:03,FAEPENDE,63.571,88.7,46993.77
HLA-B*51:03,AEPENDES,76.667,96.425,48329.84
HLA-B*51:03,EPENDESD,79.167,93.33,47492.15
HLA-B*51:03,PENDESDG,95.0,97.974,49046.77
HLA-B*51:03,ENDESDGE,88.333,96.743,48476.46
HLA-B*51:03,NDESDGEQ,91.667,97.392,48776.35
HLA-B*51:03,DESDGEQR,52.593,95.167,47755.95
HLA-B*51:03,ESDGEQRL,8.065,42.327,41829.18
HLA-B*51:03,SDGEQRLV,22.35,41.953,41767.2
HLA-B*51:03,DGEQRLVG,50.741,70.694,45323.86
HLA-B*51:03,GEQRLVGT,72.143,89.205,47042.59
HLA-B*51:03,EQRLVGTK,38.5,67.387,44999.41
HLA-B*51:03,QRLVGTKP,54.63,79.352,46120.81
HLA-B*51:03,RLVGTKPM,37.895,60.492,44269.69
HLA-B*51:03,LVGTKPMA,37.526,54.001,43492.98
HLA-B*51:03,VGTKPMAL,8.024,30.619,39554.41
HLA-B*51:03,GTKPMALN,77.5,88.463,46970.89
HLA-B*51:03,TKPMALNA,26.367,42.267,41819.22
HLA-B*51:03,KPMALNAT,19.243,24.621,37989.87
HLA-B*51:03,PMALNATI,2.619,1.145,15204.6
HLA-B*51:03,MALNATIG,40.375,21.661,37062.56
HLA-B*51:03,ALNATIGQ,85.0,95.251,47793.69
HLA-B*51:03,LNATIGQD,90.0,90.759,47204.23
HLA-B*51:03,NATIGQDI,2.683,5.704,27042.68
HLA-B*51:03,ATIGQDIE,78.333,95.605,47954.79
HLA-B*51:03,TIGQDIEI,16.404,29.62,39318.45
HLA-B*51:03,IGQDIEIV,10.776,23.068,37512.4
HLA-B*51:03,GQDIEIVY,39.529,81.243,46292.78
HLA-B*51:03,QDIEIVYN,43.182,81.413,46308.31
HLA-B*51:03,DIEIVYNI,1.221,2.113,19605.48
HLA-B*51:03,IEIVYNIL,6.924,16.42,35052.71
HLA-B*51:03,EIVYNILD,70.714,72.714,45514.05
HLA-B*51:03,IVYNILDN,69.091,64.424,44700.48
HLA-B*51:03,VYNILDND,95.0,91.679,47307.0
HLA-B*51:03,YNILDNDV,22.43,26.983,38642.8
HLA-B*51:03,NILDNDVS,63.214,86.421,46774.11
HLA-B*51:03,ILDNDVSF,24.701,38.823,41237.79
HLA-B*51:03,LDNDVSFD,91.667,91.555,47293.18
HLA-B*51:03,DNDVSFDG,80.0,83.812,46528.3
HLA-B*51:03,NDVSFDGK,74.286,92.393,47386.91
HLA-B*51:03,DVSFDGKS,52.407,74.363,45669.91
HLA-B*51:03,VSFDGKSP,23.667,42.807,41908.91
HLA-B*51:03,SFDGKSPL,18.116,37.176,40930.18
HLA-B*51:03,FDGKSPLP,52.778,65.807,44843.38
HLA-B*51:03,DGKSPLPV,1.093,2.865,21779.21
HLA-B*51:03,GKSPLPVM,28.673,61.498,44379.52
HLA-B*51:03,KSPLPVMF,13.543,34.416,40382.96
HLA-B*51:03,SPLPVMFM,0.475,1.304,16061.98
HLA-B*51:03,PLPVMFML,2.419,2.918,21918.45
HLA-B*51:03,LPVMFMLV,0.26,0.045,2567.92
HLA-B*51:03,PVMFMLVI,4.414,2.869,21789.58
HLA-B*51:03,VMFMLVIP,51.296,43.411,42003.78
HLA-B*51:03,MFMLVIPR,41.833,42.602,41874.9
HLA-B*51:03,FMLVIPRK,38.722,44.29,42139.9
HLA-B*51:03,MLVIPRKL,6.093,13.741,33764.35
HLA-B*51:03,LVIPRKLI,3.059,5.163,26283.15
HLA-B*51:03,VIPRKLIG,71.429,84.814,46620.52
HLA-B*51:03,IPRKLIGG,34.654,35.227,40548.91
HLA-B*51:03,PRKLIGGM,36.143,50.171,43001.66
HLA-B*51:03,RKLIGGMT,81.25,90.984,47229.26
HLA-B*51:03,KLIGGMTR,72.857,93.545,47516.29
HLA-B*51:03,LIGGMTRV,18.927,32.149,39904.77
HLA-B*51:03,IGGMTRVF,16.907,26.884,38616.47
HLA-B*51:03,GGMTRVFL,21.965,38.792,41232.0
HLA-B*51:03,GMTRVFLE,77.5,73.946,45630.41
HLA-B*51:03,MTRVFLEF,7.328,5.246,26401.71
HLA-B*51:03,TRVFLEFN,72.857,81.785,46342.4
HLA-B*51:03,RVFLEFNN,65.0,69.414,45200.45
HLA-B*51:03,VFLEFNNA,29.295,38.421,41163.79
HLA-B*51:03,FLEFNNAM,22.17,21.364,36964.04
HLA-B*51:03,LEFNNAMV,11.242,10.082,31438.33
HLA-B*51:03,EFNNAMVI,4.835,4.928,25936.52
HLA-B*51:03,FNNAMVIL,8.603,16.154,34933.82
HLA-B*51:03,NNAMVILC,22.72,39.121,41291.36
HLA-B*51:03,NAMVILCD,48.0,18.825,36044.61
HLA-B*51:03,AMVILCDF,60.0,33.088,40108.64
HLA-B*51:03,MVILCDFE,79.167,50.748,43075.24
HLA-B*51:03,VILCDFEG,95.0,71.414,45391.58
HLA-B*51:03,ILCDFEGC,88.333,87.379,46866.32
HLA-B*51:03,LCDFEGCT,95.0,95.282,47808.18
HLA-B*51:03,CDFEGCTG,77.5,57.504,43918.56
HLA-B*51:03,DFEGCTGK,68.182,89.737,47094.04
HLA-B*51:03,FEGCTGKD,90.0,81.013,46271.77
HLA-B*51:03,EGCTGKDF,40.312,64.618,44721.76
HLA-B*51:03,GCTGKDFL,77.5,94.355,47607.39
HLA-B*51:03,CTGKDFLN,95.0,80.548,46229.23
HLA-B*51:03,TGKDFLND,75.833,85.416,46677.55
HLA-B*51:03,GKDFLNDQ,91.667,97.203,48688.82
HLA-B*51:03,KDFLNDQP,59.5,81.002,46270.75
HLA-B*51:03,DFLNDQPS,52.778,64.679,44728.54
HLA-B*51:03,FLNDQPSE,49.571,80.345,46210.72
HLA-B*51:03,LNDQPSEY,28.163,68.268,45086.64
HLA-B*51:03,NDQPSEYK,60.714,94.218,47591.92
HLA-B*51:03,DQPSEYKL,2.857,19.837,36424.11
HLA-B*51:03,QPSEYKLS,21.096,40.114,41463.75
HLA-B*51:03,PSEYKLSV,1.893,5.587,26886.29
HLA-B*51:03,SEYKLSVT,23.552,39.591,41373.22
HLA-B*51:03,EYKLSVTR,38.5,72.683,45511.09
HLA-B*51:03,YKLSVTRN,67.273,88.337,46958.69
HLA-B*51:03,KLSVTRNF,22.32,55.252,43651.86
HLA-B*51:03,LSVTRNFI,6.882,5.433,26672.18
HLA-B*51:03,SVTRNFIV,11.722,14.603,34201.15
HLA-B*51:03,VTRNFIVG,49.143,52.341,43279.38
HLA-B*51:03,TRNFIVGS,54.444,80.175,46195.23
HLA-B*51:03,RNFIVGSF,20.854,29.758,39351.65
HLA-B*51:03,NFIVGSFS,60.0,60.347,44253.91
HLA-B*51:03,FIVGSFSL,15.146,15.23,34503.71
HLA-B*51:03,IVGSFSLY,25.0,35.247,40552.86
HLA-B*51:03,VGSFSLYR,59.5,71.42,45392.08
HLA-B*51:03,GSFSLYRA,26.483,37.208,40936.39
HLA-B*51:03,SFSLYRAT,60.357,60.0,44216.08
HLA-B*51:03,FSLYRATT,34.154,28.978,39164.75
HLA-B*51:03,SLYRATTT,20.862,36.35,40770.64
HLA-B*51:03,LYRATTTL,8.42,18.071,35757.15
HLA-B*51:03,YRATTTLE,69.091,84.146,46559.01
HLA-B*51:03,RATTTLEI,3.007,6.706,28322.6
HLA-B*51:03,ATTTLEIE,77.5,95.182,47762.69
HLA-B*51:03,TTTLEIER,59.75,88.026,46928.71
HLA-B*51:03,TTLEIERI,2.996,5.958,27385.7
HLA-B*51:03,TLEIERIV,16.022,24.652,37998.91
HLA-B*51:03,LEIERIVV,4.062,9.057,30645.72
HLA-B*51:03,EIERIVVL,2.902,12.377,32988.34
HLA-B*51:03,IERIVVLT,35.792,47.028,42554.55
HLA-B*51:03,ERIVVLTI,3.919,5.615,26923.86
HLA-B*51:03,RIVVLTIM,33.0,49.081,42853.02
HLA-B*51:03,IVVLTIMD,85.0,75.897,45810.47
HLA-B*51:03,VVLTIMDE,78.333,81.09,46278.75
HLA-B*51:03,VLTIMDEQ,79.167,93.39,47498.83
HLA-B*51:03,LTIMDEQQ,71.429,88.537,46978.01
HLA-B*51:03,TIMDEQQA,29.568,48.789,42811.79
HLA-B*51:03,IMDEQQAQ,67.273,90.224,47144.51
HLA-B*51:03,MDEQQAQL,13.472,31.539,39766.83
HLA-B*51:03,DEQQAQLE,36.619,73.105,45550.99
HLA-B*51:03,EQQAQLEQ,50.556,86.0,46733.64
HLA-B*51:03,QQAQLEQW,16.724,45.803,42373.97
HLA-B*51:03,QAQLEQWQ,38.056,73.847,45621.02
HLA-B*51:03,AQLEQWQL,8.875,26.653,38555.11
HLA-B*51:03,QLEQWQLP,55.25,59.804,44192.64
HLA-B*51:03,LEQWQLPS,50.926,50.795,43081.3
HLA-B*51:03,EQWQLPSR,26.067,49.418,42899.43
HLA-B*51:03,KKMLKILPK,59.0,68.957,45155.0
HLA-B*51:03,KMLKILPKA,14.424,27.222,38708.1
HLA-B*51:03,MLKILPKAL,5.161,11.683,32553.63
HLA-B*51:03,LKILPKALS,64.643,65.256,44789.07
HLA-B*51:03,KILPKALSV,2.496,7.831,29547.78
HLA-B*51:03,ILPKALSVG,64.286,57.372,43902.9
HLA-B*51:03,LPKALSVGS,8.726,8.388,30060.82
HLA-B*51:03,PKALSVGSE,86.667,96.729,48469.64
HLA-B*51:03,KALSVGSES,27.907,43.054,41949.29
HLA-B*51:03,ALSVGSESV,15.716,33.629,40220.33
HLA-B*51:03,LSVGSESVV,5.186,6.377,27919.46
HLA-B*51:03,SVGSESVVK,66.364,84.775,46617.0
HLA-B*51:03,VGSESVVKL,1.689,10.432,31689.68
HLA-B*51:03,GSESVVKLH,34.115,89.2,47042.1
HLA-B*51:03,SESVVKLHG,45.4,43.429,42006.51
HLA-B*51:03,ESVVKLHGF,4.02,10.645,31843.31
HLA-B*51:03,SVVKLHGFT,41.583,36.818,40861.61
HLA-B*51:03,VVKLHGFTS,27.352,37.735,41036.17
HLA-B*51:03,VKLHGFTSV,6.316,10.951,32065.97
HLA-B*51:03,KLHGFTSVG,53.704,59.86,44199.34
HLA-B*51:03,LHGFTSVGK,71.429,72.803,45522.41
HLA-B*51:03,HGFTSVGKF,4.062,6.707,28324.14
HLA-B*51:03,GFTSVGKFE,91.667,96.013,48141.42
HLA-B*51:03,FTSVGKFEH,37.474,49.508,42911.96
HLA-B*51:03,TSVGKFEHI,1.556,2.773,21536.68
HLA-B*51:03,SVGKFEHIF,13.817,28.49,39042.9
HLA-B*51:03,VGKFEHIFL,6.428,12.571,33103.46
HLA-B*51:03,GKFEHIFLY,11.59,32.056,39884.46
HLA-B*51:03,KFEHIFLYL,13.274,43.964,42088.41
HLA-B*51:03,FEHIFLYLV,3.368,3.155,22500.19
HLA-B*51:03,EHIFLYLVY,6.088,11.369,32344.74
HLA-B*51:03,HIFLYLVYG,46.0,37.445,40981.16
HLA-B*51:03,IFLYLVYGD,85.0,64.372,44694.69
HLA-B*51:03,FLYLVYGDQ,70.714,63.278,44574.42
HLA-B*51:03,LYLVYGDQS,65.455,66.654,44926.92
HLA-B*51:03,YLVYGDQSS,60.0,60.141,44231.39
HLA-B*51:03,LVYGDQSSL,2.96,5.814,27190.85
HLA-B*51:03,VYGDQSSLN,88.333,89.179,47040.04
HLA-B*51:03,YGDQSSLNP,24.091,34.499,40400.02
HLA-B*51:03,GDQSSLNPE,88.333,95.602,47953.74
HLA-B*51:03,DQSSLNPEH,16.933,51.783,43207.79
HLA-B*51:03,QSSLNPEHL,4.878,20.93,36818.35
HLA-B*51:03,SSLNPEHLV,1.565,3.459,23224.66
HLA-B*51:03,SLNPEHLVF,5.031,9.253,30809.96
HLA-B*51:03,LNPEHLVFK,30.892,55.964,43736.0
HLA-B*51:03,NPEHLVFKL,0.388,1.427,16723.65
HLA-B*51:03,PEHLVFKLM,16.431,33.935,40283.46
HLA-B*51:03,EHLVFKLMI,2.785,2.306,20209.4
HLA-B*51:03,HLVFKLMIQ,57.25,72.072,45453.51
HLA-B*51:03,LVFKLMIQT,15.728,18.73,36008.35
HLA-B*51:03,VFKLMIQTG,43.182,47.728,42658.74
HLA-B*51:03,FKLMIQTGL,15.522,16.327,35011.03
HLA-B*51:03,KLMIQTGLG,83.75,55.524,43683.99
HLA-B*51:03,LMIQTGLGR,40.562,51.827,43213.42
HLA-B*51:03,MIQTGLGRL,14.102,17.639,35578.86
HLA-B*51:03,IQTGLGRLP,37.947,43.949,42086.12
HLA-B*51:03,QTGLGRLPV,17.917,15.021,34406.05
HLA-B*51:03,TGLGRLPVP,17.192,21.478,37001.66
HLA-B*51:03,GLGRLPVPK,72.857,89.721,47092.52
HLA-B*51:03,LGRLPVPKI,1.562,1.658,17780.38
HLA-B*51:03,GRLPVPKIR,62.143,96.524,48375.34
HLA-B*51:03,RLPVPKIRE,62.5,92.818,47434.63
HLA-B*51:03,LPVPKIREF,0.051,0.382,8908.49
HLA-B*51:03,PVPKIREFL,24.662,53.508,43429.49
HLA-B*51:03,VPKIREFLH,7.765,23.856,37761.21
HLA-B*51:03,PKIREFLHG,82.5,84.956,46633.62
HLA-B*51:03,KIREFLHGD,82.5,87.726,46899.79
HLA-B*51:03,IREFLHGDA,72.857,64.561,44715.47
HLA-B*51:03,REFLHGDAA,23.851,21.111,36880.16
HLA-B*51:03,EFLHGDAAF,11.746,25.151,38143.92
HLA-B*51:03,FLHGDAAFQ,58.25,65.915,44854.05
HLA-B*51:03,LHGDAAFQT,47.25,51.933,43226.96
HLA-B*51:03,HGDAAFQTY,6.853,27.129,38682.55
HLA-B*51:03,GDAAFQTYV,13.943,22.385,37296.67
HLA-B*51:03,DAAFQTYVA,1.02,0.76,12576.23
HLA-B*51:03,AAFQTYVAR,13.057,34.822,40466.96
HLA-B*51:03,AFQTYVARK,60.0,85.237,46660.37
HLA-B*51:03,FQTYVARKP,27.241,30.524,39532.18
HLA-B*51:03,QTYVARKPY,15.287,23.115,37527.02
HLA-B*51:03,TYVARKPYS,56.25,73.998,45635.35
HLA-B*51:03,YVARKPYSL,3.644,8.92,30527.57
HLA-B*51:03,VARKPYSLV,0.561,0.641,11623.51
HLA-B*51:03,ARKPYSLVA,18.933,37.133,40922.21
HLA-B*51:03,RKPYSLVAD,73.571,94.318,47603.25
HLA-B*51:03,KPYSLVADG,23.483,16.065,34894.53
HLA-B*51:03,PYSLVADGD,100.0,96.439,48336.64
HLA-B*51:03,YSLVADGDA,40.5,21.151,36893.31
HLA-B*51:03,SLVADGDAE,64.643,92.264,47372.54
HLA-B*51:03,LVADGDAES,61.071,70.214,45278.75
HLA-B*51:03,VADGDAESC,20.691,49.886,42963.99
HLA-B*51:03,ADGDAESCM,44.273,73.873,45623.49
HLA-B*51:03,DGDAESCMT,30.216,47.235,42585.41
HLA-B*51:03,GDAESCMTF,21.114,32.96,40081.75
HLA-B*51:03,DAESCMTFM,4.526,5.072,26152.94
HLA-B*51:03,AESCMTFMT,55.75,34.154,40328.82
HLA-B*51:03,ESCMTFMTS,21.5,12.446,33029.4
HLA-B*51:03,SCMTFMTSR,27.093,48.935,42832.63
HLA-B*51:03,CMTFMTSRK,75.0,43.583,42030.14
HLA-B*51:03,MTFMTSRKA,3.187,1.473,16975.22
HLA-B*51:03,TFMTSRKAT,48.0,61.942,44428.05
HLA-B*51:03,FMTSRKATL,6.883,10.813,31965.18
HLA-B*51:03,MTSRKATLF,7.074,5.18,26307.89
HLA-B*51:03,TSRKATLFY,12.586,17.849,35666.75
HLA-B*51:03,SRKATLFYN,80.0,78.117,46009.67
HLA-B*51:03,RKATLFYNK,63.214,80.526,46227.21
HLA-B*51:03,KATLFYNKC,10.569,23.223,37561.13
HLA-B*51:03,ATLFYNKCV,20.203,12.951,33330.25
HLA-B*51:03,TLFYNKCVS,54.63,39.129,41292.72
HLA-B*51:03,LFYNKCVSI,5.789,3.578,23475.78
HLA-B*51:03,FYNKCVSIE,73.571,74.259,45660.05
HLA-B*51:03,YNKCVSIEA,14.019,10.993,32096.51
HLA-B*51:03,NKCVSIEAF,22.1,40.809,41580.98
HLA-B*51:03,KCVSIEAFV,21.5,28.863,39135.95
HLA-B*51:03,CVSIEAFVG,85.0,44.103,42110.26
HLA-B*51:03,VSIEAFVGI,1.262,1.009,14414.2
HLA-B*51:03,SIEAFVGIL,25.403,27.584,38807.06
HLA-B*51:03,IEAFVGILA,16.867,13.739,33763.27
HLA-B*51:03,EAFVGILAF,0.249,0.483,10180.31
HLA-B*51:03,AFVGILAFN,95.0,90.306,47153.7
HLA-B*51:03,FVGILAFNA,30.378,15.887,34812.33
HLA-B*51:03,VGILAFNAL,3.349,3.788,23889.08
HLA-B*51:03,GILAFNALG,86.667,62.553,44494.92
HLA-B*51:03,ILAFNALGY,31.588,24.542,37966.45
HLA-B*51:03,LAFNALGYA,8.489,1.828,18515.44
HLA-B*51:03,AFNALGYAP,47.25,57.304,43894.8
HLA-B*51:03,FNALGYAPG,78.333,31.234,39697.19
HLA-B*51:03,NALGYAPGL,1.371,1.966,19116.58
HLA-B*51:03,ALGYAPGLN,97.5,92.823,47435.12
HLA-B*51:03,LGYAPGLNM,3.186,2.436,20629.82
HLA-B*51:03,GYAPGLNMV,20.317,40.404,41512.66
HLA-B*51:03,YAPGLNMVL,1.045,2.4,20512.97
HLA-B*51:03,APGLNMVLT,13.323,16.598,35132.44
HLA-B*51:03,PGLNMVLTG,61.786,41.609,41711.67
HLA-B*51:03,GLNMVLTGY,41.833,65.802,44842.89
HLA-B*51:03,LNMVLTGYV,6.137,1.787,18336.62
HLA-B*51:03,NMVLTGYVF,11.487,6.703,28318.93
HLA-B*51:03,MVLTGYVFS,33.821,21.657,37061.36
HLA-B*51:03,VLTGYVFSI,6.678,4.35,24976.74
HLA-B*51:03,LTGYVFSIA,28.694,12.567,33100.96
HLA-B*51:03,TGYVFSIAV,1.371,0.886,13633.42
HLA-B*51:03,GYVFSIAVI,27.259,24.396,37923.34
HLA-B*51:03,YVFSIAVIS,27.5,17.167,35381.94
HLA-B*51:03,VFSIAVISG,50.741,56.852,43841.19
HLA-B*51:03,FSIAVISGH,15.892,30.739,39582.69
HLA-B*51:03,SIAVISGHH,50.185,74.17,45651.62
HLA-B*51:03,IAVISGHHA,2.976,4.493,25254.47
HLA-B*51:03,AVISGHHAL,6.144,18.178,35797.8
HLA-B*51:03,VISGHHALE,52.407,64.266,44683.07
HLA-B*51:03,ISGHHALEK,43.273,50.835,43086.41
HLA-B*51:03,SGHHALEKL,6.436,19.454,36280.93
HLA-B*51:03,GHHALEKLG,80.0,84.513,46592.77
HLA-B*51:03,HHALEKLGD,83.75,79.684,46150.74
HLA-B*51:03,HALEKLGDS,37.105,46.207,42434.07
HLA-B*51:03,ALEKLGDSV,18.762,40.412,41514.02
HLA-B*51:03,LEKLGDSVM,12.896,28.822,39125.8
HLA-B*51:03,EKLGDSVMN,77.5,87.611,46888.63
HLA-B*51:03,KLGDSVMNL,17.13,40.449,41520.31
HLA-B*51:03,LGDSVMNLM,9.983,10.83,31977.63
HLA-B*51:03,GDSVMNLML,25.567,40.441,41518.95
HLA-B*51:03,DSVMNLMLQ,24.922,25.524,38248.48
HLA-B*51:03,SVMNLMLQV,1.737,1.677,17869.48
HLA-B*51:03,VMNLMLQVD,75.0,50.496,43043.09
HLA-B*51:03,MNLMLQVDK,51.296,50.802,43082.21
HLA-B*51:03,NLMLQVDKD,79.167,66.978,44959.0
HLA-B*51:03,LMLQVDKDY,35.667,38.237,41129.96
HLA-B*51:03,MLQVDKDYR,51.111,71.409,45391.08
HLA-B*51:03,LQVDKDYRV,6.195,10.743,31914.36
HLA-B*51:03,QVDKDYRVY,22.38,54.063,43500.97
HLA-B*51:03,VDKDYRVYW,9.716,26.006,38383.62
HLA-B*51:03,DKDYRVYWV,7.348,12.236,32904.92
HLA-B*51:03,KDYRVYWVT,40.5,39.121,41291.36
HLA-B*51:03,DYRVYWVTS,40.125,29.902,39386.16
HLA-B*51:03,YRVYWVTSY,14.414,28.251,38983.4
HLA-B*51:03,RVYWVTSYD,58.25,36.041,40710.68
HLA-B*51:03,VYWVTSYDT,53.704,40.976,41609.34
HLA-B*51:03,YWVTSYDTD,91.667,69.242,45183.34
HLA-B*51:03,WVTSYDTDG,97.5,75.831,45804.54
HLA-B*51:03,VTSYDTDGT,76.667,75.066,45736.17
HLA-B*51:03,TSYDTDGTN,49.857,44.351,42149.47
HLA-B*51:03,SYDTDGTNM,8.944,39.918,41430.09
HLA-B*51:03,YDTDGTNMT,35.167,68.976,45156.95
HLA-B*51:03,DTDGTNMTD,39.588,52.611,43314.06
HLA-B*51:03,TDGTNMTDY,51.852,75.615,45785.19
HLA-B*51:03,DGTNMTDYM,6.869,8.155,29850.48
HLA-B*51:03,GTNMTDYMQ,85.0,93.715,47535.32
HLA-B*51:03,TNMTDYMQN,71.429,58.432,44028.96
HLA-B*51:03,NMTDYMQNS,42.231,51.09,43119.07
HLA-B*51:03,MTDYMQNSH,34.462,42.262,41818.3
HLA-B*51:03,TDYMQNSHA,17.098,19.03,36123.08
HLA-B*51:03,DYMQNSHAF,1.808,4.171,24635.35
HLA-B*51:03,YMQNSHAFA,24.325,12.619,33131.78
HLA-B*51:03,MQNSHAFAS,25.134,18.888,36068.8
HLA-B*51:03,QNSHAFASQ,63.929,86.142,46747.3
HLA-B*51:03,NSHAFASQF,2.129,3.058,22272.01
HLA-B*51:03,SHAFASQFE,46.889,58.148,43995.12
HLA-B*51:03,HAFASQFEV,0.19,0.178,5630.34
HLA-B*51:03,AFASQFEVR,59.5,87.895,46916.04
HLA-B*51:03,FASQFEVRG,19.838,14.693,34245.6
HLA-B*51:03,ASQFEVRGW,18.165,37.356,40964.3
HLA-B*51:03,SQFEVRGWL,9.511,11.06,32141.34
HLA-B*51:03,QFEVRGWLE,64.643,88.768,47000.38
HLA-B*51:03,FEVRGWLEF,8.03,6.572,28162.78
HLA-B*51:03,EVRGWLEFA,10.802,10.434,31691.05
HLA-B*51:03,VRGWLEFAR,64.643,82.837,46438.76
HLA-B*51:03,RGWLEFARD,76.667,51.174,43129.78
HLA-B*51:03,GWLEFARDA,67.273,69.158,45175.01
HLA-B*51:03,WLEFARDAT,76.667,58.296,44012.75
HLA-B*51:03,LEFARDATW,4.637,5.181,26309.03
HLA-B*51:03,EFARDATWC,55.0,65.044,44768.25
HLA-B*51:03,FARDATWCV,0.924,0.504,10442.7
HLA-B*51:03,ARDATWCVD,86.667,82.859,46440.8
HLA-B*51:03,RDATWCVDE,93.333,92.159,47360.79
HLA-B*51:03,DATWCVDES,31.735,18.477,35911.48
HLA-B*51:03,ATWCVDESE,66.818,62.096,44444.88
HLA-B*51:03,TWCVDESEV,40.812,47.96,42693.36
HLA-B*51:03,WCVDESEVS,70.0,80.022,46181.23
HLA-B*51:03,CVDESEVSN,61.429,72.552,45498.76
HLA-B*51:03,VDESEVSNI,9.058,20.533,36675.61
HLA-B*51:03,DESEVSNIA,6.761,11.83,32651.34
HLA-B*51:03,ESEVSNIAY,10.95,27.506,38785.64
HLA-B*51:03,SEVSNIAYD,62.143,53.038,43368.93
HLA-B*51:03,EVSNIAYDG,61.071,48.526,42774.28
HLA-B*51:03,VSNIAYDGH,59.75,73.445,45583.02
HLA-B*51:03,SNIAYDGHL,23.276,24.713,38017.02
HLA-B*51:03,NIAYDGHLE,63.214,76.766,45888.36
HLA-B*51:03,IAYDGHLEK,4.322,8.17,29864.05
HLA-B*51:03,AYDGHLEKA,26.75,59.952,44210.35
HLA-B*51:03,YDGHLEKAV,19.547,29.055,39183.4
HLA-B*51:03,DGHLEKAVT,12.986,21.339,36955.66
HLA-B*51:03,GHLEKAVTI,5.393,14.65,34224.12
HLA-B*51:03,HLEKAVTIA,28.469,46.056,42412.05
HLA-B*51:03,LEKAVTIAR,31.441,59.016,44098.55
HLA-B*51:03,EKAVTIARD,74.286,76.362,45852.12
HLA-B*51:03,KAVTIARDY,19.122,34.376,40374.68
HLA-B*51:03,AVTIARDYI,14.675,18.282,35837.33
HLA-B*51:03,VTIARDYIQ,53.889,59.936,44208.44
HLA-B*51:03,TIARDYIQF,12.896,21.755,37093.86
HLA-B*51:03,IARDYIQFV,0.252,0.418,9385.61
HLA-B*51:03,ARDYIQFVG,64.286,69.783,45237.13
HLA-B*51:03,RDYIQFVGG,68.182,58.392,44024.19
HLA-B*51:03,DYIQFVGGS,42.0,41.07,41624.66
HLA-B*51:03,YIQFVGGSV,7.135,4.048,24402.69
HLA-B*51:03,IQFVGGSVP,20.74,21.888,37138.02
HLA-B*51:03,QFVGGSVPK,56.5,74.337,45667.44
HLA-B*51:03,FVGGSVPKW,4.688,7.716,29436.42
HLA-B*51:03,VGGSVPKWV,10.615,19.826,36420.16
HLA-B*51:03,GGSVPKWVP,44.818,59.616,44170.2
HLA-B*51:03,GSVPKWVPL,11.791,21.835,37120.35
HLA-B*51:03,SVPKWVPLL,2.482,6.3,27821.16
HLA-B*51:03,VPKWVPLLA,0.26,0.284,7483.56
HLA-B*51:03,PKWVPLLAI,19.858,16.309,35003.05
HLA-B*51:03,KWVPLLAIN,91.667,87.416,46869.86
HLA-B*51:03,WVPLLAINT,38.389,36.002,40703.2
HLA-B*51:03,VPLLAINTE,6.87,9.66,31134.34
HLA-B*51:03,PLLAINTEL,28.163,43.36,41996.06
HLA-B*51:03,LLAINTELG,63.571,45.739,42364.35
HLA-B*51:03,LAINTELGG,49.714,22.713,37400.12
HLA-B*51:03,AINTELGGD,97.5,96.628,48423.53
HLA-B*51:03,INTELGGDK,88.333,93.756,47539.95
HLA-B*51:03,NTELGGDKM,22.24,35.547,40612.58
HLA-B*51:03,TELGGDKMP,29.136,64.038,44657.95
HLA-B*51:03,ELGGDKMPA,37.105,46.191,42431.78
HLA-B*51:03,LGGDKMPAA,18.317,31.872,39843.07
HLA-B*51:03,GGDKMPAAF,19.196,43.687,42046.06
HLA-B*51:03,GDKMPAAFH,59.5,93.683,47531.71
HLA-B*51:03,DKMPAAFHY,4.983,16.038,34882.45
HLA-B*51:03,KMPAAFHYK,29.205,41.575,41706.27
HLA-B*51:03,MPAAFHYKG,4.7,0.779,12737.0
HLA-B*51:03,PAAFHYKGL,15.116,29.151,39206.3
HLA-B*51:03,AAFHYKGLL,4.129,4.274,24830.42
HLA-B*51:03,AFHYKGLLL,18.415,29.714,39341.02
HLA-B*51:03,FHYKGLLLL,2.232,2.121,19630.1
HLA-B*51:03,HYKGLLLLP,32.968,39.874,41422.48
HLA-B*51:03,YKGLLLLPA,39.882,17.59,35558.46
HLA-B*51:03,KGLLLLPAN,73.571,60.053,44221.84
HLA-B*51:03,GLLLLPANS,67.273,80.975,46268.25
HLA-B*51:03,LLLLPANSL,5.24,8.839,30456.97
HLA-B*51:03,LLLPANSLA,16.147,12.92,33311.86
HLA-B*51:03,LLPANSLAT,51.111,43.914,42080.67
HLA-B*51:03,LPANSLATS,7.577,5.126,26230.02
HLA-B*51:03,PANSLATSN,65.455,73.382,45577.11
HLA-B*51:03,ANSLATSND,95.0,87.558,46883.55
HLA-B*51:03,NSLATSNDR,55.25,75.465,45771.82
HLA-B*51:03,SLATSNDRN,93.333,93.898,47555.9
HLA-B*51:03,LATSNDRNK,44.727,56.356,43782.39
HLA-B*51:03,ATSNDRNKV,10.931,33.886,40273.44
HLA-B*51:03,TSNDRNKVQ,51.852,89.137,47035.97
HLA-B*51:03,SNDRNKVQL,8.602,39.828,41414.41
HLA-B*51:03,NDRNKVQLA,23.655,37.248,40943.91
HLA-B*51:03,DRNKVQLAF,4.602,14.286,34046.46
HLA-B*51:03,RNKVQLAFA,37.316,45.567,42338.24
HLA-B*51:03,NKVQLAFAA,19.601,20.867,36795.65
HLA-B*51:03,KVQLAFAAN,80.0,71.67,45415.65
HLA-B*51:03,VQLAFAANV,5.855,3.73,23774.34
HLA-B*51:03,QLAFAANVK,60.714,71.221,45373.41
HLA-B*51:03,LAFAANVKW,1.843,1.463,16919.84
HLA-B*51:03,AFAANVKWV,34.615,42.395,41840.48
HLA-B*51:03,FAANVKWVS,12.572,7.555,29282.66
HLA-B*51:03,AANVKWVSV,1.239,2.557,20982.8
HLA-B*51:03,ANVKWVSVS,57.0,59.54,44161.11
HLA-B*51:03,NVKWVSVSQ,28.49,50.088,42990.96
HLA-B*51:03,VKWVSVSQE,58.0,73.857,45622.02
HLA-B*51:03,KWVSVSQED,86.667,93.824,47547.68
HLA-B*51:03,WVSVSQEDF,30.108,24.787,38038.82
HLA-B*51:03,VSVSQEDFI,10.252,6.917,28576.55
HLA-B*51:03,SVSQEDFIL,15.422,26.427,38495.08
HLA-B*51:03,VSQEDFILD,56.0,48.935,42832.63
HLA-B*51:03,SQEDFILDR,35.542,80.69,46242.23
HLA-B*51:03,QEDFILDRP,40.438,57.58,43927.59
HLA-B*51:03,EDFILDRPI,5.944,3.111,22396.71
HLA-B*51:03,DFILDRPIC,28.082,38.964,41263.68
HLA-B*51:03,FILDRPICV,1.593,2.244,20014.87
HLA-B*51:03,ILDRPICVL,7.76,16.767,35207.79
HLA-B*51:03,LDRPICVLV,5.725,4.165,24623.63
HLA-B*51:03,DRPICVLVS,53.333,51.408,43159.66
HLA-B*51:03,RPICVLVSP,7.639,4.069,24441.79
HLA-B*51:03,PICVLVSPR,93.333,93.22,47479.81
HLA-B*51:03,ICVLVSPRE,51.111,72.886,45530.29
HLA-B*51:03,CVLVSPREI,2.881,1.605,17539.63
HLA-B*51:03,VLVSPREIA,28.102,37.22,40938.61
HLA-B*51:03,LVSPREIAL,3.377,9.871,31286.63
HLA-B*51:03,VSPREIALV,3.211,4.347,24971.34
HLA-B*51:03,SPREIALVE,6.628,13.251,33496.54
HLA-B*51:03,PREIALVEF,32.29,75.858,45806.98
HLA-B*51:03,REIALVEFE,64.643,73.888,45624.96
HLA-B*51:03,EIALVEFEL,4.127,9.224,30785.63
HLA-B*51:03,IALVEFELS,24.364,15.316,34544.05
HLA-B*51:03,ALVEFELSE,43.0,79.729,46154.76
HLA-B*51:03,LVEFELSEG,77.5,66.895,44950.74
HLA-B*51:03,VEFELSEGL,4.847,12.033,32784.8
HLA-B*51:03,EFELSEGLS,61.071,71.728,45421.07
HLA-B*51:03,FELSEGLSL,4.255,6.141,27619.59
HLA-B*51:03,ELSEGLSLK,38.611,54.263,43526.88
HLA-B*51:03,LSEGLSLKE,50.926,70.6,45315.04
HLA-B*51:03,SEGLSLKEL,10.231,26.586,38537.18
HLA-B*51:03,EGLSLKELY,8.6,17.423,35488.52
HLA-B*51:03,GLSLKELYL,24.636,54.61,43571.64
HLA-B*51:03,LSLKELYLG,53.148,22.566,37353.62
HLA-B*51:03,SLKELYLGP,28.918,36.252,40751.66
HLA-B*51:03,LKELYLGPI,40.312,12.199,32882.86
HLA-B*51:03,KELYLGPIR,51.667,79.9,46170.24
HLA-B*51:03,ELYLGPIRI,0.754,1.714,18034.19
HLA-B*51:03,LYLGPIRIQ,58.5,80.285,46205.21
HLA-B*51:03,YLGPIRIQK,23.161,48.555,42778.45
HLA-B*51:03,LGPIRIQKD,63.571,67.175,44978.46
HLA-B*51:03,GPIRIQKDR,41.583,74.692,45701.05
HLA-B*51:03,PIRIQKDRI,29.295,50.106,42993.29
HLA-B*51:03,IRIQKDRIL,20.008,45.464,42322.65
HLA-B*51:03,RIQKDRILA,32.452,44.796,42220.2
HLA-B*51:03,IQKDRILAA,5.46,14.573,34186.73
HLA-B*51:03,QKDRILAAY,29.955,57.884,43963.73
HLA-B*51:03,KDRILAAYF,25.134,36.823,40862.48
HLA-B*51:03,DRILAAYFS,52.963,37.351,40963.43
HLA-B*51:03,RILAAYFST,42.769,36.798,40857.63
HLA-B*51:03,ILAAYFSTV,4.244,2.204,19886.2
HLA-B*51:03,LAAYFSTVS,23.609,11.952,32733.42
HLA-B*51:03,AAYFSTVSI,0.222,0.274,7315.28
HLA-B*51:03,AYFSTVSIQ,55.75,78.571,46050.49
HLA-B*51:03,YFSTVSIQS,36.286,45.458,42321.75
HLA-B*51:03,FSTVSIQSY,5.393,9.908,31313.05
HLA-B*51:03,STVSIQSYL,3.949,7.449,29172.62
HLA-B*51:03,TVSIQSYLA,11.19,11.998,32763.87
HLA-B*51:03,VSIQSYLAT,10.127,13.59,33681.91
HLA-B*51:03,SIQSYLATQ,62.5,71.54,45403.38
HLA-B*51:03,IQSYLATQT,27.481,42.608,41875.82
HLA-B*51:03,QSYLATQTK,22.1,30.203,39456.96
HLA-B*51:03,SYLATQTKK,47.375,75.293,45756.47
HLA-B*51:03,YLATQTKKV,4.61,8.292,29973.79
HLA-B*51:03,LATQTKKVV,1.017,2.364,20394.58
HLA-B*51:03,ATQTKKVVL,12.741,45.064,42262.26
HLA-B*51:03,TQTKKVVLH,37.158,72.062,45452.51
HLA-B*51:03,QTKKVVLHT,11.829,33.137,40118.63
HLA-B*51:03,TKKVVLHTN,64.643,76.257,45842.69
HLA-B*51:03,KKVVLHTNK,70.0,94.218,47591.92
HLA-B*51:03,KVVLHTNKH,43.727,87.511,46878.98
HLA-B*51:03,VVLHTNKHI,3.264,4.976,26012.4
HLA-B*51:03,VLHTNKHIK,58.5,74.807,45711.93
HLA-B*51:03,LHTNKHIKR,48.875,80.526,46227.21
HLA-B*51:03,HTNKHIKRT,25.582,52.392,43285.94
HLA-B*51:03,TNKHIKRTE,63.571,92.328,47379.72
HLA-B*51:03,NKHIKRTES,53.148,86.563,46787.77
HLA-B*51:03,KHIKRTESD,77.5,79.801,46161.25
HLA-B*51:03,HIKRTESDY,31.412,65.94,44856.48
HLA-B*51:03,IKRTESDYV,23.287,27.423,38762.98
HLA-B*51:03,KRTESDYVQ,79.167,96.741,48475.43
HLA-B*51:03,RTESDYVQI,8.699,18.859,36057.87
HLA-B*51:03,TESDYVQIE,34.923,64.49,44707.75
HLA-B*51:03,ESDYVQIET,11.156,25.363,38203.39
HLA-B*51:03,SDYVQIETS,30.595,39.098,41287.34
HLA-B*51:03,DYVQIETSI,1.722,3.751,23814.51
HLA-B*51:03,YVQIETSIY,15.769,22.328,37278.52
HLA-B*51:03,VQIETSIYD,58.0,52.783,43336.07
HLA-B*51:03,QIETSIYDS,75.833,88.695,46993.25
HLA-B*51:03,IETSIYDSV,3.856,5.453,26701.63
HLA-B*51:03,ETSIYDSVA,14.653,12.371,32984.76
HLA-B*51:03,TSIYDSVAA,12.162,12.909,33305.01
HLA-B*51:03,SIYDSVAAI,1.015,1.819,18477.62
HLA-B*51:03,IYDSVAAIV,5.953,8.499,30161.18
HLA-B*51:03,YDSVAAIVE,58.25,63.884,44641.02
HLA-B*51:03,DSVAAIVEY,2.421,6.818,28457.45
HLA-B*51:03,SVAAIVEYK,30.541,44.529,42177.75
HLA-B*51:03,VAAIVEYKT,9.305,17.061,35337.93
HLA-B*51:03,AAIVEYKTV,0.491,1.258,15828.55
HLA-B*51:03,AIVEYKTVK,57.5,79.025,46091.38
HLA-B*51:03,IVEYKTVKQ,55.25,88.989,47021.75
HLA-B*51:03,VEYKTVKQF,2.674,11.234,32255.96
HLA-B*51:03,EYKTVKQFK,36.143,71.174,45368.99
HLA-B*51:03,YKTVKQFKL,10.939,25.775,38318.9
HLA-B*51:03,KTVKQFKLA,15.728,27.101,38675.02
HLA-B*51:03,TVKQFKLAQ,41.833,68.189,45078.82
HLA-B*51:03,VKQFKLAQA,27.815,46.26,42441.9
HLA-B*51:03,KQFKLAQAL,5.975,15.156,34469.01
HLA-B*51:03,QFKLAQALV,13.217,15.399,34582.95
HLA-B*51:03,FKLAQALVQ,64.643,65.123,44775.98
HLA-B*51:03,KLAQALVQR,48.625,84.792,46618.5
HLA-B*51:03,LAQALVQRA,2.745,3.39,23056.9
HLA-B*51:03,AQALVQRAG,52.778,58.156,43996.09
HLA-B*51:03,QALVQRAGA,15.836,16.096,34908.13
HLA-B*51:03,ALVQRAGAS,71.429,76.827,45893.8
HLA-B*51:03,LVQRAGAST,31.0,38.247,41131.74
HLA-B*51:03,VQRAGASTR,38.056,70.705,45324.83
HLA-B*51:03,QRAGASTRQ,78.333,96.569,48396.27
HLA-B*51:03,RAGASTRQF,4.536,18.614,35963.97
HLA-B*51:03,AGASTRQFA,23.322,36.252,40751.66
HLA-B*51:03,GASTRQFAS,41.333,56.328,43779.09
HLA-B*51:03,ASTRQFASP,32.355,34.805,40463.43
HLA-B*51:03,STRQFASPS,39.294,29.666,39329.53
HLA-B*51:03,TRQFASPSA,20.301,33.476,40188.57
HLA-B*51:03,RQFASPSAN,58.5,60.681,44290.31
HLA-B*51:03,QFASPSAND,75.833,81.309,46298.81
HLA-B*51:03,FASPSANDV,0.711,0.905,13782.03
HLA-B*51:03,ASPSANDVN,86.667,87.421,46870.37
HLA-B*51:03,SPSANDVNS,23.552,31.772,39820.21
HLA-B*51:03,PSANDVNSG,83.75,91.382,47273.72
HLA-B*51:03,SANDVNSGY,5.241,20.656,36719.68
HLA-B*51:03,ANDVNSGYK,76.667,88.111,46936.86
HLA-B*51:03,NDVNSGYKV,7.149,13.677,33729.31
HLA-B*51:03,DVNSGYKVN,41.25,50.529,43047.28
HLA-B*51:03,VNSGYKVNI,6.244,15.527,34642.86
HLA-B*51:03,NSGYKVNII,4.889,6.285,27802.79
HLA-B*51:03,SGYKVNIII,1.993,1.962,19099.83
HLA-B*51:03,GYKVNIIIL,25.716,62.632,44503.59
HLA-B*51:03,YKVNIIILF,6.18,17.709,35608.12
HLA-B*51:03,KVNIIILFG,67.273,59.248,44126.23
HLA-B*51:03,VNIIILFGD,93.333,64.222,44678.23
HLA-B*51:03,NIIILFGDH,58.25,61.819,44414.59
HLA-B*51:03,IIILFGDHQ,55.0,72.563,45499.76
HLA-B*51:03,IILFGDHQS,53.519,58.664,44056.6
HLA-B*51:03,ILFGDHQSI,1.925,1.971,19137.06
HLA-B*51:03,LFGDHQSIE,80.0,88.395,46964.29
HLA-B*51:03,FGDHQSIES,30.838,47.22,42583.1
HLA-B*51:03,GDHQSIESE,73.571,95.203,47771.99
HLA-B*51:03,DHQSIESEG,46.0,53.789,43465.7
HLA-B*51:03,HQSIESEGY,31.206,68.829,45142.27
HLA-B*51:03,QSIESEGYA,18.079,19.218,36192.71
HLA-B*51:03,SIESEGYAI,15.974,20.163,36543.32
HLA-B*51:03,IESEGYAIG,53.148,47.632,42644.41
HLA-B*51:03,ESEGYAIGI,4.206,6.084,27548.86
HLA-B*51:03,SEGYAIGIM,24.922,26.474,38507.59
HLA-B*51:03,EGYAIGIML,1.101,2.031,19353.21
HLA-B*51:03,GYAIGIMLP,56.0,65.635,44826.4
HLA-B*51:03,YAIGIMLPA,5.392,1.017,14457.62
HLA-B*51:03,AIGIMLPAA,37.526,35.506,40604.23
HLA-B*51:03,IGIMLPAAL,3.377,3.608,23534.27
HLA-B*51:03,GIMLPAALR,57.5,71.983,45445.15
HLA-B*51:03,IMLPAALRY,8.416,8.33,30008.19
HLA-B*51:03,MLPAALRYS,47.75,38.864,41245.38
HLA-B*51:03,LPAALRYSL,0.426,0.477,10111.58
HLA-B*51:03,PAALRYSLM,9.929,11.524,32447.78
HLA-B*51:03,AALRYSLML,2.953,4.036,24378.94
HLA-B*51:03,ALRYSLMLQ,75.833,82.163,46377.02
HLA-B*51:03,LRYSLMLQF,9.857,11.202,32234.69
HLA-B*51:03,RYSLMLQFV,25.672,20.917,36813.57
HLA-B*51:03,YSLMLQFVQ,36.048,24.691,38010.43
HLA-B*51:03,SLMLQFVQG,37.842,27.416,38760.91
HLA-B*51:03,LMLQFVQGK,36.095,41.07,41624.66
HLA-B*51:03,MLQFVQGKV,10.511,4.19,24671.09
HLA-B*51:03,LQFVQGKVG,39.706,39.609,41376.34
HLA-B*51:03,QFVQGKVGR,63.929,95.19,47766.29
HLA-B*51:03,FVQGKVGRS,42.0,52.885,43349.21
HLA-B*51:03,VQGKVGRSV,7.322,14.734,34265.62
HLA-B*51:03,QGKVGRSVI,6.956,16.061,34892.64
HLA-B*51:03,GKVGRSVII,24.896,43.926,42082.49
HLA-B*51:03,KVGRSVIIT,66.818,79.081,46096.37
HLA-B*51:03,VGRSVIITS,22.51,28.758,39109.71
HLA-B*51:03,GRSVIITSP,45.5,69.98,45256.71
HLA-B*51:03,RSVIITSPS,67.273,42.654,41883.52
HLA-B*51:03,SVIITSPSA,5.407,7.074,28758.32
HLA-B*51:03,VIITSPSAR,34.808,62.808,44522.85
HLA-B*51:03,IITSPSARK,45.2,64.512,44710.14
HLA-B*51:03,ITSPSARKA,5.3,12.856,33273.32
HLA-B*51:03,TSPSARKAV,4.47,14.084,33947.89
HLA-B*51:03,SPSARKAVS,19.02,27.837,38876.39
HLA-B*51:03,PSARKAVSK,62.857,86.932,46823.24
HLA-B*51:03,SARKAVSKE,35.25,54.675,43580.13
HLA-B*51:03,ARKAVSKEI,22.44,44.417,42159.96
HLA-B*51:03,RKAVSKEIW,33.571,60.347,44253.91
HLA-B*51:03,KAVSKEIWL,6.329,24.386,37920.47
HLA-B*51:03,AVSKEIWLG,48.625,56.176,43761.08
HLA-B*51:03,VSKEIWLGA,6.149,9.518,31032.11
HLA-B*51:03,SKEIWLGAV,20.959,20.679,36728.04
HLA-B*51:03,KEIWLGAVL,11.094,16.817,35230.27
HLA-B*51:03,EIWLGAVLM,6.476,7.57,29296.92
HLA-B*51:03,IWLGAVLMY,25.313,34.607,40422.3
HLA-B*51:03,WLGAVLMYE,68.636,70.303,45287.08
HLA-B*51:03,LGAVLMYEE,54.074,49.481,42908.22
HLA-B*51:03,GAVLMYEED,81.25,62.816,44523.8
HLA-B*51:03,AVLMYEEDE,91.667,95.606,47955.32
HLA-B*51:03,VLMYEEDEA,51.852,44.322,42144.9
HLA-B*51:03,LMYEEDEAR,34.231,57.856,43960.41
HLA-B*51:03,MYEEDEARI,9.164,15.493,34626.76
HLA-B*51:03,YEEDEARIS,29.523,64.833,44745.47
HLA-B*51:03,EEDEARIST,10.421,29.57,39306.55
HLA-B*51:03,EDEARISTM,6.458,24.209,37868.39
HLA-B*51:03,DEARISTMK,25.403,42.692,41889.86
HLA-B*51:03,EARISTMKS,11.062,15.157,34469.75
HLA-B*51:03,ARISTMKSG,69.545,82.514,46409.15
HLA-B*51:03,RISTMKSGN,97.5,95.363,47844.91
HLA-B*51:03,ISTMKSGNE,80.0,74.175,45652.13
HLA-B*51:03,STMKSGNEY,11.56,22.857,37445.47
HLA-B*51:03,TMKSGNEYT,45.8,56.104,43752.56
HLA-B*51:03,MKSGNEYTP,46.556,52.728,43329.06
HLA-B*51:03,KSGNEYTPP,65.455,71.023,45354.77
HLA-B*51:03,SGNEYTPPL,5.063,6.908,28566.34
HLA-B*51:03,GNEYTPPLR,69.545,95.898,48088.83
HLA-B*51:03,NEYTPPLRT,8.904,19.508,36300.96
HLA-B*51:03,EYTPPLRTM,2.189,12.654,33152.92
HLA-B*51:03,YTPPLRTML,2.084,8.222,29910.29
HLA-B*51:03,TPPLRTMLL,0.108,0.356,8536.14
HLA-B*51:03,PPLRTMLLI,0.72,0.27,7245.41
HLA-B*51:03,PLRTMLLIV,27.574,25.205,38159.2
HLA-B*51:03,LRTMLLIVG,79.167,54.482,43555.12
HLA-B*51:03,RTMLLIVGG,58.75,31.371,39728.56
HLA-B*51:03,TMLLIVGGR,58.0,62.474,44486.26
HLA-B*51:03,MLLIVGGRC,38.944,33.691,40232.94
HLA-B*51:03,LLIVGGRCN,88.333,70.068,45265.06
HLA-B*51:03,LIVGGRCNA,47.375,40.572,41540.96
HLA-B*51:03,IVGGRCNAN,91.667,87.179,46847.04
HLA-B*51:03,VGGRCNANA,52.407,52.863,43346.39
HLA-B*51:03,GGRCNANAL,28.327,34.061,40309.63
HLA-B*51:03,GRCNANALC,69.545,92.283,47374.62
HLA-B*51:03,RCNANALCN,95.0,85.453,46681.08
HLA-B*51:03,CNANALCNK,72.143,69.749,45233.72
HLA-B*51:03,NANALCNKT,11.737,13.971,33890.99
HLA-B*51:03,ANALCNKTG,90.0,81.035,46273.77
HLA-B*51:03,NALCNKTGG,48.0,31.424,39740.61
HLA-B*51:03,ALCNKTGGY,56.5,76.395,45855.11
HLA-B*51:03,LCNKTGGYP,47.875,54.296,43531.11
HLA-B*51:03,CNKTGGYPA,24.052,26.424,38494.26
HLA-B*51:03,NKTGGYPAS,62.143,84.425,46584.72
HLA-B*51:03,KTGGYPASD,80.0,86.658,46796.89
HLA-B*51:03,TGGYPASDE,90.0,92.653,47416.16
HLA-B*51:03,GGYPASDEI,3.537,6.408,27959.96
HLA-B*51:03,GYPASDEIE,93.333,96.885,48541.56
HLA-B*51:03,YPASDEIEM,0.488,1.34,16252.7
HLA-B*51:03,PASDEIEMG,59.0,85.274,46663.92
HLA-B*51:03,ASDEIEMGL,10.302,28.573,39063.6
HLA-B*51:03,SDEIEMGLG,83.75,82.147,46375.49
HLA-B*51:03,DEIEMGLGP,13.195,15.404,34585.2
HLA-B*51:03,EIEMGLGPD,97.5,83.751,46522.75
HLA-B*51:03,IEMGLGPDR,36.619,64.899,44752.75
HLA-B*51:03,EMGLGPDRP,49.286,63.177,44563.33
HLA-B*51:03,MGLGPDRPQ,60.357,69.06,45165.25
HLA-B*51:03,GLGPDRPQS,75.0,95.459,47888.41
HLA-B*51:03,LGPDRPQSH,22.39,73.022,45543.09
HLA-B*51:03,GPDRPQSHG,18.567,50.77,43078.02
HLA-B*51:03,PDRPQSHGM,32.516,74.807,45711.93
HLA-B*51:03,DRPQSHGMD,86.667,90.645,47191.45
HLA-B*51:03,RPQSHGMDK,34.692,46.266,42442.8
HLA-B*51:03,PQSHGMDKK,88.333,96.434,48334.02
HLA-B*51:03,QSHGMDKKD,82.5,87.026,46832.36
HLA-B*51:03,SHGMDKKDH,83.75,96.889,48543.66
HLA-B*51:03,HGMDKKDHI,3.815,10.193,31518.03
HLA-B*51:03,GMDKKDHIC,45.3,86.332,46765.51
HLA-B*51:03,MDKKDHICI,9.192,8.102,29802.39
HLA-B*51:03,DKKDHICII,3.022,7.888,29603.13
HLA-B*51:03,KKDHICIIM,32.0,49.97,42975.6
HLA-B*51:03,KDHICIIMP,61.429,63.66,44616.41
HLA-B*51:03,DHICIIMPQ,43.455,28.471,39038.27
HLA-B*51:03,HICIIMPQL,6.806,15.822,34781.45
HLA-B*51:03,ICIIMPQLD,75.0,57.432,43910.0
HLA-B*51:03,CIIMPQLDT,29.136,36.164,40734.48
HLA-B*51:03,IIMPQLDTL,2.356,4.203,24695.65
HLA-B*51:03,IMPQLDTLY,11.756,25.157,38145.57
HLA-B*51:03,MPQLDTLYP,2.594,1.169,15352.07
HLA-B*51:03,PQLDTLYPK,56.75,66.988,44959.99
HLA-B*51:03,QLDTLYPKH,43.273,83.543,46503.64
HLA-B*51:03,LDTLYPKHA,32.387,41.503,41694.51
HLA-B*51:03,DTLYPKHAG,14.981,18.875,36063.73
HLA-B*51:03,TLYPKHAGE,26.633,48.864,42822.44
HLA-B*51:03,LYPKHAGEK,49.0,76.783,45889.84
HLA-B*51:03,YPKHAGEKT,2.203,6.759,28386.71
HLA-B*51:03,PKHAGEKTK,90.0,97.605,48875.16
HLA-B*51:03,KHAGEKTKV,19.946,47.694,42653.65
HLA-B*51:03,HAGEKTKVL,1.862,13.235,33487.49
HLA-B*51:03,AGEKTKVLQ,68.182,95.427,47873.93
HLA-B*51:03,GEKTKVLQD,72.857,90.769,47205.24
HLA-B*51:03,EKTKVLQDD,91.667,94.25,47595.54
HLA-B*51:03,KTKVLQDDP,47.5,75.271,45754.49
HLA-B*51:03,TKVLQDDPR,78.333,95.186,47764.23
HLA-B*51:03,KVLQDDPRA,38.111,57.668,43938.05
HLA-B*51:03,VLQDDPRAG,68.182,81.484,46314.82
HLA-B*51:03,LQDDPRAGE,47.0,87.505,46878.47
HLA-B*51:03,QDDPRAGEK,61.429,93.033,47458.75
HLA-B*51:03,DDPRAGEKW,9.145,33.509,40195.52
HLA-B*51:03,DPRAGEKWN,37.895,50.788,43080.36
HLA-B*51:03,PRAGEKWNN,97.5,97.171,48674.07
HLA-B*51:03,RAGEKWNNE,50.37,76.561,45869.98
HLA-B*51:03,AGEKWNNEV,13.973,25.513,38245.15
HLA-B*51:03,GEKWNNEVN,91.667,91.688,47308.04
HLA-B*51:03,EKWNNEVNV,8.127,13.779,33785.18
HLA-B*51:03,KWNNEVNVM,28.816,59.512,44157.75
HLA-B*51:03,WNNEVNVMN,75.0,53.899,43479.8
HLA-B*51:03,NNEVNVMNY,22.86,39.321,41326.23
HLA-B*51:03,NEVNVMNYS,33.286,39.681,41388.89
HLA-B*51:03,EVNVMNYSL,3.313,5.889,27291.94
HLA-B*51:03,VNVMNYSLD,82.5,48.815,42815.48
HLA-B*51:03,NVMNYSLDP,38.611,17.704,35605.83
HLA-B*51:03,VMNYSLDPL,33.464,16.636,35149.16
HLA-B*51:03,MNYSLDPLV,1.837,0.714,12206.36
HLA-B*51:03,NYSLDPLVI,6.758,8.738,30369.1
HLA-B*51:03,YSLDPLVIL,1.198,3.497,23317.06
HLA-B*51:03,SLDPLVILI,1.851,5.506,26778.88
HLA-B*51:03,LDPLVILIL,7.049,12.635,33141.8
HLA-B*51:03,DPLVILILA,0.321,0.33,8181.05
HLA-B*51:03,PLVILILAF,37.842,58.696,44060.4
HLA-B*51:03,LVILILAFI,10.701,5.14,26249.9
HLA-B*51:03,VILILAFIV,17.021,9.574,31072.76
HLA-B*51:03,ILILAFIVF,19.27,27.363,38746.64
HLA-B*51:03,LILAFIVFN,80.0,64.785,44740.16
HLA-B*51:03,ILAFIVFNN,74.286,52.976,43360.93
HLA-B*51:03,LAFIVFNNE,20.171,16.802,35223.8
HLA-B*51:03,AFIVFNNET,48.75,69.149,45174.05
HLA-B*51:03,FIVFNNETT,51.667,42.125,41795.68
HLA-B*51:03,IVFNNETTD,55.0,47.511,42626.43
HLA-B*51:03,VFNNETTDP,68.182,83.434,46493.57
HLA-B*51:03,FNNETTDPY,24.455,21.938,37154.91
HLA-B*51:03,NNETTDPYS,64.643,78.715,46063.44
HLA-B*51:03,NETTDPYSK,39.706,71.983,45445.15
HLA-B*51:03,ETTDPYSKK,13.553,45.203,42283.31
HLA-B*51:03,TTDPYSKKF,2.762,12.727,33196.71
HLA-B*51:03,TDPYSKKFR,56.0,95.028,47692.97
HLA-B*51:03,DPYSKKFRP,0.527,1.088,14864.31
HLA-B*51:03,PYSKKFRPS,95.0,95.31,47820.6
HLA-B*51:03,YSKKFRPSP,9.278,17.478,35511.55
HLA-B*51:03,SKKFRPSPD,93.333,95.12,47734.27
HLA-B*51:03,KKFRPSPDN,90.0,94.634,47638.81
HLA-B*51:03,KFRPSPDNL,20.78,54.858,43603.69
HLA-B*51:03,FRPSPDNLT,46.333,71.461,45396.0
HLA-B*51:03,RPSPDNLTP,6.735,13.696,33739.89
HLA-B*51:03,PSPDNLTPL,17.295,39.275,41318.19
HLA-B*51:03,SPDNLTPLV,0.125,0.406,9245.21
HLA-B*51:03,PDNLTPLVA,39.824,60.945,44319.05
HLA-B*51:03,DNLTPLVAH,11.357,45.506,42329.07
HLA-B*51:03,NLTPLVAHL,3.467,9.432,30961.66
HLA-B*51:03,LTPLVAHLI,1.147,0.726,12303.42
HLA-B*51:03,TPLVAHLIA,1.283,0.797,12883.79
HLA-B*51:03,PLVAHLIAL,24.779,40.457,41521.65
HLA-B*51:03,LVAHLIALV,3.045,1.991,19220.28
HLA-B*51:03,VAHLIALVG,15.612,6.657,28264.74
HLA-B*51:03,AHLIALVGN,82.5,80.033,46182.21
HLA-B*51:03,HLIALVGND,70.714,64.635,44723.69
HLA-B*51:03,LIALVGNDA,37.789,33.537,40201.17
HLA-B*51:03,IALVGNDAG,52.963,37.361,40965.2
HLA-B*51:03,ALVGNDAGR,75.833,95.205,47773.01
HLA-B*51:03,LVGNDAGRD,97.5,93.815,47546.64
HLA-B*51:03,VGNDAGRDL,14.328,34.121,40321.86
HLA-B*51:03,GNDAGRDLI,28.673,40.832,41585.03
HLA-B*51:03,NDAGRDLIA,22.26,33.663,40227.29
HLA-B*51:03,DAGRDLIAT,7.659,13.987,33899.8
HLA-B*51:03,AGRDLIATG,27.13,45.152,42275.51
HLA-B*51:03,GRDLIATGG,78.333,91.162,47249.19
HLA-B*51:03,RDLIATGGS,91.667,87.784,46905.39
HLA-B*51:03,DLIATGGSE,35.292,53.713,43455.8
HLA-B*51:03,LIATGGSED,83.75,82.585,46415.68
HLA-B*51:03,IATGGSEDA,31.118,42.877,41920.7
HLA-B*51:03,ATGGSEDAH,59.5,96.234,48242.59
HLA-B*51:03,TGGSEDAHG,85.0,85.421,46678.07
HLA-B*51:03,GGSEDAHGQ,85.0,97.397,48778.46
HLA-B*51:03,GSEDAHGQV,11.812,29.519,39294.21
HLA-B*51:03,SEDAHGQVQ,35.75,74.285,45662.49
HLA-B*51:03,EDAHGQVQN,62.143,88.879,47011.05
HLA-B*51:03,DAHGQVQNE,10.184,26.586,38537.18
HLA-B*51:03,AHGQVQNEK,58.25,88.1,46935.83
HLA-B*51:03,HGQVQNEKI,5.482,11.904,32701.2
HLA-B*51:03,GQVQNEKIN,95.0,96.271,48259.3
HLA-B*51:03,QVQNEKINT,39.529,76.556,45869.48
HLA-B*51:03,VQNEKINTQ,29.727,77.087,45917.16
HLA-B*51:03,QNEKINTQT,45.9,84.677,46607.92
HLA-B*51:03,NEKINTQTL,2.885,14.828,34311.61
HLA-B*51:03,EKINTQTLK,48.75,70.558,45311.12
HLA-B*51:03,KINTQTLKT,41.5,71.665,45415.15
HLA-B*51:03,INTQTLKTS,46.556,63.717,44622.68
HLA-B*51:03,NTQTLKTSQ,37.211,76.168,45834.76
HLA-B*51:03,TQTLKTSQG,51.111,69.528,45211.7
HLA-B*51:03,QTLKTSQGD,65.455,73.022,45543.09
HLA-B*51:03,TLKTSQGDD,93.333,95.492,47903.45
HLA-B*51:03,LKTSQGDDN,100.0,97.03,48608.82
HLA-B*51:03,KTSQGDDNL,27.204,55.668,43701.01
HLA-B*51:03,TSQGDDNLV,9.218,14.064,33938.32
HLA-B*51:03,SQGDDNLVR,60.357,91.038,47235.39
HLA-B*51:03,QGDDNLVRL,4.086,26.391,38485.5
HLA-B*51:03,GDDNLVRLK,61.429,92.914,47445.4
HLA-B*51:03,DDNLVRLKG,32.839,38.545,41186.52
HLA-B*51:03,DNLVRLKGI,2.143,3.831,23973.5
HLA-B*51:03,NLVRLKGIE,62.857,77.913,45991.25
HLA-B*51:03,LVRLKGIET,24.987,34.518,40403.95
HLA-B*51:03,VRLKGIETD,75.0,83.105,46463.39
HLA-B*51:03,RLKGIETDL,21.421,59.24,44125.29
HLA-B*51:03,LKGIETDLG,93.333,89.705,47090.97
HLA-B*51:03,KGIETDLGS,67.727,76.794,45890.84
HLA-B*51:03,GIETDLGSD,100.0,97.29,48728.88
HLA-B*51:03,IETDLGSDY,18.811,46.693,42505.31
HLA-B*51:03,ETDLGSDYV,4.02,7.126,28815.93
HLA-B*51:03,TDLGSDYVS,67.727,74.823,45713.44
HLA-B*51:03,DLGSDYVSD,59.25,68.479,45107.61
HLA-B*51:03,LGSDYVSDK,54.444,69.803,45239.09
HLA-B*51:03,GSDYVSDKI,11.805,21.565,37030.5
HLA-B*51:03,SDYVSDKID,86.667,84.452,46587.25
HLA-B*51:03,DYVSDKIDE,53.704,92.145,47359.23
HLA-B*51:03,YVSDKIDEE,32.194,70.971,45349.86
HLA-B*51:03,VSDKIDEEA,20.561,39.553,41366.5
HLA-B*51:03,SDKIDEEAM,25.522,65.167,44780.35
HLA-B*51:03,DKIDEEAMT,38.333,70.423,45298.35
HLA-B*51:03,KIDEEAMTR,39.647,90.567,47182.78
HLA-B*51:03,IDEEAMTRI,5.965,14.222,34015.17
HLA-B*51:03,DEEAMTRIM,4.845,12.179,32870.75
HLA-B*51:03,EEAMTRIML,3.126,10.566,31786.51
HLA-B*51:03,EAMTRIMLI,0.029,0.02,1598.74
HLA-B*51:03,AMTRIMLIE,74.286,80.022,46181.23
HLA-B*51:03,MTRIMLIEK,16.222,22.814,37432.12
HLA-B*51:03,TRIMLIEKR,52.593,83.187,46470.94
HLA-B*51:03,RIMLIEKRL,12.942,26.969,38639.04
HLA-B*51:03,IMLIEKRLI,6.222,4.896,25886.34
HLA-B*51:03,MLIEKRLIT,18.665,20.942,36822.74
HLA-B*51:03,LIEKRLITS,41.25,52.206,43262.05
HLA-B*51:03,IEKRLITSS,23.483,52.44,43292.02
HLA-B*51:03,EKRLITSSL,4.484,17.967,35716.17
HLA-B*51:03,KRLITSSLN,88.333,82.486,46406.64
HLA-B*51:03,RLITSSLNE,59.5,79.23,46109.84
HLA-B*51:03,LITSSLNEH,41.083,73.163,45556.39
HLA-B*51:03,ITSSLNEHY,14.513,27.643,38823.03
HLA-B*51:03,TSSLNEHYR,31.971,61.56,44386.24
HLA-B*51:03,SSLNEHYRV,3.266,4.447,25164.72
HLA-B*51:03,SLNEHYRVL,3.971,11.66,32538.14
HLA-B*51:03,LNEHYRVLK,66.364,74.322,45665.96
HLA-B*51:03,NEHYRVLKL,1.983,6.729,28350.2
HLA-B*51:03,EHYRVLKLV,2.688,2.526,20903.72
HLA-B*51:03,HYRVLKLVT,46.333,54.993,43621.15
HLA-B*51:03,YRVLKLVTG,54.074,54.894,43608.41
HLA-B*51:03,RVLKLVTGD,83.75,76.03,45822.38
HLA-B*51:03,VLKLVTGDE,72.857,85.995,46733.13
HLA-B*51:03,LKLVTGDEA,47.5,45.573,42339.14
HLA-B*51:03,KLVTGDEAN,91.667,95.869,48075.31
HLA-B*51:03,LVTGDEANG,88.333,86.137,46746.79
HLA-B*51:03,VTGDEANGS,63.214,90.393,47163.4
HLA-B*51:03,TGDEANGSS,42.923,70.642,45318.95
HLA-B*51:03,GDEANGSSM,30.432,67.032,44964.37
HLA-B*51:03,DEANGSSMQ,38.889,78.472,46041.52
HLA-B*51:03,EANGSSMQL,0.527,2.29,20159.83
HLA-B*51:03,ANGSSMQLL,19.736,43.324,41990.61
HLA-B*51:03,NGSSMQLLE,44.273,39.46,41350.39
HLA-B*51:03,GSSMQLLEV,8.365,11.754,32600.86
HLA-B*51:03,SSMQLLEVL,2.41,4.116,24531.08
HLA-B*51:03,SMQLLEVLK,45.7,55.464,43676.89
HLA-B*51:03,MQLLEVLKL,2.082,3.882,24075.92
HLA-B*51:03,QLLEVLKLK,31.912,52.381,43284.54
HLA-B*51:03,LLEVLKLKM,16.067,22.041,37188.28
HLA-B*51:03,LEVLKLKMK,48.125,73.653,45602.75
HLA-B*51:03,EVLKLKMKS,16.702,29.174,39211.81
HLA-B*51:03,VLKLKMKSY,17.777,46.426,42466.24
HLA-B*51:03,LKLKMKSYV,12.944,15.687,34717.92
HLA-B*51:03,KLKMKSYVQ,77.5,90.201,47141.96
HLA-B*51:03,LKMKSYVQL,5.81,10.504,31741.84
HLA-B*51:03,KMKSYVQLT,38.111,50.635,43060.77
HLA-B*51:03,MKSYVQLTK,31.647,39.278,41318.64
HLA-B*51:03,KSYVQLTKD,62.143,58.208,44002.28
HLA-B*51:03,SYVQLTKDE,75.0,94.323,47603.77
HLA-B*51:03,YVQLTKDED,60.714,63.704,44621.21
HLA-B*51:03,VQLTKDEDN,95.0,95.249,47793.16
HLA-B*51:03,QLTKDEDNR,90.0,97.113,48647.24
HLA-B*51:03,LTKDEDNRA,25.642,43.708,42049.26
HLA-B*51:03,TKDEDNRAA,25.299,58.904,44085.19
HLA-B*51:03,KDEDNRAAV,22.67,53.673,43450.64
HLA-B*51:03,DEDNRAAVG,22.8,43.539,42023.34
HLA-B*51:03,EDNRAAVGI,8.545,11.784,32620.63
HLA-B*51:03,DNRAAVGIQ,58.0,64.363,44693.71
HLA-B*51:03,NRAAVGIQH,52.778,83.291,46480.5
HLA-B*51:03,RAAVGIQHS,24.221,46.357,42456.14
HLA-B*51:03,AAVGIQHSE,24.779,51.459,43166.21
HLA-B*51:03,AVGIQHSEK,69.091,87.011,46830.82
HLA-B*51:03,VGIQHSEKG,37.684,49.498,42910.55
HLA-B*51:03,GIQHSEKGL,45.3,86.553,46786.78
HLA-B*51:03,IQHSEKGLL,14.42,24.212,37869.23
HLA-B*51:03,QHSEKGLLA,20.496,26.542,38525.5
HLA-B*51:03,HSEKGLLAY,14.255,33.503,40194.22
HLA-B*51:03,SEKGLLAYL,8.705,19.855,36430.8
HLA-B*51:03,EKGLLAYLR,61.429,76.788,45890.34
HLA-B*51:03,KGLLAYLRD,66.818,47.861,42678.58
HLA-B*51:03,GLLAYLRDA,65.455,57.972,43974.19
HLA-B*51:03,LLAYLRDAT,62.5,47.254,42588.18
HLA-B*51:03,LAYLRDATT,5.801,3.261,22749.87
HLA-B*51:03,AYLRDATTH,55.5,88.863,47009.53
HLA-B*51:03,YLRDATTHG,32.355,37.3,40953.66
HLA-B*51:03,LRDATTHGK,46.556,83.45,46495.07
HLA-B*51:03,RDATTHGKY,36.857,66.417,44903.6
HLA-B*51:03,DATTHGKYM,0.999,3.438,23173.21
HLA-B*51:03,ATTHGKYMG,75.0,89.242,47046.17
HLA-B*51:03,TTHGKYMGS,28.184,49.582,42922.17
HLA-B*51:03,THGKYMGSA,24.0,30.655,39562.98
HLA-B*51:03,HGKYMGSAD,72.143,66.54,44915.73
HLA-B*51:03,GKYMGSADG,88.333,86.832,46813.61
HLA-B*51:03,KYMGSADGL,36.571,54.624,43573.52
HLA-B*51:03,YMGSADGLE,83.75,73.34,45573.18
HLA-B*51:03,MGSADGLES,49.571,41.575,41706.27
HLA-B*51:03,GSADGLESG,57.25,82.968,46450.83
HLA-B*51:03,SADGLESGD,72.857,82.081,46369.48
HLA-B*51:03,ADGLESGDV,55.75,56.516,43801.34
HLA-B*51:03,DGLESGDVP,13.148,18.271,35833.07
HLA-B*51:03,GLESGDVPK,79.167,95.535,47923.16
HLA-B*51:03,LESGDVPKY,9.948,39.131,41293.15
HLA-B*51:03,ESGDVPKYR,14.564,62.887,44531.52
HLA-B*51:03,SGDVPKYRS,37.842,77.121,45920.15
HLA-B*51:03,GDVPKYRSK,59.0,92.923,47446.41
HLA-B*51:03,DVPKYRSKQ,25.313,70.063,45264.57
HLA-B*51:03,VPKYRSKQV,0.38,1.58,17439.53
HLA-B*51:03,PKYRSKQVR,82.5,96.188,48221.19
HLA-B*51:03,KYRSKQVRR,70.0,95.799,48043.6
HLA-B*51:03,YRSKQVRRM,15.769,43.774,42059.27
HLA-B*51:03,RSKQVRRMI,10.776,19.332,36235.43
HLA-B*51:03,SKQVRRMIM,23.276,42.572,41869.93
HLA-B*51:03,KQVRRMIMK,54.815,76.395,45855.11
HLA-B*51:03,QVRRMIMKT,21.246,32.556,39993.37
HLA-B*51:03,VRRMIMKTQ,75.833,88.853,47008.5
HLA-B*51:03,RRMIMKTQC,51.296,66.9,44951.23
HLA-B*51:03,RMIMKTQCK,56.75,59.264,44128.14
HLA-B*51:03,MIMKTQCKP,24.481,12.566,33100.24
HLA-B*51:03,IMKTQCKPK,57.25,76.185,45836.24
HLA-B*51:03,MKTQCKPKP,52.037,61.889,44422.27
HLA-B*51:03,KTQCKPKPG,93.333,87.621,46889.63
HLA-B*51:03,TQCKPKPGS,46.556,82.645,46421.18
HLA-B*51:03,QCKPKPGSN,75.833,96.126,48193.02
HLA-B*51:03,CKPKPGSNE,67.273,89.468,47068.05
HLA-B*51:03,KPKPGSNEV,0.36,2.733,21434.62
HLA-B*51:03,PKPGSNEVS,93.333,97.627,48885.19
HLA-B*51:03,KPGSNEVSP,20.683,46.125,42422.14
HLA-B*51:03,PGSNEVSPL,27.5,51.55,43177.87
HLA-B*51:03,GSNEVSPLK,34.538,58.76,44068.02
HLA-B*51:03,SNEVSPLKA,20.935,43.964,42088.41
HLA-B*51:03,NEVSPLKAC,15.28,33.983,40293.49
HLA-B*51:03,EVSPLKACE,26.1,51.539,43176.48
HLA-B*51:03,VSPLKACEI,3.275,4.077,24457.4
HLA-B*51:03,SPLKACEIR,24.961,46.806,42521.88
HLA-B*51:03,PLKACEIRS,97.5,96.101,48181.55
HLA-B*51:03,LKACEIRSQ,78.333,89.337,47055.33
HLA-B*51:03,KACEIRSQY,12.569,31.079,39661.98
HLA-B*51:03,ACEIRSQYS,78.333,93.376,47497.27
HLA-B*51:03,CEIRSQYST,35.042,23.784,37738.33
HLA-B*51:03,EIRSQYSTK,30.784,49.906,42966.76
HLA-B*51:03,IRSQYSTKR,55.75,86.511,46782.7
HLA-B*51:03,RSQYSTKRT,38.667,71.467,45396.5
HLA-B*51:03,SQYSTKRTA,7.096,13.696,33739.89
HLA-B*51:03,QYSTKRTAV,21.763,48.834,42818.27
HLA-B*51:03,YSTKRTAVS,35.417,36.395,40779.45
HLA-B*51:03,STKRTAVSK,23.931,54.573,43566.92
HLA-B*51:03,TKRTAVSKE,58.0,93.733,47537.38
HLA-B*51:03,KRTAVSKET,73.571,93.605,47522.97
HLA-B*51:03,RTAVSKETA,25.269,41.249,41653.5
HLA-B*51:03,TAVSKETAI,0.641,2.068,19466.6
HLA-B*51:03,AVSKETAIS,67.273,82.924,46446.82
HLA-B*51:03,VSKETAISL,1.255,5.363,26570.78
HLA-B*51:03,SKETAISLI,7.705,13.414,33585.47
HLA-B*51:03,KETAISLIC,36.0,40.721,41566.15
HLA-B*51:03,ETAISLICS,34.769,31.486,39754.78
HLA-B*51:03,TAISLICSI,0.27,0.088,3823.26
HLA-B*51:03,AISLICSIA,36.667,34.18,40334.05
HLA-B*51:03,ISLICSIAQ,69.545,55.124,43636.74
HLA-B*51:03,SLICSIAQM,12.889,11.43,32385.71
HLA-B*51:03,LICSIAQMI,6.17,3.257,22739.78
HLA-B*51:03,ICSIAQMIE,69.091,79.922,46172.24
HLA-B*51:03,CSIAQMIEP,36.0,18.287,35839.27
HLA-B*51:03,SIAQMIEPK,52.778,60.448,44264.93
HLA-B*51:03,IAQMIEPKG,22.02,20.888,36803.22
HLA-B*51:03,AQMIEPKGM,16.871,42.439,41847.74
HLA-B*51:03,QMIEPKGMD,59.5,67.598,45020.34
HLA-B*51:03,MIEPKGMDE,53.148,78.328,46028.58
HLA-B*51:03,IEPKGMDEQ,58.25,94.607,47635.71
HLA-B*51:03,EPKGMDEQL,0.622,3.966,24243.21
HLA-B*51:03,PKGMDEQLG,97.5,97.214,48693.57
HLA-B*51:03,KGMDEQLGN,74.286,85.979,46731.62
HLA-B*51:03,GMDEQLGNP,67.273,82.267,46386.56
HLA-B*51:03,MDEQLGNPR,53.889,78.87,46077.41
HLA-B*51:03,DEQLGNPRK,30.784,56.624,43814.14
HLA-B*51:03,EQLGNPRKS,32.774,58.38,44022.74
HLA-B*51:03,QLGNPRKSR,61.786,95.773,48031.64
HLA-B*51:03,LGNPRKSRT,29.091,60.958,44320.51
HLA-B*51:03,GNPRKSRTF,28.551,73.606,45598.31
HLA-B*51:03,NPRKSRTFF,1.499,4.209,24707.43
HLA-B*51:03,PRKSRTFFG,93.333,95.003,47681.62
HLA-B*51:03,RKSRTFFGA,48.25,52.13,43252.23
HLA-B*51:03,KSRTFFGAR,46.556,65.256,44789.07
HLA-B*51:03,SRTFFGARF,21.307,34.522,40404.81
HLA-B*51:03,RTFFGARFK,29.955,33.124,40116.02
HLA-B*51:03,TFFGARFKL,8.002,12.312,32949.81
HLA-B*51:03,FFGARFKLM,22.75,19.655,36355.98
HLA-B*51:03,FGARFKLMK,29.136,33.137,40118.63
HLA-B*51:03,GARFKLMKD,80.0,78.992,46088.37
HLA-B*51:03,ARFKLMKDD,86.667,94.479,47621.3
HLA-B*51:03,RFKLMKDDT,85.0,93.623,47525.02
HLA-B*51:03,FKLMKDDTT,57.0,58.644,44054.21
HLA-B*51:03,KLMKDDTTV,12.127,22.261,37257.56
HLA-B*51:03,LMKDDTTVW,6.86,11.75,32598.04
HLA-B*51:03,MKDDTTVWV,4.709,11.259,32272.02
HLA-B*51:03,KDDTTVWVI,8.037,17.555,35543.86
HLA-B*51:03,DDTTVWVIP,28.286,30.164,39448.0
HLA-B*51:03,DTTVWVIPD,72.143,29.261,39232.61
HLA-B*51:03,TTVWVIPDE,52.593,50.894,43093.89
HLA-B*51:03,TVWVIPDET,11.564,20.134,36533.03
HLA-B*51:03,VWVIPDETA,30.703,50.226,43008.62
HLA-B*51:03,WVIPDETAD,73.571,70.277,45284.65
HLA-B*51:03,VIPDETADV,15.522,27.768,38857.47
HLA-B*51:03,IPDETADVV,0.249,0.636,11586.84
HLA-B*51:03,PDETADVVE,97.5,98.057,49085.54
HLA-B*51:03,DETADVVES,27.759,52.101,43248.49
HLA-B*51:03,ETADVVESA,2.026,6.717,28336.71
HLA-B*51:03,TADVVESAF,1.835,7.208,28906.18
HLA-B*51:03,ADVVESAFL,26.15,38.034,41092.6
HLA-B*51:03,DVVESAFLF,1.081,1.215,15617.62
HLA-B*51:03,VVESAFLFQ,52.593,74.906,45721.34
HLA-B*51:03,VESAFLFQP,25.821,26.827,38601.43
HLA-B*51:03,ESAFLFQPY,8.365,5.922,27337.16
HLA-B*51:03,SAFLFQPYF,0.466,0.508,10474.04
HLA-B*51:03,AFLFQPYFE,70.0,80.17,46194.72
HLA-B*51:03,FLFQPYFEP,13.116,10.046,31412.49
HLA-B*51:03,LFQPYFEPR,56.75,63.497,44598.55
HLA-B*51:03,FQPYFEPRH,41.167,71.279,45378.82
HLA-B*51:03,QPYFEPRHA,0.49,1.17,15359.87
HLA-B*51:03,PYFEPRHAG,56.75,67.849,45045.2
HLA-B*51:03,YFEPRHAGS,37.0,57.132,43874.39
HLA-B*51:03,FEPRHAGST,34.462,48.455,42764.1
HLA-B*51:03,EPRHAGSTS,10.982,15.882,34809.68
HLA-B*51:03,PRHAGSTSV,40.562,62.359,44473.75
HLA-B*51:03,RHAGSTSVG,65.0,64.82,44744.03
HLA-B*51:03,HAGSTSVGH,29.136,65.733,44836.12
HLA-B*51:03,AGSTSVGHR,70.714,93.481,47509.09
HLA-B*51:03,GSTSVGHRA,20.252,37.496,40990.91
HLA-B*51:03,STSVGHRAG,57.5,63.023,44546.46
HLA-B*51:03,TSVGHRAGS,61.071,69.567,45215.61
HLA-B*51:03,SVGHRAGSE,85.0,92.827,47435.64
HLA-B*51:03,VGHRAGSEF,6.434,13.057,33390.52
HLA-B*51:03,GHRAGSEFE,83.75,89.637,47084.35
HLA-B*51:03,HRAGSEFEL,14.688,42.766,41902.1
HLA-B*51:03,RAGSEFELV,6.493,6.863,28512.01
HLA-B*51:03,AGSEFELVP,28.041,37.621,41014.42
HLA-B*51:03,GSEFELVPL,26.633,43.384,41999.69
HLA-B*51:03,SEFELVPLV,0.652,1.168,15345.41
HLA-B*51:03,EFELVPLVP,15.813,31.708,39805.58
HLA-B*51:03,FELVPLVPG,48.375,23.253,37570.48
HLA-B*51:03,ELVPLVPGF,2.977,8.225,29913.54
HLA-B*51:03,LVPLVPGFD,54.63,45.861,42382.68
HLA-B*51:03,VPLVPGFDS,15.03,11.356,32336.69
HLA-B*51:03,PLVPGFDSI,10.674,17.297,35436.33
HLA-B*51:03,LVPGFDSIG,71.429,58.684,44058.98
HLA-B*51:03,VPGFDSIGR,31.029,54.3,43531.59
HLA-B*51:03,PGFDSIGRT,43.455,63.862,44638.6
HLA-B*51:03,GFDSIGRTK,40.688,88.347,46959.71
HLA-B*51:03,FDSIGRTKI,5.748,8.75,30378.98
HLA-B*51:03,DSIGRTKIG,19.811,25.634,38279.11
HLA-B*51:03,SIGRTKIGL,31.324,54.23,43522.64
HLA-B*51:03,IGRTKIGLA,24.169,26.35,38474.68
HLA-B*51:03,GRTKIGLAL,26.433,52.443,43292.5
HLA-B*51:03,RTKIGLALI,8.307,9.656,31131.65
HLA-B*51:03,TKIGLALIW,14.462,20.231,36567.84
HLA-B*51:03,KIGLALIWD,97.5,95.009,47684.18
HLA-B*51:03,IGLALIWDF,18.213,10.223,31539.17
HLA-B*51:03,GLALIWDFF,48.75,48.36,42750.67
HLA-B*51:03,LALIWDFFN,72.143,17.159,35378.86
HLA-B*51:03,ALIWDFFNT,53.333,48.039,42704.9
HLA-B*51:03,LIWDFFNTA,9.416,6.538,28121.98
HLA-B*51:03,IWDFFNTAL,9.8,19.101,36149.28
HLA-B*51:03,WDFFNTALA,31.088,7.645,29368.65
HLA-B*51:03,DFFNTALAA,7.08,4.576,25385.13
HLA-B*51:03,FFNTALAAI,9.416,4.383,25041.41
HLA-B*51:03,FNTALAAIS,64.643,39.069,41282.44
HLA-B*51:03,NTALAAISA,8.404,7.218,28917.44
HLA-B*51:03,TALAAISAL,0.959,1.726,18083.83
HLA-B*51:03,ALAAISALA,32.29,29.778,39356.35
HLA-B*51:03,LAAISALAI,0.624,0.178,5632.47
HLA-B*51:03,AAISALAIA,9.365,8.161,29855.64
HLA-B*51:03,AISALAIAE,66.818,85.268,46663.41
HLA-B*51:03,ISALAIAEL,2.379,4.406,25085.62
HLA-B*51:03,SALAIAELK,21.728,22.38,37295.06
HLA-B*51:03,ALAIAELKK,64.643,89.021,47024.78
HLA-B*51:03,LAIAELKKL,1.036,2.961,22033.29
HLA-B*51:03,AIAELKKLN,70.0,86.547,46786.26
HLA-B*51:03,IAELKKLNE,44.182,68.056,45065.66
HLA-B*51:03,AELKKLNEY,12.75,49.374,42893.39
HLA-B*51:03,ELKKLNEYN,55.75,70.089,45267.02
HLA-B*51:03,LKKLNEYNE,80.0,93.147,47471.57
HLA-B*51:03,KKLNEYNEQ,90.0,96.746,48477.52
HLA-B*51:03,KLNEYNEQI,10.441,20.584,36693.88
HLA-B*51:03,LNEYNEQIL,20.455,38.077,41100.61
HLA-B*51:03,NEYNEQILA,8.2,8.922,30528.89
HLA-B*51:03,EYNEQILAI,1.633,3.801,23913.65
HLA-B*51:03,YNEQILAIA,20.447,20.731,36746.71
HLA-B*51:03,NEQILAIAY,8.287,21.748,37091.44
HLA-B*51:03,EQILAIAYI,0.887,0.915,13845.7
HLA-B*51:03,QILAIAYIN,62.5,50.084,42990.49
HLA-B*51:03,ILAIAYINL,12.903,16.831,35236.75
HLA-B*51:03,LAIAYINLP,5.901,3.044,22239.51
HLA-B*51:03,AIAYINLPK,65.455,60.786,44301.79
HLA-B*51:03,IAYINLPKR,10.452,23.064,37511.16
HLA-B*51:03,AYINLPKRS,73.571,92.676,47418.7
HLA-B*51:03,YINLPKRSV,2.071,5.614,26921.81
HLA-B*51:03,INLPKRSVF,7.339,20.888,36803.22
HLA-B*51:03,NLPKRSVFP,24.883,40.298,41494.7
HLA-B*51:03,LPKRSVFPK,14.175,13.126,33428.11
HLA-B*51:03,PKRSVFPKS,76.667,92.296,47376.15
HLA-B*51:03,KRSVFPKSY,35.917,77.913,45991.25
HLA-B*51:03,RSVFPKSYL,6.698,16.981,35304.3
HLA-B*51:03,SVFPKSYLN,15.81,21.739,37088.64
HLA-B*51:03,VFPKSYLNN,76.667,75.493,45774.3
HLA-B*51:03,FPKSYLNNG,5.577,3.392,23062.15
HLA-B*51:03,PKSYLNNGI,56.25,63.721,44623.17
HLA-B*51:03,KSYLNNGIG,69.091,38.3,41141.53
HLA-B*51:03,SYLNNGIGT,54.074,68.588,45118.35
HLA-B*51:03,YLNNGIGTQ,57.0,70.146,45272.39
HLA-B*51:03,LNNGIGTQK,47.875,70.553,45310.62
HLA-B*51:03,NNGIGTQKP,38.833,66.471,44908.93
HLA-B*51:03,NGIGTQKPI,3.209,2.749,21475.48
HLA-B*51:03,GIGTQKPIA,57.0,83.587,46507.66
HLA-B*51:03,IGTQKPIAH,27.389,75.493,45774.3
HLA-B*51:03,GTQKPIAHG,52.222,70.501,45305.71
HLA-B*51:03,TQKPIAHGR,23.586,66.781,44939.55
HLA-B*51:03,QKPIAHGRP,46.778,85.074,46644.73
HLA-B*51:03,KPIAHGRPS,27.907,28.939,39155.01
HLA-B*51:03,PIAHGRPSG,86.667,95.314,47822.67
HLA-B*51:03,IAHGRPSGL,1.733,6.128,27603.46
HLA-B*51:03,AHGRPSGLR,76.667,92.397,47387.43
HLA-B*51:03,HGRPSGLRK,36.0,62.781,44519.95
HLA-B*51:03,GRPSGLRKG,91.667,96.692,48452.86
HLA-B*51:03,RPSGLRKGA,14.959,31.382,39731.12
HLA-B*51:03,PSGLRKGAQ,97.5,97.523,48837.1
HLA-B*51:03,SGLRKGAQS,47.0,63.827,44634.74
HLA-B*51:03,GLRKGAQST,46.778,79.646,46147.26
HLA-B*51:03,LRKGAQSTT,50.0,79.906,46170.75
HLA-B*51:03,RKGAQSTTR,80.0,96.065,48164.87
HLA-B*51:03,KGAQSTTRD,90.0,89.605,47081.29
HLA-B*51:03,GAQSTTRDS,63.571,79.895,46169.73
HLA-B*51:03,AQSTTRDSI,12.81,21.368,36965.24
HLA-B*51:03,QSTTRDSIN,90.0,85.132,46650.29
HLA-B*51:03,STTRDSINE,74.286,89.432,47064.5
HLA-B*51:03,TTRDSINES,31.676,50.966,43103.2
HLA-B*51:03,TRDSINESG,59.5,79.264,46112.81
HLA-B*51:03,RDSINESGV,39.176,52.108,43249.41
HLA-B*51:03,DSINESGVQ,45.1,61.709,44402.59
HLA-B*51:03,SINESGVQI,2.824,7.254,28957.21
HLA-B*51:03,INESGVQIL,7.938,31.776,39821.09
HLA-B*51:03,NESGVQILI,1.401,2.299,20187.98
HLA-B*51:03,ESGVQILIR,37.211,59.92,44206.53
HLA-B*51:03,SGVQILIRA,7.895,13.047,33385.46
HLA-B*51:03,GVQILIRAS,54.63,73.022,45543.09
HLA-B*51:03,VQILIRASF,6.363,13.471,33616.71
HLA-B*51:03,QILIRASFP,36.0,34.355,40370.3
HLA-B*51:03,ILIRASFPN,83.75,40.287,41492.9
HLA-B*51:03,LIRASFPNE,53.519,55.68,43702.42
HLA-B*51:03,IRASFPNEY,16.596,41.006,41614.3
HLA-B*51:03,RASFPNEYA,15.381,18.322,35852.47
HLA-B*51:03,ASFPNEYAT,13.81,26.061,38398.16
HLA-B*51:03,SFPNEYATA,9.122,34.531,40406.56
HLA-B*51:03,FPNEYATAQ,3.88,7.869,29584.56
HLA-B*51:03,PNEYATAQL,38.833,66.811,44942.48
HLA-B*51:03,NEYATAQLG,25.299,17.294,35434.8
HLA-B*51:03,EYATAQLGL,10.878,21.901,37142.45
HLA-B*51:03,YATAQLGLE,39.529,32.889,40066.14
HLA-B*51:03,ATAQLGLEH,31.971,68.765,45135.93
HLA-B*51:03,TAQLGLEHR,31.824,63.95,44648.27
HLA-B*51:03,AQLGLEHRL,8.474,30.234,39464.21
HLA-B*51:03,QLGLEHRLP,53.889,63.928,44645.86
HLA-B*51:03,LGLEHRLPR,36.048,49.741,42943.99
HLA-B*51:03,GLEHRLPRL,24.182,59.02,44099.04
HLA-B*51:03,LEHRLPRLE,46.0,62.32,44469.42
HLA-B*51:03,EHRLPRLEG,27.685,37.021,40900.97
HLA-B*51:03,HRLPRLEGL,15.578,44.425,42161.32
HLA-B*51:03,RLPRLEGLP,63.571,70.605,45315.54
HLA-B*51:03,LPRLEGLPG,19.912,4.341,24958.64
HLA-B*51:03,PRLEGLPGR,81.25,96.904,48550.48
HLA-B*51:03,RLEGLPGRS,79.167,93.317,47490.59
HLA-B*51:03,LEGLPGRSA,20.041,27.5,38783.96
HLA-B*51:03,EGLPGRSAL,3.399,11.3,32299.28
HLA-B*51:03,GLPGRSALK,65.909,86.568,46788.29
HLA-B*51:03,LPGRSALKL,0.593,0.869,13484.52
HLA-B*51:03,PGRSALKLP,58.0,71.028,45355.24
HLA-B*51:03,GRSALKLPA,49.857,59.8,44192.16
HLA-B*51:03,RSALKLPAI,3.622,5.936,27356.1
HLA-B*51:03,SALKLPAIR,13.891,43.277,41983.33
HLA-B*51:03,ALKLPAIRT,36.429,65.531,44816.23
HLA-B*51:03,LKLPAIRTK,37.842,67.146,44975.56
HLA-B*51:03,KLPAIRTKG,59.25,89.995,47119.01
HLA-B*51:03,LPAIRTKGF,1.32,2.765,21518.27
HLA-B*51:03,PAIRTKGFV,7.227,10.536,31764.85
HLA-B*51:03,AIRTKGFVR,65.455,89.105,47032.94
HLA-B*51:03,IRTKGFVRG,61.429,79.563,46139.76
HLA-B*51:03,RTKGFVRGP,34.423,56.308,43776.71
HLA-B*51:03,TKGFVRGPL,53.333,44.931,42241.69
HLA-B*51:03,KGFVRGPLN,58.0,47.012,42552.24
HLA-B*51:03,GFVRGPLNK,78.333,94.533,47627.47
HLA-B*51:03,FVRGPLNKL,2.987,10.48,31724.67
HLA-B*51:03,VRGPLNKLA,42.154,55.952,43734.59
HLA-B*51:03,RGPLNKLAD,77.5,76.838,45894.81
HLA-B*51:03,GPLNKLADG,50.185,56.64,43816.04
HLA-B*51:03,PLNKLADGS,95.0,95.731,48012.41
HLA-B*51:03,LNKLADGSP,54.444,51.991,43234.46
HLA-B*51:03,NKLADGSPQ,81.25,94.762,47653.25
HLA-B*51:03,KLADGSPQD,74.286,93.843,47549.73
HLA-B*51:03,LADGSPQDW,5.192,13.547,33658.21
HLA-B*51:03,ADGSPQDWK,85.0,96.012,48140.89
HLA-B*51:03,DGSPQDWKM,1.751,6.753,28379.36
HLA-B*51:03,GSPQDWKME,76.667,96.192,48223.27
HLA-B*51:03,SPQDWKMEK,10.963,24.772,38034.29
HLA-B*51:03,PQDWKMEKD,97.5,97.264,48716.75
HLA-B*51:03,QDWKMEKDT,64.286,82.229,46383.03
HLA-B*51:03,DWKMEKDTW,11.63,29.059,39184.26
HLA-B*51:03,WKMEKDTWA,29.977,33.088,40108.64
HLA-B*51:03,KMEKDTWAI,19.446,21.467,36998.05
HLA-B*51:03,MEKDTWAIA,18.476,15.103,34444.41
HLA-B*51:03,EKDTWAIAW,8.045,19.784,36404.4
HLA-B*51:03,KDTWAIAWG,95.0,82.848,46439.78
HLA-B*51:03,DTWAIAWGQ,19.061,19.577,36326.89
HLA-B*51:03,TWAIAWGQS,90.0,79.324,46118.31
HLA-B*51:03,WAIAWGQSV,0.739,0.189,5851.38
HLA-B*51:03,AIAWGQSVP,47.0,63.642,44614.48
HLA-B*51:03,IAWGQSVPC,12.164,7.16,28852.75
HLA-B*51:03,AWGQSVPCL,25.493,50.653,43063.11
HLA-B*51:03,WGQSVPCLF,9.743,3.964,24240.33
HLA-B*51:03,GQSVPCLFD,86.667,70.423,45298.35
HLA-B*51:03,QSVPCLFDN,91.667,63.089,44553.7
HLA-B*51:03,SVPCLFDNA,34.308,18.336,35857.88
HLA-B*51:03,VPCLFDNAC,9.079,11.164,32209.58
HLA-B*51:03,PCLFDNACE,97.5,97.0,48594.62
HLA-B*51:03,CLFDNACEH,37.105,34.958,40494.97
HLA-B*51:03,LFDNACEHL,17.021,26.666,38558.44
HLA-B*51:03,FDNACEHLP,50.741,39.692,41390.68
HLA-B*51:03,DNACEHLPI,4.453,0.933,13953.99
HLA-B*51:03,NACEHLPII,0.288,0.36,8587.74
HLA-B*51:03,ACEHLPIIA,38.5,63.431,44591.3
HLA-B*51:03,CEHLPIIAT,23.701,23.291,37582.67
HLA-B*51:03,EHLPIIATD,28.796,27.764,38856.22
HLA-B*51:03,HLPIIATDV,10.273,20.192,36553.6
HLA-B*51:03,LPIIATDVF,0.581,0.38,8879.33
HLA-B*51:03,PIIATDVFS,75.0,82.437,46402.12
HLA-B*51:03,IIATDVFSK,24.714,51.834,43214.34
HLA-B*51:03,IATDVFSKK,10.673,20.187,36552.02
HLA-B*51:03,ATDVFSKKK,47.125,78.261,46022.61
HLA-B*51:03,TDVFSKKKA,28.429,53.06,43371.72
HLA-B*51:03,DVFSKKKAA,1.819,5.026,26087.65
HLA-B*51:03,VFSKKKAAI,15.407,29.133,39202.08
HLA-B*51:03,FSKKKAAIL,3.521,7.436,29158.74
HLA-B*51:03,SKKKAAILR,60.357,90.476,47172.58
HLA-B*51:03,KKKAAILRD,95.0,95.347,47837.66
HLA-B*51:03,KKAAILRDN,97.5,95.578,47942.86
HLA-B*51:03,KAAILRDNI,5.27,6.31,27834.1
HLA-B*51:03,AAILRDNIL,3.121,9.501,31020.35
HLA-B*51:03,AILRDNILA,39.059,42.654,41883.52
HLA-B*51:03,ILRDNILAT,22.01,27.271,38721.51
HLA-B*51:03,LRDNILATR,45.2,80.783,46250.73
HLA-B*51:03,RDNILATRE,72.143,91.153,47248.18
HLA-B*51:03,DNILATRER,11.081,44.141,42116.18
HLA-B*51:03,NILATRERG,61.071,58.312,44014.65
HLA-B*51:03,ILATRERGT,63.929,79.081,46096.37
HLA-B*51:03,LATRERGTD,88.333,72.505,45494.33
HLA-B*51:03,ATRERGTDR,64.286,92.406,47388.46
HLA-B*51:03,TRERGTDRI,29.477,43.158,41965.17
HLA-B*51:03,RERGTDRIV,19.966,33.827,40261.26
HLA-B*51:03,ERGTDRIVR,75.833,95.943,48109.14
HLA-B*51:03,RGTDRIVRM,10.404,33.813,40258.2
HLA-B*51:03,GTDRIVRMT,37.421,65.044,44768.25
HLA-B*51:03,TDRIVRMTD,72.143,65.236,44787.13
HLA-B*51:03,DRIVRMTDE,66.818,85.532,46688.66
HLA-B*51:03,RIVRMTDEL,21.561,33.042,40099.1
HLA-B*51:03,IVRMTDELQ,62.143,71.519,45401.42
HLA-B*51:03,VRMTDELQG,74.286,70.506,45306.21
HLA-B*51:03,RMTDELQGD,95.0,95.957,48115.38
HLA-B*51:03,MTDELQGDT,40.25,41.45,41685.96
HLA-B*51:03,TDELQGDTK,67.727,92.232,47368.97
HLA-B*51:03,DELQGDTKN,42.538,69.099,45169.15
HLA-B*51:03,ELQGDTKNE,66.364,93.962,47563.11
HLA-B*51:03,LQGDTKNEY,21.0,56.572,43807.98
HLA-B*51:03,QGDTKNEYA,24.468,56.528,43802.78
HLA-B*51:03,GDTKNEYAT,77.5,93.408,47500.88
HLA-B*51:03,DTKNEYATA,3.75,5.797,27167.31
HLA-B*51:03,TKNEYATAH,35.25,76.401,45855.61
HLA-B*51:03,KNEYATAHD,97.5,94.968,47676.46
HLA-B*51:03,NEYATAHDS,24.506,33.876,40271.26
HLA-B*51:03,EYATAHDSD,41.0,77.27,45933.57
HLA-B*51:03,YATAHDSDF,5.722,7.443,29166.3
HLA-B*51:03,ATAHDSDFV,18.451,20.642,36714.92
HLA-B*51:03,TAHDSDFVG,29.636,26.25,38448.04
HLA-B*51:03,AHDSDFVGQ,65.909,95.27,47802.47
HLA-B*51:03,HDSDFVGQF,7.817,23.323,37592.85
HLA-B*51:03,DSDFVGQFR,21.509,39.548,41365.59
HLA-B*51:03,SDFVGQFRV,3.282,4.753,25660.45
HLA-B*51:03,DFVGQFRVD,55.25,56.352,43781.91
HLA-B*51:03,FVGQFRVDQ,65.909,80.323,46208.73
HLA-B*51:03,VGQFRVDQE,63.571,78.616,46054.47
HLA-B*51:03,GQFRVDQES,58.5,73.909,45626.96
HLA-B*51:03,QFRVDQESP,41.0,63.814,44633.3
HLA-B*51:03,FRVDQESPD,90.0,87.889,46915.52
HLA-B*51:03,RVDQESPDE,75.833,96.016,48142.48
HLA-B*51:03,VDQESPDET,41.083,80.537,46228.22
HLA-B*51:03,DQESPDETD,52.037,77.198,45927.11
HLA-B*51:03,QESPDETDY,20.927,72.693,45512.05
HLA-B*51:03,ESPDETDYD,62.5,78.178,46015.13
HLA-B*51:03,SPDETDYDV,1.721,4.782,25706.32
HLA-B*51:03,PDETDYDVT,95.0,97.431,48794.32
HLA-B*51:03,DETDYDVTV,1.373,4.158,24609.5
HLA-B*51:03,ETDYDVTVL,4.596,16.52,35097.5
HLA-B*51:03,TDYDVTVLW,3.244,6.711,28329.34
HLA-B*51:03,DYDVTVLWA,9.238,15.649,34700.26
HLA-B*51:03,YDVTVLWAK,38.0,38.581,41193.19
HLA-B*51:03,DVTVLWAKI,1.438,0.785,12786.85
HLA-B*51:03,VTVLWAKIT,40.562,31.516,39761.68
HLA-B*51:03,TVLWAKITV,2.308,2.959,22028.53
HLA-B*51:03,VLWAKITVL,4.083,6.451,28014.78
HLA-B*51:03,LWAKITVLV,9.164,11.353,32334.58
HLA-B*51:03,WAKITVLVL,1.245,1.339,16246.55
HLA-B*51:03,AKITVLVLQ,62.857,89.579,47078.77
HLA-B*51:03,KITVLVLQK,48.0,74.812,45712.43
HLA-B*51:03,ITVLVLQKA,5.396,8.971,30571.86
HLA-B*51:03,TVLVLQKAY,13.494,22.937,37471.0
HLA-B*51:03,VLVLQKAYQ,68.182,82.508,46408.64
HLA-B*51:03,LVLQKAYQA,5.71,9.036,30627.49
HLA-B*51:03,VLQKAYQAC,31.324,42.474,41853.62
HLA-B*51:03,LQKAYQACD,79.167,68.597,45119.34
HLA-B*51:03,QKAYQACDS,93.333,93.445,47504.98
HLA-B*51:03,KAYQACDSD,73.571,44.023,42097.5
HLA-B*51:03,AYQACDSDP,88.333,84.66,46606.39
HLA-B*51:03,YQACDSDPA,49.714,20.27,36581.69
HLA-B*51:03,QACDSDPAE,34.923,76.484,45863.03
HLA-B*51:03,ACDSDPAER,63.214,96.19,48222.21
HLA-B*51:03,CDSDPAERD,90.0,89.353,47056.85
HLA-B*51:03,DSDPAERDN,60.0,83.434,46493.57
HLA-B*51:03,SDPAERDNL,32.129,67.623,45022.78
HLA-B*51:03,DPAERDNLI,0.023,0.1,4085.66
HLA-B*51:03,PAERDNLII,19.939,26.455,38502.58
HLA-B*51:03,AERDNLIIS,43.182,60.395,44259.16
HLA-B*51:03,ERDNLIISV,4.465,14.22,34014.05
HLA-B*51:03,RDNLIISVA,22.72,29.631,39321.01
HLA-B*51:03,DNLIISVAR,12.794,40.455,41521.2
HLA-B*51:03,NLIISVARI,2.839,3.136,22454.46
HLA-B*51:03,LIISVARIP,27.574,19.14,36163.76
HLA-B*51:03,IISVARIPA,36.619,23.99,37803.71
HLA-B*51:03,ISVARIPAY,5.734,10.882,32015.7
HLA-B*51:03,SVARIPAYE,45.2,58.312,44014.65
HLA-B*51:03,VARIPAYEK,27.704,39.118,41290.94
HLA-B*51:03,ARIPAYEKV,8.373,23.746,37726.5
HLA-B*51:03,RIPAYEKVV,18.634,31.478,39753.06
HLA-B*51:03,IPAYEKVVF,0.477,1.348,16292.14
HLA-B*51:03,PAYEKVVFT,5.062,16.655,35157.91
HLA-B*51:03,AYEKVVFTG,60.714,72.547,45498.29
HLA-B*51:03,YEKVVFTGN,58.75,58.752,44067.08
HLA-B*51:03,EKVVFTGNK,66.818,74.838,45714.91
HLA-B*51:03,KVVFTGNKL,13.988,29.632,39321.44
HLA-B*51:03,VVFTGNKLS,36.381,38.332,41147.31
HLA-B*51:03,VFTGNKLSY,24.286,45.439,42318.99
HLA-B*51:03,FTGNKLSYL,8.851,14.65,34224.12
HLA-B*51:03,TGNKLSYLY,9.658,15.399,34582.57
HLA-B*51:03,GNKLSYLYR,71.429,91.308,47265.55
HLA-B*51:03,NKLSYLYRR,59.75,72.844,45526.35
HLA-B*51:03,KLSYLYRRD,97.5,90.361,47159.81
HLA-B*51:03,LSYLYRRDK,61.071,44.716,42207.43
HLA-B*51:03,SYLYRRDKL,28.939,49.448,42903.6
HLA-B*51:03,YLYRRDKLI,3.618,2.274,20107.76
HLA-B*51:03,LYRRDKLIV,27.463,28.019,38925.64
HLA-B*51:03,YRRDKLIVL,5.995,26.534,38523.42
HLA-B*51:03,RRDKLIVLT,47.0,67.402,45000.86
HLA-B*51:03,RDKLIVLTY,13.207,42.466,41852.27
HLA-B*51:03,DKLIVLTYW,4.968,12.388,32994.76
HLA-B*51:03,KLIVLTYWT,80.0,64.89,44751.77
HLA-B*51:03,LIVLTYWTK,37.947,36.034,40709.37
HLA-B*51:03,IVLTYWTKV,3.399,2.852,21744.84
HLA-B*51:03,VLTYWTKVA,35.042,33.04,40098.66
HLA-B*51:03,LTYWTKVAW,4.902,3.439,23177.46
HLA-B*51:03,TYWTKVAWE,60.714,72.563,45499.76
HLA-B*51:03,YWTKVAWED,80.0,65.965,44858.91
HLA-B*51:03,WTKVAWEDI,18.268,7.265,28968.79
HLA-B*51:03,TKVAWEDIM,38.778,39.612,41376.8
HLA-B*51:03,KVAWEDIML,25.164,43.045,41947.93
HLA-B*51:03,VAWEDIMLR,8.919,14.577,34188.58
HLA-B*51:03,AWEDIMLRR,51.852,93.015,47456.7
HLA-B*51:03,WEDIMLRRT,30.703,36.473,40794.47
HLA-B*51:03,EDIMLRRTH,26.383,60.967,44321.45
HLA-B*51:03,DIMLRRTHA,4.369,6.888,28542.25
HLA-B*51:03,IMLRRTHAG,48.25,29.645,39324.41
HLA-B*51:03,MLRRTHAGG,65.909,40.452,41520.74
HLA-B*51:03,LRRTHAGGG,95.0,90.302,47153.18
HLA-B*51:03,RRTHAGGGD,100.0,96.647,48431.9
HLA-B*51:03,RTHAGGGDE,88.333,93.628,47525.55
HLA-B*51:03,THAGGGDEQ,72.857,92.319,47378.71
HLA-B*51:03,HAGGGDEQG,62.857,81.999,46361.95
HLA-B*51:03,AGGGDEQGP,81.25,96.012,48140.89
HLA-B*51:03,GGGDEQGPP,82.5,93.111,47467.47
HLA-B*51:03,GGDEQGPPF,9.538,45.236,42288.33
HLA-B*51:03,GDEQGPPFA,38.167,76.24,45841.21
HLA-B*51:03,DEQGPPFAV,1.13,4.403,25079.91
HLA-B*51:03,EQGPPFAVV,0.766,2.058,19434.2
HLA-B*51:03,QGPPFAVVR,21.228,51.875,43219.49
HLA-B*51:03,GPPFAVVRN,39.0,46.219,42435.91
HLA-B*51:03,PPFAVVRNS,9.284,15.433,34598.68
HLA-B*51:03,PFAVVRNSI,26.75,33.663,40227.29
HLA-B*51:03,FAVVRNSIF,2.015,1.639,17697.66
HLA-B*51:03,AVVRNSIFL,16.2,25.148,38143.08
HLA-B*51:03,VVRNSIFLP,19.318,17.479,35511.95
HLA-B*51:03,VRNSIFLPK,46.0,55.952,43734.59
HLA-B*51:03,RNSIFLPKF,20.886,25.805,38327.18
HLA-B*51:03,NSIFLPKFF,2.915,4.096,24493.16
HLA-B*51:03,SIFLPKFFL,4.283,7.284,28990.12
HLA-B*51:03,IFLPKFFLD,58.25,42.7,41891.21
HLA-B*51:03,FLPKFFLDF,15.216,11.423,32380.81
HLA-B*51:03,LPKFFLDFI,0.216,0.034,2188.37
HLA-B*51:03,PKFFLDFIK,80.0,81.462,46312.82
HLA-B*51:03,KFFLDFIKA,28.0,39.0,41270.38
HLA-B*51:03,FFLDFIKAE,41.167,62.627,44503.1
HLA-B*51:03,FLDFIKAEA,16.293,18.376,35873.03
HLA-B*51:03,LDFIKAEAG,55.0,42.807,41908.91
HLA-B*51:03,DFIKAEAGA,24.091,29.082,39189.77
HLA-B*51:03,FIKAEAGAK,45.3,60.848,44308.51
HLA-B*51:03,IKAEAGAKQ,53.704,92.036,47346.95
HLA-B*51:03,KAEAGAKQR,55.5,94.652,47640.87
HLA-B*51:03,AEAGAKQRI,8.183,24.089,37833.17
HLA-B*51:03,EAGAKQRIC,13.331,27.113,38678.36
HLA-B*51:03,AGAKQRICK,65.909,85.995,46733.13
HLA-B*51:03,GAKQRICKK,43.636,74.911,45721.84
HLA-B*51:03,AKQRICKKN,95.0,96.041,48153.94
HLA-B*51:03,KQRICKKNN,90.0,95.788,48038.39
HLA-B*51:03,QRICKKNNV,21.684,42.864,41918.43
HLA-B*51:03,RICKKNNVY,42.308,73.199,45559.86
HLA-B*51:03,ICKKNNVYV,6.766,16.107,34913.04
HLA-B*51:03,CKKNNVYVA,31.647,32.976,40085.21
HLA-B*51:03,KKNNVYVAT,60.714,81.134,46282.78
HLA-B*51:03,KNNVYVATL,11.645,22.403,37302.32
HLA-B*51:03,NNVYVATLR,43.273,54.5,43557.48
HLA-B*51:03,NVYVATLRA,3.478,2.684,21307.68
HLA-B*51:03,VYVATLRAS,59.5,63.089,44553.7
HLA-B*51:03,YVATLRASA,9.619,11.503,32433.74
HLA-B*51:03,VATLRASAQ,36.667,52.571,43308.89
HLA-B*51:03,ATLRASAQV,5.662,7.829,29545.54
HLA-B*51:03,TLRASAQVK,51.296,63.634,44613.5
HLA-B*51:03,LRASAQVKS,50.741,74.525,45685.23
HLA-B*51:03,RASAQVKSD,56.5,68.13,45072.98
HLA-B*51:03,ASAQVKSDN,90.0,92.315,47378.2
HLA-B*51:03,SAQVKSDNT,23.184,36.873,40872.2
HLA-B*51:03,AQVKSDNTF,14.344,37.689,41027.28
HLA-B*51:03,QVKSDNTFT,44.545,67.574,45017.9
HLA-B*51:03,VKSDNTFTV,5.192,11.683,32553.63
HLA-B*51:03,KSDNTFTVV,5.044,9.636,31116.84
HLA-B*51:03,SDNTFTVVK,34.346,64.895,44752.26
HLA-B*51:03,DNTFTVVKV,0.594,1.112,15000.67
HLA-B*51:03,NTFTVVKVQ,21.272,37.45,40982.03
HLA-B*51:03,TFTVVKVQD,76.667,84.578,46598.84
HLA-B*51:03,FTVVKVQDS,39.588,45.315,42300.22
HLA-B*51:03,TVVKVQDSI,2.394,4.032,24372.62
HLA-B*51:03,VVKVQDSIR,63.929,86.205,46753.36
HLA-B*51:03,VKVQDSIRS,63.214,88.311,46956.14
HLA-B*51:03,KVQDSIRSQ,54.63,93.317,47490.59
HLA-B*51:03,VQDSIRSQV,3.044,10.579,31796.15
HLA-B*51:03,QDSIRSQVE,55.5,92.415,47389.47
HLA-B*51:03,DSIRSQVEW,1.31,2.975,22070.99
HLA-B*51:03,SIRSQVEWL,17.953,28.373,39013.78
HLA-B*51:03,IRSQVEWLA,32.226,31.307,39713.93
HLA-B*51:03,RSQVEWLAA,19.615,17.369,35466.26
HLA-B*51:03,SQVEWLAAN,54.074,44.092,42108.44
HLA-B*51:03,QVEWLAANV,17.373,12.758,33214.68
HLA-B*51:03,VEWLAANVP,25.791,19.201,36186.46
HLA-B*51:03,EWLAANVPL,19.811,19.782,36403.61
HLA-B*51:03,WLAANVPLS,59.0,35.996,40701.86
HLA-B*51:03,LAANVPLSE,15.004,23.256,37571.69
HLA-B*51:03,AANVPLSEF,2.761,8.714,30348.1
HLA-B*51:03,ANVPLSEFV,8.765,14.069,33940.91
HLA-B*51:03,NVPLSEFVI,2.986,3.768,23849.57
HLA-B*51:03,VPLSEFVIE,10.901,14.229,34018.48
HLA-B*51:03,PLSEFVIES,51.111,77.697,45971.83
HLA-B*51:03,LSEFVIESA,11.286,13.713,33749.0
HLA-B*51:03,SEFVIESAK,27.444,41.763,41736.51
HLA-B*51:03,EFVIESAKK,52.407,78.422,46037.04
HLA-B*51:03,FVIESAKKL,1.522,4.519,25296.03
HLA-B*51:03,VIESAKKLC,44.182,73.925,45628.43
HLA-B*51:03,IESAKKLCD,80.0,74.306,45664.5
HLA-B*51:03,ESAKKLCDT,32.0,48.156,42721.54
HLA-B*51:03,SAKKLCDTD,62.5,51.601,43184.41
HLA-B*51:03,AKKLCDTDH,90.0,97.036,48611.45
HLA-B*51:03,KKLCDTDHS,93.333,92.324,47379.23
HLA-B*51:03,KLCDTDHSS,61.429,89.732,47093.52
HLA-B*51:03,LCDTDHSSL,13.778,28.637,39079.68
HLA-B*51:03,CDTDHSSLQ,77.5,80.641,46237.73
HLA-B*51:03,DTDHSSLQF,1.364,5.749,27103.02
HLA-B*51:03,TDHSSLQFM,10.113,20.935,36819.94
HLA-B*51:03,DHSSLQFMF,2.196,5.034,26098.94
HLA-B*51:03,HSSLQFMFP,16.249,10.407,31671.86
HLA-B*51:03,SSLQFMFPP,29.841,7.797,29515.2
HLA-B*51:03,SLQFMFPPE,61.429,48.604,42785.4
HLA-B*51:03,LQFMFPPEG,31.441,16.245,34974.67
HLA-B*51:03,QFMFPPEGL,15.698,31.282,39708.35
HLA-B*51:03,FMFPPEGLK,15.769,21.035,36855.03
HLA-B*51:03,MFPPEGLKG,39.059,45.191,42281.46
HLA-B*51:03,FPPEGLKGG,9.463,14.409,34106.2
HLA-B*51:03,PPEGLKGGY,21.693,66.014,44863.77
HLA-B*51:03,PEGLKGGYG,88.333,93.76,47540.47
HLA-B*51:03,EGLKGGYGI,3.141,3.992,24295.2
HLA-B*51:03,GLKGGYGIM,45.5,58.148,43995.12
HLA-B*51:03,LKGGYGIMD,95.0,90.165,47137.89
HLA-B*51:03,KGGYGIMDR,88.333,96.214,48233.19
HLA-B*51:03,GGYGIMDRS,37.211,64.776,44739.18
HLA-B*51:03,GYGIMDRSR,85.0,96.286,48266.08
HLA-B*51:03,YGIMDRSRV,4.519,3.394,23068.64
HLA-B*51:03,GIMDRSRVS,60.357,74.327,45666.47
HLA-B*51:03,IMDRSRVSE,47.75,69.075,45166.7
HLA-B*51:03,MDRSRVSEQ,53.333,73.633,45600.78
HLA-B*51:03,DRSRVSEQT,41.083,59.124,44111.44
HLA-B*51:03,RSRVSEQTS,49.571,69.011,45160.36
HLA-B*51:03,SRVSEQTSV,14.137,29.607,39315.48
HLA-B*51:03,RVSEQTSVA,23.287,36.141,40730.06
HLA-B*51:03,VSEQTSVAS,42.462,55.848,43722.29
HLA-B*51:03,SEQTSVASE,36.19,69.621,45221.0
HLA-B*51:03,EQTSVASEE,35.542,62.162,44452.1
HLA-B*51:03,QTSVASEEL,9.395,25.167,38148.44
HLA-B*51:03,TSVASEELF,6.849,11.901,32699.07
HLA-B*51:03,SVASEELFL,10.538,21.455,36994.05
HLA-B*51:03,VASEELFLR,17.523,37.885,41064.6
HLA-B*51:03,ASEELFLRV,3.056,6.394,27941.83
HLA-B*51:03,SEELFLRVL,5.813,13.785,33788.84
HLA-B*51:03,EELFLRVLK,24.156,32.496,39980.39
HLA-B*51:03,ELFLRVLKI,0.806,1.073,14775.16
HLA-B*51:03,LFLRVLKIR,70.714,78.555,46049.0
HLA-B*51:03,FLRVLKIRL,8.875,12.942,33325.2
HLA-B*51:03,LRVLKIRLI,6.222,9.972,31359.84
HLA-B*51:03,RVLKIRLIL,10.408,17.073,35342.89
HLA-B*51:03,VLKIRLILE,48.875,75.327,45759.45
HLA-B*51:03,LKIRLILEA,13.454,17.23,35408.35
HLA-B*51:03,KIRLILEAP,38.833,46.705,42507.15
HLA-B*51:03,IRLILEAPS,88.333,69.911,45249.86
HLA-B*51:03,RLILEAPSP,24.065,41.095,41628.71
HLA-B*51:03,LILEAPSPR,32.613,47.628,42643.97
HLA-B*51:03,ILEAPSPRR,45.7,80.778,46250.23
HLA-B*51:03,LEAPSPRRF,3.674,15.793,34767.91
HLA-B*51:03,EAPSPRRFC,3.929,17.132,35367.38
HLA-B*51:03,APSPRRFCP,7.593,17.957,35711.91
HLA-B*51:03,PSPRRFCPR,82.5,76.473,45862.05
HLA-B*51:03,SPRRFCPRF,1.968,2.216,19925.83
HLA-B*51:03,PRRFCPRFL,72.857,77.885,45988.76
HLA-B*51:03,RRFCPRFLG,73.571,41.413,41680.07
HLA-B*51:03,RFCPRFLGV,24.922,29.025,39176.2
HLA-B*51:03,FCPRFLGVV,10.788,11.154,32203.31
HLA-B*51:03,CPRFLGVVQ,22.0,12.805,33243.1
HLA-B*51:03,PRFLGVVQG,77.5,85.468,46682.61
HLA-B*51:03,RFLGVVQGE,76.667,91.34,47269.12
HLA-B*51:03,FLGVVQGEK,60.357,60.773,44300.37
HLA-B*51:03,LGVVQGEKG,65.0,64.06,44660.34
HLA-B*51:03,GVVQGEKGD,97.5,97.645,48893.67
HLA-B*51:03,VVQGEKGDQ,93.333,97.149,48663.55
HLA-B*51:03,VQGEKGDQT,51.296,80.696,46242.71
HLA-B*51:03,QGEKGDQTD,90.0,96.081,48172.17
HLA-B*51:03,GEKGDQTDR,81.25,97.292,48729.95
HLA-B*51:03,EKGDQTDRA,39.294,71.769,45424.99
HLA-B*51:03,KGDQTDRAG,69.545,89.321,47053.79
HLA-B*51:03,GDQTDRAGN,97.5,96.988,48589.36
HLA-B*51:03,DQTDRAGNL,4.437,16.545,35108.5
HLA-B*51:03,QTDRAGNLR,47.125,75.022,45732.22
HLA-B*51:03,TDRAGNLRP,45.4,60.795,44302.77
HLA-B*51:03,DRAGNLRPL,18.451,23.267,37574.94
HLA-B*51:03,RAGNLRPLA,12.736,21.753,37093.04
HLA-B*51:03,AGNLRPLAG,44.0,50.051,42986.3
HLA-B*51:03,GNLRPLAGY,48.75,69.744,45233.22
HLA-B*51:03,NLRPLAGYP,26.833,26.689,38564.7
HLA-B*51:03,LRPLAGYPR,78.333,85.932,46727.07
HLA-B*51:03,RPLAGYPRL,0.598,1.68,17885.15
HLA-B*51:03,PLAGYPRLA,34.846,55.052,43628.24
HLA-B*51:03,LAGYPRLAA,6.353,6.147,27627.97
HLA-B*51:03,AGYPRLAAM,3.0,6.286,27803.99
HLA-B*51:03,GYPRLAAMK,79.167,90.865,47215.98
HLA-B*51:03,YPRLAAMKF,0.183,0.278,7376.16
HLA-B*51:03,PRLAAMKFV,41.667,49.104,42856.26
HLA-B*51:03,RLAAMKFVE,76.667,76.091,45827.82
HLA-B*51:03,LAAMKFVEH,13.832,26.911,38623.59
HLA-B*51:03,AAMKFVEHA,2.762,3.348,22956.33
HLA-B*51:03,AMKFVEHAN,75.833,75.736,45796.09
HLA-B*51:03,MKFVEHANA,24.338,19.252,36205.64
HLA-B*51:03,KFVEHANAF,12.278,37.077,40911.61
HLA-B*51:03,FVEHANAFY,24.208,27.897,38892.82
HLA-B*51:03,VEHANAFYF,6.334,7.352,29064.87
HLA-B*51:03,EHANAFYFY,8.012,13.817,33806.41
HLA-B*51:03,HANAFYFYD,49.0,10.346,31628.02
HLA-B*51:03,ANAFYFYDN,97.5,77.071,45915.68
HLA-B*51:03,NAFYFYDNI,0.887,0.074,3416.92
HLA-B*51:03,AFYFYDNIP,61.071,50.084,42990.49
HLA-B*51:03,FYFYDNIPY,23.356,17.18,35387.3
HLA-B*51:03,YFYDNIPYP,11.276,13.348,33549.14
HLA-B*51:03,FYDNIPYPI,3.932,3.171,22536.23
HLA-B*51:03,YDNIPYPIA,13.951,16.385,35037.16
HLA-B*51:03,DNIPYPIAG,10.955,17.355,35460.5
HLA-B*51:03,NIPYPIAGR,25.224,65.556,44818.66
HLA-B*51:03,IPYPIAGRD,8.529,3.84,23991.93
HLA-B*51:03,PYPIAGRDT,81.25,95.403,47863.03
HLA-B*51:03,YPIAGRDTS,7.209,6.541,28126.55
HLA-B*51:03,PIAGRDTSL,30.919,63.243,44570.57
HLA-B*51:03,IAGRDTSLV,3.573,3.378,23028.98
HLA-B*51:03,AGRDTSLVD,55.25,67.219,44982.84
HLA-B*51:03,GRDTSLVDL,38.833,73.257,45565.27
HLA-B*51:03,RDTSLVDLT,66.364,72.437,45487.93
HLA-B*51:03,DTSLVDLTF,1.052,1.671,17841.09
HLA-B*51:03,TSLVDLTFN,71.429,49.313,42885.04
HLA-B*51:03,SLVDLTFNA,14.889,18.852,36055.14
HLA-B*51:03,LVDLTFNAQ,40.438,64.31,44687.91
HLA-B*51:03,VDLTFNAQQ,58.5,83.297,46481.01
HLA-B*51:03,DLTFNAQQV,2.577,3.502,23329.17
HLA-B*51:03,LTFNAQQVA,7.277,5.815,27192.31
HLA-B*51:03,TFNAQQVAT,32.871,54.799,43596.15
HLA-B*51:03,FNAQQVATL,2.672,5.65,26970.5
HLA-B*51:03,NAQQVATLG,12.947,8.855,30471.14
HLA-B*51:03,AQQVATLGR,58.75,84.693,46609.42
HLA-B*51:03,QQVATLGRH,52.407,81.665,46331.37
HLA-B*51:03,QVATLGRHQ,53.889,89.326,47054.3
HLA-B*51:03,VATLGRHQT,15.063,32.058,39884.9
HLA-B*51:03,ATLGRHQTV,2.288,5.652,26973.43
HLA-B*51:03,TLGRHQTVL,19.649,31.719,39808.17
HLA-B*51:03,LGRHQTVLN,83.75,65.492,44812.33
HLA-B*51:03,GRHQTVLNE,56.5,93.545,47516.29
HLA-B*51:03,RHQTVLNEA,33.25,42.597,41874.01
HLA-B*51:03,HQTVLNEAE,67.273,84.189,46563.04
HLA-B*51:03,QTVLNEAEV,6.181,8.941,30546.08
HLA-B*51:03,TVLNEAEVD,82.5,81.473,46313.83
HLA-B*51:03,VLNEAEVDA,39.647,55.212,43647.12
HLA-B*51:03,LNEAEVDAD,95.0,95.057,47705.86
HLA-B*51:03,NEAEVDADF,13.931,22.328,37278.52
HLA-B*51:03,EAEVDADFE,59.75,71.832,45430.88
HLA-B*51:03,AEVDADFER,49.429,87.205,46849.58
HLA-B*51:03,EVDADFERD,42.0,83.647,46513.18
HLA-B*51:03,VDADFERDE,75.0,95.89,48085.2
HLA-B*51:03,DADFERDEL,1.812,8.022,29731.21
HLA-B*51:03,ADFERDELL,11.961,27.12,38680.05
HLA-B*51:03,DFERDELLA,13.933,27.055,38662.47
HLA-B*51:03,FERDELLAL,3.219,8.134,29831.75
HLA-B*51:03,ERDELLALK,42.385,66.831,44944.42
HLA-B*51:03,RDELLALKV,10.405,24.765,38032.23
HLA-B*51:03,DELLALKVL,1.998,6.044,27497.66
HLA-B*51:03,ELLALKVLA,12.741,12.64,33144.33
HLA-B*51:03,LLALKVLAY,16.409,20.962,36829.91
HLA-B*51:03,LALKVLAYG,28.939,7.977,29688.79
HLA-B*51:03,ALKVLAYGE,59.25,90.375,47161.33
HLA-B*51:03,LKVLAYGEA,47.625,42.545,41865.39
HLA-B*51:03,KVLAYGEAI,10.096,10.142,31481.22
HLA-B*51:03,VLAYGEAIF,24.481,26.3,38461.36
HLA-B*51:03,LAYGEAIFP,8.349,4.452,25173.44
HLA-B*51:03,AYGEAIFPT,60.357,61.841,44417.0
HLA-B*51:03,YGEAIFPTP,9.808,9.143,30717.43
HLA-B*51:03,GEAIFPTPY,29.159,47.39,42608.45
HLA-B*51:03,EAIFPTPYT,1.583,2.307,20212.24
HLA-B*51:03,AIFPTPYTS,14.85,30.874,39614.38
HLA-B*51:03,IFPTPYTSG,36.524,62.113,44446.8
HLA-B*51:03,FPTPYTSGY,0.694,1.489,17061.4
HLA-B*51:03,PTPYTSGYL,22.13,32.19,39913.82
HLA-B*51:03,TPYTSGYLR,6.159,10.869,32006.35
HLA-B*51:03,PYTSGYLRR,80.0,95.963,48118.52
HLA-B*51:03,YTSGYLRRD,60.714,56.944,43852.08
HLA-B*51:03,TSGYLRRDL,25.731,42.387,41839.13
HLA-B*51:03,SGYLRRDLD,74.286,39.859,41419.78
HLA-B*51:03,GYLRRDLDV,48.875,53.698,43453.92
HLA-B*51:03,YLRRDLDVL,13.094,19.299,36222.88
HLA-B*51:03,LRRDLDVLF,19.318,30.429,39509.93
HLA-B*51:03,RRDLDVLFV,16.671,33.442,40181.6
HLA-B*51:03,RDLDVLFVF,13.131,20.996,36841.86
HLA-B*51:03,DLDVLFVFV,5.057,6.03,27480.39
HLA-B*51:03,LDVLFVFVY,24.532,36.011,40704.96
HLA-B*51:03,DVLFVFVYN,42.462,25.26,38174.46
HLA-B*51:03,VLFVFVYNP,25.672,31.655,39793.51
HLA-B*51:03,LFVFVYNPG,83.75,43.937,42084.31
HLA-B*51:03,FVFVYNPGH,25.119,29.456,39279.34
HLA-B*51:03,VFVYNPGHL,21.982,24.454,37940.58
HLA-B*51:03,FVYNPGHLR,10.492,18.328,35854.78
HLA-B*51:03,VYNPGHLRA,14.178,22.985,37486.02
HLA-B*51:03,YNPGHLRAF,12.785,28.9,39145.26
HLA-B*51:03,NPGHLRAFR,10.385,31.849,39837.88
HLA-B*51:03,PGHLRAFRT,63.929,69.611,45220.01
HLA-B*51:03,GHLRAFRTA,29.409,29.943,39395.96
HLA-B*51:03,HLRAFRTAC,32.194,42.417,41844.12
HLA-B*51:03,LRAFRTACI,20.423,14.112,33961.47
HLA-B*51:03,RAFRTACID,66.364,28.376,39014.61
HLA-B*51:03,AFRTACIDI,44.818,38.763,41226.65
HLA-B*51:03,FRTACIDIK,85.0,79.917,46171.73
HLA-B*51:03,RTACIDIKG,62.5,45.561,42337.31
HLA-B*51:03,TACIDIKGS,49.429,59.456,44151.08
HLA-B*51:03,ACIDIKGSD,82.5,92.274,47373.58
HLA-B*51:03,CIDIKGSDR,77.5,90.027,47122.57
HLA-B*51:03,IDIKGSDRY,29.636,54.322,43534.4
HLA-B*51:03,DIKGSDRYF,5.044,16.06,34892.28
HLA-B*51:03,IKGSDRYFN,97.5,93.733,47537.38
HLA-B*51:03,KGSDRYFNK,25.761,74.233,45657.57
HLA-B*51:03,GSDRYFNKS,56.75,74.927,45723.31
HLA-B*51:03,SDRYFNKSA,26.05,36.777,40853.65
HLA-B*51:03,DRYFNKSAR,29.25,61.859,44418.92
HLA-B*51:03,RYFNKSARL,14.799,32.883,40064.82
HLA-B*51:03,YFNKSARLV,5.041,6.683,28295.64
HLA-B*51:03,FNKSARLVA,14.067,18.427,35892.45
HLA-B*51:03,NKSARLVAY,18.006,48.14,42719.23
HLA-B*51:03,KSARLVAYG,67.727,46.317,42450.17
HLA-B*51:03,SARLVAYGF,4.8,6.204,27699.51
HLA-B*51:03,ARLVAYGFV,45.0,30.257,39469.76
HLA-B*51:03,RLVAYGFVT,61.071,48.938,42833.11
HLA-B*51:03,LVAYGFVTI,2.82,1.822,18490.62
HLA-B*51:03,VAYGFVTIA,1.237,1.265,15865.25
HLA-B*51:03,AYGFVTIAD,81.25,83.018,46455.36
HLA-B*51:03,YGFVTIADI,2.786,0.648,11677.22
HLA-B*51:03,GFVTIADIG,95.0,88.263,46951.57
HLA-B*51:03,FVTIADIGL,20.488,16.774,35211.21
HLA-B*51:03,VTIADIGLA,19.432,11.666,32542.36
HLA-B*51:03,TIADIGLAI,2.322,3.132,22445.23
HLA-B*51:03,IADIGLAIE,38.833,56.808,43835.96
HLA-B*51:03,ADIGLAIEE,55.0,85.589,46694.21
HLA-B*51:03,DIGLAIEER,36.571,70.303,45287.08
HLA-B*51:03,IGLAIEERS,38.833,59.852,44198.4
HLA-B*51:03,GLAIEERSY,41.75,80.268,46203.72
HLA-B*51:03,LAIEERSYN,41.667,30.478,39521.47
HLA-B*51:03,AIEERSYNR,57.25,93.403,47500.36
HLA-B*51:03,IEERSYNRS,65.455,79.474,46131.79
HLA-B*51:03,EERSYNRSP,20.488,33.476,40188.57
HLA-B*51:03,ERSYNRSPE,77.5,92.059,47349.48
HLA-B*51:03,RSYNRSPEE,31.735,45.9,42388.64
HLA-B*51:03,SYNRSPEER,48.0,90.142,47135.33
HLA-B*51:03,YNRSPEERK,51.111,75.897,45810.47
HLA-B*51:03,NRSPEERKF,12.873,61.762,44408.35
HLA-B*51:03,RSPEERKFM,17.725,44.882,42233.93
HLA-B*51:03,SPEERKFMP,7.411,17.133,35367.77
HLA-B*51:03,PEERKFMPS,88.333,87.895,46916.04
HLA-B*51:03,EERKFMPSD,34.462,46.561,42485.99
HLA-B*51:03,ERKFMPSDI,16.333,27.96,38910.05
HLA-B*51:03,RKFMPSDIL,24.195,30.212,39459.1
HLA-B*51:03,KFMPSDILE,61.429,75.382,45764.41
HLA-B*51:03,FMPSDILEE,39.059,56.468,43795.66
HLA-B*51:03,MPSDILEEP,1.678,1.85,18612.25
HLA-B*51:03,PSDILEEPK,85.0,95.232,47785.43
HLA-B*51:03,SDILEEPKL,10.922,28.944,39156.3
HLA-B*51:03,DILEEPKLC,5.977,16.896,35265.73
HLA-B*51:03,ILEEPKLCL,10.414,24.882,38066.83
HLA-B*51:03,LEEPKLCLM,8.88,16.0,34865.47
HLA-B*51:03,EEPKLCLMF,5.023,16.757,35203.61
HLA-B*51:03,EPKLCLMFK,13.877,12.467,33041.57
HLA-B*51:03,PKLCLMFKD,100.0,91.185,47251.75
HLA-B*51:03,KLCLMFKDR,90.0,95.617,47960.48
HLA-B*51:03,LCLMFKDRI,13.4,9.483,31005.26
HLA-B*51:03,CLMFKDRIF,25.687,9.369,30908.46
HLA-B*51:03,LMFKDRIFR,21.447,37.253,40944.81
HLA-B*51:03,MFKDRIFRA,12.431,17.237,35411.04
HLA-B*51:03,FKDRIFRAG,44.0,48.344,42748.36
HLA-B*51:03,KDRIFRAGA,58.5,66.836,44944.91
HLA-B*51:03,DRIFRAGAG,59.75,54.756,43590.5
HLA-B*51:03,RIFRAGAGE,61.429,76.91,45901.26
HLA-B*51:03,IFRAGAGEN,95.0,86.284,46760.95
HLA-B*51:03,FRAGAGENI,21.412,21.99,37172.19
HLA-B*51:03,RAGAGENIP,55.0,63.401,44587.93
HLA-B*51:03,AGAGENIPV,20.626,25.832,38334.64
HLA-B*51:03,GAGENIPVT,12.498,45.427,42317.16
HLA-B*51:03,AGENIPVTP,21.325,60.927,44317.14
HLA-B*51:03,GENIPVTPF,15.828,38.429,41165.12
HLA-B*51:03,ENIPVTPFK,11.898,27.178,38695.95
HLA-B*51:03,NIPVTPFKT,13.072,37.738,41036.62
HLA-B*51:03,IPVTPFKTY,0.617,2.848,21735.66
HLA-B*51:03,PVTPFKTYI,7.115,13.721,33753.77
HLA-B*51:03,VTPFKTYIL,5.944,9.047,30637.43
HLA-B*51:03,TPFKTYILF,0.05,0.073,3390.99
HLA-B*51:03,PFKTYILFK,80.0,90.169,47138.4
HLA-B*51:03,FKTYILFKH,40.562,63.511,44599.98
HLA-B*51:03,KTYILFKHS,37.526,45.139,42273.68
HLA-B*51:03,TYILFKHSH,28.694,65.866,44849.22
HLA-B*51:03,YILFKHSHA,7.288,9.985,31369.35
HLA-B*51:03,ILFKHSHAE,17.622,31.571,39774.14
HLA-B*51:03,LFKHSHAEK,58.0,75.282,45755.5
HLA-B*51:03,FKHSHAEKG,62.5,66.152,44877.37
HLA-B*51:03,KHSHAEKGK,81.25,96.529,48377.96
HLA-B*51:03,HSHAEKGKN,88.333,89.326,47054.3
HLA-B*51:03,SHAEKGKNA,18.561,41.757,41735.59
HLA-B*51:03,HAEKGKNAC,18.5,53.344,43408.35
HLA-B*51:03,AEKGKNACL,19.662,51.809,43211.08
HLA-B*51:03,EKGKNACLL,17.674,32.893,40066.99
HLA-B*51:03,KGKNACLLQ,76.667,84.633,46603.86
HLA-B*51:03,GKNACLLQE,86.667,95.059,47706.91
HLA-B*51:03,KNACLLQEP,54.074,54.303,43532.04
HLA-B*51:03,NACLLQEPS,39.647,18.753,36016.92
HLA-B*51:03,ACLLQEPSN,85.0,92.022,47345.39
HLA-B*51:03,CLLQEPSNY,27.0,26.724,38573.88
HLA-B*51:03,LLQEPSNYI,2.77,3.767,23846.74
HLA-B*51:03,LQEPSNYIC,32.29,45.591,42341.9
HLA-B*51:03,QEPSNYICA,11.758,36.173,40736.23
HLA-B*51:03,EPSNYICAP,5.233,3.835,23981.28
HLA-B*51:03,PSNYICAPR,91.667,75.897,45810.47
HLA-B*51:03,SNYICAPRD,86.667,56.644,43816.51
HLA-B*51:03,NYICAPRDH,70.714,83.598,46508.66
HLA-B*51:03,YICAPRDHL,18.677,24.635,37993.98
HLA-B*51:03,ICAPRDHLW,5.048,11.219,32246.19
HLA-B*51:03,CAPRDHLWH,32.71,40.761,41572.88
HLA-B*51:03,APRDHLWHA,1.171,2.621,21145.76
HLA-B*51:03,PRDHLWHAI,24.364,36.023,40707.16
HLA-B*51:03,RDHLWHAIM,17.658,19.611,36339.47
HLA-B*51:03,DHLWHAIME,32.774,36.905,40878.4
HLA-B*51:03,HLWHAIMEF,4.219,6.389,27935.47
HLA-B*51:03,LWHAIMEFT,66.818,55.952,43734.59
HLA-B*51:03,WHAIMEFTY,9.762,14.595,34197.47
HLA-B*51:03,HAIMEFTYM,1.055,1.456,16879.07
HLA-B*51:03,AIMEFTYMC,22.78,34.376,40374.68
HLA-B*51:03,IMEFTYMCL,21.789,8.875,30487.96
HLA-B*51:03,MEFTYMCLE,46.778,20.966,36831.1
HLA-B*51:03,EFTYMCLEK,71.429,58.56,44044.18
HLA-B*51:03,FTYMCLEKI,6.329,0.943,14014.05
HLA-B*51:03,TYMCLEKIP,56.5,37.251,40944.36
HLA-B*51:03,YMCLEKIPY,34.692,24.419,37930.33
HLA-B*51:03,MCLEKIPYL,1.576,3.678,23671.42
HLA-B*51:03,CLEKIPYLV,17.119,11.653,32533.21
HLA-B*51:03,LEKIPYLVQ,40.938,66.019,44864.26
HLA-B*51:03,EKIPYLVQK,19.601,57.348,43900.04
HLA-B*51:03,KIPYLVQKL,10.193,30.841,39606.66
HLA-B*51:03,IPYLVQKLW,0.152,0.205,6175.78
HLA-B*51:03,PYLVQKLWR,95.0,96.426,48330.34
HLA-B*51:03,YLVQKLWRW,9.201,12.687,33172.3
HLA-B*51:03,LVQKLWRWP,51.667,34.315,40362.0
HLA-B*51:03,VQKLWRWPG,50.926,35.898,40682.49
HLA-B*51:03,QKLWRWPGT,70.714,73.497,45587.96
HLA-B*51:03,KLWRWPGTS,70.714,58.064,43985.14
HLA-B*51:03,LWRWPGTSA,22.3,29.7,39337.59
HLA-B*51:03,WRWPGTSAE,53.519,64.697,44730.47
HLA-B*51:03,RWPGTSAEP,45.6,78.499,46044.02
HLA-B*51:03,WPGTSAEPE,46.333,35.082,40519.97
HLA-B*51:03,PGTSAEPEK,80.0,96.153,48205.55
HLA-B*51:03,GTSAEPEKT,51.111,89.484,47069.6
HLA-B*51:03,TSAEPEKTL,1.753,13.237,33488.57
HLA-B*51:03,SAEPEKTLS,21.781,58.392,44024.19
HLA-B*51:03,AEPEKTLSI,2.412,13.383,33568.38
HLA-B*51:03,EPEKTLSIN,24.883,26.945,38632.79
HLA-B*51:03,PEKTLSING,80.0,89.989,47118.49
HLA-B*51:03,EKTLSINGS,63.214,79.075,46095.86
HLA-B*51:03,KTLSINGSN,77.5,67.53,45013.52
HLA-B*51:03,TLSINGSNG,70.714,67.667,45027.16
HLA-B*51:03,LSINGSNGA,16.898,23.384,37611.96
HLA-B*51:03,SINGSNGAQ,82.5,95.133,47740.46
HLA-B*51:03,INGSNGAQE,73.571,93.079,47463.89
HLA-B*51:03,NGSNGAQER,53.148,85.826,46716.95
HLA-B*51:03,GSNGAQERV,11.609,29.05,39182.14
HLA-B*51:03,SNGAQERVI,13.131,28.919,39149.93
HLA-B*51:03,NGAQERVIA,16.129,24.411,37927.86
HLA-B*51:03,GAQERVIAG,32.387,42.529,41862.67
HLA-B*51:03,AQERVIAGL,20.878,43.051,41948.82
HLA-B*51:03,QERVIAGLE,58.75,63.19,44564.79
HLA-B*51:03,ERVIAGLEP,39.471,50.182,43003.05
HLA-B*51:03,RVIAGLEPP,32.581,34.829,40468.26
HLA-B*51:03,VIAGLEPPL,14.548,19.947,36465.52
HLA-B*51:03,IAGLEPPLG,31.471,34.201,40338.42
HLA-B*51:03,AGLEPPLGT,25.448,54.894,43608.41
HLA-B*51:03,GLEPPLGTY,29.364,64.359,44693.21
HLA-B*51:03,LEPPLGTYV,2.564,8.532,30190.23
HLA-B*51:03,EPPLGTYVC,1.793,4.966,25996.08
HLA-B*51:03,PPLGTYVCD,57.0,41.411,41679.64
HLA-B*51:03,PLGTYVCDS,100.0,96.323,48283.3
HLA-B*51:03,LGTYVCDSA,42.154,16.351,35021.62
HLA-B*51:03,GTYVCDSAY,21.465,33.531,40199.87
HLA-B*51:03,TYVCDSAYV,28.388,10.709,31889.86
HLA-B*51:03,YVCDSAYVY,6.624,14.026,33919.99
HLA-B*51:03,VCDSAYVYF,11.887,28.79,39117.75
HLA-B*51:03,CDSAYVYFA,44.0,21.908,37144.85
HLA-B*51:03,DSAYVYFAS,20.569,6.567,28157.0
HLA-B*51:03,SAYVYFASI,0.234,0.039,2335.99
HLA-B*51:03,AYVYFASIE,85.0,88.921,47015.11
HLA-B*51:03,YVYFASIEV,0.933,0.725,12295.84
HLA-B*51:03,VYFASIEVF,4.825,8.665,30305.44
HLA-B*51:03,YFASIEVFN,72.857,51.955,43229.78
HLA-B*51:03,FASIEVFNI,1.051,0.384,8931.55
HLA-B*51:03,ASIEVFNIM,2.761,5.479,26740.38
HLA-B*51:03,SIEVFNIMS,66.364,74.635,45695.63
HLA-B*51:03,IEVFNIMSP,23.517,23.888,37771.42
HLA-B*51:03,EVFNIMSPE,32.581,27.854,38881.03
HLA-B*51:03,VFNIMSPER,61.429,70.433,45299.35
HLA-B*51:03,FNIMSPERW,5.398,7.439,29162.2
HLA-B*51:03,NIMSPERWM,13.578,14.705,34251.52
HLA-B*51:03,IMSPERWMN,65.909,54.307,43532.52
HLA-B*51:03,MSPERWMNI,1.412,0.813,13016.47
HLA-B*51:03,SPERWMNIL,1.032,1.917,18908.6
HLA-B*51:03,PERWMNILT,71.429,66.442,44906.0
HLA-B*51:03,ERWMNILTR,30.676,44.417,42159.96
HLA-B*51:03,RWMNILTRN,91.667,82.399,46398.59
HLA-B*51:03,WMNILTRNK,53.519,45.464,42322.65
HLA-B*51:03,MNILTRNKI,1.623,1.336,16232.67
HLA-B*51:03,NILTRNKIE,69.545,83.428,46493.06
HLA-B*51:03,ILTRNKIEP,54.074,61.982,44432.38
HLA-B*51:03,LTRNKIEPL,11.186,17.171,35383.83
HLA-B*51:03,TRNKIEPLT,43.545,67.997,45059.81
HLA-B*51:03,RNKIEPLTD,82.5,90.252,47147.55
HLA-B*51:03,NKIEPLTDP,29.932,55.94,43733.15
HLA-B*51:03,KIEPLTDPG,86.667,84.398,46582.2
HLA-B*51:03,IEPLTDPGL,13.536,33.04,40098.66
HLA-B*51:03,EPLTDPGLF,0.737,1.167,15337.62
HLA-B*51:03,PLTDPGLFV,18.732,32.341,39946.66
HLA-B*51:03,LTDPGLFVQ,39.294,62.412,44479.52
HLA-B*51:03,TDPGLFVQL,5.444,22.379,37294.68
HLA-B*51:03,DPGLFVQLF,0.126,0.34,8311.94
HLA-B*51:03,PGLFVQLFD,95.0,65.906,44853.09
HLA-B*51:03,GLFVQLFDA,45.6,39.681,41388.89
HLA-B*51:03,LFVQLFDAE,62.857,72.938,45535.22
HLA-B*51:03,FVQLFDAEG,56.75,28.953,39158.39
HLA-B*51:03,VQLFDAEGP,53.704,56.268,43771.97
HLA-B*51:03,QLFDAEGPE,63.214,78.112,46009.17
HLA-B*51:03,LFDAEGPEP,38.722,57.488,43916.66
HLA-B*51:03,FDAEGPEPN,75.0,72.662,45509.12
HLA-B*51:03,DAEGPEPNL,0.558,4.79,25717.99
HLA-B*51:03,AEGPEPNLD,72.143,91.098,47242.03
HLA-B*51:03,EGPEPNLDS,35.375,64.921,44755.17
HLA-B*51:03,GPEPNLDST,19.615,38.397,41159.33
HLA-B*51:03,PEPNLDSTL,28.714,69.783,45237.13
HLA-B*51:03,EPNLDSTLR,18.311,34.839,40470.45
HLA-B*51:03,PNLDSTLRM,26.467,48.438,42761.79
HLA-B*51:03,NLDSTLRMT,27.852,49.461,42905.46
HLA-B*51:03,LDSTLRMTN,69.091,55.416,43671.23
HLA-B*51:03,DSTLRMTNP,7.38,14.615,34207.09
HLA-B*51:03,STLRMTNPL,12.053,7.917,29630.37
HLA-B*51:03,TLRMTNPLE,53.519,60.716,44294.14
HLA-B*51:03,LRMTNPLEA,17.99,17.61,35566.54
HLA-B*51:03,RMTNPLEAD,93.333,92.365,47383.85
HLA-B*51:03,MTNPLEADL,9.234,9.14,30715.1
HLA-B*51:03,TNPLEADLS,65.455,80.361,46212.21
HLA-B*51:03,NPLEADLSQ,15.004,27.975,38914.27
HLA-B*51:03,PLEADLSQT,83.75,95.346,47837.17
HLA-B*51:03,LEADLSQTE,27.556,59.12,44110.95
HLA-B*51:03,EADLSQTEE,22.06,52.644,43318.27
HLA-B*51:03,ADLSQTEET,58.5,81.008,46271.26
HLA-B*51:03,DLSQTEETI,1.605,4.042,24391.61
HLA-B*51:03,LSQTEETIA,24.208,33.907,40277.8
HLA-B*51:03,SQTEETIAT,22.46,49.165,42864.61
HLA-B*51:03,QTEETIATM,4.857,17.438,35495.05
HLA-B*51:03,TEETIATMQ,51.481,86.163,46749.32
HLA-B*51:03,EETIATMQN,56.0,60.668,44288.85
HLA-B*51:03,ETIATMQNT,11.096,16.347,35020.11
HLA-B*51:03,TIATMQNTF,6.559,11.603,32500.5
HLA-B*51:03,IATMQNTFE,49.857,47.706,42655.5
HLA-B*51:03,ATMQNTFEP,18.207,18.34,35859.45
HLA-B*51:03,TMQNTFEPI,12.123,4.234,24754.78
HLA-B*51:03,MQNTFEPIP,25.597,21.468,36998.46
HLA-B*51:03,QNTFEPIPL,19.75,31.962,39863.77
HLA-B*51:03,NTFEPIPLY,1.124,3.261,22748.89
HLA-B*51:03,TFEPIPLYT,15.049,39.473,41352.63
HLA-B*51:03,FEPIPLYTR,23.241,55.988,43738.84
HLA-B*51:03,EPIPLYTRA,0.135,0.425,9470.47
HLA-B*51:03,PIPLYTRAI,16.316,22.869,37449.53
HLA-B*51:03,IPLYTRAIA,2.539,1.41,16629.99
HLA-B*51:03,PLYTRAIAQ,74.286,86.195,46752.36
HLA-B*51:03,LYTRAIAQA,31.382,33.869,40269.96
HLA-B*51:03,YTRAIAQAV,1.468,1.468,16948.24
HLA-B*51:03,TRAIAQAVN,62.143,77.885,45988.76
HLA-B*51:03,RAIAQAVNL,2.274,5.531,26811.35
HLA-B*51:03,AIAQAVNLK,53.889,75.537,45778.25
HLA-B*51:03,IAQAVNLKL,0.79,1.656,17771.35
HLA-B*51:03,AQAVNLKLW,14.382,20.678,36727.64
HLA-B*51:03,QAVNLKLWI,1.871,1.437,16775.29
HLA-B*51:03,AVNLKLWIV,7.338,13.483,33622.92
HLA-B*51:03,VNLKLWIVV,5.969,5.622,26932.89
HLA-B*51:03,NLKLWIVVK,30.865,50.883,43092.47
HLA-B*51:03,LKLWIVVKV,10.221,11.65,32531.45
HLA-B*51:03,KLWIVVKVN,66.364,77.497,45953.92
HLA-B*51:03,LWIVVKVNR,68.636,86.363,46768.55
HLA-B*51:03,WIVVKVNRS,51.667,56.232,43767.71
HLA-B*51:03,IVVKVNRSL,3.358,9.762,31207.86
HLA-B*51:03,VVKVNRSLL,10.307,18.168,35793.93
HLA-B*51:03,VKVNRSLLN,88.333,79.252,46111.83
HLA-B*51:03,KVNRSLLNY,28.347,45.8,42373.53
HLA-B*51:03,VNRSLLNYN,85.0,73.278,45567.24
HLA-B*51:03,NRSLLNYNI,16.418,12.921,33312.59
HLA-B*51:03,RSLLNYNIL,7.839,9.275,30828.97
HLA-B*51:03,SLLNYNILV,6.837,7.633,29357.54
HLA-B*51:03,LLNYNILVL,7.008,6.658,28265.65
HLA-B*51:03,LNYNILVLR,30.405,43.494,42016.51
HLA-B*51:03,NYNILVLRA,15.075,17.621,35571.17
HLA-B*51:03,YNILVLRAD,60.0,38.182,41119.72
HLA-B*51:03,NILVLRADL,20.252,19.509,36301.34
HLA-B*51:03,ILVLRADLQ,66.818,79.059,46094.38
HLA-B*51:03,LVLRADLQM,9.374,9.514,31029.09
HLA-B*51:03,VLRADLQME,63.571,84.036,46548.95
HLA-B*51:03,LRADLQMED,64.643,69.232,45182.35
HLA-B*51:03,RADLQMEDK,72.143,91.368,47272.2
HLA-B*51:03,ADLQMEDKT,73.571,86.811,46811.59
HLA-B*51:03,DLQMEDKTI,2.841,4.489,25245.17
HLA-B*51:03,LQMEDKTIT,25.955,40.952,41605.28
HLA-B*51:03,QMEDKTITE,49.143,85.342,46670.48
HLA-B*51:03,MEDKTITEC,5.19,19.855,36430.8
HLA-B*51:03,EDKTITECP,31.382,55.12,43636.26
HLA-B*51:03,DKTITECPG,91.667,66.417,44903.6
HLA-B*51:03,KTITECPGK,43.091,80.23,46200.21
HLA-B*51:03,TITECPGKA,37.895,47.604,42640.26
HLA-B*51:03,ITECPGKAW,15.698,21.352,36960.04
HLA-B*51:03,TECPGKAWM,11.445,31.038,39652.54
HLA-B*51:03,ECPGKAWMV,5.088,12.281,32931.29
HLA-B*51:03,CPGKAWMVG,38.111,6.138,27616.62
HLA-B*51:03,PGKAWMVGN,100.0,95.108,47729.1
HLA-B*51:03,GKAWMVGNA,60.714,64.082,44662.76
HLA-B*51:03,KAWMVGNAN,53.519,30.931,39627.66
HLA-B*51:03,AWMVGNANE,90.0,90.608,47187.37
HLA-B*51:03,WMVGNANEK,49.0,55.876,43725.59
HLA-B*51:03,MVGNANEKN,82.5,80.542,46228.73
HLA-B*51:03,VGNANEKNP,53.333,69.301,45189.2
HLA-B*51:03,GNANEKNPV,42.769,59.58,44165.89
HLA-B*51:03,NANEKNPVL,0.575,3.215,22641.82
HLA-B*51:03,ANEKNPVLA,35.042,61.797,44412.18
HLA-B*51:03,NEKNPVLAK,24.0,57.02,43861.1
HLA-B*51:03,EKNPVLAKA,9.458,21.865,37130.38
HLA-B*51:03,KNPVLAKAG,79.167,91.844,47325.43
HLA-B*51:03,NPVLAKAGE,25.881,36.132,40728.3
HLA-B*51:03,PVLAKAGEA,45.2,53.993,43492.02
HLA-B*51:03,VLAKAGEAL,17.979,29.709,39339.73
HLA-B*51:03,LAKAGEALD,65.455,47.861,42678.58
HLA-B*51:03,AKAGEALDL,35.042,65.994,44861.83
HLA-B*51:03,KAGEALDLI,5.718,5.572,26865.65
HLA-B*51:03,AGEALDLIT,54.63,64.293,44685.98
HLA-B*51:03,GEALDLITL,11.671,29.163,39209.29
HLA-B*51:03,EALDLITLV,0.036,0.094,3956.28
HLA-B*51:03,ALDLITLVE,54.815,86.121,46745.28
HLA-B*51:03,LDLITLVEE,63.214,68.11,45071.03
HLA-B*51:03,DLITLVEEY,7.337,14.526,34163.43
HLA-B*51:03,LITLVEEYT,30.811,49.343,42889.21
HLA-B*51:03,ITLVEEYTG,52.407,36.07,40716.41
HLA-B*51:03,TLVEEYTGG,63.214,68.445,45104.21
HLA-B*51:03,LVEEYTGGQ,81.25,88.942,47017.17
HLA-B*51:03,VEEYTGGQE,77.5,91.048,47236.42
HLA-B*51:03,EEYTGGQEK,14.666,35.086,40520.83
HLA-B*51:03,EYTGGQEKD,80.0,95.438,47879.08
HLA-B*51:03,YTGGQEKDA,45.1,68.194,45079.32
HLA-B*51:03,TGGQEKDAR,78.333,96.404,48320.43
HLA-B*51:03,GGQEKDARM,33.107,70.271,45284.16
HLA-B*51:03,GQEKDARMI,29.591,46.392,42461.18
HLA-B*51:03,QEKDARMID,63.214,82.881,46442.8
HLA-B*51:03,EKDARMIDA,24.831,47.477,42621.37
HLA-B*51:03,KDARMIDAT,72.857,78.765,46067.93
HLA-B*51:03,DARMIDATT,2.858,2.541,20941.75
HLA-B*51:03,ARMIDATTF,11.733,31.053,39655.96
HLA-B*51:03,RMIDATTFG,54.074,43.369,41997.41
HLA-B*51:03,MIDATTFGI,8.939,2.95,22003.75
HLA-B*51:03,IDATTFGIQ,76.667,78.92,46081.89
HLA-B*51:03,DATTFGIQA,0.806,1.453,16861.91
HLA-B*51:03,ATTFGIQAI,7.88,11.662,32539.55
HLA-B*51:03,TTFGIQAIA,7.09,5.008,26062.26
HLA-B*51:03,TFGIQAIAL,20.203,31.637,39789.2
HLA-B*51:03,FGIQAIALL,2.359,1.876,18733.07
HLA-B*51:03,GIQAIALLK,67.727,76.661,45878.92
HLA-B*51:03,IQAIALLKC,18.378,34.315,40362.0
HLA-B*51:03,QAIALLKCI,1.075,0.675,11894.12
HLA-B*51:03,AIALLKCIH,59.0,86.905,46820.7
HLA-B*51:03,IALLKCIHR,27.685,39.424,41344.12
HLA-B*51:03,ALLKCIHRR,56.75,80.268,46203.72
HLA-B*51:03,LLKCIHRRQ,72.143,71.576,45406.8
HLA-B*51:03,LKCIHRRQW,46.0,55.332,43661.29
HLA-B*51:03,KCIHRRQWE,90.0,96.603,48412.01
HLA-B*51:03,CIHRRQWES,52.037,32.653,40014.57
HLA-B*51:03,IHRRQWESP,52.778,48.357,42750.2
HLA-B*51:03,HRRQWESPE,82.5,90.064,47126.67
HLA-B*51:03,RRQWESPEM,36.524,55.236,43649.97
HLA-B*51:03,RQWESPEMT,33.929,54.632,43574.45
HLA-B*51:03,QWESPEMTK,43.273,88.568,46981.04
HLA-B*51:03,WESPEMTKK,36.952,66.088,44871.06
HLA-B*51:03,ESPEMTKKR,17.523,60.18,44235.7
HLA-B*51:03,SPEMTKKRC,5.797,24.295,37893.8
HLA-B*51:03,PEMTKKRCS,78.333,92.182,47363.32
HLA-B*51:03,EMTKKRCST,43.818,54.982,43619.75
HLA-B*51:03,MTKKRCSTQ,36.619,54.311,43532.99
HLA-B*51:03,TKKRCSTQM,29.818,53.618,43443.58
HLA-B*51:03,KKRCSTQMM,46.111,56.592,43810.36
HLA-B*51:03,KRCSTQMMI,24.701,27.514,38787.74
HLA-B*51:03,RCSTQMMIV,20.203,23.905,37776.73
HLA-B*51:03,CSTQMMIVG,85.0,30.188,39453.55
HLA-B*51:03,STQMMIVGS,40.188,40.577,41541.88
HLA-B*51:03,TQMMIVGST,19.986,12.881,33288.79
HLA-B*51:03,QMMIVGSTV,3.929,2.154,19731.04
HLA-B*51:03,MMIVGSTVA,14.239,6.999,28676.59
HLA-B*51:03,MIVGSTVAS,38.444,35.082,40519.97
HLA-B*51:03,IVGSTVASD,63.571,60.54,44274.97
HLA-B*51:03,VGSTVASDF,9.031,17.243,35413.71
HLA-B*51:03,GSTVASDFK,80.0,86.479,46779.69
HLA-B*51:03,STVASDFKL,7.922,13.01,33365.25
HLA-B*51:03,TVASDFKLN,61.786,61.964,44430.46
HLA-B*51:03,VASDFKLNW,2.214,4.009,24328.87
HLA-B*51:03,ASDFKLNWA,24.883,38.969,41264.58
HLA-B*51:03,SDFKLNWAL,6.101,7.63,29354.68
HLA-B*51:03,DFKLNWALV,7.497,5.279,26450.03
HLA-B*51:03,FKLNWALVN,72.857,39.887,41424.72
HLA-B*51:03,KLNWALVNG,82.5,74.624,45694.63
HLA-B*51:03,LNWALVNGL,6.873,9.244,30802.95
HLA-B*51:03,NWALVNGLD,95.0,69.877,45246.44
HLA-B*51:03,WALVNGLDG,63.571,19.889,36443.42
HLA-B*51:03,ALVNGLDGP,55.0,84.37,46579.68
HLA-B*51:03,LVNGLDGPV,27.519,11.346,32329.68
HLA-B*51:03,VNGLDGPVG,83.75,76.379,45853.62
HLA-B*51:03,NGLDGPVGG,45.9,69.493,45208.26
HLA-B*51:03,GLDGPVGGN,95.0,96.468,48349.7
HLA-B*51:03,LDGPVGGNL,19.419,27.451,38770.54
HLA-B*51:03,DGPVGGNLL,1.901,5.75,27104.49
HLA-B*51:03,GPVGGNLLH,22.12,47.328,42599.22
HLA-B*51:03,PVGGNLLHR,81.25,95.555,47931.97
HLA-B*51:03,VGGNLLHRL,7.28,21.283,36937.26
HLA-B*51:03,GGNLLHRLS,62.857,67.785,45038.87
HLA-B*51:03,GNLLHRLSN,86.667,80.586,46232.72
HLA-B*51:03,NLLHRLSNA,16.902,21.689,37071.79
HLA-B*51:03,LLHRLSNAG,52.778,41.522,41697.69
HLA-B*51:03,LHRLSNAGM,22.86,26.538,38524.66
HLA-B*51:03,HRLSNAGMK,75.833,87.095,46838.95
HLA-B*51:03,RLSNAGMKI,11.024,17.846,35665.58
HLA-B*51:03,LSNAGMKIA,25.134,24.638,37994.82
HLA-B*51:03,SNAGMKIAK,47.625,73.215,45561.33
HLA-B*51:03,NAGMKIAKT,11.009,18.971,36100.8
HLA-B*51:03,AGMKIAKTG,29.545,33.552,40204.23
HLA-B*51:03,GMKIAKTGL,31.618,68.469,45106.65
HLA-B*51:03,MKIAKTGLI,7.072,5.038,26104.88
HLA-B*51:03,KIAKTGLIV,12.986,17.893,35685.28
HLA-B*51:03,IAKTGLIVT,12.255,20.989,36839.46
HLA-B*51:03,AKTGLIVTK,48.375,87.211,46850.09
HLA-B*51:03,KTGLIVTKG,62.143,68.386,45098.33
HLA-B*51:03,TGLIVTKGR,44.0,73.471,45585.49
HLA-B*51:03,GLIVTKGRH,75.833,95.192,47767.34
HLA-B*51:03,LIVTKGRHG,52.778,67.431,45003.79
HLA-B*51:03,IVTKGRHGN,85.0,91.912,47333.12
HLA-B*51:03,VTKGRHGNL,13.104,26.275,38454.71
HLA-B*51:03,TKGRHGNLL,30.784,49.572,42920.76
HLA-B*51:03,KGRHGNLLA,33.821,36.105,40723.02
HLA-B*51:03,GRHGNLLAA,38.333,54.657,43577.77
HLA-B*51:03,RHGNLLAAG,79.167,63.616,44611.58
HLA-B*51:03,HGNLLAAGS,55.5,51.477,43168.54
HLA-B*51:03,GNLLAAGSR,80.0,91.807,47321.34
HLA-B*51:03,NLLAAGSRD,74.286,72.458,45489.9
HLA-B*51:03,LLAAGSRDH,61.429,85.853,46719.48
HLA-B*51:03,LAAGSRDHE,47.75,63.827,44634.74
HLA-B*51:03,AAGSRDHEQ,55.25,92.795,47432.07
HLA-B*51:03,AGSRDHEQF,16.156,48.006,42700.3
HLA-B*51:03,GSRDHEQFP,36.857,62.395,44477.59
HLA-B*51:03,SRDHEQFPR,64.286,93.239,47481.86
HLA-B*51:03,RDHEQFPRI,4.223,8.826,30445.11
HLA-B*51:03,DHEQFPRII,1.723,4.633,25474.0
HLA-B*51:03,HEQFPRIIK,32.194,61.96,44429.98
HLA-B*51:03,EQFPRIIKV,0.154,0.622,11471.34
HLA-B*51:03,QFPRIIKVK,54.815,81.873,46350.44
HLA-B*51:03,FPRIIKVKD,11.539,9.115,30694.16
HLA-B*51:03,PRIIKVKDD,100.0,97.823,48976.26
HLA-B*51:03,RIIKVKDDL,24.636,50.952,43101.34
HLA-B*51:03,IIKVKDDLM,18.768,29.837,39370.39
HLA-B*51:03,IKVKDDLME,81.25,94.716,47648.09
HLA-B*51:03,KVKDDLMEE,57.25,91.34,47269.12
HLA-B*51:03,VKDDLMEEY,21.079,68.519,45111.51
HLA-B*51:03,KDDLMEEYK,69.091,95.238,47788.02
HLA-B*51:03,DDLMEEYKV,3.919,8.631,30275.28
HLA-B*51:03,DLMEEYKVR,17.756,44.707,42206.05
HLA-B*51:03,LMEEYKVRR,47.25,74.494,45682.29
HLA-B*51:03,MEEYKVRRL,5.481,18.697,35995.51
HLA-B*51:03,EEYKVRRLF,2.684,6.267,27779.94
HLA-B*51:03,EYKVRRLFI,14.707,19.879,36439.87
HLA-B*51:03,YKVRRLFIA,21.719,20.352,36611.0
HLA-B*51:03,KVRRLFIAV,10.542,10.71,31890.9
HLA-B*51:03,VRRLFIAVE,60.0,73.92,45627.93
HLA-B*51:03,RRLFIAVEG,75.833,64.89,44751.77
HLA-B*51:03,RLFIAVEGD,75.0,76.739,45885.87
HLA-B*51:03,LFIAVEGDE,93.333,91.583,47296.26
HLA-B*51:03,FIAVEGDES,58.5,67.756,45035.93
HLA-B*51:03,IAVEGDESE,35.125,65.546,44817.68
HLA-B*51:03,AVEGDESEL,28.918,68.066,45066.64
HLA-B*51:03,VEGDESELI,6.829,15.676,34712.66
HLA-B*51:03,EGDESELIY,10.861,37.555,41001.99
HLA-B*51:03,GDESELIYL,31.265,65.162,44779.86
HLA-B*51:03,DESELIYLL,0.582,1.893,18806.18
HLA-B*51:03,ESELIYLLL,2.925,4.173,24638.28
HLA-B*51:03,SELIYLLLL,4.867,7.451,29175.14
HLA-B*51:03,ELIYLLLLL,9.364,11.079,32153.86
HLA-B*51:03,LIYLLLLLS,41.917,39.29,41320.88
HLA-B*51:03,IYLLLLLSS,41.917,49.899,42965.85
HLA-B*51:03,YLLLLLSSQ,45.0,59.008,44097.61
HLA-B*51:03,LLLLLSSQQ,43.455,62.676,44508.41
HLA-B*51:03,LLLLSSQQD,74.286,60.233,44241.44
HLA-B*51:03,LLLSSQQDL,15.884,20.656,36719.68
HLA-B*51:03,LLSSQQDLP,43.182,48.795,42812.7
HLA-B*51:03,LSSQQDLPS,59.0,40.535,41534.67
HLA-B*51:03,SSQQDLPSL,3.773,12.748,33209.29
HLA-B*51:03,SQQDLPSLL,4.771,15.297,34535.07
HLA-B*51:03,QQDLPSLLV,3.144,7.916,29629.42
HLA-B*51:03,QDLPSLLVY,11.137,30.328,39486.44
HLA-B*51:03,DLPSLLVYG,26.95,28.761,39110.57
HLA-B*51:03,LPSLLVYGN,29.114,6.433,27990.83
HLA-B*51:03,PSLLVYGNQ,90.0,85.084,46645.75
HLA-B*51:03,SLLVYGNQT,39.588,44.943,42243.52
HLA-B*51:03,LLVYGNQTQ,66.818,81.818,46345.41
HLA-B*51:03,LVYGNQTQH,19.926,38.91,41253.86
HLA-B*51:03,VYGNQTQHE,74.286,92.823,47435.12
HLA-B*51:03,YGNQTQHES,20.374,30.536,39535.16
HLA-B*51:03,GNQTQHESS,79.167,92.969,47451.55
HLA-B*51:03,NQTQHESSK,41.5,76.318,45848.16
HLA-B*51:03,QTQHESSKG,53.704,78.959,46085.4
HLA-B*51:03,TQHESSKGK,33.679,73.058,45546.55
HLA-B*51:03,QHESSKGKV,23.586,42.259,41817.88
HLA-B*51:03,HESSKGKVR,40.312,86.9,46820.19
HLA-B*51:03,ESSKGKVRC,13.136,40.681,41559.4
HLA-B*51:03,SSKGKVRCF,8.875,28.592,39068.27
HLA-B*51:03,SKGKVRCFA,41.167,54.581,43567.85
HLA-B*51:03,KGKVRCFAK,68.182,81.166,46285.77
HLA-B*51:03,GKVRCFAKM,61.786,61.375,44366.1
HLA-B*51:03,KVRCFAKMV,21.623,14.802,34299.0
HLA-B*51:03,VRCFAKMVE,62.143,88.532,46977.5
HLA-B*51:03,RCFAKMVES,57.75,69.729,45231.77
HLA-B*51:03,CFAKMVESY,21.842,24.311,37898.32
HLA-B*51:03,FAKMVESYV,0.515,0.405,9234.01
HLA-B*51:03,AKMVESYVL,18.872,25.944,38366.18
HLA-B*51:03,KMVESYVLP,31.647,38.274,41136.64
HLA-B*51:03,MVESYVLPV,5.517,1.61,17562.61
HLA-B*51:03,VESYVLPVC,19.128,24.716,38017.83
HLA-B*51:03,ESYVLPVCK,12.877,19.876,36438.7
HLA-B*51:03,SYVLPVCKS,43.909,58.58,44046.57
HLA-B*51:03,YVLPVCKSL,1.69,4.268,24819.95
HLA-B*51:03,VLPVCKSLL,25.493,26.595,38539.67
HLA-B*51:03,LPVCKSLLV,0.127,0.011,1172.64
HLA-B*51:03,PVCKSLLVD,97.5,92.287,47375.11
HLA-B*51:03,VCKSLLVDG,81.25,85.911,46725.05
HLA-B*51:03,CKSLLVDGF,55.75,34.357,40370.75
HLA-B*51:03,KSLLVDGFR,68.182,77.248,45931.58
HLA-B*51:03,SLLVDGFRV,9.419,9.516,31030.77
HLA-B*51:03,LLVDGFRVT,34.462,40.715,41565.24
HLA-B*51:03,LVDGFRVTG,29.182,41.249,41653.5
HLA-B*51:03,VDGFRVTGD,95.0,95.182,47762.69
HLA-B*51:03,DGFRVTGDV,2.23,1.003,14379.31
HLA-B*51:03,GFRVTGDVL,40.75,59.1,44108.57
HLA-B*51:03,FRVTGDVLL,20.163,24.864,38061.45
HLA-B*51:03,RVTGDVLLD,86.667,80.12,46190.23
HLA-B*51:03,VTGDVLLDA,17.264,30.17,39449.28
HLA-B*51:03,TGDVLLDAG,69.545,62.939,44537.3
HLA-B*51:03,GDVLLDAGG,95.0,88.042,46930.26
HLA-B*51:03,DVLLDAGGG,53.519,40.426,41516.27
HLA-B*51:03,VLLDAGGGG,77.5,71.592,45408.27
HLA-B*51:03,LLDAGGGGD,95.0,89.089,47031.39
HLA-B*51:03,LDAGGGGDQ,95.0,95.957,48115.38
HLA-B*51:03,DAGGGGDQD,43.455,69.542,45213.16
HLA-B*51:03,AGGGGDQDV,47.5,73.492,45587.46
HLA-B*51:03,GGGGDQDVR,93.333,97.576,48861.39
HLA-B*51:03,GGGDQDVRH,81.25,97.446,48801.18
HLA-B*51:03,GGDQDVRHF,19.372,66.043,44866.69
HLA-B*51:03,GDQDVRHFT,41.5,78.444,46039.03
HLA-B*51:03,DQDVRHFTH,15.754,48.568,42780.29
HLA-B*51:03,QDVRHFTHQ,52.407,87.5,46877.99
HLA-B*51:03,DVRHFTHQL,0.638,2.621,21143.94
HLA-B*51:03,VRHFTHQLL,12.141,18.997,36110.57
HLA-B*51:03,RHFTHQLLG,40.375,25.804,38326.76
HLA-B*51:03,HFTHQLLGP,57.75,68.957,45155.0
HLA-B*51:03,FTHQLLGPA,8.325,4.668,25527.25
HLA-B*51:03,THQLLGPAE,44.818,60.395,44259.16
HLA-B*51:03,HQLLGPAEP,26.1,41.344,41668.82
HLA-B*51:03,QLLGPAEPA,25.119,34.419,40383.4
HLA-B*51:03,LLGPAEPAQ,57.75,85.189,46655.83
HLA-B*51:03,LGPAEPAQG,57.75,72.49,45492.86
HLA-B*51:03,GPAEPAQGN,26.9,61.081,44333.92
HLA-B*51:03,PAEPAQGNL,7.895,30.378,39497.98
HLA-B*51:03,AEPAQGNLR,55.5,91.418,47277.84
HLA-B*51:03,EPAQGNLRG,14.245,17.539,35536.94
HLA-B*51:03,PAQGNLRGS,69.545,87.405,46868.86
HLA-B*51:03,AQGNLRGSG,75.833,88.458,46970.38
HLA-B*51:03,QGNLRGSGR,56.75,89.063,47028.85
HLA-B*51:03,GNLRGSGRG,95.0,95.126,47737.38
HLA-B*51:03,NLRGSGRGF,19.061,39.1,41287.79
HLA-B*51:03,LRGSGRGFN,97.5,95.594,47950.12
HLA-B*51:03,RGSGRGFNA,33.107,42.561,41868.12
HLA-B*51:03,GSGRGFNAT,56.25,79.07,46095.36
HLA-B*51:03,SGRGFNATA,12.19,12.897,33297.81
HLA-B*51:03,GRGFNATAM,54.815,73.539,45591.9
HLA-B*51:03,RGFNATAMY,19.318,22.085,37201.98
HLA-B*51:03,GFNATAMYA,48.625,52.05,43241.94
HLA-B*51:03,FNATAMYAP,30.514,23.974,37798.81
HLA-B*51:03,NATAMYAPH,35.417,23.374,37608.71
HLA-B*51:03,ATAMYAPHY,13.509,23.188,37550.16
HLA-B*51:03,TAMYAPHYM,0.802,0.931,13941.76
HLA-B*51:03,AMYAPHYMG,43.182,33.137,40118.63
HLA-B*51:03,MYAPHYMGR,21.509,44.856,42229.82
HLA-B*51:03,YAPHYMGRT,25.403,28.756,39109.28
HLA-B*51:03,APHYMGRTS,13.881,16.522,35098.24
HLA-B*51:03,PHYMGRTSG,70.0,62.078,44442.96
HLA-B*51:03,HYMGRTSGI,11.962,14.561,34180.82
HLA-B*51:03,YMGRTSGIL,25.209,17.727,35615.84
HLA-B*51:03,MGRTSGILV,2.237,1.247,15775.72
HLA-B*51:03,GRTSGILVA,41.333,63.018,44545.97
HLA-B*51:03,RTSGILVAR,30.432,59.832,44196.01
HLA-B*51:03,TSGILVARD,82.5,58.452,44031.32
HLA-B*51:03,SGILVARDV,3.545,3.666,23647.1
HLA-B*51:03,GILVARDVF,35.708,47.111,42566.98
HLA-B*51:03,ILVARDVFP,42.308,43.068,41951.55
HLA-B*51:03,LVARDVFPV,15.534,4.38,25034.64
HLA-B*51:03,VARDVFPVE,13.973,21.89,37138.84
HLA-B*51:03,ARDVFPVEV,7.398,30.431,39510.36
HLA-B*51:03,RDVFPVEVG,68.636,73.095,45549.99
HLA-B*51:03,DVFPVEVGA,1.81,3.201,22607.31
HLA-B*51:03,VFPVEVGAW,11.367,25.905,38355.39
HLA-B*51:03,FPVEVGAWW,0.429,0.201,6119.31
HLA-B*51:03,PVEVGAWWL,50.741,61.446,44373.77
HLA-B*51:03,VEVGAWWLA,23.793,14.167,33988.31
HLA-B*51:03,EVGAWWLAA,18.396,10.714,31893.31
HLA-B*51:03,VGAWWLAAS,52.037,28.102,38946.28
HLA-B*51:03,GAWWLAASK,26.817,27.038,38657.86
HLA-B*51:03,AWWLAASKK,59.25,67.608,45021.32
HLA-B*51:03,WWLAASKKD,97.5,85.589,46694.21
HLA-B*51:03,WLAASKKDG,93.333,88.316,46956.66
HLA-B*51:03,LAASKKDGH,48.75,81.435,46310.31
HLA-B*51:03,AASKKDGHK,65.0,90.306,47153.7
HLA-B*51:03,ASKKDGHKN,75.833,94.241,47594.5
HLA-B*51:03,SKKDGHKNA,34.115,77.06,45914.67
HLA-B*51:03,KKDGHKNAR,81.25,97.21,48692.0
HLA-B*51:03,KDGHKNARI,38.0,62.509,44490.1
HLA-B*51:03,DGHKNARIK,27.241,48.769,42809.0
HLA-B*51:03,GHKNARIKI,16.338,39.383,41336.98
HLA-B*51:03,HKNARIKIT,45.2,78.715,46063.44
HLA-B*51:03,KNARIKITT,40.25,66.959,44957.06
HLA-B*51:03,NARIKITTI,0.186,0.387,8986.71
HLA-B*51:03,ARIKITTIR,58.5,92.521,47401.27
HLA-B*51:03,RIKITTIRI,6.841,13.543,33656.02
HLA-B*51:03,IKITTIRIM,10.12,23.479,37642.1
HLA-B*51:03,KITTIRIMI,14.99,20.578,36691.89
HLA-B*51:03,ITTIRIMIL,4.801,5.602,26906.38
HLA-B*51:03,TTIRIMILQ,33.964,48.166,42722.95
HLA-B*51:03,TIRIMILQY,13.289,26.193,38433.07
HLA-B*51:03,IRIMILQYM,10.745,17.65,35583.49
HLA-B*51:03,RIMILQYML,17.264,16.269,34985.27
HLA-B*51:03,IMILQYMLS,41.083,20.847,36788.49
HLA-B*51:03,MILQYMLSE,39.824,34.683,40438.05
HLA-B*51:03,ILQYMLSEG,66.818,44.825,42224.78
HLA-B*51:03,LQYMLSEGN,70.714,41.994,41773.99
HLA-B*51:03,QYMLSEGNL,26.833,35.773,40657.42
HLA-B*51:03,YMLSEGNLY,12.28,12.572,33103.82
HLA-B*51:03,MLSEGNLYI,3.436,2.241,20002.96
HLA-B*51:03,LSEGNLYIP,40.688,38.39,41158.01
HLA-B*51:03,SEGNLYIPE,58.0,67.795,45039.82
HLA-B*51:03,EGNLYIPEG,27.315,24.026,37814.75
HLA-B*51:03,GNLYIPEGT,69.091,86.174,46750.34
HLA-B*51:03,NLYIPEGTD,52.963,51.397,43158.27
HLA-B*51:03,LYIPEGTDK,62.143,83.149,46467.43
HLA-B*51:03,YIPEGTDKD,76.667,87.947,46921.12
HLA-B*51:03,IPEGTDKDS,51.111,70.13,45270.93
HLA-B*51:03,PEGTDKDSL,49.0,88.205,46946.0
HLA-B*51:03,EGTDKDSLQ,63.571,91.99,47341.82
HLA-B*51:03,GTDKDSLQD,86.667,95.633,47967.75
HLA-B*51:03,TDKDSLQDA,26.717,60.044,44220.87
HLA-B*51:03,DKDSLQDAR,41.25,88.011,46927.2
HLA-B*51:03,KDSLQDARP,68.182,87.711,46898.28
HLA-B*51:03,DSLQDARPS,22.01,20.704,36737.18
HLA-B*51:03,SLQDARPSV,4.08,10.747,31917.47
HLA-B*51:03,LQDARPSVE,37.421,76.517,45866.02
HLA-B*51:03,QDARPSVEL,10.22,35.369,40577.0
HLA-B*51:03,DARPSVELL,0.057,0.359,8573.26
HLA-B*51:03,ARPSVELLS,54.815,82.191,46379.53
HLA-B*51:03,RPSVELLSC,3.661,8.852,30467.86
HLA-B*51:03,PSVELLSCV,8.435,10.82,31970.7
HLA-B*51:03,SVELLSCVV,10.378,6.834,28476.54
HLA-B*51:03,VELLSCVVL,8.173,9.702,31164.34
HLA-B*51:03,ELLSCVVLP,33.536,26.482,38509.66
HLA-B*51:03,LLSCVVLPS,77.5,28.28,38990.56
HLA-B*51:03,LSCVVLPSI,5.022,1.376,16444.44
HLA-B*51:03,SCVVLPSIH,42.077,76.561,45869.98
HLA-B*51:03,CVVLPSIHQ,48.875,65.822,44844.85
HLA-B*51:03,VVLPSIHQA,1.577,5.171,26293.95
HLA-B*51:03,VLPSIHQAG,45.0,50.12,42995.14
HLA-B*51:03,LPSIHQAGD,39.647,20.265,36579.71
HLA-B*51:03,PSIHQAGDS,95.0,94.671,47642.93
HLA-B*51:03,SIHQAGDSK,53.333,72.223,45467.75
HLA-B*51:03,IHQAGDSKQ,63.929,90.933,47223.63
HLA-B*51:03,HQAGDSKQA,21.921,58.884,44082.8
HLA-B*51:03,QAGDSKQAR,31.794,86.758,46806.51
HLA-B*51:03,AGDSKQARD,82.5,95.206,47773.54
HLA-B*51:03,GDSKQARDK,95.0,97.466,48810.68
HLA-B*51:03,DSKQARDKD,63.929,72.584,45501.72
HLA-B*51:03,SKQARDKDS,88.333,96.475,48352.85
HLA-B*51:03,KQARDKDSR,78.333,96.393,48315.2
HLA-B*51:03,QARDKDSRD,61.429,87.932,46919.57
HLA-B*51:03,ARDKDSRDT,59.0,95.169,47756.47
HLA-B*51:03,RDKDSRDTN,85.0,95.448,47883.25
HLA-B*51:03,DKDSRDTNI,3.453,14.705,34251.14
HLA-B*51:03,KDSRDTNIE,93.333,97.112,48646.7
HLA-B*51:03,DSRDTNIEN,32.484,42.289,41822.84
HLA-B*51:03,SRDTNIENL,14.016,48.666,42794.17
HLA-B*51:03,RDTNIENLN,93.333,93.559,47517.82
HLA-B*51:03,DTNIENLND,66.818,62.197,44455.94
HLA-B*51:03,TNIENLNDE,66.818,85.347,46670.99
HLA-B*51:03,NIENLNDEY,39.529,63.286,44575.4
HLA-B*51:03,IENLNDEYS,60.357,62.175,44453.54
HLA-B*51:03,ENLNDEYSG,68.636,74.483,45681.29
HLA-B*51:03,NLNDEYSGS,59.5,75.066,45736.17
HLA-B*51:03,LNDEYSGST,41.917,52.546,43305.62
HLA-B*51:03,NDEYSGSTN,75.0,83.965,46542.38
HLA-B*51:03,DEYSGSTNN,28.714,35.296,40562.51
HLA-B*51:03,EYSGSTNNA,22.75,39.37,41334.74
HLA-B*51:03,YSGSTNNAK,43.455,60.8,44303.25
HLA-B*51:03,SGSTNNAKQ,75.0,93.513,47512.71
HLA-B*51:03,GSTNNAKQG,81.25,94.126,47581.64
HLA-B*51:03,STNNAKQGE,66.818,94.803,47657.89
HLA-B*51:03,TNNAKQGEV,8.092,20.786,36766.59
HLA-B*51:03,NNAKQGEVC,32.065,53.789,43465.7
HLA-B*51:03,NAKQGEVCE,30.811,59.356,44139.12
HLA-B*51:03,AKQGEVCES,68.182,94.282,47599.13
HLA-B*51:03,KQGEVCESI,9.482,19.402,36261.31
HLA-B*51:03,QGEVCESIT,83.75,75.498,45774.8
HLA-B*51:03,GEVCESITY,31.618,44.264,42135.8
HLA-B*51:03,EVCESITYP,15.451,20.297,36591.2
HLA-B*51:03,VCESITYPG,85.0,63.137,44558.99
HLA-B*51:03,CESITYPGS,70.0,48.64,42790.47
HLA-B*51:03,ESITYPGSV,0.694,0.897,13728.31
HLA-B*51:03,SITYPGSVV,9.609,12.64,33144.69
HLA-B*51:03,ITYPGSVVP,4.169,6.481,28053.3
HLA-B*51:03,TYPGSVVPN,54.63,73.883,45624.49
HLA-B*51:03,YPGSVVPNS,3.046,4.017,24343.88
HLA-B*51:03,PGSVVPNSS,65.909,89.389,47060.43
HLA-B*51:03,GSVVPNSSI,5.55,10.325,31612.97
HLA-B*51:03,SVVPNSSID,60.357,65.93,44855.52
HLA-B*51:03,VVPNSSIDF,15.541,26.245,38446.8
HLA-B*51:03,VPNSSIDFH,10.969,25.226,38164.98
HLA-B*51:03,PNSSIDFHP,68.636,81.533,46319.33
HLA-B*51:03,NSSIDFHPD,62.857,38.709,41216.84
HLA-B*51:03,SSIDFHPDQ,35.667,59.768,44188.34
HLA-B*51:03,SIDFHPDQW,11.806,30.958,39634.11
HLA-B*51:03,IDFHPDQWV,10.516,12.587,33112.77
HLA-B*51:03,DFHPDQWVV,1.848,2.81,21634.77
HLA-B*51:03,FHPDQWVVG,38.333,43.351,41994.7
HLA-B*51:03,HPDQWVVGL,0.226,1.192,15495.92
HLA-B*51:03,PDQWVVGLP,75.0,72.244,45469.75
HLA-B*51:03,DQWVVGLPE,30.108,22.958,37477.51
HLA-B*51:03,QWVVGLPEM,17.642,32.373,39953.59
HLA-B*51:03,WVVGLPEMG,65.455,45.155,42275.98
HLA-B*51:03,VVGLPEMGN,50.185,81.769,46340.9
HLA-B*51:03,VGLPEMGNY,21.518,32.45,39970.44
HLA-B*51:03,GLPEMGNYC,60.0,84.545,46595.81
HLA-B*51:03,LPEMGNYCL,2.446,1.976,19155.71
HLA-B*51:03,PEMGNYCLW,27.759,17.607,35565.39
HLA-B*51:03,EMGNYCLWP,72.143,37.834,41054.83
HLA-B*51:03,MGNYCLWPN,95.0,21.537,37021.28
HLA-B*51:03,GNYCLWPNT,75.833,56.468,43795.66
HLA-B*51:03,NYCLWPNTF,7.73,14.925,34359.53
HLA-B*51:03,YCLWPNTFR,31.088,53.538,43433.25
HLA-B*51:03,CLWPNTFRA,16.667,7.614,29338.8
HLA-B*51:03,LWPNTFRAD,88.333,76.728,45884.86
HLA-B*51:03,WPNTFRADK,32.0,25.325,38192.66
HLA-B*51:03,PNTFRADKN,97.5,97.331,48747.86
HLA-B*51:03,NTFRADKNG,54.63,40.707,41563.9
HLA-B*51:03,TFRADKNGI,22.41,34.833,40469.15
HLA-B*51:03,FRADKNGIP,55.75,69.385,45197.5
HLA-B*51:03,RADKNGIPT,33.786,39.465,41351.3
HLA-B*51:03,ADKNGIPTA,22.92,51.535,43176.0
HLA-B*51:03,DKNGIPTAH,28.735,79.336,46119.32
HLA-B*51:03,KNGIPTAHD,93.333,93.898,47555.9
HLA-B*51:03,NGIPTAHDP,17.534,21.159,36896.12
HLA-B*51:03,GIPTAHDPA,67.727,73.805,45617.07
HLA-B*51:03,IPTAHDPAN,23.885,25.52,38247.23
HLA-B*51:03,PTAHDPAND,97.5,96.651,48433.99
HLA-B*51:03,TAHDPANDR,26.767,65.566,44819.61
HLA-B*51:03,AHDPANDRD,65.455,94.68,47643.97
HLA-B*51:03,HDPANDRDD,97.5,97.331,48747.86
HLA-B*51:03,DPANDRDDH,34.038,75.775,45799.57
HLA-B*51:03,PANDRDDHS,68.636,93.541,47515.77
HLA-B*51:03,ANDRDDHSA,37.421,68.706,45130.07
HLA-B*51:03,NDRDDHSAA,16.947,34.837,40470.01
HLA-B*51:03,DRDDHSAAV,3.463,13.477,33619.64
HLA-B*51:03,RDDHSAAVG,74.286,78.904,46080.41
HLA-B*51:03,DDHSAAVGL,4.451,12.561,33097.38
HLA-B*51:03,DHSAAVGLA,18.817,16.825,35234.09
HLA-B*51:03,HSAAVGLAQ,37.368,53.651,43447.81
HLA-B*51:03,SAAVGLAQT,12.912,20.909,36810.77
HLA-B*51:03,AAVGLAQTK,23.356,47.728,42658.74
HLA-B*51:03,AVGLAQTKG,75.0,86.9,46820.19
HLA-B*51:03,VGLAQTKGL,10.188,26.113,38411.88
HLA-B*51:03,GLAQTKGLF,27.389,45.33,42302.51
HLA-B*51:03,LAQTKGLFR,36.143,46.818,42523.71
HLA-B*51:03,AQTKGLFRS,58.0,81.501,46316.34
HLA-B*51:03,QTKGLFRSP,7.933,30.485,39523.2
HLA-B*51:03,TKGLFRSPL,39.412,35.724,40647.75
HLA-B*51:03,KGLFRSPLI,6.026,3.396,23071.63
HLA-B*51:03,GLFRSPLII,6.555,7.989,29700.36
HLA-B*51:03,LFRSPLIIL,11.267,19.436,36274.27
HLA-B*51:03,FRSPLIILK,33.179,46.213,42435.0
HLA-B*51:03,RSPLIILKR,27.741,54.716,43585.3
HLA-B*51:03,SPLIILKRD,20.252,19.807,36412.67
HLA-B*51:03,PLIILKRDA,66.364,78.117,46009.67
HLA-B*51:03,LIILKRDAS,36.81,58.268,44009.43
HLA-B*51:03,IILKRDAST,28.469,41.43,41682.79
HLA-B*51:03,ILKRDASTR,44.455,76.429,45858.06
HLA-B*51:03,LKRDASTRL,13.886,38.768,41227.53
HLA-B*51:03,KRDASTRLY,20.919,67.475,45008.18
HLA-B*51:03,RDASTRLYF,17.311,31.908,39851.25
HLA-B*51:03,DASTRLYFF,0.467,0.885,13624.43
HLA-B*51:03,ASTRLYFFI,23.667,5.14,26250.75
HLA-B*51:03,STRLYFFIV,10.273,3.113,22401.56
HLA-B*51:03,TRLYFFIVA,22.48,23.329,37594.48
HLA-B*51:03,RLYFFIVAG,48.625,52.451,43293.42
HLA-B*51:03,LYFFIVAGA,29.545,22.672,37387.2
HLA-B*51:03,YFFIVAGAN,75.833,44.523,42176.85
HLA-B*51:03,FFIVAGANA,33.464,21.183,36904.09
HLA-B*51:03,FIVAGANAK,46.556,49.848,42958.86
HLA-B*51:03,IVAGANAKG,63.571,59.096,44108.11
HLA-B*51:03,VAGANAKGP,28.347,47.498,42624.59
HLA-B*51:03,AGANAKGPL,33.607,48.474,42766.86
HLA-B*51:03,GANAKGPLG,44.545,57.516,43920.0
HLA-B*51:03,ANAKGPLGI,15.619,30.568,39542.45
HLA-B*51:03,NAKGPLGIK,21.965,46.257,42441.44
HLA-B*51:03,AKGPLGIKA,30.351,63.484,44597.11
HLA-B*51:03,KGPLGIKAG,60.714,84.485,46590.25
HLA-B*51:03,GPLGIKAGQ,39.059,70.595,45314.54
HLA-B*51:03,PLGIKAGQC,85.0,95.195,47768.36
HLA-B*51:03,LGIKAGQCY,16.858,22.213,37242.26
HLA-B*51:03,GIKAGQCYN,95.0,95.207,47774.06
HLA-B*51:03,IKAGQCYNK,67.273,84.589,46599.84
HLA-B*51:03,KAGQCYNKL,6.678,20.579,36692.29
HLA-B*51:03,AGQCYNKLH,67.727,79.059,46094.38
HLA-B*51:03,GQCYNKLHQ,91.667,96.37,48304.73
HLA-B*51:03,QCYNKLHQQ,44.909,82.585,46415.68
HLA-B*51:03,CYNKLHQQI,13.015,8.431,30099.23
HLA-B*51:03,YNKLHQQII,2.82,4.309,24897.42
HLA-B*51:03,NKLHQQIIA,20.577,35.386,40580.51
HLA-B*51:03,KLHQQIIAI,5.444,11.903,32700.14
HLA-B*51:03,LHQQIIAIA,17.119,12.821,33252.45
HLA-B*51:03,HQQIIAIAI,2.792,4.697,25572.6
HLA-B*51:03,QQIIAIAIR,44.727,72.082,45454.5
HLA-B*51:03,QIIAIAIRR,20.821,56.428,43790.92
HLA-B*51:03,IIAIAIRRE,53.333,67.037,44964.86
HLA-B*51:03,IAIAIRRES,17.611,20.875,36798.43
HLA-B*51:03,AIAIRRESQ,73.571,95.274,47804.57
HLA-B*51:03,IAIRRESQP,7.95,19.852,36429.62
HLA-B*51:03,AIRRESQPP,54.444,62.711,44512.26
HLA-B*51:03,IRRESQPPL,20.138,29.789,39358.89
HLA-B*51:03,RRESQPPLP,51.852,80.175,46195.23
HLA-B*51:03,RESQPPLPA,18.537,37.014,40899.65
HLA-B*51:03,ESQPPLPAI,0.138,0.468,9990.44
HLA-B*51:03,SQPPLPAII,1.89,6.957,28625.13
HLA-B*51:03,QPPLPAIIV,0.105,0.4,9174.75
HLA-B*51:03,PPLPAIIVG,12.998,14.236,34021.79
HLA-B*51:03,PLPAIIVGS,70.714,86.463,46778.15
HLA-B*51:03,LPAIIVGSE,12.986,10.593,31805.79
HLA-B*51:03,PAIIVGSEL,4.299,10.251,31559.31
HLA-B*51:03,AIIVGSELP,41.0,51.94,43227.91
HLA-B*51:03,IIVGSELPV,16.8,9.219,30781.64
HLA-B*51:03,IVGSELPVE,59.25,81.687,46333.37
HLA-B*51:03,VGSELPVEY,5.302,23.693,37709.77
HLA-B*51:03,GSELPVEYN,86.667,93.756,47539.95
HLA-B*51:03,SELPVEYNV,2.24,6.96,28628.55
HLA-B*51:03,ELPVEYNVS,42.077,63.431,44591.3
HLA-B*51:03,LPVEYNVSI,0.018,0.023,1729.21
HLA-B*51:03,PVEYNVSIG,97.5,94.41,47613.56
HLA-B*51:03,VEYNVSIGE,47.375,61.076,44333.46
HLA-B*51:03,EYNVSIGEI,5.117,6.042,27495.56
HLA-B*51:03,YNVSIGEIS,54.074,49.822,42955.15
HLA-B*51:03,NVSIGEISY,15.302,35.309,40565.15
HLA-B*51:03,VSIGEISYA,7.202,10.695,31879.51
HLA-B*51:03,SIGEISYAE,41.0,70.162,45273.85
HLA-B*51:03,IGEISYAEC,31.706,39.468,41351.72
HLA-B*51:03,GEISYAECT,45.9,54.756,43590.5
HLA-B*51:03,EISYAECTE,59.25,78.095,46007.66
HLA-B*51:03,ISYAECTEE,42.462,45.094,42266.84
HLA-B*51:03,SYAECTEEG,72.857,71.905,45437.77
HLA-B*51:03,YAECTEEGY,21.43,26.721,38573.06
HLA-B*51:03,AECTEEGYV,31.588,38.707,41216.39
HLA-B*51:03,ECTEEGYVF,8.494,20.158,36541.75
HLA-B*51:03,CTEEGYVFV,15.884,9.075,30660.65
HLA-B*51:03,TEEGYVFVH,28.694,57.68,43939.46
HLA-B*51:03,EEGYVFVHE,36.476,60.536,44274.49
HLA-B*51:03,EGYVFVHEL,0.373,0.82,13072.36
HLA-B*51:03,GYVFVHELV,28.061,27.006,38649.09
HLA-B*51:03,YVFVHELVM,1.758,1.541,17284.92
HLA-B*51:03,VFVHELVML,19.534,36.457,40791.36
HLA-B*51:03,FVHELVMLE,17.389,21.159,36896.12
HLA-B*51:03,VHELVMLEN,67.727,64.75,44736.27
HLA-B*51:03,HELVMLENC,27.981,40.287,41492.9
HLA-B*51:03,ELVMLENCW,13.343,14.685,34241.52
HLA-B*51:03,LVMLENCWY,40.812,19.344,36239.73
HLA-B*51:03,VMLENCWYT,37.895,20.653,36718.89
HLA-B*51:03,MLENCWYTK,56.25,42.431,41846.36
HLA-B*51:03,LENCWYTKR,62.857,54.544,43563.16
HLA-B*51:03,ENCWYTKRN,83.75,81.95,46357.43
HLA-B*51:03,NCWYTKRNV,7.408,8.476,30140.62
HLA-B*51:03,CWYTKRNVM,25.507,23.146,37536.75
HLA-B*51:03,WYTKRNVMK,66.818,83.916,46537.88
HLA-B*51:03,YTKRNVMKD,53.148,45.564,42337.77
HLA-B*51:03,TKRNVMKDF,42.0,69.862,45244.98
HLA-B*51:03,KRNVMKDFK,83.75,93.884,47554.37
HLA-B*51:03,RNVMKDFKK,73.571,86.342,46766.54
HLA-B*51:03,NVMKDFKKG,35.667,35.713,40645.54
HLA-B*51:03,VMKDFKKGG,71.429,85.1,46647.25
HLA-B*51:03,MKDFKKGGQ,91.667,96.298,48271.81
HLA-B*51:03,KDFKKGGQL,16.373,44.072,42105.24
HLA-B*51:03,DFKKGGQLG,43.273,59.036,44100.94
HLA-B*51:03,FKKGGQLGT,41.167,71.628,45411.73
HLA-B*51:03,KKGGQLGTM,53.148,74.207,45655.1
HLA-B*51:03,KGGQLGTMR,63.571,93.568,47518.86
HLA-B*51:03,GGQLGTMRE,78.333,93.774,47542.01
HLA-B*51:03,GQLGTMREN,88.333,89.821,47102.18
HLA-B*51:03,QLGTMRENE,78.333,95.367,47846.48
HLA-B*51:03,LGTMRENEN,86.667,80.882,46259.75
HLA-B*51:03,GTMRENENV,16.827,25.059,38118.34
HLA-B*51:03,TMRENENVR,32.871,70.157,45273.38
HLA-B*51:03,MRENENVRV,22.14,34.334,40365.93
HLA-B*51:03,RENENVRVT,24.896,47.576,42636.13
HLA-B*51:03,ENENVRVTR,27.537,73.074,45548.02
HLA-B*51:03,NENVRVTRF,4.273,16.815,35229.5
HLA-B*51:03,ENVRVTRFS,39.412,41.659,41719.8
HLA-B*51:03,NVRVTRFSW,6.138,7.477,29204.53
HLA-B*51:03,VRVTRFSWR,78.333,90.64,47190.96
HLA-B*51:03,RVTRFSWRL,19.797,17.965,35715.39
HLA-B*51:03,VTRFSWRLP,33.5,23.216,37559.09
HLA-B*51:03,TRFSWRLPT,47.0,26.584,38536.76
HLA-B*51:03,RFSWRLPTD,90.0,83.987,46544.42
HLA-B*51:03,FSWRLPTDG,45.6,19.726,36382.36
HLA-B*51:03,SWRLPTDGQ,85.0,95.19,47766.29
HLA-B*51:03,WRLPTDGQI,16.333,17.37,35466.63
HLA-B*51:03,RLPTDGQID,93.333,95.184,47763.71
HLA-B*51:03,LPTDGQIDT,9.225,15.626,34689.39
HLA-B*51:03,PTDGQIDTT,50.926,86.374,46769.55
HLA-B*51:03,TDGQIDTTR,61.786,94.213,47591.43
HLA-B*51:03,DGQIDTTRA,6.427,13.483,33622.92
HLA-B*51:03,GQIDTTRAR,44.182,87.242,46853.11
HLA-B*51:03,QIDTTRART,40.375,67.436,45004.26
HLA-B*51:03,IDTTRARTA,21.044,35.539,40610.82
HLA-B*51:03,DTTRARTAS,35.333,46.934,42540.75
HLA-B*51:03,TTRARTASF,6.783,11.393,32360.83
HLA-B*51:03,TRARTASFL,21.474,29.81,39364.01
HLA-B*51:03,RARTASFLG,43.455,19.068,36137.16
HLA-B*51:03,ARTASFLGK,47.75,84.803,46619.49
HLA-B*51:03,RTASFLGKE,61.071,74.045,45639.79
HLA-B*51:03,TASFLGKEG,32.0,27.17,38693.85
HLA-B*51:03,ASFLGKEGN,72.857,71.033,45355.73
HLA-B*51:03,SFLGKEGNE,91.667,96.187,48220.66
HLA-B*51:03,FLGKEGNEI,13.864,13.553,33661.49
HLA-B*51:03,LGKEGNEIL,10.644,27.307,38731.12
HLA-B*51:03,GKEGNEILS,91.667,96.341,48291.68
HLA-B*51:03,KEGNEILST,48.625,74.248,45659.05
HLA-B*51:03,EGNEILSTR,9.329,32.905,40069.6
HLA-B*51:03,GNEILSTRL,31.853,66.826,44943.93
HLA-B*51:03,NEILSTRLT,19.98,22.814,37432.12
HLA-B*51:03,EILSTRLTE,24.636,44.101,42109.8
HLA-B*51:03,ILSTRLTEI,4.47,6.877,28528.96
HLA-B*51:03,LSTRLTEIW,16.316,9.923,31324.24
HLA-B*51:03,STRLTEIWA,20.902,17.924,35698.39
HLA-B*51:03,TRLTEIWAE,53.148,76.251,45842.21
HLA-B*51:03,RLTEIWAER,59.0,76.135,45831.78
HLA-B*51:03,LTEIWAERK,55.75,67.741,45034.48
HLA-B*51:03,TEIWAERKD,71.429,71.482,45397.96
HLA-B*51:03,EIWAERKDE,65.0,84.326,46575.65
HLA-B*51:03,IWAERKDEL,20.667,45.885,42386.35
HLA-B*51:03,WAERKDELA,22.05,23.968,37796.76
HLA-B*51:03,AERKDELAS,58.25,76.074,45826.34
HLA-B*51:03,ERKDELASE,49.714,91.235,47257.39
HLA-B*51:03,RKDELASEE,73.571,95.647,47974.0
HLA-B*51:03,KDELASEER,82.5,97.085,48634.06
HLA-B*51:03,DELASEERN,63.571,72.965,45537.68
HLA-B*51:03,ELASEERNL,15.175,34.903,40483.58
HLA-B*51:03,LASEERNLE,38.722,53.858,43474.61
HLA-B*51:03,ASEERNLEA,15.0,34.423,40384.29
HLA-B*51:03,SEERNLEAF,18.896,38.012,41088.6
HLA-B*51:03,EERNLEAFE,45.5,66.107,44873.0
HLA-B*51:03,ERNLEAFEM,17.534,30.288,39477.04
HLA-B*51:03,RNLEAFEME,61.429,77.608,45963.88
HLA-B*51:03,NLEAFEMEV,8.932,14.269,34037.99
HLA-B*51:03,LEAFEMEVK,52.222,65.118,44775.5
HLA-B*51:03,EAFEMEVKE,10.143,17.366,35465.09
HLA-B*51:03,AFEMEVKEI,20.22,39.355,41332.05
HLA-B*51:03,FEMEVKEIV,1.575,2.043,19388.0
HLA-B*51:03,EMEVKEIVT,25.612,51.01,43108.79
HLA-B*51:03,MEVKEIVTA,6.836,8.258,29942.99
HLA-B*51:03,EVKEIVTAT,3.248,13.913,33859.1
HLA-B*51:03,VKEIVTATI,4.673,8.765,30392.12
HLA-B*51:03,KEIVTATIN,81.25,73.815,45618.07
HLA-B*51:03,EIVTATINE,37.0,67.062,44967.27
HLA-B*51:03,IVTATINEL,3.546,9.335,30879.37
HLA-B*51:03,VTATINELL,5.884,8.56,30214.42
HLA-B*51:03,TATINELLG,33.214,18.937,36087.53
HLA-B*51:03,ATINELLGD,85.0,80.827,46254.73
HLA-B*51:03,TINELLGDR,70.0,82.744,46430.23
HLA-B*51:03,INELLGDRK,65.0,88.747,46998.34
HLA-B*51:03,NELLGDRKP,26.15,44.856,42229.82
HLA-B*51:03,ELLGDRKPS,54.63,70.418,45297.89
HLA-B*51:03,LLGDRKPSL,8.551,23.268,37575.35
HLA-B*51:03,LGDRKPSLS,41.5,58.54,44041.82
HLA-B*51:03,GDRKPSLSP,36.524,66.511,44912.81
HLA-B*51:03,DRKPSLSPL,7.402,20.843,36786.9
HLA-B*51:03,RKPSLSPLS,60.357,86.363,46768.55
HLA-B*51:03,KPSLSPLSS,13.069,23.579,37673.45
HLA-B*51:03,PSLSPLSSK,51.111,73.048,45545.55
HLA-B*51:03,SLSPLSSKE,46.222,74.901,45720.84
HLA-B*51:03,LSPLSSKEP,22.92,39.985,41441.77
HLA-B*51:03,SPLSSKEPS,22.95,27.382,38751.66
HLA-B*51:03,PLSSKEPSE,82.5,96.703,48458.11
HLA-B*51:03,LSSKEPSES,42.462,64.473,44705.79
HLA-B*51:03,SSKEPSESE,24.688,71.55,45404.34
HLA-B*51:03,SKEPSESET,46.889,91.308,47265.55
HLA-B*51:03,KEPSESETS,69.091,95.448,47883.25
HLA-B*51:03,EPSESETSL,0.218,2.227,19959.07
HLA-B*51:03,PSESETSLI,19.432,26.873,38613.56
HLA-B*51:03,SESETSLIS,21.439,38.172,41117.95
HLA-B*51:03,ESETSLISH,31.618,64.767,44738.23
HLA-B*51:03,SETSLISHT,12.625,37.429,40978.04
HLA-B*51:03,ETSLISHTS,7.698,14.244,34025.83
HLA-B*51:03,TSLISHTSV,1.003,1.375,16439.29
HLA-B*51:03,SLISHTSVT,24.026,31.8,39826.68
HLA-B*51:03,LISHTSVTN,67.273,59.056,44103.33
HLA-B*51:03,ISHTSVTNN,61.786,56.1,43752.08
HLA-B*51:03,SHTSVTNNT,42.769,52.961,43359.05
HLA-B*51:03,HTSVTNNTG,41.417,43.185,41969.25
HLA-B*51:03,TSVTNNTGG,70.714,65.856,44848.23
HLA-B*51:03,SVTNNTGGV,25.597,25.505,38243.08
HLA-B*51:03,VTNNTGGVP,41.833,44.503,42173.64
HLA-B*51:03,TNNTGGVPI,7.492,8.832,30450.71
HLA-B*51:03,NNTGGVPIG,67.727,72.62,45505.19
HLA-B*51:03,NTGGVPIGY,12.648,28.717,39099.54
HLA-B*51:03,TGGVPIGYA,26.5,22.784,37422.39
HLA-B*51:03,GGVPIGYAT,35.167,49.269,42879.01
HLA-B*51:03,GVPIGYATV,12.259,23.503,37649.43
HLA-B*51:03,VPIGYATVS,4.752,4.171,24635.08
HLA-B*51:03,PIGYATVST,82.5,87.516,46879.5
HLA-B*51:03,IGYATVSTG,10.113,8.983,30582.45
HLA-B*51:03,GYATVSTGN,97.5,95.853,48068.02
HLA-B*51:03,YATVSTGND,74.286,37.693,41028.18
HLA-B*51:03,ATVSTGNDQ,80.0,95.487,47901.38
HLA-B*51:03,TVSTGNDQT,49.857,74.776,45708.98
HLA-B*51:03,VSTGNDQTL,5.804,18.858,36057.47
HLA-B*51:03,STGNDQTLS,56.0,81.506,46316.85
HLA-B*51:03,TGNDQTLSS,31.176,51.955,43229.78
HLA-B*51:03,GNDQTLSSL,10.738,41.335,41667.47
HLA-B*51:03,NDQTLSSLY,23.23,33.44,40181.18
HLA-B*51:03,DQTLSSLYQ,39.412,53.917,43482.15
HLA-B*51:03,QTLSSLYQM,5.573,9.342,30885.04
HLA-B*51:03,TLSSLYQMD,49.857,54.905,43609.84
HLA-B*51:03,LSSLYQMDD,95.0,51.473,43168.07
HLA-B*51:03,SSLYQMDDL,21.439,22.301,37270.05
HLA-B*51:03,SLYQMDDLC,47.0,41.919,41761.79
HLA-B*51:03,LYQMDDLCN,97.5,81.035,46273.77
HLA-B*51:03,YQMDDLCNI,2.47,1.72,18057.24
HLA-B*51:03,QMDDLCNII,11.536,11.456,32402.53
HLA-B*51:03,MDDLCNIIK,68.182,65.413,44804.58
HLA-B*51:03,DDLCNIIKL,2.593,5.563,26854.03
HLA-B*51:03,DLCNIIKLG,40.0,34.751,40452.06
HLA-B*51:03,LCNIIKLGH,51.111,80.465,46221.72
HLA-B*51:03,CNIIKLGHG,91.667,56.184,43762.04
HLA-B*51:03,NIIKLGHGT,21.325,34.645,40430.18
HLA-B*51:03,IIKLGHGTS,53.889,60.967,44321.45
HLA-B*51:03,IKLGHGTSR,60.0,88.942,47017.17
HLA-B*51:03,KLGHGTSRL,30.703,62.078,44442.96
HLA-B*51:03,LGHGTSRLE,55.5,60.896,44313.8
HLA-B*51:03,GHGTSRLER,77.5,95.551,47930.39
HLA-B*51:03,HGTSRLERA,18.585,35.018,40507.25
HLA-B*51:03,GTSRLERAL,29.341,53.359,43410.23
HLA-B*51:03,TSRLERALE,65.0,68.578,45117.39
HLA-B*51:03,SRLERALED,71.429,75.277,45754.99
HLA-B*51:03,RLERALEDP,83.75,91.34,47269.12
HLA-B*51:03,LERALEDPL,25.254,19.921,36455.64
HLA-B*51:03,ERALEDPLI,11.771,14.122,33966.24
HLA-B*51:03,RALEDPLIQ,35.708,63.682,44618.83
HLA-B*51:03,ALEDPLIQN,69.091,95.305,47818.54
HLA-B*51:03,LEDPLIQNI,0.657,2.843,21721.78
HLA-B*51:03,EDPLIQNIL,7.401,25.077,38123.29
HLA-B*51:03,DPLIQNILY,0.905,2.091,19537.08
HLA-B*51:03,PLIQNILYK,58.25,77.492,45953.45
HLA-B*51:03,LIQNILYKF,8.471,11.196,32230.84
HLA-B*51:03,IQNILYKFV,5.597,7.086,28771.38
HLA-B*51:03,QNILYKFVS,46.889,42.292,41823.3
HLA-B*51:03,NILYKFVSD,65.455,50.328,43021.66
HLA-B*51:03,ILYKFVSDE,55.0,61.806,44413.16
HLA-B*51:03,LYKFVSDED,88.333,79.795,46160.74
HLA-B*51:03,YKFVSDEDA,41.833,42.428,41845.93
HLA-B*51:03,KFVSDEDAL,46.111,71.388,45389.12
HLA-B*51:03,FVSDEDALE,59.5,70.971,45349.86
HLA-B*51:03,VSDEDALEF,4.035,13.6,33687.36
HLA-B*51:03,SDEDALEFD,90.0,95.421,47871.33
HLA-B*51:03,DEDALEFDA,21.789,27.512,38787.34
HLA-B*51:03,EDALEFDAV,10.184,11.358,32337.73
HLA-B*51:03,DALEFDAVD,25.955,11.094,32163.25
HLA-B*51:03,ALEFDAVDL,38.222,64.455,44703.85
HLA-B*51:03,LEFDAVDLG,51.296,32.821,40051.39
HLA-B*51:03,EFDAVDLGA,23.586,33.579,40209.88
HLA-B*51:03,FDAVDLGAG,85.0,59.392,44143.43
HLA-B*51:03,DAVDLGAGL,0.54,1.569,17396.55
HLA-B*51:03,AVDLGAGLE,76.667,91.647,47303.43
HLA-B*51:03,VDLGAGLER,52.222,81.09,46278.75
HLA-B*51:03,DLGAGLERK,60.357,80.838,46255.75
HLA-B*51:03,LGAGLERKE,67.727,84.973,46635.16
HLA-B*51:03,GAGLERKEH,63.571,95.444,47881.68
HLA-B*51:03,AGLERKEHL,8.944,36.591,40817.41
HLA-B*51:03,GLERKEHLE,88.333,96.796,48500.6
HLA-B*51:03,LERKEHLEA,16.676,20.14,36535.01
HLA-B*51:03,ERKEHLEAE,57.0,89.758,47096.07
HLA-B*51:03,RKEHLEAET,81.25,95.379,47852.16
HLA-B*51:03,KEHLEAETG,63.929,70.193,45276.8
HLA-B*51:03,EHLEAETGA,16.938,33.987,40294.38
HLA-B*51:03,HLEAETGAE,83.75,95.016,47687.28
HLA-B*51:03,LEAETGAEG,40.75,45.158,42276.44
HLA-B*51:03,EAETGAEGL,4.888,20.812,36775.75
HLA-B*51:03,AETGAEGLG,82.5,84.321,46575.14
HLA-B*51:03,ETGAEGLGV,9.562,13.304,33525.2
HLA-B*51:03,TGAEGLGVR,53.333,77.309,45937.04
HLA-B*51:03,GAEGLGVRQ,64.286,95.055,47704.85
HLA-B*51:03,AEGLGVRQH,38.667,90.535,47179.21
HLA-B*51:03,EGLGVRQHE,33.643,61.432,44372.33
HLA-B*51:03,GLGVRQHEM,34.731,58.624,44051.82
HLA-B*51:03,LGVRQHEMP,35.792,41.12,41632.77
HLA-B*51:03,GVRQHEMPI,19.324,19.977,36476.55
HLA-B*51:03,VRQHEMPIA,43.182,55.652,43699.09
HLA-B*51:03,RQHEMPIAH,30.649,69.173,45176.49
HLA-B*51:03,QHEMPIAHS,40.562,69.4,45198.99
HLA-B*51:03,HEMPIAHSF,0.587,2.972,22063.11
HLA-B*51:03,EMPIAHSFT,26.317,27.354,38744.12
HLA-B*51:03,MPIAHSFTQ,3.516,2.355,20366.79
HLA-B*51:03,PIAHSFTQV,13.669,23.573,37671.82
HLA-B*51:03,IAHSFTQVE,14.373,19.288,36218.96
HLA-B*51:03,AHSFTQVEH,41.5,79.037,46092.38
HLA-B*51:03,HSFTQVEHV,0.685,1.37,16413.34
HLA-B*51:03,SFTQVEHVR,54.074,84.025,46547.93
HLA-B*51:03,FTQVEHVRH,31.912,49.62,42927.27
HLA-B*51:03,TQVEHVRHG,31.824,41.612,41712.13
HLA-B*51:03,QVEHVRHGL,15.746,42.409,41842.75
HLA-B*51:03,VEHVRHGLL,6.851,14.147,33978.38
HLA-B*51:03,EHVRHGLLK,41.25,47.053,42558.23
HLA-B*51:03,HVRHGLLKI,3.368,6.565,28154.86
HLA-B*51:03,VRHGLLKIN,85.0,92.109,47355.13
HLA-B*51:03,RHGLLKINV,25.881,29.98,39404.91
HLA-B*51:03,HGLLKINVM,4.41,10.935,32054.17
HLA-B*51:03,GLLKINVMG,71.429,81.221,46290.78
HLA-B*51:03,LLKINVMGE,49.143,72.98,45539.15
HLA-B*51:03,LKINVMGEV,17.047,12.942,33324.84
HLA-B*51:03,KINVMGEVP,51.667,62.245,44461.22
HLA-B*51:03,INVMGEVPT,56.25,48.494,42769.64
HLA-B*51:03,NVMGEVPTS,17.321,23.289,37581.87
HLA-B*51:03,VMGEVPTSE,38.722,72.991,45540.15
HLA-B*51:03,MGEVPTSEP,16.498,26.651,38554.68
HLA-B*51:03,GEVPTSEPL,14.201,29.785,39358.05
HLA-B*51:03,EVPTSEPLD,29.636,64.723,44733.39
HLA-B*51:03,VPTSEPLDS,15.608,26.287,38458.03
HLA-B*51:03,PTSEPLDSV,7.008,18.748,36015.36
HLA-B*51:03,TSEPLDSVP,22.99,43.44,42008.33
HLA-B*51:03,SEPLDSVPE,48.5,81.051,46275.26
HLA-B*51:03,EPLDSVPEQ,6.888,22.3,37269.65
HLA-B*51:03,PLDSVPEQI,18.354,42.292,41823.3
HLA-B*51:03,LDSVPEQIY,27.093,49.926,42969.56
HLA-B*51:03,DSVPEQIYQ,19.081,47.653,42647.66
HLA-B*51:03,SVPEQIYQK,10.627,48.607,42785.84
HLA-B*51:03,VPEQIYQKQ,12.667,33.926,40281.72
HLA-B*51:03,PEQIYQKQG,82.5,95.016,47687.28
HLA-B*51:03,EQIYQKQGE,39.588,78.333,46029.08
HLA-B*51:03,QIYQKQGEN,51.111,70.459,45301.8
HLA-B*51:03,IYQKQGENA,38.5,50.518,43045.89
HLA-B*51:03,YQKQGENAA,8.241,28.341,39005.75
HLA-B*51:03,QKQGENAAP,55.0,85.068,46644.21
HLA-B*51:03,KQGENAAPQ,79.167,93.143,47471.08
HLA-B*51:03,QGENAAPQV,4.512,15.679,34714.16
HLA-B*51:03,GENAAPQVI,6.865,20.43,36638.73
HLA-B*51:03,ENAAPQVIN,46.111,57.568,43926.18
HLA-B*51:03,NAAPQVINK,4.691,20.895,36805.6
HLA-B*51:03,AAPQVINKE,27.463,60.905,44314.74
HLA-B*51:03,APQVINKEK,27.852,53.158,43384.39
HLA-B*51:03,PQVINKEKA,55.5,78.422,46037.04
HLA-B*51:03,QVINKEKAD,78.333,95.089,47720.32
HLA-B*51:03,VINKEKADK,85.0,95.287,47810.24
HLA-B*51:03,INKEKADKQ,76.667,95.783,48036.32
HLA-B*51:03,NKEKADKQI,18.433,44.664,42199.21
HLA-B*51:03,KEKADKQIQ,75.833,96.919,48557.31
HLA-B*51:03,EKADKQIQT,19.628,62.654,44506.0
HLA-B*51:03,KADKQIQTI,0.558,3.083,22331.37
HLA-B*51:03,ADKQIQTIQ,67.727,95.057,47705.86
HLA-B*51:03,DKQIQTIQP,22.88,45.709,42359.76
HLA-B*51:03,KQIQTIQPK,34.885,58.416,44027.06
HLA-B*51:03,QIQTIQPKS,34.654,62.474,44486.26
HLA-B*51:03,IQTIQPKSY,24.805,55.224,43648.54
HLA-B*51:03,QTIQPKSYI,1.256,3.475,23262.63
HLA-B*51:03,TIQPKSYIG,38.333,47.817,42672.11
HLA-B*51:03,IQPKSYIGK,32.419,68.223,45082.25
HLA-B*51:03,QPKSYIGKC,3.066,8.491,30153.67
HLA-B*51:03,PKSYIGKCK,85.0,96.737,48473.3
HLA-B*51:03,KSYIGKCKS,51.852,62.263,44463.17
HLA-B*51:03,SYIGKCKSL,16.902,40.511,41530.62
HLA-B*51:03,YIGKCKSLI,25.343,14.319,34062.3
HLA-B*51:03,IGKCKSLIH,44.818,60.119,44229.0
HLA-B*51:03,GKCKSLIHA,51.296,79.762,46157.74
HLA-B*51:03,KCKSLIHAN,75.0,92.845,47437.69
HLA-B*51:03,CKSLIHANE,83.75,75.354,45761.93
HLA-B*51:03,KSLIHANEG,62.143,56.944,43852.08
HLA-B*51:03,SLIHANEGV,18.811,24.022,37813.54
HLA-B*51:03,LIHANEGVP,61.071,53.8,43467.09
HLA-B*51:03,IHANEGVPK,59.25,74.906,45721.34
HLA-B*51:03,HANEGVPKV,0.17,0.987,14281.93
HLA-B*51:03,ANEGVPKVH,57.75,95.726,48010.34
HLA-B*51:03,NEGVPKVHS,37.316,71.983,45445.15
HLA-B*51:03,EGVPKVHSK,9.565,36.277,40756.52
HLA-B*51:03,GVPKVHSKA,19.0,49.707,42939.36
HLA-B*51:03,VPKVHSKAF,0.827,3.759,23830.73
HLA-B*51:03,PKVHSKAFM,62.857,83.877,46534.34
HLA-B*51:03,KVHSKAFMR,35.417,68.765,45135.93
HLA-B*51:03,VHSKAFMRN,62.143,53.636,43445.94
HLA-B*51:03,HSKAFMRNK,29.318,54.209,43519.8
HLA-B*51:03,SKAFMRNKP,45.3,57.584,43928.07
HLA-B*51:03,KAFMRNKPV,3.309,2.291,20161.79
HLA-B*51:03,AFMRNKPVI,13.963,19.884,36441.84
HLA-B*51:03,FMRNKPVIF,4.197,7.382,29098.85
HLA-B*51:03,MRNKPVIFD,71.429,61.749,44406.91
HLA-B*51:03,RNKPVIFDG,63.214,73.674,45604.75
HLA-B*51:03,NKPVIFDGI,13.16,15.873,34805.55
HLA-B*51:03,KPVIFDGID,59.0,37.827,41053.48
HLA-B*51:03,PVIFDGIDA,59.75,65.881,44850.66
HLA-B*51:03,VIFDGIDAN,57.5,60.826,44306.11
HLA-B*51:03,IFDGIDANI,8.448,12.664,33159.04
HLA-B*51:03,FDGIDANIE,90.0,90.329,47156.25
HLA-B*51:03,DGIDANIEA,3.48,5.934,27353.44
HLA-B*51:03,GIDANIEAI,14.818,34.0,40296.98
HLA-B*51:03,IDANIEAIR,67.727,86.105,46743.77
HLA-B*51:03,DANIEAIRH,11.293,34.59,40418.81
HLA-B*51:03,ANIEAIRHT,27.167,55.2,43645.72
HLA-B*51:03,NIEAIRHTG,37.526,45.624,42346.95
HLA-B*51:03,IEAIRHTGD,82.5,79.313,46117.3
HLA-B*51:03,EAIRHTGDE,40.312,54.964,43617.38
HLA-B*51:03,AIRHTGDEK,72.857,90.21,47142.99
HLA-B*51:03,IRHTGDEKF,22.23,54.792,43595.2
HLA-B*51:03,RHTGDEKFT,88.333,95.077,47715.15
HLA-B*51:03,HTGDEKFTQ,51.852,90.608,47187.37
HLA-B*51:03,TGDEKFTQK,25.552,68.701,45129.58
HLA-B*51:03,GDEKFTQKH,52.222,96.492,48360.68
HLA-B*51:03,DEKFTQKHA,11.603,29.393,39264.04
HLA-B*51:03,EKFTQKHAD,62.143,72.062,45452.51
HLA-B*51:03,KFTQKHADP,78.333,92.159,47360.79
HLA-B*51:03,FTQKHADPL,11.086,10.185,31511.89
HLA-B*51:03,TQKHADPLD,70.714,77.769,45978.32
HLA-B*51:03,QKHADPLDA,36.476,70.746,45328.77
HLA-B*51:03,KHADPLDAL,16.596,42.308,41826.02
HLA-B*51:03,HADPLDALG,17.927,25.108,38131.94
HLA-B*51:03,ADPLDALGG,77.5,91.349,47270.16
HLA-B*51:03,DPLDALGGN,15.067,20.3,36592.38
HLA-B*51:03,PLDALGGNN,100.0,96.405,48320.93
HLA-B*51:03,LDALGGNNG,82.5,73.314,45570.71
HLA-B*51:03,DALGGNNGA,4.584,6.359,27897.12
HLA-B*51:03,ALGGNNGAE,93.333,96.414,48325.14
HLA-B*51:03,LGGNNGAEI,10.014,9.482,31003.9
HLA-B*51:03,GGNNGAEID,97.5,96.123,48191.46
HLA-B*51:03,GNNGAEIDV,46.0,64.96,44759.53
HLA-B*51:03,NNGAEIDVH,63.929,94.62,47637.27
HLA-B*51:03,NGAEIDVHQ,42.154,70.465,45302.3
HLA-B*51:03,GAEIDVHQR,45.8,94.149,47584.21
HLA-B*51:03,AEIDVHQRF,4.192,19.955,36468.27
HLA-B*51:03,EIDVHQRFE,30.622,69.011,45160.36
HLA-B*51:03,IDVHQRFEV,7.848,11.529,32450.94
HLA-B*51:03,DVHQRFEVA,1.709,2.93,21951.2
HLA-B*51:03,VHQRFEVAP,45.9,49.33,42887.36
HLA-B*51:03,HQRFEVAPD,61.071,57.708,43942.81
HLA-B*51:03,QRFEVAPDW,15.369,29.803,39362.31
HLA-B*51:03,RFEVAPDWA,68.182,74.525,45685.23
HLA-B*51:03,FEVAPDWAS,37.474,27.834,38875.57
HLA-B*51:03,EVAPDWASA,5.199,8.035,29742.79
HLA-B*51:03,VAPDWASAK,13.938,30.624,39555.71
HLA-B*51:03,APDWASAKL,0.88,3.595,23508.32
HLA-B*51:03,PDWASAKLE,88.333,93.6,47522.45
HLA-B*51:03,DWASAKLEK,39.471,74.014,45636.82
HLA-B*51:03,WASAKLEKS,29.682,36.514,40802.41
HLA-B*51:03,ASAKLEKSA,16.444,39.082,41284.68
HLA-B*51:03,SAKLEKSAL,3.167,13.966,33888.44
HLA-B*51:03,AKLEKSALS,57.25,78.859,46076.43
HLA-B*51:03,KLEKSALSD,93.333,95.023,47690.39
HLA-B*51:03,LEKSALSDN,77.5,81.709,46335.38
HLA-B*51:03,EKSALSDNK,72.857,87.895,46916.04
HLA-B*51:03,KSALSDNKG,69.091,74.348,45668.44
HLA-B*51:03,SALSDNKGE,56.0,80.964,46267.26
HLA-B*51:03,ALSDNKGEL,28.694,58.708,44061.82
HLA-B*51:03,LSDNKGELS,41.917,67.923,45052.49
HLA-B*51:03,SDNKGELSL,12.382,39.692,41390.68
HLA-B*51:03,DNKGELSLI,1.218,2.529,20911.87
HLA-B*51:03,NKGELSLII,6.803,9.542,31049.23
HLA-B*51:03,KGELSLIIG,72.857,77.165,45924.12
HLA-B*51:03,GELSLIIGP,34.654,46.918,42538.44
HLA-B*51:03,ELSLIIGPM,22.55,10.979,32086.45
HLA-B*51:03,LSLIIGPMS,34.5,21.022,36850.63
HLA-B*51:03,SLIIGPMSM,6.029,13.898,33850.69
HLA-B*51:03,LIIGPMSMV,4.179,4.105,24509.32
HLA-B*51:03,IIGPMSMVK,42.923,46.191,42431.78
HLA-B*51:03,IGPMSMVKH,33.643,64.912,44754.19
HLA-B*51:03,GPMSMVKHT,8.707,14.514,34157.53
HLA-B*51:03,PMSMVKHTA,19.514,37.34,40961.21
HLA-B*51:03,MSMVKHTAL,1.432,1.333,16216.34
HLA-B*51:03,SMVKHTALL,6.146,10.696,31880.89
HLA-B*51:03,MVKHTALLG,35.583,14.898,34346.15
HLA-B*51:03,VKHTALLGH,54.074,87.221,46851.09
HLA-B*51:03,KHTALLGHV,26.833,26.516,38518.85
HLA-B*51:03,HTALLGHVS,31.441,35.325,40568.21
HLA-B*51:03,TALLGHVSD,30.459,25.578,38263.39
HLA-B*51:03,ALLGHVSDD,95.0,95.29,47811.79
HLA-B*51:03,LLGHVSDDP,82.5,75.426,45768.36
HLA-B*51:03,LGHVSDDPE,74.286,72.704,45513.05
HLA-B*51:03,GHVSDDPEA,41.0,73.325,45571.68
HLA-B*51:03,HVSDDPEAL,5.432,38.869,41246.28
HLA-B*51:03,VSDDPEALI,2.055,6.169,27655.19
HLA-B*51:03,SDDPEALIP,31.412,67.436,45004.26
HLA-B*51:03,DDPEALIPF,5.117,14.95,34371.81
HLA-B*51:03,DPEALIPFG,8.381,6.442,28003.56
HLA-B*51:03,PEALIPFGH,55.5,91.798,47320.3
HLA-B*51:03,EALIPFGHV,0.184,0.181,5698.61
HLA-B*51:03,ALIPFGHVV,2.841,5.339,26536.31
HLA-B*51:03,LIPFGHVVL,9.427,15.49,34625.26
HLA-B*51:03,IPFGHVVLE,1.917,2.783,21564.42
HLA-B*51:03,PFGHVVLEG,91.667,88.821,47005.47
HLA-B*51:03,FGHVVLEGQ,34.308,57.34,43899.07
HLA-B*51:03,GHVVLEGQD,91.667,94.995,47679.54
HLA-B*51:03,HVVLEGQDY,29.5,56.096,43751.62
HLA-B*51:03,VVLEGQDYL,7.033,13.554,33661.86
HLA-B*51:03,VLEGQDYLA,40.812,49.31,42884.57
HLA-B*51:03,LEGQDYLAL,9.276,16.325,35010.26
HLA-B*51:03,EGQDYLALE,33.571,43.042,41947.47
HLA-B*51:03,GQDYLALEH,45.9,86.526,46784.24
HLA-B*51:03,QDYLALEHA,22.41,25.991,38379.46
HLA-B*51:03,DYLALEHAK,23.747,49.65,42931.45
HLA-B*51:03,YLALEHAKA,19.601,19.568,36323.36
HLA-B*51:03,LALEHAKAS,10.939,15.868,34803.29
HLA-B*51:03,ALEHAKASA,39.647,62.421,44480.49
HLA-B*51:03,LEHAKASAV,3.66,6.223,27723.79
HLA-B*51:03,EHAKASAVV,3.01,5.402,26627.49
HLA-B*51:03,HAKASAVVP,5.979,12.946,33327.72
HLA-B*51:03,AKASAVVPR,65.0,91.167,47249.71
HLA-B*51:03,KASAVVPRI,0.793,1.725,18077.17
HLA-B*51:03,ASAVVPRIR,48.125,80.641,46237.73
HLA-B*51:03,SAVVPRIRR,20.593,58.852,44078.99
HLA-B*51:03,AVVPRIRRG,18.872,55.912,43729.85
HLA-B*51:03,VVPRIRRGT,38.278,73.961,45631.88
HLA-B*51:03,VPRIRRGTG,35.25,33.002,40090.85
HLA-B*51:03,PRIRRGTGK,88.333,97.031,48609.36
HLA-B*51:03,RIRRGTGKP,60.0,70.151,45272.89
HLA-B*51:03,IRRGTGKPT,65.455,89.089,47031.39
HLA-B*51:03,RRGTGKPTF,25.552,66.314,44893.38
HLA-B*51:03,RGTGKPTFR,44.182,90.183,47139.92
HLA-B*51:03,GTGKPTFRQ,64.286,95.635,47968.8
HLA-B*51:03,TGKPTFRQD,46.222,59.88,44201.74
HLA-B*51:03,GKPTFRQDQ,90.0,97.849,48988.45
HLA-B*51:03,KPTFRQDQK,37.421,62.452,44483.85
HLA-B*51:03,PTFRQDQKL,7.902,25.956,38369.52
HLA-B*51:03,TFRQDQKLE,75.833,91.478,47284.49
HLA-B*51:03,FRQDQKLEE,46.667,82.289,46388.57
HLA-B*51:03,RQDQKLEEP,36.571,75.98,45817.92
HLA-B*51:03,QDQKLEEPI,21.684,28.069,38938.3
HLA-B*51:03,DQKLEEPIP,13.8,29.876,39379.76
HLA-B*51:03,QKLEEPIPE,63.214,93.033,47458.75
HLA-B*51:03,KLEEPIPEL,5.678,31.947,39860.32
HLA-B*51:03,LEEPIPELV,2.475,7.618,29342.93
HLA-B*51:03,EEPIPELVL,3.339,19.421,36268.37
HLA-B*51:03,EPIPELVLV,0.007,0.019,1535.18
HLA-B*51:03,PIPELVLVG,44.182,65.861,44848.73
HLA-B*51:03,IPELVLVGL,0.509,1.23,15689.93
HLA-B*51:03,PELVLVGLD,95.0,80.4,46215.73
HLA-B*51:03,ELVLVGLDR,43.818,71.654,45414.18
HLA-B*51:03,LVLVGLDRW,14.178,12.36,32977.98
HLA-B*51:03,VLVGLDRWL,11.697,30.843,39607.1
HLA-B*51:03,LVGLDRWLL,21.991,18.305,35846.25
HLA-B*51:03,VGLDRWLLK,24.442,40.12,41464.63
HLA-B*51:03,GLDRWLLKV,21.877,33.044,40099.51
HLA-B*51:03,LDRWLLKVS,68.182,61.687,44400.19
HLA-B*51:03,DRWLLKVSA,10.921,13.102,33415.46
HLA-B*51:03,RWLLKVSAF,21.193,36.348,40770.19
HLA-B*51:03,WLLKVSAFS,59.5,35.74,40650.81
HLA-B*51:03,LLKVSAFSA,15.142,13.463,33612.36
HLA-B*51:03,LKVSAFSAS,60.714,58.152,43995.61
HLA-B*51:03,KVSAFSASA,25.985,29.266,39233.89
HLA-B*51:03,VSAFSASAM,8.294,8.959,30561.94
HLA-B*51:03,SAFSASAMA,3.24,1.782,18317.18
HLA-B*51:03,AFSASAMAL,21.711,37.112,40918.23
HLA-B*51:03,FSASAMALE,42.692,31.218,39693.76
HLA-B*51:03,SASAMALEL,1.473,2.147,19711.4
HLA-B*51:03,ASAMALELT,37.474,42.071,41786.66
HLA-B*51:03,SAMALELTT,5.079,3.836,23984.39
HLA-B*51:03,AMALELTTD,83.75,81.785,46342.4
HLA-B*51:03,MALELTTDC,5.31,6.037,27489.02
HLA-B*51:03,ALELTTDCW,43.818,50.536,43048.2
HLA-B*51:03,LELTTDCWM,37.053,18.749,36015.75
HLA-B*51:03,ELTTDCWMY,32.935,31.288,39709.66
HLA-B*51:03,LTTDCWMYP,39.412,19.251,36205.25
HLA-B*51:03,TTDCWMYPR,54.259,30.25,39468.05
HLA-B*51:03,TDCWMYPRG,82.5,64.873,44749.83
HLA-B*51:03,DCWMYPRGG,41.417,27.037,38657.46
HLA-B*51:03,CWMYPRGGL,50.0,27.549,38797.4
HLA-B*51:03,WMYPRGGLV,3.013,0.803,12933.93
HLA-B*51:03,MYPRGGLVV,7.886,11.282,32287.74
HLA-B*51:03,YPRGGLVVA,0.597,0.785,12787.26
HLA-B*51:03,PRGGLVVAP,75.0,91.917,47333.61
HLA-B*51:03,RGGLVVAPA,30.514,23.893,37773.05
HLA-B*51:03,GGLVVAPAE,52.778,77.453,45949.95
HLA-B*51:03,GLVVAPAEN,93.333,94.73,47649.62
HLA-B*51:03,LVVAPAENE,43.636,69.877,45246.44
HLA-B*51:03,VVAPAENEV,2.117,6.748,28372.89
HLA-B*51:03,VAPAENEVE,51.111,77.215,45928.59
HLA-B*51:03,APAENEVEI,0.356,1.682,17891.15
HLA-B*51:03,PAENEVEIG,91.667,95.632,47967.25
HLA-B*51:03,AENEVEIGG,48.375,74.682,45700.08
HLA-B*51:03,ENEVEIGGH,63.571,95.189,47765.77
HLA-B*51:03,NEVEIGGHV,3.239,5.567,26859.26
HLA-B*51:03,EVEIGGHVL,5.524,18.272,35833.47
HLA-B*51:03,VEIGGHVLA,16.533,20.753,36754.67
HLA-B*51:03,EIGGHVLAE,36.381,65.502,44813.31
HLA-B*51:03,IGGHVLAEE,68.182,75.969,45816.91
HLA-B*51:03,GGHVLAEEG,77.5,72.944,45535.72
HLA-B*51:03,GHVLAEEGS,90.0,95.237,47787.49
HLA-B*51:03,HVLAEEGSA,29.705,37.714,41032.17
HLA-B*51:03,VLAEEGSAG,53.704,67.982,45058.36
HLA-B*51:03,LAEEGSAGA,8.026,16.941,35285.98
HLA-B*51:03,AEEGSAGAI,12.826,22.554,37349.99
HLA-B*51:03,EEGSAGAIG,58.0,57.396,43905.73
HLA-B*51:03,EGSAGAIGG,67.727,61.586,44389.13
HLA-B*51:03,GSAGAIGGV,23.644,28.278,38990.14
HLA-B*51:03,SAGAIGGVK,50.185,56.356,43782.39
HLA-B*51:03,AGAIGGVKK,58.75,86.532,46784.75
HLA-B*51:03,GAIGGVKKL,3.555,22.077,37199.55
HLA-B*51:03,AIGGVKKLV,19.115,37.384,40969.61
HLA-B*51:03,IGGVKKLVL,12.111,24.638,37994.82
HLA-B*51:03,GGVKKLVLS,60.0,76.639,45876.93
HLA-B*51:03,GVKKLVLSV,4.414,13.117,33423.41
HLA-B*51:03,VKKLVLSVI,4.081,9.883,31295.11
HLA-B*51:03,KKLVLSVIL,27.296,39.65,41383.52
HLA-B*51:03,KLVLSVILS,64.643,75.565,45780.73
HLA-B*51:03,LVLSVILSV,1.434,1.44,16792.18
HLA-B*51:03,VLSVILSVH,32.903,60.448,44264.93
HLA-B*51:03,LSVILSVHT,17.021,23.21,37557.06
HLA-B*51:03,SVILSVHTM,1.247,4.238,24762.01
HLA-B*51:03,VILSVHTMP,21.605,24.852,38058.16
HLA-B*51:03,ILSVHTMPL,12.118,9.028,30621.53
HLA-B*51:03,LSVHTMPLF,4.694,3.394,23067.13
HLA-B*51:03,SVHTMPLFE,49.143,55.76,43711.86
HLA-B*51:03,VHTMPLFED,72.857,54.646,43576.34
HLA-B*51:03,HTMPLFEDV,2.275,1.922,18930.31
HLA-B*51:03,TMPLFEDVL,13.746,17.013,35318.06
HLA-B*51:03,MPLFEDVLP,4.248,1.513,17177.35
HLA-B*51:03,PLFEDVLPR,57.5,73.68,45605.22
HLA-B*51:03,LFEDVLPRF,6.719,23.457,37635.16
HLA-B*51:03,FEDVLPRFI,1.344,2.26,20064.08
HLA-B*51:03,EDVLPRFIV,4.602,6.37,27911.0
HLA-B*51:03,DVLPRFIVS,3.256,6.335,27865.74
HLA-B*51:03,VLPRFIVSI,3.529,4.818,25762.0
HLA-B*51:03,LPRFIVSIY,1.703,1.813,18448.65
HLA-B*51:03,PRFIVSIYQ,82.5,94.016,47569.27
HLA-B*51:03,RFIVSIYQD,77.5,72.657,45508.62
HLA-B*51:03,FIVSIYQDK,45.4,48.26,42736.34
HLA-B*51:03,IVSIYQDKG,63.929,57.876,43962.79
HLA-B*51:03,VSIYQDKGH,56.25,85.374,46673.52
HLA-B*51:03,SIYQDKGHT,31.588,44.494,42172.28
HLA-B*51:03,IYQDKGHTS,38.222,69.08,45167.2
HLA-B*51:03,YQDKGHTST,19.0,35.914,40685.59
HLA-B*51:03,QDKGHTSTP,32.0,64.881,44750.81
HLA-B*51:03,DKGHTSTPG,72.857,72.37,45481.54
HLA-B*51:03,KGHTSTPGL,16.16,38.794,41232.45
HLA-B*51:03,GHTSTPGLA,51.296,60.062,44222.78
HLA-B*51:03,HTSTPGLAR,26.583,59.956,44210.83
HLA-B*51:03,TSTPGLARN,57.0,63.418,44589.86
HLA-B*51:03,STPGLARND,54.63,78.577,46051.0
HLA-B*51:03,TPGLARNDP,28.571,31.872,39843.07
HLA-B*51:03,PGLARNDPA,69.545,59.796,44191.71
HLA-B*51:03,GLARNDPAI,23.816,36.261,40753.42
HLA-B*51:03,LARNDPAIC,17.824,25.171,38149.7
HLA-B*51:03,ARNDPAICD,79.167,94.108,47579.58
HLA-B*51:03,RNDPAICDK,68.182,95.056,47705.34
HLA-B*51:03,NDPAICDKV,15.84,21.567,37031.28
HLA-B*51:03,DPAICDKVS,21.614,19.33,36234.63
HLA-B*51:03,PAICDKVSI,4.758,4.692,25565.95
HLA-B*51:03,AICDKVSIR,67.273,95.013,47685.75
HLA-B*51:03,ICDKVSIRA,20.902,40.301,41495.15
HLA-B*51:03,CDKVSIRAL,16.613,23.924,37782.87
HLA-B*51:03,DKVSIRALD,72.143,60.953,44320.03
HLA-B*51:03,KVSIRALDV,17.653,24.279,37888.89
HLA-B*51:03,VSIRALDVN,76.667,50.66,43064.05
HLA-B*51:03,SIRALDVNK,51.481,68.622,45121.78
HLA-B*51:03,IRALDVNKQ,68.636,95.067,47710.51
HLA-B*51:03,RALDVNKQM,3.08,11.943,32727.38
HLA-B*51:03,ALDVNKQMI,17.43,28.515,39049.25
HLA-B*51:03,LDVNKQMIK,61.429,76.506,45865.01
HLA-B*51:03,DVNKQMIKK,12.708,42.243,41815.15
HLA-B*51:03,VNKQMIKKF,9.818,36.732,40844.8
HLA-B*51:03,NKQMIKKFS,67.727,79.568,46140.27
HLA-B*51:03,KQMIKKFSQ,65.0,86.447,46776.64
HLA-B*51:03,QMIKKFSQT,13.526,28.475,39039.1
HLA-B*51:03,MIKKFSQTA,4.93,6.228,27730.7
HLA-B*51:03,IKKFSQTAF,20.707,45.227,42286.96
HLA-B*51:03,KKFSQTAFD,86.667,81.506,46316.85
HLA-B*51:03,KFSQTAFDI,34.538,31.207,39691.17
HLA-B*51:03,FSQTAFDID,77.5,36.436,40787.39
HLA-B*51:03,SQTAFDIDY,26.2,52.349,43280.32
HLA-B*51:03,QTAFDIDYT,40.75,46.053,42411.59
HLA-B*51:03,TAFDIDYTG,9.522,4.824,25771.47
HLA-B*51:03,AFDIDYTGT,52.963,92.292,47375.63
HLA-B*51:03,FDIDYTGTV,2.97,2.283,20137.15
HLA-B*51:03,DIDYTGTVT,24.532,38.513,41180.73
HLA-B*51:03,IDYTGTVTQ,44.0,64.306,44687.42
HLA-B*51:03,DYTGTVTQY,8.297,36.034,40709.37
HLA-B*51:03,YTGTVTQYG,43.818,31.458,39748.35
HLA-B*51:03,TGTVTQYGY,19.689,37.194,40933.72
HLA-B*51:03,GTVTQYGYI,21.684,13.223,33481.32
HLA-B*51:03,TVTQYGYIR,46.0,63.598,44609.65
HLA-B*51:03,VTQYGYIRI,5.093,4.436,25143.23
HLA-B*51:03,TQYGYIRIH,26.65,42.834,41913.45
HLA-B*51:03,QYGYIRIHE,76.667,91.647,47303.43
HLA-B*51:03,YGYIRIHEQ,18.451,23.562,37668.16
HLA-B*51:03,GYIRIHEQW,14.946,38.985,41267.7
HLA-B*51:03,YIRIHEQWP,42.231,36.139,40729.61
HLA-B*51:03,IRIHEQWPE,66.818,76.146,45832.78
HLA-B*51:03,RIHEQWPED,81.25,82.267,46386.56
HLA-B*51:03,IHEQWPEDG,81.25,78.953,46084.89
HLA-B*51:03,HEQWPEDGE,69.091,88.358,46960.71
HLA-B*51:03,EQWPEDGEE,44.727,68.494,45109.1
HLA-B*51:03,QWPEDGEEN,83.75,96.759,48483.81
HLA-B*51:03,WPEDGEENA,9.254,17.611,35567.32
HLA-B*51:03,PEDGEENAL,28.878,78.427,46037.54
HLA-B*51:03,EDGEENALG,68.182,83.779,46525.27
HLA-B*51:03,DGEENALGS,32.194,46.94,42541.65
HLA-B*51:03,GEENALGSV,23.575,37.845,41057.05
HLA-B*51:03,EENALGSVQ,34.654,62.452,44483.85
HLA-B*51:03,ENALGSVQA,7.902,19.772,36399.68
HLA-B*51:03,NALGSVQAR,7.643,34.541,40408.75
HLA-B*51:03,ALGSVQARL,22.39,43.908,42079.75
HLA-B*51:03,LGSVQARLT,34.654,36.916,40880.61
HLA-B*51:03,GSVQARLTA,18.262,25.43,38222.0
HLA-B*51:03,SVQARLTAV,3.354,6.485,28058.46
HLA-B*51:03,VQARLTAVA,17.497,20.915,36812.77
HLA-B*51:03,QARLTAVAN,46.222,38.656,41207.01
HLA-B*51:03,ARLTAVANK,56.0,87.642,46891.68
HLA-B*51:03,RLTAVANKN,86.667,89.821,47102.18
HLA-B*51:03,LTAVANKNT,46.889,52.305,43274.69
HLA-B*51:03,TAVANKNTL,1.065,4.026,24361.0
HLA-B*51:03,AVANKNTLP,42.0,65.851,44847.74
HLA-B*51:03,VANKNTLPT,13.148,12.401,33002.61
HLA-B*51:03,ANKNTLPTG,63.571,76.312,45847.65
HLA-B*51:03,NKNTLPTGQ,74.286,96.06,48162.79
HLA-B*51:03,KNTLPTGQK,76.667,94.314,47602.75
HLA-B*51:03,NTLPTGQKM,1.479,5.258,26419.72
HLA-B*51:03,TLPTGQKMV,8.637,24.497,37953.31
HLA-B*51:03,LPTGQKMVP,4.862,6.093,27559.29
HLA-B*51:03,PTGQKMVPF,38.889,55.164,43641.47
HLA-B*51:03,TGQKMVPFV,2.684,2.99,22110.2
HLA-B*51:03,GQKMVPFVS,42.769,69.833,45242.04
HLA-B*51:03,QKMVPFVSD,65.909,58.056,43984.2
HLA-B*51:03,KMVPFVSDH,40.75,70.971,45349.86
HLA-B*51:03,MVPFVSDHD,68.182,39.463,41350.84
HLA-B*51:03,VPFVSDHDP,7.892,7.823,29540.11
HLA-B*51:03,PFVSDHDPP,83.75,84.759,46615.46
HLA-B*51:03,FVSDHDPPQ,48.25,64.279,44684.51
HLA-B*51:03,VSDHDPPQG,46.333,75.88,45809.0
HLA-B*51:03,SDHDPPQGC,22.62,71.879,45435.31
HLA-B*51:03,DHDPPQGCP,20.602,45.412,42314.87
HLA-B*51:03,HDPPQGCPK,60.0,87.532,46881.01
HLA-B*51:03,DPPQGCPKH,5.068,34.922,40487.53
HLA-B*51:03,PPQGCPKHQ,61.786,93.852,47550.75
HLA-B*51:03,PQGCPKHQW,26.45,56.532,43803.23
HLA-B*51:03,QGCPKHQWR,43.182,88.142,46939.88
HLA-B*51:03,GCPKHQWRL,25.284,59.484,44154.41
HLA-B*51:03,CPKHQWRLL,1.427,0.847,13296.03
HLA-B*51:03,PKHQWRLLR,86.667,94.584,47633.16
HLA-B*51:03,KHQWRLLRV,16.836,18.154,35788.5
HLA-B*51:03,HQWRLLRVF,11.148,9.626,31109.76
HLA-B*51:03,QWRLLRVFY,45.6,63.989,44652.62
HLA-B*51:03,WRLLRVFYA,35.292,18.8,36035.25
HLA-B*51:03,RLLRVFYAK,44.455,50.434,43035.18
HLA-B*51:03,LLRVFYAKT,51.667,38.755,41225.3
HLA-B*51:03,LRVFYAKTV,9.994,12.259,32918.1
HLA-B*51:03,RVFYAKTVI,4.73,5.144,26256.43
HLA-B*51:03,VFYAKTVIK,33.607,56.392,43786.66
HLA-B*51:03,FYAKTVIKI,3.01,5.192,26324.41
HLA-B*51:03,YAKTVIKIA,1.444,3.698,23710.38
HLA-B*51:03,AKTVIKIAE,78.333,95.391,47857.35
HLA-B*51:03,KTVIKIAEE,42.077,73.335,45572.68
HLA-B*51:03,TVIKIAEES,27.963,39.355,41332.05
HLA-B*51:03,VIKIAEESS,58.75,77.746,45976.3
HLA-B*51:03,IKIAEESSN,88.333,93.344,47493.68
HLA-B*51:03,KIAEESSNT,57.0,85.358,46671.99
HLA-B*51:03,IAEESSNTD,30.541,52.896,43350.61
HLA-B*51:03,AEESSNTDQ,73.571,96.698,48455.49
HLA-B*51:03,EESSNTDQT,23.586,50.941,43099.95
HLA-B*51:03,ESSNTDQTV,1.506,4.486,25239.44
HLA-B*51:03,SSNTDQTVR,54.074,85.126,46649.78
HLA-B*51:03,SNTDQTVRL,8.714,33.038,40098.22
HLA-B*51:03,NTDQTVRLV,1.285,3.68,23675.77
HLA-B*51:03,TDQTVRLVS,45.9,55.812,43718.04
HLA-B*51:03,DQTVRLVSQ,27.611,56.168,43760.15
HLA-B*51:03,QTVRLVSQD,58.0,57.208,43883.42
HLA-B*51:03,TVRLVSQDR,45.6,70.423,45298.35
HLA-B*51:03,VRLVSQDRI,13.881,18.031,35741.68
HLA-B*51:03,RLVSQDRIR,77.5,94.053,47573.38
HLA-B*51:03,LVSQDRIRL,12.988,23.314,37589.99
HLA-B*51:03,VSQDRIRLI,1.288,2.525,20899.88
HLA-B*51:03,SQDRIRLIL,8.261,19.243,36202.12
HLA-B*51:03,QDRIRLILR,57.75,83.111,46463.89
HLA-B*51:03,DRIRLILRI,3.675,3.507,23338.26
HLA-B*51:03,RIRLILRIL,17.902,29.581,39309.09
HLA-B*51:03,IRLILRILL,21.667,23.634,37691.0
HLA-B*51:03,RLILRILLN,63.571,51.426,43162.0
HLA-B*51:03,LILRILLNQ,47.875,56.548,43805.16
HLA-B*51:03,ILRILLNQQ,51.852,76.622,45875.46
HLA-B*51:03,LRILLNQQY,27.056,44.164,42119.82
HLA-B*51:03,RILLNQQYL,11.686,22.862,37447.11
HLA-B*51:03,ILLNQQYLI,4.056,1.965,19110.38
HLA-B*51:03,LLNQQYLIL,5.686,6.089,27553.93
HLA-B*51:03,LNQQYLILS,53.519,44.635,42194.64
HLA-B*51:03,NQQYLILSL,3.124,5.027,26088.51
HLA-B*51:03,QQYLILSLA,6.604,8.02,29729.62
HLA-B*51:03,QYLILSLAP,35.083,35.815,40665.79
HLA-B*51:03,YLILSLAPR,46.333,42.038,41781.24
HLA-B*51:03,LILSLAPRD,66.818,48.377,42752.99
HLA-B*51:03,ILSLAPRDN,91.667,87.884,46915.01
HLA-B*51:03,LSLAPRDNL,6.49,10.73,31905.04
HLA-B*51:03,SLAPRDNLG,49.714,57.78,43951.37
HLA-B*51:03,LAPRDNLGS,61.429,63.37,44584.54
HLA-B*51:03,APRDNLGSG,27.889,32.704,40025.82
HLA-B*51:03,PRDNLGSGT,83.75,96.16,48208.66
HLA-B*51:03,RDNLGSGTT,63.214,73.471,45585.49
HLA-B*51:03,DNLGSGTTE,30.027,54.548,43563.61
HLA-B*51:03,NLGSGTTEY,27.648,43.872,42074.29
HLA-B*51:03,LGSGTTEYY,19.932,35.194,40542.32
HLA-B*51:03,GSGTTEYYE,85.0,95.071,47712.05
HLA-B*51:03,SGTTEYYES,56.0,62.935,44536.81
HLA-B*51:03,GTTEYYESA,26.083,39.861,41420.23
HLA-B*51:03,TTEYYESAV,15.966,13.858,33828.71
HLA-B*51:03,TEYYESAVL,4.843,6.282,27798.88
HLA-B*51:03,EYYESAVLK,22.17,30.281,39475.31
HLA-B*51:03,YYESAVLKS,39.588,54.274,43528.28
HLA-B*51:03,YESAVLKSS,29.795,38.959,41262.8
HLA-B*51:03,ESAVLKSSQ,27.87,62.904,44533.45
HLA-B*51:03,SAVLKSSQF,1.932,5.334,26530.0
HLA-B*51:03,AVLKSSQFE,58.75,77.625,45965.36
HLA-B*51:03,VLKSSQFEL,8.475,15.709,34728.45
HLA-B*51:03,LKSSQFELL,13.899,17.755,35627.4
HLA-B*51:03,KSSQFELLM,9.029,13.817,33806.41
HLA-B*51:03,SSQFELLMK,29.955,54.001,43492.98
HLA-B*51:03,SQFELLMKA,3.938,5.628,26940.76
HLA-B*51:03,QFELLMKAS,72.143,83.171,46469.44
HLA-B*51:03,FELLMKASY,11.496,15.244,34510.05
HLA-B*51:03,ELLMKASYV,4.578,4.197,24684.45
HLA-B*51:03,LLMKASYVE,36.81,38.995,41269.48
HLA-B*51:03,LMKASYVEM,11.1,8.988,30587.08
HLA-B*51:03,MKASYVEML,8.433,12.642,33145.76
HLA-B*51:03,KASYVEMLF,4.619,5.131,26237.41
HLA-B*51:03,ASYVEMLFI,4.212,2.475,20755.42
HLA-B*51:03,SYVEMLFIL,12.801,16.583,35125.6
HLA-B*51:03,YVEMLFILE,44.182,60.141,44231.39
HLA-B*51:03,VEMLFILEQ,29.341,39.159,41298.07
HLA-B*51:03,EMLFILEQS,24.026,30.182,39452.28
HLA-B*51:03,MLFILEQSE,14.659,33.025,40095.61
HLA-B*51:03,LFILEQSER,57.25,74.066,45641.77
HLA-B*51:03,FILEQSERS,39.0,45.533,42333.19
HLA-B*51:03,ILEQSERSI,9.383,15.403,34584.82
HLA-B*51:03,LEQSERSIA,30.541,38.322,41145.53
HLA-B*51:03,EQSERSIAA,3.982,10.411,31674.6
HLA-B*51:03,QSERSIAAT,32.0,51.484,43169.49
HLA-B*51:03,SERSIAATS,24.558,35.355,40574.36
HLA-B*51:03,ERSIAATSS,56.5,71.571,45406.31
HLA-B*51:03,RSIAATSSL,4.836,9.307,30856.0
HLA-B*51:03,SIAATSSLN,70.714,64.394,44697.08
HLA-B*51:03,IAATSSLNE,19.676,37.213,40937.29
HLA-B*51:03,AATSSLNER,40.812,73.862,45622.52
HLA-B*51:03,ATSSLNERE,67.727,87.568,46884.58
HLA-B*51:03,TSSLNEREF,7.761,17.901,35688.36
HLA-B*51:03,SSLNEREFL,9.904,21.344,36957.25
HLA-B*51:03,SLNEREFLL,6.419,13.333,33541.16
HLA-B*51:03,LNEREFLLL,13.736,16.395,35041.34
HLA-B*51:03,NEREFLLLD,37.895,29.924,39391.26
HLA-B*51:03,EREFLLLDF,30.973,33.116,40114.28
HLA-B*51:03,REFLLLDFF,12.199,18.087,35762.96
HLA-B*51:03,EFLLLDFFH,29.705,59.256,44127.2
HLA-B*51:03,FLLLDFFHF,8.348,8.298,29978.98
HLA-B*51:03,LLLDFFHFI,2.199,1.474,16981.1
HLA-B*51:03,LLDFFHFIL,17.518,12.369,32983.34
HLA-B*51:03,LDFFHFILL,4.34,3.523,23369.34
HLA-B*51:03,DFFHFILLV,1.787,2.14,19686.9
HLA-B*51:03,FFHFILLVC,40.188,48.422,42759.47
HLA-B*51:03,FHFILLVCN,72.143,46.73,42510.82
HLA-B*51:03,HFILLVCNL,21.053,26.011,38384.86
HLA-B*51:03,FILLVCNLH,53.333,59.072,44105.24
HLA-B*51:03,ILLVCNLHE,79.167,72.213,45466.79
HLA-B*51:03,LLVCNLHES,65.0,43.979,42090.69
HLA-B*51:03,LVCNLHESI,7.032,4.349,24974.58
HLA-B*51:03,VCNLHESIK,74.286,89.342,47055.85
HLA-B*51:03,CNLHESIKA,30.676,28.842,39130.88
HLA-B*51:03,NLHESIKAG,30.108,45.327,42302.05
HLA-B*51:03,LHESIKAGT,63.571,68.839,45143.26
HLA-B*51:03,HESIKAGTR,49.143,77.879,45988.25
HLA-B*51:03,ESIKAGTRV,0.838,2.031,19352.99
HLA-B*51:03,SIKAGTRVA,19.973,33.463,40185.95
HLA-B*51:03,IKAGTRVAQ,70.714,94.561,47630.57
HLA-B*51:03,KAGTRVAQL,4.294,19.752,36392.2
HLA-B*51:03,AGTRVAQLQ,62.5,77.547,45958.4
HLA-B*51:03,GTRVAQLQE,66.818,83.483,46498.1
HLA-B*51:03,TRVAQLQEN,60.0,86.468,46778.66
HLA-B*51:03,RVAQLQENS,59.75,78.594,46052.48
HLA-B*51:03,VAQLQENSY,6.902,18.256,35827.25
HLA-B*51:03,AQLQENSYE,67.727,87.647,46892.17
HLA-B*51:03,QLQENSYES,42.385,58.024,43980.38
HLA-B*51:03,LQENSYESS,55.25,73.382,45577.11
HLA-B*51:03,QENSYESSL,8.652,23.893,37773.05
HLA-B*51:03,ENSYESSLC,29.477,40.471,41523.9
HLA-B*51:03,NSYESSLCS,17.819,11.709,32570.89
HLA-B*51:03,SYESSLCSS,60.357,71.712,45419.57
HLA-B*51:03,YESSLCSSF,4.743,5.799,27170.85
HLA-B*51:03,ESSLCSSFT,41.583,22.805,37429.27
HLA-B*51:03,SSLCSSFTS,43.818,16.066,34894.91
HLA-B*51:03,SLCSSFTSG,69.091,55.564,43688.69
HLA-B*51:03,LCSSFTSGD,95.0,81.117,46281.26
HLA-B*51:03,CSSFTSGDA,70.714,26.956,38635.7
HLA-B*51:03,SSFTSGDAK,37.947,41.709,41727.92
HLA-B*51:03,SFTSGDAKK,72.143,90.11,47131.75
HLA-B*51:03,FTSGDAKKP,32.935,52.885,43349.21
HLA-B*51:03,TSGDAKKPY,21.833,61.199,44346.87
HLA-B*51:03,SGDAKKPYK,40.375,82.015,46363.47
HLA-B*51:03,GDAKKPYKI,14.003,42.234,41813.78
HLA-B*51:03,DAKKPYKIV,0.074,0.449,9763.25
HLA-B*51:03,AKKPYKIVA,15.381,58.292,44012.27
HLA-B*51:03,KKPYKIVAY,31.118,81.386,46305.8
HLA-B*51:03,KPYKIVAYY,1.022,3.36,22985.42
HLA-B*51:03,PYKIVAYYK,82.5,92.04,47347.44
HLA-B*51:03,YKIVAYYKS,62.5,53.702,43454.4
HLA-B*51:03,KIVAYYKSA,22.42,38.274,41136.64
HLA-B*51:03,IVAYYKSAF,14.538,14.852,34323.5
HLA-B*51:03,VAYYKSAFP,6.469,3.452,23208.58
HLA-B*51:03,AYYKSAFPE,60.357,61.968,44430.92
HLA-B*51:03,YYKSAFPEN,49.714,58.624,44051.82
HLA-B*51:03,YKSAFPENS,55.0,68.853,45144.72
HLA-B*51:03,KSAFPENSD,78.333,83.921,46538.36
HLA-B*51:03,SAFPENSDL,1.537,4.394,25062.29
HLA-B*51:03,AFPENSDLN,91.667,93.522,47513.71
HLA-B*51:03,FPENSDLNC,5.284,8.505,30166.39
HLA-B*51:03,PENSDLNCL,34.231,60.738,44296.54
HLA-B*51:03,ENSDLNCLN,67.273,55.748,43710.45
HLA-B*51:03,NSDLNCLNA,13.523,11.032,32122.91
HLA-B*51:03,SDLNCLNAK,58.5,75.205,45748.56
HLA-B*51:03,DLNCLNAKF,10.054,7.182,28877.41
HLA-B*51:03,LNCLNAKFV,10.39,12.027,32781.27
HLA-B*51:03,NCLNAKFVL,11.692,17.059,35337.18
HLA-B*51:03,CLNAKFVLS,68.182,42.155,41800.67
HLA-B*51:03,LNAKFVLSR,32.258,50.715,43071.05
HLA-B*51:03,NAKFVLSRR,12.419,30.653,39562.55
HLA-B*51:03,AKFVLSRRL,18.677,33.691,40232.94
HLA-B*51:03,KFVLSRRLL,24.766,46.263,42442.34
HLA-B*51:03,FVLSRRLLE,35.458,32.929,40074.8
HLA-B*51:03,VLSRRLLEI,5.609,6.248,27755.91
HLA-B*51:03,LSRRLLEIS,63.571,48.506,42771.49
HLA-B*51:03,SRRLLEISA,27.685,38.523,41182.51
HLA-B*51:03,RRLLEISAK,56.75,84.233,46567.09
HLA-B*51:03,RLLEISAKY,16.093,29.947,39396.83
HLA-B*51:03,LLEISAKYK,70.0,80.12,46190.23
HLA-B*51:03,LEISAKYKG,54.815,50.733,43073.35
HLA-B*51:03,EISAKYKGK,42.308,77.802,45981.29
HLA-B*51:03,ISAKYKGKV,5.299,7.699,29420.5
HLA-B*51:03,SAKYKGKVA,8.814,20.793,36768.99
HLA-B*51:03,AKYKGKVAV,7.645,26.958,38636.12
HLA-B*51:03,KYKGKVAVA,37.421,68.878,45147.16
HLA-B*51:03,YKGKVAVAA,22.17,34.152,40328.38
HLA-B*51:03,KGKVAVAAA,20.423,33.827,40261.26
HLA-B*51:03,GKVAVAAAK,74.286,92.479,47396.66
HLA-B*51:03,KVAVAAAKN,88.333,83.379,46488.53
HLA-B*51:03,VAVAAAKND,63.214,45.221,42286.04
HLA-B*51:03,AVAAAKNDM,35.667,60.079,44224.69
HLA-B*51:03,VAAAKNDML,3.862,11.557,32469.91
HLA-B*51:03,AAAKNDMLL,4.734,9.654,31129.97
HLA-B*51:03,AAKNDMLLA,9.382,14.193,34001.18
HLA-B*51:03,AKNDMLLAK,45.3,81.654,46330.38
HLA-B*51:03,KNDMLLAKR,62.857,92.575,47407.41
HLA-B*51:03,NDMLLAKRR,48.125,65.502,44813.31
HLA-B*51:03,DMLLAKRRK,39.824,53.899,43479.8
HLA-B*51:03,MLLAKRRKF,12.815,15.352,34560.88
HLA-B*51:03,LLAKRRKFS,72.143,77.968,45996.23
HLA-B*51:03,LAKRRKFSY,12.727,21.431,36986.05
HLA-B*51:03,AKRRKFSYN,91.667,95.005,47682.12
HLA-B*51:03,KRRKFSYNV,32.742,41.151,41637.71
HLA-B*51:03,RRKFSYNVL,32.71,51.298,43145.66
HLA-B*51:03,RKFSYNVLP,48.125,45.682,42355.63
HLA-B*51:03,KFSYNVLPT,75.0,71.848,45432.38
HLA-B*51:03,FSYNVLPTP,3.084,2.707,21366.08
HLA-B*51:03,SYNVLPTPE,65.909,79.109,46098.86
HLA-B*51:03,YNVLPTPEP,15.437,21.893,37139.62
HLA-B*51:03,NVLPTPEPW,2.635,5.27,26436.88
HLA-B*51:03,VLPTPEPWF,10.97,22.885,37454.41
HLA-B*51:03,LPTPEPWFE,5.684,9.563,31064.69
HLA-B*51:03,PTPEPWFEM,11.511,20.547,36680.77
HLA-B*51:03,TPEPWFEMV,0.082,0.228,6542.83
HLA-B*51:03,PEPWFEMVA,43.818,53.249,43396.15
HLA-B*51:03,EPWFEMVAQ,11.325,16.424,35054.61
HLA-B*51:03,PWFEMVAQG,61.429,65.217,44785.2
HLA-B*51:03,WFEMVAQGI,21.658,7.997,29708.07
HLA-B*51:03,FEMVAQGIA,25.746,8.641,30284.12
HLA-B*51:03,EMVAQGIAM,8.967,10.751,31920.58
HLA-B*51:03,MVAQGIAML,5.073,6.986,28660.15
HLA-B*51:03,VAQGIAMLV,0.371,0.295,7681.84
HLA-B*51:03,AQGIAMLVG,77.5,64.71,44731.91
HLA-B*51:03,QGIAMLVGI,5.906,3.771,23854.47
HLA-B*51:03,GIAMLVGIR,85.0,94.099,47578.54
HLA-B*51:03,IAMLVGIRA,2.005,1.559,17355.76
HLA-B*51:03,AMLVGIRAL,10.871,23.602,37680.79
HLA-B*51:03,MLVGIRALA,19.439,12.15,32854.05
HLA-B*51:03,LVGIRALAP,36.762,31.281,39707.94
HLA-B*51:03,VGIRALAPP,34.077,20.817,36777.74
HLA-B*51:03,GIRALAPPA,35.167,33.291,40150.31
HLA-B*51:03,IRALAPPAY,22.5,46.031,42408.39
HLA-B*51:03,RALAPPAYT,12.632,20.355,36612.18
HLA-B*51:03,ALAPPAYTV,3.187,8.713,30346.79
HLA-B*51:03,LAPPAYTVQ,14.834,31.218,39693.76
HLA-B*51:03,APPAYTVQG,16.707,22.951,37475.48
HLA-B*51:03,PPAYTVQGS,36.81,45.579,42340.07
HLA-B*51:03,PAYTVQGSR,42.385,63.779,44629.45
HLA-B*51:03,AYTVQGSRQ,83.75,95.942,48108.62
HLA-B*51:03,YTVQGSRQK,24.506,49.175,42866.02
HLA-B*51:03,TVQGSRQKY,20.74,48.519,42773.34
HLA-B*51:03,VQGSRQKYS,63.214,83.467,46496.6
HLA-B*51:03,QGSRQKYSQ,59.25,93.692,47532.75
HLA-B*51:03,GSRQKYSQM,19.182,41.411,41679.64
HLA-B*51:03,SRQKYSQMA,28.286,46.884,42533.37
HLA-B*51:03,RQKYSQMAS,44.0,69.134,45172.59
HLA-B*51:03,QKYSQMASE,58.25,79.546,46138.27
HLA-B*51:03,KYSQMASED,91.667,85.658,46700.8
HLA-B*51:03,YSQMASEDR,62.143,78.649,46057.47
HLA-B*51:03,SQMASEDRS,63.571,66.033,44865.71
HLA-B*51:03,QMASEDRSG,74.286,80.98,46268.75
HLA-B*51:03,MASEDRSGS,29.909,39.864,41420.69
HLA-B*51:03,ASEDRSGSE,70.0,95.13,47738.91
HLA-B*51:03,SEDRSGSEE,39.824,77.547,45958.4
HLA-B*51:03,EDRSGSEES,44.909,75.388,45764.88
HLA-B*51:03,DRSGSEESH,60.357,95.821,48053.48
HLA-B*51:03,RSGSEESHG,81.25,87.116,46840.97
HLA-B*51:03,SGSEESHGY,21.14,57.56,43925.21
HLA-B*51:03,GSEESHGYY,36.667,61.09,44334.89
HLA-B*51:03,SEESHGYYR,36.333,70.825,45336.11
HLA-B*51:03,EESHGYYRT,23.632,50.325,43021.19
HLA-B*51:03,ESHGYYRTT,9.61,15.084,34435.46
HLA-B*51:03,SHGYYRTTP,47.625,42.924,41928.4
HLA-B*51:03,HGYYRTTPP,14.908,8.556,30210.82
HLA-B*51:03,GYYRTTPPE,72.857,78.261,46022.61
HLA-B*51:03,YYRTTPPED,65.455,71.31,45381.75
HLA-B*51:03,YRTTPPEDA,45.2,69.414,45200.45
HLA-B*51:03,RTTPPEDAS,55.25,86.295,46761.98
HLA-B*51:03,TTPPEDASE,43.636,80.767,46249.24
HLA-B*51:03,TPPEDASES,13.605,28.283,38991.39
HLA-B*51:03,PPEDASESL,3.988,24.823,38049.52
HLA-B*51:03,PEDASESLV,21.5,42.245,41815.61
HLA-B*51:03,EDASESLVE,61.071,84.294,46572.62
HLA-B*51:03,DASESLVER,4.232,24.311,37898.32
HLA-B*51:03,ASESLVERS,58.5,79.812,46162.23
HLA-B*51:03,SESLVERSG,46.778,50.292,43017.0
HLA-B*51:03,ESLVERSGR,31.941,66.791,44940.54
HLA-B*51:03,SLVERSGRK,59.0,73.314,45570.71
HLA-B*51:03,LVERSGRKE,81.25,91.688,47308.04
HLA-B*51:03,VERSGRKEE,59.5,92.882,47441.79
HLA-B*51:03,ERSGRKEES,67.727,94.629,47638.29
HLA-B*51:03,RSGRKEEST,67.273,88.247,46950.05
HLA-B*51:03,SGRKEESTM,10.785,32.744,40034.5
HLA-B*51:03,GRKEESTMM,29.0,81.177,46286.78
HLA-B*51:03,RKEESTMMI,11.598,26.749,38580.57
HLA-B*51:03,KEESTMMIK,53.148,82.924,46446.82
HLA-B*51:03,EESTMMIKF,3.934,11.565,32474.83
HLA-B*51:03,ESTMMIKFL,3.504,5.211,26351.48
HLA-B*51:03,STMMIKFLP,16.524,5.662,26985.97
HLA-B*51:03,TMMIKFLPA,19.216,2.798,21602.95
HLA-B*51:03,MMIKFLPAG,28.673,8.033,29740.88
HLA-B*51:03,MIKFLPAGE,46.444,47.944,42691.05
HLA-B*51:03,IKFLPAGEG,69.545,57.336,43898.62
HLA-B*51:03,KFLPAGEGG,77.5,88.453,46969.86
HLA-B*51:03,FLPAGEGGH,77.5,91.487,47285.49
HLA-B*51:03,LPAGEGGHE,32.194,40.301,41495.15
HLA-B*51:03,PAGEGGHEG,47.625,85.437,46679.57
HLA-B*51:03,AGEGGHEGV,27.907,52.611,43314.06
HLA-B*51:03,GEGGHEGVA,62.5,76.689,45881.4
HLA-B*51:03,EGGHEGVAY,21.658,48.705,42799.75
HLA-B*51:03,GGHEGVAYL,13.249,32.889,40066.14
HLA-B*51:03,GHEGVAYLE,75.833,90.695,47197.08
HLA-B*51:03,HEGVAYLEM,9.943,17.793,35643.21
HLA-B*51:03,EGVAYLEMF,5.726,7.1,28786.95
HLA-B*51:03,GVAYLEMFW,15.743,22.3,37269.65
HLA-B*51:03,VAYLEMFWQ,43.455,36.598,40818.73
HLA-B*51:03,AYLEMFWQA,19.669,25.229,38165.79
HLA-B*51:03,YLEMFWQAI,13.491,5.248,26405.14
HLA-B*51:03,LEMFWQAIG,63.214,15.551,34654.12
HLA-B*51:03,EMFWQAIGV,3.145,1.729,18097.33
HLA-B*51:03,MFWQAIGVI,9.999,2.163,19760.09
HLA-B*51:03,FWQAIGVIV,20.057,19.332,36235.43
HLA-B*51:03,WQAIGVIVM,15.672,18.822,36043.43
HLA-B*51:03,QAIGVIVMD,33.179,26.355,38475.92
HLA-B*51:03,AIGVIVMDI,24.455,24.65,37998.52
HLA-B*51:03,IGVIVMDIK,56.75,59.332,44136.25
HLA-B*51:03,GVIVMDIKP,56.75,64.657,44726.12
HLA-B*51:03,VIVMDIKPN,93.333,75.155,45744.11
HLA-B*51:03,IVMDIKPNA,4.473,7.085,28770.13
HLA-B*51:03,VMDIKPNAS,40.312,64.763,44737.74
HLA-B*51:03,MDIKPNASA,14.739,14.273,34040.21
HLA-B*51:03,DIKPNASAL,1.316,5.839,27225.0
HLA-B*51:03,IKPNASALG,71.429,70.851,45338.57
HLA-B*51:03,KPNASALGP,14.611,22.438,37313.22
HLA-B*51:03,PNASALGPE,97.5,96.258,48253.54
HLA-B*51:03,NASALGPEA,2.366,3.921,24152.62
HLA-B*51:03,ASALGPEAF,9.022,31.657,39793.95
HLA-B*51:03,SALGPEAFA,7.246,8.464,30129.86
HLA-B*51:03,ALGPEAFAL,15.851,36.998,40896.54
HLA-B*51:03,LGPEAFALT,21.316,18.993,36109.02
HLA-B*51:03,GPEAFALTT,13.086,16.417,35051.2
HLA-B*51:03,PEAFALTTH,44.818,85.0,46637.66
HLA-B*51:03,EAFALTTHA,0.477,0.563,10966.22
HLA-B*51:03,AFALTTHAN,74.286,80.975,46268.25
HLA-B*51:03,FALTTHANG,23.793,7.702,29423.67
HLA-B*51:03,ALTTHANGK,78.333,92.909,47444.88
HLA-B*51:03,LTTHANGKL,17.135,23.219,37559.92
HLA-B*51:03,TTHANGKLA,14.191,14.559,34179.7
HLA-B*51:03,THANGKLAK,49.571,74.045,45639.79
HLA-B*51:03,HANGKLAKN,40.625,60.224,44240.5
HLA-B*51:03,ANGKLAKNL,29.795,64.293,44685.98
HLA-B*51:03,NGKLAKNLY,12.116,27.39,38753.76
HLA-B*51:03,GKLAKNLYK,80.0,95.001,47680.58
HLA-B*51:03,KLAKNLYKP,46.556,63.449,44593.23
HLA-B*51:03,LAKNLYKPT,13.163,24.519,37959.89
HLA-B*51:03,AKNLYKPTM,17.14,45.37,42308.46
HLA-B*51:03,KNLYKPTME,73.571,95.621,47962.06
HLA-B*51:03,NLYKPTMEV,0.936,1.804,18409.37
HLA-B*51:03,LYKPTMEVC,24.26,46.285,42445.57
HLA-B*51:03,YKPTMEVCK,56.75,82.421,46400.59
HLA-B*51:03,KPTMEVCKR,30.162,66.732,44934.68
HLA-B*51:03,PTMEVCKRV,10.011,12.577,33107.05
HLA-B*51:03,TMEVCKRVS,88.333,76.312,45847.65
HLA-B*51:03,MEVCKRVSD,72.143,45.973,42399.66
HLA-B*51:03,EVCKRVSDA,20.992,30.161,39447.14
HLA-B*51:03,VCKRVSDAK,61.429,85.6,46695.23
HLA-B*51:03,CKRVSDAKL,35.292,34.034,40303.97
HLA-B*51:03,KRVSDAKLV,28.367,47.111,42566.98
HLA-B*51:03,RVSDAKLVD,76.667,83.866,46533.35
HLA-B*51:03,VSDAKLVDA,17.249,37.386,40970.06
HLA-B*51:03,SDAKLVDAD,81.25,84.425,46584.72
HLA-B*51:03,DAKLVDADI,0.283,0.304,7835.97
HLA-B*51:03,AKLVDADIL,44.455,55.248,43651.38
HLA-B*51:03,KLVDADILT,52.222,72.589,45502.22
HLA-B*51:03,LVDADILTR,37.0,63.598,44609.65
HLA-B*51:03,VDADILTRG,52.407,65.733,44836.12
HLA-B*51:03,DADILTRGF,0.78,2.745,21465.73
HLA-B*51:03,ADILTRGFI,21.096,13.791,33791.76
HLA-B*51:03,DILTRGFII,0.894,0.768,12644.46
HLA-B*51:03,ILTRGFIIS,66.818,64.214,44677.28
HLA-B*51:03,LTRGFIISL,3.725,6.753,28379.36
HLA-B*51:03,TRGFIISLI,14.847,9.367,30906.44
HLA-B*51:03,RGFIISLIL,5.385,7.952,29664.39
HLA-B*51:03,GFIISLILQ,79.167,95.929,48102.88
HLA-B*51:03,FIISLILQG,30.432,19.963,36471.42
HLA-B*51:03,IISLILQGN,60.0,60.488,44269.23
HLA-B*51:03,ISLILQGNE,61.071,53.001,43364.23
HLA-B*51:03,SLILQGNEK,40.0,63.352,44582.61
HLA-B*51:03,LILQGNEKI,7.964,8.515,30175.54
HLA-B*51:03,ILQGNEKII,14.955,20.619,36706.59
HLA-B*51:03,LQGNEKIIN,91.667,91.821,47322.86
HLA-B*51:03,QGNEKIINR,28.265,84.124,46557.0
HLA-B*51:03,GNEKIINRF,25.507,62.917,44534.88
HLA-B*51:03,NEKIINRFA,19.919,26.044,38393.6
HLA-B*51:03,EKIINRFAW,6.57,15.243,34509.7
HLA-B*51:03,KIINRFAWS,69.091,65.65,44827.85
HLA-B*51:03,IINRFAWSW,16.289,10.404,31669.8
HLA-B*51:03,INRFAWSWI,12.472,7.627,29351.5
HLA-B*51:03,NRFAWSWIA,16.107,7.128,28817.8
HLA-B*51:03,RFAWSWIAR,58.25,70.553,45310.62
HLA-B*51:03,FAWSWIARG,17.409,3.514,23351.4
HLA-B*51:03,AWSWIARGN,97.5,95.166,47755.45
HLA-B*51:03,WSWIARGNP,36.905,12.997,33358.02
HLA-B*51:03,SWIARGNPE,79.167,86.647,46795.89
HLA-B*51:03,WIARGNPEV,12.28,10.986,32091.65
HLA-B*51:03,IARGNPEVQ,38.778,65.807,44843.38
HLA-B*51:03,ARGNPEVQL,27.722,80.646,46238.24
HLA-B*51:03,RGNPEVQLV,3.133,9.005,30601.64
HLA-B*51:03,GNPEVQLVI,7.249,17.234,35409.88
HLA-B*51:03,NPEVQLVIS,15.728,14.673,34235.6
HLA-B*51:03,PEVQLVISG,62.143,69.395,45198.5
HLA-B*51:03,EVQLVISGD,41.417,49.017,42844.21
HLA-B*51:03,VQLVISGDS,83.75,68.44,45103.71
HLA-B*51:03,QLVISGDSF,20.033,32.484,39977.79
HLA-B*51:03,LVISGDSFH,44.727,58.12,43991.8
HLA-B*51:03,VISGDSFHL,13.099,21.407,36978.04
HLA-B*51:03,ISGDSFHLQ,33.214,55.108,43634.86
HLA-B*51:03,SGDSFHLQE,41.25,65.349,44798.29
HLA-B*51:03,GDSFHLQEA,33.786,51.667,43192.83
HLA-B*51:03,DSFHLQEAG,15.396,8.709,30343.5
HLA-B*51:03,SFHLQEAGP,59.0,67.367,44997.46
HLA-B*51:03,FHLQEAGPV,20.902,7.266,28970.36
HLA-B*51:03,HLQEAGPVW,6.599,12.674,33165.13
HLA-B*51:03,LQEAGPVWL,19.216,30.9,39620.38
HLA-B*51:03,QEAGPVWLM,2.99,9.713,31172.1
HLA-B*51:03,EAGPVWLMY,1.611,3.283,22801.87
HLA-B*51:03,AGPVWLMYI,8.491,5.819,27197.9
HLA-B*51:03,GPVWLMYIK,35.208,32.615,40006.34
HLA-B*51:03,PVWLMYIKE,76.667,86.263,46758.93
HLA-B*51:03,VWLMYIKER,59.5,79.02,46090.87
HLA-B*51:03,WLMYIKERP,42.385,24.639,37995.21
HLA-B*51:03,LMYIKERPA,20.642,10.873,32008.78
HLA-B*51:03,MYIKERPAL,10.694,18.785,36029.39
HLA-B*51:03,YIKERPALR,18.104,47.864,42679.05
HLA-B*51:03,IKERPALRT,53.333,80.455,46220.71
HLA-B*51:03,KERPALRTA,18.78,40.566,41540.08
HLA-B*51:03,ERPALRTAR,65.0,94.236,47593.97
HLA-B*51:03,RPALRTART,8.53,16.357,35024.28
HLA-B*51:03,PALRTARTA,6.987,15.004,34398.22
HLA-B*51:03,ALRTARTAV,15.664,27.221,38707.68
HLA-B*51:03,LRTARTAVK,66.364,83.669,46515.22
HLA-B*51:03,RTARTAVKP,28.102,41.377,41674.21
HLA-B*51:03,TARTAVKPA,8.39,7.869,29584.56
HLA-B*51:03,ARTAVKPAN,86.667,95.279,47806.63
HLA-B*51:03,RTAVKPANA,19.095,36.364,40773.27
HLA-B*51:03,TAVKPANAL,0.877,3.813,23938.25
HLA-B*51:03,AVKPANALL,6.311,17.415,35485.43
HLA-B*51:03,VKPANALLI,7.131,7.715,29435.46
HLA-B*51:03,KPANALLIK,22.79,37.867,41061.05
HLA-B*51:03,PANALLIKT,23.598,42.403,41841.86
HLA-B*51:03,ANALLIKTE,54.815,81.013,46271.77
HLA-B*51:03,NALLIKTEK,10.245,25.527,38249.3
HLA-B*51:03,ALLIKTEKL,18.146,42.659,41884.43
HLA-B*51:03,LLIKTEKLA,18.085,27.413,38760.06
HLA-B*51:03,LIKTEKLAP,34.923,49.077,42852.55
HLA-B*51:03,IKTEKLAPC,33.857,57.672,43938.53
HLA-B*51:03,KTEKLAPCA,35.958,47.155,42573.43
HLA-B*51:03,TEKLAPCAI,4.876,8.007,29717.71
HLA-B*51:03,EKLAPCAIK,66.364,74.055,45640.77
HLA-B*51:03,KLAPCAIKL,17.472,33.844,40264.74
HLA-B*51:03,LAPCAIKLA,6.696,4.242,24769.25
HLA-B*51:03,APCAIKLAR,22.47,50.284,43016.09
HLA-B*51:03,PCAIKLARS,95.0,96.302,48273.4
HLA-B*51:03,CAIKLARSG,36.857,11.739,32590.98
HLA-B*51:03,AIKLARSGL,24.896,54.008,43493.9
HLA-B*51:03,IKLARSGLG,91.667,70.538,45309.13
HLA-B*51:03,KLARSGLGK,70.0,83.467,46496.6
HLA-B*51:03,LARSGLGKE,54.259,67.362,44996.97
HLA-B*51:03,ARSGLGKEP,50.926,81.933,46355.94
HLA-B*51:03,RSGLGKEPA,49.571,54.632,43574.45
HLA-B*51:03,SGLGKEPAW,7.909,23.22,37560.3
HLA-B*51:03,GLGKEPAWF,42.923,70.251,45282.2
HLA-B*51:03,LGKEPAWFK,20.748,42.425,41845.47
HLA-B*51:03,GKEPAWFKA,46.222,73.68,45605.22
HLA-B*51:03,KEPAWFKAP,34.923,60.453,44265.38
HLA-B*51:03,EPAWFKAPG,19.905,4.644,25491.11
HLA-B*51:03,PAWFKAPGR,43.545,62.812,44523.34
HLA-B*51:03,AWFKAPGRV,12.134,24.691,38010.43
HLA-B*51:03,WFKAPGRVM,15.877,23.624,37687.74
HLA-B*51:03,FKAPGRVMP,22.74,49.279,42880.39
HLA-B*51:03,KAPGRVMPV,3.213,5.279,26450.03
HLA-B*51:03,APGRVMPVG,21.447,20.853,36790.48
HLA-B*51:03,PGRVMPVGQ,93.333,96.473,48352.32
HLA-B*51:03,GRVMPVGQC,57.25,83.861,46532.84
HLA-B*51:03,RVMPVGQCP,15.582,21.235,36921.28
HLA-B*51:03,VMPVGQCPS,83.75,66.038,44866.2
HLA-B*51:03,MPVGQCPSV,0.062,0.043,2480.53
HLA-B*51:03,PVGQCPSVR,93.333,96.459,48345.52
HLA-B*51:03,VGQCPSVRQ,54.444,81.709,46335.38
HLA-B*51:03,GQCPSVRQH,49.571,94.263,47597.07
HLA-B*51:03,QCPSVRQHG,60.357,90.499,47175.11
HLA-B*51:03,CPSVRQHGK,21.482,23.968,37796.76
HLA-B*51:03,PSVRQHGKK,76.667,90.256,47148.07
HLA-B*51:03,SVRQHGKKE,62.5,88.963,47019.2
HLA-B*51:03,VRQHGKKEP,56.0,93.353,47494.69
HLA-B*51:03,RQHGKKEPE,76.667,95.734,48013.99
HLA-B*51:03,QHGKKEPED,86.667,95.962,48117.99
HLA-B*51:03,HGKKEPEDT,60.357,93.87,47552.8
HLA-B*51:03,GKKEPEDTI,15.463,48.461,42765.01
HLA-B*51:03,KKEPEDTIE,91.667,97.941,49031.4
HLA-B*51:03,KEPEDTIET,40.125,85.984,46732.13
HLA-B*51:03,EPEDTIETE,17.544,44.664,42199.21
HLA-B*51:03,PEDTIETEH,47.25,96.369,48304.2
HLA-B*51:03,EDTIETEHK,58.5,91.752,47315.18
HLA-B*51:03,DTIETEHKL,0.237,1.651,17751.17
HLA-B*51:03,TIETEHKLE,74.286,93.902,47556.42
HLA-B*51:03,IETEHKLES,26.983,52.133,43252.7
HLA-B*51:03,ETEHKLESP,11.117,41.165,41639.96
HLA-B*51:03,TEHKLESPS,36.381,48.484,42768.27
HLA-B*51:03,EHKLESPSE,34.0,67.096,44970.69
HLA-B*51:03,HKLESPSET,29.955,72.484,45492.36
HLA-B*51:03,KLESPSETL,14.631,45.203,42283.31
HLA-B*51:03,LESPSETLF,3.999,11.446,32395.87
HLA-B*51:03,ESPSETLFR,13.39,41.648,41717.99
HLA-B*51:03,SPSETLFRE,9.472,19.997,36484.05
HLA-B*51:03,PSETLFREV,13.504,23.291,37582.67
HLA-B*51:03,SETLFREVV,4.74,7.268,28972.25
HLA-B*51:03,ETLFREVVL,2.588,6.172,27659.68
HLA-B*51:03,TLFREVVLM,4.804,8.359,30034.18
HLA-B*51:03,LFREVVLMR,44.727,63.199,44565.74
HLA-B*51:03,FREVVLMRL,13.412,21.802,37109.51
HLA-B*51:03,REVVLMRLR,53.148,75.044,45734.2
HLA-B*51:03,EVVLMRLRE,41.917,51.338,43150.79
HLA-B*51:03,VVLMRLREI,2.326,2.357,20374.51
HLA-B*51:03,VLMRLREIG,65.909,47.471,42620.44
HLA-B*51:03,LMRLREIGR,43.818,67.249,44985.77
HLA-B*51:03,MRLREIGRR,68.636,83.828,46529.8
HLA-B*51:03,RLREIGRRK,55.75,81.216,46290.27
HLA-B*51:03,LREIGRRKK,85.0,95.812,48049.3
HLA-B*51:03,REIGRRKKV,13.867,36.014,40705.4
HLA-B*51:03,EIGRRKKVS,65.909,88.063,46932.29
HLA-B*51:03,IGRRKKVSN,75.833,89.389,47060.43
HLA-B*51:03,GRRKKVSNG,91.667,96.119,48189.88
HLA-B*51:03,RRKKVSNGP,63.214,88.016,46927.71
HLA-B*51:03,RKKVSNGPI,29.432,39.905,41427.85
HLA-B*51:03,KKVSNGPIL,26.0,48.565,42779.82
HLA-B*51:03,KVSNGPILQ,70.714,95.067,47710.51
HLA-B*51:03,VSNGPILQR,20.642,56.516,43801.34
HLA-B*51:03,SNGPILQRE,53.889,85.363,46672.5
HLA-B*51:03,NGPILQREK,33.393,62.764,44518.03
HLA-B*51:03,GPILQREKI,0.809,2.032,19356.55
HLA-B*51:03,PILQREKII,26.517,44.537,42179.11
HLA-B*51:03,ILQREKIIF,19.919,29.211,39220.74
HLA-B*51:03,LQREKIIFM,5.048,11.524,32447.43
HLA-B*51:03,QREKIIFME,55.5,91.404,47276.29
HLA-B*51:03,REKIIFMEI,4.583,8.371,30044.89
HLA-B*51:03,EKIIFMEIV,6.04,8.047,29753.09
HLA-B*51:03,KIIFMEIVV,16.502,15.43,34597.16
HLA-B*51:03,IIFMEIVVA,8.756,8.794,30417.12
HLA-B*51:03,IFMEIVVAR,34.0,48.925,42831.23
HLA-B*51:03,FMEIVVARD,53.519,54.3,43531.59
HLA-B*51:03,MEIVVARDN,68.636,44.428,42161.79
HLA-B*51:03,EIVVARDNI,5.656,7.05,28732.5
HLA-B*51:03,IVVARDNIY,22.42,30.856,39610.09
HLA-B*51:03,VVARDNIYL,14.936,20.106,36523.16
HLA-B*51:03,VARDNIYLD,29.568,23.035,37501.83
HLA-B*51:03,ARDNIYLDQ,72.857,95.797,48042.55
HLA-B*51:03,RDNIYLDQL,24.182,41.989,41773.1
HLA-B*51:03,DNIYLDQLE,39.588,48.344,42748.36
HLA-B*51:03,NIYLDQLES,17.907,23.305,37587.16
HLA-B*51:03,IYLDQLEST,29.023,53.673,43450.64
HLA-B*51:03,YLDQLESTK,16.027,55.384,43667.43
HLA-B*51:03,LDQLESTKS,66.364,79.43,46127.8
HLA-B*51:03,DQLESTKSV,0.359,1.275,15913.56
HLA-B*51:03,QLESTKSVR,54.074,93.833,47548.69
HLA-B*51:03,LESTKSVRN,65.909,70.95,45347.89
HLA-B*51:03,ESTKSVRNA,7.092,15.641,34696.5
HLA-B*51:03,STKSVRNAL,7.777,22.717,37401.35
HLA-B*51:03,TKSVRNALL,17.808,33.794,40254.27
HLA-B*51:03,KSVRNALLE,65.455,56.084,43750.19
HLA-B*51:03,SVRNALLER,41.833,64.583,44717.89
HLA-B*51:03,VRNALLERW,21.737,36.418,40783.87
HLA-B*51:03,RNALLERWL,30.946,45.415,42315.34
HLA-B*51:03,NALLERWLT,7.811,5.098,26190.6
HLA-B*51:03,ALLERWLTL,5.961,11.622,32512.8
HLA-B*51:03,LLERWLTLK,53.519,59.672,44176.89
HLA-B*51:03,LERWLTLKR,40.812,51.918,43225.1
HLA-B*51:03,ERWLTLKRE,51.296,75.277,45754.99
HLA-B*51:03,RWLTLKREQ,90.0,96.453,48342.9
HLA-B*51:03,WLTLKREQF,20.285,31.465,39750.06
HLA-B*51:03,LTLKREQFN,66.818,60.303,44249.11
HLA-B*51:03,TLKREQFNI,11.754,12.08,32812.48
HLA-B*51:03,LKREQFNIA,15.657,33.065,40103.86
HLA-B*51:03,KREQFNIAG,75.833,87.458,46873.91
HLA-B*51:03,REQFNIAGD,93.333,83.346,46485.54
HLA-B*51:03,EQFNIAGDS,40.812,38.591,41195.0
HLA-B*51:03,QFNIAGDSI,15.429,17.828,35657.88
HLA-B*51:03,FNIAGDSIM,16.938,11.866,32675.73
HLA-B*51:03,NIAGDSIML,13.148,25.477,38235.24
HLA-B*51:03,IAGDSIMLA,2.906,4.378,25031.66
HLA-B*51:03,AGDSIMLAA,13.96,24.719,38018.67
HLA-B*51:03,GDSIMLAAG,85.0,73.21,45560.83
HLA-B*51:03,DSIMLAAGL,1.756,1.387,16502.91
HLA-B*51:03,SIMLAAGLK,60.714,44.807,42222.03
HLA-B*51:03,IMLAAGLKV,4.211,2.894,21855.94
HLA-B*51:03,MLAAGLKVY,20.439,23.675,37704.05
HLA-B*51:03,LAAGLKVYT,11.453,16.558,35114.21
HLA-B*51:03,AAGLKVYTT,10.785,29.407,39267.44
HLA-B*51:03,AGLKVYTTG,24.623,33.697,40234.24
HLA-B*51:03,GLKVYTTGA,38.611,59.388,44142.94
HLA-B*51:03,LKVYTTGAS,83.75,74.457,45678.81
HLA-B*51:03,KVYTTGASQ,54.815,73.69,45606.22
HLA-B*51:03,VYTTGASQA,35.417,50.051,42986.3
HLA-B*51:03,YTTGASQAT,33.75,45.073,42263.62
HLA-B*51:03,TTGASQATR,47.625,71.315,45382.24
HLA-B*51:03,TGASQATRK,45.9,74.081,45643.24
HLA-B*51:03,GASQATRKQ,54.074,91.116,47244.07
HLA-B*51:03,ASQATRKQV,6.292,18.692,35993.93
HLA-B*51:03,SQATRKQVR,50.37,87.511,46878.98
HLA-B*51:03,QATRKQVRM,6.804,23.117,37527.81
HLA-B*51:03,ATRKQVRMD,90.0,88.947,47017.66
HLA-B*51:03,TRKQVRMDP,58.0,76.8,45891.34
HLA-B*51:03,RKQVRMDPW,49.0,51.495,43170.88
HLA-B*51:03,KQVRMDPWT,71.429,77.065,45915.18
HLA-B*51:03,QVRMDPWTV,3.028,4.777,25698.24
HLA-B*51:03,VRMDPWTVS,45.2,55.952,43734.59
HLA-B*51:03,RMDPWTVSS,35.75,45.942,42395.07
HLA-B*51:03,MDPWTVSST,30.973,33.331,40158.57
HLA-B*51:03,DPWTVSSTK,4.416,5.889,27291.94
HLA-B*51:03,PWTVSSTKG,97.5,96.477,48353.88
HLA-B*51:03,WTVSSTKGR,36.524,61.046,44330.09
HLA-B*51:03,TVSSTKGRV,7.88,15.498,34629.01
HLA-B*51:03,VSSTKGRVQ,49.857,86.921,46822.21
HLA-B*51:03,SSTKGRVQF,9.635,32.597,40002.45
HLA-B*51:03,STKGRVQFD,60.714,75.664,45789.65
HLA-B*51:03,TKGRVQFDS,88.333,90.188,47140.44
HLA-B*51:03,KGRVQFDSH,37.842,75.089,45738.15
HLA-B*51:03,GRVQFDSHT,68.636,89.516,47072.63
HLA-B*51:03,RVQFDSHTR,46.0,78.433,46038.05
HLA-B*51:03,VQFDSHTRD,55.25,60.149,44232.36
HLA-B*51:03,QFDSHTRDS,65.0,86.205,46753.36
HLA-B*51:03,FDSHTRDSG,72.857,68.342,45093.94
HLA-B*51:03,DSHTRDSGS,39.882,52.29,43272.82
HLA-B*51:03,SHTRDSGSR,81.25,94.36,47607.88
HLA-B*51:03,HTRDSGSRQ,58.75,89.2,47042.1
HLA-B*51:03,TRDSGSRQV,11.573,32.847,40057.02
HLA-B*51:03,RDSGSRQVA,43.364,71.43,45393.04
HLA-B*51:03,DSGSRQVAV,0.839,1.968,19121.95
HLA-B*51:03,SGSRQVAVT,27.704,40.444,41519.4
HLA-B*51:03,GSRQVAVTI,4.588,6.918,28578.1
HLA-B*51:03,SRQVAVTIL,17.326,32.187,39912.95
HLA-B*51:03,RQVAVTILR,48.75,63.216,44567.67
HLA-B*51:03,QVAVTILRG,43.182,39.296,41321.76
HLA-B*51:03,VAVTILRGE,31.353,47.563,42634.27
HLA-B*51:03,AVTILRGEQ,86.667,95.049,47702.26
HLA-B*51:03,VTILRGEQG,32.29,40.093,41460.14
HLA-B*51:03,TILRGEQGL,22.51,41.721,41729.73
HLA-B*51:03,ILRGEQGLD,90.0,84.529,46594.3
HLA-B*51:03,LRGEQGLDV,37.053,39.35,41331.16
HLA-B*51:03,RGEQGLDVP,67.273,80.11,46189.21
HLA-B*51:03,GEQGLDVPD,88.333,85.989,46732.64
HLA-B*51:03,EQGLDVPDH,51.852,89.437,47065.01
HLA-B*51:03,QGLDVPDHR,33.286,85.142,46651.29
HLA-B*51:03,GLDVPDHRD,88.333,96.421,48328.25
HLA-B*51:03,LDVPDHRDR,74.286,93.079,47463.89
HLA-B*51:03,DVPDHRDRS,29.273,64.627,44722.74
HLA-B*51:03,VPDHRDRSC,2.357,14.152,33980.95
HLA-B*51:03,PDHRDRSCN,97.5,97.627,48885.19
HLA-B*51:03,DHRDRSCNH,39.824,77.276,45934.04
HLA-B*51:03,HRDRSCNHN,80.0,93.065,47462.33
HLA-B*51:03,RDRSCNHNR,72.143,93.742,47538.42
HLA-B*51:03,DRSCNHNRT,65.455,66.934,44954.62
HLA-B*51:03,RSCNHNRTT,64.286,73.492,45587.46
HLA-B*51:03,SCNHNRTTI,4.589,14.986,34389.66
HLA-B*51:03,CNHNRTTIT,44.0,51.072,43116.74
HLA-B*51:03,NHNRTTITR,25.806,61.257,44353.14
HLA-B*51:03,HNRTTITRG,58.5,71.018,45354.27
HLA-B*51:03,NRTTITRGE,57.5,94.556,47630.05
HLA-B*51:03,RTTITRGEA,43.545,51.565,43179.77
HLA-B*51:03,TTITRGEAR,34.962,63.247,44571.06
HLA-B*51:03,TITRGEARG,90.0,90.407,47164.92
HLA-B*51:03,ITRGEARGL,17.824,33.558,40205.52
HLA-B*51:03,TRGEARGLE,81.25,95.668,47983.84
HLA-B*51:03,RGEARGLEN,85.0,91.212,47254.82
HLA-B*51:03,GEARGLENG,86.667,91.267,47260.95
HLA-B*51:03,EARGLENGI,0.938,2.153,19727.62
HLA-B*51:03,ARGLENGIP,83.75,92.429,47391.0
HLA-B*51:03,RGLENGIPS,48.25,45.897,42388.21
HLA-B*51:03,GLENGIPSQ,85.0,96.631,48424.56
HLA-B*51:03,LENGIPSQT,16.942,44.026,42097.96
HLA-B*51:03,ENGIPSQTA,10.497,23.117,37527.81
HLA-B*51:03,NGIPSQTAP,10.616,18.816,36041.11
HLA-B*51:03,GIPSQTAPG,95.0,93.124,47469.03
HLA-B*51:03,IPSQTAPGE,10.312,19.729,36383.54
HLA-B*51:03,PSQTAPGEK,85.0,95.748,48020.21
HLA-B*51:03,SQTAPGEKH,42.231,88.221,46947.51
HLA-B*51:03,QTAPGEKHV,3.675,16.879,35258.5
HLA-B*51:03,TAPGEKHVI,0.861,4.825,25773.98
HLA-B*51:03,APGEKHVIR,21.842,55.556,43687.76
HLA-B*51:03,PGEKHVIRL,12.37,50.78,43079.44
HLA-B*51:03,GEKHVIRLC,34.654,67.397,45000.37
HLA-B*51:03,EKHVIRLCQ,54.259,74.603,45692.66
HLA-B*51:03,KHVIRLCQG,72.143,68.548,45114.45
HLA-B*51:03,HVIRLCQGG,67.727,47.666,42649.5
HLA-B*51:03,VIRLCQGGP,83.75,59.216,44122.42
HLA-B*51:03,IRLCQGGPV,58.25,25.245,38170.34
HLA-B*51:03,RLCQGGPVV,17.275,25.802,38326.36
HLA-B*51:03,LCQGGPVVV,4.971,15.724,34735.21
HLA-B*51:03,CQGGPVVVN,77.5,69.355,45194.59
HLA-B*51:03,QGGPVVVNR,26.667,78.859,46076.43
HLA-B*51:03,GGPVVVNRF,6.948,27.819,38871.36
HLA-B*51:03,GPVVVNRFV,1.301,1.737,18130.45
HLA-B*51:03,PVVVNRFVA,44.636,42.03,41779.87
HLA-B*51:03,VVVNRFVAE,41.083,54.245,43524.52
HLA-B*51:03,VVNRFVAEP,25.06,26.345,38473.44
HLA-B*51:03,VNRFVAEPL,19.581,14.803,34299.36
HLA-B*51:03,NRFVAEPLT,39.059,44.345,42148.54
HLA-B*51:03,RFVAEPLTY,27.815,47.18,42577.11
HLA-B*51:03,FVAEPLTYE,21.939,36.184,40738.44
HLA-B*51:03,VAEPLTYEA,2.596,5.218,26361.46
HLA-B*51:03,AEPLTYEAA,25.657,51.754,43204.05
HLA-B*51:03,EPLTYEAAA,2.801,2.382,20452.03
HLA-B*51:03,PLTYEAAAI,33.357,37.646,41019.29
HLA-B*51:03,LTYEAAAID,48.625,21.96,37162.15
HLA-B*51:03,TYEAAAIDI,17.85,19.049,36130.12
HLA-B*51:03,YEAAAIDIS,49.714,46.715,42508.52
HLA-B*51:03,EAAAIDISS,13.336,13.99,33901.64
HLA-B*51:03,AAAIDISSP,15.993,29.167,39210.12
HLA-B*51:03,AAIDISSPE,25.821,42.46,41851.36
HLA-B*51:03,AIDISSPEN,68.636,90.668,47194.0
HLA-B*51:03,IDISSPENE,59.0,89.632,47083.84
HLA-B*51:03,DISSPENES,19.622,53.753,43460.98
HLA-B*51:03,ISSPENESC,14.675,44.411,42159.04
HLA-B*51:03,SSPENESCL,8.982,24.487,37950.44
HLA-B*51:03,SPENESCLT,18.579,26.937,38630.7
HLA-B*51:03,PENESCLTR,66.364,91.468,47283.45
HLA-B*51:03,ENESCLTRL,18.689,35.598,40622.69
HLA-B*51:03,NESCLTRLG,49.571,23.365,37605.85
HLA-B*51:03,ESCLTRLGH,40.0,62.909,44533.94
HLA-B*51:03,SCLTRLGHV,11.88,15.094,34440.3
HLA-B*51:03,CLTRLGHVL,20.163,14.156,33983.16
HLA-B*51:03,LTRLGHVLM,8.344,6.797,28432.83
HLA-B*51:03,TRLGHVLMA,20.065,26.342,38472.59
HLA-B*51:03,RLGHVLMAQ,71.429,89.116,47033.94
HLA-B*51:03,LGHVLMAQG,45.1,28.959,39160.11
HLA-B*51:03,GHVLMAQGT,63.571,67.377,44998.42
HLA-B*51:03,HVLMAQGTK,38.944,50.423,43033.76
HLA-B*51:03,VLMAQGTKD,71.429,72.051,45451.54
HLA-B*51:03,LMAQGTKDV,12.62,17.703,35605.44
HLA-B*51:03,MAQGTKDVG,41.0,27.64,38822.18
HLA-B*51:03,AQGTKDVGQ,91.667,97.425,48791.67
HLA-B*51:03,QGTKDVGQF,17.876,40.274,41490.66
HLA-B*51:03,GTKDVGQFI,4.959,13.143,33437.52
HLA-B*51:03,TKDVGQFII,9.165,13.855,33827.25
HLA-B*51:03,KDVGQFIIN,86.667,85.947,46728.58
HLA-B*51:03,DVGQFIINV,0.813,1.402,16585.43
HLA-B*51:03,VGQFIINVG,35.792,23.125,37530.26
HLA-B*51:03,GQFIINVGA,28.653,41.838,41748.7
HLA-B*51:03,QFIINVGAA,26.883,30.644,39560.41
HLA-B*51:03,FIINVGAAV,5.093,3.175,22545.26
HLA-B*51:03,IINVGAAVF,13.551,12.978,33346.83
HLA-B*51:03,INVGAAVFA,28.755,25.201,38157.94
HLA-B*51:03,NVGAAVFAV,5.414,4.697,25573.16
HLA-B*51:03,VGAAVFAVL,2.99,2.863,21773.32
HLA-B*51:03,GAAVFAVLV,2.86,3.939,24189.76
HLA-B*51:03,AAVFAVLVA,7.522,7.364,29079.02
HLA-B*51:03,AVFAVLVAD,65.909,62.179,44454.02
HLA-B*51:03,VFAVLVADP,57.75,58.736,44065.18
HLA-B*51:03,FAVLVADPV,3.239,0.371,8748.87
HLA-B*51:03,AVLVADPVN,85.0,77.685,45970.85
HLA-B*51:03,VLVADPVNL,7.116,23.536,37660.02
HLA-B*51:03,LVADPVNLS,23.943,36.689,40836.43
HLA-B*51:03,VADPVNLSP,3.918,11.14,32193.9
HLA-B*51:03,ADPVNLSPM,28.653,45.758,42367.11
HLA-B*51:03,DPVNLSPMQ,10.987,24.788,38039.24
HLA-B*51:03,PVNLSPMQT,47.125,75.886,45809.47
HLA-B*51:03,VNLSPMQTR,34.423,67.406,45001.36
HLA-B*51:03,NLSPMQTRP,21.825,34.205,40339.3
HLA-B*51:03,LSPMQTRPV,4.763,4.535,25321.22
HLA-B*51:03,SPMQTRPVS,6.418,6.655,28261.99
HLA-B*51:03,PMQTRPVSA,21.754,46.398,42462.11
HLA-B*51:03,MQTRPVSAE,38.611,54.741,43588.62
HLA-B*51:03,QTRPVSAEI,1.197,2.47,20738.15
HLA-B*51:03,TRPVSAEIF,20.22,43.009,41942.46
HLA-B*51:03,RPVSAEIFF,2.076,3.754,23821.45
HLA-B*51:03,PVSAEIFFF,18.195,32.954,40080.43
HLA-B*51:03,VSAEIFFFS,23.0,11.91,32704.74
HLA-B*51:03,SAEIFFFSA,6.66,4.211,24710.09
HLA-B*51:03,AEIFFFSAP,19.473,22.325,37277.72
HLA-B*51:03,EIFFFSAPS,42.846,12.376,32987.61
HLA-B*51:03,IFFFSAPSH,34.5,47.672,42650.43
HLA-B*51:03,FFFSAPSHF,1.659,2.128,19649.87
HLA-B*51:03,FFSAPSHFA,13.84,13.673,33727.12
HLA-B*51:03,FSAPSHFAI,0.535,0.272,7272.82
HLA-B*51:03,SAPSHFAII,0.378,0.456,9850.69
HLA-B*51:03,APSHFAIID,28.694,22.216,37243.46
HLA-B*51:03,PSHFAIIDF,25.493,42.828,41912.54
HLA-B*51:03,SHFAIIDFQ,57.25,62.333,44470.86
HLA-B*51:03,HFAIIDFQA,19.635,26.013,38385.29
HLA-B*51:03,FAIIDFQAT,7.861,6.027,27475.94
HLA-B*51:03,AIIDFQATA,10.167,17.991,35726.22
HLA-B*51:03,IIDFQATAA,19.669,26.02,38387.36
HLA-B*51:03,IDFQATAAK,34.0,51.032,43111.59
HLA-B*51:03,DFQATAAKG,47.75,42.722,41894.86
HLA-B*51:03,FQATAAKGC,36.0,49.249,42876.22
HLA-B*51:03,QATAAKGCS,72.143,70.496,45305.22
HLA-B*51:03,ATAAKGCSD,70.0,86.632,46794.35
HLA-B*51:03,TAAKGCSDG,63.571,59.316,44134.34
HLA-B*51:03,AAKGCSDGQ,80.0,95.072,47712.57
HLA-B*51:03,AKGCSDGQV,69.545,67.101,44971.18
HLA-B*51:03,KGCSDGQVD,95.0,95.557,47932.99
HLA-B*51:03,GCSDGQVDN,97.5,97.72,48928.59
HLA-B*51:03,CSDGQVDNR,63.571,84.934,46631.61
HLA-B*51:03,SDGQVDNRL,24.597,53.917,43482.15
HLA-B*51:03,DGQVDNRLI,1.262,1.578,17432.74
HLA-B*51:03,GQVDNRLIG,50.556,76.096,45828.32
HLA-B*51:03,QVDNRLIGI,4.489,14.256,34031.73
HLA-B*51:03,VDNRLIGID,93.333,78.605,46053.49
HLA-B*51:03,DNRLIGIDA,8.115,11.389,32358.03
HLA-B*51:03,NRLIGIDAR,65.455,89.316,47053.3
HLA-B*51:03,RLIGIDARC,39.529,63.436,44591.79
HLA-B*51:03,LIGIDARCG,95.0,83.231,46474.95
HLA-B*51:03,IGIDARCGP,36.905,44.063,42103.88
HLA-B*51:03,GIDARCGPQ,97.5,96.815,48509.52
HLA-B*51:03,IDARCGPQF,16.582,29.988,39406.61
HLA-B*51:03,DARCGPQFD,36.619,23.977,37799.64
HLA-B*51:03,ARCGPQFDG,93.333,95.358,47842.32
HLA-B*51:03,RCGPQFDGL,39.529,61.419,44370.88
HLA-B*51:03,CGPQFDGLQ,77.5,66.954,44956.57
HLA-B*51:03,GPQFDGLQS,25.149,34.034,40303.97
HLA-B*51:03,PQFDGLQSA,14.261,33.021,40094.75
HLA-B*51:03,QFDGLQSAT,34.385,62.895,44532.47
HLA-B*51:03,FDGLQSATS,64.286,58.096,43988.94
HLA-B*51:03,DGLQSATSN,36.762,34.649,40431.06
HLA-B*51:03,GLQSATSNE,83.75,95.692,47994.77
HLA-B*51:03,LQSATSNET,36.143,48.731,42803.45
HLA-B*51:03,QSATSNETC,25.507,47.341,42601.06
HLA-B*51:03,SATSNETCL,5.38,14.961,34377.39
HLA-B*51:03,ATSNETCLL,17.565,31.78,39821.93
HLA-B*51:03,TSNETCLLI,1.991,0.929,13927.89
HLA-B*51:03,SNETCLLIG,93.333,66.57,44918.66
HLA-B*51:03,NETCLLIGF,16.151,12.795,33237.33
HLA-B*51:03,ETCLLIGFI,9.18,2.109,19593.4
HLA-B*51:03,TCLLIGFIA,31.294,29.082,39189.77
HLA-B*51:03,CLLIGFIAK,63.214,65.566,44819.61
HLA-B*51:03,LLIGFIAKV,4.803,6.08,27542.61
HLA-B*51:03,LIGFIAKVF,21.807,16.21,34958.77
HLA-B*51:03,IGFIAKVFW,6.105,6.416,27969.03
HLA-B*51:03,GFIAKVFWN,97.5,92.626,47413.07
HLA-B*51:03,FIAKVFWNL,7.318,7.003,28680.31
HLA-B*51:03,IAKVFWNLT,14.538,10.177,31506.77
HLA-B*51:03,AKVFWNLTG,70.0,60.281,44246.71
HLA-B*51:03,KVFWNLTGS,65.0,55.856,43723.22
HLA-B*51:03,VFWNLTGSN,71.429,63.344,44581.67
HLA-B*51:03,FWNLTGSNH,47.25,72.453,45489.43
HLA-B*51:03,WNLTGSNHG,81.25,60.259,44244.32
HLA-B*51:03,NLTGSNHGN,77.5,92.823,47435.12
HLA-B*51:03,LTGSNHGNL,12.861,21.309,36945.64
HLA-B*51:03,TGSNHGNLA,21.702,22.168,37228.14
HLA-B*51:03,GSNHGNLAV,16.431,24.685,38008.79
HLA-B*51:03,SNHGNLAVE,57.75,78.389,46034.07
HLA-B*51:03,NHGNLAVES,60.714,63.695,44620.27
HLA-B*51:03,HGNLAVESA,12.984,20.89,36804.01
HLA-B*51:03,GNLAVESAI,14.672,19.816,36416.21
HLA-B*51:03,NLAVESAII,8.346,6.609,28207.31
HLA-B*51:03,LAVESAIIP,8.986,8.153,29848.23
HLA-B*51:03,AVESAIIPV,10.174,16.216,34961.43
HLA-B*51:03,VESAIIPVG,38.0,32.988,40087.8
HLA-B*51:03,ESAIIPVGP,8.149,17.261,35421.0
HLA-B*51:03,SAIIPVGPP,10.517,6.758,28385.49
HLA-B*51:03,AIIPVGPPS,31.559,44.112,42111.62
HLA-B*51:03,IIPVGPPSH,25.716,71.472,45397.0
HLA-B*51:03,IPVGPPSHL,0.055,0.521,10587.88
HLA-B*51:03,PVGPPSHLN,70.0,86.858,46816.14
HLA-B*51:03,VGPPSHLNK,15.03,38.436,41166.48
HLA-B*51:03,GPPSHLNKH,14.917,61.112,44337.29
HLA-B*51:03,PPSHLNKHH,30.811,83.275,46479.0
HLA-B*51:03,PSHLNKHHV,6.703,20.246,36572.98
HLA-B*51:03,SHLNKHHVG,52.593,54.566,43565.96
HLA-B*51:03,HLNKHHVGE,52.037,72.918,45533.25
HLA-B*51:03,LNKHHVGED,91.667,89.989,47118.49
HLA-B*51:03,NKHHVGEDF,32.097,56.364,43783.35
HLA-B*51:03,KHHVGEDFA,63.929,69.035,45162.8
HLA-B*51:03,HHVGEDFAL,10.53,25.396,38212.49
HLA-B*51:03,HVGEDFALD,52.222,62.948,44538.27
HLA-B*51:03,VGEDFALDF,15.881,25.783,38320.97
HLA-B*51:03,GEDFALDFY,39.882,63.563,44605.8
HLA-B*51:03,EDFALDFYK,37.947,41.676,41722.52
HLA-B*51:03,DFALDFYKR,33.214,62.597,44499.74
HLA-B*51:03,FALDFYKRI,0.186,0.168,5419.58
HLA-B*51:03,ALDFYKRID,97.5,95.137,47742.03
HLA-B*51:03,LDFYKRIDA,28.429,32.782,40042.73
HLA-B*51:03,DFYKRIDAV,1.881,2.578,21036.0
HLA-B*51:03,FYKRIDAVA,29.0,28.859,39135.11
HLA-B*51:03,YKRIDAVAI,6.601,8.681,30319.2
HLA-B*51:03,KRIDAVAIL,12.553,38.85,41242.71
HLA-B*51:03,RIDAVAILP,34.769,48.016,42701.68
HLA-B*51:03,IDAVAILPL,12.725,10.253,31560.68
HLA-B*51:03,DAVAILPLA,0.349,0.377,8829.8
HLA-B*51:03,AVAILPLAG,56.25,51.327,43149.39
HLA-B*51:03,VAILPLAGV,0.837,0.753,12518.94
HLA-B*51:03,AILPLAGVI,6.22,5.677,27006.13
HLA-B*51:03,ILPLAGVIK,58.75,71.331,45383.73
HLA-B*51:03,LPLAGVIKT,1.632,2.504,20848.16
HLA-B*51:03,PLAGVIKTR,58.75,91.944,47336.69
HLA-B*51:03,LAGVIKTRQ,42.769,64.758,44737.25
HLA-B*51:03,AGVIKTRQS,46.889,75.903,45810.97
HLA-B*51:03,GVIKTRQSG,62.143,83.302,46481.49
HLA-B*51:03,VIKTRQSGS,63.571,84.584,46599.32
HLA-B*51:03,IKTRQSGSL,27.796,44.805,42221.59
HLA-B*51:03,KTRQSGSLK,52.593,66.447,44906.5
HLA-B*51:03,TRQSGSLKR,65.0,94.396,47612.03
HLA-B*51:03,RQSGSLKRA,37.211,68.661,45125.68
HLA-B*51:03,QSGSLKRAE,62.143,91.45,47281.41
HLA-B*51:03,SGSLKRAEP,33.25,46.505,42477.72
HLA-B*51:03,GSLKRAEPK,61.429,77.209,45928.09
HLA-B*51:03,SLKRAEPKT,40.25,63.216,44567.67
HLA-B*51:03,LKRAEPKTG,88.333,93.5,47511.14
HLA-B*51:03,KRAEPKTGV,26.05,66.993,44960.48
HLA-B*51:03,RAEPKTGVL,3.862,16.621,35142.32
HLA-B*51:03,AEPKTGVLH,35.583,84.064,46551.45
HLA-B*51:03,EPKTGVLHK,8.375,29.957,39399.37
HLA-B*51:03,PKTGVLHKL,23.425,63.093,44554.16
HLA-B*51:03,KTGVLHKLH,50.556,84.37,46579.68
HLA-B*51:03,TGVLHKLHS,37.263,47.74,42660.59
HLA-B*51:03,GVLHKLHST,28.939,62.605,44500.69
HLA-B*51:03,VLHKLHSTV,2.415,3.367,23003.83
HLA-B*51:03,LHKLHSTVC,27.704,35.506,40604.23
HLA-B*51:03,HKLHSTVCL,16.618,31.038,39652.54
HLA-B*51:03,KLHSTVCLW,14.178,19.574,36325.72
HLA-B*51:03,LHSTVCLWT,64.643,29.734,39345.69
HLA-B*51:03,HSTVCLWTV,8.773,2.952,22010.65
HLA-B*51:03,STVCLWTVV,11.353,2.1,19563.95
HLA-B*51:03,TVCLWTVVP,37.842,26.761,38583.91
HLA-B*51:03,VCLWTVVPD,93.333,62.825,44524.78
HLA-B*51:03,CLWTVVPDV,16.569,7.45,29173.56
HLA-B*51:03,LWTVVPDVS,80.0,75.698,45792.63
HLA-B*51:03,WTVVPDVSW,5.884,6.576,28167.66
HLA-B*51:03,TVVPDVSWD,68.182,67.308,44991.61
HLA-B*51:03,VVPDVSWDY,13.126,29.16,39208.43
HLA-B*51:03,VPDVSWDYE,29.318,38.085,41101.93
HLA-B*51:03,PDVSWDYEA,59.25,62.992,44543.1
HLA-B*51:03,DVSWDYEAI,2.266,2.071,19473.99
HLA-B*51:03,VSWDYEAIG,41.333,21.292,36940.05
HLA-B*51:03,SWDYEAIGK,61.071,90.677,47195.04
HLA-B*51:03,WDYEAIGKT,31.147,27.96,38910.05
HLA-B*51:03,DYEAIGKTF,3.788,14.676,34237.08
HLA-B*51:03,YEAIGKTFD,59.75,63.55,44604.33
HLA-B*51:03,EAIGKTFDH,15.067,34.56,40412.68
HLA-B*51:03,AIGKTFDHM,24.026,44.132,42114.82
HLA-B*51:03,IGKTFDHMP,21.93,29.865,39377.21
HLA-B*51:03,GKTFDHMPV,38.667,38.153,41114.39
HLA-B*51:03,KTFDHMPVG,28.408,31.141,39676.15
HLA-B*51:03,TFDHMPVGE,49.714,88.237,46949.03
HLA-B*51:03,FDHMPVGEI,2.946,2.239,19998.62
HLA-B*51:03,DHMPVGEIM,1.287,3.326,22905.73
HLA-B*51:03,HMPVGEIMD,70.0,84.195,46563.55
HLA-B*51:03,MPVGEIMDM,0.573,0.542,10771.95
HLA-B*51:03,PVGEIMDMM,36.286,52.192,43260.18
HLA-B*51:03,VGEIMDMMS,61.071,62.667,44507.43
HLA-B*51:03,GEIMDMMSV,6.756,9.588,31082.5
HLA-B*51:03,EIMDMMSVD,43.545,31.017,39647.84
HLA-B*51:03,IMDMMSVDW,28.939,15.722,34734.45
HLA-B*51:03,MDMMSVDWM,28.571,8.063,29767.58
HLA-B*51:03,DMMSVDWMY,6.568,3.672,23660.14
HLA-B*51:03,MMSVDWMYD,82.5,24.79,38039.64
HLA-B*51:03,MSVDWMYDN,73.571,31.802,39827.12
HLA-B*51:03,SVDWMYDNG,72.857,62.236,44460.27
HLA-B*51:03,VDWMYDNGF,25.493,19.232,36198.2
HLA-B*51:03,DWMYDNGFD,97.5,76.622,45875.46
HLA-B*51:03,WMYDNGFDN,63.571,27.569,38802.85
HLA-B*51:03,MYDNGFDNE,61.786,81.807,46344.4
HLA-B*51:03,YDNGFDNEG,65.909,65.704,44833.2
HLA-B*51:03,DNGFDNEGE,82.5,95.42,47870.8
HLA-B*51:03,NGFDNEGEK,42.538,55.192,43644.76
HLA-B*51:03,GFDNEGEKV,29.091,63.752,44626.54
HLA-B*51:03,FDNEGEKVL,6.924,25.888,38350.42
HLA-B*51:03,DNEGEKVLH,36.762,84.759,46615.46
HLA-B*51:03,NEGEKVLHY,6.797,32.417,39963.1
HLA-B*51:03,EGEKVLHYI,0.995,1.975,19152.19
HLA-B*51:03,GEKVLHYIV,19.703,27.721,38844.44
HLA-B*51:03,EKVLHYIVS,40.312,50.795,43081.3
HLA-B*51:03,KVLHYIVSR,28.816,61.788,44411.24
HLA-B*51:03,VLHYIVSRM,9.052,12.099,32823.85
HLA-B*51:03,LHYIVSRMS,42.846,30.403,39503.96
HLA-B*51:03,HYIVSRMSI,7.132,7.019,28698.33
HLA-B*51:03,YIVSRMSIR,48.5,61.164,44343.04
HLA-B*51:03,IVSRMSIRS,44.727,45.4,42313.04
HLA-B*51:03,VSRMSIRSE,46.444,60.057,44222.3
HLA-B*51:03,SRMSIRSEN,66.818,73.518,45589.93
HLA-B*51:03,RMSIRSENR,65.455,88.674,46991.22
HLA-B*51:03,MSIRSENRP,20.886,18.756,36018.1
HLA-B*51:03,SIRSENRPM,26.417,32.522,39986.02
HLA-B*51:03,IRSENRPMG,59.5,81.035,46273.77
HLA-B*51:03,RSENRPMGM,17.912,46.903,42536.14
HLA-B*51:03,SENRPMGMT,34.115,49.609,42925.88
HLA-B*51:03,ENRPMGMTT,9.658,18.985,36105.89
HLA-B*51:03,NRPMGMTTS,62.143,80.778,46250.23
HLA-B*51:03,RPMGMTTSV,0.332,0.405,9236.41
HLA-B*51:03,PMGMTTSVR,91.667,94.222,47592.44
HLA-B*51:03,MGMTTSVRE,36.095,27.503,38784.82
HLA-B*51:03,GMTTSVRES,70.714,87.647,46892.17
HLA-B*51:03,MTTSVRESE,38.333,47.508,42625.96
HLA-B*51:03,TTSVRESEI,4.517,7.88,29594.81
HLA-B*51:03,TSVRESEIK,63.929,77.503,45954.43
HLA-B*51:03,SVRESEIKL,5.588,18.955,36094.56
HLA-B*51:03,VRESEIKLT,53.148,81.128,46282.27
HLA-B*51:03,RESEIKLTY,7.444,31.235,39697.62
HLA-B*51:03,ESEIKLTYT,15.306,37.698,41029.08
HLA-B*51:03,SEIKLTYTY,4.809,15.21,34494.39
HLA-B*51:03,EIKLTYTYL,3.222,8.378,30051.4
HLA-B*51:03,IKLTYTYLK,50.556,54.431,43548.52
HLA-B*51:03,KLTYTYLKR,65.455,86.305,46762.98
HLA-B*51:03,LTYTYLKRI,1.842,0.908,13799.79
HLA-B*51:03,TYTYLKRIN,93.333,91.912,47333.12
HLA-B*51:03,YTYLKRINA,3.168,3.343,22944.67
HLA-B*51:03,TYLKRINAP,25.582,36.5,40799.75
HLA-B*51:03,YLKRINAPA,15.713,13.763,33776.42
HLA-B*51:03,LKRINAPAN,90.0,80.0,46179.23
HLA-B*51:03,KRINAPANG,81.25,90.727,47200.64
HLA-B*51:03,RINAPANGM,23.253,44.859,42230.25
HLA-B*51:03,INAPANGMI,4.725,5.95,27375.04
HLA-B*51:03,NAPANGMIG,25.567,22.948,37474.27
HLA-B*51:03,APANGMIGV,1.149,2.692,21326.36
HLA-B*51:03,PANGMIGVG,81.25,60.663,44288.39
HLA-B*51:03,ANGMIGVGT,59.25,79.336,46119.32
HLA-B*51:03,NGMIGVGTQ,39.471,48.045,42705.84
HLA-B*51:03,GMIGVGTQR,47.25,84.43,46585.23
HLA-B*51:03,MIGVGTQRH,50.185,75.736,45796.09
HLA-B*51:03,IGVGTQRHL,5.538,16.093,34906.62
HLA-B*51:03,GVGTQRHLD,95.0,96.053,48159.65
HLA-B*51:03,VGTQRHLDL,9.625,18.506,35922.73
HLA-B*51:03,GTQRHLDLG,76.667,76.069,45825.84
HLA-B*51:03,TQRHLDLGP,39.059,46.774,42517.27
HLA-B*51:03,QRHLDLGPK,78.333,90.919,47222.11
HLA-B*51:03,RHLDLGPKV,8.672,15.972,34852.27
HLA-B*51:03,HLDLGPKVV,4.911,23.253,37570.48
HLA-B*51:03,LDLGPKVVI,5.156,8.982,30581.46
HLA-B*51:03,DLGPKVVIA,3.322,13.227,33483.13
HLA-B*51:03,LGPKVVIAK,25.075,43.03,41945.66
HLA-B*51:03,GPKVVIAKV,0.358,1.473,16975.95
HLA-B*51:03,PKVVIAKVL,27.315,65.084,44772.12
HLA-B*51:03,KVVIAKVLT,46.0,65.63,44825.91
HLA-B*51:03,VVIAKVLTE,22.42,39.072,41282.89
HLA-B*51:03,VIAKVLTEH,32.258,64.917,44754.68
HLA-B*51:03,IAKVLTEHE,28.612,46.614,42493.8
HLA-B*51:03,AKVLTEHEP,46.444,76.982,45907.71
HLA-B*51:03,KVLTEHEPF,24.026,35.002,40504.19
HLA-B*51:03,VLTEHEPFE,61.429,78.931,46082.9
HLA-B*51:03,LTEHEPFEG,59.0,68.041,45064.2
HLA-B*51:03,TEHEPFEGM,4.089,15.329,34550.05
HLA-B*51:03,EHEPFEGMR,47.75,86.084,46741.75
HLA-B*51:03,HEPFEGMRQ,59.75,90.503,47175.62
HLA-B*51:03,EPFEGMRQG,2.285,3.491,23303.18
HLA-B*51:03,PFEGMRQGP,75.0,95.323,47826.8
HLA-B*51:03,FEGMRQGPG,73.571,41.335,41667.47
HLA-B*51:03,EGMRQGPGN,67.273,61.068,44332.49
HLA-B*51:03,GMRQGPGNP,61.071,75.111,45740.15
HLA-B*51:03,MRQGPGNPE,69.091,83.165,46468.93
HLA-B*51:03,RQGPGNPER,58.75,91.057,47237.43
HLA-B*51:03,QGPGNPERL,10.336,42.975,41937.03
HLA-B*51:03,GPGNPERLN,64.286,81.369,46304.31
HLA-B*51:03,PGNPERLNM,21.289,54.876,43606.05
HLA-B*51:03,GNPERLNMA,34.808,76.384,45854.1
HLA-B*51:03,NPERLNMAA,4.294,3.254,22734.12
HLA-B*51:03,PERLNMAAR,70.0,87.721,46899.28
HLA-B*51:03,ERLNMAARL,15.463,27.917,38898.29
HLA-B*51:03,RLNMAARLD,93.333,76.667,45879.42
HLA-B*51:03,LNMAARLDM,17.176,15.402,34584.06
HLA-B*51:03,NMAARLDMD,90.0,74.139,45648.68
HLA-B*51:03,MAARLDMDE,54.259,36.275,40756.07
HLA-B*51:03,AARLDMDEL,7.266,15.831,34785.96
HLA-B*51:03,ARLDMDELL,24.987,45.1,42267.74
HLA-B*51:03,RLDMDELLL,19.52,32.938,40076.97
HLA-B*51:03,LDMDELLLA,12.671,11.502,32433.39
HLA-B*51:03,DMDELLLAN,28.755,34.774,40456.88
HLA-B*51:03,MDELLLANP,46.778,39.059,41280.66
HLA-B*51:03,DELLLANPA,11.536,6.703,28319.53
HLA-B*51:03,ELLLANPAP,22.4,26.84,38604.79
HLA-B*51:03,LLLANPAPE,70.0,59.732,44184.04
HLA-B*51:03,LLANPAPEQ,56.0,74.932,45723.81
HLA-B*51:03,LANPAPEQI,0.174,0.613,11403.64
HLA-B*51:03,ANPAPEQIG,72.143,95.033,47695.04
HLA-B*51:03,NPAPEQIGE,13.504,31.887,39846.52
HLA-B*51:03,PAPEQIGEV,2.971,11.013,32110.4
HLA-B*51:03,APEQIGEVE,29.091,57.344,43899.56
HLA-B*51:03,PEQIGEVET,75.0,94.515,47625.41
HLA-B*51:03,EQIGEVETC,7.492,29.709,39339.73
HLA-B*51:03,QIGEVETCA,37.211,52.856,43345.46
HLA-B*51:03,IGEVETCAG,81.25,63.932,44646.35
HLA-B*51:03,GEVETCAGF,21.763,31.885,39846.08
HLA-B*51:03,EVETCAGFW,24.818,16.688,35172.77
HLA-B*51:03,VETCAGFWC,64.286,38.826,41238.25
HLA-B*51:03,ETCAGFWCK,37.737,35.735,40649.95
HLA-B*51:03,TCAGFWCKK,40.312,63.467,44595.15
HLA-B*51:03,CAGFWCKKR,71.429,59.524,44159.2
HLA-B*51:03,AGFWCKKRR,62.143,79.695,46151.75
HLA-B*51:03,GFWCKKRRR,90.0,95.268,47801.45
HLA-B*51:03,FWCKKRRRT,93.333,95.911,48094.57
HLA-B*51:03,WCKKRRRTE,83.75,95.36,47843.37
HLA-B*51:03,CKKRRRTEY,52.593,74.061,45641.27
HLA-B*51:03,KKRRRTEYI,25.701,48.234,42732.64
HLA-B*51:03,KRRRTEYIR,85.0,96.115,48187.8
HLA-B*51:03,RRRTEYIRG,88.333,90.133,47134.3
HLA-B*51:03,RRTEYIRGA,35.083,57.716,43943.75
HLA-B*51:03,RTEYIRGAF,21.982,38.857,41244.04
HLA-B*51:03,TEYIRGAFV,3.379,2.433,20617.11
HLA-B*51:03,EYIRGAFVR,38.167,62.447,44483.36
HLA-B*51:03,YIRGAFVRA,11.664,14.193,34000.8
HLA-B*51:03,IRGAFVRAS,61.429,65.935,44855.99
HLA-B*51:03,RGAFVRASD,78.333,64.675,44728.05
HLA-B*51:03,GAFVRASDC,24.416,27.206,38703.48
HLA-B*51:03,AFVRASDCL,34.962,52.403,43287.33
HLA-B*51:03,FVRASDCLL,14.344,7.149,28841.51
HLA-B*51:03,VRASDCLLE,67.273,77.11,45919.14
HLA-B*51:03,RASDCLLEA,13.449,14.635,34217.08
HLA-B*51:03,ASDCLLEAT,54.63,52.746,43331.38
HLA-B*51:03,SDCLLEATL,20.512,30.089,39430.5
HLA-B*51:03,DCLLEATLC,16.538,27.141,38685.89
HLA-B*51:03,CLLEATLCQ,67.727,58.8,44072.79
HLA-B*51:03,LLEATLCQE,64.643,82.349,46394.07
HLA-B*51:03,LEATLCQEE,47.625,61.516,44381.43
HLA-B*51:03,EATLCQEEP,20.431,20.13,36531.45
HLA-B*51:03,ATLCQEEPF,31.618,24.798,38042.11
HLA-B*51:03,TLCQEEPFP,48.125,64.416,44699.5
HLA-B*51:03,LCQEEPFPD,90.0,81.041,46274.25
HLA-B*51:03,CQEEPFPDG,74.286,60.149,44232.36
HLA-B*51:03,QEEPFPDGP,40.75,78.998,46088.88
HLA-B*51:03,EEPFPDGPI,12.38,11.277,32284.24
HLA-B*51:03,EPFPDGPIY,0.368,1.56,17358.01
HLA-B*51:03,PFPDGPIYT,42.385,88.889,47012.08
HLA-B*51:03,FPDGPIYTD,6.088,6.389,27935.78
HLA-B*51:03,PDGPIYTDK,93.333,97.071,48627.76
HLA-B*51:03,DGPIYTDKM,3.091,7.116,28804.71
HLA-B*51:03,GPIYTDKMA,11.729,17.157,35378.11
HLA-B*51:03,PIYTDKMAC,46.111,60.646,44286.48
HLA-B*51:03,IYTDKMACE,69.091,84.326,46575.65
HLA-B*51:03,YTDKMACEA,14.153,10.436,31692.42
HLA-B*51:03,TDKMACEAD,85.0,83.461,46496.09
HLA-B*51:03,DKMACEADL,21.789,25.208,38160.01
HLA-B*51:03,KMACEADLD,97.5,86.763,46807.03
HLA-B*51:03,MACEADLDF,7.633,4.04,24386.86
HLA-B*51:03,ACEADLDFV,50.926,53.64,43446.41
HLA-B*51:03,CEADLDFVL,12.951,7.072,28756.13
HLA-B*51:03,EADLDFVLF,1.39,3.529,23379.97
HLA-B*51:03,ADLDFVLFP,26.733,38.717,41218.17
HLA-B*51:03,DLDFVLFPV,11.186,3.824,23960.54
HLA-B*51:03,LDFVLFPVE,36.952,42.24,41814.69
HLA-B*51:03,DFVLFPVER,24.481,53.618,43443.58
HLA-B*51:03,FVLFPVERA,9.787,9.562,31063.69
HLA-B*51:03,VLFPVERAL,2.181,7.227,28927.46
HLA-B*51:03,LFPVERALR,70.0,83.302,46481.49
HLA-B*51:03,FPVERALRF,0.032,0.074,3429.59
HLA-B*51:03,PVERALRFQ,88.333,96.55,48387.38
HLA-B*51:03,VERALRFQF,15.265,22.791,37424.83
HLA-B*51:03,ERALRFQFI,8.252,9.529,31040.5
HLA-B*51:03,RALRFQFID,60.0,24.6,37983.72
HLA-B*51:03,ALRFQFIDI,22.8,16.216,34961.43
HLA-B*51:03,LRFQFIDIV,15.086,10.171,31501.99
HLA-B*51:03,RFQFIDIVV,20.528,23.322,37592.44
HLA-B*51:03,FQFIDIVVR,27.907,42.136,41797.52
HLA-B*51:03,QFIDIVVRF,3.237,18.431,35894.0
HLA-B*51:03,FIDIVVRFV,4.431,5.856,27247.39
HLA-B*51:03,IDIVVRFVN,74.286,48.474,42766.86
HLA-B*51:03,DIVVRFVNH,16.818,50.295,43017.47
HLA-B*51:03,IVVRFVNHE,36.333,51.561,43179.29
HLA-B*51:03,VVRFVNHEQ,52.593,66.683,44929.84
HLA-B*51:03,VRFVNHEQI,7.142,8.188,29879.89
HLA-B*51:03,RFVNHEQIE,85.0,95.57,47939.24
HLA-B*51:03,FVNHEQIEH,32.032,54.566,43565.96
HLA-B*51:03,VNHEQIEHI,1.814,5.078,26161.14
HLA-B*51:03,NHEQIEHIY,10.068,39.64,41381.71
HLA-B*51:03,HEQIEHIYF,9.591,23.424,37624.57
HLA-B*51:03,EQIEHIYFQ,18.28,32.212,39918.59
HLA-B*51:03,QIEHIYFQR,24.091,72.025,45449.08
HLA-B*51:03,IEHIYFQRG,49.429,39.884,41424.27
HLA-B*51:03,EHIYFQRGP,15.989,25.223,38164.14
HLA-B*51:03,HIYFQRGPK,60.0,45.07,42263.16
HLA-B*51:03,IYFQRGPKQ,48.75,68.804,45139.86
HLA-B*51:03,YFQRGPKQE,57.25,87.053,46834.9
HLA-B*51:03,FQRGPKQEG,30.73,63.893,44642.0
HLA-B*51:03,QRGPKQEGH,55.25,97.376,48768.96
HLA-B*51:03,RGPKQEGHR,75.833,96.235,48243.11
HLA-B*51:03,GPKQEGHRA,6.668,19.902,36448.54
HLA-B*51:03,PKQEGHRAA,52.778,83.691,46517.23
HLA-B*51:03,KQEGHRAAL,18.165,57.232,43886.25
HLA-B*51:03,QEGHRAALL,17.446,30.049,39421.12
HLA-B*51:03,EGHRAALLS,24.649,21.049,36859.8
HLA-B*51:03,GHRAALLSA,17.067,31.876,39843.92
HLA-B*51:03,HRAALLSAT,57.75,64.178,44673.39
HLA-B*51:03,RAALLSATS,20.976,24.572,37975.49
HLA-B*51:03,AALLSATSS,17.622,28.988,39167.31
HLA-B*51:03,ALLSATSSG,62.857,59.808,44193.13
HLA-B*51:03,LLSATSSGG,72.857,57.048,43864.44
HLA-B*51:03,LSATSSGGP,47.0,40.899,41596.3
HLA-B*51:03,SATSSGGPL,10.139,11.284,32288.78
HLA-B*51:03,ATSSGGPLY,15.198,31.051,39655.56
HLA-B*51:03,TSSGGPLYL,3.118,11.142,32195.29
HLA-B*51:03,SSGGPLYLV,4.849,6.031,27482.18
HLA-B*51:03,SGGPLYLVM,5.776,8.21,29899.61
HLA-B*51:03,GGPLYLVMV,17.819,23.677,37704.46
HLA-B*51:03,GPLYLVMVP,9.532,7.015,28693.98
HLA-B*51:03,PLYLVMVPR,75.833,81.637,46328.86
HLA-B*51:03,LYLVMVPRM,10.746,11.296,32296.82
HLA-B*51:03,YLVMVPRME,40.938,58.844,44078.05
HLA-B*51:03,LVMVPRMET,16.898,16.864,35251.64
HLA-B*51:03,VMVPRMETL,3.605,8.339,30015.97
HLA-B*51:03,MVPRMETLW,7.366,5.335,26531.43
HLA-B*51:03,VPRMETLWA,3.367,1.517,17192.4
HLA-B*51:03,PRMETLWAQ,74.286,82.371,46396.07
HLA-B*51:03,RMETLWAQT,33.607,65.689,44831.75
HLA-B*51:03,METLWAQTG,39.588,16.389,35038.67
HLA-B*51:03,ETLWAQTGV,2.963,2.722,21404.03
HLA-B*51:03,TLWAQTGVR,41.667,49.31,42884.57
HLA-B*51:03,LWAQTGVRL,12.391,22.761,37415.11
HLA-B*51:03,WAQTGVRLL,1.828,2.612,21120.84
HLA-B*51:03,AQTGVRLLG,52.963,57.396,43905.73
HLA-B*51:03,QTGVRLLGP,49.429,55.864,43724.18
HLA-B*51:03,TGVRLLGPH,65.455,63.141,44559.48
HLA-B*51:03,GVRLLGPHS,59.75,72.422,45486.47
HLA-B*51:03,VRLLGPHSD,64.643,78.605,46053.49
HLA-B*51:03,RLLGPHSDE,78.333,92.507,47399.74
HLA-B*51:03,LLGPHSDEY,23.391,30.022,39414.72
HLA-B*51:03,LGPHSDEYL,16.653,27.779,38860.43
HLA-B*51:03,GPHSDEYLF,3.238,6.442,28002.35
HLA-B*51:03,PHSDEYLFT,60.714,75.853,45806.51
HLA-B*51:03,HSDEYLFTG,28.633,28.178,38965.25
HLA-B*51:03,SDEYLFTGN,91.667,88.689,46992.74
HLA-B*51:03,DEYLFTGNG,36.524,17.259,35420.23
HLA-B*51:03,EYLFTGNGQ,50.741,80.898,46261.23
HLA-B*51:03,YLFTGNGQT,28.429,26.776,38587.67
HLA-B*51:03,LFTGNGQTQ,70.714,88.089,46934.83
HLA-B*51:03,FTGNGQTQH,43.0,78.278,46024.1
HLA-B*51:03,TGNGQTQHQ,59.75,92.022,47345.39
HLA-B*51:03,GNGQTQHQV,16.587,41.43,41682.79
HLA-B*51:03,NGQTQHQVG,47.625,51.404,43159.19
HLA-B*51:03,GQTQHQVGR,59.5,95.05,47702.75
HLA-B*51:03,QTQHQVGRS,60.357,78.422,46037.04
HLA-B*51:03,TQHQVGRSA,6.089,15.163,34472.37
HLA-B*51:03,QHQVGRSAL,20.195,40.931,41601.69
HLA-B*51:03,HQVGRSALT,32.645,43.116,41958.81
HLA-B*51:03,QVGRSALTT,37.842,50.044,42985.39
HLA-B*51:03,VGRSALTTS,35.167,48.344,42748.36
HLA-B*51:03,GRSALTTSD,88.333,94.515,47625.41
HLA-B*51:03,RSALTTSDH,61.429,79.452,46129.79
HLA-B*51:03,SALTTSDHF,2.839,4.39,25053.61
HLA-B*51:03,ALTTSDHFT,61.429,79.862,46166.73
HLA-B*51:03,LTTSDHFTI,4.607,1.759,18220.52
HLA-B*51:03,TTSDHFTIC,11.269,22.475,37324.95
HLA-B*51:03,TSDHFTICQ,56.25,77.281,45934.55
HLA-B*51:03,SDHFTICQE,62.857,73.669,45604.25
HLA-B*51:03,DHFTICQER,17.632,45.994,42402.86
HLA-B*51:03,HFTICQERT,80.0,80.548,46229.23
HLA-B*51:03,FTICQERTK,35.417,34.228,40344.09
HLA-B*51:03,TICQERTKE,78.333,95.143,47745.11
HLA-B*51:03,ICQERTKEL,6.731,27.643,38823.03
HLA-B*51:03,CQERTKELD,93.333,81.851,46348.4
HLA-B*51:03,QERTKELDM,19.047,51.955,43229.78
HLA-B*51:03,ERTKELDMR,82.5,96.215,48233.72
HLA-B*51:03,RTKELDMRG,44.545,55.196,43645.24
HLA-B*51:03,TKELDMRGV,27.815,39.126,41292.27
HLA-B*51:03,KELDMRGVK,63.214,80.871,46258.73
HLA-B*51:03,ELDMRGVKD,54.259,83.527,46502.12
HLA-B*51:03,LDMRGVKDG,88.333,81.358,46303.32
HLA-B*51:03,DMRGVKDGR,35.167,71.837,45431.38
HLA-B*51:03,MRGVKDGRK,90.0,95.394,47858.89
HLA-B*51:03,RGVKDGRKM,27.278,54.923,43612.18
HLA-B*51:03,GVKDGRKMS,75.833,96.297,48271.28
HLA-B*51:03,VKDGRKMSK,54.259,91.926,47334.64
HLA-B*51:03,KDGRKMSKI,27.87,49.663,42933.3
HLA-B*51:03,DGRKMSKIQ,39.941,60.725,44295.11
HLA-B*51:03,GRKMSKIQQ,85.0,97.585,48865.64
HLA-B*51:03,RKMSKIQQF,7.885,32.75,40035.79
HLA-B*51:03,KMSKIQQFV,8.152,15.558,34657.12
HLA-B*51:03,MSKIQQFVD,54.074,26.438,38498.01
HLA-B*51:03,SKIQQFVDV,8.195,15.21,34494.39
HLA-B*51:03,KIQQFVDVT,45.5,65.404,44803.6
HLA-B*51:03,IQQFVDVTD,62.143,53.753,43460.98
HLA-B*51:03,QQFVDVTDS,50.185,64.495,44708.21
HLA-B*51:03,QFVDVTDSH,26.55,78.461,46040.54
HLA-B*51:03,FVDVTDSHV,4.274,5.839,27224.4
HLA-B*51:03,VDVTDSHVN,76.667,83.204,46472.44
HLA-B*51:03,DVTDSHVNQ,23.609,58.964,44092.36
HLA-B*51:03,VTDSHVNQE,31.676,69.577,45216.6
HLA-B*51:03,TDSHVNQEG,53.704,74.322,45665.96
HLA-B*51:03,DSHVNQEGS,26.95,33.244,40140.75
HLA-B*51:03,SHVNQEGSS,63.571,81.84,46347.42
HLA-B*51:03,HVNQEGSSD,65.909,85.247,46661.39
HLA-B*51:03,VNQEGSSDL,23.184,44.839,42227.06
HLA-B*51:03,NQEGSSDLA,30.081,42.529,41862.67
HLA-B*51:03,QEGSSDLAP,42.615,62.966,44540.2
HLA-B*51:03,EGSSDLAPF,14.761,10.969,32079.15
HLA-B*51:03,GSSDLAPFD,78.333,74.395,45672.89
HLA-B*51:03,SSDLAPFDF,10.82,23.549,37664.1
HLA-B*51:03,SDLAPFDFY,30.081,40.588,41543.67
HLA-B*51:03,DLAPFDFYL,1.765,2.404,20524.96
HLA-B*51:03,LAPFDFYLD,59.25,19.899,36447.37
HLA-B*51:03,APFDFYLDD,24.506,13.838,33818.09
HLA-B*51:03,PFDFYLDDK,97.5,96.783,48494.82
HLA-B*51:03,FDFYLDDKD,88.333,57.38,43903.83
HLA-B*51:03,DFYLDDKDD,93.333,86.858,46816.14
HLA-B*51:03,FYLDDKDDK,74.286,91.679,47307.0
HLA-B*51:03,YLDDKDDKP,41.333,77.658,45968.36
HLA-B*51:03,LDDKDDKPV,30.486,40.165,41472.25
HLA-B*51:03,DDKDDKPVG,47.125,86.437,46775.64
HLA-B*51:03,DKDDKPVGR,36.19,95.274,47804.57
HLA-B*51:03,KDDKPVGRP,46.556,87.979,46924.14
HLA-B*51:03,DDKPVGRPD,42.538,64.846,44746.95
HLA-B*51:03,DKPVGRPDG,77.5,94.73,47649.62
HLA-B*51:03,KPVGRPDGL,2.825,14.073,33942.38
HLA-B*51:03,PVGRPDGLL,41.75,64.183,44673.88
HLA-B*51:03,VGRPDGLLT,21.904,31.267,39704.92
HLA-B*51:03,GRPDGLLTA,23.839,68.45,45104.7
HLA-B*51:03,RPDGLLTAF,1.173,6.341,27874.17
HLA-B*51:03,PDGLLTAFG,91.667,89.311,47052.78
HLA-B*51:03,DGLLTAFGI,0.983,0.299,7756.26
HLA-B*51:03,GLLTAFGIL,33.821,34.216,40341.49
HLA-B*51:03,LLTAFGILK,54.074,55.384,43667.43
HLA-B*51:03,LTAFGILKA,9.418,12.073,32808.57
HLA-B*51:03,TAFGILKAE,12.611,24.042,37819.27
HLA-B*51:03,AFGILKAEN,95.0,95.637,47969.33
HLA-B*51:03,FGILKAENA,10.113,8.597,30246.14
HLA-B*51:03,GILKAENAC,65.455,88.721,46995.8
HLA-B*51:03,ILKAENACG,72.143,70.793,45333.19
HLA-B*51:03,LKAENACGE,83.75,91.231,47256.87
HLA-B*51:03,KAENACGEL,24.792,32.913,40071.33
HLA-B*51:03,AENACGELS,62.143,63.625,44612.53
HLA-B*51:03,ENACGELSV,6.342,6.448,28010.84
HLA-B*51:03,NACGELSVV,1.887,2.817,21651.87
HLA-B*51:03,ACGELSVVH,46.556,88.816,47004.95
HLA-B*51:03,CGELSVVHN,90.0,70.898,45342.98
HLA-B*51:03,GELSVVHNL,5.911,20.548,36681.17
HLA-B*51:03,ELSVVHNLD,35.292,40.84,41586.4
HLA-B*51:03,LSVVHNLDT,47.25,40.5,41528.83
HLA-B*51:03,SVVHNLDTS,55.75,56.444,43792.81
HLA-B*51:03,VVHNLDTSR,39.529,72.771,45519.45
HLA-B*51:03,VHNLDTSRA,26.517,36.409,40782.11
HLA-B*51:03,HNLDTSRAT,28.204,52.239,43266.26
HLA-B*51:03,NLDTSRATK,38.111,66.496,44911.36
HLA-B*51:03,LDTSRATKE,63.571,87.726,46899.79
HLA-B*51:03,DTSRATKEK,22.29,53.487,43426.66
HLA-B*51:03,TSRATKEKQ,64.643,90.769,47205.24
HLA-B*51:03,SRATKEKQK,59.25,96.902,48549.42
HLA-B*51:03,RATKEKQKV,3.595,15.503,34631.62
HLA-B*51:03,ATKEKQKVS,46.444,85.747,46709.39
HLA-B*51:03,TKEKQKVSY,29.295,79.69,46151.25
HLA-B*51:03,KEKQKVSYK,43.545,86.7,46800.93
HLA-B*51:03,EKQKVSYKM,5.481,25.38,38207.93
HLA-B*51:03,KQKVSYKML,21.658,53.982,43490.62
HLA-B*51:03,QKVSYKMLQ,47.875,85.258,46662.39
HLA-B*51:03,KVSYKMLQW,16.876,30.839,39606.23
HLA-B*51:03,VSYKMLQWN,67.273,37.665,41022.86
HLA-B*51:03,SYKMLQWNG,71.429,60.334,44252.45
HLA-B*51:03,YKMLQWNGI,8.017,4.558,25357.14
HLA-B*51:03,KMLQWNGIT,75.0,57.748,43947.57
HLA-B*51:03,MLQWNGITK,32.419,30.849,39608.38
HLA-B*51:03,LQWNGITKH,28.959,55.396,43668.86
HLA-B*51:03,QWNGITKHD,91.667,95.705,48000.46
HLA-B*51:03,WNGITKHDN,97.5,93.792,47544.06
HLA-B*51:03,NGITKHDNR,36.905,69.729,45231.77
HLA-B*51:03,GITKHDNRF,35.5,73.246,45564.3
HLA-B*51:03,ITKHDNRFE,69.545,90.325,47155.73
HLA-B*51:03,TKHDNRFEL,11.78,30.905,39621.66
HLA-B*51:03,KHDNRFELE,74.286,91.093,47241.54
HLA-B*51:03,HDNRFELEN,65.909,74.546,45687.21
HLA-B*51:03,DNRFELENA,12.681,14.778,34287.12
HLA-B*51:03,NRFELENAH,40.562,73.69,45606.22
HLA-B*51:03,RFELENAHI,27.0,37.321,40957.64
HLA-B*51:03,FELENAHII,0.892,0.809,12980.47
HLA-B*51:03,ELENAHIIA,24.351,32.528,39987.3
HLA-B*51:03,LENAHIIAS,19.824,29.275,39236.02
HLA-B*51:03,ENAHIIASR,20.846,48.86,42821.97
HLA-B*51:03,NAHIIASRG,16.164,10.008,31385.63
HLA-B*51:03,AHIIASRGQ,70.0,91.478,47284.49
HLA-B*51:03,HIIASRGQV,8.916,12.046,32792.6
HLA-B*51:03,IIASRGQVS,48.125,60.488,44269.23
HLA-B*51:03,IASRGQVSL,1.715,5.366,26575.1
HLA-B*51:03,ASRGQVSLE,59.5,79.485,46132.8
HLA-B*51:03,SRGQVSLEQ,57.0,93.413,47501.4
HLA-B*51:03,RGQVSLEQP,31.235,57.544,43923.32
HLA-B*51:03,GQVSLEQPG,82.5,77.741,45975.83
HLA-B*51:03,QVSLEQPGN,77.5,91.446,47280.89
HLA-B*51:03,VSLEQPGNK,34.038,58.728,44064.21
HLA-B*51:03,SLEQPGNKI,8.791,20.977,36835.09
HLA-B*51:03,LEQPGNKID,66.818,81.325,46300.3
HLA-B*51:03,EQPGNKIDT,38.222,78.937,46083.41
HLA-B*51:03,QPGNKIDTF,1.67,8.356,30031.25
HLA-B*51:03,PGNKIDTFM,31.088,55.156,43640.51
HLA-B*51:03,GNKIDTFMS,86.667,93.774,47542.01
HLA-B*51:03,NKIDTFMSW,3.096,8.752,30380.62
HLA-B*51:03,KIDTFMSWL,34.462,41.087,41627.37
HLA-B*51:03,IDTFMSWLG,75.833,25.563,38259.24
HLA-B*51:03,DTFMSWLGT,11.532,4.465,25198.78
HLA-B*51:03,TFMSWLGTH,37.053,42.809,41909.34
HLA-B*51:03,FMSWLGTHY,15.261,14.36,34082.21
HLA-B*51:03,MSWLGTHYK,10.441,6.789,28422.98
HLA-B*51:03,SWLGTHYKV,10.725,12.951,33330.25
HLA-B*51:03,WLGTHYKVS,63.214,65.089,44772.61
HLA-B*51:03,LGTHYKVSY,20.846,32.401,39959.62
HLA-B*51:03,GTHYKVSYS,60.0,77.547,45958.4
HLA-B*51:03,THYKVSYSS,21.667,22.101,37207.21
HLA-B*51:03,HYKVSYSSP,35.375,49.465,42905.93
HLA-B*51:03,YKVSYSSPE,72.143,70.266,45283.66
HLA-B*51:03,KVSYSSPEA,29.409,46.016,42406.09
HLA-B*51:03,VSYSSPEAF,1.662,3.436,23169.19
HLA-B*51:03,SYSSPEAFE,55.5,81.019,46272.25
HLA-B*51:03,YSSPEAFEV,0.896,1.673,17852.09
HLA-B*51:03,SSPEAFEVG,30.216,34.095,40316.6
HLA-B*51:03,SPEAFEVGP,17.819,24.943,38084.95
HLA-B*51:03,PEAFEVGPK,88.333,91.944,47336.69
HLA-B*51:03,EAFEVGPKD,6.666,8.284,29966.65
HLA-B*51:03,AFEVGPKDA,59.75,84.54,46595.3
HLA-B*51:03,FEVGPKDAV,4.239,10.4,31666.72
HLA-B*51:03,EVGPKDAVA,14.287,24.965,38091.53
HLA-B*51:03,VGPKDAVAF,10.157,20.937,36820.75
HLA-B*51:03,GPKDAVAFR,13.64,48.571,42780.76
HLA-B*51:03,PKDAVAFRD,97.5,96.791,48498.51
HLA-B*51:03,KDAVAFRDE,90.0,95.816,48051.41
HLA-B*51:03,DAVAFRDEV,0.163,0.197,6024.51
HLA-B*51:03,AVAFRDEVQ,80.0,95.496,47905.52
HLA-B*51:03,VAFRDEVQE,27.796,42.324,41828.72
HLA-B*51:03,AFRDEVQEP,38.111,66.26,44888.05
HLA-B*51:03,FRDEVQEPK,37.316,66.348,44896.79
HLA-B*51:03,RDEVQEPKT,69.545,95.214,47777.14
HLA-B*51:03,DEVQEPKTD,43.364,76.982,45907.71
HLA-B*51:03,EVQEPKTDN,41.083,84.458,46587.73
HLA-B*51:03,VQEPKTDNG,61.071,88.774,47000.89
HLA-B*51:03,QEPKTDNGE,65.909,96.862,48531.05
HLA-B*51:03,EPKTDNGED,49.857,61.217,44348.82
HLA-B*51:03,PKTDNGEDR,97.5,98.587,49333.11
HLA-B*51:03,KTDNGEDRE,83.75,96.922,48558.88
HLA-B*51:03,TDNGEDREN,85.0,96.366,48303.17
HLA-B*51:03,DNGEDRENK,62.143,92.196,47364.88
HLA-B*51:03,NGEDRENKA,19.115,48.76,42807.61
HLA-B*51:03,GEDRENKAI,17.959,40.947,41604.4
HLA-B*51:03,EDRENKAIR,48.125,82.547,46412.14
HLA-B*51:03,DRENKAIRG,70.0,93.609,47523.49
HLA-B*51:03,RENKAIRGS,62.857,85.589,46694.21
HLA-B*51:03,ENKAIRGSL,11.44,25.261,38174.88
HLA-B*51:03,NKAIRGSLC,28.551,50.751,43075.69
HLA-B*51:03,KAIRGSLCS,40.062,45.479,42324.94
HLA-B*51:03,AIRGSLCSS,53.889,72.568,45500.26
HLA-B*51:03,IRGSLCSSP,48.625,57.492,43917.14
HLA-B*51:03,RGSLCSSPK,76.667,66.703,44931.79
HLA-B*51:03,GSLCSSPKK,59.5,72.657,45508.62
HLA-B*51:03,SLCSSPKKA,31.265,55.528,43684.44
HLA-B*51:03,LCSSPKKAQ,60.714,95.305,47818.54
HLA-B*51:03,CSSPKKAQT,33.071,44.04,42100.24
HLA-B*51:03,SSPKKAQTI,1.445,4.708,25590.32
HLA-B*51:03,SPKKAQTIA,2.714,5.966,27396.37
HLA-B*51:03,PKKAQTIAF,38.889,76.39,45854.6
HLA-B*51:03,KKAQTIAFQ,69.545,94.414,47614.08
HLA-B*51:03,KAQTIAFQA,6.415,11.064,32143.78
HLA-B*51:03,AQTIAFQAG,64.643,60.198,44237.61
HLA-B*51:03,QTIAFQAGL,10.008,10.386,31656.77
HLA-B*51:03,TIAFQAGLA,40.062,24.325,37902.43
HLA-B*51:03,IAFQAGLAV,0.193,0.122,4562.18
HLA-B*51:03,AFQAGLAVE,75.833,92.603,47410.5
HLA-B*51:03,FQAGLAVEG,44.182,35.885,40679.87
HLA-B*51:03,QAGLAVEGI,3.67,5.121,26222.93
HLA-B*51:03,AGLAVEGIQ,82.5,88.826,47005.95
HLA-B*51:03,GLAVEGIQV,17.332,39.224,41309.23
HLA-B*51:03,LAVEGIQVY,2.426,5.911,27321.19
HLA-B*51:03,AVEGIQVYQ,65.455,93.925,47559.0
HLA-B*51:03,VEGIQVYQP,36.905,54.117,43508.04
HLA-B*51:03,EGIQVYQPG,25.06,11.214,32242.71
HLA-B*51:03,GIQVYQPGN,97.5,95.66,47980.22
HLA-B*51:03,IQVYQPGNQ,79.167,90.878,47217.51
HLA-B*51:03,QVYQPGNQK,9.996,40.588,41543.67
HLA-B*51:03,VYQPGNQKK,40.188,81.188,46287.77
HLA-B*51:03,YQPGNQKKD,68.182,92.978,47452.59
HLA-B*51:03,QPGNQKKDN,82.5,95.596,47950.64
HLA-B*51:03,PGNQKKDNV,29.114,67.362,44996.97
HLA-B*51:03,GNQKKDNVA,55.5,80.411,46216.71
HLA-B*51:03,NQKKDNVAE,48.625,83.456,46495.58
HLA-B*51:03,QKKDNVAEK,54.63,94.954,47674.89
HLA-B*51:03,KKDNVAEKM,29.841,74.081,45643.24
HLA-B*51:03,KDNVAEKMY,40.562,87.153,46844.5
HLA-B*51:03,DNVAEKMYE,30.378,62.764,44518.03
HLA-B*51:03,NVAEKMYEN,47.75,50.711,43070.57
HLA-B*51:03,VAEKMYENG,58.25,45.797,42373.07
HLA-B*51:03,AEKMYENGF,24.286,55.336,43661.77
HLA-B*51:03,EKMYENGFT,57.25,55.248,43651.38
HLA-B*51:03,KMYENGFTS,29.545,29.297,39241.11
HLA-B*51:03,MYENGFTSS,50.185,59.792,44191.22
HLA-B*51:03,YENGFTSST,12.97,23.287,37581.46
HLA-B*51:03,ENGFTSSTV,3.954,4.429,25128.8
HLA-B*51:03,NGFTSSTVL,1.96,3.164,22521.12
HLA-B*51:03,GFTSSTVLE,83.75,94.835,47661.49
HLA-B*51:03,FTSSTVLEL,2.193,3.326,22905.23
HLA-B*51:03,TSSTVLELV,2.046,2.513,20870.51
HLA-B*51:03,SSTVLELVG,49.429,28.293,38993.93
HLA-B*51:03,STVLELVGG,65.0,55.16,43640.99
HLA-B*51:03,TVLELVGGN,69.545,58.52,44039.44
HLA-B*51:03,VLELVGGNE,86.667,91.258,47259.91
HLA-B*51:03,LELVGGNEL,8.231,15.879,34808.56
HLA-B*51:03,ELVGGNELA,25.134,35.525,40608.18
HLA-B*51:03,LVGGNELAS,66.818,71.138,45365.56
HLA-B*51:03,VGGNELASA,27.37,38.944,41260.11
HLA-B*51:03,GGNELASAL,12.771,32.544,39990.76
HLA-B*51:03,GNELASALG,90.0,82.421,46400.59
HLA-B*51:03,NELASALGH,27.315,52.6,43312.63
HLA-B*51:03,ELASALGHM,13.822,15.827,34784.08
HLA-B*51:03,LASALGHMV,0.671,0.544,10795.98
HLA-B*51:03,ASALGHMVD,75.833,63.695,44620.27
HLA-B*51:03,SALGHMVDN,58.75,53.935,43484.51
HLA-B*51:03,ALGHMVDNE,90.0,96.147,48202.41
HLA-B*51:03,LGHMVDNEG,70.0,39.26,41315.5
HLA-B*51:03,GHMVDNEGF,34.615,49.835,42957.01
HLA-B*51:03,HMVDNEGFT,53.148,60.312,44250.05
HLA-B*51:03,MVDNEGFTE,42.923,62.381,44476.16
HLA-B*51:03,VDNEGFTED,77.5,85.253,46661.91
HLA-B*51:03,DNEGFTEDA,34.538,42.262,41818.3
HLA-B*51:03,NEGFTEDAD,90.0,77.525,45956.41
HLA-B*51:03,EGFTEDADG,67.727,60.712,44293.65
HLA-B*51:03,GFTEDADGY,59.25,93.079,47463.89
HLA-B*51:03,FTEDADGYR,60.357,76.633,45876.43
HLA-B*51:03,TEDADGYRL,6.485,23.821,37750.18
HLA-B*51:03,EDADGYRLR,40.5,76.528,45867.0
HLA-B*51:03,DADGYRLRK,14.382,30.58,39545.43
HLA-B*51:03,ADGYRLRKL,23.0,55.488,43679.73
HLA-B*51:03,DGYRLRKLI,0.593,0.378,8856.78
HLA-B*51:03,GYRLRKLID,97.5,96.13,48194.57
HLA-B*51:03,YRLRKLIDL,12.685,29.716,39341.43
HLA-B*51:03,RLRKLIDLE,65.0,84.721,46611.95
HLA-B*51:03,LRKLIDLED,88.333,78.726,46064.45
HLA-B*51:03,RKLIDLEDE,95.0,96.776,48491.69
HLA-B*51:03,KLIDLEDES,65.0,89.042,47026.81
HLA-B*51:03,LIDLEDESR,70.714,95.257,47796.8
HLA-B*51:03,IDLEDESRL,15.231,36.339,40768.43
HLA-B*51:03,DLEDESRLR,47.625,82.322,46391.55
HLA-B*51:03,LEDESRLRA,12.093,21.44,36989.25
HLA-B*51:03,EDESRLRAF,16.089,33.855,40266.92
HLA-B*51:03,DESRLRAFI,3.334,2.74,21452.48
HLA-B*51:03,ESRLRAFIV,2.065,1.493,17085.22
HLA-B*51:03,SRLRAFIVI,11.442,8.341,30018.26
HLA-B*51:03,RLRAFIVIL,17.352,29.631,39321.01
HLA-B*51:03,LRAFIVILK,57.0,60.62,44283.6
HLA-B*51:03,RAFIVILKI,0.699,0.92,13876.0
HLA-B*51:03,AFIVILKIG,76.667,85.479,46683.61
HLA-B*51:03,FIVILKIGL,14.803,22.367,37291.04
HLA-B*51:03,IVILKIGLP,16.942,16.238,34971.27
HLA-B*51:03,VILKIGLPD,78.333,49.963,42974.69
HLA-B*51:03,ILKIGLPDL,14.283,27.991,38918.49
HLA-B*51:03,LKIGLPDLE,74.286,82.831,46438.28
HLA-B*51:03,KIGLPDLER,72.857,95.778,48033.72
HLA-B*51:03,IGLPDLERV,2.797,5.438,26680.27
HLA-B*51:03,GLPDLERVK,71.429,95.808,48047.75
HLA-B*51:03,LPDLERVKQ,22.71,48.773,42809.46
HLA-B*51:03,PDLERVKQS,69.091,95.643,47972.42
HLA-B*51:03,DLERVKQSE,38.444,72.135,45459.4
HLA-B*51:03,LERVKQSEL,6.267,21.585,37037.3
HLA-B*51:03,ERVKQSELM,19.48,36.43,40786.07
HLA-B*51:03,RVKQSELMP,28.367,48.737,42804.36
HLA-B*51:03,VKQSELMPL,19.649,25.3,38185.61
HLA-B*51:03,KQSELMPLP,31.412,39.951,41435.92
HLA-B*51:03,QSELMPLPW,13.77,12.745,33207.14
HLA-B*51:03,SELMPLPWA,16.733,14.617,34208.19
HLA-B*51:03,ELMPLPWAQ,17.415,26.441,38498.83
HLA-B*51:03,LMPLPWAQR,39.647,53.392,43414.45
HLA-B*51:03,MPLPWAQRA,0.151,0.107,4225.61
HLA-B*51:03,PLPWAQRAA,36.381,63.124,44557.55
HLA-B*51:03,LPWAQRAAV,0.172,0.073,3387.14
HLA-B*51:03,PWAQRAAVL,29.182,55.492,43680.18
HLA-B*51:03,WAQRAAVLV,1.447,0.436,9597.67
HLA-B*51:03,AQRAAVLVA,16.436,23.256,37571.69
HLA-B*51:03,QRAAVLVAG,62.5,68.406,45100.31
HLA-B*51:03,RAAVLVAGF,9.294,11.011,32109.02
HLA-B*51:03,AAVLVAGFE,59.5,52.104,43248.96
HLA-B*51:03,AVLVAGFEL,12.218,16.632,35147.64
HLA-B*51:03,VLVAGFELL,9.694,14.758,34277.11
HLA-B*51:03,LVAGFELLC,28.122,30.036,39418.12
HLA-B*51:03,VAGFELLCF,10.684,7.492,29221.27
HLA-B*51:03,AGFELLCFV,7.57,3.017,22176.56
HLA-B*51:03,GFELLCFVY,56.5,78.621,46054.98
HLA-B*51:03,FELLCFVYI,11.419,4.934,25946.05
HLA-B*51:03,ELLCFVYIS,57.0,33.583,40210.74
HLA-B*51:03,LLCFVYISC,59.5,61.028,44328.17
HLA-B*51:03,LCFVYISCF,16.68,12.957,33333.84
HLA-B*51:03,CFVYISCFS,93.333,59.792,44191.22
HLA-B*51:03,FVYISCFSY,15.996,7.616,29340.39
HLA-B*51:03,VYISCFSYR,63.571,56.776,43832.17
HLA-B*51:03,YISCFSYRN,81.25,33.663,40227.29
HLA-B*51:03,ISCFSYRNR,53.889,68.159,45075.91
HLA-B*51:03,SCFSYRNRE,59.25,73.622,45599.81
HLA-B*51:03,CFSYRNRED,97.5,90.091,47129.71
HLA-B*51:03,FSYRNREDS,57.25,37.984,41083.25
HLA-B*51:03,SYRNREDSC,60.714,80.476,46222.71
HLA-B*51:03,YRNREDSCK,66.818,86.484,46780.2
HLA-B*51:03,RNREDSCKV,15.81,33.646,40223.81
HLA-B*51:03,NREDSCKVY,32.032,73.246,45564.3
HLA-B*51:03,REDSCKVYR,60.714,90.055,47125.64
HLA-B*51:03,EDSCKVYRK,62.857,83.248,46476.48
HLA-B*51:03,DSCKVYRKG,23.908,25.321,38191.4
HLA-B*51:03,SCKVYRKGV,28.082,45.342,42304.34
HLA-B*51:03,CKVYRKGVA,44.364,57.06,43865.85
HLA-B*51:03,KVYRKGVAT,19.547,36.577,40814.76
HLA-B*51:03,VYRKGVATP,34.885,45.591,42341.9
HLA-B*51:03,YRKGVATPC,49.714,66.535,44915.24
HLA-B*51:03,RKGVATPCA,51.296,66.713,44932.74
HLA-B*51:03,KGVATPCAI,11.68,10.605,31814.38
HLA-B*51:03,GVATPCAIT,50.926,70.517,45307.18
HLA-B*51:03,VATPCAITG,22.76,14.801,34298.25
HLA-B*51:03,ATPCAITGA,31.588,42.104,41792.07
HLA-B*51:03,TPCAITGAA,7.858,3.487,23293.1
HLA-B*51:03,PCAITGAAS,85.0,90.654,47192.48
HLA-B*51:03,CAITGAASP,12.877,7.178,28872.74
HLA-B*51:03,AITGAASPG,93.333,82.448,46403.11
HLA-B*51:03,ITGAASPGN,86.667,76.573,45870.99
HLA-B*51:03,TGAASPGNG,83.75,70.35,45291.49
HLA-B*51:03,GAASPGNGC,23.77,60.185,44236.19
HLA-B*51:03,AASPGNGCK,52.778,70.0,45258.67
HLA-B*51:03,ASPGNGCKM,21.132,42.793,41906.64
HLA-B*51:03,SPGNGCKMN,63.929,64.253,44681.63
HLA-B*51:03,PGNGCKMNK,86.667,95.808,48047.75
HLA-B*51:03,GNGCKMNKV,36.762,58.18,43998.96
HLA-B*51:03,NGCKMNKVQ,67.273,88.184,46943.97
HLA-B*51:03,GCKMNKVQL,30.486,68.868,45146.2
HLA-B*51:03,CKMNKVQLA,27.556,19.347,36240.92
HLA-B*51:03,KMNKVQLAD,82.5,72.213,45466.79
HLA-B*51:03,MNKVQLADS,61.429,63.739,44625.1
HLA-B*51:03,NKVQLADSV,10.016,15.064,34426.16
HLA-B*51:03,KVQLADSVR,73.571,93.394,47499.32
HLA-B*51:03,VQLADSVRT,40.438,56.924,43849.73
HLA-B*51:03,QLADSVRTM,5.812,19.784,36404.4
HLA-B*51:03,LADSVRTMA,5.935,8.116,29815.62
HLA-B*51:03,ADSVRTMAN,76.667,85.3,46666.45
HLA-B*51:03,DSVRTMANT,13.242,13.172,33453.45
HLA-B*51:03,SVRTMANTQ,56.5,72.135,45459.4
HLA-B*51:03,VRTMANTQA,37.632,56.372,43784.29
HLA-B*51:03,RTMANTQAL,5.675,10.128,31471.68
HLA-B*51:03,TMANTQALL,8.39,10.306,31598.95
HLA-B*51:03,MANTQALLD,38.333,10.612,31819.56
HLA-B*51:03,ANTQALLDG,93.333,85.968,46730.6
HLA-B*51:03,NTQALLDGS,58.5,51.623,43187.23
HLA-B*51:03,TQALLDGSC,40.875,48.253,42735.43
HLA-B*51:03,QALLDGSCE,44.182,58.928,44088.06
HLA-B*51:03,ALLDGSCET,53.519,70.251,45282.2
HLA-B*51:03,LLDGSCETS,62.5,71.3,45380.78
HLA-B*51:03,LDGSCETSL,33.036,47.994,42698.43
HLA-B*51:03,DGSCETSLE,61.429,55.08,43631.54
HLA-B*51:03,GSCETSLEK,54.63,82.963,46450.32
HLA-B*51:03,SCETSLEKQ,81.25,96.389,48313.61
HLA-B*51:03,CETSLEKQA,29.5,37.192,40933.3
HLA-B*51:03,ETSLEKQAA,10.792,21.461,36996.05
HLA-B*51:03,TSLEKQAAG,36.286,38.964,41263.68
HLA-B*51:03,SLEKQAAGM,32.645,48.5,42770.58
HLA-B*51:03,LEKQAAGML,11.588,21.018,36849.44
HLA-B*51:03,EKQAAGMLA,20.537,25.957,38369.91
HLA-B*51:03,KQAAGMLAK,50.926,71.67,45415.65
HLA-B*51:03,QAAGMLAKT,16.547,23.656,37697.93
HLA-B*51:03,AAGMLAKTS,25.746,41.997,41774.45
HLA-B*51:03,AGMLAKTSM,6.851,18.048,35748.27
HLA-B*51:03,GMLAKTSML,21.912,37.18,40931.08
HLA-B*51:03,MLAKTSMLF,3.973,1.761,18228.41
HLA-B*51:03,LAKTSMLFL,1.968,2.346,20339.26
HLA-B*51:03,AKTSMLFLG,88.333,62.351,44472.77
HLA-B*51:03,KTSMLFLGP,39.941,32.034,39879.73
HLA-B*51:03,TSMLFLGPD,80.0,19.179,36178.22
HLA-B*51:03,SMLFLGPDN,88.333,59.484,44154.41
HLA-B*51:03,MLFLGPDNR,19.696,35.845,40671.95
HLA-B*51:03,LFLGPDNRT,59.25,71.952,45442.19
HLA-B*51:03,FLGPDNRTT,39.588,54.066,43501.45
HLA-B*51:03,LGPDNRTTN,70.714,83.067,46459.88
HLA-B*51:03,GPDNRTTNL,1.412,12.726,33195.64
HLA-B*51:03,PDNRTTNLG,93.333,94.46,47619.24
HLA-B*51:03,DNRTTNLGR,33.0,67.313,44992.1
HLA-B*51:03,NRTTNLGRA,48.625,64.473,44705.79
HLA-B*51:03,RTTNLGRAR,59.5,87.463,46874.42
HLA-B*51:03,TTNLGRART,43.455,54.198,43518.4
HLA-B*51:03,TNLGRARTS,42.538,58.856,44079.47
HLA-B*51:03,NLGRARTSL,24.273,38.908,41253.41
HLA-B*51:03,LGRARTSLL,6.344,7.94,29652.83
HLA-B*51:03,GRARTSLLE,75.0,91.555,47293.18
HLA-B*51:03,RARTSLLET,22.95,29.025,39176.2
HLA-B*51:03,ARTSLLETF,21.307,46.671,42502.08
HLA-B*51:03,RTSLLETFD,86.667,66.344,44896.3
HLA-B*51:03,TSLLETFDR,50.185,68.986,45157.91
HLA-B*51:03,SLLETFDRS,46.333,53.253,43396.59
HLA-B*51:03,LLETFDRSA,32.355,36.62,40823.15
HLA-B*51:03,LETFDRSAA,39.059,36.468,40793.57
HLA-B*51:03,ETFDRSAAD,26.85,29.975,39403.64
HLA-B*51:03,TFDRSAADP,70.0,72.145,45460.39
HLA-B*51:03,FDRSAADPQ,76.667,76.03,45822.38
HLA-B*51:03,DRSAADPQH,55.75,93.097,47465.94
HLA-B*51:03,RSAADPQHG,57.25,63.612,44611.09
HLA-B*51:03,SAADPQHGL,1.058,7.637,29361.02
HLA-B*51:03,AADPQHGLF,3.265,7.557,29284.25
HLA-B*51:03,ADPQHGLFY,33.036,59.712,44181.64
HLA-B*51:03,DPQHGLFYR,7.601,25.495,38240.2
HLA-B*51:03,PQHGLFYRQ,74.286,89.653,47085.87
HLA-B*51:03,QHGLFYRQG,70.714,59.008,44097.61
HLA-B*51:03,HGLFYRQGA,20.61,18.779,36027.07
HLA-B*51:03,GLFYRQGAE,75.833,81.418,46308.82
HLA-B*51:03,LFYRQGAER,48.125,55.04,43626.84
HLA-B*51:03,FYRQGAERL,13.01,26.275,38454.71
HLA-B*51:03,YRQGAERLS,65.0,82.985,46452.33
HLA-B*51:03,RQGAERLSE,80.0,92.223,47367.93
HLA-B*51:03,QGAERLSEI,1.951,4.45,25170.16
HLA-B*51:03,GAERLSEIG,69.545,74.802,45711.43
HLA-B*51:03,AERLSEIGP,49.286,66.334,44895.32
HLA-B*51:03,ERLSEIGPT,67.727,63.48,44596.62
HLA-B*51:03,RLSEIGPTG,35.792,48.61,42786.31
HLA-B*51:03,LSEIGPTGV,7.008,14.267,34037.25
HLA-B*51:03,SEIGPTGVP,20.236,30.091,39430.94
HLA-B*51:03,EIGPTGVPE,41.167,70.266,45283.66
HLA-B*51:03,IGPTGVPET,25.299,54.139,43510.85
HLA-B*51:03,GPTGVPETS,22.82,46.006,42404.72
HLA-B*51:03,PTGVPETSQ,76.667,96.923,48559.41
HLA-B*51:03,TGVPETSQN,48.0,70.423,45298.35
HLA-B*51:03,GVPETSQNR,43.636,92.845,47437.69
HLA-B*51:03,VPETSQNRV,0.378,1.122,15064.27
HLA-B*51:03,PETSQNRVD,95.0,95.98,48126.3
HLA-B*51:03,ETSQNRVDE,61.429,84.441,46586.22
HLA-B*51:03,TSQNRVDEL,4.981,19.341,36238.56
HLA-B*51:03,SQNRVDELT,48.125,58.936,44089.03
HLA-B*51:03,QNRVDELTS,63.929,76.052,45824.36
HLA-B*51:03,NRVDELTSL,6.221,31.815,39830.12
HLA-B*51:03,RVDELTSLL,5.863,13.644,33711.07
HLA-B*51:03,VDELTSLLA,23.471,29.618,39318.04
HLA-B*51:03,DELTSLLAI,0.629,0.726,12307.15
HLA-B*51:03,ELTSLLAIF,8.971,11.126,32184.5
HLA-B*51:03,LTSLLAIFR,36.048,42.074,41787.11
HLA-B*51:03,TSLLAIFRC,9.426,16.02,34874.53
HLA-B*51:03,SLLAIFRCP,42.308,26.637,38550.93
HLA-B*51:03,LLAIFRCPG,91.667,36.78,40854.1
HLA-B*51:03,LAIFRCPGR,33.643,31.33,39719.11
HLA-B*51:03,AIFRCPGRR,67.273,74.603,45692.66
HLA-B*51:03,IFRCPGRRL,18.006,28.012,38923.96
HLA-B*51:03,FRCPGRRLA,26.033,51.105,43120.94
HLA-B*51:03,RCPGRRLAD,95.0,95.961,48117.46
HLA-B*51:03,CPGRRLADG,75.0,33.562,40206.41
HLA-B*51:03,PGRRLADGA,74.286,76.512,45865.52
HLA-B*51:03,GRRLADGAP,80.0,90.512,47176.66
HLA-B*51:03,RRLADGAPK,79.167,87.263,46855.17
HLA-B*51:03,RLADGAPKV,6.753,19.128,36159.45
HLA-B*51:03,LADGAPKVF,1.522,7.828,29544.91
HLA-B*51:03,ADGAPKVFR,61.071,95.51,47911.73
HLA-B*51:03,DGAPKVFRI,0.116,0.355,8524.42
HLA-B*51:03,GAPKVFRII,1.811,3.838,23986.99
HLA-B*51:03,APKVFRIIR,19.885,48.451,42763.63
HLA-B*51:03,PKVFRIIRV,26.217,45.515,42330.46
HLA-B*51:03,KVFRIIRVC,16.173,32.034,39879.73
HLA-B*51:03,VFRIIRVCF,26.667,42.193,41807.01
HLA-B*51:03,FRIIRVCFL,15.362,16.163,34937.99
HLA-B*51:03,RIIRVCFLG,85.0,36.636,40826.26
HLA-B*51:03,IIRVCFLGA,46.778,19.522,36306.07
HLA-B*51:03,IRVCFLGAN,97.5,68.853,45144.72
HLA-B*51:03,RVCFLGANF,35.0,29.245,39228.79
HLA-B*51:03,VCFLGANFG,68.182,46.326,42451.54
HLA-B*51:03,CFLGANFGY,35.458,38.015,41089.05
HLA-B*51:03,FLGANFGYM,35.958,13.375,33564.03
HLA-B*51:03,LGANFGYMP,29.205,18.211,35810.21
HLA-B*51:03,GANFGYMPF,16.049,10.673,31863.99
HLA-B*51:03,ANFGYMPFD,80.0,58.04,43982.27
HLA-B*51:03,NFGYMPFDI,26.533,10.316,31606.12
HLA-B*51:03,FGYMPFDIS,24.532,8.397,30068.96
HLA-B*51:03,GYMPFDISA,26.7,35.327,40568.66
HLA-B*51:03,YMPFDISAG,62.857,43.625,42036.51
HLA-B*51:03,MPFDISAGN,6.72,2.058,19435.46
HLA-B*51:03,PFDISAGNL,27.074,54.912,43610.77
HLA-B*51:03,FDISAGNLV,4.335,3.491,23301.68
HLA-B*51:03,DISAGNLVA,10.347,12.252,32914.17
HLA-B*51:03,ISAGNLVAV,2.485,3.771,23855.51
HLA-B*51:03,SAGNLVAVQ,40.812,60.444,44264.44
HLA-B*51:03,AGNLVAVQR,46.222,78.931,46082.9
HLA-B*51:03,GNLVAVQRS,70.0,86.716,46802.47
HLA-B*51:03,NLVAVQRSD,59.75,61.753,44407.38
HLA-B*51:03,LVAVQRSDA,47.25,44.236,42131.23
HLA-B*51:03,VAVQRSDAS,32.032,36.209,40743.3
HLA-B*51:03,AVQRSDASI,13.523,17.233,35409.52
HLA-B*51:03,VQRSDASIE,66.818,81.681,46332.86
HLA-B*51:03,QRSDASIEP,33.0,73.455,45584.02
HLA-B*51:03,RSDASIEPI,11.883,11.859,32670.78
HLA-B*51:03,SDASIEPIF,10.714,25.424,38220.35
HLA-B*51:03,DASIEPIFL,0.212,1.096,14909.25
HLA-B*51:03,ASIEPIFLH,14.927,41.743,41733.33
HLA-B*51:03,SIEPIFLHF,3.493,11.848,32663.36
HLA-B*51:03,IEPIFLHFL,3.649,9.925,31325.25
HLA-B*51:03,EPIFLHFLH,5.217,5.715,27057.31
HLA-B*51:03,PIFLHFLHT,24.584,28.819,39124.95
HLA-B*51:03,IFLHFLHTG,33.071,35.539,40610.82
HLA-B*51:03,FLHFLHTGV,9.469,4.196,24682.04
HLA-B*51:03,LHFLHTGVI,6.238,1.707,18003.78
HLA-B*51:03,HFLHTGVID,86.667,81.161,46285.29
HLA-B*51:03,FLHTGVIDV,6.711,9.5,31019.0
HLA-B*51:03,LHTGVIDVH,37.895,73.246,45564.3
HLA-B*51:03,HTGVIDVHL,8.923,20.992,36840.67
HLA-B*51:03,TGVIDVHLC,12.803,24.148,37850.38
HLA-B*51:03,GVIDVHLCG,60.357,51.63,43188.18
HLA-B*51:03,VIDVHLCGL,22.3,26.473,38507.17
HLA-B*51:03,IDVHLCGLT,69.545,48.032,42703.99
HLA-B*51:03,DVHLCGLTD,32.774,24.904,38073.41
HLA-B*51:03,VHLCGLTDV,24.104,14.25,34028.79
HLA-B*51:03,HLCGLTDVL,7.706,28.714,39098.71
HLA-B*51:03,LCGLTDVLA,53.704,46.376,42458.88
HLA-B*51:03,CGLTDVLAM,13.61,6.875,28526.19
HLA-B*51:03,GLTDVLAMN,82.5,91.285,47262.99
HLA-B*51:03,LTDVLAMNT,30.73,27.255,38716.89
HLA-B*51:03,TDVLAMNTQ,58.75,76.617,45874.95
HLA-B*51:03,DVLAMNTQW,1.991,3.228,22672.23
HLA-B*51:03,VLAMNTQWI,12.787,7.527,29255.74
HLA-B*51:03,LAMNTQWIE,22.25,12.068,32805.38
HLA-B*51:03,AMNTQWIEF,14.978,21.356,36961.23
HLA-B*51:03,MNTQWIEFA,15.381,10.79,31948.56
HLA-B*51:03,NTQWIEFAA,15.299,5.719,27062.29
HLA-B*51:03,TQWIEFAAS,32.613,28.742,39105.9
HLA-B*51:03,QWIEFAASM,13.151,15.712,34729.95
HLA-B*51:03,WIEFAASMS,85.0,58.356,44019.9
HLA-B*51:03,IEFAASMSE,34.885,41.581,41707.15
HLA-B*51:03,EFAASMSEG,49.0,53.72,43456.75
HLA-B*51:03,FAASMSEGC,13.002,14.519,34160.11
HLA-B*51:03,AASMSEGCH,67.273,78.367,46032.08
HLA-B*51:03,ASMSEGCHF,9.604,13.879,33840.43
HLA-B*51:03,SMSEGCHFA,20.512,22.885,37454.41
HLA-B*51:03,MSEGCHFAR,42.538,37.792,41046.84
HLA-B*51:03,SEGCHFARI,9.551,5.792,27161.44
HLA-B*51:03,EGCHFARIQ,58.0,72.594,45502.72
HLA-B*51:03,GCHFARIQF,25.672,50.693,43068.24
HLA-B*51:03,CHFARIQFT,33.893,18.607,35961.24
HLA-B*51:03,HFARIQFTH,11.859,47.907,42685.52
HLA-B*51:03,FARIQFTHQ,19.02,32.145,39903.89
HLA-B*51:03,ARIQFTHQG,40.5,62.496,44488.67
HLA-B*51:03,RIQFTHQGI,16.444,16.759,35204.36
HLA-B*51:03,IQFTHQGIS,46.0,43.58,42029.68
HLA-B*51:03,QFTHQGISG,78.333,88.705,46994.29
HLA-B*51:03,FTHQGISGL,4.964,9.467,30991.17
HLA-B*51:03,THQGISGLN,74.286,54.599,43570.21
HLA-B*51:03,HQGISGLND,83.75,80.767,46249.24
HLA-B*51:03,QGISGLNDE,75.833,93.317,47490.59
HLA-B*51:03,GISGLNDEK,76.667,95.301,47816.44
HLA-B*51:03,ISGLNDEKT,49.714,67.692,45029.6
HLA-B*51:03,SGLNDEKTA,23.218,43.015,41943.39
HLA-B*51:03,GLNDEKTAI,17.451,43.643,42039.25
HLA-B*51:03,LNDEKTAIL,6.28,21.317,36948.46
HLA-B*51:03,NDEKTAILE,71.429,85.484,46684.12
HLA-B*51:03,DEKTAILEL,0.991,6.267,27780.24
HLA-B*51:03,EKTAILELQ,58.5,82.048,46366.46
HLA-B*51:03,KTAILELQW,12.444,19.132,36161.01
HLA-B*51:03,TAILELQWY,6.145,9.761,31206.85
HLA-B*51:03,AILELQWYF,13.756,17.58,35554.25
HLA-B*51:03,ILELQWYFG,88.333,59.884,44202.22
HLA-B*51:03,LELQWYFGL,6.487,4.677,25542.45
HLA-B*51:03,ELQWYFGLQ,58.0,48.851,42820.59
HLA-B*51:03,LQWYFGLQA,15.922,10.44,31695.5
HLA-B*51:03,QWYFGLQAI,7.71,7.488,29216.52
HLA-B*51:03,WYFGLQAIQ,65.0,61.147,44341.12
HLA-B*51:03,YFGLQAIQD,86.667,76.916,45901.77
HLA-B*51:03,FGLQAIQDY,16.827,21.634,37053.74
HLA-B*51:03,GLQAIQDYQ,81.25,95.377,47851.11
HLA-B*51:03,LQAIQDYQF,11.87,18.487,35915.37
HLA-B*51:03,QAIQDYQFL,1.113,2.666,21261.39
HLA-B*51:03,AIQDYQFLP,34.923,42.316,41827.37
HLA-B*51:03,IQDYQFLPM,15.134,9.2,30765.31
HLA-B*51:03,QDYQFLPMD,63.214,58.42,44027.51
HLA-B*51:03,DYQFLPMDA,16.547,13.773,33781.89
HLA-B*51:03,YQFLPMDAD,57.0,37.471,40986.02
HLA-B*51:03,QFLPMDADY,34.115,48.237,42733.11
HLA-B*51:03,FLPMDADYN,88.333,71.028,45355.24
HLA-B*51:03,EVYNASEQL,1.073,4.12,24537.71
HLA-B*51:03,VYNASEQLF,6.129,19.109,36152.4
HLA-B*51:03,YNASEQLFR,43.727,60.132,44230.45
HLA-B*51:03,NASEQLFRY,2.446,6.142,27621.09
HLA-B*51:03,ASEQLFRYD,73.571,71.628,45411.73
HLA-B*51:03,SEQLFRYDG,77.5,52.867,43346.86
HLA-B*51:03,EQLFRYDGA,25.179,22.105,37208.41
HLA-B*51:03,QLFRYDGAK,56.25,60.141,44231.39
HLA-B*51:03,LFRYDGAKY,35.917,43.473,42013.31
HLA-B*51:03,FRYDGAKYG,41.667,45.291,42296.57
HLA-B*51:03,RYDGAKYGS,79.167,94.78,47655.31
HLA-B*51:03,YDGAKYGSN,88.333,76.617,45874.95
HLA-B*51:03,DGAKYGSNY,6.897,13.964,33887.32
HLA-B*51:03,GAKYGSNYM,12.47,31.414,39738.45
HLA-B*51:03,AKYGSNYMK,54.63,79.28,46114.33
HLA-B*51:03,KYGSNYMKP,57.25,70.177,45275.34
HLA-B*51:03,YGSNYMKPG,68.182,38.671,41209.69
HLA-B*51:03,GSNYMKPGI,23.943,24.231,37874.96
HLA-B*51:03,SNYMKPGIP,28.082,28.88,39140.19
HLA-B*51:03,NYMKPGIPL,11.962,12.67,33162.61
HLA-B*51:03,YMKPGIPLA,2.973,5.129,26235.12
HLA-B*51:03,MKPGIPLAV,3.98,8.98,30580.46
HLA-B*51:03,KPGIPLAVD,35.708,36.361,40772.85
HLA-B*51:03,PGIPLAVDQ,75.833,95.458,47887.91
HLA-B*51:03,GIPLAVDQV,18.378,39.918,41430.09
HLA-B*51:03,IPLAVDQVV,0.058,0.081,3673.23
HLA-B*51:03,PLAVDQVVQ,90.0,96.625,48421.94
HLA-B*51:03,LAVDQVVQE,18.091,35.044,40512.5
HLA-B*51:03,AVDQVVQEW,5.876,27.339,38739.94
HLA-B*51:03,VDQVVQEWS,69.091,74.995,45729.74
HLA-B*51:03,DQVVQEWSK,18.896,36.582,40815.65
HLA-B*51:03,QVVQEWSKC,27.13,46.596,42491.06
HLA-B*51:03,VVQEWSKCG,69.545,59.9,44204.13
HLA-B*51:03,VQEWSKCGR,69.091,89.326,47054.3
HLA-B*51:03,QEWSKCGRD,82.5,66.767,44938.1
HLA-B*51:03,EWSKCGRDV,41.417,47.885,42682.27
HLA-B*51:03,WSKCGRDVY,30.757,28.136,38954.72
HLA-B*51:03,SKCGRDVYL,25.731,54.723,43586.25
HLA-B*51:03,KCGRDVYLI,32.323,36.582,40815.65
HLA-B*51:03,CGRDVYLIG,57.0,21.372,36966.45
HLA-B*51:03,GRDVYLIGL,34.192,58.996,44096.16
HLA-B*51:03,RDVYLIGLT,57.75,54.478,43554.67
HLA-B*51:03,DVYLIGLTY,2.254,4.118,24534.53
HLA-B*51:03,VYLIGLTYL,13.948,26.575,38534.25
HLA-B*51:03,YLIGLTYLE,41.75,41.718,41729.27
HLA-B*51:03,LIGLTYLEW,18.848,9.901,31308.31
HLA-B*51:03,IGLTYLEWA,16.902,14.279,34042.78
HLA-B*51:03,GLTYLEWAG,91.667,76.13,45831.3
HLA-B*51:03,LTYLEWAGL,9.532,4.41,25092.95
HLA-B*51:03,TYLEWAGLL,8.886,6.584,28177.11
HLA-B*51:03,YLEWAGLLE,60.714,59.136,44112.86
HLA-B*51:03,LEWAGLLEA,9.985,8.494,30156.94
HLA-B*51:03,EWAGLLEAI,11.82,14.755,34275.63
HLA-B*51:03,WAGLLEAIE,57.75,44.842,42227.53
HLA-B*51:03,AGLLEAIET,39.941,53.928,43483.55
HLA-B*51:03,GLLEAIETE,56.75,88.963,47019.2
HLA-B*51:03,LLEAIETET,53.889,65.999,44862.32
HLA-B*51:03,LEAIETETN,75.833,75.615,45785.19
HLA-B*51:03,EAIETETNK,13.388,33.779,40251.24
HLA-B*51:03,AIETETNKY,42.0,84.042,46549.43
HLA-B*51:03,IETETNKYN,55.25,73.1,45550.49
HLA-B*51:03,ETETNKYNR,35.458,76.285,45845.17
HLA-B*51:03,TETNKYNRN,73.571,86.811,46811.59
HLA-B*51:03,ETNKYNRNA,12.78,16.992,35308.88
HLA-B*51:03,TNKYNRNAD,90.0,89.947,47114.42
HLA-B*51:03,NKYNRNADN,91.667,91.377,47273.23
HLA-B*51:03,KYNRNADNG,95.0,94.465,47619.73
HLA-B*51:03,YNRNADNGT,65.0,77.004,45909.7
HLA-B*51:03,NRNADNGTD,97.5,95.646,47973.47
HLA-B*51:03,RNADNGTDR,82.5,96.505,48366.98
HLA-B*51:03,NADNGTDRE,38.667,82.36,46395.09
HLA-B*51:03,ADNGTDRED,90.0,96.413,48324.61
HLA-B*51:03,DNGTDREDI,16.68,35.161,40535.75
HLA-B*51:03,NGTDREDIK,67.727,93.179,47475.18
HLA-B*51:03,GTDREDIKK,79.167,96.354,48297.41
HLA-B*51:03,TDREDIKKG,63.929,87.395,46867.83
HLA-B*51:03,DREDIKKGP,36.381,85.247,46661.39
HLA-B*51:03,REDIKKGPS,76.667,88.484,46972.92
HLA-B*51:03,EDIKKGPSR,32.387,72.782,45520.45
HLA-B*51:03,DIKKGPSRF,5.221,19.503,36299.0
HLA-B*51:03,IKKGPSRFA,35.542,63.607,44610.6
HLA-B*51:03,KKGPSRFAN,93.333,95.574,47940.78
HLA-B*51:03,KGPSRFANK,41.667,67.254,44986.27
HLA-B*51:03,GPSRFANKY,5.536,22.041,37188.28
HLA-B*51:03,PSRFANKYP,65.0,70.678,45322.37
HLA-B*51:03,SRFANKYPT,51.111,46.953,42543.49
HLA-B*51:03,RFANKYPTG,66.364,75.709,45793.61
HLA-B*51:03,FANKYPTGQ,12.343,37.585,41007.75
HLA-B*51:03,ANKYPTGQE,75.833,95.247,47792.14
HLA-B*51:03,NKYPTGQES,31.676,51.047,43113.46
HLA-B*51:03,KYPTGQEST,62.5,93.911,47557.43
HLA-B*51:03,YPTGQESTV,0.086,0.307,7874.9
HLA-B*51:03,PTGQESTVP,61.786,88.437,46968.35
HLA-B*51:03,TGQESTVPM,6.713,11.576,32482.2
HLA-B*51:03,GQESTVPML,13.267,39.147,41295.84
HLA-B*51:03,QESTVPMLI,1.69,2.484,20783.97
HLA-B*51:03,ESTVPMLIR,24.766,49.606,42925.41
HLA-B*51:03,STVPMLIRA,4.775,8.37,30043.92
HLA-B*51:03,TVPMLIRAV,1.736,3.529,23381.48
HLA-B*51:03,VPMLIRAVS,7.097,2.883,21827.57
HLA-B*51:03,PMLIRAVSY,31.559,46.918,42538.44
HLA-B*51:03,MLIRAVSYA,14.258,8.558,30212.46
HLA-B*51:03,LIRAVSYAL,9.717,8.277,29959.85
HLA-B*51:03,IRAVSYALF,16.209,15.081,34434.35
HLA-B*51:03,RAVSYALFL,3.498,2.858,21760.61
HLA-B*51:03,AVSYALFLD,85.0,60.593,44280.71
HLA-B*51:03,VSYALFLDL,3.467,1.933,18976.44
HLA-B*51:03,SYALFLDLS,57.5,55.852,43722.74
HLA-B*51:03,YALFLDLSI,0.55,0.059,3094.91
HLA-B*51:03,ALFLDLSII,7.633,8.765,30391.79
HLA-B*51:03,LFLDLSIIC,36.095,50.04,42984.91
HLA-B*51:03,FLDLSIICF,8.098,16.632,35147.29
HLA-B*51:03,LDLSIICFH,49.714,52.648,43318.72
HLA-B*51:03,DLSIICFHL,8.284,6.344,27877.5
HLA-B*51:03,LSIICFHLV,8.34,1.129,15106.71
HLA-B*51:03,SIICFHLVT,46.111,24.734,38023.18
HLA-B*51:03,IICFHLVTG,64.643,45.476,42324.51
HLA-B*51:03,ICFHLVTGG,57.25,49.633,42929.12
HLA-B*51:03,CFHLVTGGH,68.182,65.187,44782.28
HLA-B*51:03,FHLVTGGHA,29.977,21.685,37070.59
HLA-B*51:03,HLVTGGHAA,17.389,30.77,39589.96
HLA-B*51:03,LVTGGHAAE,62.857,74.061,45641.27
HLA-B*51:03,VTGGHAAER,60.714,78.782,46069.44
HLA-B*51:03,TGGHAAERE,83.75,93.801,47545.11
HLA-B*51:03,GGHAAERED,97.5,96.174,48214.93
HLA-B*51:03,GHAAEREDQ,97.5,97.602,48873.55
HLA-B*51:03,HAAEREDQN,48.75,70.913,45344.45
HLA-B*51:03,AAEREDQNV,10.652,26.408,38490.09
HLA-B*51:03,AEREDQNVK,45.2,80.865,46258.25
HLA-B*51:03,EREDQNVKG,62.143,93.994,47566.7
HLA-B*51:03,REDQNVKGP,30.027,69.385,45197.5
HLA-B*51:03,EDQNVKGPK,63.929,86.579,46789.31
HLA-B*51:03,DQNVKGPKR,22.81,69.734,45232.23
HLA-B*51:03,QNVKGPKRP,43.455,85.179,46654.83
HLA-B*51:03,NVKGPKRPL,8.371,30.776,39591.24
HLA-B*51:03,VKGPKRPLG,72.857,89.779,47098.11
HLA-B*51:03,KGPKRPLGP,31.235,71.989,45445.65
HLA-B*51:03,GPKRPLGPL,6.809,11.811,32638.98
HLA-B*51:03,PKRPLGPLK,73.571,95.44,47879.61
HLA-B*51:03,KRPLGPLKT,59.5,91.267,47260.95
HLA-B*51:03,RPLGPLKTL,0.421,2.765,21516.88
HLA-B*51:03,PLGPLKTLG,83.75,90.974,47228.23
HLA-B*51:03,LGPLKTLGL,7.705,16.065,34894.15
HLA-B*51:03,GPLKTLGLV,1.372,1.159,15289.57
HLA-B*51:03,PLKTLGLVG,70.714,75.592,45783.21
HLA-B*51:03,LKTLGLVGS,78.333,82.333,46392.57
HLA-B*51:03,KTLGLVGSP,30.541,33.794,40254.27
HLA-B*51:03,TLGLVGSPM,30.541,24.6,37983.72
HLA-B*51:03,LGLVGSPML,5.117,6.613,28211.58
HLA-B*51:03,GLVGSPMLE,75.0,93.381,47497.79
HLA-B*51:03,LVGSPMLEE,54.815,70.966,45349.36
HLA-B*51:03,VGSPMLEES,37.158,53.275,43399.42
HLA-B*51:03,GSPMLEESE,70.714,95.394,47858.89
HLA-B*51:03,SPMLEESEN,32.871,29.394,39264.47
HLA-B*51:03,PMLEESENP,60.714,78.128,46010.65
HLA-B*51:03,MLEESENPL,19.047,20.012,36489.59
HLA-B*51:03,LEESENPLE,72.857,84.025,46547.93
HLA-B*51:03,EESENPLEA,5.094,15.858,34798.39
HLA-B*51:03,ESENPLEAG,32.677,67.308,44991.61
HLA-B*51:03,SENPLEAGG,53.889,66.348,44896.79
HLA-B*51:03,ENPLEAGGA,40.125,47.978,42696.14
HLA-B*51:03,NPLEAGGAR,18.085,34.002,40297.42
HLA-B*51:03,PLEAGGARP,79.167,95.099,47724.97
HLA-B*51:03,LEAGGARPG,64.643,52.936,43355.78
HLA-B*51:03,EAGGARPGL,3.905,14.261,34033.93
HLA-B*51:03,AGGARPGLG,86.667,78.511,46045.03
HLA-B*51:03,GGARPGLGG,79.167,82.798,46435.26
HLA-B*51:03,GARPGLGGR,50.37,85.089,46646.26
HLA-B*51:03,ARPGLGGRA,59.25,82.097,46370.98
HLA-B*51:03,RPGLGGRAL,4.757,11.776,32615.33
HLA-B*51:03,PGLGGRALD,97.5,95.237,47787.49
HLA-B*51:03,GLGGRALDP,83.75,92.017,47344.88
HLA-B*51:03,LGGRALDPL,27.019,21.186,36904.9
HLA-B*51:03,GGRALDPLG,78.333,66.939,44955.12
HLA-B*51:03,GRALDPLGH,62.143,96.811,48507.42
HLA-B*51:03,RALDPLGHI,1.079,1.48,17012.0
HLA-B*51:03,ALDPLGHIK,27.87,71.576,45406.8
HLA-B*51:03,LDPLGHIKT,25.463,63.291,44575.86
HLA-B*51:03,DPLGHIKTI,0.005,0.016,1387.82
HLA-B*51:03,PLGHIKTIA,61.429,82.087,46369.99
HLA-B*51:03,LGHIKTIAT,23.391,27.449,38770.14
HLA-B*51:03,GHIKTIATR,58.25,82.952,46449.34
HLA-B*51:03,HIKTIATRH,29.227,78.632,46055.98
HLA-B*51:03,IKTIATRHI,9.109,15.755,34749.86
HLA-B*51:03,KTIATRHIT,34.115,51.583,43182.11
HLA-B*51:03,TIATRHITP,14.58,24.249,37880.29
HLA-B*51:03,IATRHITPG,39.118,27.084,38670.43
HLA-B*51:03,ATRHITPGF,13.877,26.295,38460.12
HLA-B*51:03,TRHITPGFN,76.667,89.158,47038.01
HLA-B*51:03,RHITPGFNI,7.223,8.37,30043.92
HLA-B*51:03,HITPGFNII,2.514,4.6,25422.24
HLA-B*51:03,ITPGFNIIV,3.294,4.609,25436.56
HLA-B*51:03,TPGFNIIVL,0.553,1.126,15091.35
HLA-B*51:03,PGFNIIVLR,42.462,69.956,45254.26
HLA-B*51:03,GFNIIVLRK,72.143,90.732,47201.16
HLA-B*51:03,FNIIVLRKE,42.0,54.847,43602.28
HLA-B*51:03,NIIVLRKEQ,39.412,69.114,45170.64
HLA-B*51:03,IIVLRKEQF,11.321,25.579,38263.78
HLA-B*51:03,IVLRKEQFR,40.5,69.05,45164.26
HLA-B*51:03,VLRKEQFRF,14.255,21.622,37049.72
HLA-B*51:03,LRKEQFRFK,67.273,82.82,46437.27
HLA-B*51:03,RKEQFRFKV,21.123,40.293,41493.81
HLA-B*51:03,KEQFRFKVI,9.491,14.616,34207.81
HLA-B*51:03,EQFRFKVIV,1.449,2.155,19734.02
HLA-B*51:03,QFRFKVIVS,55.0,70.887,45342.02
HLA-B*51:03,FRFKVIVSV,3.395,7.317,29026.84
HLA-B*51:03,RFKVIVSVD,85.0,85.453,46681.08
HLA-B*51:03,FKVIVSVDL,19.919,27.046,38659.95
HLA-B*51:03,KVIVSVDLD,79.167,71.2,45371.45
HLA-B*51:03,VIVSVDLDV,14.866,11.195,32229.8
HLA-B*51:03,IVSVDLDVL,12.468,21.159,36896.12
HLA-B*51:03,VSVDLDVLP,19.034,25.866,38344.19
HLA-B*51:03,SVDLDVLPE,63.214,80.115,46189.72
HLA-B*51:03,VDLDVLPEV,1.909,5.448,26695.27
HLA-B*51:03,DLDVLPEVS,26.733,51.302,43146.14
HLA-B*51:03,LDVLPEVSE,61.786,80.35,46211.23
HLA-B*51:03,DVLPEVSEG,10.921,17.211,35400.31
HLA-B*51:03,VLPEVSEGD,78.333,88.437,46968.35
HLA-B*51:03,LPEVSEGDV,6.039,5.065,26143.04
HLA-B*51:03,PEVSEGDVG,93.333,95.381,47853.21
HLA-B*51:03,EVSEGDVGR,35.958,78.931,46082.9
HLA-B*51:03,VSEGDVGRH,58.75,91.372,47272.72
HLA-B*51:03,SEGDVGRHM,6.828,28.297,38994.79
HLA-B*51:03,EGDVGRHMK,30.27,68.258,45085.66
HLA-B*51:03,GDVGRHMKK,70.0,92.109,47355.13
HLA-B*51:03,DVGRHMKKL,4.818,14.542,34171.21
HLA-B*51:03,VGRHMKKLW,19.655,27.732,38847.4
HLA-B*51:03,GRHMKKLWA,59.5,76.451,45860.07
HLA-B*51:03,RHMKKLWAL,5.98,10.292,31588.7
HLA-B*51:03,HMKKLWALP,39.059,28.363,39011.24
HLA-B*51:03,MKKLWALPI,12.435,1.993,19227.35
HLA-B*51:03,KKLWALPIA,46.222,48.542,42776.6
HLA-B*51:03,KLWALPIAA,22.34,27.164,38692.18
HLA-B*51:03,LWALPIAAL,19.257,22.932,37469.39
HLA-B*51:03,WALPIAALQ,19.905,13.644,33711.42
HLA-B*51:03,ALPIAALQA,23.057,43.676,42044.24
HLA-B*51:03,LPIAALQAT,2.091,1.779,18301.93
HLA-B*51:03,PIAALQATI,15.463,14.319,34062.67
HLA-B*51:03,IAALQATIE,26.6,37.92,41071.25
HLA-B*51:03,AALQATIEV,0.65,1.765,18244.0
HLA-B*51:03,ALQATIEVD,83.75,88.195,46944.97
HLA-B*51:03,LQATIEVDF,17.746,26.565,38531.77
HLA-B*51:03,QATIEVDFF,5.926,13.759,33774.22
HLA-B*51:03,ATIEVDFFK,28.898,42.798,41907.54
HLA-B*51:03,TIEVDFFKG,69.091,66.954,44956.57
HLA-B*51:03,IEVDFFKGA,19.25,28.292,38993.5
HLA-B*51:03,EVDFFKGAY,18.86,30.276,39474.04
HLA-B*51:03,VDFFKGAYL,8.588,9.516,31030.77
HLA-B*51:03,DFFKGAYLM,2.991,3.544,23409.59
HLA-B*51:03,FFKGAYLMY,16.867,31.699,39803.42
HLA-B*51:03,FKGAYLMYI,9.233,5.354,26558.14
HLA-B*51:03,KGAYLMYIV,21.737,9.723,31179.86
HLA-B*51:03,GAYLMYIVQ,55.25,64.662,44726.61
HLA-B*51:03,AYLMYIVQP,40.438,59.144,44113.83
HLA-B*51:03,YLMYIVQPP,30.216,8.854,30469.49
HLA-B*51:03,LMYIVQPPY,18.28,7.548,29276.01
HLA-B*51:03,MYIVQPPYE,37.632,48.555,42778.45
HLA-B*51:03,YIVQPPYEG,27.722,32.363,39951.42
HLA-B*51:03,IVQPPYEGT,21.921,49.024,42845.15
HLA-B*51:03,VQPPYEGTI,2.747,7.803,29520.95
HLA-B*51:03,QPPYEGTIS,15.981,34.996,40502.86
HLA-B*51:03,PPYEGTISA,1.298,2.245,20016.16
HLA-B*51:03,PYEGTISAR,66.818,96.144,48201.35
HLA-B*51:03,YEGTISARE,48.375,62.021,44436.71
HLA-B*51:03,EGTISAREV,1.718,3.511,23345.59
HLA-B*51:03,GTISAREVK,64.643,83.423,46492.58
HLA-B*51:03,TISAREVKL,11.541,29.956,39398.93
HLA-B*51:03,ISAREVKLT,27.389,39.933,41432.79
HLA-B*51:03,SAREVKLTF,0.793,2.731,21429.28
HLA-B*51:03,AREVKLTFK,68.636,95.397,47860.43
HLA-B*51:03,REVKLTFKL,7.972,17.277,35427.9
HLA-B*51:03,EVKLTFKLS,14.688,28.398,39020.09
HLA-B*51:03,VKLTFKLSR,54.444,79.69,46151.25
HLA-B*51:03,KLTFKLSRL,30.081,51.404,43159.19
HLA-B*51:03,LTFKLSRLT,10.725,10.135,31476.1
HLA-B*51:03,TFKLSRLTA,18.878,24.173,37857.75
HLA-B*51:03,FKLSRLTAQ,59.75,76.318,45848.16
HLA-B*51:03,KLSRLTAQL,12.178,36.53,40805.49
HLA-B*51:03,LSRLTAQLR,39.882,44.526,42177.29
HLA-B*51:03,SRLTAQLRL,12.308,27.911,38896.61
HLA-B*51:03,RLTAQLRLG,83.75,72.85,45526.85
HLA-B*51:03,LTAQLRLGV,6.158,4.124,24546.21
HLA-B*51:03,TAQLRLGVS,25.642,24.253,37881.51
HLA-B*51:03,AQLRLGVSV,7.484,10.882,32015.35
HLA-B*51:03,QLRLGVSVM,14.761,24.553,37969.73
HLA-B*51:03,LRLGVSVMV,15.75,17.788,35641.28
HLA-B*51:03,RLGVSVMVG,82.5,62.671,44507.92
HLA-B*51:03,LGVSVMVGV,6.324,4.552,25347.82
HLA-B*51:03,GVSVMVGVS,85.0,77.841,45984.79
HLA-B*51:03,VSVMVGVSS,31.265,31.079,39661.98
HLA-B*51:03,SVMVGVSSP,13.059,14.249,34028.42
HLA-B*51:03,VMVGVSSPN,79.167,50.332,43022.13
HLA-B*51:03,MVGVSSPNA,18.238,13.928,33867.53
HLA-B*51:03,VGVSSPNAI,1.849,3.701,23717.31
HLA-B*51:03,GVSSPNAIE,72.857,93.989,47566.18
HLA-B*51:03,VSSPNAIEI,0.697,1.527,17230.96
HLA-B*51:03,SSPNAIEIT,22.91,52.939,43356.26
HLA-B*51:03,SPNAIEITP,3.507,7.218,28916.81
HLA-B*51:03,PNAIEITPF,38.611,55.116,43635.79
HLA-B*51:03,NAIEITPFS,4.322,3.635,23587.3
HLA-B*51:03,AIEITPFSD,90.0,93.234,47481.34
HLA-B*51:03,IEITPFSDI,2.507,4.054,24412.73
HLA-B*51:03,EITPFSDIH,34.0,64.117,44666.65
HLA-B*51:03,ITPFSDIHE,50.185,71.039,45356.23
HLA-B*51:03,TPFSDIHEL,0.041,0.271,7258.59
HLA-B*51:03,PFSDIHELL,22.83,38.039,41093.48
HLA-B*51:03,FSDIHELLI,1.262,1.074,14780.77
HLA-B*51:03,SDIHELLIM,11.036,23.133,37532.7
HLA-B*51:03,DIHELLIMA,2.441,3.597,23512.64
HLA-B*51:03,IHELLIMAF,6.232,12.525,33076.25
HLA-B*51:03,HELLIMAFM,6.499,10.356,31634.87
HLA-B*51:03,ELLIMAFMR,32.742,56.084,43750.19
HLA-B*51:03,LLIMAFMRI,7.546,2.85,21739.19
HLA-B*51:03,LIMAFMRIL,10.83,5.329,26522.83
HLA-B*51:03,IMAFMRILP,47.5,20.368,36616.53
HLA-B*51:03,MAFMRILPA,1.003,0.053,2899.22
HLA-B*51:03,AFMRILPAA,22.81,20.497,36662.91
HLA-B*51:03,FMRILPAAG,46.222,23.201,37554.23
HLA-B*51:03,MRILPAAGL,14.51,17.004,35314.23
HLA-B*51:03,RILPAAGLK,58.0,61.318,44359.83
HLA-B*51:03,ILPAAGLKE,52.778,70.574,45312.58
HLA-B*51:03,LPAAGLKEE,13.721,24.17,37856.92
HLA-B*51:03,PAAGLKEEA,18.683,44.986,42250.38
HLA-B*51:03,AAGLKEEAD,81.25,89.226,47044.65
HLA-B*51:03,AGLKEEADC,65.0,85.732,46707.85
HLA-B*51:03,GLKEEADCG,91.667,95.049,47702.26
HLA-B*51:03,LKEEADCGD,97.5,96.502,48365.39
HLA-B*51:03,KEEADCGDD,100.0,96.755,48481.71
HLA-B*51:03,EEADCGDDA,33.679,44.891,42235.29
HLA-B*51:03,EADCGDDAP,38.611,42.226,41812.43
HLA-B*51:03,ADCGDDAPL,56.5,67.436,45004.26
HLA-B*51:03,DCGDDAPLK,42.923,73.554,45593.4
HLA-B*51:03,CGDDAPLKV,2.784,9.879,31292.06
HLA-B*51:03,GDDAPLKVG,73.571,93.678,47531.21
HLA-B*51:03,DDAPLKVGY,8.465,31.315,39715.65
HLA-B*51:03,DAPLKVGYV,0.136,0.314,7971.6
HLA-B*51:03,APLKVGYVS,9.238,13.125,33427.75
HLA-B*51:03,PLKVGYVSR,65.909,95.069,47711.55
HLA-B*51:03,LKVGYVSRS,59.5,73.826,45619.05
HLA-B*51:03,KVGYVSRSK,56.75,84.409,46583.19
HLA-B*51:03,VGYVSRSKA,7.241,9.366,30906.11
HLA-B*51:03,GYVSRSKAV,34.038,54.821,43598.99
HLA-B*51:03,YVSRSKAVP,27.778,32.895,40067.43
HLA-B*51:03,VSRSKAVPL,6.92,11.767,32609.33
HLA-B*51:03,SRSKAVPLA,24.468,38.785,41230.67
HLA-B*51:03,RSKAVPLAV,3.204,7.013,28691.48
HLA-B*51:03,SKAVPLAVH,44.727,81.008,46271.26
HLA-B*51:03,KAVPLAVHE,26.167,51.101,43120.46
HLA-B*51:03,AVPLAVHEK,34.269,67.953,45055.43
HLA-B*51:03,VPLAVHEKL,0.117,0.467,9979.85
HLA-B*51:03,PLAVHEKLM,44.364,63.106,44555.62
HLA-B*51:03,LAVHEKLMP,13.711,18.328,35854.78
HLA-B*51:03,AVHEKLMPQ,46.556,75.808,45802.53
HLA-B*51:03,VHEKLMPQS,53.889,64.741,44735.32
HLA-B*51:03,HEKLMPQSI,2.004,7.924,29637.12
HLA-B*51:03,EKLMPQSII,3.136,4.892,25879.33
HLA-B*51:03,KLMPQSIIN,65.0,64.868,44749.34
HLA-B*51:03,LMPQSIING,44.091,40.785,41576.93
HLA-B*51:03,MPQSIINGG,10.881,2.929,21949.77
HLA-B*51:03,PQSIINGGW,41.083,47.437,42615.38
HLA-B*51:03,QSIINGGWS,71.429,53.946,43485.91
HLA-B*51:03,SIINGGWSV,4.125,5.038,26104.02
HLA-B*51:03,IINGGWSVP,35.667,44.713,42206.97
HLA-B*51:03,INGGWSVPR,72.857,77.564,45959.91
HLA-B*51:03,NGGWSVPRG,65.0,54.792,43595.2
HLA-B*51:03,GGWSVPRGA,24.688,33.356,40163.77
HLA-B*51:03,GWSVPRGAI,48.375,57.984,43975.64
HLA-B*51:03,WSVPRGAIE,48.0,43.848,42070.63
HLA-B*51:03,SVPRGAIER,34.115,76.268,45843.69
HLA-B*51:03,VPRGAIERY,2.777,10.199,31522.11
HLA-B*51:03,PRGAIERYG,97.5,96.7,48456.55
HLA-B*51:03,RGAIERYGD,97.5,94.026,47570.32
HLA-B*51:03,GAIERYGDV,8.852,8.848,30464.22
HLA-B*51:03,AIERYGDVA,55.25,65.448,44807.96
HLA-B*51:03,IERYGDVAA,29.864,31.825,39832.29
HLA-B*51:03,ERYGDVAAS,44.455,56.464,43795.18
HLA-B*51:03,RYGDVAASS,64.643,80.345,46210.72
HLA-B*51:03,YGDVAASSR,31.765,58.436,44029.41
HLA-B*51:03,GDVAASSRD,95.0,95.632,47967.25
HLA-B*51:03,DVAASSRDE,46.222,69.857,45244.48
HLA-B*51:03,VAASSRDET,27.389,37.981,41082.82
HLA-B*51:03,AASSRDETV,2.542,7.733,29452.98
HLA-B*51:03,ASSRDETVD,93.333,94.346,47606.34
HLA-B*51:03,SSRDETVDE,62.143,91.08,47239.98
HLA-B*51:03,SRDETVDEA,17.544,50.635,43060.77
HLA-B*51:03,RDETVDEAA,41.5,81.566,46322.35
HLA-B*51:03,DETVDEAAW,6.661,20.506,36666.1
HLA-B*51:03,ETVDEAAWM,9.471,12.558,33095.95
HLA-B*51:03,TVDEAAWMV,2.952,6.246,27752.6
HLA-B*51:03,VDEAAWMVL,18.402,21.069,36866.18
HLA-B*51:03,DEAAWMVLQ,30.027,35.684,40639.83
HLA-B*51:03,EAAWMVLQA,1.126,0.978,14224.42
HLA-B*51:03,AAWMVLQAE,26.183,30.301,39480.02
HLA-B*51:03,AWMVLQAER,69.091,80.767,46249.24
HLA-B*51:03,WMVLQAERK,50.556,57.724,43944.71
HLA-B*51:03,MVLQAERKA,10.204,11.913,32707.21
HLA-B*51:03,VLQAERKAT,56.5,79.219,46108.82
HLA-B*51:03,LQAERKATD,62.5,70.814,45335.15
HLA-B*51:03,QAERKATDY,27.0,54.53,43561.25
HLA-B*51:03,AERKATDYT,39.529,65.044,44768.25
HLA-B*51:03,ERKATDYTR,55.75,85.142,46651.29
HLA-B*51:03,RKATDYTRD,97.5,96.216,48234.22
HLA-B*51:03,KATDYTRDN,80.0,81.933,46355.94
HLA-B*51:03,ATDYTRDNR,75.0,94.753,47652.21
HLA-B*51:03,TDYTRDNRY,22.42,39.404,41340.55
HLA-B*51:03,DYTRDNRYD,83.75,89.689,47089.45
HLA-B*51:03,YTRDNRYDQ,62.5,78.804,46071.43
HLA-B*51:03,TRDNRYDQL,17.762,49.138,42860.9
HLA-B*51:03,RDNRYDQLG,80.0,80.975,46268.25
HLA-B*51:03,DNRYDQLGW,11.998,16.692,35174.29
HLA-B*51:03,NRYDQLGWG,75.0,70.423,45298.35
HLA-B*51:03,RYDQLGWGD,91.667,91.061,47237.95
HLA-B*51:03,YDQLGWGDV,25.627,19.999,36484.86
HLA-B*51:03,DQLGWGDVT,20.073,20.274,36582.87
HLA-B*51:03,QLGWGDVTI,15.209,20.816,36777.34
HLA-B*51:03,LGWGDVTIF,8.119,6.634,28236.92
HLA-B*51:03,GWGDVTIFL,34.538,62.562,44495.87
HLA-B*51:03,WGDVTIFLN,68.636,31.414,39738.45
HLA-B*51:03,GDVTIFLNS,67.273,69.616,45220.51
HLA-B*51:03,DVTIFLNSP,6.248,8.817,30437.2
HLA-B*51:03,VTIFLNSPP,35.875,15.198,34488.78
HLA-B*51:03,TIFLNSPPE,28.898,32.542,39990.35
HLA-B*51:03,IFLNSPPEV,3.971,8.212,29901.88
HLA-B*51:03,FLNSPPEVA,11.359,17.769,35633.19
HLA-B*51:03,LNSPPEVAS,31.794,62.759,44517.54
HLA-B*51:03,NSPPEVASV,0.538,2.23,19970.09
HLA-B*51:03,SPPEVASVF,0.145,0.85,13325.99
HLA-B*51:03,PPEVASVFP,33.75,38.414,41162.46
HLA-B*51:03,PEVASVFPI,18.902,11.804,32634.03
HLA-B*51:03,EVASVFPIG,18.75,14.333,34069.31
HLA-B*51:03,VASVFPIGV,0.736,0.858,13395.38
HLA-B*51:03,ASVFPIGVS,55.25,51.01,43108.79
HLA-B*51:03,SVFPIGVSE,16.298,32.605,40004.17
HLA-B*51:03,VFPIGVSET,19.574,60.453,44265.38
HLA-B*51:03,FPIGVSETL,0.046,0.185,5780.02
HLA-B*51:03,PIGVSETLI,42.077,44.158,42118.93
HLA-B*51:03,IGVSETLIL,6.083,8.21,29899.61
HLA-B*51:03,GVSETLILY,15.683,39.509,41358.89
HLA-B*51:03,VSETLILYE,51.111,66.629,44924.48
HLA-B*51:03,SETLILYEP,22.11,25.1,38129.9
HLA-B*51:03,ETLILYEPN,67.727,30.666,39565.54
HLA-B*51:03,TLILYEPNL,8.012,13.386,33569.83
HLA-B*51:03,LILYEPNLI,4.238,2.837,21706.52
HLA-B*51:03,ILYEPNLIP,13.03,16.866,35252.39
HLA-B*51:03,LYEPNLIPL,14.825,20.351,36610.6
HLA-B*51:03,YEPNLIPLV,1.747,4.406,25084.26
HLA-B*51:03,EPNLIPLVE,3.833,8.336,30013.38
HLA-B*51:03,PNLIPLVEE,70.0,95.195,47768.36
HLA-B*51:03,NLIPLVEEE,25.91,57.696,43941.39
HLA-B*51:03,LIPLVEEEM,13.97,27.518,38789.02
HLA-B*51:03,IPLVEEEMR,16.502,43.685,42045.62
HLA-B*51:03,PLVEEEMRG,83.75,93.586,47520.92
HLA-B*51:03,LVEEEMRGL,15.989,33.789,40253.42
HLA-B*51:03,VEEEMRGLK,59.75,71.31,45381.75
HLA-B*51:03,EEEMRGLKQ,46.111,80.405,46216.21
HLA-B*51:03,EEMRGLKQS,30.081,42.831,41912.99
HLA-B*51:03,EMRGLKQSP,14.586,33.322,40156.83
HLA-B*51:03,MRGLKQSPK,77.5,80.186,46196.21
HLA-B*51:03,RGLKQSPKY,16.342,42.278,41821.03
HLA-B*51:03,GLKQSPKYN,86.667,96.506,48367.51
HLA-B*51:03,LKQSPKYNS,54.074,85.989,46732.64
HLA-B*51:03,KQSPKYNSL,5.759,37.089,40913.82
HLA-B*51:03,QSPKYNSLV,3.996,6.003,27446.52
HLA-B*51:03,SPKYNSLVQ,17.663,30.182,39452.28
HLA-B*51:03,PKYNSLVQD,79.167,95.405,47864.07
HLA-B*51:03,KYNSLVQDV,21.746,38.668,41209.24
HLA-B*51:03,YNSLVQDVL,5.149,8.717,30350.72
HLA-B*51:03,NSLVQDVLN,70.0,44.635,42194.64
HLA-B*51:03,SLVQDVLNA,16.471,29.54,39299.33
HLA-B*51:03,LVQDVLNAC,15.104,31.78,39821.93
HLA-B*51:03,VQDVLNACQ,67.727,83.806,46527.79
HLA-B*51:03,QDVLNACQL,16.929,26.991,38644.9
HLA-B*51:03,DVLNACQLK,29.386,38.366,41153.55
HLA-B*51:03,VLNACQLKY,25.343,28.812,39123.25
HLA-B*51:03,LNACQLKYN,97.5,75.316,45758.45
HLA-B*51:03,NACQLKYNE,30.351,48.279,42739.12
HLA-B*51:03,ACQLKYNEM,24.584,48.321,42745.13
HLA-B*51:03,CQLKYNEMP,58.0,40.364,41505.94
HLA-B*51:03,QLKYNEMPD,95.0,81.468,46313.32
HLA-B*51:03,LKYNEMPDV,16.827,18.038,35744.4
HLA-B*51:03,KYNEMPDVA,40.312,57.052,43864.89
HLA-B*51:03,YNEMPDVAM,15.466,24.308,37897.49
HLA-B*51:03,NEMPDVAMQ,33.143,55.316,43659.4
HLA-B*51:03,EMPDVAMQR,13.832,45.415,42315.34
HLA-B*51:03,MPDVAMQRV,0.062,0.117,4435.53
HLA-B*51:03,PDVAMQRVD,93.333,94.959,47675.41
HLA-B*51:03,DVAMQRVDM,7.692,14.331,34068.21
HLA-B*51:03,VAMQRVDMG,22.06,12.483,33050.86
HLA-B*51:03,AMQRVDMGA,40.5,42.444,41848.63
HLA-B*51:03,MQRVDMGAA,23.264,17.946,35707.29
HLA-B*51:03,QRVDMGAAK,62.5,87.389,46867.32
HLA-B*51:03,RVDMGAAKT,38.944,63.959,44649.25
HLA-B*51:03,VDMGAAKTK,41.333,67.653,45025.71
HLA-B*51:03,DMGAAKTKG,47.625,61.186,44345.44
HLA-B*51:03,MGAAKTKGD,88.333,75.77,45799.07
HLA-B*51:03,GAAKTKGDF,32.742,55.64,43697.68
HLA-B*51:03,AAKTKGDFD,70.714,81.78,46341.89
HLA-B*51:03,AKTKGDFDG,97.5,96.85,48525.79
HLA-B*51:03,KTKGDFDGL,22.6,52.002,43235.86
HLA-B*51:03,TKGDFDGLQ,80.0,95.574,47940.78
HLA-B*51:03,KGDFDGLQA,21.342,54.85,43602.76
HLA-B*51:03,GDFDGLQAV,6.735,19.207,36188.79
HLA-B*51:03,DFDGLQAVR,38.222,70.934,45346.43
HLA-B*51:03,FDGLQAVRT,38.5,54.387,43542.88
HLA-B*51:03,DGLQAVRTP,2.914,5.203,26340.08
HLA-B*51:03,GLQAVRTPE,83.75,94.652,47640.87
HLA-B*51:03,LQAVRTPEE,44.0,65.999,44862.32
HLA-B*51:03,QAVRTPEEY,6.362,23.594,37678.36
HLA-B*51:03,AVRTPEEYN,78.333,91.67,47305.96
HLA-B*51:03,VRTPEEYNL,18.134,54.311,43532.99
HLA-B*51:03,RTPEEYNLR,26.533,64.574,44716.91
HLA-B*51:03,TPEEYNLRT,5.952,10.775,31938.2
HLA-B*51:03,PEEYNLRTT,70.0,86.884,46818.68
HLA-B*51:03,EEYNLRTTA,6.647,9.324,30870.35
HLA-B*51:03,EYNLRTTAI,4.915,9.226,30787.96
HLA-B*51:03,YNLRTTAII,3.822,1.915,18901.03
HLA-B*51:03,NLRTTAIIV,5.488,6.309,27832.59
HLA-B*51:03,LRTTAIIVR,52.593,85.195,46656.34
HLA-B*51:03,RTTAIIVRL,5.93,15.198,34488.78
HLA-B*51:03,TTAIIVRLA,4.731,6.182,27671.94
HLA-B*51:03,TAIIVRLAM,1.286,2.053,19419.07
HLA-B*51:03,AIIVRLAMF,15.489,24.416,37929.5
HLA-B*51:03,IIVRLAMFR,49.143,50.288,43016.55
HLA-B*51:03,IVRLAMFRP,39.176,25.51,38244.34
HLA-B*51:03,VRLAMFRPM,39.588,20.239,36570.6
HLA-B*51:03,RLAMFRPMT,50.556,55.732,43708.56
HLA-B*51:03,LAMFRPMTE,11.727,7.205,28903.05
HLA-B*51:03,AMFRPMTEV,5.5,6.902,28559.23
HLA-B*51:03,MFRPMTEVK,31.765,41.321,41665.21
HLA-B*51:03,FRPMTEVKP,48.375,69.237,45182.84
HLA-B*51:03,RPMTEVKPE,31.412,43.11,41957.91
HLA-B*51:03,PMTEVKPEQ,78.333,95.684,47991.11
HLA-B*51:03,MTEVKPEQT,17.746,39.396,41339.21
HLA-B*51:03,TEVKPEQTG,40.562,63.62,44612.07
HLA-B*51:03,EVKPEQTGR,17.943,71.989,45445.65
HLA-B*51:03,VKPEQTGRG,62.143,95.136,47741.5
HLA-B*51:03,KPEQTGRGP,16.049,43.658,42041.53
HLA-B*51:03,PEQTGRGPF,52.407,72.343,45479.07
HLA-B*51:03,EQTGRGPFV,3.142,6.81,28447.59
HLA-B*51:03,QTGRGPFVV,9.612,15.609,34681.13
HLA-B*51:03,TGRGPFVVI,1.418,2.321,20258.88
HLA-B*51:03,GRGPFVVIV,17.658,38.557,41188.75
HLA-B*51:03,RGPFVVIVT,21.175,35.155,40534.42
HLA-B*51:03,GPFVVIVTQ,12.002,31.105,39667.99
HLA-B*51:03,PFVVIVTQH,72.143,95.475,47895.66
HLA-B*51:03,FVVIVTQHN,47.5,35.629,40628.82
HLA-B*51:03,VVIVTQHNL,2.396,6.084,27547.67
HLA-B*51:03,VIVTQHNLT,34.077,42.902,41924.78
HLA-B*51:03,IVTQHNLTS,34.269,40.59,41544.12
HLA-B*51:03,VTQHNLTSC,14.312,37.089,40913.82
HLA-B*51:03,TQHNLTSCV,5.797,6.306,27829.57
HLA-B*51:03,QHNLTSCVG,74.286,47.477,42621.37
HLA-B*51:03,HNLTSCVGF,18.878,23.918,37780.82
HLA-B*51:03,NLTSCVGFL,33.536,21.156,36894.91
HLA-B*51:03,LTSCVGFLC,41.833,13.552,33660.75
HLA-B*51:03,TSCVGFLCN,85.0,54.65,43576.81
HLA-B*51:03,SCVGFLCNR,47.375,71.566,45405.84
HLA-B*51:03,CVGFLCNRG,95.0,59.456,44151.08
HLA-B*51:03,VGFLCNRGG,77.5,40.351,41503.69
HLA-B*51:03,GFLCNRGGD,100.0,96.803,48503.76
HLA-B*51:03,FLCNRGGDL,42.0,34.518,40403.95
HLA-B*51:03,LCNRGGDLY,39.176,48.568,42780.29
HLA-B*51:03,CNRGGDLYG,78.333,56.72,43825.53
HLA-B*51:03,NRGGDLYGP,61.786,86.484,46780.2
HLA-B*51:03,RGGDLYGPD,95.0,84.348,46577.66
HLA-B*51:03,GGDLYGPDS,64.643,91.354,47270.68
HLA-B*51:03,GDLYGPDSD,97.5,96.324,48283.83
HLA-B*51:03,DLYGPDSDQ,46.0,72.735,45516.02
HLA-B*51:03,LYGPDSDQN,93.333,95.345,47836.64
HLA-B*51:03,YGPDSDQNC,21.228,56.868,43843.08
HLA-B*51:03,GPDSDQNCR,42.769,84.217,46565.56
HLA-B*51:03,PDSDQNCRL,45.6,85.247,46661.39
HLA-B*51:03,DSDQNCRLL,1.627,4.918,25920.25
HLA-B*51:03,SDQNCRLLV,21.175,19.339,36237.79
HLA-B*51:03,DQNCRLLVK,29.75,36.832,40864.25
HLA-B*51:03,QNCRLLVKD,90.0,85.374,46673.52
HLA-B*51:03,NCRLLVKDY,25.896,48.049,42706.31
HLA-B*51:03,CRLLVKDYW,35.458,28.008,38923.13
HLA-B*51:03,RLLVKDYWA,48.5,46.492,42475.88
HLA-B*51:03,LLVKDYWAH,44.455,50.266,43013.75
HLA-B*51:03,LVKDYWAHA,13.207,13.211,33474.8
HLA-B*51:03,VKDYWAHAK,49.286,70.84,45337.6
HLA-B*51:03,KDYWAHAKR,45.5,76.069,45825.84
HLA-B*51:03,DYWAHAKRR,36.952,59.148,44114.31
HLA-B*51:03,YWAHAKRRS,86.667,94.62,47637.27
HLA-B*51:03,WAHAKRRSM,5.493,8.101,29801.43
HLA-B*51:03,AHAKRRSMR,71.429,93.637,47526.59
HLA-B*51:03,HAKRRSMRE,32.323,63.761,44627.52
HLA-B*51:03,AKRRSMRET,59.5,90.416,47165.92
HLA-B*51:03,KRRSMRETN,95.0,95.22,47779.73
HLA-B*51:03,RRSMRETNI,35.583,45.067,42262.73
HLA-B*51:03,RSMRETNII,6.738,5.232,26382.0
HLA-B*51:03,SMRETNIIT,29.75,30.98,39639.24
HLA-B*51:03,MRETNIITF,5.057,15.327,34548.91
HLA-B*51:03,RETNIITFH,30.676,72.563,45499.76
HLA-B*51:03,ETNIITFHS,18.207,20.632,36711.34
HLA-B*51:03,TNIITFHSS,23.494,26.917,38625.26
HLA-B*51:03,NIITFHSSH,15.239,39.37,41334.74
HLA-B*51:03,IITFHSSHA,23.782,22.875,37451.15
HLA-B*51:03,ITFHSSHAN,41.583,30.066,39424.96
HLA-B*51:03,TFHSSHANL,11.718,17.781,35638.2
HLA-B*51:03,FHSSHANLQ,50.37,56.276,43772.93
HLA-B*51:03,HSSHANLQM,7.458,17.893,35685.28
HLA-B*51:03,SSHANLQMP,15.649,21.376,36968.05
HLA-B*51:03,SHANLQMPV,13.457,7.322,29031.88
HLA-B*51:03,HANLQMPVQ,16.4,45.13,42272.32
HLA-B*51:03,ANLQMPVQR,49.429,88.126,46938.37
HLA-B*51:03,NLQMPVQRL,6.197,16.474,35076.61
HLA-B*51:03,LQMPVQRLA,4.336,4.678,25543.84
HLA-B*51:03,QMPVQRLAL,11.575,23.128,37531.05
HLA-B*51:03,MPVQRLALE,5.248,3.81,23932.55
HLA-B*51:03,PVQRLALEG,85.0,74.175,45652.13
HLA-B*51:03,VQRLALEGR,59.5,80.794,46251.72
HLA-B*51:03,QRLALEGRA,62.143,67.589,45019.38
HLA-B*51:03,RLALEGRAV,13.805,27.183,38697.2
HLA-B*51:03,LALEGRAVI,0.527,0.434,9575.68
HLA-B*51:03,ALEGRAVIV,19.676,38.036,41093.05
HLA-B*51:03,LEGRAVIVP,41.0,40.859,41589.54
HLA-B*51:03,EGRAVIVPC,13.43,14.461,34132.03
HLA-B*51:03,GRAVIVPCM,32.742,46.025,42407.46
HLA-B*51:03,RAVIVPCMG,47.125,25.49,38238.96
HLA-B*51:03,AVIVPCMGP,36.571,42.54,41864.5
HLA-B*51:03,VIVPCMGPA,66.818,29.313,39244.93
HLA-B*51:03,IVPCMGPAI,7.206,2.234,19981.76
HLA-B*51:03,VPCMGPAIS,18.39,14.211,34010.02
HLA-B*51:03,PCMGPAISK,59.25,84.578,46598.84
HLA-B*51:03,CMGPAISKT,44.364,42.831,41912.99
HLA-B*51:03,MGPAISKTD,36.19,32.488,39978.67
HLA-B*51:03,GPAISKTDS,53.519,73.184,45558.39
HLA-B*51:03,PAISKTDSV,1.93,5.74,27090.42
HLA-B*51:03,AISKTDSVL,19.568,43.054,41949.29
HLA-B*51:03,ISKTDSVLT,28.49,40.747,41570.66
HLA-B*51:03,SKTDSVLTK,34.462,82.464,46404.63
HLA-B*51:03,KTDSVLTKG,31.618,70.553,45310.62
HLA-B*51:03,TDSVLTKGN,88.333,90.0,47119.53
HLA-B*51:03,DSVLTKGNA,8.951,7.555,29282.04
HLA-B*51:03,SVLTKGNAE,42.462,75.736,45796.09
HLA-B*51:03,VLTKGNAEN,90.0,92.164,47361.27
HLA-B*51:03,LTKGNAENI,7.435,7.805,29522.53
HLA-B*51:03,TKGNAENIA,65.455,83.275,46479.0
HLA-B*51:03,KGNAENIAD,95.0,95.741,48017.09
HLA-B*51:03,GNAENIADG,93.333,93.193,47476.71
HLA-B*51:03,NAENIADGL,7.814,16.397,35042.47
HLA-B*51:03,AENIADGLT,56.75,69.198,45178.94
HLA-B*51:03,ENIADGLTV,1.74,2.118,19620.13
HLA-B*51:03,NIADGLTVL,6.79,17.43,35491.59
HLA-B*51:03,IADGLTVLK,13.844,30.965,39635.82
HLA-B*51:03,ADGLTVLKT,44.455,75.111,45740.15
HLA-B*51:03,DGLTVLKTY,2.278,5.738,27088.08
HLA-B*51:03,GLTVLKTYS,72.857,91.519,47289.09
HLA-B*51:03,LTVLKTYSL,4.282,5.348,26549.53
HLA-B*51:03,TVLKTYSLY,9.383,11.223,32248.64
HLA-B*51:03,VLKTYSLYH,35.625,54.179,43516.04
HLA-B*51:03,LKTYSLYHL,13.743,23.22,37560.3
HLA-B*51:03,KTYSLYHLE,28.735,36.789,40855.87
HLA-B*51:03,TYSLYHLES,46.222,41.497,41693.62
HLA-B*51:03,YSLYHLESS,23.54,24.76,38031.0
HLA-B*51:03,SLYHLESSL,6.206,11.575,32481.87
HLA-B*51:03,LYHLESSLV,11.652,7.942,29654.75
HLA-B*51:03,YHLESSLVI,1.371,1.177,15400.31
HLA-B*51:03,HLESSLVIR,37.368,80.372,46213.23
HLA-B*51:03,LESSLVIRS,27.426,35.598,40622.69
HLA-B*51:03,ESSLVIRSM,1.11,3.67,23654.77
HLA-B*51:03,SSLVIRSML,4.25,7.821,29537.88
HLA-B*51:03,SLVIRSMLR,37.263,57.364,43901.93
HLA-B*51:03,LVIRSMLRL,5.749,6.535,28118.93
HLA-B*51:03,VIRSMLRLH,41.667,65.384,44801.66
HLA-B*51:03,IRSMLRLHL,20.789,24.146,37849.96
HLA-B*51:03,RSMLRLHLM,4.539,5.12,26222.35
HLA-B*51:03,SMLRLHLMQ,59.0,56.048,43745.93
HLA-B*51:03,MLRLHLMQY,8.377,10.48,31723.99
HLA-B*51:03,LRLHLMQYT,56.5,53.045,43369.85
HLA-B*51:03,RLHLMQYTT,28.918,37.782,41045.06
HLA-B*51:03,LHLMQYTTR,55.75,56.184,43762.04
HLA-B*51:03,HLMQYTTRF,5.168,8.028,29736.04
HLA-B*51:03,LMQYTTRFK,54.63,45.888,42386.81
HLA-B*51:03,MQYTTRFKL,2.273,2.42,20576.77
HLA-B*51:03,QYTTRFKLL,20.951,37.712,41031.72
HLA-B*51:03,YTTRFKLLG,41.75,16.323,35009.13
HLA-B*51:03,TTRFKLLGF,12.512,16.122,34919.84
HLA-B*51:03,TRFKLLGFP,50.185,44.026,42097.96
HLA-B*51:03,RFKLLGFPM,40.188,36.395,40779.45
HLA-B*51:03,FKLLGFPMT,41.333,40.165,41472.25
HLA-B*51:03,KLLGFPMTM,5.867,12.946,33327.72
HLA-B*51:03,LLGFPMTMS,52.963,63.84,44636.21
HLA-B*51:03,LGFPMTMSH,11.459,17.009,35316.54
HLA-B*51:03,GFPMTMSHS,63.214,93.687,47532.23
HLA-B*51:03,FPMTMSHSY,0.197,0.232,6606.35
HLA-B*51:03,PMTMSHSYE,91.667,88.721,46995.8
HLA-B*51:03,MTMSHSYEG,29.023,6.692,28306.06
HLA-B*51:03,TMSHSYEGN,90.0,83.127,46465.42
HLA-B*51:03,MSHSYEGNG,65.455,34.368,40372.93
HLA-B*51:03,SHSYEGNGE,85.0,93.22,47479.81
HLA-B*51:03,HSYEGNGEA,8.609,11.371,32346.49
HLA-B*51:03,SYEGNGEAL,14.268,48.282,42739.59
HLA-B*51:03,YEGNGEALE,58.75,79.181,46105.35
HLA-B*51:03,EGNGEALEG,44.636,53.301,43402.73
HLA-B*51:03,GNGEALEGH,81.25,97.26,48715.18
HLA-B*51:03,NGEALEGHI,12.919,11.983,32753.6
HLA-B*51:03,GEALEGHIE,78.333,93.248,47482.9
HLA-B*51:03,EALEGHIEY,1.253,3.979,24269.72
HLA-B*51:03,ALEGHIEYA,32.903,57.732,43945.67
HLA-B*51:03,LEGHIEYAM,13.2,22.286,37265.22
HLA-B*51:03,EGHIEYAMG,43.545,29.719,39342.29
HLA-B*51:03,GHIEYAMGD,78.333,69.828,45241.54
HLA-B*51:03,HIEYAMGDP,85.0,84.053,46550.45
HLA-B*51:03,IEYAMGDPK,45.7,37.44,40980.26
HLA-B*51:03,EYAMGDPKP,29.818,47.065,42560.06
HLA-B*51:03,YAMGDPKPA,4.246,3.732,23777.17
HLA-B*51:03,AMGDPKPAR,52.037,91.08,47239.98
HLA-B*51:03,MGDPKPART,9.851,29.277,39236.43
HLA-B*51:03,GDPKPARTI,11.947,35.163,40536.17
HLA-B*51:03,DPKPARTIK,9.193,29.909,39387.86
HLA-B*51:03,PKPARTIKH,71.429,97.158,48667.76
HLA-B*51:03,KPARTIKHK,18.47,54.974,43618.79
HLA-B*51:03,PARTIKHKT,25.269,66.841,44945.38
HLA-B*51:03,ARTIKHKTN,90.0,96.152,48205.02
HLA-B*51:03,RTIKHKTNE,66.364,87.105,46839.94
HLA-B*51:03,TIKHKTNEA,13.632,29.757,39351.22
HLA-B*51:03,IKHKTNEAK,57.75,86.305,46762.98
HLA-B*51:03,KHKTNEAKT,64.643,89.542,47075.18
HLA-B*51:03,HKTNEAKTF,25.299,68.597,45119.34
HLA-B*51:03,KTNEAKTFA,23.195,44.184,42123.03
HLA-B*51:03,TNEAKTFAM,19.743,32.851,40057.9
HLA-B*51:03,NEAKTFAMG,47.25,35.883,40679.42
HLA-B*51:03,EAKTFAMGN,26.0,26.644,38552.62
HLA-B*51:03,AKTFAMGNK,88.333,94.886,47667.18
HLA-B*51:03,KTFAMGNKS,31.5,43.548,42024.7
HLA-B*51:03,TFAMGNKSK,42.769,80.465,46221.72
HLA-B*51:03,FAMGNKSKK,16.916,20.97,36832.69
HLA-B*51:03,AMGNKSKKY,42.692,78.732,46064.96
HLA-B*51:03,MGNKSKKYP,31.088,37.063,40908.94
HLA-B*51:03,GNKSKKYPY,65.455,93.253,47483.39
HLA-B*51:03,NKSKKYPYD,83.75,86.632,46794.35
HLA-B*51:03,KSKKYPYDR,63.571,91.459,47282.45
HLA-B*51:03,SKKYPYDRT,49.857,85.342,46670.48
HLA-B*51:03,KKYPYDRTT,40.75,63.581,44607.72
HLA-B*51:03,KYPYDRTTV,30.135,58.048,43983.24
HLA-B*51:03,YPYDRTTVL,0.008,0.035,2209.46
HLA-B*51:03,PYDRTTVLR,63.929,93.129,47469.52
HLA-B*51:03,YDRTTVLRR,40.688,66.211,44883.19
HLA-B*51:03,DRTTVLRRS,40.562,67.111,44972.14
HLA-B*51:03,RTTVLRRSA,26.35,38.07,41099.25
HLA-B*51:03,TTVLRRSAE,55.75,69.345,45193.6
HLA-B*51:03,TVLRRSAEW,8.544,10.141,31480.87
HLA-B*51:03,VLRRSAEWV,19.709,19.882,36441.05
HLA-B*51:03,LRRSAEWVI,19.872,12.577,33107.05
HLA-B*51:03,RRSAEWVIA,64.286,64.354,44692.75
HLA-B*51:03,RSAEWVIAC,13.775,24.396,37923.34
HLA-B*51:03,SAEWVIACT,26.233,17.736,35619.31
HLA-B*51:03,AEWVIACTA,15.776,11.878,32683.87
HLA-B*51:03,EWVIACTAI,18.72,10.249,31558.28
HLA-B*51:03,WVIACTAIE,75.0,52.48,43297.19
HLA-B*51:03,VIACTAIEI,7.104,2.879,21814.82
HLA-B*51:03,IACTAIEIF,5.394,7.537,29265.25
HLA-B*51:03,ACTAIEIFA,41.75,56.932,43850.66
HLA-B*51:03,CTAIEIFAE,63.214,51.189,43131.67
HLA-B*51:03,TAIEIFAEA,0.659,0.756,12546.2
HLA-B*51:03,AIEIFAEAI,16.756,22.013,37179.43
HLA-B*51:03,IEIFAEAIG,76.667,48.981,42839.12
HLA-B*51:03,EIFAEAIGG,42.0,34.723,40446.37
HLA-B*51:03,IFAEAIGGS,71.429,74.718,45703.53
HLA-B*51:03,FAEAIGGSL,2.86,3.397,23074.38
HLA-B*51:03,AEAIGGSLE,55.5,84.179,46562.04
HLA-B*51:03,EAIGGSLEQ,16.991,34.114,40320.53
HLA-B*51:03,AIGGSLEQS,77.5,95.173,47758.53
HLA-B*51:03,IGGSLEQSI,5.532,8.255,29940.07
HLA-B*51:03,GGSLEQSIT,57.25,79.862,46166.73
HLA-B*51:03,GSLEQSITL,5.086,14.747,34271.91
HLA-B*51:03,SLEQSITLV,7.76,15.405,34585.56
HLA-B*51:03,LEQSITLVD,60.357,33.68,40230.76
HLA-B*51:03,EQSITLVDK,27.778,64.666,44727.1
HLA-B*51:03,QSITLVDKA,8.994,14.075,33943.47
HLA-B*51:03,SITLVDKAI,7.389,11.256,32270.63
HLA-B*51:03,ITLVDKAIL,8.463,12.335,32963.35
HLA-B*51:03,TLVDKAILK,27.5,51.207,43133.98
HLA-B*51:03,LVDKAILKC,12.245,36.416,40783.42
HLA-B*51:03,VDKAILKCG,78.333,75.055,45735.2
HLA-B*51:03,DKAILKCGE,72.143,87.879,46914.52
HLA-B*51:03,KAILKCGEV,4.617,4.556,25353.29
HLA-B*51:03,AILKCGEVK,72.143,84.261,46569.58
HLA-B*51:03,ILKCGEVKQ,78.333,91.793,47319.78
HLA-B*51:03,LKCGEVKQA,46.444,72.364,45481.04
HLA-B*51:03,KCGEVKQAG,76.667,95.123,47735.8
HLA-B*51:03,CGEVKQAGT,83.75,72.714,45514.05
HLA-B*51:03,GEVKQAGTF,17.829,39.29,41320.88
HLA-B*51:03,EVKQAGTFA,7.914,14.248,34027.68
HLA-B*51:03,VKQAGTFAG,75.0,73.1,45550.49
HLA-B*51:03,KQAGTFAGM,21.544,36.02,40706.72
HLA-B*51:03,QAGTFAGMM,10.246,12.017,32775.58
HLA-B*51:03,AGTFAGMME,72.143,77.187,45926.11
HLA-B*51:03,GTFAGMMES,44.545,43.53,42021.96
HLA-B*51:03,TFAGMMESI,10.387,10.543,31770.02
HLA-B*51:03,FAGMMESIR,39.412,38.794,41232.45
HLA-B*51:03,AGMMESIRQ,61.786,75.559,45780.23
HLA-B*51:03,GMMESIRQN,71.429,69.336,45192.61
HLA-B*51:03,MMESIRQNG,48.375,33.897,40275.62
HLA-B*51:03,MESIRQNGQ,53.704,71.926,45439.73
HLA-B*51:03,ESIRQNGQD,62.5,62.162,44452.1
HLA-B*51:03,SIRQNGQDM,23.805,36.164,40734.48
HLA-B*51:03,IRQNGQDMT,75.0,90.169,47138.4
HLA-B*51:03,RQNGQDMTP,40.562,57.98,43975.16
HLA-B*51:03,QNGQDMTPK,56.5,95.065,47709.49
HLA-B*51:03,NGQDMTPKG,31.735,43.702,42048.34
HLA-B*51:03,GQDMTPKGT,56.0,93.559,47517.82
HLA-B*51:03,QDMTPKGTA,23.724,37.347,40962.53
HLA-B*51:03,DMTPKGTAL,3.657,11.364,32341.59
HLA-B*51:03,MTPKGTALA,7.836,7.993,29704.86
HLA-B*51:03,TPKGTALAR,9.18,30.703,39574.11
HLA-B*51:03,PKGTALARA,58.0,87.937,46920.09
HLA-B*51:03,KGTALARAM,21.482,34.321,40363.3
HLA-B*51:03,GTALARAML,21.421,37.82,41052.16
HLA-B*51:03,TALARAMLA,1.954,1.074,14780.28
HLA-B*51:03,ALARAMLAR,55.25,74.149,45649.65
HLA-B*51:03,LARAMLARG,43.273,22.095,37205.19
HLA-B*51:03,ARAMLARGL,34.385,52.805,43338.9
HLA-B*51:03,RAMLARGLL,6.864,4.495,25256.93
HLA-B*51:03,AMLARGLLA,20.285,17.061,35337.93
HLA-B*51:03,MLARGLLAQ,43.182,54.478,43554.67
HLA-B*51:03,LARGLLAQD,41.833,36.898,40877.08
HLA-B*51:03,ARGLLAQDI,35.958,40.184,41475.41
HLA-B*51:03,RGLLAQDIS,63.214,60.598,44281.2
HLA-B*51:03,GLLAQDISG,81.25,84.266,46570.09
HLA-B*51:03,LLAQDISGV,13.543,13.608,33691.73
HLA-B*51:03,LAQDISGVS,25.269,20.992,36840.67
HLA-B*51:03,AQDISGVSF,7.616,33.417,40176.39
HLA-B*51:03,QDISGVSFT,37.842,54.595,43569.73
HLA-B*51:03,DISGVSFTV,0.783,0.97,14179.85
HLA-B*51:03,ISGVSFTVA,8.675,11.806,32635.8
HLA-B*51:03,SGVSFTVAD,69.091,49.239,42874.84
HLA-B*51:03,GVSFTVADC,76.667,81.895,46352.44
HLA-B*51:03,VSFTVADCL,5.9,3.903,24117.36
HLA-B*51:03,SFTVADCLA,41.25,39.758,41402.32
HLA-B*51:03,FTVADCLAE,57.25,42.594,41873.55
HLA-B*51:03,TVADCLAEG,62.857,49.67,42934.24
HLA-B*51:03,VADCLAEGL,9.306,9.223,30785.3
HLA-B*51:03,ADCLAEGLL,44.182,54.398,43544.31
HLA-B*51:03,DCLAEGLLT,23.805,24.362,37913.5
HLA-B*51:03,CLAEGLLTE,54.815,61.173,44344.01
HLA-B*51:03,LAEGLLTEM,4.62,9.155,30728.05
HLA-B*51:03,AEGLLTEMP,36.476,55.212,43647.12
HLA-B*51:03,EGLLTEMPH,39.118,47.69,42653.18
HLA-B*51:03,GLLTEMPHS,63.929,84.387,46581.18
HLA-B*51:03,LLTEMPHSF,3.022,6.468,28036.0
HLA-B*51:03,LTEMPHSFF,6.897,9.777,31218.33
HLA-B*51:03,TEMPHSFFA,4.734,3.546,23412.62
HLA-B*51:03,EMPHSFFAR,17.767,41.464,41688.2
HLA-B*51:03,MPHSFFARQ,5.677,3.877,24066.01
HLA-B*51:03,PHSFFARQF,25.537,36.943,40885.94
HLA-B*51:03,HSFFARQFK,18.951,19.41,36264.44
HLA-B*51:03,SFFARQFKD,72.143,60.927,44317.14
HLA-B*51:03,FFARQFKDI,25.388,12.727,33196.35
HLA-B*51:03,FARQFKDIE,33.179,37.136,40922.66
HLA-B*51:03,ARQFKDIEK,75.0,95.642,47971.93
HLA-B*51:03,RQFKDIEKR,42.615,81.9,46352.92
HLA-B*51:03,QFKDIEKRC,39.882,84.036,46548.95
HLA-B*51:03,FKDIEKRCD,93.333,94.959,47675.41
HLA-B*51:03,KDIEKRCDL,31.5,68.086,45068.59
HLA-B*51:03,DIEKRCDLA,32.806,29.206,39219.45
HLA-B*51:03,IEKRCDLAQ,68.636,80.367,46212.72
HLA-B*51:03,EKRCDLAQG,74.286,76.346,45850.64
HLA-B*51:03,KRCDLAQGT,65.455,93.559,47517.82
HLA-B*51:03,RCDLAQGTE,82.5,95.034,47695.55
HLA-B*51:03,CDLAQGTEA,26.45,26.207,38436.81
HLA-B*51:03,DLAQGTEAI,2.752,4.956,25980.04
HLA-B*51:03,LAQGTEAID,68.636,48.74,42804.83
HLA-B*51:03,AQGTEAIDA,55.5,76.047,45823.86
HLA-B*51:03,QGTEAIDAQ,75.833,95.17,47756.99
HLA-B*51:03,GTEAIDAQK,69.545,92.242,47370.01
HLA-B*51:03,TEAIDAQKD,67.273,79.413,46126.29
HLA-B*51:03,EAIDAQKDS,15.869,36.995,40896.09
HLA-B*51:03,AIDAQKDSS,71.429,93.298,47488.54
HLA-B*51:03,IDAQKDSSK,64.286,92.461,47394.61
HLA-B*51:03,DAQKDSSKA,1.999,4.384,25041.69
HLA-B*51:03,AQKDSSKAI,5.065,23.115,37527.02
HLA-B*51:03,QKDSSKAIP,45.7,83.165,46468.93
HLA-B*51:03,KDSSKAIPE,85.0,95.83,48057.64
HLA-B*51:03,DSSKAIPEA,1.445,3.887,24085.3
HLA-B*51:03,SSKAIPEAT,18.921,38.065,41098.38
HLA-B*51:03,SKAIPEATY,21.974,59.868,44200.31
HLA-B*51:03,KAIPEATYE,27.426,55.904,43728.89
HLA-B*51:03,AIPEATYEG,57.75,74.248,45659.05
HLA-B*51:03,IPEATYEGD,54.074,38.993,41269.05
HLA-B*51:03,PEATYEGDL,57.25,72.944,45535.72
HLA-B*51:03,EATYEGDLE,49.857,64.139,44669.04
HLA-B*51:03,ATYEGDLEN,44.909,54.354,43538.64
HLA-B*51:03,TYEGDLENW,22.62,48.244,42734.02
HLA-B*51:03,YEGDLENWN,76.667,74.577,45690.18
HLA-B*51:03,EGDLENWNS,50.185,65.561,44819.12
HLA-B*51:03,GDLENWNSF,23.172,36.125,40726.99
HLA-B*51:03,DLENWNSFF,14.226,15.736,34741.21
HLA-B*51:03,LENWNSFFR,44.364,38.969,41264.58
HLA-B*51:03,ENWNSFFRR,22.15,37.522,40995.78
HLA-B*51:03,NWNSFFRRF,16.009,20.181,36549.64
HLA-B*51:03,WNSFFRRFI,14.111,3.423,23138.13
HLA-B*51:03,NSFFRRFIV,1.768,0.402,9204.68
HLA-B*51:03,SFFRRFIVW,8.976,11.437,32390.27
HLA-B*51:03,FFRRFIVWH,61.429,78.976,46086.89
HLA-B*51:03,FRRFIVWHG,63.571,39.362,41333.38
HLA-B*51:03,RRFIVWHGG,74.286,64.086,44663.25
HLA-B*51:03,RFIVWHGGR,90.0,89.095,47031.91
HLA-B*51:03,FIVWHGGRE,75.0,62.359,44473.75
HLA-B*51:03,IVWHGGREL,4.784,8.578,30229.78
HLA-B*51:03,VWHGGRELL,21.0,40.918,41599.43
HLA-B*51:03,WHGGRELLN,83.75,67.633,45023.77
HLA-B*51:03,HGGRELLNG,81.25,76.412,45856.58
HLA-B*51:03,GGRELLNGS,65.0,83.866,46533.35
HLA-B*51:03,GRELLNGSY,53.889,86.532,46784.75
HLA-B*51:03,RELLNGSYP,38.167,36.559,40811.23
HLA-B*51:03,ELLNGSYPA,23.92,15.803,34772.41
HLA-B*51:03,LLNGSYPAS,39.824,46.257,42441.44
HLA-B*51:03,LNGSYPASI,7.287,6.819,28458.68
HLA-B*51:03,NGSYPASIT,28.551,31.25,39701.05
HLA-B*51:03,GSYPASITD,45.4,44.276,42137.62
HLA-B*51:03,SYPASITDQ,67.273,91.812,47321.86
HLA-B*51:03,YPASITDQI,0.022,0.03,2090.5
HLA-B*51:03,PASITDQIN,90.0,80.92,46263.23
HLA-B*51:03,ASITDQINA,15.063,29.307,39243.66
HLA-B*51:03,SITDQINAP,24.909,49.414,42898.95
HLA-B*51:03,ITDQINAPR,32.903,56.04,43745.0
HLA-B*51:03,TDQINAPRE,53.519,85.026,46640.18
HLA-B*51:03,DQINAPREN,39.353,60.835,44307.08
HLA-B*51:03,QINAPRENW,21.386,38.857,41244.04
HLA-B*51:03,INAPRENWL,10.605,29.405,39267.0
HLA-B*51:03,NAPRENWLT,15.343,19.023,36120.34
HLA-B*51:03,APRENWLTI,0.183,0.32,8042.2
HLA-B*51:03,PRENWLTIY,65.909,89.142,47036.49
HLA-B*51:03,RENWLTIYG,67.727,42.218,41811.08
HLA-B*51:03,ENWLTIYGY,7.81,10.568,31787.89
HLA-B*51:03,NWLTIYGYK,79.167,65.965,44858.91
HLA-B*51:03,WLTIYGYKI,20.154,7.313,29021.5
HLA-B*51:03,LTIYGYKIS,63.571,48.916,42829.84
HLA-B*51:03,TIYGYKISD,46.333,48.481,42767.8
HLA-B*51:03,IYGYKISDK,82.5,93.66,47529.16
HLA-B*51:03,YGYKISDKN,41.75,34.467,40393.45
HLA-B*51:03,GYKISDKNY,61.429,95.411,47866.67
HLA-B*51:03,YKISDKNYL,12.007,28.227,38977.49
HLA-B*51:03,KISDKNYLS,59.5,85.137,46650.8
HLA-B*51:03,ISDKNYLSV,1.216,1.946,19029.7
HLA-B*51:03,SDKNYLSVS,47.25,69.227,45181.86
HLA-B*51:03,DKNYLSVSI,1.861,2.918,21920.59
HLA-B*51:03,KNYLSVSID,90.0,69.936,45252.3
HLA-B*51:03,NYLSVSIDP,39.176,40.027,41448.93
HLA-B*51:03,YLSVSIDPS,71.429,48.117,42716.0
HLA-B*51:03,LSVSIDPSA,10.472,9.218,30780.97
HLA-B*51:03,SVSIDPSAV,5.969,13.58,33676.06
HLA-B*51:03,VSIDPSAVQ,27.741,55.384,43667.43
HLA-B*51:03,SIDPSAVQG,32.161,64.908,44753.7
HLA-B*51:03,IDPSAVQGV,9.746,24.616,37988.23
HLA-B*51:03,DPSAVQGVL,0.203,0.575,11074.01
HLA-B*51:03,PSAVQGVLS,60.0,73.476,45585.99
HLA-B*51:03,SAVQGVLSY,2.633,7.914,29627.49
HLA-B*51:03,AVQGVLSYQ,61.429,83.806,46527.79
HLA-B*51:03,VQGVLSYQG,63.214,55.508,43682.07
HLA-B*51:03,QGVLSYQGL,10.525,16.649,35154.88
HLA-B*51:03,GVLSYQGLE,77.5,86.032,46736.68
HLA-B*51:03,VLSYQGLEC,32.29,41.693,41725.2
HLA-B*51:03,LSYQGLECE,46.0,49.562,42919.38
HLA-B*51:03,SYQGLECEN,90.0,90.64,47190.96
HLA-B*51:03,YQGLECENF,25.254,29.448,39277.21
HLA-B*51:03,QGLECENFV,14.439,10.511,31747.0
HLA-B*51:03,GLECENFVD,100.0,95.986,48128.91
HLA-B*51:03,LECENFVDV,11.177,11.391,32359.78
HLA-B*51:03,ECENFVDVP,42.538,59.16,44115.73
HLA-B*51:03,CENFVDVPK,57.75,37.44,40980.26
HLA-B*51:03,ENFVDVPKP,12.243,21.889,37138.43
HLA-B*51:03,NFVDVPKPQ,56.5,82.711,46427.23
HLA-B*51:03,FVDVPKPQQ,26.517,66.688,44930.31
HLA-B*51:03,VDVPKPQQR,33.714,89.895,47109.32
HLA-B*51:03,DVPKPQQRD,25.328,58.348,44018.94
HLA-B*51:03,VPKPQQRDS,15.146,34.121,40321.86
HLA-B*51:03,PKPQQRDSK,91.667,97.494,48823.34
HLA-B*51:03,KPQQRDSKR,32.806,74.076,45642.73
HLA-B*51:03,PQQRDSKRR,93.333,97.367,48764.75
HLA-B*51:03,QQRDSKRRK,57.25,94.767,47653.77
HLA-B*51:03,QRDSKRRKV,7.602,49.128,42859.52
HLA-B*51:03,RDSKRRKVI,28.694,49.357,42891.07
HLA-B*51:03,DSKRRKVIK,26.05,69.454,45204.36
HLA-B*51:03,SKRRKVIKE,65.455,94.263,47597.07
HLA-B*51:03,KRRKVIKEK,72.143,95.794,48041.0
HLA-B*51:03,RRKVIKEKD,90.0,96.346,48293.76
HLA-B*51:03,RKVIKEKDL,42.308,86.616,46792.84
HLA-B*51:03,KVIKEKDLR,67.273,93.632,47526.07
HLA-B*51:03,VIKEKDLRF,6.582,19.874,36437.9
HLA-B*51:03,IKEKDLRFY,54.63,78.965,46085.88
HLA-B*51:03,KEKDLRFYQ,62.857,91.711,47310.57
HLA-B*51:03,EKDLRFYQI,2.783,7.681,29403.64
HLA-B*51:03,KDLRFYQIT,59.5,68.164,45076.41
HLA-B*51:03,DLRFYQITD,50.556,31.949,39860.73
HLA-B*51:03,LRFYQITDI,15.131,10.485,31727.76
HLA-B*51:03,RFYQITDIT,57.75,57.408,43907.17
HLA-B*51:03,FYQITDITE,49.0,59.38,44142.0
HLA-B*51:03,YQITDITET,16.04,35.099,40523.47
HLA-B*51:03,QITDITETR,24.818,68.43,45102.73
HLA-B*51:03,ITDITETRD,65.0,84.365,46579.16
HLA-B*51:03,TDITETRDN,88.333,93.628,47525.55
HLA-B*51:03,DITETRDNV,2.53,4.974,26009.58
HLA-B*51:03,ITETRDNVP,34.731,58.088,43988.0
HLA-B*51:03,TETRDNVPV,19.182,17.052,35334.12
HLA-B*51:03,ETRDNVPVA,2.412,5.245,26401.42
HLA-B*51:03,TRDNVPVAQ,47.75,94.657,47641.39
HLA-B*51:03,RDNVPVAQT,45.7,73.424,45581.05
HLA-B*51:03,DNVPVAQTS,7.959,18.162,35791.62
HLA-B*51:03,NVPVAQTST,24.494,42.283,41821.92
HLA-B*51:03,VPVAQTSTS,5.444,7.648,29371.51
HLA-B*51:03,PVAQTSTSL,15.228,36.17,40735.79
HLA-B*51:03,VAQTSTSLG,28.02,19.127,36159.05
HLA-B*51:03,AQTSTSLGE,66.818,87.474,46875.45
HLA-B*51:03,QTSTSLGEW,11.472,19.526,36307.64
HLA-B*51:03,TSTSLGEWS,50.741,53.056,43371.27
HLA-B*51:03,STSLGEWSR,35.0,61.019,44327.23
HLA-B*51:03,TSLGEWSRN,72.143,64.903,44753.24
HLA-B*51:03,SLGEWSRNI,7.806,9.489,31009.62
HLA-B*51:03,LGEWSRNIW,18.902,20.37,36617.33
HLA-B*51:03,GEWSRNIWR,59.5,78.544,46048.0
HLA-B*51:03,EWSRNIWRE,48.25,75.471,45772.32
HLA-B*51:03,WSRNIWRET,33.393,31.94,39858.6
HLA-B*51:03,SRNIWRETG,72.143,70.772,45331.2
HLA-B*51:03,RNIWRETGL,27.037,46.241,42439.14
HLA-B*51:03,NIWRETGLR,20.886,46.643,42497.94
HLA-B*51:03,IWRETGLRV,9.204,14.826,34310.88
HLA-B*51:03,WRETGLRVR,68.182,92.928,47446.93
HLA-B*51:03,RETGLRVRI,11.695,19.82,36417.79
HLA-B*51:03,ETGLRVRIG,63.214,56.884,43844.98
HLA-B*51:03,TGLRVRIGE,54.444,70.125,45270.43
HLA-B*51:03,GLRVRIGEL,28.49,43.923,42082.03
HLA-B*51:03,LRVRIGELT,58.75,64.108,44665.67
HLA-B*51:03,RVRIGELTL,11.312,23.736,37723.22
HLA-B*51:03,VRIGELTLG,57.25,70.788,45332.69
HLA-B*51:03,RIGELTLGH,51.481,85.626,46697.76
HLA-B*51:03,IGELTLGHK,76.667,81.95,46357.43
HLA-B*51:03,GELTLGHKH,39.059,85.689,46703.81
HLA-B*51:03,ELTLGHKHL,10.887,26.617,38545.51
HLA-B*51:03,LTLGHKHLA,8.271,8.903,30512.38
HLA-B*51:03,TLGHKHLAY,25.701,36.455,40790.91
HLA-B*51:03,LGHKHLAYR,28.898,47.901,42684.58
HLA-B*51:03,GHKHLAYRL,22.17,50.036,42984.45
HLA-B*51:03,HKHLAYRLD,91.667,77.276,45934.04
HLA-B*51:03,KHLAYRLDD,90.0,76.672,45879.92
HLA-B*51:03,HLAYRLDDR,71.429,89.747,47095.04
HLA-B*51:03,LAYRLDDRN,62.143,34.778,40457.75
HLA-B*51:03,AYRLDDRND,97.5,96.587,48404.67
HLA-B*51:03,YRLDDRNDD,95.0,95.967,48120.07
HLA-B*51:03,RLDDRNDDI,23.828,54.023,43495.78
HLA-B*51:03,LDDRNDDIK,75.833,92.223,47367.93
HLA-B*51:03,DDRNDDIKF,15.463,37.443,40980.71
HLA-B*51:03,DRNDDIKFS,42.385,78.389,46034.07
HLA-B*51:03,RNDDIKFSI,5.107,18.336,35857.88
HLA-B*51:03,NDDIKFSIP,30.946,53.939,43484.98
HLA-B*51:03,DDIKFSIPE,39.706,47.084,42562.84
HLA-B*51:03,DIKFSIPEY,5.022,13.005,33362.73
HLA-B*51:03,IKFSIPEYK,35.625,55.356,43664.13
HLA-B*51:03,KFSIPEYKT,67.727,93.733,47537.38
HLA-B*51:03,FSIPEYKTH,13.516,30.836,39605.39
HLA-B*51:03,SIPEYKTHE,39.706,84.343,46577.15
HLA-B*51:03,IPEYKTHEI,0.057,0.263,7113.13
HLA-B*51:03,PEYKTHEIN,88.333,82.777,46433.25
HLA-B*51:03,EYKTHEINA,18.579,38.264,41134.87
HLA-B*51:03,YKTHEINAS,67.727,84.841,46623.04
HLA-B*51:03,KTHEINASS,30.459,54.161,43513.68
HLA-B*51:03,THEINASSA,25.687,31.819,39831.0
HLA-B*51:03,HEINASSAG,43.091,53.592,43440.3
HLA-B*51:03,EINASSAGT,35.083,46.392,42461.18
HLA-B*51:03,INASSAGTT,38.444,49.377,42893.84
HLA-B*51:03,NASSAGTTN,22.6,35.163,40536.17
HLA-B*51:03,ASSAGTTNS,52.963,80.192,46196.72
HLA-B*51:03,SSAGTTNSE,45.0,71.827,45430.38
HLA-B*51:03,SAGTTNSEC,20.724,40.755,41572.0
HLA-B*51:03,AGTTNSECK,78.333,90.16,47137.37
HLA-B*51:03,GTTNSECKL,27.167,67.151,44976.03
HLA-B*51:03,TTNSECKLE,67.727,83.116,46464.41
HLA-B*51:03,TNSECKLEL,10.921,27.775,38859.15
HLA-B*51:03,NSECKLELE,69.545,79.779,46159.25
HLA-B*51:03,SECKLELEI,5.301,7.9,29614.67
HLA-B*51:03,ECKLELEIF,11.235,29.032,39177.89
HLA-B*51:03,CKLELEIFY,27.222,36.023,40707.16
HLA-B*51:03,KLELEIFYP,57.25,74.186,45653.13
HLA-B*51:03,LELEIFYPK,26.283,21.648,37058.16
HLA-B*51:03,ELEIFYPKG,49.286,57.876,43962.79
HLA-B*51:03,LEIFYPKGR,38.611,65.305,44793.92
HLA-B*51:03,EIFYPKGRF,6.225,10.389,31658.49
HLA-B*51:03,IFYPKGRFN,55.0,59.868,44200.31
HLA-B*51:03,FYPKGRFNV,14.401,25.319,38191.0
HLA-B*51:03,YPKGRFNVD,10.596,11.35,32332.48
HLA-B*51:03,PKGRFNVDM,85.0,91.418,47277.84
HLA-B*51:03,KGRFNVDMG,82.5,58.08,43987.04
HLA-B*51:03,GRFNVDMGI,22.36,27.244,38713.97
HLA-B*51:03,RFNVDMGIA,78.333,68.735,45133.02
HLA-B*51:03,FNVDMGIAL,6.725,8.382,30054.97
HLA-B*51:03,NVDMGIALP,19.939,29.963,39400.64
HLA-B*51:03,VDMGIALPI,6.453,1.369,16408.01
HLA-B*51:03,DMGIALPIR,37.895,60.211,44239.07
HLA-B*51:03,MGIALPIRS,21.693,16.093,34906.62
HLA-B*51:03,GIALPIRSD,81.25,91.926,47334.64
HLA-B*51:03,IALPIRSDV,0.74,0.969,14169.57
HLA-B*51:03,ALPIRSDVN,93.333,95.125,47736.85
HLA-B*51:03,LPIRSDVNA,1.929,1.703,17989.18
HLA-B*51:03,PIRSDVNAL,28.327,55.468,43677.37
HLA-B*51:03,IRSDVNALG,58.0,58.096,43988.94
HLA-B*51:03,RSDVNALGE,67.727,79.707,46152.77
HLA-B*51:03,SDVNALGEE,72.857,87.726,46899.79
HLA-B*51:03,DVNALGEEL,2.083,6.654,28261.08
HLA-B*51:03,VNALGEELA,38.833,42.452,41850.01
HLA-B*51:03,NALGEELAS,25.358,30.412,39506.08
HLA-B*51:03,ALGEELASY,29.5,54.723,43586.25
HLA-B*51:03,LGEELASYK,54.074,63.067,44551.29
HLA-B*51:03,GEELASYKS,67.727,87.405,46868.86
HLA-B*51:03,EELASYKSR,29.432,63.181,44563.82
HLA-B*51:03,ELASYKSRA,16.867,24.338,37906.54
HLA-B*51:03,LASYKSRAL,2.792,6.151,27632.76
HLA-B*51:03,ASYKSRALI,3.057,2.904,21881.01
HLA-B*51:03,SYKSRALIL,12.479,31.397,39734.58
HLA-B*51:03,YKSRALILD,85.0,65.02,44765.82
HLA-B*51:03,KSRALILDI,12.681,8.937,30542.77
HLA-B*51:03,SRALILDIG,72.143,66.993,44960.48
HLA-B*51:03,RALILDIGT,40.562,34.004,40297.86
HLA-B*51:03,ALILDIGTK,44.636,76.279,45844.7
HLA-B*51:03,LILDIGTKC,16.369,31.821,39831.44
HLA-B*51:03,ILDIGTKCR,57.0,84.644,46604.88
HLA-B*51:03,LDIGTKCRP,47.625,55.056,43628.72
HLA-B*51:03,DIGTKCRPR,62.143,86.705,46801.44
HLA-B*51:03,IGTKCRPRA,31.324,42.403,41841.86
HLA-B*51:03,GTKCRPRAR,60.357,94.661,47641.91
HLA-B*51:03,TKCRPRARC,67.273,90.874,47216.99
HLA-B*51:03,KCRPRARCF,20.081,60.163,44233.79
HLA-B*51:03,CRPRARCFA,65.455,61.059,44331.55
HLA-B*51:03,RPRARCFAS,26.833,15.476,34618.9
HLA-B*51:03,PRARCFASP,81.25,78.616,46054.47
HLA-B*51:03,RARCFASPH,60.0,30.199,39456.12
HLA-B*51:03,ARCFASPHE,76.667,95.369,47847.5
HLA-B*51:03,RCFASPHET,31.5,56.512,43800.89
HLA-B*51:03,CFASPHETL,10.443,11.044,32130.91
HLA-B*51:03,FASPHETLG,13.686,11.707,32569.13
HLA-B*51:03,ASPHETLGK,38.0,82.3,46389.55
HLA-B*51:03,SPHETLGKT,4.541,7.149,28840.88
HLA-B*51:03,PHETLGKTP,66.364,86.447,46776.64
HLA-B*51:03,HETLGKTPL,14.984,30.748,39584.8
HLA-B*51:03,ETLGKTPLV,0.581,1.007,14405.0
HLA-B*51:03,TLGKTPLVH,31.5,64.486,44707.25
HLA-B*51:03,LGKTPLVHF,6.22,17.099,35354.0
HLA-B*51:03,GKTPLVHFG,72.143,85.468,46682.61
HLA-B*51:03,KTPLVHFGA,14.223,24.907,38074.24
HLA-B*51:03,TPLVHFGAR,13.825,19.413,36265.63
HLA-B*51:03,PLVHFGARA,51.481,60.624,44284.08
HLA-B*51:03,LVHFGARAL,6.936,9.334,30878.71
HLA-B*51:03,VHFGARALN,63.214,45.885,42386.35
HLA-B*51:03,HFGARALNQ,74.286,87.574,46885.06
HLA-B*51:03,FGARALNQG,54.815,40.888,41594.5
HLA-B*51:03,GARALNQGQ,70.0,91.555,47293.18
HLA-B*51:03,ARALNQGQW,32.0,51.043,43112.98
HLA-B*51:03,RALNQGQWL,5.567,12.709,33185.59
HLA-B*51:03,ALNQGQWLV,13.58,18.149,35786.57
HLA-B*51:03,LNQGQWLVI,5.576,3.61,23538.86
HLA-B*51:03,NQGQWLVIL,7.314,12.638,33143.6
HLA-B*51:03,QGQWLVILA,19.534,10.73,31905.04
HLA-B*51:03,GQWLVILAV,10.462,18.328,35854.78
HLA-B*51:03,QWLVILAVY,36.381,53.68,43451.57
HLA-B*51:03,WLVILAVYH,67.273,84.474,46589.26
HLA-B*51:03,LVILAVYHF,6.984,9.126,30703.81
HLA-B*51:03,VILAVYHFR,28.02,39.386,41337.4
HLA-B*51:03,ILAVYHFRT,46.333,30.741,39583.09
HLA-B*51:03,LAVYHFRTT,8.801,6.978,28650.86
HLA-B*51:03,AVYHFRTTN,56.5,55.816,43718.48
HLA-B*51:03,VYHFRTTNH,45.2,75.183,45746.59
HLA-B*51:03,YHFRTTNHV,2.522,3.156,22500.67
HLA-B*51:03,HFRTTNHVL,11.524,25.529,38249.72
HLA-B*51:03,FRTTNHVLV,15.784,12.487,33053.35
HLA-B*51:03,RTTNHVLVV,5.853,7.463,29188.41
HLA-B*51:03,TTNHVLVVE,36.0,57.128,43873.91
HLA-B*51:03,TNHVLVVEQ,36.0,69.823,45241.04
HLA-B*51:03,NHVLVVEQV,2.665,4.773,25692.68
HLA-B*51:03,HVLVVEQVR,26.517,59.336,44136.73
HLA-B*51:03,VLVVEQVRP,36.381,53.621,43444.06
HLA-B*51:03,LVVEQVRPA,13.407,10.685,31872.61
HLA-B*51:03,VVEQVRPAC,23.598,44.078,42106.16
HLA-B*51:03,VEQVRPACY,22.18,35.166,40536.62
HLA-B*51:03,EQVRPACYG,45.8,37.731,41035.27
HLA-B*51:03,QVRPACYGI,10.851,8.983,30583.12
HLA-B*51:03,VRPACYGIS,91.667,81.008,46271.26
HLA-B*51:03,RPACYGISQ,32.742,33.72,40239.04
HLA-B*51:03,PACYGISQM,16.942,31.166,39681.73
HLA-B*51:03,ACYGISQMD,65.0,72.771,45519.45
HLA-B*51:03,CYGISQMDA,64.643,46.37,42457.97
HLA-B*51:03,YGISQMDAV,4.645,2.766,21518.74
HLA-B*51:03,GISQMDAVL,28.653,43.943,42085.2
HLA-B*51:03,ISQMDAVLL,6.113,6.513,28092.18
HLA-B*51:03,SQMDAVLLL,1.284,2.871,21795.48
HLA-B*51:03,QMDAVLLLI,4.036,3.616,23549.82
HLA-B*51:03,MDAVLLLID,75.833,36.85,40867.8
HLA-B*51:03,DAVLLLIDS,16.271,10.181,31509.49
HLA-B*51:03,AVLLLIDSR,43.455,72.244,45469.75
HLA-B*51:03,VLLLIDSRM,13.341,15.335,34552.65
HLA-B*51:03,LLLIDSRML,11.857,15.665,34707.4
HLA-B*51:03,LLIDSRMLP,23.276,21.686,37070.97
HLA-B*51:03,LIDSRMLPN,76.667,59.584,44166.35
HLA-B*51:03,IDSRMLPND,91.667,74.149,45649.65
HLA-B*51:03,DSRMLPNDG,41.0,35.344,40572.16
HLA-B*51:03,SRMLPNDGK,63.929,83.483,46498.1
HLA-B*51:03,RMLPNDGKK,67.727,76.694,45881.91
HLA-B*51:03,MLPNDGKKI,9.391,15.232,34504.46
HLA-B*51:03,LPNDGKKIA,2.236,5.651,26971.96
HLA-B*51:03,PNDGKKIAS,69.545,96.565,48394.18
HLA-B*51:03,NDGKKIASY,18.945,52.659,43320.15
HLA-B*51:03,DGKKIASYD,26.367,33.24,40139.9
HLA-B*51:03,GKKIASYDI,43.909,56.188,43762.52
HLA-B*51:03,KKIASYDIV,30.838,30.08,39428.37
HLA-B*51:03,KIASYDIVL,18.311,30.677,39568.11
HLA-B*51:03,IASYDIVLD,50.926,35.152,40534.0
HLA-B*51:03,ASYDIVLDD,57.75,51.966,43231.17
HLA-B*51:03,SYDIVLDDS,75.0,83.68,46516.21
HLA-B*51:03,YDIVLDDSQ,63.571,77.065,45915.18
HLA-B*51:03,DIVLDDSQE,62.5,84.808,46620.0
HLA-B*51:03,IVLDDSQEK,31.794,61.428,44371.85
HLA-B*51:03,VLDDSQEKK,42.231,86.163,46749.32
HLA-B*51:03,LDDSQEKKR,69.091,96.313,48278.6
HLA-B*51:03,DDSQEKKRV,8.325,31.279,39707.51
HLA-B*51:03,DSQEKKRVI,0.422,1.9,18837.34
HLA-B*51:03,SQEKKRVIR,59.0,94.291,47600.18
HLA-B*51:03,QEKKRVIRS,37.263,74.04,45639.29
HLA-B*51:03,EKKRVIRSA,11.37,34.315,40362.0
HLA-B*51:03,KKRVIRSAS,74.286,91.688,47308.04
HLA-B*51:03,KRVIRSASV,16.062,39.81,41411.29
HLA-B*51:03,RVIRSASVE,65.455,75.133,45742.13
HLA-B*51:03,VIRSASVEV,3.845,5.912,27323.55
HLA-B*51:03,IRSASVEVM,21.737,39.046,41278.42
HLA-B*51:03,RSASVEVMF,10.011,18.9,36073.47
HLA-B*51:03,SASVEVMFP,11.979,10.902,32030.26
HLA-B*51:03,ASVEVMFPL,9.641,6.639,28242.73
HLA-B*51:03,SVEVMFPLA,12.201,11.116,32177.88
HLA-B*51:03,VEVMFPLAL,4.019,6.681,28292.88
HLA-B*51:03,EVMFPLALK,10.059,17.106,35356.66
HLA-B*51:03,VMFPLALKP,7.846,9.53,31041.18
HLA-B*51:03,MFPLALKPM,23.23,17.621,35571.17
HLA-B*51:03,FPLALKPMM,0.148,0.218,6377.46
HLA-B*51:03,PLALKPMMD,93.333,95.752,48021.76
HLA-B*51:03,LALKPMMDI,1.346,0.588,11187.82
HLA-B*51:03,ALKPMMDIV,11.555,18.055,35750.97
HLA-B*51:03,LKPMMDIVD,90.0,76.445,45859.57
HLA-B*51:03,KPMMDIVDQ,44.545,55.356,43664.13
HLA-B*51:03,PMMDIVDQF,6.271,19.441,36275.83
HLA-B*51:03,MMDIVDQFR,41.0,50.193,43004.43
HLA-B*51:03,MDIVDQFRV,5.471,3.377,23027.24
HLA-B*51:03,DIVDQFRVW,1.773,3.901,24112.67
HLA-B*51:03,IVDQFRVWQ,32.613,79.153,46102.85
HLA-B*51:03,VDQFRVWQQ,57.25,77.503,45954.43
HLA-B*51:03,DQFRVWQQL,0.706,1.515,17182.55
HLA-B*51:03,QFRVWQQLL,18.378,22.426,37309.59
HLA-B*51:03,FRVWQQLLD,80.0,53.99,43491.55
HLA-B*51:03,RVWQQLLDM,18.787,14.935,34364.36
HLA-B*51:03,VWQQLLDMA,35.5,49.374,42893.39
HLA-B*51:03,WQQLLDMAR,51.852,56.384,43785.72
HLA-B*51:03,QQLLDMARQ,68.182,87.626,46890.14
HLA-B*51:03,QLLDMARQQ,49.714,78.965,46085.88
HLA-B*51:03,LLDMARQQW,13.968,18.405,35884.28
HLA-B*51:03,LDMARQQWL,14.137,14.629,34214.12
HLA-B*51:03,DMARQQWLF,3.037,2.456,20694.89
HLA-B*51:03,MARQQWLFE,27.222,16.463,35072.07
HLA-B*51:03,ARQQWLFED,81.25,78.234,46020.12
HLA-B*51:03,RQQWLFEDA,41.25,41.88,41755.46
HLA-B*51:03,QQWLFEDAN,62.143,54.453,43551.36
HLA-B*51:03,QWLFEDANN,97.5,93.715,47535.32
HLA-B*51:03,WLFEDANNT,34.385,29.171,39210.98
HLA-B*51:03,LFEDANNTI,7.643,11.987,32756.43
HLA-B*51:03,FEDANNTIQ,38.056,63.467,44595.15
HLA-B*51:03,EDANNTIQG,44.636,67.687,45029.11
HLA-B*51:03,DANNTIQGK,11.955,33.716,40238.16
HLA-B*51:03,ANNTIQGKL,22.37,45.885,42386.35
HLA-B*51:03,NNTIQGKLP,45.1,54.686,43581.54
HLA-B*51:03,NTIQGKLPP,17.409,17.822,35655.55
HLA-B*51:03,TIQGKLPPG,58.0,58.488,44035.61
HLA-B*51:03,IQGKLPPGP,41.083,68.538,45113.49
HLA-B*51:03,QGKLPPGPT,42.385,59.216,44122.42
HLA-B*51:03,GKLPPGPTR,52.037,95.018,47688.33
HLA-B*51:03,KLPPGPTRA,17.202,64.605,44720.32
HLA-B*51:03,LPPGPTRAL,0.183,1.348,16291.96
HLA-B*51:03,PPGPTRALL,1.716,6.121,27594.51
HLA-B*51:03,PGPTRALLK,65.909,81.796,46343.41
HLA-B*51:03,GPTRALLKE,39.529,54.967,43617.86
HLA-B*51:03,PTRALLKEV,18.341,26.987,38644.07
HLA-B*51:03,TRALLKEVP,44.818,58.592,44048.02
HLA-B*51:03,RALLKEVPP,23.483,23.93,37784.92
HLA-B*51:03,ALLKEVPPV,10.606,11.925,32714.99
HLA-B*51:03,LLKEVPPVF,1.664,5.228,26377.16
HLA-B*51:03,LKEVPPVFK,63.929,87.695,46896.73
HLA-B*51:03,KEVPPVFKE,42.0,80.575,46231.71
HLA-B*51:03,EVPPVFKEI,0.212,0.879,13570.14
HLA-B*51:03,VPPVFKEIH,10.031,37.316,40956.77
HLA-B*51:03,PPVFKEIHS,26.467,46.646,42498.41
HLA-B*51:03,PVFKEIHSD,60.714,72.312,45476.14
HLA-B*51:03,VFKEIHSDY,20.48,40.691,41561.2
HLA-B*51:03,FKEIHSDYG,76.667,76.44,45859.07
HLA-B*51:03,KEIHSDYGA,47.75,64.855,44747.9
HLA-B*51:03,EIHSDYGAI,5.232,4.137,24569.6
HLA-B*51:03,IHSDYGAIK,52.037,67.293,44990.15
HLA-B*51:03,HSDYGAIKG,43.545,61.028,44328.17
HLA-B*51:03,SDYGAIKGS,44.909,66.201,44882.2
HLA-B*51:03,DYGAIKGSR,53.704,85.484,46684.12
HLA-B*51:03,YGAIKGSRI,2.512,2.712,21380.19
HLA-B*51:03,GAIKGSRIR,44.636,84.655,46605.88
HLA-B*51:03,AIKGSRIRE,81.25,95.875,48077.91
HLA-B*51:03,IKGSRIREY,41.833,66.821,44943.43
HLA-B*51:03,KGSRIREYI,15.19,18.963,36097.68
HLA-B*51:03,GSRIREYIK,75.0,87.532,46881.01
HLA-B*51:03,SRIREYIKF,10.68,33.105,40112.11
HLA-B*51:03,RIREYIKFM,16.369,24.454,37940.58
HLA-B*51:03,IREYIKFMQ,71.429,91.99,47341.82
HLA-B*51:03,REYIKFMQK,25.269,47.7,42654.59
HLA-B*51:03,EYIKFMQKP,13.788,26.184,38430.59
HLA-B*51:03,YIKFMQKPI,8.202,3.783,23878.75
HLA-B*51:03,IKFMQKPIR,57.0,78.926,46082.4
HLA-B*51:03,KFMQKPIRN,74.286,88.532,46977.5
HLA-B*51:03,FMQKPIRNM,5.47,7.556,29283.3
HLA-B*51:03,MQKPIRNMS,26.483,44.983,42249.92
HLA-B*51:03,QKPIRNMSA,27.519,57.428,43909.55
HLA-B*51:03,KPIRNMSAT,10.398,15.403,34584.44
HLA-B*51:03,PIRNMSATR,75.833,91.995,47342.34
HLA-B*51:03,IRNMSATRP,49.857,62.302,44467.5
HLA-B*51:03,RNMSATRPA,32.355,24.142,37848.74
HLA-B*51:03,NMSATRPAD,75.833,62.228,44459.3
HLA-B*51:03,MSATRPADA,14.277,15.242,34509.32
HLA-B*51:03,SATRPADAV,2.114,4.252,24788.55
HLA-B*51:03,ATRPADAVL,6.614,18.578,35950.34
HLA-B*51:03,TRPADAVLP,43.545,70.913,45344.45
HLA-B*51:03,RPADAVLPS,12.366,14.877,34335.76
HLA-B*51:03,PADAVLPSS,31.118,55.188,43644.29
HLA-B*51:03,ADAVLPSSC,31.265,59.2,44120.52
HLA-B*51:03,DAVLPSSCF,0.499,0.836,13211.43
HLA-B*51:03,AVLPSSCFP,30.73,32.286,39934.55
HLA-B*51:03,VLPSSCFPA,45.7,21.314,36947.24
HLA-B*51:03,LPSSCFPAW,0.949,0.296,7715.58
HLA-B*51:03,PSSCFPAWV,29.477,14.625,34212.27
HLA-B*51:03,SSCFPAWVE,47.0,54.577,43567.4
HLA-B*51:03,SCFPAWVEK,10.375,44.109,42111.18
HLA-B*51:03,CFPAWVEKW,10.439,19.047,36129.33
HLA-B*51:03,FPAWVEKWP,3.93,1.55,17321.44
HLA-B*51:03,PAWVEKWPA,21.982,8.921,30528.55
HLA-B*51:03,AWVEKWPAD,90.0,94.648,47640.34
HLA-B*51:03,WVEKWPADT,70.714,55.856,43723.22
HLA-B*51:03,VEKWPADTE,49.0,71.357,45386.16
HLA-B*51:03,EKWPADTEC,16.284,41.145,41636.82
HLA-B*51:03,KWPADTECE,90.0,96.812,48507.95
HLA-B*51:03,WPADTECEP,8.375,9.552,31056.62
HLA-B*51:03,PADTECEPF,31.647,54.205,43519.32
HLA-B*51:03,ADTECEPFG,93.333,91.002,47231.3
HLA-B*51:03,DTECEPFGG,64.643,57.016,43860.62
HLA-B*51:03,TECEPFGGS,39.059,59.416,44146.3
HLA-B*51:03,ECEPFGGSW,7.897,15.754,34749.48
HLA-B*51:03,CEPFGGSWL,33.143,22.566,37353.62
HLA-B*51:03,EPFGGSWLQ,6.286,6.947,28612.75
HLA-B*51:03,PFGGSWLQY,30.189,70.799,45333.66
HLA-B*51:03,FGGSWLQYE,59.75,54.128,43509.45
HLA-B*51:03,GGSWLQYEH,58.75,80.865,46258.25
HLA-B*51:03,GSWLQYEHL,7.857,12.013,32772.75
HLA-B*51:03,SWLQYEHLF,12.958,17.832,35659.81
HLA-B*51:03,WLQYEHLFG,75.833,32.044,39881.89
HLA-B*51:03,LQYEHLFGS,25.284,22.543,37346.35
HLA-B*51:03,QYEHLFGSI,11.914,16.381,35035.26
HLA-B*51:03,YEHLFGSIQ,43.909,51.295,43145.19
HLA-B*51:03,EHLFGSIQD,55.75,52.677,43322.49
HLA-B*51:03,HLFGSIQDN,54.815,63.726,44623.63
HLA-B*51:03,LFGSIQDNR,76.667,85.037,46641.21
HLA-B*51:03,FGSIQDNRP,44.909,47.028,42554.55
HLA-B*51:03,GSIQDNRPS,80.0,82.612,46418.19
HLA-B*51:03,SIQDNRPST,27.111,54.325,43534.88
HLA-B*51:03,IQDNRPSTV,2.408,9.734,31187.28
HLA-B*51:03,QDNRPSTVF,16.289,42.542,41864.93
HLA-B*51:03,DNRPSTVFG,22.13,25.557,38257.59
HLA-B*51:03,NRPSTVFGN,82.5,83.746,46522.24
HLA-B*51:03,RPSTVFGNH,21.026,38.228,41128.18
HLA-B*51:03,PSTVFGNHH,54.63,90.348,47158.29
HLA-B*51:03,STVFGNHHM,13.123,19.975,36475.77
HLA-B*51:03,TVFGNHHMM,2.461,3.955,24222.23
HLA-B*51:03,VFGNHHMMG,77.5,68.504,45110.05
HLA-B*51:03,FGNHHMMGN,70.0,48.701,42799.28
HLA-B*51:03,GNHHMMGNA,45.5,59.98,44213.68
HLA-B*51:03,NHHMMGNAL,6.96,9.746,31196.39
HLA-B*51:03,HHMMGNALH,39.647,49.525,42914.29
HLA-B*51:03,HMMGNALHR,21.763,38.409,41161.56
HLA-B*51:03,MMGNALHRQ,65.455,70.172,45274.84
HLA-B*51:03,MGNALHRQA,10.164,7.758,29477.21
HLA-B*51:03,GNALHRQAL,25.881,52.422,43289.68
HLA-B*51:03,NALHRQALF,1.498,1.801,18396.43
HLA-B*51:03,ALHRQALFQ,69.545,85.811,46715.44
HLA-B*51:03,LHRQALFQG,43.818,33.499,40193.34
HLA-B*51:03,HRQALFQGP,40.125,59.228,44123.84
HLA-B*51:03,RQALFQGPL,29.068,23.164,37542.43
HLA-B*51:03,QALFQGPLK,21.079,31.288,39709.66
HLA-B*51:03,ALFQGPLKD,60.357,73.685,45605.72
HLA-B*51:03,LFQGPLKDY,29.091,59.68,44177.83
HLA-B*51:03,FQGPLKDYE,59.75,71.999,45446.62
HLA-B*51:03,QGPLKDYEG,60.714,79.291,46115.31
HLA-B*51:03,GPLKDYEGI,2.555,4.44,25151.39
HLA-B*51:03,PLKDYEGIR,90.0,96.593,48407.29
HLA-B*51:03,LKDYEGIRY,39.353,74.509,45683.76
HLA-B*51:03,KDYEGIRYT,30.514,58.232,44005.14
HLA-B*51:03,DYEGIRYTE,39.588,68.12,45071.99
HLA-B*51:03,YEGIRYTED,58.75,62.083,44443.45
HLA-B*51:03,EGIRYTEDL,7.867,13.518,33642.2
HLA-B*51:03,GIRYTEDLQ,91.667,96.335,48288.53
HLA-B*51:03,IRYTEDLQN,48.75,69.887,45247.43
HLA-B*51:03,RYTEDLQNA,42.538,68.76,45135.46
HLA-B*51:03,YTEDLQNAI,2.503,4.51,25283.44
HLA-B*51:03,TEDLQNAIV,7.474,11.561,32472.03
HLA-B*51:03,EDLQNAIVI,2.498,3.559,23437.97
HLA-B*51:03,DLQNAIVIQ,42.769,65.684,44831.26
HLA-B*51:03,LQNAIVIQS,25.821,36.086,40719.5
HLA-B*51:03,QNAIVIQSV,1.804,5.13,26236.26
HLA-B*51:03,NAIVIQSVI,0.077,0.066,3204.29
HLA-B*51:03,AIVIQSVIV,13.131,18.628,35969.43
HLA-B*51:03,IVIQSVIVE,34.385,50.74,43074.3
HLA-B*51:03,VIQSVIVEA,7.592,15.682,34715.66
HLA-B*51:03,IQSVIVEAF,6.144,13.26,33501.25
HLA-B*51:03,QSVIVEAFG,61.786,34.127,40323.15
HLA-B*51:03,SVIVEAFGQ,63.571,74.374,45670.91
HLA-B*51:03,VIVEAFGQM,10.46,10.858,31998.38
HLA-B*51:03,IVEAFGQMT,33.857,49.168,42865.08
HLA-B*51:03,VEAFGQMTD,67.727,53.818,43469.45
HLA-B*51:03,EAFGQMTDN,35.083,32.911,40070.89
HLA-B*51:03,AFGQMTDNM,32.839,54.245,43524.52
HLA-B*51:03,FGQMTDNMF,8.874,7.594,29320.07
HLA-B*51:03,GQMTDNMFS,71.429,59.948,44209.86
HLA-B*51:03,QMTDNMFSW,10.986,11.867,32676.09
HLA-B*51:03,MTDNMFSWV,9.27,1.723,18072.87
HLA-B*51:03,TDNMFSWVE,55.5,58.648,44054.69
HLA-B*51:03,DNMFSWVEV,0.844,0.396,9114.4
HLA-B*51:03,NMFSWVEVS,27.333,15.616,34684.51
HLA-B*51:03,MFSWVEVSL,12.938,10.83,31977.63
HLA-B*51:03,FSWVEVSLS,25.582,10.301,31595.18
HLA-B*51:03,SWVEVSLSG,52.037,50.31,43019.33
HLA-B*51:03,WVEVSLSGG,80.0,57.468,43914.28
HLA-B*51:03,VEVSLSGGD,88.333,74.963,45726.79
HLA-B*51:03,EVSLSGGDT,51.111,59.724,44183.1
HLA-B*51:03,VSLSGGDTW,9.793,10.078,31435.93
HLA-B*51:03,SLSGGDTWS,59.75,89.7,47090.45
HLA-B*51:03,LSGGDTWSN,71.429,60.444,44264.44
HLA-B*51:03,SGGDTWSNE,65.455,90.146,47135.85
HLA-B*51:03,GGDTWSNER,65.455,95.136,47741.5
HLA-B*51:03,GDTWSNERK,90.0,96.593,48407.29
HLA-B*51:03,DTWSNERKV,0.415,0.539,10744.71
HLA-B*51:03,TWSNERKVK,71.429,95.657,47978.67
HLA-B*51:03,WSNERKVKK,28.939,58.416,44027.06
HLA-B*51:03,SNERKVKKA,24.143,61.375,44366.1
HLA-B*51:03,NERKVKKAP,27.019,52.469,43295.77
HLA-B*51:03,ERKVKKAPA,27.944,69.36,45195.05
HLA-B*51:03,RKVKKAPAL,16.324,47.341,42601.06
HLA-B*51:03,KVKKAPALR,46.333,85.379,46674.0
HLA-B*51:03,VKKAPALRV,10.754,22.988,37487.22
HLA-B*51:03,KKAPALRVR,61.786,95.112,47730.64
HLA-B*51:03,KAPALRVRG,46.111,67.785,45038.87
HLA-B*51:03,APALRVRGK,22.07,45.861,42382.68
HLA-B*51:03,PALRVRGKR,66.364,88.021,46928.23
HLA-B*51:03,ALRVRGKRK,76.667,93.815,47546.64
HLA-B*51:03,LRVRGKRKH,83.75,95.922,48099.78
HLA-B*51:03,RVRGKRKHG,86.667,95.476,47896.19
HLA-B*51:03,VRGKRKHGE,81.25,97.256,48713.07
HLA-B*51:03,RGKRKHGEN,83.75,94.575,47632.11
HLA-B*51:03,GKRKHGENC,75.0,95.085,47718.79
HLA-B*51:03,KRKHGENCY,60.0,95.074,47713.62
HLA-B*51:03,RKHGENCYQ,91.667,96.669,48442.39
HLA-B*51:03,KHGENCYQS,75.833,86.111,46744.25
HLA-B*51:03,HGENCYQSS,69.545,73.085,45549.02
HLA-B*51:03,GENCYQSSS,65.909,67.023,44963.38
HLA-B*51:03,ENCYQSSSR,55.75,78.92,46081.89
HLA-B*51:03,NCYQSSSRA,9.064,12.028,32781.6
HLA-B*51:03,CYQSSSRAG,78.333,54.15,43512.28
HLA-B*51:03,YQSSSRAGH,42.077,73.894,45625.46
HLA-B*51:03,QSSSRAGHL,13.941,26.014,38385.7
HLA-B*51:03,SSSRAGHLI,2.742,3.119,22415.38
HLA-B*51:03,SSRAGHLIE,52.222,60.514,44272.09
HLA-B*51:03,SRAGHLIEQ,59.0,92.612,47411.54
HLA-B*51:03,RAGHLIEQL,4.095,17.102,35355.14
HLA-B*51:03,AGHLIEQLA,13.78,18.823,36043.82
HLA-B*51:03,GHLIEQLAN,82.5,83.171,46469.44
HLA-B*51:03,HLIEQLANK,26.25,45.976,42400.13
HLA-B*51:03,LIEQLANKG,64.286,68.701,45129.58
HLA-B*51:03,IEQLANKGG,75.0,82.3,46389.55
HLA-B*51:03,EQLANKGGR,53.148,83.751,46522.75
HLA-B*51:03,QLANKGGRM,31.0,49.63,42928.68
HLA-B*51:03,LANKGGRMG,42.308,44.129,42114.36
HLA-B*51:03,ANKGGRMGN,93.333,96.775,48491.16
HLA-B*51:03,NKGGRMGNA,52.963,70.412,45297.39
HLA-B*51:03,KGGRMGNAL,17.306,45.176,42279.19
HLA-B*51:03,GGRMGNALT,65.455,64.222,44678.23
HLA-B*51:03,GRMGNALTL,9.599,29.092,39192.32
HLA-B*51:03,RMGNALTLT,66.364,68.755,45134.96
HLA-B*51:03,MGNALTLTQ,36.81,32.873,40062.65
HLA-B*51:03,GNALTLTQA,33.214,52.713,43327.16
HLA-B*51:03,NALTLTQAQ,16.124,31.303,39713.09
HLA-B*51:03,ALTLTQAQP,49.0,65.349,44798.29
HLA-B*51:03,LTLTQAQPG,64.643,30.25,39468.05
HLA-B*51:03,TLTQAQPGP,39.647,57.56,43925.21
HLA-B*51:03,LTQAQPGPT,50.37,42.888,41922.51
HLA-B*51:03,TQAQPGPTG,28.612,41.841,41749.13
HLA-B*51:03,QAQPGPTGQ,25.851,83.067,46459.88
HLA-B*51:03,AQPGPTGQS,41.417,88.679,46991.74
HLA-B*51:03,QPGPTGQSG,15.806,30.657,39563.42
HLA-B*51:03,PGPTGQSGV,22.99,66.772,44938.59
HLA-B*51:03,GPTGQSGVD,63.929,69.237,45182.84
HLA-B*51:03,PTGQSGVDW,40.312,70.496,45305.22
HLA-B*51:03,TGQSGVDWQ,78.333,94.442,47617.15
HLA-B*51:03,GQSGVDWQL,8.949,32.016,39875.85
HLA-B*51:03,QSGVDWQLL,14.261,21.589,37038.5
HLA-B*51:03,SGVDWQLLV,1.956,1.699,17972.25
HLA-B*51:03,GVDWQLLVE,81.25,93.17,47474.14
HLA-B*51:03,VDWQLLVEF,7.203,13.42,33588.37
HLA-B*51:03,DWQLLVEFI,5.094,4.395,25063.09
HLA-B*51:03,WQLLVEFIA,32.129,16.507,35091.41
HLA-B*51:03,QLLVEFIAL,9.56,17.863,35672.53
HLA-B*51:03,LLVEFIALG,37.105,28.458,39034.89
HLA-B*51:03,LVEFIALGI,11.494,4.524,25304.79
HLA-B*51:03,VEFIALGIT,52.037,34.607,40422.3
HLA-B*51:03,EFIALGITQ,39.412,61.85,44417.94
HLA-B*51:03,FIALGITQG,43.182,43.869,42073.83
HLA-B*51:03,IALGITQGV,0.628,0.847,13295.89
HLA-B*51:03,ALGITQGVD,97.5,94.222,47592.44
HLA-B*51:03,LGITQGVDC,25.731,46.884,42533.37
HLA-B*51:03,GITQGVDCV,37.737,53.115,43378.77
HLA-B*51:03,ITQGVDCVV,12.912,7.77,29488.7
HLA-B*51:03,TQGVDCVVG,80.0,68.755,45134.96
HLA-B*51:03,QGVDCVVGA,32.484,33.985,40293.93
HLA-B*51:03,GVDCVVGAR,75.0,86.426,46774.62
HLA-B*51:03,VDCVVGARF,18.591,26.821,38599.77
HLA-B*51:03,DCVVGARFF,5.412,9.661,31134.69
HLA-B*51:03,CVVGARFFY,23.724,19.67,36361.49
HLA-B*51:03,VVGARFFYA,14.156,12.646,33147.92
HLA-B*51:03,VGARFFYAQ,46.222,45.497,42327.7
HLA-B*51:03,GARFFYAQL,9.632,10.919,32042.74
HLA-B*51:03,ARFFYAQLS,45.4,43.476,42013.77
HLA-B*51:03,RFFYAQLSG,54.815,36.882,40874.0
HLA-B*51:03,FFYAQLSGV,7.195,4.401,25075.02
HLA-B*51:03,FYAQLSGVD,82.5,58.168,43997.51
HLA-B*51:03,YAQLSGVDH,27.741,39.368,41334.29
HLA-B*51:03,AQLSGVDHL,10.452,30.407,39504.8
HLA-B*51:03,QLSGVDHLI,5.627,9.064,30651.36
HLA-B*51:03,LSGVDHLIH,48.125,58.868,44080.89
HLA-B*51:03,SGVDHLIHR,29.523,62.961,44539.71
HLA-B*51:03,GVDHLIHRS,46.778,81.862,46349.42
HLA-B*51:03,VDHLIHRSN,55.75,63.748,44626.05
HLA-B*51:03,DHLIHRSNG,38.056,46.006,42404.72
HLA-B*51:03,HLIHRSNGE,51.481,79.546,46138.27
HLA-B*51:03,LIHRSNGEG,85.0,71.592,45408.27
HLA-B*51:03,IHRSNGEGK,61.429,80.794,46251.72
HLA-B*51:03,HRSNGEGKV,38.556,69.537,45212.66
HLA-B*51:03,RSNGEGKVT,55.25,77.458,45950.46
HLA-B*51:03,SNGEGKVTI,5.095,18.174,35796.26
HLA-B*51:03,NGEGKVTIL,6.521,27.626,38818.4
HLA-B*51:03,GEGKVTILR,59.0,89.358,47057.36
HLA-B*51:03,EGKVTILRD,44.455,45.091,42266.38
HLA-B*51:03,GKVTILRDL,36.095,64.262,44682.58
HLA-B*51:03,KVTILRDLR,77.5,91.359,47271.19
HLA-B*51:03,VTILRDLRQ,43.0,60.083,44225.18
HLA-B*51:03,TILRDLRQA,15.078,20.785,36766.19
HLA-B*51:03,ILRDLRQAK,35.667,61.639,44394.89
HLA-B*51:03,LRDLRQAKR,41.167,89.189,47041.07
HLA-B*51:03,RDLRQAKRD,93.333,95.454,47886.34
HLA-B*51:03,DLRQAKRDL,10.661,25.818,38330.91
HLA-B*51:03,LRQAKRDLA,53.889,64.332,44690.34
HLA-B*51:03,RQAKRDLAP,42.231,56.328,43779.09
HLA-B*51:03,QAKRDLAPP,19.297,27.73,38846.97
HLA-B*51:03,AKRDLAPPK,53.889,85.405,46676.53
HLA-B*51:03,KRDLAPPKQ,59.0,96.886,48542.06
HLA-B*51:03,RDLAPPKQD,85.0,95.507,47910.18
HLA-B*51:03,DLAPPKQDI,1.356,4.17,24632.41
HLA-B*51:03,LAPPKQDIE,35.167,62.293,44466.52
HLA-B*51:03,APPKQDIEE,30.0,65.979,44860.36
HLA-B*51:03,PPKQDIEET,15.119,44.724,42208.8
HLA-B*51:03,PKQDIEETN,91.667,97.176,48676.2
HLA-B*51:03,KQDIEETNT,56.75,95.253,47794.73
HLA-B*51:03,QDIEETNTS,42.769,73.194,45559.36
HLA-B*51:03,DIEETNTSP,14.127,34.529,40406.14
HLA-B*51:03,IEETNTSPQ,61.429,83.56,46505.14
HLA-B*51:03,EETNTSPQV,2.076,6.593,28187.47
HLA-B*51:03,ETNTSPQVP,8.409,26.213,38438.5
HLA-B*51:03,TNTSPQVPV,5.028,9.343,30886.06
HLA-B*51:03,NTSPQVPVF,0.879,3.024,22192.88
HLA-B*51:03,TSPQVPVFL,1.896,8.365,30039.37
HLA-B*51:03,SPQVPVFLF,0.291,0.739,12405.55
HLA-B*51:03,PQVPVFLFS,52.037,52.454,43293.89
HLA-B*51:03,QVPVFLFSK,27.5,40.851,41588.2
HLA-B*51:03,VPVFLFSKA,0.784,0.479,10138.43
HLA-B*51:03,PVFLFSKAN,78.333,67.279,44988.7
HLA-B*51:03,VFLFSKANV,15.418,14.557,34178.97
HLA-B*51:03,FLFSKANVI,1.268,0.875,13538.17
HLA-B*51:03,LFSKANVIF,16.724,23.966,37796.35
HLA-B*51:03,FSKANVIFT,17.42,16.023,34875.66
HLA-B*51:03,SKANVIFTQ,52.222,78.987,46087.89
HLA-B*51:03,KANVIFTQP,8.634,17.253,35417.94
HLA-B*51:03,ANVIFTQPF,19.209,19.053,36131.29
HLA-B*51:03,NVIFTQPFE,26.917,32.635,40010.68
HLA-B*51:03,VIFTQPFET,7.583,15.331,34550.78
HLA-B*51:03,IFTQPFETG,48.125,53.122,43379.7
HLA-B*51:03,FTQPFETGP,10.663,22.635,37375.46
HLA-B*51:03,TQPFETGPV,23.172,17.803,35647.46
HLA-B*51:03,QPFETGPVT,0.82,1.692,17940.0
HLA-B*51:03,PFETGPVTK,59.0,95.912,48095.09
HLA-B*51:03,FETGPVTKQ,32.419,70.057,45264.07
HLA-B*51:03,ETGPVTKQG,19.98,40.947,41604.4
HLA-B*51:03,TGPVTKQGH,57.25,95.118,47733.74
HLA-B*51:03,GPVTKQGHE,52.778,79.873,46167.74
HLA-B*51:03,PVTKQGHER,72.857,95.588,47947.0
HLA-B*51:03,VTKQGHERA,15.638,32.708,40026.7
HLA-B*51:03,TKQGHERAV,14.255,35.342,40571.71
HLA-B*51:03,KQGHERAVI,22.08,40.027,41448.93
HLA-B*51:03,QGHERAVIS,32.032,48.107,42714.62
HLA-B*51:03,GHERAVISG,70.0,80.35,46211.23
HLA-B*51:03,HERAVISGG,54.074,52.163,43256.44
HLA-B*51:03,ERAVISGGK,69.545,84.485,46590.25
HLA-B*51:03,RAVISGGKS,58.75,59.564,44163.98
HLA-B*51:03,AVISGGKSE,62.857,89.479,47069.08
HLA-B*51:03,VISGGKSEN,81.25,95.237,47787.49
HLA-B*51:03,ISGGKSENS,61.071,84.425,46584.72
HLA-B*51:03,SGGKSENST,58.25,79.773,46158.75
HLA-B*51:03,GGKSENSTV,11.639,29.46,39280.2
HLA-B*51:03,GKSENSTVG,72.143,94.378,47609.97
HLA-B*51:03,KSENSTVGL,19.534,54.034,43497.21
HLA-B*51:03,SENSTVGLP,26.983,32.133,39901.32
HLA-B*51:03,ENSTVGLPA,12.086,10.961,32073.25
HLA-B*51:03,NSTVGLPAS,31.353,41.617,41713.02
HLA-B*51:03,STVGLPASK,21.333,49.192,42868.34
HLA-B*51:03,TVGLPASKL,7.157,20.81,36774.94
HLA-B*51:03,VGLPASKLH,23.356,54.307,43532.52
HLA-B*51:03,GLPASKLHC,58.25,88.6,46984.1
HLA-B*51:03,LPASKLHCT,2.804,3.726,23765.34
HLA-B*51:03,PASKLHCTP,33.536,31.524,39763.39
HLA-B*51:03,ASKLHCTPE,53.333,78.439,46038.55
HLA-B*51:03,SKLHCTPEF,23.448,33.956,40287.83
HLA-B*51:03,KLHCTPEFR,76.667,87.595,46887.12
HLA-B*51:03,LHCTPEFRT,63.214,65.423,44805.57
HLA-B*51:03,HCTPEFRTI,1.807,5.298,26476.94
HLA-B*51:03,CTPEFRTIA,24.104,17.089,35349.78
HLA-B*51:03,TPEFRTIAV,0.193,0.417,9369.27
HLA-B*51:03,PEFRTIAVV,14.825,16.092,34906.23
HLA-B*51:03,EFRTIAVVE,42.692,64.051,44659.39
HLA-B*51:03,FRTIAVVES,58.75,63.076,44552.23
HLA-B*51:03,RTIAVVESA,10.905,15.609,34681.13
HLA-B*51:03,TIAVVESAT,32.516,47.994,42698.43
HLA-B*51:03,IAVVESATH,18.884,36.848,40867.36
HLA-B*51:03,AVVESATHE,53.704,84.874,46626.08
HLA-B*51:03,VVESATHET,23.839,50.452,43037.51
HLA-B*51:03,VESATHETE,49.0,70.0,45258.67
HLA-B*51:03,ESATHETEP,16.031,33.139,40119.04
HLA-B*51:03,SATHETEPF,7.211,16.878,35257.73
HLA-B*51:03,ATHETEPFV,3.941,8.096,29797.57
HLA-B*51:03,THETEPFVY,15.485,48.195,42727.11
HLA-B*51:03,HETEPFVYL,1.664,7.847,29563.13
HLA-B*51:03,ETEPFVYLE,22.62,35.662,40635.43
HLA-B*51:03,TEPFVYLEA,9.993,14.645,34221.89
HLA-B*51:03,EPFVYLEAV,0.029,0.03,2078.14
HLA-B*51:03,PFVYLEAVS,93.333,92.539,47403.32
HLA-B*51:03,FVYLEAVSS,18.415,16.318,35007.23
HLA-B*51:03,VYLEAVSSN,55.5,55.416,43671.23
HLA-B*51:03,YLEAVSSNK,44.455,60.712,44293.65
HLA-B*51:03,LEAVSSNKE,50.185,74.452,45678.31
HLA-B*51:03,EAVSSNKES,20.089,34.015,40300.04
HLA-B*51:03,AVSSNKESL,16.876,47.706,42655.5
HLA-B*51:03,VSSNKESLI,4.218,7.402,29120.59
HLA-B*51:03,SSNKESLIL,6.672,15.706,34726.92
HLA-B*51:03,SNKESLILR,38.944,71.576,45406.8
HLA-B*51:03,NKESLILRG,61.429,71.853,45432.84
HLA-B*51:03,KESLILRGV,13.536,21.708,37078.19
HLA-B*51:03,ESLILRGVV,2.823,1.645,17721.8
HLA-B*51:03,SLILRGVVR,28.939,65.753,44838.05
HLA-B*51:03,LILRGVVRV,4.339,5.837,27221.17
HLA-B*51:03,ILRGVVRVR,37.895,71.79,45426.96
HLA-B*51:03,LRGVVRVRT,53.333,76.19,45836.74
HLA-B*51:03,RGVVRVRTA,10.924,18.691,35993.56
HLA-B*51:03,GVVRVRTAA,28.429,46.53,42481.39
HLA-B*51:03,VVRVRTAAA,13.83,13.673,33727.12
HLA-B*51:03,VRVRTAAAA,46.667,45.3,42297.93
HLA-B*51:03,RVRTAAAAN,85.0,76.196,45837.25
HLA-B*51:03,VRTAAAANK,62.857,84.562,46597.31
HLA-B*51:03,RTAAAANKE,69.091,82.629,46419.69
HLA-B*51:03,TAAAANKEG,45.7,48.192,42726.64
HLA-B*51:03,AAAANKEGE,63.214,89.295,47051.27
HLA-B*51:03,AAANKEGEF,12.236,32.702,40025.41
HLA-B*51:03,AANKEGEFS,42.538,59.7,44180.22
HLA-B*51:03,ANKEGEFSK,51.481,89.542,47075.18
HLA-B*51:03,NKEGEFSKD,93.333,96.028,48148.19
HLA-B*51:03,KEGEFSKDK,55.75,95.017,47687.8
HLA-B*51:03,EGEFSKDKN,83.75,92.338,47380.76
HLA-B*51:03,GEFSKDKNL,17.161,47.579,42636.57
HLA-B*51:03,EFSKDKNLL,9.677,32.075,39888.79
HLA-B*51:03,FSKDKNLLR,24.299,43.583,42030.14
HLA-B*51:03,SKDKNLLRQ,70.0,95.748,48020.21
HLA-B*51:03,KDKNLLRQR,63.214,95.737,48015.01
HLA-B*51:03,DKNLLRQRY,13.968,45.112,42269.57
HLA-B*51:03,KNLLRQRYE,76.667,89.532,47074.18
HLA-B*51:03,NLLRQRYEA,16.347,19.547,36315.48
HLA-B*51:03,LLRQRYEAV,7.46,8.186,29878.27
HLA-B*51:03,LRQRYEAVP,61.071,62.359,44473.75
HLA-B*51:03,RQRYEAVPA,29.727,31.015,39647.4
HLA-B*51:03,QRYEAVPAD,50.741,63.344,44581.67
HLA-B*51:03,RYEAVPADT,76.667,87.816,46908.41
HLA-B*51:03,YEAVPADTL,3.824,8.518,30177.81
HLA-B*51:03,EAVPADTLV,0.201,0.457,9857.19
HLA-B*51:03,AVPADTLVI,7.408,13.715,33750.12
HLA-B*51:03,VPADTLVIR,5.053,17.845,35665.19
HLA-B*51:03,PADTLVIRL,3.92,22.391,37298.31
HLA-B*51:03,ADTLVIRLA,23.218,35.713,40645.54
HLA-B*51:03,DTLVIRLAE,13.0,22.243,37251.91
HLA-B*51:03,TLVIRLAEH,34.769,63.576,44607.23
HLA-B*51:03,LVIRLAEHN,63.929,49.168,42865.08
HLA-B*51:03,VIRLAEHNS,61.786,72.171,45462.86
HLA-B*51:03,IRLAEHNSI,12.424,14.736,34266.72
HLA-B*51:03,RLAEHNSIL,14.019,25.962,38371.18
HLA-B*51:03,LAEHNSILS,36.667,29.648,39325.27
HLA-B*51:03,AEHNSILSC,16.151,38.329,41146.89
HLA-B*51:03,EHNSILSCK,37.789,45.688,42356.56
HLA-B*51:03,HNSILSCKL,10.902,20.782,36765.01
HLA-B*51:03,NSILSCKLG,46.222,17.66,35587.71
HLA-B*51:03,SILSCKLGL,28.571,30.109,39435.18
HLA-B*51:03,ILSCKLGLN,95.0,70.611,45316.0
HLA-B*51:03,LSCKLGLNL,10.786,8.717,30350.72
HLA-B*51:03,SCKLGLNLV,10.095,14.961,34377.02
HLA-B*51:03,CKLGLNLVI,18.774,5.811,27186.43
HLA-B*51:03,KLGLNLVIH,66.364,93.605,47522.97
HLA-B*51:03,LGLNLVIHV,2.16,1.93,18963.31
HLA-B*51:03,GLNLVIHVP,37.474,56.776,43832.17
HLA-B*51:03,LNLVIHVPF,14.866,9.128,30704.8
HLA-B*51:03,NLVIHVPFQ,41.083,63.058,44550.31
HLA-B*51:03,LVIHVPFQP,13.802,13.743,33765.46
HLA-B*51:03,VIHVPFQPI,4.391,2.017,19309.29
HLA-B*51:03,IHVPFQPIK,31.382,53.698,43453.92
HLA-B*51:03,HVPFQPIKP,12.403,40.069,41456.1
HLA-B*51:03,VPFQPIKPS,3.61,4.062,24429.11
HLA-B*51:03,PFQPIKPSY,25.746,64.016,44655.53
HLA-B*51:03,FQPIKPSYA,11.115,28.459,39035.3
HLA-B*51:03,QPIKPSYAK,6.485,22.515,37337.46
HLA-B*51:03,PIKPSYAKF,13.694,31.964,39864.2
HLA-B*51:03,IKPSYAKFA,32.613,44.94,42243.05
HLA-B*51:03,KPSYAKFAS,31.471,34.302,40359.37
HLA-B*51:03,PSYAKFASP,14.067,16.211,34959.54
HLA-B*51:03,SYAKFASPL,19.047,18.244,35823.0
HLA-B*51:03,YAKFASPLI,0.161,0.084,3731.55
HLA-B*51:03,AKFASPLIG,52.778,59.996,44215.59
HLA-B*51:03,KFASPLIGK,50.0,87.284,46857.19
HLA-B*51:03,FASPLIGKK,7.469,17.493,35517.71
HLA-B*51:03,ASPLIGKKR,43.091,86.474,46779.17
HLA-B*51:03,SPLIGKKRL,1.328,8.403,30074.49
HLA-B*51:03,PLIGKKRLV,29.932,48.61,42786.31
HLA-B*51:03,LIGKKRLVS,65.455,69.232,45182.35
HLA-B*51:03,IGKKRLVSL,3.432,13.209,33473.35
HLA-B*51:03,GKKRLVSLG,88.333,92.159,47360.79
HLA-B*51:03,KKRLVSLGV,23.621,30.004,39410.45
HLA-B*51:03,KRLVSLGVL,43.364,49.68,42935.62
HLA-B*51:03,RLVSLGVLY,23.644,40.596,41545.01
HLA-B*51:03,LVSLGVLYI,3.846,3.44,23179.72
HLA-B*51:03,VSLGVLYIG,47.25,22.398,37300.71
HLA-B*51:03,SLGVLYIGT,73.571,67.869,45047.14
HLA-B*51:03,LGVLYIGTK,40.875,38.189,41121.05
HLA-B*51:03,GVLYIGTKK,58.0,78.909,46080.91
HLA-B*51:03,VLYIGTKKN,68.636,70.752,45329.24
HLA-B*51:03,LYIGTKKNQ,79.167,95.162,47753.39
HLA-B*51:03,YIGTKKNQM,11.586,35.296,40562.51
HLA-B*51:03,IGTKKNQMA,19.608,37.806,41049.48
HLA-B*51:03,GTKKNQMAF,17.705,38.823,41237.79
HLA-B*51:03,TKKNQMAFR,79.167,93.413,47501.4
HLA-B*51:03,KKNQMAFRR,75.833,92.758,47427.93
HLA-B*51:03,KNQMAFRRV,17.606,23.352,37601.8
HLA-B*51:03,NQMAFRRVH,35.583,42.995,41940.2
HLA-B*51:03,QMAFRRVHV,11.979,11.695,32561.74
HLA-B*51:03,MAFRRVHVE,6.973,4.958,25984.27
HLA-B*51:03,AFRRVHVEE,77.5,90.43,47167.47
HLA-B*51:03,FRRVHVEER,65.909,85.732,46707.85
HLA-B*51:03,RRVHVEERG,81.25,95.051,47703.28
HLA-B*51:03,RVHVEERGE,86.667,96.149,48203.43
HLA-B*51:03,VHVEERGEV,14.557,21.045,36858.21
HLA-B*51:03,HVEERGEVK,50.926,83.226,46474.47
HLA-B*51:03,VEERGEVKQ,66.818,95.689,47993.18
HLA-B*51:03,EERGEVKQA,15.728,40.372,41507.27
HLA-B*51:03,ERGEVKQAI,9.555,24.482,37948.8
HLA-B*51:03,RGEVKQAIV,8.168,24.595,37982.05
HLA-B*51:03,GEVKQAIVL,10.78,30.215,39459.94
HLA-B*51:03,EVKQAIVLL,0.988,5.166,26287.69
HLA-B*51:03,VKQAIVLLV,5.236,6.583,28176.2
HLA-B*51:03,KQAIVLLVE,64.286,77.342,45940.03
HLA-B*51:03,QAIVLLVEE,18.896,35.932,40689.11
HLA-B*51:03,AIVLLVEED,69.545,85.463,46682.1
HLA-B*51:03,IVLLVEEDT,51.481,60.11,44228.06
HLA-B*51:03,VLLVEEDTS,75.0,80.126,46190.73
HLA-B*51:03,LLVEEDTSN,74.286,81.55,46320.85
HLA-B*51:03,LVEEDTSNR,51.667,84.923,46630.62
HLA-B*51:03,VEEDTSNRI,3.258,12.032,32784.1
HLA-B*51:03,EEDTSNRIA,11.75,25.544,38253.86
HLA-B*51:03,EDTSNRIAK,44.0,74.937,45724.32
HLA-B*51:03,DTSNRIAKF,1.551,5.286,26460.33
HLA-B*51:03,TSNRIAKFV,4.147,4.326,24929.76
HLA-B*51:03,SNRIAKFVV,8.365,10.353,31632.47
HLA-B*51:03,NRIAKFVVA,12.845,19.215,36191.55
HLA-B*51:03,RIAKFVVAK,37.421,63.713,44622.2
HLA-B*51:03,IAKFVVAKL,0.78,1.845,18590.12
HLA-B*51:03,AKFVVAKLQ,65.909,87.737,46900.82
HLA-B*51:03,KFVVAKLQL,18.512,46.734,42511.29
HLA-B*51:03,FVVAKLQLR,23.816,40.803,41580.09
HLA-B*51:03,VVAKLQLRD,54.63,52.575,43309.36
HLA-B*51:03,VAKLQLRDA,11.447,16.76,35204.75
HLA-B*51:03,AKLQLRDAV,17.171,30.533,39534.32
HLA-B*51:03,KLQLRDAVN,93.333,88.705,46994.29
HLA-B*51:03,LQLRDAVNG,67.727,57.38,43903.83
HLA-B*51:03,QLRDAVNGQ,63.214,91.889,47330.55
HLA-B*51:03,LRDAVNGQG,74.286,75.354,45761.93
HLA-B*51:03,RDAVNGQGD,91.667,95.503,47908.64
HLA-B*51:03,DAVNGQGDC,21.491,29.29,39239.41
HLA-B*51:03,AVNGQGDCN,93.333,95.658,47979.17
HLA-B*51:03,VNGQGDCNA,69.545,75.748,45797.09
HLA-B*51:03,NGQGDCNAT,44.273,63.155,44560.91
HLA-B*51:03,GQGDCNATL,30.73,54.927,43612.66
HLA-B*51:03,QGDCNATLV,11.021,7.401,29119.33
HLA-B*51:03,GDCNATLVS,79.167,86.284,46760.95
HLA-B*51:03,DCNATLVSW,1.973,4.745,25647.42
HLA-B*51:03,CNATLVSWR,69.091,65.531,44816.23
HLA-B*51:03,NATLVSWRS,12.688,8.492,30155.3
HLA-B*51:03,ATLVSWRSL,7.274,13.185,33460.32
HLA-B*51:03,TLVSWRSLD,75.0,63.699,44620.76
HLA-B*51:03,LVSWRSLDR,69.091,67.456,45006.23
HLA-B*51:03,VSWRSLDRR,35.375,51.109,43121.38
HLA-B*51:03,SWRSLDRRG,90.0,90.796,47208.31
HLA-B*51:03,WRSLDRRGD,97.5,95.756,48023.84
HLA-B*51:03,RSLDRRGDD,95.0,95.041,47698.63
HLA-B*51:03,SLDRRGDDG,73.571,92.351,47382.29
HLA-B*51:03,LDRRGDDGF,47.375,60.378,44257.25
HLA-B*51:03,DRRGDDGFH,83.75,95.788,48038.39
HLA-B*51:03,RRGDDGFHP,63.929,92.411,47388.95
HLA-B*51:03,RGDDGFHPG,57.75,67.756,45035.93
HLA-B*51:03,GDDGFHPGK,55.75,90.27,47149.62
HLA-B*51:03,DDGFHPGKT,40.25,62.223,44458.84
HLA-B*51:03,DGFHPGKTH,9.797,33.318,40155.95
HLA-B*51:03,GFHPGKTHT,58.0,93.998,47567.22
HLA-B*51:03,FHPGKTHTD,52.963,63.001,44544.05
HLA-B*51:03,HPGKTHTDI,0.713,1.47,16957.96
HLA-B*51:03,PGKTHTDIV,23.149,40.606,41546.8
HLA-B*51:03,GKTHTDIVM,47.25,76.545,45868.5
HLA-B*51:03,KTHTDIVMP,29.273,51.393,43157.8
HLA-B*51:03,THTDIVMPE,44.091,55.12,43636.26
HLA-B*51:03,HTDIVMPEY,9.538,25.936,38364.1
HLA-B*51:03,TDIVMPEYW,10.017,14.153,33981.69
HLA-B*51:03,DIVMPEYWM,13.412,10.096,31448.53
HLA-B*51:03,IVMPEYWMD,50.37,24.334,37905.29
HLA-B*51:03,VMPEYWMDV,12.646,6.225,27725.89
HLA-B*51:03,MPEYWMDVE,32.71,15.573,34664.61
HLA-B*51:03,PEYWMDVEG,82.5,66.614,44923.04
HLA-B*51:03,EYWMDVEGP,29.886,33.754,40245.99
HLA-B*51:03,YWMDVEGPH,62.857,64.96,44759.53
HLA-B*51:03,WMDVEGPHY,15.724,27.564,38801.6
HLA-B*51:03,MDVEGPHYI,1.716,2.43,20609.08
HLA-B*51:03,DVEGPHYII,0.857,1.926,18946.7
HLA-B*51:03,VEGPHYIIL,3.847,11.761,32605.44
HLA-B*51:03,EGPHYIILS,18.628,23.696,37710.57
HLA-B*51:03,GPHYIILSA,1.547,2.112,19601.03
HLA-B*51:03,PHYIILSAQ,76.667,84.392,46581.69
HLA-B*51:03,HYIILSAQL,6.978,16.821,35232.18
HLA-B*51:03,YIILSAQLP,21.026,14.026,33919.62
HLA-B*51:03,IILSAQLPN,62.5,43.61,42034.23
HLA-B*51:03,ILSAQLPNI,5.942,5.108,26204.77
HLA-B*51:03,LSAQLPNIV,2.231,2.31,20221.43
HLA-B*51:03,SAQLPNIVA,3.499,5.187,26317.01
HLA-B*51:03,AQLPNIVAN,43.818,61.551,44385.3
HLA-B*51:03,QLPNIVAND,58.0,72.156,45461.36
HLA-B*51:03,LPNIVANDQ,25.672,30.323,39485.14
HLA-B*51:03,PNIVANDQL,35.5,59.92,44206.53
HLA-B*51:03,NIVANDQLE,48.625,77.331,45939.02
HLA-B*51:03,IVANDQLED,71.429,73.711,45608.19
HLA-B*51:03,VANDQLEDQ,54.444,82.634,46420.2
HLA-B*51:03,ANDQLEDQR,63.929,96.492,48360.68
HLA-B*51:03,NDQLEDQRR,73.571,95.583,47944.93
HLA-B*51:03,DQLEDQRRG,22.58,43.396,42001.5
HLA-B*51:03,QLEDQRRGR,60.0,95.982,48126.83
HLA-B*51:03,LEDQRRGRI,11.043,15.827,34783.72
HLA-B*51:03,EDQRRGRID,86.667,91.18,47251.23
HLA-B*51:03,DQRRGRIDE,62.5,86.884,46818.68
HLA-B*51:03,QRRGRIDET,59.25,86.111,46744.25
HLA-B*51:03,RRGRIDETK,75.0,95.413,47867.69
HLA-B*51:03,RGRIDETKE,88.333,95.893,48086.25
HLA-B*51:03,GRIDETKET,49.857,95.072,47712.57
HLA-B*51:03,RIDETKETK,46.444,90.993,47230.27
HLA-B*51:03,IDETKETKE,81.25,96.871,48535.24
HLA-B*51:03,DETKETKEL,3.879,22.513,37337.05
HLA-B*51:03,ETKETKELS,25.045,44.578,42185.5
HLA-B*51:03,TKETKELSG,70.714,93.994,47566.7
HLA-B*51:03,KETKELSGG,88.333,95.102,47726.51
HLA-B*51:03,ETKELSGGT,23.747,39.645,41382.61
HLA-B*51:03,TKELSGGTE,83.75,95.446,47882.72
HLA-B*51:03,KELSGGTEQ,55.75,93.646,47527.6
HLA-B*51:03,ELSGGTEQK,45.8,77.087,45917.16
HLA-B*51:03,LSGGTEQKF,11.647,27.434,38765.93
HLA-B*51:03,SGGTEQKFQ,82.5,96.064,48164.34
HLA-B*51:03,GGTEQKFQL,11.763,49.751,42945.4
HLA-B*51:03,GTEQKFQLF,17.834,42.85,41916.16
HLA-B*51:03,TEQKFQLFT,24.013,26.953,38634.88
HLA-B*51:03,EQKFQLFTR,15.854,46.705,42507.15
HLA-B*51:03,QKFQLFTRL,5.781,16.29,34994.73
HLA-B*51:03,KFQLFTRLL,22.24,36.066,40715.54
HLA-B*51:03,FQLFTRLLY,13.511,7.204,28902.12
HLA-B*51:03,QLFTRLLYR,16.182,37.909,41069.05
HLA-B*51:03,LFTRLLYRL,20.602,19.18,36178.62
HLA-B*51:03,FTRLLYRLL,8.84,4.645,25492.49
HLA-B*51:03,TRLLYRLLI,14.299,6.141,27619.59
HLA-B*51:03,RLLYRLLIN,85.0,64.736,44734.83
HLA-B*51:03,LLYRLLINN,71.429,55.68,43702.42
HLA-B*51:03,LYRLLINNV,10.283,13.672,33726.38
HLA-B*51:03,YRLLINNVN,85.0,64.662,44726.61
HLA-B*51:03,RLLINNVNY,33.571,53.366,43411.18
HLA-B*51:03,LLINNVNYI,4.006,2.795,21595.25
HLA-B*51:03,LINNVNYII,9.148,2.721,21401.71
HLA-B*51:03,INNVNYIIY,26.283,30.086,39429.64
HLA-B*51:03,NNVNYIIYQ,42.769,60.246,44242.89
HLA-B*51:03,NVNYIIYQR,12.671,35.444,40591.92
HLA-B*51:03,VNYIIYQRG,46.111,33.352,40162.92
HLA-B*51:03,NYIIYQRGK,62.5,72.009,45447.61
HLA-B*51:03,YIIYQRGKF,16.907,17.136,35369.3
HLA-B*51:03,IIYQRGKFE,43.182,55.148,43639.58
HLA-B*51:03,IYQRGKFEQ,65.455,89.032,47025.81
HLA-B*51:03,YQRGKFEQE,43.182,74.363,45669.91
HLA-B*51:03,QRGKFEQED,85.0,96.127,48193.55
HLA-B*51:03,RGKFEQEDV,17.446,36.211,40743.72
HLA-B*51:03,GKFEQEDVH,69.545,95.393,47858.37
HLA-B*51:03,KFEQEDVHF,26.633,72.26,45471.21
HLA-B*51:03,FEQEDVHFR,24.156,45.085,42265.45
HLA-B*51:03,EQEDVHFRM,3.86,12.283,32932.35
HLA-B*51:03,QEDVHFRMS,37.474,53.888,43478.39
HLA-B*51:03,EDVHFRMSH,28.837,55.672,43701.46
HLA-B*51:03,DVHFRMSHN,45.0,38.286,41138.88
HLA-B*51:03,VHFRMSHNK,35.792,38.225,41127.73
HLA-B*51:03,HFRMSHNKY,23.759,48.922,42830.79
HLA-B*51:03,FRMSHNKYA,28.816,25.303,38186.45
HLA-B*51:03,RMSHNKYAN,93.333,84.08,46552.98
HLA-B*51:03,MSHNKYANL,3.684,3.472,23256.34
HLA-B*51:03,SHNKYANLG,60.714,45.882,42385.91
HLA-B*51:03,HNKYANLGV,13.326,17.802,35647.07
HLA-B*51:03,NKYANLGVL,18.854,16.189,34949.71
HLA-B*51:03,KYANLGVLV,20.276,25.513,38245.15
HLA-B*51:03,YANLGVLVT,4.906,5.275,26444.31
HLA-B*51:03,ANLGVLVTG,54.259,55.092,43632.97
HLA-B*51:03,NLGVLVTGI,11.549,12.011,32771.69
HLA-B*51:03,LGVLVTGIL,10.326,6.394,27940.91
HLA-B*51:03,GVLVTGILR,60.0,81.511,46317.33
HLA-B*51:03,VLVTGILRG,43.273,56.948,43852.56
HLA-B*51:03,LVTGILRGE,56.75,73.173,45557.39
HLA-B*51:03,VTGILRGEL,20.935,28.088,38942.92
HLA-B*51:03,TGILRGELL,5.068,7.407,29126.26
HLA-B*51:03,GILRGELLS,76.667,83.494,46499.12
HLA-B*51:03,ILRGELLSS,39.0,51.309,43147.06
HLA-B*51:03,LRGELLSSL,14.675,27.897,38892.82
HLA-B*51:03,RGELLSSLK,62.143,74.703,45702.06
HLA-B*51:03,GELLSSLKR,58.5,85.179,46654.83
HLA-B*51:03,ELLSSLKRP,25.015,35.669,40636.74
HLA-B*51:03,LLSSLKRPI,12.516,7.766,29484.55
HLA-B*51:03,LSSLKRPIE,61.429,67.549,45015.46
HLA-B*51:03,SSLKRPIEK,20.065,48.435,42761.32
HLA-B*51:03,SLKRPIEKQ,53.889,88.458,46970.38
HLA-B*51:03,LKRPIEKQE,58.75,95.463,47890.51
HLA-B*51:03,KRPIEKQEF,22.59,83.039,46457.36
HLA-B*51:03,RPIEKQEFP,5.322,11.738,32590.29
HLA-B*51:03,PIEKQEFPF,51.296,69.173,45176.49
HLA-B*51:03,IEKQEFPFV,2.581,6.022,27470.89
HLA-B*51:03,EKQEFPFVD,55.25,63.212,44567.18
HLA-B*51:03,KQEFPFVDS,70.714,87.495,46877.47
HLA-B*51:03,QEFPFVDSL,1.244,5.959,27386.3
HLA-B*51:03,EFPFVDSLK,45.7,56.76,43830.28
HLA-B*51:03,FPFVDSLKD,7.445,1.74,18141.04
HLA-B*51:03,PFVDSLKDA,70.714,84.578,46598.84
HLA-B*51:03,FVDSLKDAE,38.833,67.987,45058.86
HLA-B*51:03,VDSLKDAEP,40.5,72.563,45499.76
HLA-B*51:03,DSLKDAEPL,2.614,4.597,25418.12
HLA-B*51:03,SLKDAEPLL,4.699,19.524,36306.84
HLA-B*51:03,LKDAEPLLN,81.25,84.978,46635.64
HLA-B*51:03,KDAEPLLND,79.167,91.029,47234.38
HLA-B*51:03,DAEPLLNDT,6.759,15.393,34579.96
HLA-B*51:03,AEPLLNDTA,23.828,52.316,43276.11
HLA-B*51:03,EPLLNDTAE,20.496,28.046,38932.39
HLA-B*51:03,PLLNDTAEK,83.75,94.579,47632.63
HLA-B*51:03,LLNDTAEKI,4.434,6.847,28492.87
HLA-B*51:03,LNDTAEKIN,90.0,93.678,47531.21
HLA-B*51:03,NDTAEKINS,60.714,90.357,47159.29
HLA-B*51:03,DTAEKINSE,15.25,38.085,41101.93
HLA-B*51:03,TAEKINSEV,1.257,3.302,22847.31
HLA-B*51:03,AEKINSEVV,11.175,24.266,37885.2
HLA-B*51:03,EKINSEVVK,52.778,84.836,46622.53
HLA-B*51:03,KINSEVVKG,69.545,88.3,46955.14
HLA-B*51:03,INSEVVKGS,43.818,70.825,45336.11
HLA-B*51:03,NSEVVKGSP,22.03,33.465,40186.39
HLA-B*51:03,SEVVKGSPF,16.969,22.48,37326.56
HLA-B*51:03,EVVKGSPFR,20.382,51.247,43139.13
HLA-B*51:03,VVKGSPFRK,25.612,64.385,44696.13
HLA-B*51:03,VKGSPFRKN,86.667,93.394,47499.32
HLA-B*51:03,KGSPFRKNT,45.3,78.594,46052.48
HLA-B*51:03,GSPFRKNTS,59.0,93.271,47485.44
HLA-B*51:03,SPFRKNTSD,20.854,21.565,37030.5
HLA-B*51:03,PFRKNTSDD,100.0,97.529,48839.71
HLA-B*51:03,FRKNTSDDK,83.75,95.476,47896.19
HLA-B*51:03,RKNTSDDKP,80.0,95.123,47735.8
HLA-B*51:03,KNTSDDKPN,97.5,97.228,48700.41
HLA-B*51:03,NTSDDKPNA,13.706,36.948,40886.81
HLA-B*51:03,TSDDKPNAT,13.835,50.613,43058.0
HLA-B*51:03,SDDKPNATD,54.444,88.242,46949.54
HLA-B*51:03,DDKPNATDY,15.463,46.862,42530.16
HLA-B*51:03,DKPNATDYH,57.0,94.529,47626.95
HLA-B*51:03,KPNATDYHK,26.483,51.473,43168.07
HLA-B*51:03,PNATDYHKG,88.333,95.931,48103.93
HLA-B*51:03,NATDYHKGD,45.5,55.94,43733.15
HLA-B*51:03,ATDYHKGDI,26.4,35.777,40658.31
HLA-B*51:03,TDYHKGDIV,10.004,10.652,31848.83
HLA-B*51:03,DYHKGDIVG,48.125,54.639,43575.41
HLA-B*51:03,YHKGDIVGS,46.444,65.187,44782.28
HLA-B*51:03,HKGDIVGSR,59.0,91.967,47339.25
HLA-B*51:03,KGDIVGSRG,54.074,75.532,45777.78
HLA-B*51:03,GDIVGSRGT,63.214,89.326,47054.3
HLA-B*51:03,DIVGSRGTL,4.679,11.889,32691.29
HLA-B*51:03,IVGSRGTLN,72.857,76.877,45898.27
HLA-B*51:03,VGSRGTLNI,5.663,6.313,27837.71
HLA-B*51:03,GSRGTLNII,13.215,17.631,35575.39
HLA-B*51:03,SRGTLNIIY,40.812,63.098,44554.65
HLA-B*51:03,RGTLNIIYQ,67.727,80.465,46221.72
HLA-B*51:03,GTLNIIYQT,27.519,50.175,43002.13
HLA-B*51:03,TLNIIYQTL,4.556,9.048,30638.1
HLA-B*51:03,LNIIYQTLD,72.143,44.172,42121.21
HLA-B*51:03,NIIYQTLDE,70.0,73.257,45565.27
HLA-B*51:03,IIYQTLDEG,35.208,30.071,39426.23
HLA-B*51:03,IYQTLDEGL,27.315,43.497,42016.97
HLA-B*51:03,YQTLDEGLD,93.333,78.959,46085.4
HLA-B*51:03,QTLDEGLDV,4.758,10.874,32010.17
HLA-B*51:03,TLDEGLDVM,15.396,30.834,39604.95
HLA-B*51:03,LDEGLDVMS,79.167,86.542,46785.75
HLA-B*51:03,DEGLDVMSK,29.045,49.327,42886.89
HLA-B*51:03,EGLDVMSKA,3.877,5.816,27192.9
HLA-B*51:03,GLDVMSKAW,32.452,47.882,42681.8
HLA-B*51:03,LDVMSKAWK,70.714,78.056,46004.18
HLA-B*51:03,DVMSKAWKK,5.969,17.24,35412.57
HLA-B*51:03,VMSKAWKKR,56.25,82.081,46369.48
HLA-B*51:03,MSKAWKKRG,67.727,56.604,43811.77
HLA-B*51:03,SKAWKKRGK,81.25,96.486,48358.09
HLA-B*51:03,KAWKKRGKF,8.073,19.198,36185.27
HLA-B*51:03,AWKKRGKFA,59.25,87.7,46897.25
HLA-B*51:03,WKKRGKFAS,59.5,79.363,46121.79
HLA-B*51:03,KKRGKFASD,95.0,96.295,48270.25
HLA-B*51:03,KRGKFASDL,59.0,75.543,45778.75
HLA-B*51:03,RGKFASDLS,75.0,62.219,44458.35
HLA-B*51:03,GKFASDLSI,14.232,14.772,34284.16
HLA-B*51:03,KFASDLSIY,39.824,64.662,44726.61
HLA-B*51:03,FASDLSIYR,6.283,15.367,34567.99
HLA-B*51:03,ASDLSIYRD,76.667,82.508,46408.64
HLA-B*51:03,SDLSIYRDP,42.538,54.533,43561.72
HLA-B*51:03,DLSIYRDPK,40.0,54.632,43574.45
HLA-B*51:03,LSIYRDPKP,21.754,22.032,37185.47
HLA-B*51:03,SIYRDPKPD,75.833,74.692,45701.05
HLA-B*51:03,IYRDPKPDD,90.0,95.943,48109.14
HLA-B*51:03,YRDPKPDDP,34.923,80.465,46221.72
HLA-B*51:03,RDPKPDDPA,65.455,85.058,46643.22
HLA-B*51:03,DPKPDDPAA,0.827,2.818,21655.85
HLA-B*51:03,PKPDDPAAP,66.818,97.112,48646.7
HLA-B*51:03,KPDDPAAPP,10.486,26.893,38618.98
HLA-B*51:03,PDDPAAPPY,38.556,75.836,45805.01
HLA-B*51:03,DDPAAPPYI,0.998,4.105,24509.59
HLA-B*51:03,DPAAPPYIS,3.385,6.376,27919.15
HLA-B*51:03,PAAPPYISG,15.067,32.528,39987.3
HLA-B*51:03,AAPPYISGP,8.901,23.874,37766.91
HLA-B*51:03,APPYISGPM,6.245,6.497,28073.65
HLA-B*51:03,PPYISGPMS,13.802,12.532,33080.2
HLA-B*51:03,PYISGPMSF,11.711,29.034,39178.32
HLA-B*51:03,YISGPMSFA,16.044,17.583,35555.39
HLA-B*51:03,ISGPMSFAI,3.014,1.049,14638.48
HLA-B*51:03,SGPMSFAIK,43.545,46.683,42503.92
HLA-B*51:03,GPMSFAIKA,2.522,2.814,21645.3
HLA-B*51:03,PMSFAIKAI,16.4,21.659,37061.77
HLA-B*51:03,MSFAIKAIN,39.647,9.772,31214.96
HLA-B*51:03,SFAIKAINA,28.653,42.894,41923.43
HLA-B*51:03,FAIKAINAL,0.447,0.927,13913.44
HLA-B*51:03,AIKAINALG,63.929,59.448,44150.12
HLA-B*51:03,IKAINALGG,82.5,69.892,45247.9
HLA-B*51:03,KAINALGGC,36.381,47.164,42574.8
HLA-B*51:03,AINALGGCM,49.571,43.292,41985.61
HLA-B*51:03,INALGGCML,17.58,23.299,37585.12
HLA-B*51:03,NALGGCMLT,10.027,9.254,30811.3
HLA-B*51:03,ALGGCMLTL,43.273,47.616,42642.13
HLA-B*51:03,LGGCMLTLV,8.136,3.982,24276.55
HLA-B*51:03,GGCMLTLVE,83.75,85.526,46688.15
HLA-B*51:03,GCMLTLVED,93.333,84.945,46632.63
HLA-B*51:03,CMLTLVEDH,75.0,64.17,44672.44
HLA-B*51:03,MLTLVEDHR,43.0,60.294,44248.14
HLA-B*51:03,LTLVEDHRD,69.091,62.351,44472.77
HLA-B*51:03,TLVEDHRDQ,76.667,92.877,47441.3
HLA-B*51:03,LVEDHRDQP,36.714,63.844,44636.67
HLA-B*51:03,VEDHRDQPK,54.444,84.578,46598.84
HLA-B*51:03,EDHRDQPKA,19.993,36.814,40860.71
HLA-B*51:03,DHRDQPKAK,20.0,72.537,45497.29
HLA-B*51:03,HRDQPKAKV,8.94,41.391,41676.47
HLA-B*51:03,RDQPKAKVE,72.857,95.385,47854.75
HLA-B*51:03,DQPKAKVEK,18.988,68.248,45084.7
HLA-B*51:03,QPKAKVEKG,12.683,37.152,40925.75
HLA-B*51:03,PKAKVEKGG,97.5,97.948,49034.57
HLA-B*51:03,KAKVEKGGM,28.102,61.41,44369.93
HLA-B*51:03,AKVEKGGMS,74.286,94.163,47585.75
HLA-B*51:03,KVEKGGMST,41.917,76.988,45908.22
HLA-B*51:03,VEKGGMSTK,37.632,73.356,45574.64
HLA-B*51:03,EKGGMSTKD,85.0,95.132,47739.93
HLA-B*51:03,KGGMSTKDQ,93.333,97.458,48806.97
HLA-B*51:03,GGMSTKDQY,31.706,62.017,44436.22
HLA-B*51:03,GMSTKDQYK,75.833,92.397,47387.43
HLA-B*51:03,MSTKDQYKP,27.611,29.769,39354.21
HLA-B*51:03,STKDQYKPF,8.586,25.258,38174.06
HLA-B*51:03,TKDQYKPFL,8.41,31.36,39725.97
HLA-B*51:03,KDQYKPFLG,69.091,79.203,46107.34
HLA-B*51:03,DQYKPFLGF,0.773,1.898,18832.44
HLA-B*51:03,QYKPFLGFG,73.571,68.844,45143.76
HLA-B*51:03,YKPFLGFGL,24.065,27.618,38816.29
HLA-B*51:03,KPFLGFGLV,0.39,0.195,5998.69
HLA-B*51:03,PFLGFGLVK,82.5,86.095,46742.74
HLA-B*51:03,FLGFGLVKD,90.0,81.128,46282.27
HLA-B*51:03,LGFGLVKDH,38.667,58.764,44068.5
HLA-B*51:03,GFGLVKDHS,93.333,95.724,48009.31
HLA-B*51:03,FGLVKDHSI,1.219,1.47,16955.58
HLA-B*51:03,GLVKDHSIT,67.727,87.447,46872.91
HLA-B*51:03,LVKDHSITA,5.033,8.7,30335.28
HLA-B*51:03,VKDHSITAR,49.143,91.761,47316.21
HLA-B*51:03,KDHSITARH,47.25,88.9,47013.08
HLA-B*51:03,DHSITARHA,10.319,18.768,36022.77
HLA-B*51:03,HSITARHAA,6.188,12.201,32883.92
HLA-B*51:03,SITARHAAH,36.476,68.027,45062.75
HLA-B*51:03,ITARHAAHI,3.963,2.437,20632.95
HLA-B*51:03,TARHAAHIP,10.601,13.133,33432.1
HLA-B*51:03,ARHAAHIPY,33.071,58.888,44083.29
HLA-B*51:03,RHAAHIPYE,45.6,62.359,44473.75
HLA-B*51:03,HAAHIPYEK,5.677,24.316,37899.96
HLA-B*51:03,AAHIPYEKL,1.572,7.901,29615.32
HLA-B*51:03,AHIPYEKLF,5.775,16.849,35244.77
HLA-B*51:03,HIPYEKLFF,14.334,29.215,39221.57
HLA-B*51:03,IPYEKLFFF,0.024,0.032,2140.69
HLA-B*51:03,PYEKLFFFQ,95.0,95.968,48120.59
HLA-B*51:03,YEKLFFFQS,29.25,30.484,39522.77
HLA-B*51:03,EKLFFFQSA,12.463,12.542,33085.92
HLA-B*51:03,KLFFFQSAN,73.571,56.792,43834.07
HLA-B*51:03,LFFFQSANE,61.071,55.076,43631.09
HLA-B*51:03,FFFQSANEI,2.458,1.641,17703.79
HLA-B*51:03,FFQSANEIK,62.5,65.162,44779.86
HLA-B*51:03,FQSANEIKL,5.362,13.028,33374.99
HLA-B*51:03,QSANEIKLL,5.417,20.477,36655.77
HLA-B*51:03,SANEIKLLS,7.951,11.25,32266.09
HLA-B*51:03,ANEIKLLSA,21.825,44.874,42232.54
HLA-B*51:03,NEIKLLSAT,14.341,19.933,36459.99
HLA-B*51:03,EIKLLSATE,23.46,44.997,42252.21
HLA-B*51:03,IKLLSATEA,25.537,32.558,39993.8
HLA-B*51:03,KLLSATEAP,46.667,62.263,44463.17
HLA-B*51:03,LLSATEAPV,25.925,11.629,32517.37
HLA-B*51:03,LSATEAPVR,39.882,61.933,44427.08
HLA-B*51:03,SATEAPVRG,18.774,36.593,40817.86
HLA-B*51:03,ATEAPVRGL,13.388,45.573,42339.14
HLA-B*51:03,TEAPVRGLH,24.208,49.781,42949.59
HLA-B*51:03,EAPVRGLHE,18.122,43.185,41969.25
HLA-B*51:03,APVRGLHEL,0.716,3.604,23527.4
HLA-B*51:03,PVRGLHELR,73.571,90.787,47207.28
HLA-B*51:03,VRGLHELRV,26.25,33.928,40282.16
HLA-B*51:03,RGLHELRVL,16.724,28.758,39109.71
HLA-B*51:03,GLHELRVLS,52.963,65.197,44783.27
HLA-B*51:03,LHELRVLSH,31.0,61.555,44385.76
HLA-B*51:03,HELRVLSHQ,46.222,69.208,45179.9
HLA-B*51:03,ELRVLSHQI,2.474,3.571,23462.06
HLA-B*51:03,LRVLSHQIS,68.182,69.4,45198.99
HLA-B*51:03,RVLSHQISK,35.917,55.344,43662.72
HLA-B*51:03,VLSHQISKP,32.839,54.241,43524.04
HLA-B*51:03,LSHQISKPL,5.132,5.902,27309.67
HLA-B*51:03,SHQISKPLC,16.964,45.788,42371.7
HLA-B*51:03,HQISKPLCF,3.485,12.091,32818.88
HLA-B*51:03,QISKPLCFY,28.02,39.699,41392.01
HLA-B*51:03,ISKPLCFYT,16.804,16.322,35008.75
HLA-B*51:03,SKPLCFYTQ,67.273,77.248,45931.58
HLA-B*51:03,KPLCFYTQE,30.405,26.43,38495.93
HLA-B*51:03,PLCFYTQEP,80.0,75.554,45779.76
HLA-B*51:03,LCFYTQEPD,93.333,56.876,43844.02
HLA-B*51:03,CFYTQEPDL,25.239,17.467,35506.95
HLA-B*51:03,FYTQEPDLL,10.928,23.017,37496.17
HLA-B*51:03,YTQEPDLLL,2.166,4.061,24426.46
HLA-B*51:03,TQEPDLLLG,52.037,58.128,43992.77
HLA-B*51:03,QEPDLLLGD,61.786,84.518,46593.29
HLA-B*51:03,EPDLLLGDV,2.248,1.476,16992.87
HLA-B*51:03,PDLLLGDVD,97.5,94.254,47596.06
HLA-B*51:03,DLLLGDVDP,45.5,49.71,42939.81
HLA-B*51:03,LLLGDVDPG,90.0,58.404,44025.61
HLA-B*51:03,LLGDVDPGL,17.767,32.94,40077.41
HLA-B*51:03,LGDVDPGLQ,86.667,92.484,47397.18
HLA-B*51:03,GDVDPGLQK,45.3,89.189,47041.07
HLA-B*51:03,DVDPGLQKY,2.791,21.77,37098.67
HLA-B*51:03,VDPGLQKYG,64.286,88.042,46930.26
HLA-B*51:03,DPGLQKYGE,35.917,52.516,43301.85
HLA-B*51:03,PGLQKYGER,75.0,95.589,47947.52
HLA-B*51:03,GLQKYGERI,28.388,39.306,41323.54
HLA-B*51:03,LQKYGERIE,83.75,95.0,47680.05
HLA-B*51:03,QKYGERIEI,6.224,14.634,34216.33
HLA-B*51:03,KYGERIEIF,24.935,52.035,43240.07
HLA-B*51:03,YGERIEIFS,45.2,49.195,42868.78
HLA-B*51:03,GERIEIFSV,9.356,16.021,34874.91
HLA-B*51:03,ERIEIFSVL,3.195,7.91,29623.65
HLA-B*51:03,RIEIFSVLN,80.0,82.114,46372.5
HLA-B*51:03,IEIFSVLNT,20.593,25.597,38268.77
HLA-B*51:03,EIFSVLNTG,16.502,11.251,32267.13
HLA-B*51:03,IFSVLNTGG,85.0,70.355,45291.98
HLA-B*51:03,FSVLNTGGC,32.452,25.245,38170.34
HLA-B*51:03,SVLNTGGCD,93.333,75.72,45794.61
HLA-B*51:03,VLNTGGCDH,66.818,90.75,47203.2
HLA-B*51:03,LNTGGCDHI,26.15,18.277,35835.39
HLA-B*51:03,NTGGCDHID,95.0,84.135,46558.02
HLA-B*51:03,TGGCDHIDA,59.5,56.692,43822.22
HLA-B*51:03,GGCDHIDAK,72.857,94.296,47600.7
HLA-B*51:03,GCDHIDAKL,31.088,65.556,44818.66
HLA-B*51:03,CDHIDAKLS,79.167,70.078,45266.02
HLA-B*51:03,DHIDAKLSS,14.315,28.166,38962.31
HLA-B*51:03,HIDAKLSSK,33.821,66.708,44932.25
HLA-B*51:03,IDAKLSSKS,53.704,68.942,45153.51
HLA-B*51:03,DAKLSSKSS,6.379,15.128,34455.97
HLA-B*51:03,AKLSSKSSH,55.5,95.926,48101.33
HLA-B*51:03,KLSSKSSHL,22.14,49.481,42908.22
HLA-B*51:03,LSSKSSHLE,41.75,45.885,42386.35
HLA-B*51:03,SSKSSHLEA,5.492,12.56,33096.65
HLA-B*51:03,SKSSHLEAL,18.738,41.232,41650.79
HLA-B*51:03,KSSHLEALL,16.236,26.816,38598.52
HLA-B*51:03,SSHLEALLT,21.737,17.096,35352.47
HLA-B*51:03,SHLEALLTS,26.733,27.643,38823.03
HLA-B*51:03,HLEALLTSD,80.0,83.779,46525.27
HLA-B*51:03,LEALLTSDL,12.6,15.428,34596.42
HLA-B*51:03,EALLTSDLG,21.518,7.313,29022.44
HLA-B*51:03,ALLTSDLGG,83.75,78.682,46060.47
HLA-B*51:03,LLTSDLGGH,65.455,86.905,46820.7
HLA-B*51:03,LTSDLGGHI,3.78,3.62,23557.2
HLA-B*51:03,TSDLGGHIV,2.989,6.336,27868.15
HLA-B*51:03,SDLGGHIVS,48.0,66.048,44867.16
HLA-B*51:03,DLGGHIVSA,3.953,10.925,32046.89
HLA-B*51:03,LGGHIVSAA,14.452,17.064,35339.45
HLA-B*51:03,GGHIVSAAA,18.348,28.027,38927.75
HLA-B*51:03,GHIVSAAAK,61.786,77.652,45967.86
HLA-B*51:03,HIVSAAAKF,8.819,17.011,35317.29
HLA-B*51:03,IVSAAAKFA,22.54,21.006,36845.45
HLA-B*51:03,VSAAAKFAT,25.866,35.563,40615.64
HLA-B*51:03,SAAAKFATR,11.75,31.105,39667.99
HLA-B*51:03,AAAKFATRK,26.8,48.633,42789.56
HLA-B*51:03,AAKFATRKT,22.13,42.659,41884.43
HLA-B*51:03,AKFATRKTF,12.729,41.025,41617.44
HLA-B*51:03,KFATRKTFY,45.5,79.585,46141.79
HLA-B*51:03,FATRKTFYV,1.398,0.71,12180.63
HLA-B*51:03,ATRKTFYVN,72.857,59.152,44114.77
HLA-B*51:03,TRKTFYVNM,20.699,37.377,40968.29
HLA-B*51:03,RKTFYVNMV,27.796,28.136,38954.72
HLA-B*51:03,KTFYVNMVW,8.721,6.07,27530.09
HLA-B*51:03,TFYVNMVWK,59.25,60.035,44219.9
HLA-B*51:03,FYVNMVWKT,34.423,36.239,40749.03
HLA-B*51:03,YVNMVWKTA,8.575,5.811,27186.43
HLA-B*51:03,VNMVWKTAL,6.373,8.399,30070.59
HLA-B*51:03,NMVWKTALT,36.0,27.758,38854.54
HLA-B*51:03,MVWKTALTG,16.329,4.56,25360.16
HLA-B*51:03,VWKTALTGG,91.667,91.962,47338.74
HLA-B*51:03,WKTALTGGL,40.875,34.998,40503.3
HLA-B*51:03,KTALTGGLY,23.264,33.078,40106.47
HLA-B*51:03,TALTGGLYI,0.514,0.368,8705.9
HLA-B*51:03,ALTGGLYIN,91.667,93.898,47555.9
HLA-B*51:03,LTGGLYINS,49.143,42.452,41850.01
HLA-B*51:03,TGGLYINSL,5.119,10.136,31476.79
HLA-B*51:03,GGLYINSLE,70.714,76.938,45903.75
HLA-B*51:03,GLYINSLEQ,49.714,73.653,45602.75
HLA-B*51:03,LYINSLEQG,61.786,58.644,44054.21
HLA-B*51:03,YINSLEQGP,34.5,43.188,41969.71
HLA-B*51:03,INSLEQGPT,69.545,62.917,44534.88
HLA-B*51:03,NSLEQGPTA,2.624,4.115,24527.63
HLA-B*51:03,SLEQGPTAG,65.455,83.938,46539.89
HLA-B*51:03,LEQGPTAGK,35.833,63.291,44575.86
HLA-B*51:03,EQGPTAGKY,13.696,35.552,40613.45
HLA-B*51:03,QGPTAGKYS,59.75,80.4,46215.73
HLA-B*51:03,GPTAGKYSP,18.53,36.305,40761.8
HLA-B*51:03,PTAGKYSPV,25.478,25.883,38349.16
HLA-B*51:03,TAGKYSPVE,21.921,39.201,41305.21
HLA-B*51:03,AGKYSPVEY,19.189,55.376,43666.5
HLA-B*51:03,GKYSPVEYD,65.455,86.2,46752.88
HLA-B*51:03,KYSPVEYDY,25.806,70.673,45321.91
HLA-B*51:03,YSPVEYDYF,5.557,8.149,29845.32
HLA-B*51:03,SPVEYDYFD,28.878,15.814,34777.69
HLA-B*51:03,PVEYDYFDC,91.667,95.091,47721.34
HLA-B*51:03,VEYDYFDCI,2.419,1.98,19175.2
HLA-B*51:03,EYDYFDCID,95.0,71.232,45374.4
HLA-B*51:03,YDYFDCIDA,34.769,19.021,36119.57
HLA-B*51:03,DYFDCIDAE,38.611,52.721,43328.11
HLA-B*51:03,YFDCIDAEE,61.786,58.54,44041.82
HLA-B*51:03,FDCIDAEEV,12.85,21.051,36860.21
HLA-B*51:03,DCIDAEEVY,9.085,24.932,38081.66
HLA-B*51:03,CIDAEEVYA,48.5,51.619,43186.75
HLA-B*51:03,IDAEEVYAT,33.0,55.632,43696.75
HLA-B*51:03,DAEEVYATV,0.032,0.088,3815.24
HLA-B*51:03,AEEVYATVA,27.185,39.185,41302.55
HLA-B*51:03,EEVYATVAH,17.073,45.655,42351.51
HLA-B*51:03,EVYATVAHL,0.552,1.419,16679.01
HLA-B*51:03,VYATVAHLK,38.278,49.758,42946.32
HLA-B*51:03,YATVAHLKI,0.239,0.169,5450.16
HLA-B*51:03,ATVAHLKIH,45.5,80.624,46236.21
HLA-B*51:03,TVAHLKIHL,6.301,18.403,35883.51
HLA-B*51:03,VAHLKIHLF,0.664,1.654,17763.27
HLA-B*51:03,AHLKIHLFN,69.091,64.864,44748.88
HLA-B*51:03,HLKIHLFNI,6.663,7.692,29413.8
HLA-B*51:03,LKIHLFNIY,30.622,40.165,41472.25
HLA-B*51:03,KIHLFNIYT,42.846,57.416,43908.11
HLA-B*51:03,IHLFNIYTI,2.814,1.481,17021.02
HLA-B*51:03,HLFNIYTIY,9.49,16.68,35168.96
HLA-B*51:03,LFNIYTIYT,50.926,49.424,42900.34
HLA-B*51:03,FNIYTIYTR,25.716,31.782,39822.37
HLA-B*51:03,NIYTIYTRV,0.924,1.279,15933.03
HLA-B*51:03,IYTIYTRVR,60.357,74.807,45711.93
HLA-B*51:03,YTIYTRVRL,3.555,6.569,28159.12
HLA-B*51:03,TIYTRVRLL,1.597,3.104,22379.51
HLA-B*51:03,IYTRVRLLT,53.889,48.779,42810.38
HLA-B*51:03,YTRVRLLTL,2.653,3.025,22196.0
HLA-B*51:03,TRVRLLTLM,18.89,25.433,38222.82
HLA-B*51:03,RVRLLTLMN,79.167,59.832,44196.01
HLA-B*51:03,VRLLTLMNN,76.667,65.3,44793.43
HLA-B*51:03,RLLTLMNNH,53.333,81.046,46274.75
HLA-B*51:03,LLTLMNNHM,16.578,16.025,34876.8
HLA-B*51:03,LTLMNNHMK,23.517,32.381,39955.31
HLA-B*51:03,TLMNNHMKL,6.59,8.618,30264.79
HLA-B*51:03,LMNNHMKLK,52.593,54.322,43534.4
HLA-B*51:03,MNNHMKLKT,23.046,33.914,40279.1
HLA-B*51:03,NNHMKLKTE,47.125,71.801,45427.95
HLA-B*51:03,NHMKLKTEQ,40.938,67.692,45029.6
HLA-B*51:03,HMKLKTEQQ,53.519,84.852,46624.04
HLA-B*51:03,MKLKTEQQS,55.75,69.98,45256.71
HLA-B*51:03,KLKTEQQSW,16.804,42.94,41931.13
HLA-B*51:03,LKTEQQSWE,77.5,94.332,47604.81
HLA-B*51:03,KTEQQSWEI,11.019,18.5,35920.42
HLA-B*51:03,TEQQSWEIA,24.39,27.253,38716.46
HLA-B*51:03,EQQSWEIAL,2.986,8.279,29962.44
HLA-B*51:03,QQSWEIALL,6.379,15.947,34840.59
HLA-B*51:03,QSWEIALLL,1.077,0.931,13939.5
HLA-B*51:03,SWEIALLLR,50.0,81.627,46327.88
HLA-B*51:03,WEIALLLRD,72.143,40.346,41502.78
HLA-B*51:03,EIALLLRDD,75.0,64.011,44655.04
HLA-B*51:03,IALLLRDDE,49.714,51.05,43113.93
HLA-B*51:03,ALLLRDDEI,18.372,24.496,37952.89
HLA-B*51:03,LLLRDDEIG,88.333,76.002,45819.9
HLA-B*51:03,LLRDDEIGT,55.0,69.719,45230.77
HLA-B*51:03,LRDDEIGTF,6.684,36.5,40799.75
HLA-B*51:03,RDDEIGTFK,51.111,83.773,46524.77
HLA-B*51:03,DDEIGTFKQ,61.786,91.743,47314.17
HLA-B*51:03,DEIGTFKQA,4.846,11.467,32410.24
HLA-B*51:03,EIGTFKQAR,36.952,73.471,45585.49
HLA-B*51:03,IGTFKQARK,52.037,72.463,45490.4
HLA-B*51:03,GTFKQARKV,6.263,10.263,31567.84
HLA-B*51:03,TFKQARKVP,40.5,68.829,45142.27
HLA-B*51:03,FKQARKVPA,24.312,33.893,40274.76
HLA-B*51:03,KQARKVPAE,57.75,87.884,46915.01
HLA-B*51:03,QARKVPAES,20.967,39.429,41345.03
HLA-B*51:03,ARKVPAESN,82.5,95.126,47737.38
HLA-B*51:03,RKVPAESNR,72.857,96.271,48259.3
HLA-B*51:03,KVPAESNRS,66.818,94.442,47617.15
HLA-B*51:03,VPAESNRSN,18.488,26.716,38571.79
HLA-B*51:03,PAESNRSNQ,83.75,96.13,48194.57
HLA-B*51:03,AESNRSNQS,32.548,85.758,46710.38
HLA-B*51:03,ESNRSNQSM,5.294,15.788,34765.64
HLA-B*51:03,SNRSNQSML,16.196,32.617,40006.78
HLA-B*51:03,NRSNQSMLK,59.25,79.369,46122.3
HLA-B*51:03,RSNQSMLKL,5.468,16.498,35087.63
HLA-B*51:03,SNQSMLKLL,10.598,21.297,36941.64
HLA-B*51:03,NQSMLKLLR,28.245,52.02,43238.2
HLA-B*51:03,QSMLKLLRH,18.53,42.025,41778.98
HLA-B*51:03,SMLKLLRHE,52.407,66.654,44926.92
HLA-B*51:03,MLKLLRHEV,4.399,4.341,24959.71
HLA-B*51:03,LKLLRHEVS,61.071,65.217,44785.2
HLA-B*51:03,KLLRHEVSD,91.667,91.08,47239.98
HLA-B*51:03,LLRHEVSDA,39.824,43.652,42040.61
HLA-B*51:03,LRHEVSDAV,19.581,21.696,37074.2
HLA-B*51:03,RHEVSDAVD,90.0,84.031,46548.45
HLA-B*51:03,HEVSDAVDL,10.203,29.616,39317.61
HLA-B*51:03,EVSDAVDLS,26.383,44.73,42209.7
HLA-B*51:03,VSDAVDLSD,71.429,58.212,44002.76
HLA-B*51:03,SDAVDLSDT,71.429,77.315,45937.54
HLA-B*51:03,DAVDLSDTI,0.042,0.076,3512.77
HLA-B*51:03,AVDLSDTIS,52.222,86.237,46756.4
HLA-B*51:03,VDLSDTISA,23.264,31.78,39821.93
HLA-B*51:03,DLSDTISAL,2.474,7.839,29555.14
HLA-B*51:03,LSDTISALE,44.727,48.162,42722.48
HLA-B*51:03,SDTISALEN,72.857,77.769,45978.32
HLA-B*51:03,DTISALENI,0.393,0.462,9920.1
HLA-B*51:03,TISALENIL,13.904,23.338,37597.31
HLA-B*51:03,ISALENILK,31.382,49.088,42853.96
HLA-B*51:03,SALENILKE,7.762,24.074,37828.68
HLA-B*51:03,ALENILKEN,90.0,95.422,47871.86
HLA-B*51:03,LENILKENY,21.342,41.38,41674.67
HLA-B*51:03,ENILKENYE,38.222,69.518,45210.71
HLA-B*51:03,NILKENYEF,9.933,17.318,35444.77
HLA-B*51:03,ILKENYEFP,33.464,38.714,41217.72
HLA-B*51:03,LKENYEFPK,46.778,82.848,46439.78
HLA-B*51:03,KENYEFPKK,46.667,79.214,46108.32
HLA-B*51:03,ENYEFPKKN,33.5,49.263,42878.07
HLA-B*51:03,NYEFPKKNL,18.97,50.255,43012.37
HLA-B*51:03,YEFPKKNLE,23.621,44.603,42189.61
HLA-B*51:03,EFPKKNLEA,15.123,34.867,40476.14
HLA-B*51:03,FPKKNLEAD,17.855,12.103,32825.96
HLA-B*51:03,PKKNLEADL,52.593,93.253,47483.39
HLA-B*51:03,KKNLEADLN,97.5,95.791,48039.95
HLA-B*51:03,KNLEADLNE,73.571,92.543,47403.84
HLA-B*51:03,NLEADLNEL,24.416,40.551,41537.38
HLA-B*51:03,LEADLNELL,7.756,12.729,33197.81
HLA-B*51:03,EADLNELLV,0.648,1.211,15598.69
HLA-B*51:03,ADLNELLVQ,77.5,93.033,47458.75
HLA-B*51:03,DLNELLVQI,0.492,1.134,15139.44
HLA-B*51:03,LNELLVQIE,59.5,78.854,46075.92
HLA-B*51:03,NELLVQIEP,15.534,20.226,36565.86
HLA-B*51:03,ELLVQIEPT,30.135,31.021,39648.68
HLA-B*51:03,LLVQIEPTE,39.0,61.182,44344.96
HLA-B*51:03,LVQIEPTEV,2.838,6.008,27452.46
HLA-B*51:03,VQIEPTEVV,1.485,5.682,27012.56
HLA-B*51:03,QIEPTEVVD,75.0,92.992,47454.12
HLA-B*51:03,IEPTEVVDR,54.815,93.326,47491.63
HLA-B*51:03,EPTEVVDRL,0.119,0.825,13113.45
HLA-B*51:03,PTEVVDRLP,63.929,76.013,45820.87
HLA-B*51:03,TEVVDRLPT,45.7,40.407,41513.11
HLA-B*51:03,EVVDRLPTG,5.533,17.651,35583.86
HLA-B*51:03,VVDRLPTGE,48.75,83.844,46531.3
HLA-B*51:03,VDRLPTGEE,59.75,83.981,46543.91
HLA-B*51:03,DRLPTGEEP,28.939,49.024,42845.15
HLA-B*51:03,RLPTGEEPT,82.5,94.474,47620.78
HLA-B*51:03,LPTGEEPTD,32.161,34.275,40353.7
HLA-B*51:03,PTGEEPTDA,52.593,92.127,47357.18
HLA-B*51:03,TGEEPTDAD,82.5,91.555,47293.18
HLA-B*51:03,GEEPTDADT,59.75,93.623,47525.02
HLA-B*51:03,EEPTDADTL,7.493,32.994,40089.12
HLA-B*51:03,EPTDADTLA,3.374,5.78,27145.28
HLA-B*51:03,PTDADTLAK,67.273,91.295,47264.03
HLA-B*51:03,TDADTLAKS,41.25,67.087,44969.7
HLA-B*51:03,DADTLAKSE,8.892,36.736,40845.7
HLA-B*51:03,ADTLAKSEG,71.429,91.903,47332.08
HLA-B*51:03,DTLAKSEGE,35.208,56.872,43843.54
HLA-B*51:03,TLAKSEGEL,23.069,39.812,41411.71
HLA-B*51:03,LAKSEGELL,3.773,7.194,28890.54
HLA-B*51:03,AKSEGELLS,59.25,88.5,46974.44
HLA-B*51:03,KSEGELLSD,86.667,92.864,47439.74
HLA-B*51:03,SEGELLSDF,10.126,26.816,38598.52
HLA-B*51:03,EGELLSDFN,88.333,71.185,45369.98
HLA-B*51:03,GELLSDFNL,20.431,32.135,39901.73
HLA-B*51:03,ELLSDFNLL,4.879,7.434,29156.22
HLA-B*51:03,LLSDFNLLN,34.423,39.751,41400.98
HLA-B*51:03,LSDFNLLNL,6.375,7.346,29058.88
HLA-B*51:03,SDFNLLNLH,29.614,53.683,43452.04
HLA-B*51:03,DFNLLNLHV,2.24,3.308,22860.66
HLA-B*51:03,FNLLNLHVT,16.84,16.6,35133.21
HLA-B*51:03,NLLNLHVTK,17.28,36.214,40744.17
HLA-B*51:03,LLNLHVTKG,41.5,45.364,42307.56
HLA-B*51:03,LNLHVTKGT,48.125,61.564,44386.73
HLA-B*51:03,NLHVTKGTT,38.889,46.433,42467.14
HLA-B*51:03,LHVTKGTTT,33.429,45.87,42384.08
HLA-B*51:03,HVTKGTTTI,2.414,7.414,29134.45
HLA-B*51:03,VTKGTTTIR,44.818,76.955,45905.23
HLA-B*51:03,TKGTTTIRY,35.875,68.907,45150.11
HLA-B*51:03,KGTTTIRYY,28.163,52.688,43323.89
HLA-B*51:03,GTTTIRYYL,17.13,27.304,38730.3
HLA-B*51:03,TTTIRYYLI,4.38,1.76,18225.85
HLA-B*51:03,TTIRYYLIV,4.657,1.434,16762.59
HLA-B*51:03,TIRYYLIVD,88.333,60.826,44306.11
HLA-B*51:03,IRYYLIVDM,16.627,23.466,37638.02
HLA-B*51:03,RYYLIVDMV,17.285,21.862,37129.59
HLA-B*51:03,YYLIVDMVH,46.333,59.816,44194.1
HLA-B*51:03,YLIVDMVHK,26.217,46.934,42540.75
HLA-B*51:03,LIVDMVHKV,1.172,2.081,19505.4
HLA-B*51:03,IVDMVHKVI,2.157,2.84,21714.5
HLA-B*51:03,VDMVHKVIR,50.185,76.478,45862.53
HLA-B*51:03,DMVHKVIRT,11.726,25.601,38270.0
HLA-B*51:03,MVHKVIRTC,3.349,7.119,28807.51
HLA-B*51:03,VHKVIRTCK,62.857,71.378,45388.16
HLA-B*51:03,HKVIRTCKI,14.045,21.135,36888.12
HLA-B*51:03,KVIRTCKIV,19.155,17.505,35522.71
HLA-B*51:03,VIRTCKIVG,83.75,69.429,45201.91
HLA-B*51:03,IRTCKIVGG,88.333,81.106,46280.27
HLA-B*51:03,RTCKIVGGY,18.902,46.931,42540.28
HLA-B*51:03,TCKIVGGYN,67.273,78.112,46009.17
HLA-B*51:03,CKIVGGYNN,88.333,76.141,45832.28
HLA-B*51:03,KIVGGYNNI,12.155,21.059,36862.99
HLA-B*51:03,IVGGYNNIG,85.0,74.588,45691.18
HLA-B*51:03,VGGYNNIGR,74.286,90.81,47209.84
HLA-B*51:03,GGYNNIGRS,62.143,69.139,45173.05
HLA-B*51:03,GYNNIGRSR,67.727,95.286,47809.72
HLA-B*51:03,YNNIGRSRE,75.0,84.113,46555.98
HLA-B*51:03,NNIGRSREI,2.406,5.328,26520.81
HLA-B*51:03,NIGRSREIF,29.5,41.746,41733.79
HLA-B*51:03,IGRSREIFV,7.165,8.957,30560.29
HLA-B*51:03,GRSREIFVA,50.556,64.71,44731.91
HLA-B*51:03,RSREIFVAA,6.538,9.671,31142.1
HLA-B*51:03,SREIFVAAF,21.482,37.792,41046.84
HLA-B*51:03,REIFVAAFL,13.723,12.502,33062.3
HLA-B*51:03,EIFVAAFLR,12.299,28.458,39034.89
HLA-B*51:03,IFVAAFLRY,23.632,32.552,39992.52
HLA-B*51:03,FVAAFLRYT,23.299,18.133,35780.77
HLA-B*51:03,VAAFLRYTP,9.188,5.303,26483.82
HLA-B*51:03,AAFLRYTPT,14.255,7.491,29219.37
HLA-B*51:03,AFLRYTPTT,48.25,55.176,43642.88
HLA-B*51:03,FLRYTPTTT,18.305,21.479,37002.06
HLA-B*51:03,LRYTPTTTV,3.721,7.668,29390.59
HLA-B*51:03,RYTPTTTVW,6.461,24.865,38061.87
HLA-B*51:03,YTPTTTVWK,25.045,36.482,40796.23
HLA-B*51:03,TPTTTVWKR,6.354,22.296,37268.45
HLA-B*51:03,PTTTVWKRN,95.0,95.161,47752.86
HLA-B*51:03,TTTVWKRNI,6.802,6.821,28461.45
HLA-B*51:03,TTVWKRNIN,85.0,78.461,46040.54
HLA-B*51:03,TVWKRNING,36.524,32.798,40046.2
HLA-B*51:03,VWKRNINGL,24.805,50.656,43063.58
HLA-B*51:03,WKRNINGLF,28.0,33.846,40265.18
HLA-B*51:03,KRNINGLFN,86.667,88.932,47016.14
HLA-B*51:03,RNINGLFND,88.333,83.406,46491.05
HLA-B*51:03,NINGLFNDM,19.568,18.617,35965.13
HLA-B*51:03,INGLFNDMG,93.333,64.837,44745.96
HLA-B*51:03,NGLFNDMGF,17.326,8.714,30347.43
HLA-B*51:03,GLFNDMGFS,86.667,77.043,45913.19
HLA-B*51:03,LFNDMGFSC,27.333,32.29,39935.43
HLA-B*51:03,FNDMGFSCP,45.8,36.08,40718.16
HLA-B*51:03,NDMGFSCPE,58.75,43.634,42037.87
HLA-B*51:03,DMGFSCPEV,8.262,3.589,23498.15
HLA-B*51:03,MGFSCPEVA,11.827,2.971,22061.2
HLA-B*51:03,GFSCPEVAD,97.5,95.672,47985.42
HLA-B*51:03,FSCPEVADD,86.667,69.424,45201.41
HLA-B*51:03,SCPEVADDK,75.833,95.112,47730.64
HLA-B*51:03,CPEVADDKL,6.213,5.145,26256.71
HLA-B*51:03,PEVADDKLF,45.7,69.478,45206.8
HLA-B*51:03,EVADDKLFN,39.059,58.324,44016.1
HLA-B*51:03,VADDKLFNM,1.406,7.79,29508.16
HLA-B*51:03,ADDKLFNMV,10.227,24.83,38051.59
HLA-B*51:03,DDKLFNMVG,35.208,30.927,39626.82
HLA-B*51:03,DKLFNMVGK,50.926,61.107,44336.81
HLA-B*51:03,KLFNMVGKD,88.333,79.618,46144.76
HLA-B*51:03,LFNMVGKDG,86.667,75.36,45762.4
HLA-B*51:03,FNMVGKDGE,71.429,73.116,45551.96
HLA-B*51:03,NMVGKDGEP,50.556,62.702,44511.28
HLA-B*51:03,MVGKDGEPQ,83.75,89.032,47025.81
HLA-B*51:03,VGKDGEPQD,54.444,95.002,47681.1
HLA-B*51:03,GKDGEPQDL,40.062,89.984,47117.98
HLA-B*51:03,KDGEPQDLL,24.974,62.061,44441.04
HLA-B*51:03,DGEPQDLLI,0.845,1.929,18959.41
HLA-B*51:03,GEPQDLLIV,20.098,40.577,41541.88
HLA-B*51:03,EPQDLLIVA,0.473,0.841,13248.5
HLA-B*51:03,PQDLLIVAL,12.477,38.138,41111.71
HLA-B*51:03,QDLLIVALR,45.2,68.922,45151.56
HLA-B*51:03,DLLIVALRS,22.3,26.132,38416.86
HLA-B*51:03,LLIVALRSL,4.751,7.803,29520.95
HLA-B*51:03,LIVALRSLI,6.735,2.282,20134.97
HLA-B*51:03,IVALRSLIE,53.704,53.756,43461.46
HLA-B*51:03,VALRSLIER,17.617,36.889,40875.32
HLA-B*51:03,ALRSLIERA,20.911,35.15,40533.56
HLA-B*51:03,LRSLIERAA,35.625,40.444,41519.4
HLA-B*51:03,RSLIERAAR,59.75,79.529,46136.79
HLA-B*51:03,SLIERAARF,6.698,12.001,32765.65
HLA-B*51:03,LIERAARFR,68.636,81.106,46280.27
HLA-B*51:03,IERAARFRD,83.75,70.658,45320.41
HLA-B*51:03,ERAARFRDV,13.778,27.549,38797.4
HLA-B*51:03,RAARFRDVA,10.788,19.8,36410.32
HLA-B*51:03,AARFRDVAG,43.273,44.279,42138.05
HLA-B*51:03,ARFRDVAGA,38.111,53.559,43436.07
HLA-B*51:03,RFRDVAGAA,40.0,46.84,42526.92
HLA-B*51:03,FRDVAGAAK,53.148,70.877,45341.02
HLA-B*51:03,RDVAGAAKL,21.114,41.726,41730.64
HLA-B*51:03,DVAGAAKLT,14.646,24.901,38072.57
HLA-B*51:03,VAGAAKLTY,8.619,14.432,34117.64
HLA-B*51:03,AGAAKLTYG,64.286,68.578,45117.39
HLA-B*51:03,GAAKLTYGD,78.333,71.065,45358.69
HLA-B*51:03,AAKLTYGDV,8.384,7.472,29198.84
HLA-B*51:03,AKLTYGDVH,75.0,93.092,47465.42
HLA-B*51:03,KLTYGDVHA,48.625,73.554,45593.4
HLA-B*51:03,LTYGDVHAS,16.489,23.659,37698.75
HLA-B*51:03,TYGDVHASE,33.321,68.799,45139.36
HLA-B*51:03,YGDVHASEV,1.794,2.801,21609.97
HLA-B*51:03,GDVHASEVA,52.407,68.032,45063.24
HLA-B*51:03,DVHASEVAE,25.896,45.727,42362.52
HLA-B*51:03,VHASEVAEL,6.101,18.084,35761.81
HLA-B*51:03,HASEVAELA,2.958,4.947,25966.28
HLA-B*51:03,ASEVAELAS,67.273,78.117,46009.67
HLA-B*51:03,SEVAELASG,56.5,50.321,43020.75
HLA-B*51:03,EVAELASGN,46.222,53.928,43483.55
HLA-B*51:03,VAELASGND,86.667,67.013,44962.43
HLA-B*51:03,AELASGNDY,33.5,55.16,43640.99
HLA-B*51:03,ELASGNDYG,66.818,64.279,44684.51
HLA-B*51:03,LASGNDYGG,65.455,42.662,41884.89
HLA-B*51:03,ASGNDYGGP,77.5,82.694,46425.71
HLA-B*51:03,SGNDYGGPS,59.75,54.847,43602.28
HLA-B*51:03,GNDYGGPSN,91.667,95.568,47938.18
HLA-B*51:03,NDYGGPSNC,13.074,35.188,40541.01
HLA-B*51:03,DYGGPSNCR,44.091,81.517,46317.84
HLA-B*51:03,YGGPSNCRV,7.191,9.687,31153.54
HLA-B*51:03,GGPSNCRVF,20.837,36.57,40813.44
HLA-B*51:03,GPSNCRVFS,47.125,41.43,41682.79
HLA-B*51:03,PSNCRVFSN,97.5,76.307,45847.15
HLA-B*51:03,SNCRVFSNG,83.75,59.56,44163.5
HLA-B*51:03,NCRVFSNGE,61.071,82.388,46397.6
HLA-B*51:03,CRVFSNGET,72.143,73.533,45591.43
HLA-B*51:03,RVFSNGETK,36.0,49.441,42902.66
HLA-B*51:03,VFSNGETKA,47.75,70.543,45309.63
HLA-B*51:03,FSNGETKAE,44.0,71.968,45443.66
HLA-B*51:03,SNGETKAEE,75.0,95.585,47945.98
HLA-B*51:03,NGETKAEEP,40.938,69.158,45175.01
HLA-B*51:03,GETKAEEPV,31.235,47.613,42641.66
HLA-B*51:03,ETKAEEPVL,3.71,13.402,33578.56
HLA-B*51:03,TKAEEPVLP,26.4,64.952,44758.55
HLA-B*51:03,KAEEPVLPA,7.431,16.261,34981.48
HLA-B*51:03,AEEPVLPAN,50.926,74.019,45637.32
HLA-B*51:03,EEPVLPANN,44.727,77.381,45943.49
HLA-B*51:03,EPVLPANNL,0.175,0.87,13493.71
HLA-B*51:03,PVLPANNLE,59.25,84.852,46624.04
HLA-B*51:03,VLPANNLEK,48.625,68.799,45139.36
HLA-B*51:03,LPANNLEKP,6.303,7.663,29385.5
HLA-B*51:03,PANNLEKPG,85.0,89.247,47046.68
HLA-B*51:03,ANNLEKPGV,16.836,38.567,41190.54
HLA-B*51:03,NNLEKPGVM,6.797,18.622,35967.08
HLA-B*51:03,NLEKPGVMI,7.028,15.818,34779.57
HLA-B*51:03,LEKPGVMIV,2.223,6.135,27612.74
HLA-B*51:03,EKPGVMIVY,12.269,43.628,42036.97
HLA-B*51:03,KPGVMIVYR,21.114,45.179,42279.63
HLA-B*51:03,PGVMIVYRV,13.499,13.259,33500.89
HLA-B*51:03,GVMIVYRVA,22.82,23.22,37560.3
HLA-B*51:03,VMIVYRVAY,25.299,25.211,38160.84
HLA-B*51:03,MIVYRVAYG,52.778,19.592,36332.4
HLA-B*51:03,IVYRVAYGT,22.7,17.818,35653.62
HLA-B*51:03,VYRVAYGTN,82.5,75.437,45769.34
HLA-B*51:03,YRVAYGTNG,66.818,67.904,45050.54
HLA-B*51:03,RVAYGTNGQ,85.0,95.737,48015.01
HLA-B*51:03,VAYGTNGQH,23.264,37.85,41057.93
HLA-B*51:03,AYGTNGQHD,91.667,95.376,47850.62
HLA-B*51:03,YGTNGQHDV,8.32,15.99,34860.57
HLA-B*51:03,GTNGQHDVL,24.377,45.442,42319.46
HLA-B*51:03,TNGQHDVLE,76.667,91.084,47240.5
HLA-B*51:03,NGQHDVLEV,2.389,5.874,27272.16
HLA-B*51:03,GQHDVLEVL,8.136,32.7,40024.97
HLA-B*51:03,QHDVLEVLK,47.0,80.301,46206.73
HLA-B*51:03,HDVLEVLKI,3.505,7.653,29376.29
HLA-B*51:03,DVLEVLKIL,0.475,1.721,18062.9
HLA-B*51:03,VLEVLKILD,85.0,83.067,46459.88
HLA-B*51:03,LEVLKILDL,4.815,12.443,33027.61
HLA-B*51:03,EVLKILDLK,17.078,30.777,39591.67
HLA-B*51:03,VLKILDLKM,9.486,16.464,35072.45
HLA-B*51:03,LKILDLKMD,95.0,89.5,47071.11
HLA-B*51:03,KILDLKMDA,28.857,51.561,43179.29
HLA-B*51:03,ILDLKMDAE,57.0,88.705,46994.29
HLA-B*51:03,LDLKMDAEK,70.0,76.905,45900.76
HLA-B*51:03,DLKMDAEKT,21.702,40.5,41528.83
HLA-B*51:03,LKMDAEKTR,57.75,87.411,46869.34
HLA-B*51:03,KMDAEKTRQ,86.667,97.108,48644.6
HLA-B*51:03,MDAEKTRQI,2.911,6.195,27688.72
HLA-B*51:03,DAEKTRQIE,20.398,46.069,42413.88
HLA-B*51:03,AEKTRQIEV,5.565,20.618,36706.18
HLA-B*51:03,EKTRQIEVG,73.571,85.947,46728.58
HLA-B*51:03,KTRQIEVGS,54.815,75.426,45768.36
HLA-B*51:03,TRQIEVGSV,24.909,29.522,39295.07
HLA-B*51:03,RQIEVGSVN,50.926,58.56,44044.18
HLA-B*51:03,QIEVGSVNE,78.333,95.678,47988.02
HLA-B*51:03,IEVGSVNEK,38.278,66.801,44941.49
HLA-B*51:03,EVGSVNEKE,47.0,80.69,46242.23
HLA-B*51:03,VGSVNEKEL,11.289,32.851,40057.9
HLA-B*51:03,GSVNEKELY,29.182,70.663,45320.91
HLA-B*51:03,SVNEKELYT,19.453,39.596,41374.1
HLA-B*51:03,VNEKELYTN,86.667,86.953,46825.26
HLA-B*51:03,NEKELYTNR,29.75,70.402,45296.39
HLA-B*51:03,EKELYTNRA,29.955,44.075,42105.7
HLA-B*51:03,KELYTNRAD,91.667,86.2,46752.88
HLA-B*51:03,ELYTNRADS,40.5,49.741,42943.99
HLA-B*51:03,LYTNRADSV,23.276,26.35,38474.68
HLA-B*51:03,YTNRADSVV,7.083,6.2,27694.42
HLA-B*51:03,TNRADSVVK,62.857,76.578,45871.46
HLA-B*51:03,NRADSVVKR,36.095,86.189,46751.85
HLA-B*51:03,RADSVVKRA,6.24,19.074,36139.11
HLA-B*51:03,ADSVVKRAH,43.909,92.612,47411.54
HLA-B*51:03,DSVVKRAHV,0.804,1.583,17450.48
HLA-B*51:03,SVVKRAHVA,6.857,13.995,33904.2
HLA-B*51:03,VVKRAHVAI,3.103,4.959,25985.11
HLA-B*51:03,VKRAHVAIL,19.939,30.878,39615.25
HLA-B*51:03,KRAHVAILL,21.781,37.422,40976.72
HLA-B*51:03,RAHVAILLE,29.341,31.606,39782.32
HLA-B*51:03,AHVAILLES,34.308,49.306,42884.1
HLA-B*51:03,HVAILLESP,20.236,27.571,38803.28
HLA-B*51:03,VAILLESPS,31.353,15.123,34453.72
HLA-B*51:03,AILLESPSE,45.5,81.199,46288.78
HLA-B*51:03,ILLESPSEV,2.276,4.369,25014.33
HLA-B*51:03,LLESPSEVV,11.551,17.417,35486.21
HLA-B*51:03,LESPSEVVK,37.632,67.682,45028.61
HLA-B*51:03,ESPSEVVKV,0.611,3.33,22913.41
HLA-B*51:03,SPSEVVKVF,0.121,1.095,14900.55
HLA-B*51:03,PSEVVKVFG,86.667,89.311,47052.78
HLA-B*51:03,SEVVKVFGQ,52.778,79.275,46113.82
HLA-B*51:03,EVVKVFGQQ,32.742,51.973,43232.12
HLA-B*51:03,VVKVFGQQT,20.447,38.482,41174.95
HLA-B*51:03,VKVFGQQTA,27.407,41.154,41638.16
HLA-B*51:03,KVFGQQTAF,5.847,19.585,36329.63
HLA-B*51:03,VFGQQTAFP,56.25,55.844,43721.81
HLA-B*51:03,FGQQTAFPS,40.312,14.375,34089.97
HLA-B*51:03,GQQTAFPSK,39.882,66.481,44909.91
HLA-B*51:03,QQTAFPSKG,51.481,65.044,44768.25
HLA-B*51:03,QTAFPSKGS,48.125,71.388,45389.12
HLA-B*51:03,TAFPSKGSE,17.114,30.066,39424.96
HLA-B*51:03,AFPSKGSES,59.0,91.295,47264.03
HLA-B*51:03,FPSKGSESR,8.279,21.592,37039.71
HLA-B*51:03,PSKGSESRK,83.75,96.423,48329.31
HLA-B*51:03,SKGSESRKA,42.538,75.509,45775.77
HLA-B*51:03,KGSESRKAP,44.818,78.427,46037.54
HLA-B*51:03,GSESRKAPY,48.0,75.449,45770.34
HLA-B*51:03,SESRKAPYK,34.192,61.309,44358.89
HLA-B*51:03,ESRKAPYKV,1.078,3.297,22834.46
HLA-B*51:03,SRKAPYKVI,16.956,32.857,40059.19
HLA-B*51:03,RKAPYKVIP,41.75,73.267,45566.27
HLA-B*51:03,KAPYKVIPR,35.5,69.094,45168.66
HLA-B*51:03,APYKVIPRQ,5.943,23.531,37658.39
HLA-B*51:03,PYKVIPRQN,95.0,97.141,48659.85
HLA-B*51:03,YKVIPRQNP,41.917,63.634,44613.5
HLA-B*51:03,KVIPRQNPF,8.235,19.842,36426.08
HLA-B*51:03,VIPRQNPFP,36.476,49.835,42957.01
HLA-B*51:03,IPRQNPFPF,0.507,0.441,9663.2
HLA-B*51:03,PRQNPFPFK,80.0,95.319,47824.73
HLA-B*51:03,RQNPFPFKK,20.089,55.808,43717.55
HLA-B*51:03,QNPFPFKKI,3.26,9.71,31170.06
HLA-B*51:03,NPFPFKKIH,2.991,11.082,32155.6
HLA-B*51:03,PFPFKKIHT,72.143,95.68,47989.04
HLA-B*51:03,FPFKKIHTD,1.018,0.832,13171.61
HLA-B*51:03,PFKKIHTDV,32.516,61.375,44366.1
HLA-B*51:03,FKKIHTDVL,11.064,27.66,38827.64
HLA-B*51:03,KKIHTDVLL,25.507,44.356,42150.37
HLA-B*51:03,KIHTDVLLI,6.315,8.968,30569.22
HLA-B*51:03,IHTDVLLIE,40.75,55.14,43638.62
HLA-B*51:03,HTDVLLIET,13.123,32.208,39917.71
HLA-B*51:03,TDVLLIETQ,49.429,73.847,45621.02
HLA-B*51:03,DVLLIETQK,8.963,32.438,39967.84
HLA-B*51:03,VLLIETQKK,43.273,70.193,45276.8
HLA-B*51:03,LLIETQKKP,19.507,35.94,40690.86
HLA-B*51:03,LIETQKKPD,97.5,95.773,48031.64
HLA-B*51:03,IETQKKPDH,45.1,93.82,47547.16
HLA-B*51:03,ETQKKPDHG,42.462,73.095,45549.99
HLA-B*51:03,TQKKPDHGA,14.226,43.917,42081.11
HLA-B*51:03,QKKPDHGAR,66.364,95.856,48069.6
HLA-B*51:03,KKPDHGARA,51.296,84.836,46622.53
HLA-B*51:03,KPDHGARAE,26.75,66.314,44893.38
HLA-B*51:03,PDHGARAEA,55.0,81.216,46290.27
HLA-B*51:03,DHGARAEAV,8.088,12.696,33177.69
HLA-B*51:03,HGARAEAVA,26.717,30.745,39583.96
HLA-B*51:03,GARAEAVAT,31.971,51.244,43138.66
HLA-B*51:03,ARAEAVATV,6.798,20.244,36572.18
HLA-B*51:03,RAEAVATVG,40.188,38.581,41193.19
HLA-B*51:03,AEAVATVGT,27.852,62.289,44466.04
HLA-B*51:03,EAVATVGTT,7.21,7.33,29040.97
HLA-B*51:03,AVATVGTTN,62.5,77.481,45952.44
HLA-B*51:03,VATVGTTNH,25.866,59.0,44096.65
HLA-B*51:03,ATVGTTNHA,17.368,33.004,40091.29
HLA-B*51:03,TVGTTNHAA,16.818,30.969,39636.69
HLA-B*51:03,VGTTNHAAS,60.357,58.276,44010.36
HLA-B*51:03,GTTNHAASG,81.25,85.474,46683.09
HLA-B*51:03,TTNHAASGI,8.248,7.966,29678.51
HLA-B*51:03,TNHAASGIV,13.896,10.817,31968.29
HLA-B*51:03,NHAASGIVN,61.786,51.794,43209.21
HLA-B*51:03,HAASGIVNK,6.025,33.307,40153.8
HLA-B*51:03,AASGIVNKW,2.336,8.716,30349.41
HLA-B*51:03,ASGIVNKWM,30.135,45.636,42348.78
HLA-B*51:03,SGIVNKWMS,44.727,36.689,40836.43
HLA-B*51:03,GIVNKWMSW,19.932,34.019,40300.9
HLA-B*51:03,IVNKWMSWH,51.296,54.427,43548.07
HLA-B*51:03,VNKWMSWHD,85.0,54.898,43608.89
HLA-B*51:03,NKWMSWHDI,15.836,5.724,27069.32
HLA-B*51:03,KWMSWHDIA,50.926,42.58,41871.28
HLA-B*51:03,WMSWHDIAP,39.059,17.355,35460.5
HLA-B*51:03,MSWHDIAPG,50.37,8.548,30203.63
HLA-B*51:03,SWHDIAPGF,12.782,29.552,39302.3
HLA-B*51:03,WHDIAPGFQ,74.286,77.231,45930.07
HLA-B*51:03,HDIAPGFQS,30.297,52.622,43315.45
HLA-B*51:03,DIAPGFQSF,0.782,2.767,21522.94
HLA-B*51:03,IAPGFQSFK,10.98,20.311,36596.34
HLA-B*51:03,APGFQSFKC,8.672,15.147,34464.9
HLA-B*51:03,PGFQSFKCV,8.319,9.545,31051.59
HLA-B*51:03,GFQSFKCVH,76.667,94.433,47616.14
HLA-B*51:03,FQSFKCVHS,43.182,40.205,41478.99
HLA-B*51:03,QSFKCVHSV,1.272,1.418,16670.53
HLA-B*51:03,SFKCVHSVE,74.286,72.323,45477.11
HLA-B*51:03,FKCVHSVEG,77.5,59.244,44125.75
HLA-B*51:03,KCVHSVEGG,93.333,95.839,48061.79
HLA-B*51:03,CVHSVEGGE,82.5,76.357,45851.62
HLA-B*51:03,VHSVEGGEE,81.25,90.329,47156.25
HLA-B*51:03,HSVEGGEEE,47.75,77.564,45959.91
HLA-B*51:03,SVEGGEEEH,62.5,95.848,48065.95
HLA-B*51:03,VEGGEEEHK,70.0,95.578,47942.86
HLA-B*51:03,EGGEEEHKV,3.54,16.324,35009.88
HLA-B*51:03,GGEEEHKVS,75.833,95.106,47728.08
HLA-B*51:03,GEEEHKVSC,29.114,74.718,45703.53
HLA-B*51:03,EEEHKVSCK,35.667,75.891,45809.97
HLA-B*51:03,EEHKVSCKK,31.882,52.108,43249.41
HLA-B*51:03,EHKVSCKKL,6.206,30.02,39414.29
HLA-B*51:03,HKVSCKKLE,81.25,95.429,47874.94
HLA-B*51:03,KVSCKKLEP,52.963,64.328,44689.84
HLA-B*51:03,VSCKKLEPY,29.5,40.029,41449.39
HLA-B*51:03,SCKKLEPYY,20.0,48.851,42820.59
HLA-B*51:03,CKKLEPYYG,91.667,79.856,46166.25
HLA-B*51:03,KKLEPYYGL,16.227,43.402,42002.42
HLA-B*51:03,KLEPYYGLV,21.132,20.474,36654.59
HLA-B*51:03,LEPYYGLVA,21.5,21.695,37073.79
HLA-B*51:03,EPYYGLVAP,0.893,0.928,13920.06
HLA-B*51:03,PYYGLVAPG,83.75,63.374,44585.03
HLA-B*51:03,YYGLVAPGA,30.919,30.203,39456.96
HLA-B*51:03,YGLVAPGAS,42.692,30.217,39460.37
HLA-B*51:03,GLVAPGASC,48.75,72.552,45498.76
HLA-B*51:03,LVAPGASCA,16.889,17.344,35455.9
HLA-B*51:03,VAPGASCAE,47.625,63.405,44588.42
HLA-B*51:03,APGASCAEP,19.351,24.263,37884.39
HLA-B*51:03,PGASCAEPA,81.25,54.788,43594.75
HLA-B*51:03,GASCAEPAA,34.885,35.611,40625.31
HLA-B*51:03,ASCAEPAAA,35.083,46.755,42514.5
HLA-B*51:03,SCAEPAAAE,35.0,72.928,45534.22
HLA-B*51:03,CAEPAAAEL,1.999,3.185,22570.89
HLA-B*51:03,AEPAAAELW,14.449,26.628,38548.44
HLA-B*51:03,EPAAAELWG,22.25,11.494,32428.14
HLA-B*51:03,PAAAELWGI,9.155,7.466,29192.19
HLA-B*51:03,AAAELWGIW,7.605,5.895,27300.21
HLA-B*51:03,AAELWGIWC,46.222,60.712,44293.65
HLA-B*51:03,AELWGIWCF,12.896,18.72,36004.47
HLA-B*51:03,ELWGIWCFA,25.03,13.858,33829.09
HLA-B*51:03,LWGIWCFAR,74.286,79.408,46125.81
HLA-B*51:03,WGIWCFARM,29.227,6.509,28088.23
HLA-B*51:03,GIWCFARMQ,82.5,80.082,46186.71
HLA-B*51:03,IWCFARMQV,30.757,22.918,37464.94
HLA-B*51:03,WCFARMQVA,17.155,9.933,31331.01
HLA-B*51:03,CFARMQVAR,68.182,59.336,44136.73
HLA-B*51:03,FARMQVARF,2.588,2.321,20256.47
HLA-B*51:03,ARMQVARFA,25.448,28.917,39149.5
HLA-B*51:03,RMQVARFAE,83.75,76.733,45885.37
HLA-B*51:03,MQVARFAEE,36.952,39.879,41423.39
HLA-B*51:03,QVARFAEEF,12.977,21.491,37006.05
HLA-B*51:03,VARFAEEFT,32.419,28.146,38957.26
HLA-B*51:03,ARFAEEFTS,52.593,71.096,45361.64
HLA-B*51:03,RFAEEFTSV,11.207,21.088,36872.57
HLA-B*51:03,FAEEFTSVI,0.276,0.261,7085.09
HLA-B*51:03,AEEFTSVIT,40.0,61.674,44398.73
HLA-B*51:03,EEFTSVITV,0.419,1.016,14452.46
HLA-B*51:03,EFTSVITVN,35.292,53.589,43439.83
HLA-B*51:03,FTSVITVNG,38.389,17.007,35315.76
HLA-B*51:03,TSVITVNGM,5.348,10.995,32098.25
HLA-B*51:03,SVITVNGMP,35.708,30.257,39469.76
HLA-B*51:03,VITVNGMPD,95.0,73.126,45552.96
HLA-B*51:03,ITVNGMPDE,75.0,84.392,46581.69
HLA-B*51:03,TVNGMPDEF,8.91,19.311,36227.58
HLA-B*51:03,VNGMPDEFW,29.705,36.67,40832.87
HLA-B*51:03,NGMPDEFWL,11.286,8.904,30513.71
HLA-B*51:03,GMPDEFWLW,13.141,22.442,37314.45
HLA-B*51:03,MPDEFWLWI,0.208,0.026,1905.1
HLA-B*51:03,PDEFWLWIQ,97.5,96.029,48148.72
HLA-B*51:03,DEFWLWIQI,1.104,0.703,12122.13
HLA-B*51:03,EFWLWIQIK,32.129,40.883,41593.59
HLA-B*51:03,FWLWIQIKT,50.37,53.487,43426.66
HLA-B*51:03,WLWIQIKTD,69.091,44.529,42177.75
HLA-B*51:03,LWIQIKTDE,85.0,92.511,47400.23
HLA-B*51:03,WIQIKTDEL,13.151,20.769,36760.24
HLA-B*51:03,IQIKTDELF,9.82,13.868,33834.56
HLA-B*51:03,QIKTDELFE,75.833,91.981,47340.78
HLA-B*51:03,IKTDELFEG,70.714,82.169,46377.53
HLA-B*51:03,KTDELFEGL,11.703,27.801,38866.32
HLA-B*51:03,TDELFEGLA,38.389,39.83,41414.87
HLA-B*51:03,DELFEGLAD,45.4,43.003,41941.57
HLA-B*51:03,ELFEGLADL,5.586,8.96,30562.61
HLA-B*51:03,LFEGLADLT,66.818,65.782,44840.95
HLA-B*51:03,FEGLADLTF,11.241,10.667,31859.86
HLA-B*51:03,EGLADLTFF,7.417,7.299,29006.44
HLA-B*51:03,GLADLTFFN,82.5,76.423,45857.59
HLA-B*51:03,LADLTFFNI,1.492,0.435,9589.77
HLA-B*51:03,ADLTFFNII,8.372,8.166,29860.16
HLA-B*51:03,DLTFFNIIL,6.415,7.371,29086.58
HLA-B*51:03,LTFFNIILL,4.178,2.433,20617.11
HLA-B*51:03,TFFNIILLR,30.324,47.647,42646.72
HLA-B*51:03,FFNIILLRD,86.667,66.23,44885.13
HLA-B*51:03,FNIILLRDV,6.085,5.424,26660.05
HLA-B*51:03,NIILLRDVK,35.708,49.542,42916.58
HLA-B*51:03,IILLRDVKL,5.72,13.481,33622.18
HLA-B*51:03,ILLRDVKLI,10.191,6.507,28085.18
HLA-B*51:03,LLRDVKLIE,49.571,63.607,44610.6
HLA-B*51:03,LRDVKLIEV,8.525,20.756,36755.86
HLA-B*51:03,RDVKLIEVK,65.455,86.679,46798.91
HLA-B*51:03,DVKLIEVKS,9.934,21.721,37082.62
HLA-B*51:03,VKLIEVKSD,91.667,91.336,47268.63
HLA-B*51:03,KLIEVKSDI,12.185,22.636,37375.87
HLA-B*51:03,LIEVKSDIV,14.627,19.964,36471.82
HLA-B*51:03,IEVKSDIVA,25.925,32.758,40037.52
HLA-B*51:03,EVKSDIVAV,0.767,2.522,20892.42
HLA-B*51:03,VKSDIVAVS,39.118,64.06,44660.34
HLA-B*51:03,KSDIVAVSS,37.579,64.701,44730.96
HLA-B*51:03,SDIVAVSSI,2.388,3.352,22966.27
HLA-B*51:03,DIVAVSSID,43.273,38.484,41175.37
HLA-B*51:03,IVAVSSIDF,17.425,15.89,34813.46
HLA-B*51:03,VAVSSIDFP,17.306,12.74,33204.27
HLA-B*51:03,AVSSIDFPF,26.05,19.399,36260.14
HLA-B*51:03,VSSIDFPFE,51.481,51.637,43189.09
HLA-B*51:03,SSIDFPFEE,20.829,39.542,41364.71
HLA-B*51:03,SIDFPFEET,24.506,50.376,43027.71
HLA-B*51:03,IDFPFEETQ,40.875,68.342,45093.94
HLA-B*51:03,DFPFEETQG,60.357,79.241,46110.82
HLA-B*51:03,FPFEETQGH,2.296,7.599,29324.52
HLA-B*51:03,PFEETQGHG,93.333,95.625,47964.13
HLA-B*51:03,FEETQGHGG,47.875,62.865,44529.11
HLA-B*51:03,EETQGHGGP,32.29,54.511,43558.91
HLA-B*51:03,ETQGHGGPG,60.714,52.071,43244.75
HLA-B*51:03,TQGHGGPGS,50.741,85.984,46732.13
HLA-B*51:03,QGHGGPGSD,88.333,91.002,47231.3
HLA-B*51:03,GHGGPGSDD,91.667,95.652,47976.6
HLA-B*51:03,HGGPGSDDQ,95.0,97.447,48801.68
HLA-B*51:03,GGPGSDDQF,40.562,78.87,46077.41
HLA-B*51:03,GPGSDDQFA,31.353,43.702,42048.34
HLA-B*51:03,PGSDDQFAP,58.25,89.111,47033.43
HLA-B*51:03,GSDDQFAPP,37.0,50.897,43094.33
HLA-B*51:03,SDDQFAPPT,29.932,38.215,41125.95
HLA-B*51:03,DDQFAPPTS,21.158,40.955,41605.74
HLA-B*51:03,DQFAPPTSD,15.978,27.498,38783.56
HLA-B*51:03,QFAPPTSDK,36.095,82.525,46410.14
HLA-B*51:03,FAPPTSDKR,9.718,38.576,41192.32
HLA-B*51:03,APPTSDKRF,3.475,20.714,36740.76
HLA-B*51:03,PPTSDKRFL,6.141,22.997,37490.08
HLA-B*51:03,PTSDKRFLI,15.396,17.963,35714.63
HLA-B*51:03,TSDKRFLIA,5.468,9.005,30601.64
HLA-B*51:03,SDKRFLIAS,41.583,55.06,43629.17
HLA-B*51:03,DKRFLIAST,23.241,31.542,39767.7
HLA-B*51:03,KRFLIASTQ,70.714,82.229,46383.03
HLA-B*51:03,RFLIASTQT,59.25,71.044,45356.73
HLA-B*51:03,FLIASTQTT,23.563,22.547,37347.55
HLA-B*51:03,LIASTQTTL,4.653,9.054,30642.74
HLA-B*51:03,IASTQTTLA,3.402,5.136,26244.79
HLA-B*51:03,ASTQTTLAS,40.688,51.357,43153.12
HLA-B*51:03,STQTTLASQ,49.429,74.353,45668.94
HLA-B*51:03,TQTTLASQS,40.938,60.611,44282.63
HLA-B*51:03,QTTLASQSL,7.322,18.078,35759.87
HLA-B*51:03,TTLASQSLA,12.583,8.399,30070.92
HLA-B*51:03,TLASQSLAR,38.111,58.532,44040.86
HLA-B*51:03,LASQSLARA,5.131,6.18,27669.55
HLA-B*51:03,ASQSLARAE,48.125,77.193,45926.61
HLA-B*51:03,SQSLARAED,82.5,73.935,45629.4
HLA-B*51:03,QSLARAEDV,7.745,12.218,32894.25
HLA-B*51:03,SLARAEDVD,95.0,93.175,47474.66
HLA-B*51:03,LARAEDVDA,32.226,26.788,38591.0
HLA-B*51:03,ARAEDVDAC,44.909,86.726,46803.46
HLA-B*51:03,RAEDVDACE,69.545,85.458,46681.59
HLA-B*51:03,AEDVDACEY,24.182,56.128,43755.41
HLA-B*51:03,EDVDACEYR,50.0,82.782,46433.76
HLA-B*51:03,DVDACEYRR,50.0,75.991,45818.89
HLA-B*51:03,VDACEYRRS,78.333,80.252,46202.23
HLA-B*51:03,DACEYRRSP,3.14,6.271,27785.05
HLA-B*51:03,ACEYRRSPN,97.5,96.212,48232.13
HLA-B*51:03,CEYRRSPNL,3.533,3.477,23269.42
HLA-B*51:03,EYRRSPNLD,68.636,79.762,46157.74
HLA-B*51:03,YRRSPNLDG,73.571,68.73,45132.52
HLA-B*51:03,RRSPNLDGY,51.667,87.721,46899.28
HLA-B*51:03,RSPNLDGYE,78.333,88.595,46983.59
HLA-B*51:03,SPNLDGYEI,0.372,0.53,10667.33
HLA-B*51:03,PNLDGYEIA,53.889,70.245,45281.7
HLA-B*51:03,NLDGYEIAT,42.846,63.462,44594.69
HLA-B*51:03,LDGYEIATL,15.989,24.379,37918.42
HLA-B*51:03,DGYEIATLA,0.598,0.483,10188.57
HLA-B*51:03,GYEIATLAL,20.724,52.772,43334.68
HLA-B*51:03,YEIATLALP,22.08,15.338,34554.14
HLA-B*51:03,EIATLALPQ,52.222,56.908,43847.8
HLA-B*51:03,IATLALPQG,22.5,17.181,35388.05
HLA-B*51:03,ATLALPQGF,9.895,22.218,37243.87
HLA-B*51:03,TLALPQGFL,18.323,19.435,36273.87
HLA-B*51:03,LALPQGFLQ,18.902,20.226,36565.86
HLA-B*51:03,ALPQGFLQQ,57.0,91.093,47241.54
HLA-B*51:03,LPQGFLQQV,0.026,0.082,3697.75
HLA-B*51:03,PQGFLQQVE,85.0,94.135,47582.65
HLA-B*51:03,QGFLQQVEL,2.513,7.344,29056.38
HLA-B*51:03,GFLQQVELE,86.667,95.126,47737.38
HLA-B*51:03,FLQQVELEK,31.529,45.588,42341.43
HLA-B*51:03,LQQVELEKM,13.212,25.936,38364.1
HLA-B*51:03,QQVELEKMA,16.951,39.941,41434.13
HLA-B*51:03,QVELEKMAN,70.0,90.59,47185.33
HLA-B*51:03,VELEKMANL,4.011,13.48,33621.44
HLA-B*51:03,ELEKMANLF,13.533,19.157,36170.01
HLA-B*51:03,LEKMANLFS,52.037,41.877,41755.0
HLA-B*51:03,EKMANLFSS,37.316,29.211,39220.74
HLA-B*51:03,KMANLFSSV,6.679,7.636,29359.75
HLA-B*51:03,MANLFSSVQ,17.995,13.342,33545.88
HLA-B*51:03,ANLFSSVQL,12.752,27.101,38675.02
HLA-B*51:03,NLFSSVQLK,17.57,27.732,38847.4
HLA-B*51:03,LFSSVQLKG,49.857,42.234,41813.78
HLA-B*51:03,FSSVQLKGI,6.148,4.69,25562.92
HLA-B*51:03,SSVQLKGIV,6.162,7.198,28895.24
HLA-B*51:03,SVQLKGIVT,23.701,37.382,40969.19
HLA-B*51:03,VQLKGIVTE,26.35,60.786,44301.79
HLA-B*51:03,QLKGIVTEI,3.375,10.123,31467.6
HLA-B*51:03,LKGIVTEIS,80.0,82.322,46391.55
HLA-B*51:03,KGIVTEISG,47.875,60.764,44299.39
HLA-B*51:03,GIVTEISGH,70.714,96.11,48185.71
HLA-B*51:03,IVTEISGHM,9.039,10.957,32070.13
HLA-B*51:03,VTEISGHML,6.788,16.885,35261.16
HLA-B*51:03,TEISGHMLM,3.626,6.144,27624.39
HLA-B*51:03,EISGHMLMI,2.018,3.006,22153.06
HLA-B*51:03,ISGHMLMIR,50.926,58.908,44085.67
HLA-B*51:03,SGHMLMIRS,34.885,38.148,41113.49
HLA-B*51:03,GHMLMIRSP,31.353,25.288,38182.31
HLA-B*51:03,HMLMIRSPD,86.667,38.651,41206.13
HLA-B*51:03,MLMIRSPDK,36.81,35.247,40552.86
HLA-B*51:03,LMIRSPDKG,66.364,56.976,43855.89
HLA-B*51:03,MIRSPDKGN,75.0,79.413,46126.29
HLA-B*51:03,IRSPDKGNG,88.333,95.923,48100.3
HLA-B*51:03,RSPDKGNGI,10.248,31.829,39833.16
HLA-B*51:03,SPDKGNGIS,23.943,33.72,40239.04
HLA-B*51:03,PDKGNGISI,22.43,46.868,42531.06
HLA-B*51:03,DKGNGISIS,54.259,82.141,46375.02
HLA-B*51:03,KGNGISISD,79.167,81.599,46325.36
HLA-B*51:03,GNGISISDW,46.0,69.355,45194.59
HLA-B*51:03,NGISISDWA,20.894,9.214,30777.3
HLA-B*51:03,GISISDWAT,61.786,77.852,45985.77
HLA-B*51:03,ISISDWATF,4.52,3.401,23084.11
HLA-B*51:03,SISDWATFR,37.737,62.395,44477.59
HLA-B*51:03,ISDWATFRK,44.091,52.593,43311.71
HLA-B*51:03,SDWATFRKA,12.88,16.839,35240.18
HLA-B*51:03,DWATFRKAR,55.0,85.411,46677.04
HLA-B*51:03,WATFRKARQ,46.111,62.355,44473.26
HLA-B*51:03,ATFRKARQK,26.45,56.368,43783.83
HLA-B*51:03,TFRKARQKA,34.808,50.868,43090.61
HLA-B*51:03,FRKARQKAV,20.098,38.363,41153.1
HLA-B*51:03,RKARQKAVT,77.5,92.049,47348.48
HLA-B*51:03,KARQKAVTI,1.301,3.706,23727.05
HLA-B*51:03,ARQKAVTIE,66.364,95.342,47835.07
HLA-B*51:03,RQKAVTIEL,6.936,25.697,38296.94
HLA-B*51:03,QKAVTIELF,13.691,30.263,39471.06
HLA-B*51:03,KAVTIELFM,6.156,9.69,31155.92
HLA-B*51:03,AVTIELFME,71.429,91.016,47232.83
HLA-B*51:03,VTIELFMEV,0.623,0.576,11081.8
HLA-B*51:03,TIELFMEVD,72.857,84.277,46571.11
HLA-B*51:03,IELFMEVDY,34.962,38.312,41143.75
HLA-B*51:03,ELFMEVDYK,27.796,44.175,42121.64
HLA-B*51:03,LFMEVDYKN,69.545,47.124,42568.82
HLA-B*51:03,FMEVDYKNE,68.636,81.079,46277.77
HLA-B*51:03,MEVDYKNES,30.351,43.574,42028.79
HLA-B*51:03,EVDYKNESR,29.545,75.194,45747.56
HLA-B*51:03,VDYKNESRL,8.161,18.429,35893.21
HLA-B*51:03,DYKNESRLG,56.5,70.548,45310.13
HLA-B*51:03,YKNESRLGA,17.373,33.219,40135.55
HLA-B*51:03,KNESRLGAG,91.667,93.239,47481.86
HLA-B*51:03,NESRLGAGI,7.679,8.571,30223.23
HLA-B*51:03,ESRLGAGIL,7.298,9.944,31339.16
HLA-B*51:03,SRLGAGILV,16.476,19.054,36131.68
HLA-B*51:03,RLGAGILVR,67.727,86.374,46769.55
HLA-B*51:03,LGAGILVRN,63.929,54.701,43583.42
HLA-B*51:03,GAGILVRNE,59.25,81.517,46317.84
HLA-B*51:03,AGILVRNEL,4.673,15.687,34717.92
HLA-B*51:03,GILVRNELL,23.287,41.142,41636.37
HLA-B*51:03,ILVRNELLY,20.13,22.534,37343.53
HLA-B*51:03,LVRNELLYA,16.462,12.52,33073.03
HLA-B*51:03,VRNELLYAM,14.752,20.989,36839.46
HLA-B*51:03,RNELLYAME,88.333,90.718,47199.64
HLA-B*51:03,NELLYAMED,50.185,31.034,39651.7
HLA-B*51:03,ELLYAMEDI,18.738,9.671,31142.44
HLA-B*51:03,LLYAMEDIP,50.37,31.356,39725.13
HLA-B*51:03,LYAMEDIPL,35.583,29.206,39219.45
HLA-B*51:03,YAMEDIPLL,0.163,0.252,6939.35
HLA-B*51:03,AMEDIPLLE,61.429,83.423,46492.58
HLA-B*51:03,MEDIPLLEK,16.022,38.162,41116.17
HLA-B*51:03,EDIPLLEKV,1.368,4.873,25849.67
HLA-B*51:03,DIPLLEKVA,7.449,16.19,34950.07
HLA-B*51:03,IPLLEKVAS,7.558,12.01,32771.33
HLA-B*51:03,PLLEKVASI,7.742,14.898,34346.15
HLA-B*51:03,LLEKVASIM,17.725,18.371,35871.09
HLA-B*51:03,LEKVASIMD,75.0,65.271,44790.51
HLA-B*51:03,EKVASIMDH,60.357,85.705,46705.35
HLA-B*51:03,KVASIMDHR,47.125,77.486,45952.95
HLA-B*51:03,VASIMDHRG,39.294,27.963,38910.91
HLA-B*51:03,ASIMDHRGG,73.571,68.745,45133.98
HLA-B*51:03,SIMDHRGGI,8.272,10.186,31513.25
HLA-B*51:03,IMDHRGGIE,77.5,85.795,46713.93
HLA-B*51:03,MDHRGGIES,41.917,44.704,42205.58
HLA-B*51:03,DHRGGIESN,49.429,58.872,44081.38
HLA-B*51:03,HRGGIESNG,86.667,95.355,47841.3
HLA-B*51:03,RGGIESNGP,78.333,87.768,46903.84
HLA-B*51:03,GGIESNGPF,37.526,33.962,40289.13
HLA-B*51:03,GIESNGPFL,34.192,54.613,43572.09
HLA-B*51:03,IESNGPFLA,11.058,23.425,37624.99
HLA-B*51:03,ESNGPFLAG,16.289,19.034,36124.25
HLA-B*51:03,SNGPFLAGD,90.0,82.656,46422.2
HLA-B*51:03,NGPFLAGDF,17.233,17.605,35564.64
HLA-B*51:03,GPFLAGDFK,32.194,28.183,38966.53
HLA-B*51:03,PFLAGDFKR,93.333,96.379,48308.9
HLA-B*51:03,FLAGDFKRP,37.263,49.192,42868.34
HLA-B*51:03,LAGDFKRPK,32.935,45.476,42324.51
HLA-B*51:03,AGDFKRPKD,63.929,94.643,47639.85
HLA-B*51:03,GDFKRPKDE,75.833,96.82,48511.61
HLA-B*51:03,DFKRPKDEG,47.125,71.696,45418.11
HLA-B*51:03,FKRPKDEGG,67.273,85.2,46656.85
HLA-B*51:03,KRPKDEGGL,52.593,95.366,47845.96
HLA-B*51:03,RPKDEGGLR,25.97,55.948,43734.11
HLA-B*51:03,PKDEGGLRI,25.448,50.532,43047.75
HLA-B*51:03,KDEGGLRID,97.5,97.308,48737.33
HLA-B*51:03,DEGGLRIDA,29.364,35.547,40612.58
HLA-B*51:03,EGGLRIDAD,81.25,77.375,45942.99
HLA-B*51:03,GGLRIDADL,39.471,55.868,43724.63
HLA-B*51:03,GLRIDADLT,76.667,79.939,46173.73
HLA-B*51:03,LRIDADLTW,8.816,18.128,35778.83
HLA-B*51:03,RIDADLTWL,27.519,47.111,42566.98
HLA-B*51:03,IDADLTWLN,58.5,45.703,42358.86
HLA-B*51:03,DADLTWLNL,0.405,0.991,14304.82
HLA-B*51:03,ADLTWLNLQ,75.0,85.768,46711.4
HLA-B*51:03,DLTWLNLQF,5.825,6.614,28212.49
HLA-B*51:03,LTWLNLQFG,40.25,12.002,32766.72
HLA-B*51:03,TWLNLQFGT,57.5,58.832,44076.6
HLA-B*51:03,WLNLQFGTK,42.692,45.124,42271.39
HLA-B*51:03,LNLQFGTKY,14.793,24.017,37811.9
HLA-B*51:03,NLQFGTKYS,61.071,61.366,44365.12
HLA-B*51:03,LQFGTKYSI,1.589,2.066,19459.02
HLA-B*51:03,QFGTKYSIG,91.667,88.089,46934.83
HLA-B*51:03,FGTKYSIGP,33.929,27.986,38917.23
HLA-B*51:03,GTKYSIGPV,32.935,22.037,37187.08
HLA-B*51:03,TKYSIGPVQ,45.4,72.109,45456.94
HLA-B*51:03,KYSIGPVQW,10.285,47.796,42668.89
HLA-B*51:03,YSIGPVQWI,1.123,1.208,15582.83
HLA-B*51:03,SIGPVQWIL,6.948,13.437,33597.82
HLA-B*51:03,IGPVQWILA,17.306,15.099,34442.55
HLA-B*51:03,GPVQWILAN,31.029,19.7,36372.91
HLA-B*51:03,PVQWILANF,35.708,38.494,41177.15
HLA-B*51:03,VQWILANFI,4.723,2.366,20403.19
HLA-B*51:03,QWILANFIT,55.0,52.666,43321.07
HLA-B*51:03,WILANFITC,35.208,30.292,39477.88
HLA-B*51:03,ILANFITCE,52.407,69.129,45172.09
HLA-B*51:03,LANFITCEF,3.215,1.467,16939.81
HLA-B*51:03,ANFITCEFV,20.504,8.851,30467.19
HLA-B*51:03,NFITCEFVN,91.667,66.432,44905.05
HLA-B*51:03,FITCEFVNK,52.778,48.338,42747.45
HLA-B*51:03,ITCEFVNKL,2.565,6.593,28187.47
HLA-B*51:03,TCEFVNKLN,86.667,86.347,46767.02
HLA-B*51:03,CEFVNKLNA,26.533,11.515,32441.46
HLA-B*51:03,EFVNKLNAL,13.432,27.873,38886.07
HLA-B*51:03,FVNKLNALC,19.351,18.53,35931.68
HLA-B*51:03,VNKLNALCV,7.01,6.326,27854.28
HLA-B*51:03,NKLNALCVA,34.154,30.276,39474.04
HLA-B*51:03,KLNALCVAL,31.088,33.419,40176.83
HLA-B*51:03,LNALCVALG,88.333,32.964,40082.6
HLA-B*51:03,NALCVALGN,57.25,13.43,33594.18
HLA-B*51:03,ALCVALGNL,52.407,47.198,42579.89
HLA-B*51:03,LCVALGNLR,50.556,67.889,45049.09
HLA-B*51:03,CVALGNLRM,21.728,13.487,33625.09
HLA-B*51:03,VALGNLRMK,18.707,36.314,40763.57
HLA-B*51:03,ALGNLRMKS,70.0,86.232,46755.89
HLA-B*51:03,LGNLRMKSQ,56.5,72.025,45449.08
HLA-B*51:03,GNLRMKSQL,27.815,55.828,43719.92
HLA-B*51:03,NLRMKSQLQ,59.5,70.59,45314.04
HLA-B*51:03,LRMKSQLQR,51.481,68.799,45139.36
HLA-B*51:03,RMKSQLQRE,72.857,91.02,47233.34
HLA-B*51:03,MKSQLQRER,58.25,79.324,46118.31
HLA-B*51:03,KSQLQRERT,51.296,78.328,46028.58
HLA-B*51:03,SQLQRERTT,27.37,49.889,42964.46
HLA-B*51:03,QLQRERTTD,90.0,94.122,47581.12
HLA-B*51:03,LQRERTTDA,21.377,34.459,40391.71
HLA-B*51:03,QRERTTDAN,93.333,95.559,47934.04
HLA-B*51:03,RERTTDANE,79.167,92.726,47424.36
HLA-B*51:03,ERTTDANEE,76.667,96.185,48220.13
HLA-B*51:03,RTTDANEES,64.643,90.75,47203.2
HLA-B*51:03,TTDANEESL,10.322,25.892,38351.66
HLA-B*51:03,TDANEESLD,88.333,94.78,47655.31
HLA-B*51:03,DANEESLDG,20.74,29.519,39294.21
HLA-B*51:03,ANEESLDGH,75.833,96.762,48484.87
HLA-B*51:03,NEESLDGHT,46.333,68.637,45123.24
HLA-B*51:03,EESLDGHTM,4.909,16.042,34883.96
HLA-B*51:03,ESLDGHTMG,23.908,33.398,40172.48
HLA-B*51:03,SLDGHTMGA,21.07,32.395,39958.33
HLA-B*51:03,LDGHTMGAS,85.0,77.215,45928.59
HLA-B*51:03,DGHTMGASG,26.233,18.642,35974.48
HLA-B*51:03,GHTMGASGV,38.5,44.178,42122.11
HLA-B*51:03,HTMGASGVF,6.883,6.442,28002.66
HLA-B*51:03,TMGASGVFM,26.433,25.465,38231.94
HLA-B*51:03,MGASGVFMI,2.495,0.879,13574.25
HLA-B*51:03,GASGVFMIA,10.975,10.182,31510.18
HLA-B*51:03,ASGVFMIAM,17.047,32.756,40037.11
HLA-B*51:03,SGVFMIAMV,4.37,2.308,20215.09
HLA-B*51:03,GVFMIAMVM,20.821,25.027,38109.27
HLA-B*51:03,VFMIAMVMS,62.5,66.983,44959.5
HLA-B*51:03,FMIAMVMSR,36.476,29.279,39236.86
HLA-B*51:03,MIAMVMSRV,4.329,1.921,18925.6
HLA-B*51:03,IAMVMSRVS,12.572,5.205,26343.5
HLA-B*51:03,AMVMSRVSS,52.222,62.737,44515.13
HLA-B*51:03,MVMSRVSSG,23.506,9.686,31153.2
HLA-B*51:03,VMSRVSSGF,15.687,16.099,34909.64
HLA-B*51:03,MSRVSSGFA,18.841,6.274,27788.06
HLA-B*51:03,SRVSSGFAK,55.0,77.243,45931.08
HLA-B*51:03,RVSSGFAKL,11.707,25.43,38222.0
HLA-B*51:03,VSSGFAKLP,21.018,20.2,36556.76
HLA-B*51:03,SSGFAKLPD,90.0,60.905,44314.74
HLA-B*51:03,SGFAKLPDH,30.378,58.556,44043.73
HLA-B*51:03,GFAKLPDHL,31.941,66.033,44865.71
HLA-B*51:03,FAKLPDHLE,21.421,27.16,38690.93
HLA-B*51:03,AKLPDHLER,61.071,93.719,47535.84
HLA-B*51:03,KLPDHLERK,51.296,88.442,46968.86
HLA-B*51:03,LPDHLERKM,0.688,3.425,23141.38
HLA-B*51:03,PDHLERKMV,35.0,66.211,44883.19
HLA-B*51:03,DHLERKMVI,1.007,2.324,20268.09
HLA-B*51:03,HLERKMVID,91.667,92.507,47399.74
HLA-B*51:03,LERKMVIDT,37.684,42.763,41901.64
HLA-B*51:03,ERKMVIDTF,12.856,30.161,39447.14
HLA-B*51:03,RKMVIDTFY,45.8,50.547,43049.61
HLA-B*51:03,KMVIDTFYN,91.667,73.539,45591.9
HLA-B*51:03,MVIDTFYNT,11.583,6.666,28275.75
HLA-B*51:03,VIDTFYNTA,14.764,22.653,37381.12
HLA-B*51:03,IDTFYNTAI,10.542,9.221,30783.63
HLA-B*51:03,DTFYNTAIL,1.002,0.83,13154.65
HLA-B*51:03,TFYNTAILG,47.375,29.888,39382.75
HLA-B*51:03,FYNTAILGL,7.58,14.591,34195.24
HLA-B*51:03,YNTAILGLQ,60.714,58.608,44049.92
HLA-B*51:03,NTAILGLQS,28.898,31.171,39683.01
HLA-B*51:03,TAILGLQSD,23.057,24.586,37979.61
HLA-B*51:03,AILGLQSDV,21.596,28.337,39004.9
HLA-B*51:03,ILGLQSDVT,68.636,71.336,45384.2
HLA-B*51:03,LGLQSDVTN,72.143,55.98,43737.89
HLA-B*51:03,GLQSDVTNV,21.588,43.982,42091.12
HLA-B*51:03,LQSDVTNVG,43.182,44.937,42242.59
HLA-B*51:03,QSDVTNVGQ,65.909,92.269,47373.06
HLA-B*51:03,SDVTNVGQK,58.25,82.01,46362.96
HLA-B*51:03,DVTNVGQKI,0.452,1.294,16008.37
HLA-B*51:03,VTNVGQKIF,10.238,23.028,37499.82
HLA-B*51:03,TNVGQKIFC,34.615,55.176,43642.88
HLA-B*51:03,NVGQKIFCV,6.449,8.242,29929.07
HLA-B*51:03,VGQKIFCVQ,46.333,48.584,42782.61
HLA-B*51:03,GQKIFCVQR,57.5,89.326,47054.3
HLA-B*51:03,QKIFCVQRS,75.833,75.161,45744.58
HLA-B*51:03,KIFCVQRSS,49.571,49.407,42898.01
HLA-B*51:03,IFCVQRSSA,48.375,53.789,43465.7
HLA-B*51:03,FCVQRSSAY,16.356,21.913,37146.48
HLA-B*51:03,CVQRSSAYK,59.75,47.554,42632.89
HLA-B*51:03,VQRSSAYKN,75.0,71.2,45371.45
HLA-B*51:03,QRSSAYKNP,51.667,80.767,46249.24
HLA-B*51:03,RSSAYKNPE,78.333,83.111,46463.89
HLA-B*51:03,SSAYKNPEP,26.7,38.823,41237.79
HLA-B*51:03,SAYKNPEPS,13.842,12.974,33344.31
HLA-B*51:03,AYKNPEPSL,12.174,57.368,43902.42
HLA-B*51:03,YKNPEPSLL,3.614,16.003,34867.0
HLA-B*51:03,KNPEPSLLI,3.993,10.778,31940.28
HLA-B*51:03,NPEPSLLIH,6.462,18.804,36036.8
HLA-B*51:03,PEPSLLIHV,15.019,34.264,40351.51
HLA-B*51:03,EPSLLIHVD,6.45,4.74,25639.64
HLA-B*51:03,PSLLIHVDF,26.333,35.583,40619.6
HLA-B*51:03,SLLIHVDFT,35.375,42.322,41828.26
HLA-B*51:03,LLIHVDFTD,71.429,38.54,41185.62
HLA-B*51:03,LIHVDFTDN,93.333,77.076,45916.15
HLA-B*51:03,IHVDFTDNL,8.727,16.232,34968.62
HLA-B*51:03,HVDFTDNLI,5.744,6.181,27670.74
HLA-B*51:03,VDFTDNLIS,64.643,57.2,43882.46
HLA-B*51:03,DFTDNLISI,1.829,3.373,23017.28
HLA-B*51:03,FTDNLISIS,37.632,33.947,40286.09
HLA-B*51:03,TDNLISISI,2.984,3.804,23920.38
HLA-B*51:03,DNLISISIR,23.655,53.939,43484.98
HLA-B*51:03,NLISISIRH,20.48,48.01,42700.74
HLA-B*51:03,LISISIRHL,5.698,11.331,32319.89
HLA-B*51:03,ISISIRHLI,0.796,0.508,10476.99
HLA-B*51:03,SISIRHLIA,13.881,16.633,35148.03
HLA-B*51:03,ISIRHLIAD,47.375,34.556,40411.82
HLA-B*51:03,SIRHLIADL,16.4,25.456,38229.45
HLA-B*51:03,IRHLIADLD,82.5,62.004,44434.79
HLA-B*51:03,RHLIADLDD,93.333,80.011,46180.22
HLA-B*51:03,HLIADLDDE,75.0,93.285,47487.0
HLA-B*51:03,LIADLDDEL,16.049,24.694,38011.26
HLA-B*51:03,IADLDDELA,22.8,30.878,39615.25
HLA-B*51:03,ADLDDELAI,16.089,27.755,38853.69
HLA-B*51:03,DLDDELAIF,8.006,22.383,37295.88
HLA-B*51:03,LDDELAIFA,18.5,27.459,38772.64
HLA-B*51:03,DDELAIFAS,45.6,49.118,42858.14
HLA-B*51:03,DELAIFASS,11.156,14.878,34336.49
HLA-B*51:03,ELAIFASSA,9.572,10.579,31795.8
HLA-B*51:03,LAIFASSAT,12.185,7.588,29314.37
HLA-B*51:03,AIFASSATK,40.438,46.169,42428.57
HLA-B*51:03,IFASSATKE,61.429,82.623,46419.18
HLA-B*51:03,FASSATKEF,1.146,2.659,21241.62
HLA-B*51:03,ASSATKEFN,81.25,78.743,46065.94
HLA-B*51:03,SSATKEFNE,63.214,83.434,46493.57
HLA-B*51:03,SATKEFNEN,49.429,52.261,43269.08
HLA-B*51:03,ATKEFNENN,72.143,84.754,46614.95
HLA-B*51:03,TKEFNENNN,93.333,96.504,48366.45
HLA-B*51:03,KEFNENNND,90.0,93.618,47524.54
HLA-B*51:03,EFNENNNDN,75.0,91.377,47273.23
HLA-B*51:03,FNENNNDNL,19.236,39.563,41368.29
HLA-B*51:03,NENNNDNLA,18.518,32.851,40057.9
HLA-B*51:03,ENNNDNLAA,20.659,32.282,39933.7
HLA-B*51:03,NNNDNLAAK,43.0,63.897,44642.49
HLA-B*51:03,NNDNLAAKS,52.037,70.136,45271.43
HLA-B*51:03,NDNLAAKSN,65.909,75.321,45758.95
HLA-B*51:03,DNLAAKSNH,30.649,70.95,45347.89
HLA-B*51:03,NLAAKSNHI,5.01,7.016,28694.59
HLA-B*51:03,LAAKSNHIH,26.4,42.736,41897.13
HLA-B*51:03,AAKSNHIHS,22.93,47.641,42645.81
HLA-B*51:03,AKSNHIHSN,75.0,93.838,47549.21
HLA-B*51:03,KSNHIHSNV,6.342,9.842,31265.33
HLA-B*51:03,SNHIHSNVP,28.449,34.497,40399.58
HLA-B*51:03,NHIHSNVPV,9.577,7.132,28821.86
HLA-B*51:03,HIHSNVPVQ,32.774,65.817,44844.36
HLA-B*51:03,IHSNVPVQS,35.458,57.028,43862.06
HLA-B*51:03,HSNVPVQST,9.557,29.696,39336.76
HLA-B*51:03,SNVPVQSTS,24.753,44.451,42165.43
HLA-B*51:03,NVPVQSTSA,12.94,22.412,37305.16
HLA-B*51:03,VPVQSTSAK,11.212,18.908,36076.59
HLA-B*51:03,PVQSTSAKR,77.5,95.095,47722.91
HLA-B*51:03,VQSTSAKRA,21.316,47.096,42564.68
HLA-B*51:03,QSTSAKRAS,59.75,83.072,46460.39
HLA-B*51:03,STSAKRASS,44.727,67.485,45009.13
HLA-B*51:03,TSAKRASSE,45.4,62.948,44538.27
HLA-B*51:03,SAKRASSES,32.129,47.632,42644.41
HLA-B*51:03,AKRASSESM,31.5,59.0,44096.65
HLA-B*51:03,KRASSESML,30.784,66.452,44906.99
HLA-B*51:03,RASSESMLY,8.985,14.489,34145.7
HLA-B*51:03,ASSESMLYL,4.572,13.189,33462.5
HLA-B*51:03,SSESMLYLS,51.852,38.637,41203.45
HLA-B*51:03,SESMLYLSV,2.027,2.377,20436.77
HLA-B*51:03,ESMLYLSVF,1.889,1.147,15214.32
HLA-B*51:03,SMLYLSVFA,30.757,14.481,34141.63
HLA-B*51:03,MLYLSVFAT,17.404,10.048,31414.19
HLA-B*51:03,LYLSVFATE,38.0,44.704,42205.58
HLA-B*51:03,YLSVFATEV,4.828,4.454,25177.53
HLA-B*51:03,LSVFATEVP,33.679,20.452,36646.65
HLA-B*51:03,SVFATEVPD,61.429,43.33,41991.51
HLA-B*51:03,VFATEVPDQ,77.5,95.147,47746.68
HLA-B*51:03,FATEVPDQQ,19.919,39.738,41398.74
HLA-B*51:03,ATEVPDQQG,40.688,83.007,46454.34
HLA-B*51:03,TEVPDQQGA,15.183,36.939,40885.04
HLA-B*51:03,EVPDQQGAS,40.875,70.678,45322.37
HLA-B*51:03,VPDQQGASP,4.019,11.004,32104.5
HLA-B*51:03,PDQQGASPA,62.5,75.155,45744.11
HLA-B*51:03,DQQGASPAL,1.581,6.134,27611.24
HLA-B*51:03,QQGASPALS,55.5,73.252,45564.8
HLA-B*51:03,QGASPALSE,31.088,62.206,44456.89
HLA-B*51:03,GASPALSED,56.5,74.431,45676.34
HLA-B*51:03,ASPALSEDL,21.114,42.646,41882.16
HLA-B*51:03,SPALSEDLM,2.234,4.104,24507.47
HLA-B*51:03,PALSEDLMR,65.455,83.938,46539.89
HLA-B*51:03,ALSEDLMRA,26.217,45.6,42343.26
HLA-B*51:03,LSEDLMRAS,42.615,55.54,43685.88
HLA-B*51:03,SEDLMRASL,4.864,13.039,33380.76
HLA-B*51:03,EDLMRASLV,3.881,3.903,24118.16
HLA-B*51:03,DLMRASLVA,5.744,3.26,22748.15
HLA-B*51:03,LMRASLVAK,26.267,40.029,41449.39
HLA-B*51:03,MRASLVAKP,30.027,34.882,40479.2
HLA-B*51:03,RASLVAKPN,64.286,41.891,41757.27
HLA-B*51:03,ASLVAKPNG,60.0,65.128,44776.48
HLA-B*51:03,SLVAKPNGF,19.095,38.211,41125.05
HLA-B*51:03,LVAKPNGFQ,58.0,72.735,45516.02
HLA-B*51:03,VAKPNGFQV,0.243,0.695,12056.2
HLA-B*51:03,AKPNGFQVE,64.286,95.788,48038.39
HLA-B*51:03,KPNGFQVES,12.843,25.291,38183.15
HLA-B*51:03,PNGFQVESA,57.5,77.486,45952.95
HLA-B*51:03,NGFQVESAF,2.359,3.897,24105.38
HLA-B*51:03,GFQVESAFY,40.0,68.396,45099.32
HLA-B*51:03,FQVESAFYL,2.864,3.294,22828.28
HLA-B*51:03,QVESAFYLA,16.276,18.88,36065.68
HLA-B*51:03,VESAFYLAL,4.599,5.847,27235.61
HLA-B*51:03,ESAFYLALF,4.065,2.238,19995.59
HLA-B*51:03,SAFYLALFL,1.298,0.57,11023.08
HLA-B*51:03,AFYLALFLY,22.95,56.572,43807.98
HLA-B*51:03,FYLALFLYS,57.5,46.702,42506.68
HLA-B*51:03,YLALFLYSI,8.39,6.512,28091.87
HLA-B*51:03,LALFLYSIV,2.195,0.268,7213.65
HLA-B*51:03,ALFLYSIVT,35.958,50.073,42989.1
HLA-B*51:03,LFLYSIVTH,45.8,65.477,44810.88
HLA-B*51:03,FLYSIVTHF,1.586,3.993,24298.88
HLA-B*51:03,LYSIVTHFP,31.059,24.948,38086.59
HLA-B*51:03,YSIVTHFPK,18.976,9.586,31080.82
HLA-B*51:03,SIVTHFPKT,17.041,29.904,39386.59
HLA-B*51:03,IVTHFPKTM,3.805,11.559,32470.96
HLA-B*51:03,VTHFPKTMS,35.083,51.211,43134.45
HLA-B*51:03,THFPKTMSD,25.97,32.05,39883.18
HLA-B*51:03,HFPKTMSDF,17.534,37.646,41019.29
HLA-B*51:03,FPKTMSDFV,0.178,0.079,3638.61
HLA-B*51:03,PKTMSDFVF,58.5,67.037,44964.86
HLA-B*51:03,KTMSDFVFG,54.444,30.518,39530.9
HLA-B*51:03,TMSDFVFGN,42.231,48.958,42835.87
HLA-B*51:03,MSDFVFGND,51.481,26.758,38583.06
HLA-B*51:03,SDFVFGNDI,7.433,4.645,25492.75
HLA-B*51:03,DFVFGNDID,77.5,76.218,45839.23
HLA-B*51:03,FVFGNDIDT,41.917,31.175,39683.88
HLA-B*51:03,VFGNDIDTR,72.857,92.905,47444.36
HLA-B*51:03,FGNDIDTRV,2.286,3.96,24231.94
HLA-B*51:03,GNDIDTRVK,75.0,96.127,48193.55
HLA-B*51:03,NDIDTRVKL,3.768,16.821,35232.18
HLA-B*51:03,DIDTRVKLE,34.808,67.431,45003.79
HLA-B*51:03,IDTRVKLEG,61.786,66.973,44958.51
HLA-B*51:03,DTRVKLEGI,1.804,2.515,20875.47
HLA-B*51:03,TRVKLEGIC,71.429,83.795,46526.77
HLA-B*51:03,RVKLEGICP,40.688,56.232,43767.71
HLA-B*51:03,VKLEGICPG,73.571,57.736,43946.12
HLA-B*51:03,KLEGICPGG,90.0,89.163,47038.52
HLA-B*51:03,LEGICPGGA,62.5,51.142,43125.58
HLA-B*51:03,EGICPGGAI,2.568,1.164,15322.03
HLA-B*51:03,GICPGGAIY,39.471,62.68,44508.87
HLA-B*51:03,ICPGGAIYR,36.762,82.919,46446.31
HLA-B*51:03,CPGGAIYRS,26.333,13.354,33552.78
HLA-B*51:03,PGGAIYRSC,42.615,72.067,45453.01
HLA-B*51:03,GGAIYRSCR,54.444,84.129,46557.51
HLA-B*51:03,GAIYRSCRN,77.5,71.394,45389.62
HLA-B*51:03,AIYRSCRNS,48.25,60.009,44217.05
HLA-B*51:03,IYRSCRNSA,44.091,43.452,42010.14
HLA-B*51:03,YRSCRNSAV,37.053,26.542,38525.5
HLA-B*51:03,RSCRNSAVT,69.545,59.924,44206.98
HLA-B*51:03,SCRNSAVTV,4.651,10.327,31614.34
HLA-B*51:03,CRNSAVTVI,13.331,7.508,29237.39
HLA-B*51:03,RNSAVTVIE,76.667,82.103,46371.48
HLA-B*51:03,NSAVTVIEL,1.086,3.576,23471.97
HLA-B*51:03,SAVTVIELL,0.696,1.972,19140.58
HLA-B*51:03,AVTVIELLR,56.0,77.901,45990.24
HLA-B*51:03,VTVIELLRQ,40.0,65.487,44811.86
HLA-B*51:03,TVIELLRQI,0.397,0.763,12603.89
HLA-B*51:03,VIELLRQIA,25.642,32.587,40000.28
HLA-B*51:03,IELLRQIAS,25.299,36.393,40779.0
HLA-B*51:03,ELLRQIASK,16.262,34.886,40480.09
HLA-B*51:03,LLRQIASKS,32.871,42.49,41856.35
HLA-B*51:03,LRQIASKSL,18.244,37.368,40966.52
HLA-B*51:03,RQIASKSLG,60.357,61.718,44403.54
HLA-B*51:03,QIASKSLGA,20.837,32.528,39987.3
HLA-B*51:03,IASKSLGAK,27.481,44.598,42188.71
HLA-B*51:03,ASKSLGAKE,53.148,84.934,46631.61
HLA-B*51:03,SKSLGAKEV,13.027,30.96,39634.54
HLA-B*51:03,KSLGAKEVF,18.006,36.07,40716.41
HLA-B*51:03,SLGAKEVFQ,83.75,95.573,47940.26
HLA-B*51:03,LGAKEVFQI,2.489,2.904,21881.71
HLA-B*51:03,GAKEVFQIV,0.695,2.621,21144.85
HLA-B*51:03,AKEVFQIVL,17.42,40.668,41557.15
HLA-B*51:03,KEVFQIVLR,46.333,76.755,45887.35
HLA-B*51:03,EVFQIVLRS,6.442,10.82,31970.35
HLA-B*51:03,VFQIVLRSG,60.0,57.304,43894.8
HLA-B*51:03,FQIVLRSGI,7.14,3.79,23891.41
HLA-B*51:03,QIVLRSGIA,34.231,31.139,39675.71
HLA-B*51:03,IVLRSGIAI,3.545,2.55,20964.19
HLA-B*51:03,VLRSGIAIF,11.468,17.994,35727.39
HLA-B*51:03,LRSGIAIFS,65.909,60.663,44288.39
HLA-B*51:03,RSGIAIFSF,17.834,19.066,36136.36
HLA-B*51:03,SGIAIFSFD,67.727,25.015,38105.95
HLA-B*51:03,GIAIFSFDP,85.0,75.011,45731.25
HLA-B*51:03,IAIFSFDPP,17.808,5.057,26131.45
HLA-B*51:03,AIFSFDPPL,10.707,9.498,31017.66
HLA-B*51:03,IFSFDPPLD,80.0,78.466,46041.05
HLA-B*51:03,FSFDPPLDL,0.722,1.346,16281.04
HLA-B*51:03,SFDPPLDLY,6.454,40.186,41475.86
HLA-B*51:03,FDPPLDLYE,45.2,62.988,44542.61
HLA-B*51:03,DPPLDLYEE,15.287,27.641,38822.6
HLA-B*51:03,PPLDLYEEC,5.608,18.369,35870.3
HLA-B*51:03,PLDLYEECT,93.333,95.618,47961.01
HLA-B*51:03,LDLYEECTA,40.875,37.672,41024.18
HLA-B*51:03,DLYEECTAL,1.833,3.451,23204.8
HLA-B*51:03,LYEECTALR,55.25,73.727,45609.66
HLA-B*51:03,YEECTALRV,6.914,3.259,22744.21
HLA-B*51:03,EECTALRVR,49.429,75.581,45782.24
HLA-B*51:03,ECTALRVRD,65.909,81.961,46358.45
HLA-B*51:03,CTALRVRDY,25.612,26.468,38505.91
HLA-B*51:03,TALRVRDYV,1.779,1.115,15024.23
HLA-B*51:03,ALRVRDYVT,56.5,64.17,44672.44
HLA-B*51:03,LRVRDYVTK,66.364,78.234,46020.12
HLA-B*51:03,RVRDYVTKL,6.197,21.561,37029.3
HLA-B*51:03,VRDYVTKLY,20.236,49.859,42960.28
HLA-B*51:03,RDYVTKLYF,10.245,18.922,36081.66
HLA-B*51:03,DYVTKLYFE,38.5,58.684,44058.98
HLA-B*51:03,YVTKLYFED,67.273,32.117,39897.84
HLA-B*51:03,VTKLYFEDM,17.725,17.413,35484.29
HLA-B*51:03,TKLYFEDMA,54.259,47.149,42572.5
HLA-B*51:03,KLYFEDMAR,48.875,69.227,45181.86
HLA-B*51:03,LYFEDMARQ,56.25,74.551,45687.71
HLA-B*51:03,YFEDMARQQ,50.741,77.42,45946.99
HLA-B*51:03,FEDMARQQA,10.657,17.508,35524.25
HLA-B*51:03,EDMARQQAK,41.0,61.208,44347.84
HLA-B*51:03,DMARQQAKV,2.295,3.449,23201.54
HLA-B*51:03,MARQQAKVR,16.636,37.148,40924.88
HLA-B*51:03,ARQQAKVRL,20.878,65.098,44773.56
HLA-B*51:03,RQQAKVRLA,25.642,38.603,41197.2
HLA-B*51:03,QQAKVRLAR,35.25,72.171,45462.86
HLA-B*51:03,QAKVRLARQ,31.324,72.255,45470.72
HLA-B*51:03,AKVRLARQT,53.519,82.618,46418.67
HLA-B*51:03,KVRLARQTD,86.667,87.779,46904.87
HLA-B*51:03,VRLARQTDD,95.0,95.134,47740.98
HLA-B*51:03,RLARQTDDE,95.0,96.701,48457.05
HLA-B*51:03,LARQTDDEI,1.983,1.919,18919.04
HLA-B*51:03,ARQTDDEIQ,95.0,97.756,48945.0
HLA-B*51:03,RQTDDEIQQ,77.5,96.859,48529.98
HLA-B*51:03,QTDDEIQQK,20.447,87.395,46867.83
HLA-B*51:03,TDDEIQQKC,14.803,54.985,43620.23
HLA-B*51:03,DDEIQQKCE,60.714,95.14,47743.57
HLA-B*51:03,DEIQQKCEL,2.469,10.532,31762.11
HLA-B*51:03,EIQQKCELA,16.204,23.668,37701.6
HLA-B*51:03,IQQKCELAA,29.682,27.652,38825.53
HLA-B*51:03,QQKCELAAT,31.265,47.111,42566.98
HLA-B*51:03,QKCELAATT,48.25,70.303,45287.08
HLA-B*51:03,KCELAATTQ,82.5,96.338,48290.09
HLA-B*51:03,CELAATTQN,77.5,52.622,43315.45
HLA-B*51:03,ELAATTQNK,38.611,60.057,44222.3
HLA-B*51:03,LAATTQNKG,31.0,28.764,39111.4
HLA-B*51:03,AATTQNKGT,49.714,81.265,46294.78
HLA-B*51:03,ATTQNKGTL,19.676,43.777,42059.73
HLA-B*51:03,TTQNKGTLV,3.125,8.579,30230.76
HLA-B*51:03,TQNKGTLVT,25.224,45.145,42274.61
HLA-B*51:03,QNKGTLVTI,2.611,7.465,29190.93
HLA-B*51:03,NKGTLVTIL,15.851,36.686,40835.98
HLA-B*51:03,KGTLVTILG,52.222,37.602,41010.88
HLA-B*51:03,GTLVTILGI,10.239,7.6,29325.16
HLA-B*51:03,TLVTILGIW,21.807,20.064,36508.13
HLA-B*51:03,LVTILGIWQ,76.667,82.377,46396.58
HLA-B*51:03,VTILGIWQK,14.739,34.482,40396.53
HLA-B*51:03,TILGIWQKQ,47.0,64.033,44657.46
HLA-B*51:03,ILGIWQKQK,60.357,78.71,46062.96
HLA-B*51:03,LGIWQKQKN,64.643,64.495,44708.21
HLA-B*51:03,GIWQKQKNS,67.727,85.258,46662.39
HLA-B*51:03,IWQKQKNSM,17.373,45.418,42315.8
HLA-B*51:03,WQKQKNSMV,7.924,17.07,35341.76
HLA-B*51:03,QKQKNSMVQ,69.091,95.348,47838.18
HLA-B*51:03,KQKNSMVQW,7.438,42.779,41904.37
HLA-B*51:03,QKNSMVQWS,67.727,82.191,46379.53
HLA-B*51:03,KNSMVQWSR,47.375,74.473,45680.28
HLA-B*51:03,NSMVQWSRG,43.364,18.602,35959.29
HLA-B*51:03,SMVQWSRGL,10.697,13.995,33904.2
HLA-B*51:03,MVQWSRGLY,22.51,13.36,33556.05
HLA-B*51:03,VQWSRGLYI,1.988,1.211,15599.38
HLA-B*51:03,QWSRGLYIL,30.892,43.241,41977.89
HLA-B*51:03,WSRGLYILA,8.273,6.998,28675.04
HLA-B*51:03,SRGLYILAI,14.0,11.519,32444.27
HLA-B*51:03,RGLYILAIV,14.71,6.092,27558.1
HLA-B*51:03,GLYILAIVL,22.62,50.109,42993.76
HLA-B*51:03,LYILAIVLE,50.0,73.883,45624.49
HLA-B*51:03,YILAIVLEV,2.305,2.376,20433.67
HLA-B*51:03,ILAIVLEVF,11.299,17.845,35665.19
HLA-B*51:03,LAIVLEVFV,1.709,0.911,13819.07
HLA-B*51:03,AIVLEVFVE,45.7,87.853,46911.98
HLA-B*51:03,IVLEVFVEP,8.964,10.417,31678.71
HLA-B*51:03,VLEVFVEPS,81.25,68.863,45145.71
HLA-B*51:03,LEVFVEPSQ,44.545,64.789,44740.62
HLA-B*51:03,EVFVEPSQV,0.352,0.803,12933.23
HLA-B*51:03,VFVEPSQVA,13.657,24.17,37856.92
HLA-B*51:03,FVEPSQVAS,20.285,33.549,40203.79
HLA-B*51:03,VEPSQVASD,56.5,74.509,45683.76
HLA-B*51:03,EPSQVASDP,7.618,10.026,31398.21
HLA-B*51:03,PSQVASDPL,33.821,38.453,41169.58
HLA-B*51:03,SQVASDPLW,7.383,10.885,32017.79
HLA-B*51:03,QVASDPLWH,44.273,76.899,45900.29
HLA-B*51:03,VASDPLWHP,3.319,9.946,31340.51
HLA-B*51:03,ASDPLWHPS,32.742,37.11,40917.8
HLA-B*51:03,SDPLWHPSS,19.811,50.131,42996.53
HLA-B*51:03,DPLWHPSSR,5.441,14.139,33974.7
HLA-B*51:03,PLWHPSSRE,79.167,89.063,47028.85
HLA-B*51:03,LWHPSSREA,17.99,34.846,40471.76
HLA-B*51:03,WHPSSREAT,48.375,67.377,44998.42
HLA-B*51:03,HPSSREATQ,18.171,42.313,41826.91
HLA-B*51:03,PSSREATQV,12.664,30.536,39535.16
HLA-B*51:03,SSREATQVP,11.35,21.392,36973.25
HLA-B*51:03,SREATQVPL,24.818,39.925,41431.46
HLA-B*51:03,REATQVPLG,51.296,56.772,43831.69
HLA-B*51:03,EATQVPLGA,1.769,3.49,23299.16
HLA-B*51:03,ATQVPLGAE,57.75,80.821,46254.23
HLA-B*51:03,TQVPLGAEK,29.864,52.648,43318.72
HLA-B*51:03,QVPLGAEKA,15.739,44.126,42113.9
HLA-B*51:03,VPLGAEKAD,37.105,44.431,42162.25
HLA-B*51:03,PLGAEKADK,97.5,98.158,49132.28
HLA-B*51:03,LGAEKADKQ,61.786,88.853,47008.5
HLA-B*51:03,GAEKADKQA,27.093,63.423,44590.35
HLA-B*51:03,AEKADKQAI,9.477,34.962,40495.86
HLA-B*51:03,EKADKQAIS,38.722,75.083,45737.68
HLA-B*51:03,KADKQAISR,29.886,77.542,45957.93
HLA-B*51:03,ADKQAISRR,53.889,93.815,47546.64
HLA-B*51:03,DKQAISRRE,49.571,84.255,46569.1
HLA-B*51:03,KQAISRREP,42.846,73.805,45617.07
HLA-B*51:03,QAISRREPG,41.083,36.609,40820.94
HLA-B*51:03,AISRREPGL,28.531,57.724,43944.71
HLA-B*51:03,ISRREPGLA,21.965,27.288,38726.11
HLA-B*51:03,SRREPGLAM,9.996,32.03,39878.86
HLA-B*51:03,RREPGLAMQ,77.5,96.23,48240.5
HLA-B*51:03,REPGLAMQR,46.667,83.056,46458.86
HLA-B*51:03,EPGLAMQRA,3.009,4.141,24578.63
HLA-B*51:03,PGLAMQRAE,91.667,92.923,47446.41
HLA-B*51:03,GLAMQRAER,77.5,94.62,47637.27
HLA-B*51:03,LAMQRAERL,1.267,1.718,18051.57
HLA-B*51:03,AMQRAERLN,93.333,89.037,47026.33
HLA-B*51:03,MQRAERLNL,9.124,12.803,33242.0
HLA-B*51:03,QRAERLNLY,27.537,57.912,43967.07
HLA-B*51:03,RAERLNLYS,31.559,43.839,42069.27
HLA-B*51:03,AERLNLYSR,42.769,71.592,45408.27
HLA-B*51:03,ERLNLYSRV,14.529,16.506,35091.05
HLA-B*51:03,RLNLYSRVA,32.0,31.851,39838.32
HLA-B*51:03,LNLYSRVAD,83.75,64.007,44654.55
HLA-B*51:03,NLYSRVADV,4.559,4.603,25427.47
HLA-B*51:03,LYSRVADVE,67.727,78.195,46016.62
HLA-B*51:03,YSRVADVEE,46.667,52.6,43312.63
HLA-B*51:03,SRVADVEEQ,73.571,96.217,48234.75
HLA-B*51:03,RVADVEEQS,54.074,84.217,46565.56
HLA-B*51:03,VADVEEQSP,20.35,41.707,41727.46
HLA-B*51:03,ADVEEQSPG,74.286,80.444,46219.73
HLA-B*51:03,DVEEQSPGS,29.614,50.441,43036.09
HLA-B*51:03,VEEQSPGSL,7.752,29.297,39241.11
HLA-B*51:03,EEQSPGSLG,19.264,38.15,41113.94
HLA-B*51:03,EQSPGSLGQ,35.333,76.445,45859.57
HLA-B*51:03,QSPGSLGQA,17.192,37.122,40920.0
HLA-B*51:03,SPGSLGQAF,1.359,4.485,25238.07
HLA-B*51:03,PGSLGQAFF,23.368,42.431,41846.36
HLA-B*51:03,GSLGQAFFK,50.0,61.661,44397.29
HLA-B*51:03,SLGQAFFKG,63.214,55.964,43736.0
HLA-B*51:03,LGQAFFKGE,58.0,65.428,44806.03
HLA-B*51:03,GQAFFKGEG,72.857,78.344,46030.06
HLA-B*51:03,QAFFKGEGQ,34.923,55.496,43680.66
HLA-B*51:03,AFFKGEGQA,45.4,55.352,43663.65
HLA-B*51:03,FFKGEGQAL,17.202,36.948,40886.81
HLA-B*51:03,FKGEGQALK,58.0,74.28,45662.02
HLA-B*51:03,KGEGQALKP,52.778,80.756,46248.23
HLA-B*51:03,GEGQALKPT,62.857,81.194,46288.27
HLA-B*51:03,EGQALKPTH,22.06,61.924,44426.14
HLA-B*51:03,GQALKPTHL,15.94,58.428,44028.48
HLA-B*51:03,QALKPTHLP,2.988,6.952,28619.24
HLA-B*51:03,ALKPTHLPQ,51.111,74.635,45695.63
HLA-B*51:03,LKPTHLPQE,48.75,85.347,46670.99
HLA-B*51:03,KPTHLPQEV,0.339,1.932,18972.74
HLA-B*51:03,PTHLPQEVS,66.364,80.717,46244.74
HLA-B*51:03,THLPQEVSL,2.562,14.133,33971.76
HLA-B*51:03,HLPQEVSLA,15.466,32.808,40048.37
HLA-B*51:03,LPQEVSLAE,4.837,6.66,28267.8
HLA-B*51:03,PQEVSLAED,97.5,96.33,48286.44
HLA-B*51:03,QEVSLAEDM,13.815,30.52,39531.31
HLA-B*51:03,EVSLAEDME,57.75,82.798,46435.26
HLA-B*51:03,VSLAEDMEI,4.306,3.076,22314.22
HLA-B*51:03,SLAEDMEID,88.333,92.109,47355.13
HLA-B*51:03,LAEDMEIDP,48.375,55.772,43713.3
HLA-B*51:03,AEDMEIDPV,17.016,23.259,37572.52
HLA-B*51:03,EDMEIDPVK,34.962,53.735,43458.63
HLA-B*51:03,DMEIDPVKK,33.607,76.689,45881.4
HLA-B*51:03,MEIDPVKKF,1.118,7.235,28935.91
HLA-B*51:03,EIDPVKKFQ,22.13,79.031,46091.88
HLA-B*51:03,IDPVKKFQR,36.905,88.253,46950.57
HLA-B*51:03,DPVKKFQRN,8.643,13.649,33713.98
HLA-B*51:03,PVKKFQRNP,53.333,75.714,45794.11
HLA-B*51:03,VKKFQRNPC,49.429,81.183,46287.29
HLA-B*51:03,KKFQRNPCN,85.0,88.358,46960.71
HLA-B*51:03,KFQRNPCNL,44.909,62.526,44492.02
HLA-B*51:03,FQRNPCNLI,3.519,3.013,22167.19
HLA-B*51:03,QRNPCNLIQ,65.909,92.159,47360.79
HLA-B*51:03,RNPCNLIQF,14.357,28.324,39001.53
HLA-B*51:03,NPCNLIQFA,2.485,2.147,19709.49
HLA-B*51:03,PCNLIQFAA,52.593,49.694,42937.48
HLA-B*51:03,CNLIQFAAH,58.0,49.259,42877.6
HLA-B*51:03,NLIQFAAHR,26.633,49.33,42887.36
HLA-B*51:03,LIQFAAHRV,5.565,4.559,25358.79
HLA-B*51:03,IQFAAHRVS,38.889,33.072,40105.18
HLA-B*51:03,QFAAHRVSA,24.312,37.644,41018.86
HLA-B*51:03,FAAHRVSAK,7.298,16.866,35252.39
HLA-B*51:03,AAHRVSAKM,3.764,9.114,30693.18
HLA-B*51:03,AHRVSAKMA,31.324,49.815,42954.21
HLA-B*51:03,HRVSAKMAQ,73.571,94.794,47656.85
HLA-B*51:03,RVSAKMAQH,53.148,85.737,46708.36
HLA-B*51:03,VSAKMAQHG,44.273,33.387,40170.3
HLA-B*51:03,SAKMAQHGE,36.524,59.088,44107.14
HLA-B*51:03,AKMAQHGEE,76.667,92.726,47424.36
HLA-B*51:03,KMAQHGEEL,19.176,39.36,41332.95
HLA-B*51:03,MAQHGEELT,21.605,21.954,37160.13
HLA-B*51:03,AQHGEELTN,73.571,86.5,46781.71
HLA-B*51:03,QHGEELTNL,15.877,43.601,42032.88
HLA-B*51:03,HGEELTNLA,13.938,23.383,37611.55
HLA-B*51:03,GEELTNLAL,17.611,37.037,40904.06
HLA-B*51:03,EELTNLALR,33.714,50.646,43062.19
HLA-B*51:03,ELTNLALRA,16.444,19.63,36346.55
HLA-B*51:03,LTNLALRAY,15.168,18.515,35926.23
HLA-B*51:03,TNLALRAYD,85.0,59.476,44153.45
HLA-B*51:03,NLALRAYDT,48.0,45.897,42388.21
HLA-B*51:03,LALRAYDTI,1.108,0.298,7740.75
HLA-B*51:03,ALRAYDTIG,82.5,73.398,45578.58
HLA-B*51:03,LRAYDTIGY,41.083,62.004,44434.79
HLA-B*51:03,RAYDTIGYN,33.5,25.019,38107.21
HLA-B*51:03,AYDTIGYNL,7.143,38.625,41201.21
HLA-B*51:03,YDTIGYNLE,64.643,74.28,45662.02
HLA-B*51:03,DTIGYNLEP,6.047,6.478,28049.34
HLA-B*51:03,TIGYNLEPM,45.5,34.573,40415.32
HLA-B*51:03,IGYNLEPMT,13.543,23.976,37799.22
HLA-B*51:03,GYNLEPMTP,45.3,74.29,45662.99
HLA-B*51:03,YNLEPMTPQ,41.417,56.056,43746.89
HLA-B*51:03,NLEPMTPQD,66.364,72.923,45533.75
HLA-B*51:03,LEPMTPQDN,67.727,82.437,46402.12
HLA-B*51:03,EPMTPQDNG,14.771,14.191,34000.08
HLA-B*51:03,PMTPQDNGL,35.958,69.311,45190.19
HLA-B*51:03,MTPQDNGLS,40.625,45.645,42350.14
HLA-B*51:03,TPQDNGLSI,0.069,0.205,6184.14
HLA-B*51:03,PQDNGLSIA,52.963,77.087,45917.16
HLA-B*51:03,QDNGLSIAG,58.25,66.594,44921.09
HLA-B*51:03,DNGLSIAGR,46.111,74.88,45718.86
HLA-B*51:03,NGLSIAGRC,12.877,21.349,36958.85
HLA-B*51:03,GLSIAGRCE,93.333,95.871,48076.36
HLA-B*51:03,LSIAGRCEH,50.741,56.828,43838.33
HLA-B*51:03,SIAGRCEHE,78.333,91.761,47316.21
HLA-B*51:03,IAGRCEHEL,6.455,16.157,34935.33
HLA-B*51:03,AGRCEHELE,80.0,83.899,46536.35
HLA-B*51:03,GRCEHELEL,26.267,55.556,43687.76
HLA-B*51:03,RCEHELELQ,95.0,97.463,48809.08
HLA-B*51:03,CEHELELQS,38.0,35.13,40529.61
HLA-B*51:03,EHELELQSR,36.905,84.343,46577.15
HLA-B*51:03,HELELQSRR,31.0,63.221,44568.16
HLA-B*51:03,ELELQSRRF,14.924,28.303,38996.47
HLA-B*51:03,LELQSRRFY,14.513,29.043,39180.45
HLA-B*51:03,ELQSRRFYP,30.459,30.476,39521.06
HLA-B*51:03,LQSRRFYPI,12.169,2.76,21503.85
HLA-B*51:03,QSRRFYPIG,68.182,38.346,41149.99
HLA-B*51:03,SRRFYPIGP,43.0,59.308,44133.41
HLA-B*51:03,RRFYPIGPS,74.286,63.704,44621.21
HLA-B*51:03,RFYPIGPSQ,40.688,64.692,44729.98
HLA-B*51:03,FYPIGPSQE,43.818,76.489,45863.54
HLA-B*51:03,YPIGPSQEG,2.243,3.768,23848.01
HLA-B*51:03,PIGPSQEGY,56.25,91.02,47233.34
HLA-B*51:03,IGPSQEGYF,19.196,25.174,38150.51
HLA-B*51:03,GPSQEGYFQ,43.727,69.173,45176.49
HLA-B*51:03,PSQEGYFQS,49.429,71.722,45420.57
HLA-B*51:03,SQEGYFQSK,21.026,53.549,43434.64
HLA-B*51:03,QEGYFQSKM,12.479,27.239,38712.7
HLA-B*51:03,EGYFQSKMD,46.222,38.838,41240.48
HLA-B*51:03,GYFQSKMDI,21.816,27.011,38650.33
HLA-B*51:03,YFQSKMDID,91.667,82.705,46426.72
HLA-B*51:03,FQSKMDIDY,21.175,34.82,40466.51
HLA-B*51:03,QSKMDIDYL,8.787,21.603,37043.32
HLA-B*51:03,SKMDIDYLY,9.107,24.265,37884.79
HLA-B*51:03,KMDIDYLYS,58.0,72.62,45505.19
HLA-B*51:03,MDIDYLYSR,21.272,34.359,40371.16
HLA-B*51:03,DIDYLYSRR,27.963,57.884,43963.73
HLA-B*51:03,IDYLYSRRA,15.354,13.83,33813.34
HLA-B*51:03,DYLYSRRAT,39.412,48.409,42757.62
HLA-B*51:03,YLYSRRATY,6.148,5.587,26886.88
HLA-B*51:03,LYSRRATYV,17.181,17.664,35589.25
HLA-B*51:03,YSRRATYVK,39.471,40.766,41573.79
HLA-B*51:03,SRRATYVKI,15.631,19.242,36201.72
HLA-B*51:03,RRATYVKIE,74.286,92.864,47439.74
HLA-B*51:03,RATYVKIEL,3.118,10.308,31600.66
HLA-B*51:03,ATYVKIELN,52.963,47.186,42578.05
HLA-B*51:03,TYVKIELNW,9.567,19.777,36401.66
HLA-B*51:03,YVKIELNWG,58.5,53.829,43470.85
HLA-B*51:03,VKIELNWGA,30.378,29.613,39316.75
HLA-B*51:03,KIELNWGAA,66.818,59.488,44154.9
HLA-B*51:03,IELNWGAAA,18.53,18.628,35969.43
HLA-B*51:03,ELNWGAAAE,51.481,65.507,44813.8
HLA-B*51:03,LNWGAAAES,53.519,39.352,41331.59
HLA-B*51:03,NWGAAAESG,91.667,82.437,46402.12
HLA-B*51:03,WGAAAESGY,33.714,36.402,40780.79
HLA-B*51:03,GAAAESGYI,5.792,7.188,28884.3
HLA-B*51:03,AAAESGYIA,7.035,12.659,33155.81
HLA-B*51:03,AAESGYIAH,34.808,70.6,45315.04
HLA-B*51:03,AESGYIAHV,5.132,11.84,32658.05
HLA-B*51:03,ESGYIAHVF,2.532,4.417,25107.06
HLA-B*51:03,SGYIAHVFL,3.787,4.497,25261.85
HLA-B*51:03,GYIAHVFLL,18.64,28.427,39027.29
HLA-B*51:03,YIAHVFLLF,6.999,5.791,27159.1
HLA-B*51:03,IAHVFLLFG,26.517,11.097,32165.7
HLA-B*51:03,AHVFLLFGP,49.714,46.332,42452.44
HLA-B*51:03,HVFLLFGPI,8.728,0.994,14325.88
HLA-B*51:03,VFLLFGPIV,10.698,11.406,32369.24
HLA-B*51:03,FLLFGPIVM,10.683,9.426,30956.31
HLA-B*51:03,LLFGPIVMK,14.863,37.473,40986.47
HLA-B*51:03,LFGPIVMKL,5.487,12.206,32886.76
HLA-B*51:03,FGPIVMKLF,7.347,7.793,29510.72
HLA-B*51:03,GPIVMKLFG,31.794,17.141,35371.21
HLA-B*51:03,PIVMKLFGP,74.286,71.613,45410.26
HLA-B*51:03,IVMKLFGPN,81.25,26.97,38639.46
HLA-B*51:03,VMKLFGPNE,47.125,65.162,44779.86
HLA-B*51:03,MKLFGPNED,82.5,75.017,45731.72
HLA-B*51:03,KLFGPNEDG,77.5,85.642,46699.27
HLA-B*51:03,LFGPNEDGQ,90.0,96.094,48178.41
HLA-B*51:03,FGPNEDGQD,95.0,92.397,47387.43
HLA-B*51:03,GPNEDGQDR,40.125,90.801,47208.83
HLA-B*51:03,PNEDGQDRL,44.0,90.316,47154.7
HLA-B*51:03,NEDGQDRLP,32.968,58.448,44030.86
HLA-B*51:03,EDGQDRLPI,16.96,15.693,34720.92
HLA-B*51:03,DGQDRLPIR,21.404,58.088,43988.0
HLA-B*51:03,GQDRLPIRR,60.714,95.394,47858.89
HLA-B*51:03,QDRLPIRRR,48.5,91.08,47239.98
HLA-B*51:03,DRLPIRRRM,5.925,26.425,38494.66
HLA-B*51:03,RLPIRRRMR,82.5,95.246,47791.62
HLA-B*51:03,LPIRRRMRE,17.005,21.036,36855.43
HLA-B*51:03,PIRRRMRET,80.0,92.864,47439.74
HLA-B*51:03,IRRRMRETF,38.556,54.891,43607.93
HLA-B*51:03,RRRMRETFL,48.5,55.2,43645.72
HLA-B*51:03,RRMRETFLI,20.862,9.495,31015.32
HLA-B*51:03,RMRETFLIK,46.889,45.915,42390.94
HLA-B*51:03,MRETFLIKI,6.404,8.154,29849.19
HLA-B*51:03,RETFLIKIQ,70.714,84.83,46622.02
HLA-B*51:03,ETFLIKIQL,0.547,2.073,19481.36
HLA-B*51:03,TFLIKIQLE,50.37,72.223,45467.75
HLA-B*51:03,FLIKIQLEG,30.351,22.067,37196.34
HLA-B*51:03,LIKIQLEGT,42.923,58.164,43997.05
HLA-B*51:03,IKIQLEGTN,81.25,84.545,46595.81
HLA-B*51:03,KIQLEGTNL,26.35,50.78,43079.44
HLA-B*51:03,IQLEGTNLN,61.429,61.265,44354.08
HLA-B*51:03,QLEGTNLNS,65.455,82.777,46433.25
HLA-B*51:03,LEGTNLNSA,23.575,27.46,38773.06
HLA-B*51:03,EGTNLNSAP,28.286,35.011,40505.94
HLA-B*51:03,GTNLNSAPA,43.273,31.597,39780.17
HLA-B*51:03,TNLNSAPAA,15.918,22.475,37324.95
HLA-B*51:03,NLNSAPAAA,16.716,25.644,38282.02
HLA-B*51:03,LNSAPAAAC,26.083,36.959,40889.02
HLA-B*51:03,NSAPAAACQ,40.5,55.78,43714.23
HLA-B*51:03,SAPAAACQE,35.833,52.298,43273.77
HLA-B*51:03,APAAACQEV,0.7,1.3,16036.97
HLA-B*51:03,PAAACQEVD,95.0,85.747,46709.39
HLA-B*51:03,AAACQEVDL,15.634,25.693,38295.68
HLA-B*51:03,AACQEVDLR,59.5,87.279,46856.68
HLA-B*51:03,ACQEVDLRF,13.444,34.624,40425.82
HLA-B*51:03,CQEVDLRFA,40.562,39.37,41334.74
HLA-B*51:03,QEVDLRFAT,21.333,36.82,40862.06
HLA-B*51:03,EVDLRFATD,32.484,47.641,42645.81
HLA-B*51:03,VDLRFATDD,95.0,85.858,46719.99
HLA-B*51:03,DLRFATDDA,35.5,23.559,37667.36
HLA-B*51:03,LRFATDDAT,65.909,62.289,44466.04
HLA-B*51:03,RFATDDATH,70.0,92.045,47347.96
HLA-B*51:03,FATDDATHA,7.335,11.006,32105.89
HLA-B*51:03,ATDDATHAL,2.893,18.362,35867.59
HLA-B*51:03,TDDATHALL,6.927,14.011,33912.27
HLA-B*51:03,DDATHALLT,15.873,20.911,36811.58
HLA-B*51:03,DATHALLTA,0.747,0.963,14133.13
HLA-B*51:03,ATHALLTAV,3.833,6.365,27904.97
HLA-B*51:03,THALLTAVF,4.985,7.227,28926.51
HLA-B*51:03,HALLTAVFE,22.92,24.733,38022.76
HLA-B*51:03,ALLTAVFES,54.815,60.655,44287.43
HLA-B*51:03,LLTAVFESP,34.154,29.476,39284.03
HLA-B*51:03,LTAVFESPA,23.172,10.205,31526.54
HLA-B*51:03,TAVFESPAD,42.0,35.921,40686.9
HLA-B*51:03,AVFESPADD,70.0,75.039,45733.7
HLA-B*51:03,VFESPADDW,29.977,51.397,43158.27
HLA-B*51:03,FESPADDWA,34.538,30.843,39607.1
HLA-B*51:03,ESPADDWAC,24.299,38.893,41250.75
HLA-B*51:03,SPADDWACS,17.658,23.236,37565.2
HLA-B*51:03,PADDWACSP,43.091,57.292,43893.39
HLA-B*51:03,ADDWACSPT,69.545,61.147,44341.12
HLA-B*51:03,DDWACSPTN,55.75,36.552,40809.91
HLA-B*51:03,DWACSPTNS,71.429,71.748,45423.03
HLA-B*51:03,WACSPTNSQ,28.694,43.369,41997.41
HLA-B*51:03,ACSPTNSQT,40.438,77.187,45926.11
HLA-B*51:03,CSPTNSQTY,7.908,15.712,34729.57
HLA-B*51:03,SPTNSQTYK,15.832,33.699,40234.68
HLA-B*51:03,PTNSQTYKT,51.296,74.201,45654.6
HLA-B*51:03,TNSQTYKTV,2.391,5.446,26691.23
HLA-B*51:03,NSQTYKTVV,1.472,3.024,22193.11
HLA-B*51:03,SQTYKTVVI,6.41,11.443,32394.11
HLA-B*51:03,QTYKTVVIH,18.421,42.188,41806.09
HLA-B*51:03,TYKTVVIHM,3.971,23.661,37699.55
HLA-B*51:03,YKTVVIHMS,35.042,51.623,43187.23
HLA-B*51:03,KTVVIHMSA,11.205,17.017,35319.59
HLA-B*51:03,TVVIHMSAL,7.786,12.159,32859.39
HLA-B*51:03,VVIHMSALL,5.381,4.381,25036.54
HLA-B*51:03,VIHMSALLG,39.588,22.388,37297.49
HLA-B*51:03,IHMSALLGR,46.222,52.33,43277.98
HLA-B*51:03,HMSALLGRI,8.875,7.184,28879.29
HLA-B*51:03,MSALLGRIV,2.02,0.814,13021.97
HLA-B*51:03,SALLGRIVP,7.511,11.441,32392.71
HLA-B*51:03,ALLGRIVPI,11.596,11.886,32688.82
HLA-B*51:03,LLGRIVPID,88.333,65.812,44843.87
HLA-B*51:03,LGRIVPIDA,17.611,20.754,36755.07
HLA-B*51:03,GRIVPIDAT,67.273,84.748,46614.47
HLA-B*51:03,RIVPIDATP,22.23,39.296,41321.76
HLA-B*51:03,IVPIDATPM,19.885,22.254,37255.13
HLA-B*51:03,VPIDATPML,0.033,0.192,5930.03
HLA-B*51:03,PIDATPMLG,71.429,79.939,46173.73
HLA-B*51:03,IDATPMLGK,50.185,73.424,45581.05
HLA-B*51:03,DATPMLGKC,1.387,3.032,22212.34
HLA-B*51:03,ATPMLGKCD,88.333,89.221,47044.13
HLA-B*51:03,TPMLGKCDQ,42.077,49.02,42844.68
HLA-B*51:03,PMLGKCDQA,58.25,64.974,44760.97
HLA-B*51:03,MLGKCDQAG,90.0,60.699,44292.22
HLA-B*51:03,LGKCDQAGF,33.071,25.235,38167.44
HLA-B*51:03,GKCDQAGFT,85.0,95.744,48018.14
HLA-B*51:03,KCDQAGFTM,20.577,45.997,42403.33
HLA-B*51:03,CDQAGFTMV,15.41,11.567,32476.23
HLA-B*51:03,DQAGFTMVF,1.246,2.708,21368.39
HLA-B*51:03,QAGFTMVFA,15.772,9.064,30651.36
HLA-B*51:03,AGFTMVFAY,17.073,18.342,35860.21
HLA-B*51:03,GFTMVFAYG,93.333,78.212,46018.13
HLA-B*51:03,FTMVFAYGT,32.968,7.887,29601.86
HLA-B*51:03,TMVFAYGTI,12.711,2.274,20107.54
HLA-B*51:03,MVFAYGTIQ,38.444,25.814,38329.68
HLA-B*51:03,VFAYGTIQP,44.182,55.36,43664.61
HLA-B*51:03,FAYGTIQPS,10.534,3.597,23512.9
HLA-B*51:03,AYGTIQPSD,85.0,92.159,47360.79
HLA-B*51:03,YGTIQPSDD,93.333,80.422,46217.73
HLA-B*51:03,GTIQPSDDE,88.333,95.507,47910.18
HLA-B*51:03,TIQPSDDED,88.333,93.111,47467.47
HLA-B*51:03,IQPSDDEDT,86.667,95.814,48050.36
HLA-B*51:03,QPSDDEDTA,14.092,29.769,39354.21
HLA-B*51:03,PSDDEDTAV,25.254,62.513,44490.59
HLA-B*51:03,SDDEDTAVD,60.357,89.711,47091.49
HLA-B*51:03,DDEDTAVDI,8.1,18.078,35759.87
HLA-B*51:03,DEDTAVDIS,33.5,54.737,43588.14
HLA-B*51:03,EDTAVDISM,13.664,25.746,38310.6
HLA-B*51:03,DTAVDISMS,32.548,34.059,40309.19
HLA-B*51:03,TAVDISMSL,0.296,0.986,14277.61
HLA-B*51:03,AVDISMSLE,54.815,86.405,46772.6
HLA-B*51:03,VDISMSLEM,6.737,10.441,31696.53
HLA-B*51:03,DISMSLEME,44.0,62.975,44541.14
HLA-B*51:03,ISMSLEMEV,1.241,0.708,12161.41
HLA-B*51:03,SMSLEMEVQ,62.143,87.516,46879.5
HLA-B*51:03,MSLEMEVQP,10.398,8.563,30217.03
HLA-B*51:03,SLEMEVQPL,26.467,34.871,40477.03
HLA-B*51:03,LEMEVQPLM,1.58,1.727,18088.92
HLA-B*51:03,EMEVQPLML,5.543,14.289,34047.56
HLA-B*51:03,MEVQPLMLI,1.252,0.855,13368.31
HLA-B*51:03,EVQPLMLIG,21.184,16.638,35149.93
HLA-B*51:03,VQPLMLIGT,36.19,52.888,43349.69
HLA-B*51:03,QPLMLIGTR,13.968,22.86,37446.7
HLA-B*51:03,PLMLIGTRR,62.857,86.158,46748.8
HLA-B*51:03,LMLIGTRRV,5.585,4.801,25736.36
HLA-B*51:03,MLIGTRRVG,51.852,35.389,40580.95
HLA-B*51:03,LIGTRRVGP,71.429,73.69,45606.22
HLA-B*51:03,IGTRRVGPY,28.388,35.682,40639.38
HLA-B*51:03,GTRRVGPYS,65.455,67.156,44976.52
HLA-B*51:03,TRRVGPYSF,15.668,44.739,42211.08
HLA-B*51:03,RRVGPYSFS,67.727,80.57,46231.23
HLA-B*51:03,RVGPYSFSQ,49.714,75.238,45751.51
HLA-B*51:03,VGPYSFSQE,30.243,60.053,44221.84
HLA-B*51:03,GPYSFSQEV,0.124,0.324,8097.12
HLA-B*51:03,PYSFSQEVE,93.333,96.34,48291.14
HLA-B*51:03,YSFSQEVEG,22.59,16.357,35024.67
HLA-B*51:03,SFSQEVEGF,23.207,52.538,43304.67
HLA-B*51:03,FSQEVEGFT,36.524,26.435,38497.16
HLA-B*51:03,SQEVEGFTI,8.485,9.585,31080.5
HLA-B*51:03,QEVEGFTIK,32.032,62.583,44498.28
HLA-B*51:03,EVEGFTIKF,4.299,16.458,35069.39
HLA-B*51:03,VEGFTIKFM,13.565,21.048,36859.4
HLA-B*51:03,EGFTIKFMS,16.831,13.595,33684.45
HLA-B*51:03,GFTIKFMSI,25.91,32.264,39929.81
HLA-B*51:03,FTIKFMSIS,40.5,21.979,37168.57
HLA-B*51:03,TIKFMSISL,5.419,9.524,31036.47
HLA-B*51:03,IKFMSISLN,61.071,49.768,42947.73
HLA-B*51:03,KFMSISLNA,33.643,27.368,38747.89
HLA-B*51:03,FMSISLNAR,37.684,48.705,42799.75
HLA-B*51:03,MSISLNARL,2.899,2.586,21056.49
HLA-B*51:03,SISLNARLD,68.636,66.599,44921.56
HLA-B*51:03,ISLNARLDE,67.727,71.07,45359.19
HLA-B*51:03,SLNARLDEL,13.215,29.876,39379.76
HLA-B*51:03,LNARLDELE,77.5,79.214,46108.32
HLA-B*51:03,NARLDELEV,0.683,0.958,14106.1
HLA-B*51:03,ARLDELEVN,74.286,95.081,47716.69
HLA-B*51:03,RLDELEVNR,38.389,92.511,47400.23
HLA-B*51:03,LDELEVNRV,12.218,21.376,36968.05
HLA-B*51:03,DELEVNRVI,0.58,1.168,15348.74
HLA-B*51:03,ELEVNRVIG,62.143,64.547,44714.03
HLA-B*51:03,LEVNRVIGE,50.37,72.218,45467.29
HLA-B*51:03,EVNRVIGEP,16.836,21.826,37117.55
HLA-B*51:03,VNRVIGEPE,75.0,78.472,46041.52
HLA-B*51:03,NRVIGEPEL,22.23,46.715,42508.52
HLA-B*51:03,RVIGEPELN,75.0,82.585,46415.68
HLA-B*51:03,VIGEPELNM,15.724,33.844,40264.74
HLA-B*51:03,IGEPELNMA,17.539,33.4,40172.92
HLA-B*51:03,GEPELNMAL,10.475,37.883,41064.15
HLA-B*51:03,EPELNMALA,4.222,2.234,19981.1
HLA-B*51:03,PELNMALAA,39.471,36.982,40893.46
HLA-B*51:03,ELNMALAAI,5.096,3.305,22854.23
HLA-B*51:03,LNMALAAII,4.755,0.75,12501.62
HLA-B*51:03,NMALAAIIG,57.25,31.109,39668.86
HLA-B*51:03,MALAAIIGA,5.994,1.799,18388.47
HLA-B*51:03,ALAAIIGAI,16.84,13.592,33682.99
HLA-B*51:03,LAAIIGAID,55.75,21.391,36972.84
HLA-B*51:03,AAIIGAIDP,25.507,36.986,40894.32
HLA-B*51:03,AIIGAIDPD,93.333,83.489,46498.61
HLA-B*51:03,IIGAIDPDK,81.25,91.199,47253.27
HLA-B*51:03,IGAIDPDKE,77.5,92.452,47393.57
HLA-B*51:03,GAIDPDKEC,15.302,57.508,43919.04
HLA-B*51:03,AIDPDKECM,24.429,66.462,44907.97
HLA-B*51:03,IDPDKECMK,73.571,96.005,48137.79
HLA-B*51:03,DPDKECMKL,0.28,2.121,19630.75
HLA-B*51:03,PDKECMKLK,95.0,96.67,48442.89
HLA-B*51:03,DKECMKLKT,36.333,57.988,43976.09
HLA-B*51:03,KECMKLKTS,66.364,86.521,46783.73
HLA-B*51:03,ECMKLKTSQ,23.069,62.267,44463.63
HLA-B*51:03,CMKLKTSQD,75.0,67.111,44972.14
HLA-B*51:03,MKLKTSQDT,56.5,61.775,44409.78
HLA-B*51:03,KLKTSQDTE,82.5,95.627,47965.15
HLA-B*51:03,LKTSQDTEM,27.981,54.245,43524.52
HLA-B*51:03,KTSQDTEMP,46.778,72.39,45483.5
HLA-B*51:03,TSQDTEMPE,46.222,71.618,45410.73
HLA-B*51:03,SQDTEMPEA,12.493,34.044,40306.15
HLA-B*51:03,QDTEMPEAM,15.183,48.308,42743.29
HLA-B*51:03,DTEMPEAMH,35.042,74.833,45714.41
HLA-B*51:03,TEMPEAMHP,5.881,18.348,35862.55
HLA-B*51:03,EMPEAMHPY,13.257,20.178,36548.86
HLA-B*51:03,MPEAMHPYA,1.06,0.383,8921.41
HLA-B*51:03,PEAMHPYAA,36.762,53.129,43380.64
HLA-B*51:03,EAMHPYAAL,0.38,0.749,12492.01
HLA-B*51:03,AMHPYAALS,36.19,34.647,40430.62
HLA-B*51:03,MHPYAALSS,37.316,27.618,38816.29
HLA-B*51:03,HPYAALSSA,0.421,0.435,9585.94
HLA-B*51:03,PYAALSSAT,72.857,82.059,46367.48
HLA-B*51:03,YAALSSATT,6.837,5.646,26965.25
HLA-B*51:03,AALSSATTE,19.939,51.842,43215.29
HLA-B*51:03,ALSSATTER,56.75,88.274,46952.6
HLA-B*51:03,LSSATTERK,32.613,56.84,43839.75
HLA-B*51:03,SSATTERKP,22.79,45.706,42359.32
HLA-B*51:03,SATTERKPH,43.182,78.848,46075.41
HLA-B*51:03,ATTERKPHR,45.6,91.491,47286.01
HLA-B*51:03,TTERKPHRK,47.125,81.9,46352.92
HLA-B*51:03,TERKPHRKG,44.909,68.883,45147.66
HLA-B*51:03,ERKPHRKGK,72.857,96.172,48213.88
HLA-B*51:03,RKPHRKGKS,91.667,97.542,48845.54
HLA-B*51:03,KPHRKGKSP,12.347,35.958,40694.38
HLA-B*51:03,PHRKGKSPF,36.0,70.96,45348.86
HLA-B*51:03,HRKGKSPFR,72.143,95.498,47906.04
HLA-B*51:03,RKGKSPFRQ,93.333,97.478,48815.94
HLA-B*51:03,KGKSPFRQA,20.528,47.124,42568.82
HLA-B*51:03,GKSPFRQAV,17.098,37.857,41059.25
HLA-B*51:03,KSPFRQAVY,22.95,44.448,42164.96
HLA-B*51:03,SPFRQAVYE,9.443,10.409,31672.88
HLA-B*51:03,PFRQAVYEI,24.208,33.316,40155.54
HLA-B*51:03,FRQAVYEIL,20.407,20.012,36489.59
HLA-B*51:03,RQAVYEILV,11.276,12.987,33351.88
HLA-B*51:03,QAVYEILVL,1.051,2.997,22130.05
HLA-B*51:03,AVYEILVLD,42.462,51.674,43193.77
HLA-B*51:03,VYEILVLDT,66.364,69.882,45246.94
HLA-B*51:03,YEILVLDTC,16.653,27.604,38812.52
HLA-B*51:03,EILVLDTCC,26.167,36.611,40821.39
HLA-B*51:03,ILVLDTCCF,34.269,19.319,36230.34
HLA-B*51:03,LVLDTCCFG,58.0,22.93,37468.59
HLA-B*51:03,VLDTCCFGS,93.333,72.959,45537.18
HLA-B*51:03,LDTCCFGSE,97.5,73.523,45590.43
HLA-B*51:03,DTCCFGSEM,7.219,3.921,24153.4
HLA-B*51:03,TCCFGSEMC,62.143,79.485,46132.8
HLA-B*51:03,CCFGSEMCK,58.75,50.708,43070.11
HLA-B*51:03,CFGSEMCKR,83.75,90.279,47150.62
HLA-B*51:03,FGSEMCKRW,6.151,7.822,29538.51
HLA-B*51:03,GSEMCKRWH,91.667,96.02,48144.56
HLA-B*51:03,SEMCKRWHT,29.432,23.969,37797.18
HLA-B*51:03,EMCKRWHTQ,39.059,58.12,43991.8
HLA-B*51:03,MCKRWHTQF,10.875,13.654,33716.89
HLA-B*51:03,CKRWHTQFP,47.75,48.344,42748.36
HLA-B*51:03,KRWHTQFPL,29.477,25.536,38251.79
HLA-B*51:03,RWHTQFPLA,34.231,37.094,40914.69
HLA-B*51:03,WHTQFPLAQ,46.333,47.427,42613.98
HLA-B*51:03,HTQFPLAQG,37.421,37.391,40970.96
HLA-B*51:03,TQFPLAQGS,20.886,30.903,39621.25
HLA-B*51:03,QFPLAQGSR,56.5,88.358,46960.71
HLA-B*51:03,FPLAQGSRS,4.753,3.528,23378.7
HLA-B*51:03,PLAQGSRSD,93.333,96.451,48341.84
HLA-B*51:03,LAQGSRSDG,73.571,65.576,44820.59
HLA-B*51:03,AQGSRSDGP,57.75,86.816,46812.1
HLA-B*51:03,QGSRSDGPL,42.462,43.432,42006.97
HLA-B*51:03,GSRSDGPLN,86.667,82.399,46398.59
HLA-B*51:03,SRSDGPLNT,36.429,81.062,46276.27
HLA-B*51:03,RSDGPLNTV,3.921,11.035,32124.65
HLA-B*51:03,SDGPLNTVI,7.96,15.933,34833.8
HLA-B*51:03,DGPLNTVIE,23.943,45.07,42263.16
HLA-B*51:03,GPLNTVIEE,23.989,46.085,42416.18
HLA-B*51:03,PLNTVIEEW,18.665,45.685,42356.1
HLA-B*51:03,LNTVIEEWA,58.0,37.45,40982.03
HLA-B*51:03,NTVIEEWAA,9.742,12.615,33129.62
HLA-B*51:03,TVIEEWAAA,10.218,10.265,31569.9
HLA-B*51:03,VIEEWAAAF,17.0,17.863,35672.53
HLA-B*51:03,IEEWAAAFG,78.333,47.991,42697.99
HLA-B*51:03,EEWAAAFGG,49.429,26.224,38441.39
HLA-B*51:03,EWAAAFGGV,36.19,21.228,36918.88
HLA-B*51:03,WAAAFGGVV,4.291,0.728,12318.34
HLA-B*51:03,AAAFGGVVR,41.667,66.27,44889.01
HLA-B*51:03,AAFGGVVRH,12.174,39.967,41438.62
HLA-B*51:03,AFGGVVRHY,29.023,68.848,45144.25
HLA-B*51:03,FGGVVRHYA,12.12,10.384,31655.06
HLA-B*51:03,GGVVRHYAD,91.667,83.012,46454.85
HLA-B*51:03,GVVRHYADI,33.571,28.875,39138.93
HLA-B*51:03,VVRHYADIG,81.25,62.386,44476.62
HLA-B*51:03,VRHYADIGQ,81.25,95.369,47847.5
HLA-B*51:03,RHYADIGQF,11.079,18.485,35914.58
HLA-B*51:03,HYADIGQFQ,34.269,73.518,45589.93
HLA-B*51:03,YADIGQFQR,13.933,37.337,40960.76
HLA-B*51:03,ADIGQFQRL,11.628,29.153,39206.73
HLA-B*51:03,DIGQFQRLA,5.168,8.058,29763.07
HLA-B*51:03,IGQFQRLAH,43.273,56.016,43742.14
HLA-B*51:03,GQFQRLAHI,4.977,8.082,29784.66
HLA-B*51:03,QFQRLAHIA,31.206,33.893,40274.76
HLA-B*51:03,FQRLAHIAS,27.741,27.704,38839.83
HLA-B*51:03,QRLAHIAST,39.647,59.04,44101.43
HLA-B*51:03,RLAHIASTG,60.714,54.504,43557.96
HLA-B*51:03,LAHIASTGA,10.016,5.941,27362.01
HLA-B*51:03,AHIASTGAE,59.75,81.484,46314.82
HLA-B*51:03,HIASTGAEH,39.647,75.914,45811.95
HLA-B*51:03,IASTGAEHP,14.561,26.201,38435.15
HLA-B*51:03,ASTGAEHPK,54.444,84.064,46551.45
HLA-B*51:03,STGAEHPKG,60.357,72.38,45482.54
HLA-B*51:03,TGAEHPKGP,27.389,55.812,43718.04
HLA-B*51:03,GAEHPKGPE,80.0,95.673,47985.94
HLA-B*51:03,AEHPKGPES,23.563,63.155,44560.91
HLA-B*51:03,EHPKGPESS,47.625,80.602,46234.21
HLA-B*51:03,HPKGPESSK,10.61,41.338,41667.9
HLA-B*51:03,PKGPESSKF,43.455,85.226,46659.38
HLA-B*51:03,KGPESSKFV,10.436,27.868,38884.82
HLA-B*51:03,GPESSKFVL,3.309,11.033,32123.27
HLA-B*51:03,PESSKFVLG,64.643,74.969,45727.27
HLA-B*51:03,ESSKFVLGT,13.509,17.854,35668.66
HLA-B*51:03,SSKFVLGTV,2.67,2.189,19841.29
HLA-B*51:03,SKFVLGTVN,70.714,66.87,44948.3
HLA-B*51:03,KFVLGTVNL,21.526,52.819,43340.77
HLA-B*51:03,FVLGTVNLA,11.462,7.47,29196.62
HLA-B*51:03,VLGTVNLAG,70.0,56.26,43771.04
HLA-B*51:03,LGTVNLAGI,9.04,4.669,25528.92
HLA-B*51:03,GTVNLAGIV,24.091,19.51,36301.74
HLA-B*51:03,TVNLAGIVC,26.783,37.96,41078.82
HLA-B*51:03,VNLAGIVCS,61.786,63.651,44615.43
HLA-B*51:03,NLAGIVCST,28.061,33.217,40135.11
HLA-B*51:03,LAGIVCSTE,44.545,33.255,40142.93
HLA-B*51:03,AGIVCSTEV,8.279,8.221,29909.96
HLA-B*51:03,GIVCSTEVL,40.125,42.668,41885.78
HLA-B*51:03,IVCSTEVLP,36.524,36.582,40815.65
HLA-B*51:03,VCSTEVLPV,8.309,11.748,32596.63
HLA-B*51:03,CSTEVLPVP,22.11,11.332,32320.24
HLA-B*51:03,STEVLPVPA,16.969,18.636,35972.53
HLA-B*51:03,TEVLPVPAA,5.326,9.828,31255.51
HLA-B*51:03,EVLPVPAAS,9.39,17.405,35481.22
HLA-B*51:03,VLPVPAASD,63.571,65.817,44844.36
HLA-B*51:03,LPVPAASDG,16.938,8.453,30119.11
HLA-B*51:03,PVPAASDGV,37.0,52.44,43292.02
HLA-B*51:03,VPAASDGVN,45.6,32.292,39935.86
HLA-B*51:03,PAASDGVNR,63.214,92.685,47419.74
HLA-B*51:03,AASDGVNRA,8.291,24.574,37975.91
HLA-B*51:03,ASDGVNRAP,25.597,52.998,43363.75
HLA-B*51:03,SDGVNRAPT,62.5,69.926,45251.34
HLA-B*51:03,DGVNRAPTA,1.818,2.531,20916.17
HLA-B*51:03,GVNRAPTAT,50.926,81.648,46329.88
HLA-B*51:03,VNRAPTATA,14.076,19.102,36149.68
HLA-B*51:03,NRAPTATAS,43.455,67.028,44963.88
HLA-B*51:03,RAPTATASE,40.875,67.908,45051.04
HLA-B*51:03,APTATASEE,23.621,45.094,42266.84
HLA-B*51:03,PTATASEEM,27.815,53.264,43398.02
HLA-B*51:03,TATASEEMA,15.127,21.696,37074.2
HLA-B*51:03,ATASEEMAT,45.8,67.072,44968.25
HLA-B*51:03,TASEEMATA,3.501,6.686,28299.63
HLA-B*51:03,ASEEMATAI,6.26,10.268,31571.96
HLA-B*51:03,SEEMATAIV,9.012,11.109,32173.36
HLA-B*51:03,EEMATAIVS,20.13,17.064,35339.45
HLA-B*51:03,EMATAIVSP,13.61,19.896,36446.17
HLA-B*51:03,MATAIVSPR,15.743,14.447,34125.01
HLA-B*51:03,ATAIVSPRL,5.313,13.537,33652.75
HLA-B*51:03,TAIVSPRLP,4.567,5.627,26939.3
HLA-B*51:03,AIVSPRLPL,16.92,26.889,38617.74
HLA-B*51:03,IVSPRLPLP,5.987,13.493,33628.36
HLA-B*51:03,VSPRLPLPP,25.299,27.021,38653.27
HLA-B*51:03,SPRLPLPPD,20.667,16.278,34989.06
HLA-B*51:03,PRLPLPPDH,72.857,96.849,48525.25
HLA-B*51:03,RLPLPPDHS,65.455,89.889,47108.8
HLA-B*51:03,LPLPPDHSS,1.516,4.524,25304.24
HLA-B*51:03,PLPPDHSSG,74.286,89.879,47107.8
HLA-B*51:03,LPPDHSSGR,6.667,25.245,38170.34
HLA-B*51:03,PPDHSSGRQ,64.286,90.425,47166.96
HLA-B*51:03,PDHSSGRQE,81.25,96.976,48583.59
HLA-B*51:03,DHSSGRQEF,3.572,18.912,36078.15
HLA-B*51:03,HSSGRQEFY,19.149,36.514,40802.41
HLA-B*51:03,SSGRQEFYV,15.489,12.4,33001.89
HLA-B*51:03,SGRQEFYVK,33.75,56.068,43748.3
HLA-B*51:03,GRQEFYVKG,60.357,81.933,46355.94
HLA-B*51:03,RQEFYVKGQ,88.333,96.035,48151.33
HLA-B*51:03,QEFYVKGQN,67.273,64.165,44671.95
HLA-B*51:03,EFYVKGQNI,3.442,4.088,24476.99
HLA-B*51:03,FYVKGQNIV,11.652,13.511,33638.55
HLA-B*51:03,YVKGQNIVY,12.873,24.639,37995.21
HLA-B*51:03,VKGQNIVYF,14.382,33.497,40192.93
HLA-B*51:03,KGQNIVYFN,75.0,72.338,45478.61
HLA-B*51:03,GQNIVYFNL,18.957,27.727,38846.12
HLA-B*51:03,QNIVYFNLF,5.829,7.375,29090.67
HLA-B*51:03,NIVYFNLFI,10.014,2.408,20537.63
HLA-B*51:03,IVYFNLFIN,72.857,31.153,39678.73
HLA-B*51:03,VYFNLFINA,16.48,19.975,36475.77
HLA-B*51:03,YFNLFINAF,10.323,23.765,37732.61
HLA-B*51:03,FNLFINAFA,26.367,7.734,29454.58
HLA-B*51:03,NLFINAFAG,37.895,16.404,35045.5
HLA-B*51:03,LFINAFAGL,16.671,14.753,34274.88
HLA-B*51:03,FINAFAGLR,55.5,44.773,42216.55
HLA-B*51:03,INAFAGLRA,16.618,21.045,36858.21
HLA-B*51:03,NAFAGLRAI,0.104,0.091,3888.34
HLA-B*51:03,AFAGLRAIS,79.167,88.5,46974.44
HLA-B*51:03,FAGLRAISD,38.944,26.52,38519.66
HLA-B*51:03,AGLRAISDP,48.625,57.908,43966.59
HLA-B*51:03,GLRAISDPR,70.0,90.21,47142.99
HLA-B*51:03,LRAISDPRA,27.611,53.45,43421.96
HLA-B*51:03,RAISDPRAV,1.429,3.882,24075.92
HLA-B*51:03,AISDPRAVG,59.0,80.181,46195.71
HLA-B*51:03,ISDPRAVGL,1.934,10.926,32047.6
HLA-B*51:03,SDPRAVGLP,43.0,57.124,43873.43
HLA-B*51:03,DPRAVGLPV,0.127,0.076,3498.51
HLA-B*51:03,PRAVGLPVD,91.667,96.217,48234.75
HLA-B*51:03,RAVGLPVDL,5.883,15.037,34413.48
HLA-B*51:03,AVGLPVDLP,40.25,61.608,44391.54
HLA-B*51:03,VGLPVDLPH,33.214,49.731,42942.61
HLA-B*51:03,GLPVDLPHA,37.211,68.145,45074.43
HLA-B*51:03,LPVDLPHAP,0.9,1.963,19103.97
HLA-B*51:03,PVDLPHAPP,53.333,65.408,44804.09
HLA-B*51:03,VDLPHAPPL,3.912,8.416,30085.88
HLA-B*51:03,DLPHAPPLC,7.912,21.115,36881.35
HLA-B*51:03,LPHAPPLCS,3.806,4.288,24858.66
HLA-B*51:03,PHAPPLCSR,68.182,90.499,47175.11
HLA-B*51:03,HAPPLCSRV,0.528,1.405,16603.56
HLA-B*51:03,APPLCSRVD,48.625,33.794,40254.27
HLA-B*51:03,PPLCSRVDA,34.885,22.136,37218.08
HLA-B*51:03,PLCSRVDAN,100.0,96.608,48414.1
HLA-B*51:03,LCSRVDANQ,79.167,90.787,47207.28
HLA-B*51:03,CSRVDANQL,14.758,9.808,31240.98
HLA-B*51:03,SRVDANQLG,58.0,80.794,46251.72
HLA-B*51:03,RVDANQLGV,17.71,22.334,37280.54
HLA-B*51:03,VDANQLGVQ,83.75,92.996,47454.64
HLA-B*51:03,DANQLGVQQ,12.104,32.79,40044.46
HLA-B*51:03,ANQLGVQQG,62.857,83.067,46459.88
HLA-B*51:03,NQLGVQQGI,3.259,5.711,27052.04
HLA-B*51:03,QLGVQQGIK,82.5,92.951,47449.5
HLA-B*51:03,LGVQQGIKE,54.259,67.564,45016.94
HLA-B*51:03,GVQQGIKEF,19.75,55.76,43711.86
HLA-B*51:03,VQQGIKEFI,5.986,11.78,32618.15
HLA-B*51:03,QQGIKEFIE,77.5,93.637,47526.59
HLA-B*51:03,QGIKEFIEW,3.98,10.65,31847.11
HLA-B*51:03,GIKEFIEWH,51.481,89.063,47028.85
HLA-B*51:03,IKEFIEWHV,15.0,20.07,36510.11
HLA-B*51:03,KEFIEWHVD,74.286,68.819,45141.31
HLA-B*51:03,EFIEWHVDG,46.889,44.655,42197.83
HLA-B*51:03,FIEWHVDGS,82.5,68.957,45155.0
HLA-B*51:03,IEWHVDGST,44.545,39.956,41436.83
HLA-B*51:03,EWHVDGSTL,10.341,26.771,38586.4
HLA-B*51:03,WHVDGSTLG,44.545,42.335,41830.52
HLA-B*51:03,HVDGSTLGT,29.455,54.424,43547.59
HLA-B*51:03,VDGSTLGTC,50.185,60.053,44221.84
HLA-B*51:03,DGSTLGTCG,34.192,31.399,39735.02
HLA-B*51:03,GSTLGTCGY,43.636,67.466,45007.19
HLA-B*51:03,STLGTCGYH,59.0,60.734,44296.05
HLA-B*51:03,TLGTCGYHL,35.667,34.22,40342.35
HLA-B*51:03,LGTCGYHLM,13.316,6.406,27956.64
HLA-B*51:03,GTCGYHLMD,86.667,77.398,45944.97
HLA-B*51:03,TCGYHLMDV,22.73,26.085,38404.4
HLA-B*51:03,CGYHLMDVR,60.714,50.372,43027.24
HLA-B*51:03,GYHLMDVRA,43.545,55.5,43681.14
HLA-B*51:03,YHLMDVRAD,52.963,44.218,42128.49
HLA-B*51:03,HLMDVRADA,22.93,25.39,38210.84
HLA-B*51:03,LMDVRADAE,70.714,76.573,45870.99
HLA-B*51:03,MDVRADAEK,65.455,71.968,45443.66
HLA-B*51:03,DVRADAEKK,36.667,60.611,44282.63
HLA-B*51:03,VRADAEKKI,13.543,34.133,40324.45
HLA-B*51:03,RADAEKKIV,5.303,18.496,35918.84
HLA-B*51:03,ADAEKKIVP,30.486,77.619,45964.89
HLA-B*51:03,DAEKKIVPT,4.001,9.705,31166.37
HLA-B*51:03,AEKKIVPTH,11.831,67.293,44990.15
HLA-B*51:03,EKKIVPTHE,39.059,92.653,47416.16
HLA-B*51:03,KKIVPTHEL,8.145,39.504,41357.99
HLA-B*51:03,KIVPTHELP,25.507,41.221,41648.99
HLA-B*51:03,IVPTHELPL,12.009,16.266,34983.76
HLA-B*51:03,VPTHELPLA,1.326,1.668,17830.28
HLA-B*51:03,PTHELPLAR,43.364,79.718,46153.75
HLA-B*51:03,THELPLARS,47.75,61.437,44372.79
HLA-B*51:03,HELPLARSE,20.748,60.286,44247.2
HLA-B*51:03,ELPLARSEE,46.222,80.263,46203.21
HLA-B*51:03,LPLARSEEP,4.989,5.557,26846.18
HLA-B*51:03,PLARSEEPD,100.0,97.362,48762.11
HLA-B*51:03,LARSEEPDG,70.714,70.0,45258.67
HLA-B*51:03,ARSEEPDGL,33.714,85.079,46645.24
HLA-B*51:03,RSEEPDGLG,51.296,63.207,44566.72
HLA-B*51:03,SEEPDGLGG,45.0,71.983,45445.15
HLA-B*51:03,EEPDGLGGG,54.63,84.929,46631.1
HLA-B*51:03,EPDGLGGGD,46.222,53.293,43401.77
HLA-B*51:03,PDGLGGGDG,100.0,97.565,48856.63
HLA-B*51:03,DGLGGGDGN,75.0,77.641,45966.88
HLA-B*51:03,GLGGGDGNS,97.5,97.144,48661.45
HLA-B*51:03,LGGGDGNSG,86.667,83.708,46518.73
HLA-B*51:03,GGGDGNSGS,90.0,96.992,48590.96
HLA-B*51:03,GGDGNSGSL,26.667,51.513,43173.22
HLA-B*51:03,GDGNSGSLR,88.333,96.554,48389.47
HLA-B*51:03,DGNSGSLRR,31.265,63.95,44648.27
HLA-B*51:03,GNSGSLRRL,30.676,66.388,44900.68
HLA-B*51:03,NSGSLRRLT,29.409,44.095,42108.9
HLA-B*51:03,SGSLRRLTP,22.2,24.362,37913.5
HLA-B*51:03,GSLRRLTPE,65.455,77.226,45929.57
HLA-B*51:03,SLRRLTPET,25.791,34.006,40298.3
HLA-B*51:03,LRRLTPETH,59.25,85.637,46698.75
HLA-B*51:03,RRLTPETHS,74.286,95.207,47774.06
HLA-B*51:03,RLTPETHSY,17.99,48.594,42783.99
HLA-B*51:03,LTPETHSYL,1.58,3.495,23312.77
HLA-B*51:03,TPETHSYLG,21.518,13.918,33862.05
HLA-B*51:03,PETHSYLGV,30.081,42.251,41816.5
HLA-B*51:03,ETHSYLGVG,45.1,27.798,38865.46
HLA-B*51:03,THSYLGVGQ,65.455,82.032,46364.96
HLA-B*51:03,HSYLGVGQL,1.936,4.037,24382.36
HLA-B*51:03,SYLGVGQLA,23.333,23.314,37589.99
HLA-B*51:03,YLGVGQLAF,14.118,11.318,32311.15
HLA-B*51:03,LGVGQLAFA,25.925,16.6,35133.21
HLA-B*51:03,GVGQLAFAR,65.455,88.068,46932.8
HLA-B*51:03,VGQLAFARS,48.25,39.877,41422.93
HLA-B*51:03,GQLAFARSI,5.712,6.431,27988.72
HLA-B*51:03,QLAFARSIR,60.0,80.734,46246.23
HLA-B*51:03,LAFARSIRL,0.331,0.396,9114.5
HLA-B*51:03,AFARSIRLY,26.433,51.269,43141.94
HLA-B*51:03,FARSIRLYG,20.593,8.6,30249.09
HLA-B*51:03,ARSIRLYGA,39.824,67.844,45044.7
HLA-B*51:03,RSIRLYGAG,69.091,36.973,40891.69
HLA-B*51:03,SIRLYGAGG,67.273,52.695,43324.84
HLA-B*51:03,IRLYGAGGI,44.455,25.956,38369.52
HLA-B*51:03,RLYGAGGIS,61.071,54.872,43605.6
HLA-B*51:03,LYGAGGISS,64.286,73.413,45580.08
HLA-B*51:03,YGAGGISSS,35.833,47.192,42578.95
HLA-B*51:03,GAGGISSSP,28.122,49.505,42911.49
HLA-B*51:03,AGGISSSPK,66.818,86.563,46787.77
HLA-B*51:03,GGISSSPKK,50.0,82.508,46408.64
HLA-B*51:03,GISSSPKKE,90.0,97.42,48789.03
HLA-B*51:03,ISSSPKKEV,2.548,9.758,31204.82
HLA-B*51:03,SSSPKKEVN,63.929,84.376,46580.18
HLA-B*51:03,SSPKKEVNT,18.677,67.879,45048.11
HLA-B*51:03,SPKKEVNTD,20.358,34.262,40351.09
HLA-B*51:03,PKKEVNTDV,42.385,77.132,45921.13
HLA-B*51:03,KKEVNTDVL,41.583,70.073,45265.53
HLA-B*51:03,KEVNTDVLV,16.058,24.912,38075.89
HLA-B*51:03,EVNTDVLVA,5.495,9.728,31182.89
HLA-B*51:03,VNTDVLVAL,4.785,14.653,34225.97
HLA-B*51:03,NTDVLVALL,3.017,5.719,27062.88
HLA-B*51:03,TDVLVALLN,71.429,46.84,42526.92
HLA-B*51:03,DVLVALLNE,24.364,35.503,40603.78
HLA-B*51:03,VLVALLNEK,42.077,59.284,44130.53
HLA-B*51:03,LVALLNEKA,18.616,19.072,36138.32
HLA-B*51:03,VALLNEKAR,33.179,59.08,44106.2
HLA-B*51:03,ALLNEKARI,18.585,29.819,39366.14
HLA-B*51:03,LLNEKARIQ,65.455,80.641,46237.73
HLA-B*51:03,LNEKARIQQ,70.714,94.424,47615.1
HLA-B*51:03,NEKARIQQA,9.799,26.987,38644.07
HLA-B*51:03,EKARIQQAS,42.154,58.9,44084.73
HLA-B*51:03,KARIQQASA,12.294,23.365,37605.85
HLA-B*51:03,ARIQQASAK,56.0,87.737,46900.82
HLA-B*51:03,RIQQASAKS,64.643,77.359,45941.51
HLA-B*51:03,IQQASAKSK,42.154,69.587,45217.56
HLA-B*51:03,QQASAKSKV,5.994,17.494,35518.47
HLA-B*51:03,QASAKSKVE,43.818,73.596,45597.34
HLA-B*51:03,ASAKSKVER,46.778,88.358,46960.71
HLA-B*51:03,SAKSKVERA,3.932,13.441,33600.0
HLA-B*51:03,AKSKVERAM,29.545,67.589,45019.38
HLA-B*51:03,KSKVERAMN,91.667,94.053,47573.38
HLA-B*51:03,SKVERAMNI,3.649,9.296,30846.98
HLA-B*51:03,KVERAMNII,21.035,25.843,38337.96
HLA-B*51:03,VERAMNIII,8.954,6.54,28125.02
HLA-B*51:03,ERAMNIIIS,52.037,56.72,43825.53
HLA-B*51:03,RAMNIIISV,0.44,0.582,11138.17
HLA-B*51:03,AMNIIISVT,29.364,41.327,41666.1
HLA-B*51:03,MNIIISVTG,33.214,12.526,33076.98
HLA-B*51:03,NIIISVTGL,5.62,13.043,33382.94
HLA-B*51:03,IIISVTGLS,48.625,31.887,39846.52
HLA-B*51:03,IISVTGLSA,14.35,13.041,33382.23
HLA-B*51:03,ISVTGLSAI,2.723,2.482,20778.58
HLA-B*51:03,SVTGLSAIS,59.5,60.8,44303.25
HLA-B*51:03,VTGLSAISM,10.663,14.39,34097.33
HLA-B*51:03,TGLSAISMV,2.197,1.998,19250.66
HLA-B*51:03,GLSAISMVI,12.72,12.901,33300.69
HLA-B*51:03,LSAISMVIV,4.958,2.933,21960.23
HLA-B*51:03,SAISMVIVL,0.468,1.132,15126.34
HLA-B*51:03,AISMVIVLA,20.024,34.867,40476.14
HLA-B*51:03,ISMVIVLAL,2.391,1.965,19110.57
HLA-B*51:03,SMVIVLALF,17.13,16.66,35160.21
HLA-B*51:03,MVIVLALFG,44.727,14.346,34075.57
HLA-B*51:03,VIVLALFGS,70.714,60.606,44282.17
HLA-B*51:03,IVLALFGSR,41.75,42.401,41841.4
HLA-B*51:03,VLALFGSRD,88.333,72.547,45498.29
HLA-B*51:03,LALFGSRDG,59.5,37.288,40951.46
HLA-B*51:03,ALFGSRDGL,22.77,40.644,41553.1
HLA-B*51:03,LFGSRDGLL,36.81,34.953,40494.11
HLA-B*51:03,FGSRDGLLK,43.545,48.471,42766.42
HLA-B*51:03,GSRDGLLKS,38.167,71.534,45402.88
HLA-B*51:03,SRDGLLKSL,11.684,43.5,42017.41
HLA-B*51:03,RDGLLKSLS,71.429,85.968,46730.6
HLA-B*51:03,DGLLKSLSI,0.159,0.195,5984.36
HLA-B*51:03,GLLKSLSIE,80.0,93.792,47544.06
HLA-B*51:03,LLKSLSIET,23.943,31.962,39863.77
HLA-B*51:03,LKSLSIETS,64.643,70.778,45331.7
HLA-B*51:03,KSLSIETSS,42.615,60.844,44308.02
HLA-B*51:03,SLSIETSSA,22.83,32.677,40019.76
HLA-B*51:03,LSIETSSAL,2.118,3.116,22407.38
HLA-B*51:03,SIETSSALM,21.149,28.988,39167.31
HLA-B*51:03,IETSSALMM,6.004,9.812,31243.68
HLA-B*51:03,ETSSALMMV,1.173,1.655,17767.7
HLA-B*51:03,TSSALMMVM,6.6,5.078,26161.71
HLA-B*51:03,SSALMMVMM,9.537,12.624,33135.01
HLA-B*51:03,SALMMVMMG,28.612,5.766,27126.49
HLA-B*51:03,ALMMVMMGL,23.54,26.824,38600.61
HLA-B*51:03,LMMVMMGLE,66.818,45.652,42351.07
HLA-B*51:03,MMVMMGLEK,34.731,24.0,37807.0
HLA-B*51:03,MVMMGLEKA,11.897,5.805,27177.9
HLA-B*51:03,VMMGLEKAL,6.722,16.865,35252.0
HLA-B*51:03,MMGLEKALR,49.143,62.562,44495.87
HLA-B*51:03,MGLEKALRG,30.351,19.348,36241.29
HLA-B*51:03,GLEKALRGI,38.889,50.802,43082.21
HLA-B*51:03,LEKALRGII,22.48,15.507,34633.5
HLA-B*51:03,EKALRGIII,5.857,10.667,31859.17
HLA-B*51:03,KALRGIIIS,42.615,45.97,42399.2
HLA-B*51:03,ALRGIIISI,3.792,12.498,33059.79
HLA-B*51:03,LRGIIISIR,66.364,84.704,46610.41
HLA-B*51:03,RGIIISIRG,41.167,40.617,41548.62
HLA-B*51:03,GIIISIRGH,64.286,95.091,47721.34
HLA-B*51:03,IIISIRGHL,9.121,12.297,32940.91
HLA-B*51:03,IISIRGHLN,65.909,60.545,44275.46
HLA-B*51:03,ISIRGHLNE,33.25,42.88,41921.16
HLA-B*51:03,SIRGHLNEA,13.407,19.824,36419.38
HLA-B*51:03,IRGHLNEAL,40.0,59.684,44178.31
HLA-B*51:03,RGHLNEALG,65.455,45.339,42303.9
HLA-B*51:03,GHLNEALGC,61.429,78.643,46056.96
HLA-B*51:03,HLNEALGCG,70.0,64.552,44714.49
HLA-B*51:03,LNEALGCGI,31.147,14.969,34381.1
HLA-B*51:03,NEALGCGIL,19.939,16.413,35049.3
HLA-B*51:03,EALGCGILK,20.959,22.924,37466.97
HLA-B*51:03,ALGCGILKH,70.714,91.382,47273.72
HLA-B*51:03,LGCGILKHD,91.667,80.301,46206.73
HLA-B*51:03,GCGILKHDL,55.0,84.792,46618.5
HLA-B*51:03,CGILKHDLQ,49.857,55.864,43724.18
HLA-B*51:03,GILKHDLQL,16.227,36.566,40812.57
HLA-B*51:03,ILKHDLQLS,50.185,68.228,45082.75
HLA-B*51:03,LKHDLQLSL,4.982,13.513,33639.29
HLA-B*51:03,KHDLQLSLL,15.224,29.023,39175.77
HLA-B*51:03,HDLQLSLLA,17.378,14.153,33981.69
HLA-B*51:03,DLQLSLLAL,3.093,5.059,26133.99
HLA-B*51:03,LQLSLLALT,29.886,22.859,37446.29
HLA-B*51:03,QLSLLALTS,31.912,40.843,41586.86
HLA-B*51:03,LSLLALTSL,3.145,3.513,23349.62
HLA-B*51:03,SLLALTSLG,59.25,33.924,40281.28
HLA-B*51:03,LLALTSLGH,41.75,53.837,43471.8
HLA-B*51:03,LALTSLGHE,45.5,39.344,41330.26
HLA-B*51:03,ALTSLGHEK,49.714,78.616,46054.47
HLA-B*51:03,LTSLGHEKI,5.428,5.322,26512.5
HLA-B*51:03,TSLGHEKIW,13.699,21.648,37058.16
HLA-B*51:03,SLGHEKIWN,95.0,95.878,48079.46
HLA-B*51:03,LGHEKIWNN,55.0,49.313,42885.04
HLA-B*51:03,GHEKIWNNS,78.333,87.537,46881.52
HLA-B*51:03,HEKIWNNSA,17.135,27.242,38713.54
HLA-B*51:03,EKIWNNSAR,38.833,67.84,45044.21
HLA-B*51:03,KIWNNSARV,13.188,14.156,33983.16
HLA-B*51:03,IWNNSARVG,86.667,80.75,46247.72
HLA-B*51:03,WNNSARVGE,81.25,84.403,46582.71
HLA-B*51:03,NNSARVGEE,69.091,85.358,46671.99
HLA-B*51:03,NSARVGEEK,31.559,53.913,43481.68
HLA-B*51:03,SARVGEEKA,10.756,19.964,36471.82
HLA-B*51:03,ARVGEEKAT,75.0,96.153,48205.55
HLA-B*51:03,RVGEEKATL,18.305,45.23,42287.43
HLA-B*51:03,VGEEKATLG,54.444,62.917,44534.88
HLA-B*51:03,GEEKATLGA,38.111,65.344,44797.79
HLA-B*51:03,EEKATLGAE,35.792,64.895,44752.26
HLA-B*51:03,EKATLGAES,49.429,70.339,45290.52
HLA-B*51:03,KATLGAESI,2.738,5.82,27198.2
HLA-B*51:03,ATLGAESIQ,75.0,92.022,47345.39
HLA-B*51:03,TLGAESIQA,32.194,49.566,42919.85
HLA-B*51:03,LGAESIQAM,3.367,8.542,30198.72
HLA-B*51:03,GAESIQAMA,18.774,28.964,39161.37
HLA-B*51:03,AESIQAMAY,17.984,38.349,41150.44
HLA-B*51:03,ESIQAMAYM,2.491,2.936,21967.84
HLA-B*51:03,SIQAMAYML,16.907,15.026,34408.27
HLA-B*51:03,IQAMAYMLY,20.22,13.697,33740.62
HLA-B*51:03,QAMAYMLYE,26.567,14.421,34112.46
HLA-B*51:03,AMAYMLYEA,42.077,23.751,37728.13
HLA-B*51:03,MAYMLYEAG,14.911,1.205,15570.03
HLA-B*51:03,AYMLYEAGE,85.0,89.942,47113.91
HLA-B*51:03,YMLYEAGEG,72.857,35.298,40562.95
HLA-B*51:03,MLYEAGEGE,25.507,48.036,42704.46
HLA-B*51:03,LYEAGEGEL,34.038,50.759,43076.63
HLA-B*51:03,YEAGEGELL,8.586,19.326,36233.07
HLA-B*51:03,EAGEGELLA,4.737,7.045,28726.59
HLA-B*51:03,AGEGELLAI,13.375,22.131,37216.47
HLA-B*51:03,GEGELLAII,12.951,16.538,35105.46
HLA-B*51:03,EGELLAIIT,28.327,29.798,39361.02
HLA-B*51:03,GELLAIITG,58.5,55.628,43696.27
HLA-B*51:03,ELLAIITGA,13.37,15.875,34806.29
HLA-B*51:03,LLAIITGAI,11.353,4.561,25361.54
HLA-B*51:03,LAIITGAIR,25.851,31.674,39797.82
HLA-B*51:03,AIITGAIRV,6.48,17.162,35380.02
HLA-B*51:03,IITGAIRVK,46.333,69.07,45166.21
HLA-B*51:03,ITGAIRVKI,5.442,5.086,26173.04
HLA-B*51:03,TGAIRVKIR,51.296,82.366,46395.59
HLA-B*51:03,GAIRVKIRL,4.741,17.117,35361.27
HLA-B*51:03,AIRVKIRLW,15.944,30.653,39562.55
HLA-B*51:03,IRVKIRLWD,90.0,76.739,45885.87
HLA-B*51:03,RVKIRLWDR,62.857,82.393,46398.08
HLA-B*51:03,VKIRLWDRV,25.179,20.007,36487.61
HLA-B*51:03,KIRLWDRVE,90.0,91.112,47243.58
HLA-B*51:03,IRLWDRVEE,70.714,88.453,46969.86
HLA-B*51:03,RLWDRVEER,31.765,59.228,44123.84
HLA-B*51:03,LWDRVEERS,82.5,91.981,47340.78
HLA-B*51:03,WDRVEERSL,15.918,38.942,41259.66
HLA-B*51:03,DRVEERSLL,7.989,23.905,37776.73
HLA-B*51:03,RVEERSLLL,6.686,16.851,35245.52
HLA-B*51:03,VEERSLLLD,82.5,68.238,45083.71
HLA-B*51:03,EERSLLLDV,4.886,5.826,27207.03
HLA-B*51:03,ERSLLLDVR,63.929,86.258,46758.42
HLA-B*51:03,RSLLLDVRD,76.667,57.468,43914.28
HLA-B*51:03,SLLLDVRDN,91.667,83.932,46539.38
HLA-B*51:03,LLLDVRDNS,46.111,57.8,43953.75
HLA-B*51:03,LLDVRDNSQ,64.643,87.6,46887.6
HLA-B*51:03,LDVRDNSQH,65.0,91.738,47313.65
HLA-B*51:03,DVRDNSQHN,34.5,50.788,43080.36
HLA-B*51:03,VRDNSQHNT,23.644,76.7,45882.41
HLA-B*51:03,RDNSQHNTI,8.996,17.151,35375.41
HLA-B*51:03,DNSQHNTIL,2.418,10.65,31847.11
HLA-B*51:03,NSQHNTILA,6.35,7.026,28706.08
HLA-B*51:03,SQHNTILAT,15.884,28.934,39153.75
HLA-B*51:03,QHNTILATQ,48.25,74.833,45714.41
HLA-B*51:03,HNTILATQG,53.519,58.96,44091.87
HLA-B*51:03,NTILATQGE,38.611,52.615,43314.5
HLA-B*51:03,TILATQGEF,17.228,15.395,34580.7
HLA-B*51:03,ILATQGEFA,36.952,35.715,40645.99
HLA-B*51:03,LATQGEFAE,45.2,56.208,43764.86
HLA-B*51:03,ATQGEFAEK,42.692,70.245,45281.7
HLA-B*51:03,TQGEFAEKE,58.5,84.135,46558.02
HLA-B*51:03,QGEFAEKET,63.929,86.474,46779.17
HLA-B*51:03,GEFAEKETK,55.0,80.696,46242.71
HLA-B*51:03,EFAEKETKE,45.1,88.374,46962.26
HLA-B*51:03,FAEKETKEL,1.862,9.521,31034.45
HLA-B*51:03,AEKETKELD,70.0,88.868,47010.05
HLA-B*51:03,EKETKELDD,97.5,97.477,48815.44
HLA-B*51:03,KETKELDDW,37.737,63.726,44623.63
HLA-B*51:03,ETKELDDWS,49.143,52.578,43309.84
HLA-B*51:03,TKELDDWSD,97.5,95.828,48056.59
HLA-B*51:03,KELDDWSDR,80.0,95.622,47962.59
HLA-B*51:03,ELDDWSDRI,5.604,12.815,33248.84
HLA-B*51:03,LDDWSDRIL,20.756,32.278,39932.82
HLA-B*51:03,DDWSDRILG,44.182,33.509,40195.52
HLA-B*51:03,DWSDRILGR,37.789,86.263,46758.93
HLA-B*51:03,WSDRILGRV,8.42,4.923,25928.11
HLA-B*51:03,SDRILGRVP,34.615,45.685,42356.1
HLA-B*51:03,DRILGRVPK,41.667,67.47,45007.68
HLA-B*51:03,RILGRVPKK,28.143,60.351,44254.36
HLA-B*51:03,ILGRVPKKT,40.625,73.027,45543.59
HLA-B*51:03,LGRVPKKTL,7.296,26.213,38438.5
HLA-B*51:03,GRVPKKTLQ,67.727,97.275,48722.03
HLA-B*51:03,RVPKKTLQA,12.227,34.674,40436.3
HLA-B*51:03,VPKKTLQAD,17.238,23.308,37587.95
HLA-B*51:03,PKKTLQADR,97.5,98.011,49063.76
HLA-B*51:03,KKTLQADRY,70.714,92.557,47405.37
HLA-B*51:03,KTLQADRYP,38.778,46.865,42530.62
HLA-B*51:03,TLQADRYPL,28.02,27.859,38882.29
HLA-B*51:03,LQADRYPLD,59.25,47.514,42626.89
HLA-B*51:03,QADRYPLDK,40.062,63.212,44567.18
HLA-B*51:03,ADRYPLDKK,67.273,92.283,47374.62
HLA-B*51:03,DRYPLDKKA,6.752,25.49,38238.96
HLA-B*51:03,RYPLDKKAI,30.324,61.608,44391.54
HLA-B*51:03,YPLDKKAIW,0.226,0.55,10847.97
HLA-B*51:03,PLDKKAIWY,46.0,89.295,47051.27
HLA-B*51:03,LDKKAIWYL,8.861,14.475,34138.68
HLA-B*51:03,DKKAIWYLL,6.988,10.048,31414.19
HLA-B*51:03,KKAIWYLLP,53.704,48.286,42740.03
HLA-B*51:03,KAIWYLLPS,45.5,16.868,35253.55
HLA-B*51:03,AIWYLLPSS,44.455,39.506,41358.44
HLA-B*51:03,IWYLLPSSD,58.0,52.91,43352.48
HLA-B*51:03,WYLLPSSDV,21.649,10.785,31945.45
HLA-B*51:03,YLLPSSDVQ,37.158,58.952,44090.93
HLA-B*51:03,LLPSSDVQN,79.167,82.985,46452.33
HLA-B*51:03,LPSSDVQNR,14.172,36.859,40869.57
HLA-B*51:03,PSSDVQNRG,43.182,82.393,46398.08
HLA-B*51:03,SSDVQNRGN,86.667,89.963,47115.94
HLA-B*51:03,SDVQNRGNV,20.569,24.056,37823.36
HLA-B*51:03,DVQNRGNVL,3.012,9.539,31047.54
HLA-B*51:03,VQNRGNVLT,43.0,56.196,43763.45
HLA-B*51:03,QNRGNVLTD,72.857,72.359,45480.57
HLA-B*51:03,NRGNVLTDL,33.857,57.616,43931.87
HLA-B*51:03,RGNVLTDLG,57.75,45.573,42339.14
HLA-B*51:03,GNVLTDLGC,67.727,78.588,46052.0
HLA-B*51:03,NVLTDLGCL,17.834,14.916,34355.08
HLA-B*51:03,VLTDLGCLT,40.625,45.979,42400.59
HLA-B*51:03,LTDLGCLTG,54.444,34.645,40430.18
HLA-B*51:03,TDLGCLTGT,69.091,73.946,45630.41
HLA-B*51:03,DLGCLTGTF,17.052,6.751,28376.88
HLA-B*51:03,LGCLTGTFY,32.29,26.559,38530.1
HLA-B*51:03,GCLTGTFYP,56.75,72.557,45499.26
HLA-B*51:03,CLTGTFYPP,58.0,26.074,38401.48
HLA-B*51:03,LTGTFYPPW,24.351,6.203,27698.31
HLA-B*51:03,TGTFYPPWT,38.222,35.448,40592.81
HLA-B*51:03,GTFYPPWTR,18.415,42.687,41888.97
HLA-B*51:03,TFYPPWTRF,1.833,6.47,28038.73
HLA-B*51:03,FYPPWTRFF,4.29,10.647,31845.38
HLA-B*51:03,YPPWTRFFV,0.262,0.077,3529.96
HLA-B*51:03,PPWTRFFVD,38.056,10.106,31455.34
HLA-B*51:03,PWTRFFVDY,76.667,84.463,46588.23
HLA-B*51:03,WTRFFVDYY,33.571,21.56,37028.89
HLA-B*51:03,TRFFVDYYV,10.972,7.502,29231.39
HLA-B*51:03,RFFVDYYVA,33.25,28.773,39113.52
HLA-B*51:03,FFVDYYVAH,28.939,50.857,43089.22
HLA-B*51:03,FVDYYVAHR,29.773,44.655,42197.83
HLA-B*51:03,VDYYVAHRS,29.977,38.724,41219.5
HLA-B*51:03,DYYVAHRSA,6.567,6.601,28197.23
HLA-B*51:03,YYVAHRSAA,30.73,31.077,39661.57
HLA-B*51:03,YVAHRSAAD,63.929,51.324,43148.92
HLA-B*51:03,VAHRSAADA,10.718,14.4,34101.75
HLA-B*51:03,AHRSAADAS,61.429,72.416,45485.97
HLA-B*51:03,HRSAADASW,25.493,36.557,40810.78
HLA-B*51:03,RSAADASWI,20.407,12.509,33066.59
HLA-B*51:03,SAADASWIT,9.617,13.263,33503.07
HLA-B*51:03,AADASWITD,46.556,56.424,43790.44
HLA-B*51:03,ADASWITDV,15.545,21.818,37114.72
HLA-B*51:03,DASWITDVK,13.795,17.174,35385.0
HLA-B*51:03,ASWITDVKC,24.195,32.611,40005.49
HLA-B*51:03,SWITDVKCP,53.704,69.154,45174.54
HLA-B*51:03,WITDVKCPT,62.857,37.874,41062.38
HLA-B*51:03,ITDVKCPTN,60.714,57.988,43976.09
HLA-B*51:03,TDVKCPTNV,13.319,24.756,38029.77
HLA-B*51:03,DVKCPTNVF,1.829,4.857,25824.51
HLA-B*51:03,VKCPTNVFG,78.333,73.815,45618.07
HLA-B*51:03,KCPTNVFGD,97.5,96.405,48320.93
HLA-B*51:03,CPTNVFGDE,43.273,25.371,38205.46
HLA-B*51:03,PTNVFGDEY,35.792,60.571,44278.32
HLA-B*51:03,TNVFGDEYS,71.429,71.357,45386.16
HLA-B*51:03,NVFGDEYST,21.053,29.03,39177.46
HLA-B*51:03,VFGDEYSTA,23.425,41.609,41711.67
HLA-B*51:03,FGDEYSTAF,3.157,6.824,28464.53
HLA-B*51:03,GDEYSTAFE,90.0,96.038,48152.88
HLA-B*51:03,DEYSTAFEP,7.3,7.76,29478.81
HLA-B*51:03,EYSTAFEPV,14.605,10.383,31654.73
HLA-B*51:03,YSTAFEPVC,15.168,14.156,33983.16
HLA-B*51:03,STAFEPVCE,67.727,81.961,46358.45
HLA-B*51:03,TAFEPVCEQ,12.076,27.574,38804.13
HLA-B*51:03,AFEPVCEQS,69.091,88.158,46941.43
HLA-B*51:03,FEPVCEQSP,40.812,58.352,44019.42
HLA-B*51:03,EPVCEQSPI,0.93,0.225,6495.85
HLA-B*51:03,PVCEQSPIL,18.384,35.81,40664.89
HLA-B*51:03,VCEQSPILT,46.556,74.275,45661.52
HLA-B*51:03,CEQSPILTS,27.778,24.128,37844.64
HLA-B*51:03,EQSPILTSG,13.852,26.425,38494.66
HLA-B*51:03,QSPILTSGD,48.5,69.464,45205.34
HLA-B*51:03,SPILTSGDF,4.057,3.092,22351.69
HLA-B*51:03,PILTSGDFA,69.091,64.943,44757.6
HLA-B*51:03,ILTSGDFAT,60.0,58.048,43983.24
HLA-B*51:03,LTSGDFATG,45.6,30.157,39446.3
HLA-B*51:03,TSGDFATGA,15.769,28.066,38937.44
HLA-B*51:03,SGDFATGAS,57.25,59.716,44182.13
HLA-B*51:03,GDFATGASA,29.75,32.625,40008.51
HLA-B*51:03,DFATGASAL,7.889,16.034,34880.58
HLA-B*51:03,FATGASALG,35.875,10.826,31974.84
HLA-B*51:03,ATGASALGQ,72.143,93.641,47527.08
HLA-B*51:03,TGASALGQG,75.0,57.912,43967.07
HLA-B*51:03,GASALGQGE,51.852,85.063,46643.73
HLA-B*51:03,ASALGQGEF,18.195,31.574,39775.02
HLA-B*51:03,SALGQGEFV,1.785,2.199,19872.87
HLA-B*51:03,ALGQGEFVK,78.333,93.82,47547.16
HLA-B*51:03,LGQGEFVKL,4.824,12.149,32852.99
HLA-B*51:03,GQGEFVKLL,14.156,34.731,40448.12
HLA-B*51:03,QGEFVKLLP,18.476,32.881,40064.38
HLA-B*51:03,GEFVKLLPA,20.837,17.877,35678.32
HLA-B*51:03,EFVKLLPAA,9.374,13.977,33894.29
HLA-B*51:03,FVKLLPAAA,5.469,6.962,28631.33
HLA-B*51:03,VKLLPAAAV,9.439,11.149,32199.82
HLA-B*51:03,KLLPAAAVL,7.265,19.084,36143.01
HLA-B*51:03,LLPAAAVLV,6.987,5.745,27097.16
HLA-B*51:03,LPAAAVLVR,6.209,10.408,31672.19
HLA-B*51:03,PAAAVLVRI,1.778,3.278,22791.02
HLA-B*51:03,AAAVLVRIL,1.655,5.714,27056.44
HLA-B*51:03,AAVLVRILM,3.622,9.037,30628.81
HLA-B*51:03,AVLVRILMK,33.071,58.468,44033.25
HLA-B*51:03,VLVRILMKM,12.13,19.489,36293.9
HLA-B*51:03,LVRILMKMH,51.111,76.152,45833.29
HLA-B*51:03,VRILMKMHV,10.365,13.044,33383.67
HLA-B*51:03,RILMKMHVM,10.701,21.182,36903.71
HLA-B*51:03,ILMKMHVMA,11.679,11.637,32522.66
HLA-B*51:03,LMKMHVMAN,54.444,34.034,40303.97
HLA-B*51:03,MKMHVMANR,38.889,46.987,42548.57
HLA-B*51:03,KMHVMANRV,10.52,12.082,32813.54
HLA-B*51:03,MHVMANRVI,6.287,2.245,20015.07
HLA-B*51:03,HVMANRVIG,54.63,37.557,41002.44
HLA-B*51:03,VMANRVIGS,54.815,60.668,44288.85
HLA-B*51:03,MANRVIGSH,16.036,18.761,36020.05
HLA-B*51:03,ANRVIGSHA,24.766,39.812,41411.71
HLA-B*51:03,NRVIGSHAR,55.0,85.805,46714.93
HLA-B*51:03,RVIGSHARM,14.895,23.478,37641.69
HLA-B*51:03,VIGSHARML,14.045,26.626,38548.02
HLA-B*51:03,IGSHARMLS,52.037,44.534,42178.67
HLA-B*51:03,GSHARMLSN,74.286,68.435,45103.22
HLA-B*51:03,SHARMLSNL,14.564,15.046,34417.95
HLA-B*51:03,HARMLSNLS,25.313,17.732,35617.77
HLA-B*51:03,ARMLSNLSR,50.185,76.373,45853.12
HLA-B*51:03,RMLSNLSRA,29.159,28.534,39053.91
HLA-B*51:03,MLSNLSRAQ,52.593,60.224,44240.5
HLA-B*51:03,LSNLSRAQI,3.571,2.726,21415.15
HLA-B*51:03,SNLSRAQIF,11.306,15.75,34747.6
HLA-B*51:03,NLSRAQIFW,13.877,16.648,35154.49
HLA-B*51:03,LSRAQIFWA,18.732,8.199,29889.91
HLA-B*51:03,SRAQIFWAE,42.385,59.512,44157.75
HLA-B*51:03,RAQIFWAEH,34.308,45.306,42298.86
HLA-B*51:03,AQIFWAEHK,34.038,53.253,43396.59
HLA-B*51:03,QIFWAEHKF,6.08,13.517,33641.83
HLA-B*51:03,IFWAEHKFY,22.96,31.723,39809.02
HLA-B*51:03,FWAEHKFYW,6.325,10.004,31382.92
HLA-B*51:03,WAEHKFYWY,22.71,15.858,34798.39
HLA-B*51:03,AEHKFYWYL,6.316,13.425,33591.27
HLA-B*51:03,EHKFYWYLV,8.283,3.536,23394.89
HLA-B*51:03,HKFYWYLVL,11.425,5.224,26370.3
HLA-B*51:03,KFYWYLVLI,24.792,28.797,39119.45
HLA-B*51:03,FYWYLVLIA,26.35,21.487,37004.86
HLA-B*51:03,YWYLVLIAH,41.083,80.8,46252.23
HLA-B*51:03,WYLVLIAHD,93.333,64.675,44728.05
HLA-B*51:03,YLVLIAHDI,8.202,4.909,25905.95
HLA-B*51:03,LVLIAHDIT,47.875,36.95,40887.26
HLA-B*51:03,VLIAHDITF,4.653,8.795,30418.11
HLA-B*51:03,LIAHDITFD,77.5,72.949,45536.21
HLA-B*51:03,IAHDITFDA,5.164,4.429,25128.54
HLA-B*51:03,AHDITFDAR,48.875,90.05,47125.12
HLA-B*51:03,HDITFDARS,52.593,66.516,44913.3
HLA-B*51:03,DITFDARSG,40.625,45.2,42282.85
HLA-B*51:03,ITFDARSGR,20.764,45.924,42392.34
HLA-B*51:03,TFDARSGRD,93.333,93.719,47535.84
HLA-B*51:03,FDARSGRDT,68.182,70.725,45326.79
HLA-B*51:03,DARSGRDTA,2.96,4.421,25114.12
HLA-B*51:03,ARSGRDTAG,90.0,95.886,48083.12
HLA-B*51:03,RSGRDTAGV,27.556,35.795,40661.82
HLA-B*51:03,SGRDTAGVR,51.111,76.728,45884.86
HLA-B*51:03,GRDTAGVRK,70.714,95.868,48074.78
HLA-B*51:03,RDTAGVRKG,82.5,91.894,47331.07
HLA-B*51:03,DTAGVRKGK,18.024,55.188,43644.29
HLA-B*51:03,TAGVRKGKH,47.625,80.739,46246.74
HLA-B*51:03,AGVRKGKHK,65.455,94.003,47567.74
HLA-B*51:03,GVRKGKHKF,22.43,71.764,45424.5
HLA-B*51:03,VRKGKHKFV,30.081,60.791,44302.28
HLA-B*51:03,RKGKHKFVG,85.0,90.256,47148.07
HLA-B*51:03,KGKHKFVGS,75.833,92.543,47403.84
HLA-B*51:03,GKHKFVGSQ,74.286,95.486,47900.86
HLA-B*51:03,KHKFVGSQE,65.455,86.642,46795.38
HLA-B*51:03,HKFVGSQEY,17.031,38.051,41095.7
HLA-B*51:03,KFVGSQEYS,80.0,92.123,47356.66
HLA-B*51:03,FVGSQEYSH,41.667,63.344,44581.67
HLA-B*51:03,VGSQEYSHV,2.901,4.648,25496.62
HLA-B*51:03,GSQEYSHVN,58.25,67.215,44982.35
HLA-B*51:03,SQEYSHVNK,40.562,72.907,45532.25
HLA-B*51:03,QEYSHVNKR,22.07,55.252,43651.86
HLA-B*51:03,EYSHVNKRT,49.286,75.604,45784.21
HLA-B*51:03,YSHVNKRTY,6.904,11.981,32752.88
HLA-B*51:03,SHVNKRTYS,58.5,76.035,45822.85
HLA-B*51:03,HVNKRTYSH,15.907,52.206,43262.05
HLA-B*51:03,VNKRTYSHK,57.25,78.726,46064.45
HLA-B*51:03,NKRTYSHKA,21.965,39.692,41390.68
HLA-B*51:03,KRTYSHKAG,90.0,95.693,47995.29
HLA-B*51:03,RTYSHKAGA,16.12,21.993,37173.0
HLA-B*51:03,TYSHKAGAK,57.0,88.268,46952.09
HLA-B*51:03,YSHKAGAKN,52.222,46.019,42406.55
HLA-B*51:03,SHKAGAKNY,27.278,66.407,44902.61
HLA-B*51:03,HKAGAKNYT,58.0,85.768,46711.4
HLA-B*51:03,KAGAKNYTP,29.455,48.377,42752.99
HLA-B*51:03,AGAKNYTPA,29.455,26.997,38646.57
HLA-B*51:03,GAKNYTPAV,2.593,6.193,27685.72
HLA-B*51:03,AKNYTPAVF,19.703,42.332,41830.07
HLA-B*51:03,KNYTPAVFV,6.132,10.191,31516.32
HLA-B*51:03,NYTPAVFVA,9.356,12.977,33345.75
HLA-B*51:03,YTPAVFVAP,9.687,12.932,33319.08
HLA-B*51:03,TPAVFVAPD,35.667,6.877,28528.67
HLA-B*51:03,PAVFVAPDI,7.204,4.199,24687.92
HLA-B*51:03,AVFVAPDIM,9.658,15.954,34843.98
HLA-B*51:03,VFVAPDIMD,85.0,83.729,46520.74
HLA-B*51:03,FVAPDIMDL,5.453,8.72,30353.34
HLA-B*51:03,VAPDIMDLT,14.408,20.646,36716.1
HLA-B*51:03,APDIMDLTD,40.375,35.064,40516.44
HLA-B*51:03,PDIMDLTDH,69.545,96.582,48402.05
HLA-B*51:03,DIMDLTDHL,1.505,2.971,22061.69
HLA-B*51:03,IMDLTDHLL,6.053,8.54,30197.09
HLA-B*51:03,MDLTDHLLC,24.545,19.578,36327.29
HLA-B*51:03,DLTDHLLCE,34.692,52.137,43253.18
HLA-B*51:03,LTDHLLCEG,60.714,45.53,42332.75
HLA-B*51:03,TDHLLCEGV,24.247,17.553,35543.08
HLA-B*51:03,DHLLCEGVK,61.429,58.22,44003.7
HLA-B*51:03,HLLCEGVKL,12.414,21.28,36936.05
HLA-B*51:03,LLCEGVKLE,71.429,85.195,46656.34
HLA-B*51:03,LCEGVKLET,54.259,75.316,45758.45
HLA-B*51:03,CEGVKLETL,14.417,19.554,36318.25
HLA-B*51:03,EGVKLETLK,35.375,52.119,43250.83
HLA-B*51:03,GVKLETLKI,9.336,20.515,36669.27
HLA-B*51:03,VKLETLKIG,71.429,69.67,45225.88
HLA-B*51:03,KLETLKIGS,72.857,95.023,47690.39
HLA-B*51:03,LETLKIGSR,51.111,71.08,45360.15
HLA-B*51:03,ETLKIGSRN,45.0,47.991,42697.99
HLA-B*51:03,TLKIGSRNL,13.42,31.94,39858.6
HLA-B*51:03,LKIGSRNLK,66.818,81.895,46352.44
HLA-B*51:03,KIGSRNLKG,79.167,88.279,46953.11
HLA-B*51:03,IGSRNLKGF,18.543,33.404,40173.77
HLA-B*51:03,GSRNLKGFF,35.667,49.795,42951.44
HLA-B*51:03,SRNLKGFFI,19.399,18.59,35954.63
HLA-B*51:03,RNLKGFFIV,10.558,9.658,31132.66
HLA-B*51:03,NLKGFFIVL,4.677,13.497,33630.92
HLA-B*51:03,LKGFFIVLT,58.0,48.029,42703.52
HLA-B*51:03,KGFFIVLTV,3.029,2.422,20583.23
HLA-B*51:03,GFFIVLTVK,63.571,87.9,46916.55
HLA-B*51:03,FFIVLTVKV,8.905,12.374,32986.19
HLA-B*51:03,FIVLTVKVM,7.79,9.577,31074.45
HLA-B*51:03,IVLTVKVML,4.06,10.386,31656.43
HLA-B*51:03,VLTVKVMLN,65.455,60.773,44300.37
HLA-B*51:03,LTVKVMLNG,57.75,29.115,39197.83
HLA-B*51:03,TVKVMLNGE,37.316,71.013,45353.77
HLA-B*51:03,VKVMLNGEK,74.286,85.726,46707.37
HLA-B*51:03,KVMLNGEKA,19.459,27.863,38883.57
HLA-B*51:03,VMLNGEKAL,14.707,30.077,39427.5
HLA-B*51:03,MLNGEKALK,48.75,58.84,44077.57
HLA-B*51:03,LNGEKALKS,56.5,74.796,45710.96
HLA-B*51:03,NGEKALKSD,80.0,86.879,46818.17
HLA-B*51:03,GEKALKSDN,95.0,96.601,48410.95
HLA-B*51:03,EKALKSDNE,74.286,94.758,47652.73
HLA-B*51:03,KALKSDNEA,14.736,30.33,39486.84
HLA-B*51:03,ALKSDNEAE,68.636,95.618,47961.01
HLA-B*51:03,LKSDNEAEQ,72.857,95.706,48000.98
HLA-B*51:03,KSDNEAEQA,36.143,71.033,45355.73
HLA-B*51:03,SDNEAEQAN,68.182,89.621,47082.83
HLA-B*51:03,DNEAEQANG,67.727,79.419,46126.79
HLA-B*51:03,NEAEQANGD,46.667,76.047,45823.86
HLA-B*51:03,EAEQANGDG,67.727,70.892,45342.48
HLA-B*51:03,AEQANGDGD,90.0,93.147,47471.57
HLA-B*51:03,EQANGDGDP,61.786,77.398,45944.97
HLA-B*51:03,QANGDGDPL,14.156,20.596,36698.23
HLA-B*51:03,ANGDGDPLK,67.727,95.895,48087.28
HLA-B*51:03,NGDGDPLKG,53.704,83.182,46470.43
HLA-B*51:03,GDGDPLKGP,65.455,95.8,48044.13
HLA-B*51:03,DGDPLKGPL,3.426,9.812,31243.68
HLA-B*51:03,GDPLKGPLV,17.772,39.866,41421.14
HLA-B*51:03,DPLKGPLVM,0.06,0.356,8533.74
HLA-B*51:03,PLKGPLVMA,27.87,56.096,43751.62
HLA-B*51:03,LKGPLVMAG,60.714,51.513,43173.22
HLA-B*51:03,KGPLVMAGL,15.769,29.229,39224.99
HLA-B*51:03,GPLVMAGLP,27.389,11.016,32112.5
HLA-B*51:03,PLVMAGLPS,91.667,73.434,45582.05
HLA-B*51:03,LVMAGLPSI,1.462,0.599,11292.4
HLA-B*51:03,VMAGLPSIK,49.143,61.344,44362.72
HLA-B*51:03,MAGLPSIKV,0.436,0.507,10466.57
HLA-B*51:03,AGLPSIKVP,17.275,40.423,41515.82
HLA-B*51:03,GLPSIKVPY,39.412,72.317,45476.61
HLA-B*51:03,LPSIKVPYA,0.417,0.575,11070.3
HLA-B*51:03,PSIKVPYAV,3.601,8.036,29743.77
HLA-B*51:03,SIKVPYAVP,18.634,31.002,39644.41
HLA-B*51:03,IKVPYAVPF,14.869,17.382,35471.61
HLA-B*51:03,KVPYAVPFG,65.909,56.704,43823.64
HLA-B*51:03,VPYAVPFGG,6.435,1.689,17926.42
HLA-B*51:03,PYAVPFGGD,97.5,96.138,48198.24
HLA-B*51:03,YAVPFGGDA,9.199,5.891,27294.9
HLA-B*51:03,AVPFGGDAI,15.851,26.54,38525.08
HLA-B*51:03,VPFGGDAIK,13.119,16.795,35220.37
HLA-B*51:03,PFGGDAIKE,97.5,97.851,48989.49
HLA-B*51:03,FGGDAIKED,75.0,77.68,45970.34
HLA-B*51:03,GGDAIKEDT,75.0,95.4,47861.48
HLA-B*51:03,GDAIKEDTF,32.194,72.516,45495.33
HLA-B*51:03,DAIKEDTFT,6.752,10.261,31566.83
HLA-B*51:03,AIKEDTFTE,54.815,84.852,46624.04
HLA-B*51:03,IKEDTFTEF,9.644,30.693,39571.96
HLA-B*51:03,KEDTFTEFG,63.571,69.311,45190.19
HLA-B*51:03,EDTFTEFGL,19.926,23.705,37713.44
HLA-B*51:03,DTFTEFGLA,3.321,1.374,16433.42
HLA-B*51:03,TFTEFGLAG,49.429,42.218,41811.08
HLA-B*51:03,FTEFGLAGQ,60.714,67.948,45054.93
HLA-B*51:03,TEFGLAGQN,59.5,51.265,43141.46
HLA-B*51:03,EFGLAGQNA,25.552,34.571,40414.88
HLA-B*51:03,FGLAGQNAK,35.833,41.771,41737.86
HLA-B*51:03,GLAGQNAKR,63.929,95.098,47724.45
HLA-B*51:03,LAGQNAKRE,37.895,65.079,44771.62
HLA-B*51:03,AGQNAKREE,78.333,95.717,48006.19
HLA-B*51:03,GQNAKREEQ,88.333,97.269,48719.39
HLA-B*51:03,QNAKREEQL,13.753,56.652,43817.47
HLA-B*51:03,NAKREEQLM,3.012,9.574,31072.42
HLA-B*51:03,AKREEQLMY,24.532,64.578,44717.41
HLA-B*51:03,KREEQLMYN,76.667,94.103,47579.06
HLA-B*51:03,REEQLMYNY,25.343,55.004,43622.59
HLA-B*51:03,EEQLMYNYI,2.481,2.508,20856.96
HLA-B*51:03,EQLMYNYIS,37.211,23.909,37777.95
HLA-B*51:03,QLMYNYISF,12.394,8.462,30127.91
HLA-B*51:03,LMYNYISFK,30.135,17.535,35535.4
HLA-B*51:03,MYNYISFKW,7.461,7.26,28963.79
HLA-B*51:03,YNYISFKWG,66.364,33.061,40103.0
HLA-B*51:03,NYISFKWGI,7.064,6.468,28036.0
HLA-B*51:03,YISFKWGIV,17.088,6.925,28586.76
HLA-B*51:03,ISFKWGIVP,9.184,6.645,28250.07
HLA-B*51:03,SFKWGIVPI,19.264,14.174,33991.99
HLA-B*51:03,FKWGIVPIC,22.47,34.799,40462.13
HLA-B*51:03,KWGIVPICI,35.375,42.09,41789.81
HLA-B*51:03,WGIVPICIL,11.801,5.093,26183.52
HLA-B*51:03,GIVPICILQ,68.182,89.305,47052.27
HLA-B*51:03,IVPICILQE,58.75,65.723,44835.14
HLA-B*51:03,VPICILQET,2.156,1.297,16025.87
HLA-B*51:03,PICILQETT,72.143,81.61,46326.35
HLA-B*51:03,ICILQETTC,27.741,55.268,43653.74
HLA-B*51:03,CILQETTCD,97.5,81.386,46305.8
HLA-B*51:03,ILQETTCDT,63.571,58.264,44008.95
HLA-B*51:03,LQETTCDTG,71.429,57.704,43942.33
HLA-B*51:03,QETTCDTGQ,85.0,96.051,48158.62
HLA-B*51:03,ETTCDTGQE,78.333,82.568,46414.15
HLA-B*51:03,TTCDTGQEK,35.125,71.665,45415.15
HLA-B*51:03,TCDTGQEKQ,77.5,96.764,48485.9
HLA-B*51:03,CDTGQEKQR,88.333,96.398,48317.81
HLA-B*51:03,DTGQEKQRH,38.333,88.711,46994.77
HLA-B*51:03,TGQEKQRHY,13.849,51.922,43225.57
HLA-B*51:03,GQEKQRHYV,18.232,40.604,41546.38
HLA-B*51:03,QEKQRHYVR,37.316,79.43,46127.8
HLA-B*51:03,EKQRHYVRL,13.128,30.201,39456.53
HLA-B*51:03,KQRHYVRLE,72.143,88.042,46930.26
HLA-B*51:03,QRHYVRLEK,54.63,81.648,46329.88
HLA-B*51:03,RHYVRLEKI,8.44,8.566,30219.64
HLA-B*51:03,HYVRLEKIL,14.659,43.664,42042.42
HLA-B*51:03,YVRLEKILN,48.375,50.58,43053.8
HLA-B*51:03,VRLEKILNN,52.593,68.465,45106.16
HLA-B*51:03,RLEKILNNN,88.333,94.346,47606.34
HLA-B*51:03,LEKILNNNG,72.143,67.185,44979.45
HLA-B*51:03,EKILNNNGG,74.286,76.7,45882.41
HLA-B*51:03,KILNNNGGR,88.333,95.397,47860.43
HLA-B*51:03,ILNNNGGRW,22.28,24.251,37880.71
HLA-B*51:03,LNNNGGRWN,97.5,94.698,47646.03
HLA-B*51:03,NNNGGRWNL,9.519,21.622,37049.72
HLA-B*51:03,NNGGRWNLV,11.883,15.457,34609.9
HLA-B*51:03,NGGRWNLVR,48.0,63.721,44623.17
HLA-B*51:03,GGRWNLVRL,19.426,39.73,41397.4
HLA-B*51:03,GRWNLVRLE,66.364,83.927,46538.87
HLA-B*51:03,RWNLVRLED,93.333,89.511,47072.12
HLA-B*51:03,WNLVRLEDF,23.862,27.782,38861.25
HLA-B*51:03,NLVRLEDFI,12.116,11.669,32544.48
HLA-B*51:03,LVRLEDFIE,70.714,71.378,45388.16
HLA-B*51:03,VRLEDFIEP,30.514,47.325,42598.78
HLA-B*51:03,RLEDFIEPE,76.667,93.577,47519.91
HLA-B*51:03,LEDFIEPEC,19.054,35.185,40540.57
HLA-B*51:03,EDFIEPECV,5.645,9.499,31018.34
HLA-B*51:03,DFIEPECVA,8.415,12.666,33160.11
HLA-B*51:03,FIEPECVAS,47.75,58.024,43980.38
HLA-B*51:03,IEPECVASS,46.333,59.276,44129.59
HLA-B*51:03,EPECVASSQ,29.886,38.835,41240.03
HLA-B*51:03,PECVASSQA,60.357,73.252,45564.8
HLA-B*51:03,ECVASSQAL,6.609,14.467,34134.62
HLA-B*51:03,CVASSQALA,22.73,12.871,33282.31
HLA-B*51:03,VASSQALAC,5.555,10.172,31503.03
HLA-B*51:03,ASSQALACI,10.575,8.641,30284.12
HLA-B*51:03,SSQALACIV,7.833,2.945,21990.9
HLA-B*51:03,SQALACIVI,7.534,4.74,25641.03
HLA-B*51:03,QALACIVID,81.25,35.475,40598.07
HLA-B*51:03,ALACIVIDR,83.75,90.819,47210.87
HLA-B*51:03,LACIVIDRL,4.522,4.319,24917.62
HLA-B*51:03,ACIVIDRLK,66.364,82.36,46395.09
HLA-B*51:03,CIVIDRLKE,80.0,79.585,46141.79
HLA-B*51:03,IVIDRLKEG,21.035,44.21,42127.13
HLA-B*51:03,VIDRLKEGD,88.333,95.389,47856.82
HLA-B*51:03,IDRLKEGDG,97.5,95.096,47723.43
HLA-B*51:03,DRLKEGDGM,34.615,53.301,43402.73
HLA-B*51:03,RLKEGDGMN,91.667,94.071,47575.44
HLA-B*51:03,LKEGDGMNC,54.444,83.74,46521.77
HLA-B*51:03,KEGDGMNCQ,78.333,96.245,48247.29
HLA-B*51:03,EGDGMNCQD,86.667,82.744,46430.23
HLA-B*51:03,GDGMNCQDK,95.0,97.101,48641.43
HLA-B*51:03,DGMNCQDKD,88.333,61.762,44408.35
HLA-B*51:03,GMNCQDKDT,97.5,96.294,48269.72
HLA-B*51:03,MNCQDKDTV,17.244,16.396,35041.72
HLA-B*51:03,NCQDKDTVY,20.48,49.458,42904.98
HLA-B*51:03,CQDKDTVYF,12.824,19.519,36305.27
HLA-B*51:03,QDKDTVYFA,20.455,43.018,41943.85
HLA-B*51:03,DKDTVYFAM,4.887,10.679,31868.12
HLA-B*51:03,KDTVYFAML,26.417,28.707,39097.02
HLA-B*51:03,DTVYFAMLI,0.728,0.156,5206.23
HLA-B*51:03,TVYFAMLIR,38.778,41.263,41655.73
HLA-B*51:03,VYFAMLIRP,31.647,33.476,40188.57
HLA-B*51:03,YFAMLIRPY,30.459,21.298,36942.05
HLA-B*51:03,FAMLIRPYN,21.018,3.943,24198.14
HLA-B*51:03,AMLIRPYND,90.0,80.696,46242.71
HLA-B*51:03,MLIRPYNDK,38.833,48.893,42826.61
HLA-B*51:03,LIRPYNDKT,38.389,51.178,43130.25
HLA-B*51:03,IRPYNDKTM,29.477,56.564,43807.05
HLA-B*51:03,RPYNDKTMA,4.311,8.318,29997.47
HLA-B*51:03,PYNDKTMAI,15.582,39.494,41356.2
HLA-B*51:03,YNDKTMAIV,4.122,5.442,26686.32
HLA-B*51:03,NDKTMAIVN,62.5,61.45,44374.25
HLA-B*51:03,DKTMAIVNI,2.299,3.799,23909.26
HLA-B*51:03,KTMAIVNIE,46.444,48.929,42831.7
HLA-B*51:03,TMAIVNIET,30.514,35.099,40523.47
HLA-B*51:03,MAIVNIETK,9.296,9.174,30744.03
HLA-B*51:03,AIVNIETKP,40.875,71.394,45389.62
HLA-B*51:03,IVNIETKPR,60.357,78.843,46074.91
HLA-B*51:03,VNIETKPRQ,42.923,83.598,46508.66
HLA-B*51:03,NIETKPRQQ,61.429,95.695,47995.79
HLA-B*51:03,IETKPRQQN,50.556,82.081,46369.48
HLA-B*51:03,ETKPRQQND,44.818,76.312,45847.65
HLA-B*51:03,TKPRQQNDP,78.333,95.514,47913.3
HLA-B*51:03,KPRQQNDPN,70.714,65.32,44795.37
HLA-B*51:03,PRQQNDPNT,77.5,95.959,48116.44
HLA-B*51:03,RQQNDPNTK,52.407,90.339,47157.25
HLA-B*51:03,QQNDPNTKD,58.75,90.371,47160.84
HLA-B*51:03,QNDPNTKDR,62.5,96.166,48211.27
HLA-B*51:03,NDPNTKDRQ,74.286,96.92,48557.84
HLA-B*51:03,DPNTKDRQK,16.702,51.295,43145.19
HLA-B*51:03,PNTKDRQKR,93.333,98.1,49105.2
HLA-B*51:03,NTKDRQKRT,22.18,64.433,44701.43
HLA-B*51:03,TKDRQKRTG,70.714,93.536,47515.28
HLA-B*51:03,KDRQKRTGA,57.5,87.389,46867.32
HLA-B*51:03,DRQKRTGAC,40.75,62.654,44506.0
HLA-B*51:03,RQKRTGACE,73.571,88.6,46984.1
HLA-B*51:03,QKRTGACES,74.286,92.461,47394.61
HLA-B*51:03,KRTGACESV,44.091,63.862,44638.6
HLA-B*51:03,RTGACESVI,35.333,23.298,37584.71
HLA-B*51:03,TGACESVIP,46.0,41.754,41735.14
HLA-B*51:03,GACESVIPP,29.432,33.453,40183.78
HLA-B*51:03,ACESVIPPT,48.875,63.906,44643.44
HLA-B*51:03,CESVIPPTG,50.556,29.591,39311.65
HLA-B*51:03,ESVIPPTGN,40.188,59.76,44187.4
HLA-B*51:03,SVIPPTGNS,23.747,39.293,41321.3
HLA-B*51:03,VIPPTGNST,22.7,50.452,43037.51
HLA-B*51:03,IPPTGNSTS,8.385,19.15,36167.65
HLA-B*51:03,PPTGNSTSD,67.727,80.63,46236.72
HLA-B*51:03,PTGNSTSDQ,97.5,97.925,49023.97
HLA-B*51:03,TGNSTSDQG,65.909,67.318,44992.59
HLA-B*51:03,GNSTSDQGN,97.5,97.095,48638.8
HLA-B*51:03,NSTSDQGNN,82.5,88.763,46999.86
HLA-B*51:03,STSDQGNNR,45.5,84.458,46587.73
HLA-B*51:03,TSDQGNNRL,5.599,24.084,37831.54
HLA-B*51:03,SDQGNNRLL,18.402,40.984,41610.7
HLA-B*51:03,DQGNNRLLC,18.841,33.229,40137.73
HLA-B*51:03,QGNNRLLCA,20.301,28.515,39049.25
HLA-B*51:03,GNNRLLCAL,28.102,42.343,41831.9
HLA-B*51:03,NNRLLCALI,8.102,1.913,18892.24
HLA-B*51:03,NRLLCALIK,69.545,65.207,44784.21
HLA-B*51:03,RLLCALIKS,80.0,67.239,44984.79
HLA-B*51:03,LLCALIKSK,48.75,66.826,44943.93
HLA-B*51:03,LCALIKSKG,64.286,65.871,44849.68
HLA-B*51:03,CALIKSKGY,15.328,16.881,35259.25
HLA-B*51:03,ALIKSKGYK,64.286,80.411,46216.71
HLA-B*51:03,LIKSKGYKA,15.996,29.346,39253.0
HLA-B*51:03,IKSKGYKAY,37.0,69.921,45250.85
HLA-B*51:03,KSKGYKAYV,12.512,21.618,37048.12
HLA-B*51:03,SKGYKAYVS,78.333,85.642,46699.27
HLA-B*51:03,KGYKAYVSC,8.256,23.571,37671.02
HLA-B*51:03,GYKAYVSCT,82.5,88.189,46944.45
HLA-B*51:03,YKAYVSCTR,47.25,62.021,44436.71
HLA-B*51:03,KAYVSCTRT,13.662,18.56,35943.34
HLA-B*51:03,AYVSCTRTC,57.75,69.405,45199.46
HLA-B*51:03,YVSCTRTCG,80.0,40.787,41577.39
HLA-B*51:03,VSCTRTCGS,82.5,76.467,45861.55
HLA-B*51:03,SCTRTCGSK,72.143,86.421,46774.11
HLA-B*51:03,CTRTCGSKT,66.818,47.991,42697.99
HLA-B*51:03,TRTCGSKTV,32.516,35.859,40674.57
HLA-B*51:03,RTCGSKTVN,80.0,92.758,47427.93
HLA-B*51:03,TCGSKTVNG,69.091,90.462,47171.03
HLA-B*51:03,CGSKTVNGL,14.331,17.994,35727.76
HLA-B*51:03,GSKTVNGLK,67.727,82.256,46385.54
HLA-B*51:03,SKTVNGLKE,73.571,95.002,47681.1
HLA-B*51:03,KTVNGLKES,67.273,90.142,47135.33
HLA-B*51:03,TVNGLKESF,8.265,26.835,38603.52
HLA-B*51:03,VNGLKESFY,40.562,64.02,44655.99
HLA-B*51:03,NGLKESFYI,2.644,1.858,18649.75
HLA-B*51:03,GLKESFYIS,58.25,72.37,45481.54
HLA-B*51:03,LKESFYISV,10.773,12.765,33219.35
HLA-B*51:03,KESFYISVD,82.5,66.722,44933.73
HLA-B*51:03,RLTMSFDLK,76.667,76.473,45862.05
HLA-B*51:03,LTMSFDLKR,28.857,32.048,39882.74
HLA-B*51:03,TMSFDLKRH,42.846,79.579,46141.28
HLA-B*51:03,MSFDLKRHQ,20.211,35.971,40697.03
HLA-B*51:03,SFDLKRHQI,5.19,17.75,35625.1
HLA-B*51:03,FDLKRHQIP,30.162,35.057,40515.14
HLA-B*51:03,DLKRHQIPV,3.467,3.269,22769.33
HLA-B*51:03,LKRHQIPVS,54.259,74.071,45642.27
HLA-B*51:03,KRHQIPVSE,53.333,92.644,47415.12
HLA-B*51:03,RHQIPVSEL,10.232,25.332,38194.72
HLA-B*51:03,HQIPVSELQ,38.722,63.427,44590.84
HLA-B*51:03,QIPVSELQK,39.588,82.777,46433.25
HLA-B*51:03,IPVSELQKL,0.087,0.487,10233.76
HLA-B*51:03,PVSELQKLT,47.75,75.432,45768.86
HLA-B*51:03,VSELQKLTG,45.9,51.616,43186.28
HLA-B*51:03,SELQKLTGT,28.0,52.812,43339.82
HLA-B*51:03,ELQKLTGTY,15.004,24.365,37914.31
HLA-B*51:03,LQKLTGTYR,49.143,73.528,45590.93
HLA-B*51:03,QKLTGTYRV,10.535,25.634,38279.11
HLA-B*51:03,KLTGTYRVT,58.0,78.284,46024.6
HLA-B*51:03,LTGTYRVTF,15.746,14.092,33951.92
HLA-B*51:03,TGTYRVTFE,61.429,69.803,45239.09
HLA-B*51:03,GTYRVTFEV,5.969,5.061,26137.38
HLA-B*51:03,TYRVTFEVL,11.664,19.304,36224.84
HLA-B*51:03,YRVTFEVLS,49.857,59.084,44106.66
HLA-B*51:03,RVTFEVLSS,61.786,65.354,44798.78
HLA-B*51:03,VTFEVLSSH,11.457,26.451,38501.34
HLA-B*51:03,TFEVLSSHK,53.333,78.355,46031.07
HLA-B*51:03,FEVLSSHKQ,36.81,56.212,43765.34
HLA-B*51:03,EVLSSHKQN,37.947,53.858,43474.61
HLA-B*51:03,VLSSHKQNT,39.353,69.306,45189.69
HLA-B*51:03,LSSHKQNTD,68.182,65.335,44796.84
HLA-B*51:03,SSHKQNTDV,6.289,16.734,35193.33
HLA-B*51:03,SHKQNTDVI,10.786,16.111,34914.93
HLA-B*51:03,HKQNTDVIK,75.0,95.123,47735.8
HLA-B*51:03,KQNTDVIKK,50.0,89.547,47075.7
HLA-B*51:03,QNTDVIKKA,14.924,42.706,41892.13
HLA-B*51:03,NTDVIKKAI,1.978,5.004,26055.77
HLA-B*51:03,TDVIKKAII,13.477,20.203,36557.56
HLA-B*51:03,DVIKKAIIR,14.162,46.893,42534.74
HLA-B*51:03,VIKKAIIRW,7.357,21.51,37012.47
HLA-B*51:03,IKKAIIRWG,85.0,81.731,46337.38
HLA-B*51:03,KKAIIRWGH,72.857,92.626,47413.07
HLA-B*51:03,KAIIRWGHF,11.342,9.358,30899.09
HLA-B*51:03,AIIRWGHFS,60.714,55.156,43640.51
HLA-B*51:03,IIRWGHFSL,9.79,9.617,31103.36
HLA-B*51:03,IRWGHFSLL,8.872,10.789,31948.23
HLA-B*51:03,RWGHFSLLA,54.63,38.949,41261.02
HLA-B*51:03,WGHFSLLAD,85.0,33.964,40289.57
HLA-B*51:03,GHFSLLADM,28.837,32.528,39987.3
HLA-B*51:03,HFSLLADMI,8.938,9.269,30823.62
HLA-B*51:03,FSLLADMIA,18.079,5.805,27178.2
HLA-B*51:03,SLLADMIAL,14.745,22.7,37396.09
HLA-B*51:03,LLADMIALF,5.998,4.908,25904.54
HLA-B*51:03,LADMIALFK,21.904,23.388,37613.17
HLA-B*51:03,ADMIALFKI,8.991,7.42,29140.75
HLA-B*51:03,DMIALFKIQ,28.714,35.565,40616.09
HLA-B*51:03,MIALFKIQE,36.857,46.803,42521.41
HLA-B*51:03,IALFKIQEC,2.401,7.015,28693.98
HLA-B*51:03,ALFKIQECK,42.462,56.344,43780.98
HLA-B*51:03,LFKIQECKQ,85.0,94.826,47660.47
HLA-B*51:03,FKIQECKQN,79.167,83.866,46533.35
HLA-B*51:03,KIQECKQNQ,90.0,96.575,48398.9
HLA-B*51:03,IQECKQNQM,13.911,34.061,40309.63
HLA-B*51:03,QECKQNQMC,46.111,76.55,45869.01
HLA-B*51:03,ECKQNQMCE,46.556,73.659,45603.25
HLA-B*51:03,CKQNQMCEE,91.667,90.846,47213.95
HLA-B*51:03,KQNQMCEEY,24.234,53.917,43482.15
HLA-B*51:03,QNQMCEEYS,91.667,81.977,46359.94
HLA-B*51:03,NQMCEEYSD,88.333,52.268,43270.03
HLA-B*51:03,QMCEEYSDR,75.0,93.879,47553.84
HLA-B*51:03,MCEEYSDRK,59.25,79.396,46124.8
HLA-B*51:03,CEEYSDRKA,48.375,47.201,42580.32
HLA-B*51:03,EEYSDRKAH,17.601,53.29,43401.3
HLA-B*51:03,EYSDRKAHM,13.672,41.757,41735.59
HLA-B*51:03,YSDRKAHMV,1.383,3.081,22325.34
HLA-B*51:03,SDRKAHMVG,54.444,52.502,43299.98
HLA-B*51:03,DRKAHMVGA,17.772,38.574,41191.86
HLA-B*51:03,RKAHMVGAV,29.591,33.697,40234.24
HLA-B*51:03,KAHMVGAVI,1.533,1.223,15658.39
HLA-B*51:03,AHMVGAVIE,63.929,69.439,45202.89
HLA-B*51:03,HMVGAVIEA,11.451,24.557,37970.98
HLA-B*51:03,MVGAVIEAP,26.9,23.916,37780.41
HLA-B*51:03,VGAVIEAPS,60.0,41.531,41699.03
HLA-B*51:03,GAVIEAPSE,54.259,80.055,46184.24
HLA-B*51:03,AVIEAPSEL,3.652,15.901,34818.73
HLA-B*51:03,VIEAPSELA,26.267,37.562,41003.34
HLA-B*51:03,IEAPSELAF,3.586,12.919,33311.13
HLA-B*51:03,EAPSELAFF,1.383,3.012,22165.05
HLA-B*51:03,APSELAFFN,24.364,14.569,34184.88
HLA-B*51:03,PSELAFFNK,79.167,87.032,46832.84
HLA-B*51:03,SELAFFNKA,12.389,12.797,33238.4
HLA-B*51:03,ELAFFNKAK,42.077,49.488,42909.16
HLA-B*51:03,LAFFNKAKA,3.623,1.808,18426.3
HLA-B*51:03,AFFNKAKAQ,69.091,90.956,47226.19
HLA-B*51:03,FFNKAKAQD,83.75,75.537,45778.25
HLA-B*51:03,FNKAKAQDV,11.378,19.793,36407.55
HLA-B*51:03,NKAKAQDVE,79.167,94.419,47614.61
HLA-B*51:03,KAKAQDVER,44.727,86.837,46814.12
HLA-B*51:03,AKAQDVERP,50.185,88.153,46940.91
HLA-B*51:03,KAQDVERPP,20.48,42.921,41927.95
HLA-B*51:03,AQDVERPPY,30.324,63.418,44589.86
HLA-B*51:03,QDVERPPYV,3.103,10.86,31999.76
HLA-B*51:03,DVERPPYVY,8.201,27.222,38708.1
HLA-B*51:03,VERPPYVYD,46.222,56.048,43745.93
HLA-B*51:03,ERPPYVYDL,5.573,24.253,37881.51
HLA-B*51:03,RPPYVYDLT,7.877,9.356,30897.08
HLA-B*51:03,PPYVYDLTD,33.643,17.274,35426.76
HLA-B*51:03,PYVYDLTDE,95.0,97.755,48944.46
HLA-B*51:03,YVYDLTDEA,5.118,5.145,26257.57
HLA-B*51:03,VYDLTDEAA,31.265,45.512,42329.99
HLA-B*51:03,YDLTDEAAE,80.0,87.447,46872.91
HLA-B*51:03,DLTDEAAEA,17.409,29.181,39213.51
HLA-B*51:03,LTDEAAEAQ,57.75,84.693,46609.42
HLA-B*51:03,TDEAAEAQE,70.0,95.961,48117.46
HLA-B*51:03,DEAAEAQEF,3.276,14.39,34097.33
HLA-B*51:03,EAAEAQEFL,0.749,2.386,20466.87
HLA-B*51:03,AAEAQEFLA,20.683,23.925,37783.29
HLA-B*51:03,AEAQEFLAL,4.912,14.789,34292.68
HLA-B*51:03,EAQEFLALM,0.415,0.7,12095.53
HLA-B*51:03,AQEFLALME,75.0,84.786,46617.99
HLA-B*51:03,QEFLALMER,28.857,48.455,42764.1
HLA-B*51:03,EFLALMERP,33.143,36.886,40874.87
HLA-B*51:03,FLALMERPS,65.0,39.424,41344.12
HLA-B*51:03,LALMERPSG,33.464,20.457,36648.63
HLA-B*51:03,ALMERPSGK,38.667,65.103,44774.05
HLA-B*51:03,LMERPSGKW,22.11,24.656,38000.16
HLA-B*51:03,MERPSGKWW,7.19,11.698,32563.5
HLA-B*51:03,ERPSGKWWF,21.193,47.062,42559.6
HLA-B*51:03,RPSGKWWFE,24.896,27.977,38914.7
HLA-B*51:03,PSGKWWFET,61.071,60.062,44222.78
HLA-B*51:03,SGKWWFETQ,36.905,56.704,43823.64
HLA-B*51:03,GKWWFETQA,17.005,47.492,42623.68
HLA-B*51:03,KWWFETQAS,78.333,77.159,45923.62
HLA-B*51:03,WWFETQASN,74.286,47.687,42652.72
HLA-B*51:03,WFETQASNR,63.571,82.749,46430.73
HLA-B*51:03,FETQASNRT,17.166,42.657,41883.97
HLA-B*51:03,ETQASNRTM,4.417,12.628,33137.14
HLA-B*51:03,TQASNRTMV,7.169,13.277,33510.68
HLA-B*51:03,QASNRTMVV,0.684,1.495,17094.66
HLA-B*51:03,ASNRTMVVR,50.926,76.75,45886.88
HLA-B*51:03,SNRTMVVRL,7.959,20.577,36691.48
HLA-B*51:03,NRTMVVRLK,52.407,69.705,45229.32
HLA-B*51:03,RTMVVRLKT,20.407,24.712,38016.61
HLA-B*51:03,TMVVRLKTT,27.907,36.811,40860.27
HLA-B*51:03,MVVRLKTTV,1.605,1.877,18733.48
HLA-B*51:03,VVRLKTTVL,6.195,13.977,33894.29
HLA-B*51:03,VRLKTTVLD,76.667,68.1,45070.04
HLA-B*51:03,RLKTTVLDQ,72.857,92.484,47397.18
HLA-B*51:03,LKTTVLDQP,57.25,63.757,44627.03
HLA-B*51:03,KTTVLDQPG,86.667,62.135,44449.21
HLA-B*51:03,TTVLDQPGG,65.455,59.572,44164.93
HLA-B*51:03,TVLDQPGGF,11.821,23.726,37719.96
HLA-B*51:03,VLDQPGGFN,75.0,84.54,46595.3
HLA-B*51:03,LDQPGGFNV,6.585,11.829,32651.0
HLA-B*51:03,DQPGGFNVG,34.038,53.508,43429.49
HLA-B*51:03,QPGGFNVGK,29.159,47.882,42681.8
HLA-B*51:03,PGGFNVGKV,32.452,41.545,41701.29
HLA-B*51:03,GGFNVGKVD,78.333,74.53,45685.73
HLA-B*51:03,GFNVGKVDF,45.2,82.875,46442.3
HLA-B*51:03,FNVGKVDFI,6.609,5.513,26788.16
HLA-B*51:03,NVGKVDFIR,42.231,67.771,45037.39
HLA-B*51:03,VGKVDFIRI,3.493,4.061,24426.73
HLA-B*51:03,GKVDFIRIL,16.76,44.296,42140.8
HLA-B*51:03,KVDFIRILD,66.364,77.292,45935.55
HLA-B*51:03,VDFIRILDL,6.362,9.96,31351.02
HLA-B*51:03,DFIRILDLD,60.357,50.109,42993.76
HLA-B*51:03,FIRILDLDL,13.279,10.721,31898.49
HLA-B*51:03,IRILDLDLQ,75.833,90.704,47198.09
HLA-B*51:03,RILDLDLQA,20.943,28.695,39094.05
HLA-B*51:03,ILDLDLQAA,32.71,44.129,42114.36
HLA-B*51:03,LDLDLQAAP,27.556,35.656,40634.12
HLA-B*51:03,DLDLQAAPI,7.051,4.631,25469.6
HLA-B*51:03,LDLQAAPIK,53.519,62.289,44466.04
HLA-B*51:03,DLQAAPIKK,26.017,57.704,43942.33
HLA-B*51:03,LQAAPIKKS,31.265,57.76,43948.99
HLA-B*51:03,QAAPIKKSA,1.565,10.301,31595.18
HLA-B*51:03,AAPIKKSAG,42.615,82.065,46367.99
HLA-B*51:03,APIKKSAGK,18.543,40.811,41581.44
HLA-B*51:03,PIKKSAGKL,29.523,59.988,44214.65
HLA-B*51:03,IKKSAGKLS,71.429,90.201,47141.96
HLA-B*51:03,KKSAGKLSR,75.0,96.447,48340.29
HLA-B*51:03,KSAGKLSRR,44.273,87.711,46898.28
HLA-B*51:03,SAGKLSRRP,19.331,31.488,39755.22
HLA-B*51:03,AGKLSRRPS,72.857,83.954,46541.39
HLA-B*51:03,GKLSRRPSD,97.5,96.496,48362.8
HLA-B*51:03,KLSRRPSDL,36.857,65.468,44809.93
HLA-B*51:03,LSRRPSDLH,37.632,59.032,44100.46
HLA-B*51:03,SRRPSDLHL,12.231,36.875,40872.65
HLA-B*51:03,RRPSDLHLA,46.333,69.931,45251.84
HLA-B*51:03,RPSDLHLAV,0.2,0.472,10046.48
HLA-B*51:03,PSDLHLAVT,44.727,65.054,44769.2
HLA-B*51:03,SDLHLAVTA,16.667,18.042,35745.95
HLA-B*51:03,DLHLAVTAQ,22.96,50.339,43023.05
HLA-B*51:03,LHLAVTAQR,50.37,62.535,44493.0
HLA-B*51:03,HLAVTAQRS,46.778,63.576,44607.23
HLA-B*51:03,LAVTAQRSM,2.313,3.861,24033.75
HLA-B*51:03,AVTAQRSMQ,86.667,95.871,48076.36
HLA-B*51:03,VTAQRSMQI,1.679,2.29,20159.61
HLA-B*51:03,TAQRSMQIA,6.867,7.75,29469.25
HLA-B*51:03,AQRSMQIAL,10.982,25.006,38103.5
HLA-B*51:03,QRSMQIALV,17.461,19.276,36214.26
HLA-B*51:03,RSMQIALVV,2.457,1.205,15569.35
HLA-B*51:03,SMQIALVVV,7.578,7.99,29701.31
HLA-B*51:03,MQIALVVVK,24.039,24.997,38101.02
HLA-B*51:03,QIALVVVKS,25.015,53.986,43491.1
HLA-B*51:03,IALVVVKSL,0.486,1.273,15904.95
HLA-B*51:03,ALVVVKSLS,66.364,74.092,45644.24
HLA-B*51:03,LVVVKSLSC,15.907,22.529,37341.92
HLA-B*51:03,VVVKSLSCT,42.692,43.655,42041.07
HLA-B*51:03,VVKSLSCTI,2.526,1.895,18816.77
HLA-B*51:03,VKSLSCTIL,25.06,28.736,39104.21
HLA-B*51:03,KSLSCTILG,76.667,36.727,40843.93
HLA-B*51:03,SLSCTILGW,27.0,16.557,35113.82
HLA-B*51:03,LSCTILGWA,47.75,19.171,36175.49
HLA-B*51:03,SCTILGWAE,64.643,74.734,45705.0
HLA-B*51:03,CTILGWAER,48.5,40.875,41592.25
HLA-B*51:03,TILGWAERK,43.909,53.406,43416.33
HLA-B*51:03,ILGWAERKF,26.517,34.632,40427.57
HLA-B*51:03,LGWAERKFY,25.567,19.248,36204.08
HLA-B*51:03,GWAERKFYE,90.0,96.05,48158.1
HLA-B*51:03,WAERKFYED,63.214,42.523,41861.78
HLA-B*51:03,AERKFYEDE,45.1,89.132,47035.49
HLA-B*51:03,ERKFYEDEV,21.447,29.67,39330.37
HLA-B*51:03,RKFYEDEVA,49.714,59.108,44109.53
HLA-B*51:03,KFYEDEVAI,11.094,23.714,37716.29
HLA-B*51:03,FYEDEVAIM,6.849,25.945,38366.6
HLA-B*51:03,YEDEVAIMR,15.698,45.233,42287.86
HLA-B*51:03,EDEVAIMRA,23.207,35.062,40516.02
HLA-B*51:03,DEVAIMRAY,4.046,14.156,33983.16
HLA-B*51:03,EVAIMRAYW,5.849,6.14,27619.01
HLA-B*51:03,VAIMRAYWL,2.944,1.604,17538.3
HLA-B*51:03,AIMRAYWLY,24.195,21.503,37010.06
HLA-B*51:03,IMRAYWLYG,66.364,20.128,36531.07
HLA-B*51:03,MRAYWLYGK,46.556,42.352,41833.25
HLA-B*51:03,RAYWLYGKV,3.261,1.104,14952.71
HLA-B*51:03,AYWLYGKVY,25.985,47.489,42623.21
HLA-B*51:03,YWLYGKVYN,86.667,78.549,46048.5
HLA-B*51:03,WLYGKVYNT,19.48,17.486,35515.01
HLA-B*51:03,LYGKVYNTL,11.25,16.826,35234.48
HLA-B*51:03,YGKVYNTLL,4.237,5.83,27212.92
HLA-B*51:03,GKVYNTLLS,75.0,81.61,46326.35
HLA-B*51:03,KVYNTLLSV,2.245,3.304,22852.74
HLA-B*51:03,VYNTLLSVA,29.5,28.083,38941.66
HLA-B*51:03,YNTLLSVAS,42.769,34.825,40467.38
HLA-B*51:03,NTLLSVASM,3.835,4.358,24991.61
HLA-B*51:03,TLLSVASMK,42.769,48.234,42732.64
HLA-B*51:03,LLSVASMKF,8.572,8.993,30591.38
HLA-B*51:03,LSVASMKFY,13.758,19.959,36469.85
HLA-B*51:03,SVASMKFYR,27.259,48.503,42771.02
HLA-B*51:03,VASMKFYRL,1.499,2.325,20269.62
HLA-B*51:03,ASMKFYRLG,43.455,18.942,36089.48
HLA-B*51:03,SMKFYRLGI,15.701,7.465,29191.25
HLA-B*51:03,MKFYRLGIE,71.429,61.709,44402.59
HLA-B*51:03,KFYRLGIEA,33.786,36.964,40889.92
HLA-B*51:03,FYRLGIEAA,22.99,24.138,37847.52
HLA-B*51:03,YRLGIEAAF,10.576,32.157,39906.49
HLA-B*51:03,RLGIEAAFT,79.167,83.012,46454.85
HLA-B*51:03,LGIEAAFTL,1.957,1.684,17901.22
HLA-B*51:03,GIEAAFTLL,29.909,45.639,42349.24
HLA-B*51:03,IEAAFTLLP,20.764,14.524,34162.71
HLA-B*51:03,EAAFTLLPS,20.837,6.193,27685.72
HLA-B*51:03,AAFTLLPST,4.426,7.405,29124.04
HLA-B*51:03,AFTLLPSTP,43.182,52.028,43239.12
HLA-B*51:03,FTLLPSTPL,3.617,2.607,21109.88
HLA-B*51:03,TLLPSTPLE,34.538,45.273,42293.81
HLA-B*51:03,LLPSTPLER,30.378,61.766,44408.84
HLA-B*51:03,LPSTPLERA,1.67,2.239,19998.2
HLA-B*51:03,PSTPLERAS,69.091,90.979,47228.75
HLA-B*51:03,STPLERASP,26.433,45.564,42337.77
HLA-B*51:03,TPLERASPA,1.65,1.351,16311.72
HLA-B*51:03,PLERASPAD,97.5,96.789,48497.44
HLA-B*51:03,LERASPADL,17.363,25.359,38202.16
HLA-B*51:03,ERASPADLD,78.333,74.937,45724.32
HLA-B*51:03,RASPADLDV,5.528,8.748,30377.0
HLA-B*51:03,ASPADLDVV,16.236,23.919,37781.24
HLA-B*51:03,SPADLDVVY,1.57,6.915,28574.69
HLA-B*51:03,PADLDVVYV,5.96,18.842,36051.24
HLA-B*51:03,ADLDVVYVS,45.2,65.901,44852.6
HLA-B*51:03,DLDVVYVSE,22.38,52.56,43307.49
HLA-B*51:03,LDVVYVSEE,61.786,67.682,45028.61
HLA-B*51:03,DVVYVSEEA,5.137,6.367,27906.77
HLA-B*51:03,VVYVSEEAR,34.5,57.204,43882.94
HLA-B*51:03,VYVSEEARA,38.278,56.256,43770.56
HLA-B*51:03,YVSEEARAL,5.924,14.376,34090.32
HLA-B*51:03,VSEEARALS,46.667,55.58,43690.58
HLA-B*51:03,SEEARALSE,38.278,75.399,45765.88
HLA-B*51:03,EEARALSEI,1.812,2.896,21862.08
HLA-B*51:03,EARALSEIT,10.37,12.211,32889.62
HLA-B*51:03,ARALSEITL,18.616,49.737,42943.55
HLA-B*51:03,RALSEITLK,29.614,42.406,41842.29
HLA-B*51:03,ALSEITLKA,14.538,25.765,38315.98
HLA-B*51:03,LSEITLKAI,5.597,5.02,26079.47
HLA-B*51:03,SEITLKAIL,7.212,16.057,34890.75
HLA-B*51:03,EITLKAILR,16.982,63.963,44649.71
HLA-B*51:03,ITLKAILRR,22.45,42.787,41905.72
HLA-B*51:03,TLKAILRRN,72.143,75.609,45784.69
HLA-B*51:03,LKAILRRNA,40.5,49.549,42917.52
HLA-B*51:03,KAILRRNAI,2.214,3.724,23762.76
HLA-B*51:03,AILRRNAIS,73.571,78.068,46005.19
HLA-B*51:03,ILRRNAISN,78.333,64.908,44753.7
HLA-B*51:03,LRRNAISNA,25.836,47.313,42596.91
HLA-B*51:03,RRNAISNAN,85.0,87.105,46839.94
HLA-B*51:03,RNAISNANG,88.333,78.771,46068.43
HLA-B*51:03,NAISNANGD,41.25,36.232,40747.69
HLA-B*51:03,AISNANGDL,53.333,67.751,45035.44
HLA-B*51:03,ISNANGDLF,8.177,9.397,30931.87
HLA-B*51:03,SNANGDLFK,63.571,81.101,46279.77
HLA-B*51:03,NANGDLFKI,0.759,1.057,14682.74
HLA-B*51:03,ANGDLFKIK,64.643,90.984,47229.26
HLA-B*51:03,NGDLFKIKE,40.812,74.635,45695.63
HLA-B*51:03,GDLFKIKEF,21.868,51.386,43156.88
HLA-B*51:03,DLFKIKEFG,19.73,16.514,35094.82
HLA-B*51:03,LFKIKEFGL,30.568,45.048,42259.97
HLA-B*51:03,FKIKEFGLL,13.032,12.889,33293.13
HLA-B*51:03,KIKEFGLLG,46.0,45.736,42363.88
HLA-B*51:03,IKEFGLLGE,86.667,95.054,47704.32
HLA-B*51:03,KEFGLLGEI,9.674,8.291,29972.49
HLA-B*51:03,EFGLLGEIL,13.138,28.783,39116.06
HLA-B*51:03,FGLLGEILV,4.416,3.077,22317.61
HLA-B*51:03,GLLGEILVG,70.0,74.854,45716.38
HLA-B*51:03,LLGEILVGF,17.984,23.134,37533.09
HLA-B*51:03,LGEILVGFC,58.25,45.888,42386.81
HLA-B*51:03,GEILVGFCN,70.0,60.193,44237.13
HLA-B*51:03,EILVGFCNP,31.735,24.143,37849.16
HLA-B*51:03,ILVGFCNPL,28.959,13.668,33724.2
HLA-B*51:03,LVGFCNPLR,69.545,60.453,44265.38
HLA-B*51:03,VGFCNPLRG,38.833,15.24,34508.56
HLA-B*51:03,GFCNPLRGA,75.0,88.516,46975.98
HLA-B*51:03,FCNPLRGAS,46.222,54.592,43569.28
HLA-B*51:03,CNPLRGASN,70.714,74.765,45707.98
HLA-B*51:03,NPLRGASNR,8.087,34.909,40484.91
HLA-B*51:03,PLRGASNRK,82.5,95.613,47958.41
HLA-B*51:03,LRGASNRKD,97.5,95.485,47900.33
HLA-B*51:03,RGASNRKDE,95.0,96.903,48549.95
HLA-B*51:03,GASNRKDEV,9.141,27.567,38802.45
HLA-B*51:03,ASNRKDEVL,19.865,48.377,42752.99
HLA-B*51:03,SNRKDEVLQ,78.333,93.339,47493.16
HLA-B*51:03,NRKDEVLQS,36.19,77.458,45950.46
HLA-B*51:03,RKDEVLQSN,71.429,90.723,47200.15
HLA-B*51:03,KDEVLQSNG,64.643,91.958,47338.22
HLA-B*51:03,DEVLQSNGR,33.679,66.56,44917.68
HLA-B*51:03,EVLQSNGRI,2.62,3.415,23118.86
HLA-B*51:03,VLQSNGRIM,20.854,24.487,37950.44
HLA-B*51:03,LQSNGRIMA,27.722,40.293,41493.81
HLA-B*51:03,QSNGRIMAT,14.471,33.459,40185.1
HLA-B*51:03,SNGRIMATL,12.03,21.115,36881.35
HLA-B*51:03,NGRIMATLP,21.149,12.412,33008.68
HLA-B*51:03,GRIMATLPK,77.5,80.345,46210.72
HLA-B*51:03,RIMATLPKE,49.714,59.536,44160.62
HLA-B*51:03,IMATLPKED,77.5,74.379,45671.39
HLA-B*51:03,MATLPKEDN,62.857,53.439,43420.56
HLA-B*51:03,ATLPKEDNW,16.924,37.571,41005.11
HLA-B*51:03,TLPKEDNWP,53.148,80.871,46258.73
HLA-B*51:03,LPKEDNWPD,27.111,14.606,34202.65
HLA-B*51:03,PKEDNWPDH,95.0,98.04,49077.56
HLA-B*51:03,KEDNWPDHL,9.387,44.141,42116.18
HLA-B*51:03,EDNWPDHLL,7.081,17.876,35677.93
HLA-B*51:03,DNWPDHLLL,0.547,0.678,11918.59
HLA-B*51:03,NWPDHLLLY,12.095,32.085,39890.95
HLA-B*51:03,WPDHLLLYR,10.513,12.236,32904.56
HLA-B*51:03,PDHLLLYRA,46.444,60.163,44233.79
HLA-B*51:03,DHLLLYRAR,28.306,51.484,43169.49
HLA-B*51:03,HLLLYRARG,61.786,51.532,43175.56
HLA-B*51:03,LLLYRARGE,79.167,79.391,46124.29
HLA-B*51:03,LLYRARGEM,14.248,10.814,31965.86
HLA-B*51:03,LYRARGEMV,24.727,30.323,39485.14
HLA-B*51:03,YRARGEMVF,10.431,23.817,37748.94
HLA-B*51:03,RARGEMVFM,12.641,18.209,35809.42
HLA-B*51:03,ARGEMVFMP,48.25,66.885,44949.75
HLA-B*51:03,RGEMVFMPV,20.894,6.386,27931.54
HLA-B*51:03,GEMVFMPVT,31.559,29.165,39209.71
HLA-B*51:03,EMVFMPVTQ,30.351,45.403,42313.51
HLA-B*51:03,MVFMPVTQQ,18.085,26.127,38415.62
HLA-B*51:03,VFMPVTQQY,3.09,11.613,32507.16
HLA-B*51:03,FMPVTQQYH,16.453,49.37,42892.92
HLA-B*51:03,MPVTQQYHH,4.266,10.786,31945.8
HLA-B*51:03,PVTQQYHHD,91.667,94.753,47652.21
HLA-B*51:03,VTQQYHHDI,5.738,4.574,25381.02
HLA-B*51:03,TQQYHHDIT,51.296,54.012,43494.38
HLA-B*51:03,QQYHHDITP,13.519,24.663,38002.22
HLA-B*51:03,QYHHDITPT,54.815,72.004,45447.12
HLA-B*51:03,YHHDITPTF,0.746,3.058,22271.54
HLA-B*51:03,HHDITPTFL,3.901,16.92,35276.81
HLA-B*51:03,HDITPTFLS,34.038,41.338,41667.9
HLA-B*51:03,DITPTFLSL,0.339,1.022,14485.17
HLA-B*51:03,ITPTFLSLL,2.966,4.079,24459.79
HLA-B*51:03,TPTFLSLLV,0.095,0.023,1746.95
HLA-B*51:03,PTFLSLLVA,18.585,12.478,33048.36
HLA-B*51:03,TFLSLLVAI,7.961,8.784,30408.57
HLA-B*51:03,FLSLLVAIK,41.167,49.091,42854.41
HLA-B*51:03,LSLLVAIKS,32.419,25.944,38366.18
HLA-B*51:03,SLLVAIKSR,36.857,70.725,45326.79
HLA-B*51:03,LLVAIKSRG,63.214,52.082,43246.15
HLA-B*51:03,LVAIKSRGL,13.879,23.741,37724.85
HLA-B*51:03,VAIKSRGLV,1.386,1.352,16315.07
HLA-B*51:03,AIKSRGLVA,19.966,30.657,39563.42
HLA-B*51:03,IKSRGLVAS,66.364,78.206,46017.62
HLA-B*51:03,KSRGLVASS,43.545,61.481,44377.6
HLA-B*51:03,SRGLVASSP,42.462,54.303,43532.04
HLA-B*51:03,RGLVASSPE,65.909,68.396,45099.32
HLA-B*51:03,GLVASSPEV,17.238,26.79,38591.43
HLA-B*51:03,LVASSPEVQ,54.444,81.194,46288.27
HLA-B*51:03,VASSPEVQA,3.11,11.002,32102.76
HLA-B*51:03,ASSPEVQAR,37.316,84.042,46549.43
HLA-B*51:03,SSPEVQARM,3.555,11.389,32358.03
HLA-B*51:03,SPEVQARMV,0.422,1.043,14604.94
HLA-B*51:03,PEVQARMVP,51.852,70.522,45307.67
HLA-B*51:03,EVQARMVPS,31.412,32.597,40002.45
HLA-B*51:03,VQARMVPSS,23.943,38.036,41093.05
HLA-B*51:03,QARMVPSSL,1.191,4.263,24810.29
HLA-B*51:03,ARMVPSSLF,12.683,21.048,36859.4
HLA-B*51:03,RMVPSSLFV,5.838,5.485,26749.06
HLA-B*51:03,MVPSSLFVQ,39.941,45.976,42400.13
HLA-B*51:03,VPSSLFVQS,2.998,3.895,24100.68
HLA-B*51:03,PSSLFVQSL,7.129,20.225,36565.46
HLA-B*51:03,SSLFVQSLY,9.318,9.111,30691.18
HLA-B*51:03,SLFVQSLYN,46.667,35.733,40649.5
HLA-B*51:03,LFVQSLYNK,60.714,60.615,44283.11
HLA-B*51:03,FVQSLYNKM,5.772,6.308,27831.69
HLA-B*51:03,VQSLYNKMR,64.643,82.185,46379.02
HLA-B*51:03,QSLYNKMRD,61.786,62.087,44443.9
HLA-B*51:03,SLYNKMRDY,19.98,31.29,39710.07
HLA-B*51:03,LYNKMRDYT,69.545,69.035,45162.8
HLA-B*51:03,YNKMRDYTE,41.917,56.408,43788.55
HLA-B*51:03,NKMRDYTEC,31.824,48.042,42705.37
HLA-B*51:03,KMRDYTECW,26.6,27.824,38872.61
HLA-B*51:03,MRDYTECWE,85.0,84.71,46610.93
HLA-B*51:03,RDYTECWEA,26.583,28.929,39152.48
HLA-B*51:03,DYTECWEAC,44.727,51.317,43148.0
HLA-B*51:03,YTECWEACT,80.0,41.567,41704.89
HLA-B*51:03,TECWEACTV,16.924,8.423,30092.07
HLA-B*51:03,ECWEACTVK,24.013,38.494,41177.15
HLA-B*51:03,CWEACTVKV,52.407,30.987,39640.96
HLA-B*51:03,WEACTVKVM,9.814,6.915,28575.0
HLA-B*51:03,EACTVKVME,21.009,45.136,42273.25
HLA-B*51:03,ACTVKVMEQ,71.429,95.355,47841.3
HLA-B*51:03,CTVKVMEQM,21.43,12.332,32961.22
HLA-B*51:03,TVKVMEQMA,13.215,19.988,36480.9
HLA-B*51:03,VKVMEQMAQ,58.25,89.021,47024.78
HLA-B*51:03,KVMEQMAQG,51.852,48.156,42721.54
HLA-B*51:03,VMEQMAQGY,31.971,43.699,42047.9
HLA-B*51:03,MEQMAQGYA,23.126,12.407,33005.83
HLA-B*51:03,EQMAQGYAF,3.818,5.021,26080.03
HLA-B*51:03,QMAQGYAFR,43.364,62.223,44458.84
HLA-B*51:03,MAQGYAFRS,19.284,7.699,29420.18
HLA-B*51:03,AQGYAFRSY,31.618,50.773,43078.49
HLA-B*51:03,QGYAFRSYF,4.992,3.244,22709.04
HLA-B*51:03,GYAFRSYFR,64.286,79.74,46155.74
HLA-B*51:03,YAFRSYFRY,2.693,1.207,15582.16
HLA-B*51:03,AFRSYFRYV,21.658,23.187,37549.75
HLA-B*51:03,FRSYFRYVA,29.841,21.65,37058.95
HLA-B*51:03,RSYFRYVAQ,39.647,43.006,41942.01
HLA-B*51:03,SYFRYVAQA,16.613,16.547,35109.27
HLA-B*51:03,YFRYVAQAL,12.891,13.092,33409.69
HLA-B*51:03,FRYVAQALR,54.259,54.522,43560.32
HLA-B*51:03,RYVAQALRG,75.0,69.188,45177.95
HLA-B*51:03,YVAQALRGA,15.146,16.459,35070.16
HLA-B*51:03,VAQALRGAI,2.783,1.841,18573.42
HLA-B*51:03,AQALRGAII,13.173,15.621,34687.12
HLA-B*51:03,QALRGAIIS,29.455,31.38,39730.71
HLA-B*51:03,ALRGAIIST,24.818,47.712,42656.43
HLA-B*51:03,LRGAIISTS,58.75,61.432,44372.33
HLA-B*51:03,RGAIISTSS,42.846,57.208,43883.42
HLA-B*51:03,GAIISTSSG,44.091,45.421,42316.26
HLA-B*51:03,AIISTSSGV,13.353,15.152,34467.14
HLA-B*51:03,IISTSSGVK,74.286,75.327,45759.45
HLA-B*51:03,ISTSSGVKP,22.28,30.87,39613.54
HLA-B*51:03,STSSGVKPD,77.5,82.892,46443.79
HLA-B*51:03,TSSGVKPDV,6.201,13.58,33676.06
HLA-B*51:03,SSGVKPDVC,32.032,56.488,43798.04
HLA-B*51:03,SGVKPDVCP,30.162,47.489,42623.21
HLA-B*51:03,GVKPDVCPK,58.75,81.008,46271.26
HLA-B*51:03,VKPDVCPKR,54.074,91.491,47286.01
HLA-B*51:03,KPDVCPKRW,3.752,18.082,35761.42
HLA-B*51:03,PDVCPKRWI,61.786,57.364,43901.93
HLA-B*51:03,DVCPKRWIA,4.807,8.089,29791.44
HLA-B*51:03,VCPKRWIAE,72.143,88.668,46990.71
HLA-B*51:03,CPKRWIAEG,16.547,4.702,25581.46
HLA-B*51:03,PKRWIAEGG,97.5,95.754,48022.82
HLA-B*51:03,KRWIAEGGI,49.571,44.454,42165.89
HLA-B*51:03,RWIAEGGIQ,91.667,95.625,47964.13
HLA-B*51:03,WIAEGGIQN,64.643,64.947,44758.06
HLA-B*51:03,IAEGGIQND,52.963,75.216,45749.54
HLA-B*51:03,AEGGIQNDE,82.5,95.654,47977.09
HLA-B*51:03,EGGIQNDEM,20.74,39.015,41273.07
HLA-B*51:03,GGIQNDEMN,95.0,95.251,47793.69
HLA-B*51:03,GIQNDEMNL,39.647,70.313,45288.07
HLA-B*51:03,IQNDEMNLS,43.364,63.612,44611.09
HLA-B*51:03,QNDEMNLSS,47.125,63.642,44614.48
HLA-B*51:03,NDEMNLSSY,26.433,44.382,42154.47
HLA-B*51:03,DEMNLSSYP,8.226,10.995,32097.9
HLA-B*51:03,EMNLSSYPT,36.762,20.642,36714.92
HLA-B*51:03,MNLSSYPTD,52.037,29.266,39233.89
HLA-B*51:03,NLSSYPTDT,47.0,62.381,44476.16
HLA-B*51:03,LSSYPTDTT,28.286,32.52,39985.58
HLA-B*51:03,SSYPTDTTQ,24.649,54.654,43577.29
HLA-B*51:03,SYPTDTTQP,37.684,71.952,45442.19
HLA-B*51:03,YPTDTTQPT,2.772,3.385,23046.93
HLA-B*51:03,PTDTTQPTE,64.643,91.848,47325.95
HLA-B*51:03,TDTTQPTES,49.143,87.716,46898.76
HLA-B*51:03,DTTQPTESS,12.938,32.782,40042.73
HLA-B*51:03,TTQPTESSL,2.439,11.952,32733.06
HLA-B*51:03,TQPTESSLQ,63.214,91.24,47257.87
HLA-B*51:03,QPTESSLQR,12.009,39.643,41382.16
HLA-B*51:03,PTESSLQRD,93.333,96.526,48376.4
HLA-B*51:03,TESSLQRDN,72.143,74.838,45714.91
HLA-B*51:03,ESSLQRDNE,60.0,77.237,45930.58
HLA-B*51:03,SSLQRDNER,43.818,73.429,45581.55
HLA-B*51:03,SLQRDNERE,88.333,95.8,48044.13
HLA-B*51:03,LQRDNEREC,30.297,56.832,43838.82
HLA-B*51:03,QRDNERECG,81.25,95.585,47945.98
HLA-B*51:03,RDNERECGR,82.5,96.767,48487.46
HLA-B*51:03,DNERECGRQ,85.0,95.926,48101.33
HLA-B*51:03,NERECGRQK,38.556,67.692,45029.6
HLA-B*51:03,ERECGRQKV,19.811,41.017,41616.1
HLA-B*51:03,RECGRQKVE,79.167,95.425,47872.88
HLA-B*51:03,ECGRQKVEV,12.488,25.981,38376.57
HLA-B*51:03,CGRQKVEVS,69.091,58.24,44006.08
HLA-B*51:03,GRQKVEVSR,66.364,96.218,48235.28
HLA-B*51:03,RQKVEVSRA,26.883,53.023,43367.02
HLA-B*51:03,QKVEVSRAA,20.317,40.218,41481.24
HLA-B*51:03,KVEVSRAAK,68.636,89.353,47056.85
HLA-B*51:03,VEVSRAAKI,3.06,5.205,26343.22
HLA-B*51:03,EVSRAAKIG,50.926,60.176,44235.22
HLA-B*51:03,VSRAAKIGM,18.104,26.187,38431.41
HLA-B*51:03,SRAAKIGMG,66.364,83.357,46486.52
HLA-B*51:03,RAAKIGMGP,18.091,25.617,38274.57
HLA-B*51:03,AAKIGMGPH,44.273,71.822,45429.91
HLA-B*51:03,AKIGMGPHG,74.286,85.274,46663.92
HLA-B*51:03,KIGMGPHGT,65.909,95.046,47700.7
HLA-B*51:03,IGMGPHGTR,26.533,42.292,41823.3
HLA-B*51:03,GMGPHGTRN,91.667,95.681,47989.56
HLA-B*51:03,MGPHGTRNI,3.581,5.965,27394.9
HLA-B*51:03,GPHGTRNIV,1.943,5.347,26547.8
HLA-B*51:03,PHGTRNIVK,88.333,95.995,48133.1
HLA-B*51:03,HGTRNIVKE,46.667,71.195,45370.95
HLA-B*51:03,GTRNIVKEI,9.007,20.34,36606.63
HLA-B*51:03,TRNIVKEIP,50.556,65.965,44858.91
HLA-B*51:03,RNIVKEIPH,58.0,83.894,46535.84
HLA-B*51:03,NIVKEIPHA,7.065,14.425,34114.31
HLA-B*51:03,IVKEIPHAA,2.211,7.67,29392.81
HLA-B*51:03,VKEIPHAAT,52.963,76.573,45870.99
HLA-B*51:03,KEIPHAATA,11.964,22.886,37454.79
HLA-B*51:03,EIPHAATAL,6.566,23.402,37617.66
HLA-B*51:03,IPHAATALE,7.518,6.937,28601.6
HLA-B*51:03,PHAATALEA,39.529,50.463,43038.89
HLA-B*51:03,HAATALEAP,14.924,21.945,37156.92
HLA-B*51:03,AATALEAPN,83.75,57.588,43928.56
HLA-B*51:03,ATALEAPNG,68.636,68.194,45079.32
HLA-B*51:03,TALEAPNGR,13.486,47.362,42604.3
HLA-B*51:03,ALEAPNGRM,38.722,60.848,44308.51
HLA-B*51:03,LEAPNGRMH,18.433,58.748,44066.6
HLA-B*51:03,EAPNGRMHQ,17.653,66.693,44930.8
HLA-B*51:03,APNGRMHQR,16.276,49.034,42846.53
HLA-B*51:03,PNGRMHQRQ,93.333,96.865,48532.61
HLA-B*51:03,NGRMHQRQK,38.333,58.892,44083.77
HLA-B*51:03,GRMHQRQKT,68.636,92.736,47425.4
HLA-B*51:03,RMHQRQKTA,12.074,29.609,39315.91
HLA-B*51:03,MHQRQKTAC,30.595,43.268,41981.98
HLA-B*51:03,HQRQKTACK,43.545,70.094,45267.48
HLA-B*51:03,QRQKTACKA,42.308,61.542,44384.32
HLA-B*51:03,RQKTACKAN,85.0,92.118,47356.17
HLA-B*51:03,QKTACKANQ,93.333,96.873,48536.3
HLA-B*51:03,KTACKANQK,52.037,82.147,46375.49
HLA-B*51:03,TACKANQKI,1.134,2.809,21631.96
HLA-B*51:03,ACKANQKIS,78.333,94.794,47656.85
HLA-B*51:03,CKANQKISF,27.407,35.978,40698.34
HLA-B*51:03,KANQKISFY,12.764,28.236,38979.6
HLA-B*51:03,ANQKISFYA,29.523,35.241,40551.55
HLA-B*51:03,NQKISFYAG,34.692,36.127,40727.43
HLA-B*51:03,QKISFYAGI,14.656,10.553,31777.23
HLA-B*51:03,KISFYAGIT,86.667,71.973,45444.16
HLA-B*51:03,ISFYAGITE,21.649,28.537,39054.73
HLA-B*51:03,SFYAGITEF,3.971,10.255,31562.04
HLA-B*51:03,FYAGITEFL,7.297,15.875,34806.29
HLA-B*51:03,YAGITEFLG,48.0,11.83,32651.7
HLA-B*51:03,AGITEFLGV,6.464,6.557,28144.8
HLA-B*51:03,GITEFLGVG,90.0,76.168,45834.76
HLA-B*51:03,ITEFLGVGL,17.389,20.656,36719.68
HLA-B*51:03,TEFLGVGLW,5.054,4.243,24772.46
HLA-B*51:03,EFLGVGLWQ,65.0,73.1,45550.49
HLA-B*51:03,FLGVGLWQL,18.884,22.973,37482.36
HLA-B*51:03,LGVGLWQLN,66.364,39.27,41317.28
HLA-B*51:03,GVGLWQLNL,36.238,41.955,41767.66
HLA-B*51:03,VGLWQLNLV,4.953,2.805,21620.96
HLA-B*51:03,GLWQLNLVA,25.09,31.034,39651.7
HLA-B*51:03,LWQLNLVAQ,75.0,84.107,46555.5
HLA-B*51:03,WQLNLVAQL,7.984,8.377,30050.43
HLA-B*51:03,QLNLVAQLV,4.461,5.702,27039.75
HLA-B*51:03,LNLVAQLVA,16.747,11.385,32355.59
HLA-B*51:03,NLVAQLVAM,11.423,14.46,34131.3
HLA-B*51:03,LVAQLVAMC,24.026,27.969,38912.59
HLA-B*51:03,VAQLVAMCM,3.784,2.576,21030.53
HLA-B*51:03,AQLVAMCMK,49.857,65.128,44776.48
HLA-B*51:03,QLVAMCMKA,38.278,27.718,38843.61
HLA-B*51:03,LVAMCMKAQ,80.0,74.906,45721.34
HLA-B*51:03,VAMCMKAQI,1.186,0.147,5022.54
HLA-B*51:03,AMCMKAQIS,85.0,83.133,46465.9
HLA-B*51:03,MCMKAQISF,4.357,4.495,25256.93
HLA-B*51:03,CMKAQISFE,56.0,58.856,44079.47
HLA-B*51:03,MKAQISFEY,9.164,15.827,34783.72
HLA-B*51:03,KAQISFEYD,64.286,51.466,43167.15
HLA-B*51:03,AQISFEYDW,13.748,23.524,37656.35
HLA-B*51:03,QISFEYDWA,68.182,52.505,43300.46
HLA-B*51:03,ISFEYDWAA,4.369,2.2,19873.73
HLA-B*51:03,SFEYDWAAK,44.727,77.143,45922.14
HLA-B*51:03,FEYDWAAKE,23.356,31.326,39718.24
HLA-B*51:03,EYDWAAKEK,34.038,69.867,45245.45
HLA-B*51:03,YDWAAKEKY,13.8,24.837,38053.64
HLA-B*51:03,DWAAKEKYH,58.75,96.256,48252.51
HLA-B*51:03,WAAKEKYHR,23.172,54.584,43568.32
HLA-B*51:03,AAKEKYHRG,28.612,56.2,43763.93
HLA-B*51:03,AKEKYHRGE,90.0,96.855,48527.88
HLA-B*51:03,KEKYHRGEN,91.667,95.576,47941.83
HLA-B*51:03,EKYHRGENS,45.6,63.26,44572.5
HLA-B*51:03,KYHRGENSR,73.571,95.691,47994.24
HLA-B*51:03,YHRGENSRY,20.472,51.623,43187.23
HLA-B*51:03,HRGENSRYC,31.441,76.406,45856.08
HLA-B*51:03,RGENSRYCS,80.0,90.778,47206.27
HLA-B*51:03,GENSRYCSQ,64.286,89.795,47099.63
HLA-B*51:03,ENSRYCSQE,56.0,77.154,45923.11
HLA-B*51:03,NSRYCSQET,41.0,39.319,41325.78
HLA-B*51:03,SRYCSQETY,18.988,31.652,39792.67
HLA-B*51:03,RYCSQETYL,36.333,62.329,44470.37
HLA-B*51:03,YCSQETYLL,7.219,12.889,33293.48
HLA-B*51:03,CSQETYLLV,5.468,0.884,13614.11
HLA-B*51:03,SQETYLLVA,15.149,20.037,36498.27
HLA-B*51:03,QETYLLVAI,4.963,5.553,26840.66
HLA-B*51:03,ETYLLVAIK,15.198,19.68,36365.43
HLA-B*51:03,TYLLVAIKY,12.234,44.29,42139.9
HLA-B*51:03,YLLVAIKYM,11.111,12.146,32851.21
HLA-B*51:03,LLVAIKYMT,39.941,39.799,41409.5
HLA-B*51:03,LVAIKYMTG,34.654,26.865,38611.46
HLA-B*51:03,VAIKYMTGV,1.134,1.083,14835.72
HLA-B*51:03,AIKYMTGVE,83.75,89.521,47073.15
HLA-B*51:03,IKYMTGVEM,8.303,13.344,33547.32
HLA-B*51:03,KYMTGVEMK,63.571,82.979,46451.85
HLA-B*51:03,YMTGVEMKF,4.605,7.605,29330.23
HLA-B*51:03,MTGVEMKFL,15.075,15.543,34650.37
HLA-B*51:03,TGVEMKFLS,36.095,30.029,39416.42
HLA-B*51:03,GVEMKFLSL,17.311,39.488,41355.32
HLA-B*51:03,VEMKFLSLL,2.48,3.201,22608.52
HLA-B*51:03,EMKFLSLLT,16.929,11.3,32299.61
HLA-B*51:03,MKFLSLLTH,26.75,32.248,39926.36
HLA-B*51:03,KFLSLLTHH,54.259,88.511,46975.46
HLA-B*51:03,FLSLLTHHY,7.507,12.611,33127.1
HLA-B*51:03,LSLLTHHYI,1.171,0.393,9073.96
HLA-B*51:03,SLLTHHYIG,62.5,45.048,42259.97
HLA-B*51:03,LLTHHYIGA,28.082,31.013,39646.96
HLA-B*51:03,LTHHYIGAL,6.158,8.075,29778.22
HLA-B*51:03,THHYIGALV,6.149,4.053,24412.2
HLA-B*51:03,HHYIGALVV,2.648,2.231,19972.46
HLA-B*51:03,HYIGALVVF,6.912,23.549,37664.1
HLA-B*51:03,YIGALVVFG,55.0,45.106,42268.67
HLA-B*51:03,IGALVVFGQ,56.5,62.979,44541.63
HLA-B*51:03,GALVVFGQT,29.159,29.593,39312.08
HLA-B*51:03,ALVVFGQTC,37.158,60.606,44282.17
HLA-B*51:03,LVVFGQTCI,9.516,4.774,25692.96
HLA-B*51:03,VVFGQTCIL,6.582,5.905,27313.51
HLA-B*51:03,VFGQTCILY,32.774,34.736,40449.0
HLA-B*51:03,FGQTCILYL,13.323,7.805,29522.22
HLA-B*51:03,GQTCILYLF,26.95,20.55,36681.97
HLA-B*51:03,QTCILYLFS,51.667,33.307,40153.8
HLA-B*51:03,TCILYLFSI,5.587,5.306,26488.4
HLA-B*51:03,CILYLFSII,23.977,3.803,23918.05
HLA-B*51:03,ILYLFSIII,9.46,8.396,30067.66
HLA-B*51:03,LYLFSIIIS,58.5,55.04,43626.84
HLA-B*51:03,YLFSIIISA,5.747,10.791,31949.26
HLA-B*51:03,LFSIIISAL,12.891,16.379,35034.52
HLA-B*51:03,FSIIISALK,17.705,14.515,34158.25
HLA-B*51:03,SIIISALKL,4.898,11.15,32200.18
HLA-B*51:03,IIISALKLR,38.944,58.52,44039.44
HLA-B*51:03,IISALKLRF,9.95,12.052,32795.79
HLA-B*51:03,ISALKLRFQ,52.593,67.746,45034.95
HLA-B*51:03,SALKLRFQK,10.833,31.488,39755.22
HLA-B*51:03,ALKLRFQKF,13.543,33.524,40198.57
HLA-B*51:03,LKLRFQKFM,29.295,30.411,39505.67
HLA-B*51:03,KLRFQKFML,26.017,37.354,40963.85
HLA-B*51:03,LRFQKFMLR,29.955,48.763,42808.09
HLA-B*51:03,RFQKFMLRL,23.609,40.431,41517.15
HLA-B*51:03,FQKFMLRLS,31.176,31.183,39685.59
HLA-B*51:03,QKFMLRLSK,54.259,63.238,44570.08
HLA-B*51:03,KFMLRLSKL,22.19,33.8,40255.57
HLA-B*51:03,FMLRLSKLL,7.306,5.671,26997.95
HLA-B*51:03,MLRLSKLLE,53.148,46.132,42423.07
HLA-B*51:03,LRLSKLLEM,10.365,18.86,36058.26
HLA-B*51:03,RLSKLLEMY,28.571,55.912,43729.85
HLA-B*51:03,LSKLLEMYG,51.852,26.987,38644.07
HLA-B*51:03,SKLLEMYGS,76.667,75.476,45772.82
HLA-B*51:03,KLLEMYGSD,91.667,74.723,45704.03
HLA-B*51:03,LLEMYGSDP,74.286,64.982,44761.95
HLA-B*51:03,LEMYGSDPS,67.273,31.934,39857.29
HLA-B*51:03,EMYGSDPSN,29.545,34.951,40493.66
HLA-B*51:03,MYGSDPSNP,48.25,60.211,44239.07
HLA-B*51:03,YGSDPSNPA,11.295,15.681,34715.28
HLA-B*51:03,GSDPSNPAS,39.647,74.603,45692.66
HLA-B*51:03,SDPSNPASA,22.49,51.262,43140.99
HLA-B*51:03,DPSNPASAD,16.644,23.334,37596.1
HLA-B*51:03,PSNPASADV,12.308,24.121,37842.59
HLA-B*51:03,SNPASADVQ,74.286,95.345,47836.64
HLA-B*51:03,NPASADVQY,2.424,8.678,30316.91
HLA-B*51:03,PASADVQYA,16.124,34.975,40498.5
HLA-B*51:03,ASADVQYAV,2.078,5.462,26715.51
HLA-B*51:03,SADVQYAVD,45.8,43.729,42052.43
HLA-B*51:03,ADVQYAVDV,19.041,26.768,38585.58
HLA-B*51:03,DVQYAVDVD,53.333,50.857,43089.22
HLA-B*51:03,VQYAVDVDE,68.636,77.276,45934.04
HLA-B*51:03,QYAVDVDEV,18.348,29.288,39238.98
HLA-B*51:03,YAVDVDEVD,40.312,34.905,40484.03
HLA-B*51:03,AVDVDEVDA,49.714,76.312,45847.65
HLA-B*51:03,VDVDEVDAE,73.571,95.363,47844.91
HLA-B*51:03,DVDEVDAET,16.551,35.965,40695.72
HLA-B*51:03,VDEVDAETM,23.402,50.098,42992.34
HLA-B*51:03,DEVDAETMG,24.948,63.431,44591.3
HLA-B*51:03,EVDAETMGK,37.947,62.759,44517.54
HLA-B*51:03,VDAETMGKS,61.786,70.005,45259.16
HLA-B*51:03,DAETMGKSV,0.265,0.723,12282.27
HLA-B*51:03,AETMGKSVI,13.01,21.174,36900.9
HLA-B*51:03,ETMGKSVIY,4.75,11.203,32235.04
HLA-B*51:03,TMGKSVIYA,21.307,27.508,38786.07
HLA-B*51:03,MGKSVIYAV,1.293,0.881,13588.94
HLA-B*51:03,GKSVIYAVN,95.0,89.411,47062.46
HLA-B*51:03,KSVIYAVNI,10.407,6.831,28473.46
HLA-B*51:03,SVIYAVNIL,5.901,10.546,31771.74
HLA-B*51:03,VIYAVNILM,6.865,6.613,28211.27
HLA-B*51:03,IYAVNILMK,46.444,59.352,44138.64
HLA-B*51:03,YAVNILMKH,9.45,21.055,36861.8
HLA-B*51:03,AVNILMKHP,39.0,54.606,43571.16
HLA-B*51:03,VNILMKHPE,59.25,65.433,44806.52
HLA-B*51:03,NILMKHPEQ,46.889,63.48,44596.62
HLA-B*51:03,ILMKHPEQH,22.6,52.856,43345.46
HLA-B*51:03,LMKHPEQHY,17.415,38.811,41235.56
HLA-B*51:03,MKHPEQHYP,23.448,35.296,40562.51
HLA-B*51:03,KHPEQHYPG,68.182,72.119,45457.93
HLA-B*51:03,HPEQHYPGI,0.165,0.465,9952.79
HLA-B*51:03,PEQHYPGIA,55.75,72.918,45533.25
HLA-B*51:03,EQHYPGIAH,16.458,56.316,43777.65
HLA-B*51:03,QHYPGIAHG,21.965,31.055,39656.4
HLA-B*51:03,HYPGIAHGG,48.5,74.426,45675.83
HLA-B*51:03,YPGIAHGGN,57.0,28.731,39102.95
HLA-B*51:03,PGIAHGGNS,90.0,91.162,47249.19
HLA-B*51:03,GIAHGGNSG,83.75,95.182,47762.69
HLA-B*51:03,IAHGGNSGR,34.731,60.905,44314.74
HLA-B*51:03,AHGGNSGRQ,91.667,96.614,48416.72
HLA-B*51:03,HGGNSGRQK,62.5,93.87,47552.8
HLA-B*51:03,GGNSGRQKS,72.857,95.205,47773.01
HLA-B*51:03,GNSGRQKSG,88.333,96.372,48305.79
HLA-B*51:03,NSGRQKSGV,13.672,28.6,39070.38
HLA-B*51:03,SGRQKSGVR,55.0,78.494,46043.51
HLA-B*51:03,GRQKSGVRS,81.25,95.667,47983.34
HLA-B*51:03,RQKSGVRSV,6.727,25.168,38148.86
HLA-B*51:03,QKSGVRSVF,16.702,48.088,42711.84
HLA-B*51:03,KSGVRSVFL,17.425,32.339,39946.22
HLA-B*51:03,SGVRSVFLP,26.517,17.232,35409.12
HLA-B*51:03,GVRSVFLPL,17.078,17.442,35496.58
HLA-B*51:03,VRSVFLPLD,80.0,63.682,44618.83
HLA-B*51:03,RSVFLPLDE,71.429,74.671,45699.08
HLA-B*51:03,SVFLPLDEY,8.835,22.086,37202.38
HLA-B*51:03,VFLPLDEYK,54.444,66.24,44886.11
HLA-B*51:03,FLPLDEYKI,8.002,11.075,32151.08
HLA-B*51:03,LPLDEYKIL,0.149,0.387,8987.39
HLA-B*51:03,PLDEYKILK,51.111,91.844,47325.43
HLA-B*51:03,LDEYKILKV,6.605,15.128,34455.97
HLA-B*51:03,DEYKILKVN,29.477,31.06,39657.71
HLA-B*51:03,EYKILKVND,85.0,92.923,47446.41
HLA-B*51:03,YKILKVNDV,7.554,15.293,34533.23
HLA-B*51:03,KILKVNDVC,41.75,67.466,45007.19
HLA-B*51:03,ILKVNDVCG,73.571,60.281,44246.71
HLA-B*51:03,LKVNDVCGK,88.333,93.866,47552.28
HLA-B*51:03,KVNDVCGKR,68.182,87.058,46835.38
HLA-B*51:03,VNDVCGKRV,13.296,24.826,38050.36
HLA-B*51:03,NDVCGKRVI,12.671,13.217,33477.71
HLA-B*51:03,DVCGKRVIA,8.098,19.553,36317.85
HLA-B*51:03,VCGKRVIAA,24.753,42.924,41928.4
HLA-B*51:03,CGKRVIAAL,9.571,8.111,29811.1
HLA-B*51:03,GKRVIAALV,28.837,31.977,39867.21
HLA-B*51:03,KRVIAALVM,30.622,40.559,41538.71
HLA-B*51:03,RVIAALVMF,17.161,25.542,38253.44
HLA-B*51:03,VIAALVMFN,67.727,48.666,42794.17
HLA-B*51:03,IAALVMFNN,53.333,20.133,36532.65
HLA-B*51:03,AALVMFNNG,34.731,20.199,36556.36
HLA-B*51:03,ALVMFNNGK,59.75,80.186,46196.21
HLA-B*51:03,LVMFNNGKP,45.8,24.703,38014.13
HLA-B*51:03,VMFNNGKPM,15.466,8.159,29853.71
HLA-B*51:03,MFNNGKPMA,24.714,30.44,39512.5
HLA-B*51:03,FNNGKPMAF,4.415,10.931,32051.75
HLA-B*51:03,NNGKPMAFG,80.0,62.917,44534.88
HLA-B*51:03,NGKPMAFGQ,43.273,64.776,44739.18
HLA-B*51:03,GKPMAFGQG,73.571,92.319,47378.71
HLA-B*51:03,KPMAFGQGG,23.402,14.211,34010.02
HLA-B*51:03,PMAFGQGGL,52.222,60.685,44290.8
HLA-B*51:03,MAFGQGGLD,37.789,9.443,30971.05
HLA-B*51:03,AFGQGGLDA,61.786,69.055,45164.75
HLA-B*51:03,FGQGGLDAV,9.355,9.236,30796.3
HLA-B*51:03,GQGGLDAVL,36.667,58.788,44071.38
HLA-B*51:03,QGGLDAVLS,73.571,71.978,45444.66
HLA-B*51:03,GGLDAVLSL,6.724,21.831,37119.15
HLA-B*51:03,GLDAVLSLL,15.627,37.066,40909.39
HLA-B*51:03,LDAVLSLLF,10.524,6.306,27829.29
HLA-B*51:03,DAVLSLLFI,0.062,0.03,2098.0
HLA-B*51:03,AVLSLLFIG,72.857,47.214,42582.19
HLA-B*51:03,VLSLLFIGP,54.63,51.488,43169.94
HLA-B*51:03,LSLLFIGPD,85.0,28.978,39164.75
HLA-B*51:03,SLLFIGPDM,22.09,19.375,36251.51
HLA-B*51:03,LLFIGPDMD,69.091,54.53,43561.25
HLA-B*51:03,LFIGPDMDL,22.24,23.427,37625.4
HLA-B*51:03,FIGPDMDLK,46.0,62.25,44461.71
HLA-B*51:03,IGPDMDLKF,7.61,13.945,33877.07
HLA-B*51:03,GPDMDLKFT,27.204,44.256,42134.41
HLA-B*51:03,PDMDLKFTG,70.714,76.622,45875.46
HLA-B*51:03,DMDLKFTGV,3.378,6.364,27903.76
HLA-B*51:03,MDLKFTGVC,37.211,21.538,37021.68
HLA-B*51:03,DLKFTGVCL,4.971,7.844,29560.57
HLA-B*51:03,LKFTGVCLP,44.818,34.019,40300.9
HLA-B*51:03,KFTGVCLPR,82.5,86.511,46782.7
HLA-B*51:03,FTGVCLPRL,16.929,12.162,32861.15
HLA-B*51:03,TGVCLPRLI,3.502,1.195,15515.04
HLA-B*51:03,GVCLPRLIA,39.706,51.586,43182.55
HLA-B*51:03,VCLPRLIAT,22.05,39.62,41378.13
HLA-B*51:03,CLPRLIATE,69.545,57.236,43886.73
HLA-B*51:03,LPRLIATEE,8.814,12.421,33014.41
HLA-B*51:03,PRLIATEES,80.0,95.128,47737.87
HLA-B*51:03,RLIATEESF,13.551,30.639,39559.13
HLA-B*51:03,LIATEESFT,64.286,71.091,45361.14
HLA-B*51:03,IATEESFTR,15.302,40.524,41532.88
HLA-B*51:03,ATEESFTRP,22.82,51.145,43126.05
HLA-B*51:03,TEESFTRPG,53.704,46.502,42477.25
HLA-B*51:03,EESFTRPGI,2.639,4.37,25015.15
HLA-B*51:03,ESFTRPGIA,4.331,3.944,24199.19
HLA-B*51:03,SFTRPGIAK,43.727,75.808,45802.53
HLA-B*51:03,FTRPGIAKR,20.74,42.708,41892.59
HLA-B*51:03,TRPGIAKRC,41.75,83.746,46522.24
HLA-B*51:03,RPGIAKRCH,44.545,78.361,46031.58
HLA-B*51:03,PGIAKRCHT,73.571,91.322,47267.08
HLA-B*51:03,GIAKRCHTA,27.259,50.802,43082.21
HLA-B*51:03,IAKRCHTAE,29.0,51.813,43211.52
HLA-B*51:03,AKRCHTAED,95.0,94.881,47666.65
HLA-B*51:03,KRCHTAEDF,63.571,83.828,46529.8
HLA-B*51:03,RCHTAEDFF,46.667,58.092,43988.49
HLA-B*51:03,CHTAEDFFL,30.0,16.13,34923.24
HLA-B*51:03,HTAEDFFLV,1.958,1.634,17672.98
HLA-B*51:03,TAEDFFLVF,0.859,2.391,20483.03
HLA-B*51:03,AEDFFLVFS,35.833,54.694,43582.46
HLA-B*51:03,EDFFLVFSG,42.615,18.932,36085.57
HLA-B*51:03,DFFLVFSGE,34.731,43.976,42090.23
HLA-B*51:03,FFLVFSGEI,12.882,3.931,24172.49
HLA-B*51:03,FLVFSGEIL,22.12,16.369,35029.95
HLA-B*51:03,LVFSGEILA,9.142,6.04,27492.3
HLA-B*51:03,VFSGEILAA,27.574,37.749,41038.84
HLA-B*51:03,FSGEILAAA,6.978,7.788,29505.93
HLA-B*51:03,SGEILAAAE,63.571,73.189,45558.86
HLA-B*51:03,GEILAAAEG,72.143,62.496,44488.67
HLA-B*51:03,EILAAAEGN,62.143,70.209,45278.26
HLA-B*51:03,ILAAAEGNP,61.429,64.055,44659.88
HLA-B*51:03,LAAAEGNPV,3.598,2.02,19320.15
HLA-B*51:03,AAAEGNPVR,34.0,70.292,45286.11
HLA-B*51:03,AAEGNPVRD,57.0,88.242,46949.54
HLA-B*51:03,AEGNPVRDN,86.667,95.278,47806.11
HLA-B*51:03,EGNPVRDNG,45.7,54.606,43571.16
HLA-B*51:03,GNPVRDNGG,97.5,97.734,48934.93
HLA-B*51:03,NPVRDNGGD,68.636,63.598,44609.65
HLA-B*51:03,PVRDNGGDY,58.25,84.053,46550.45
HLA-B*51:03,VRDNGGDYK,69.091,92.141,47358.71
HLA-B*51:03,RDNGGDYKG,82.5,94.369,47608.93
HLA-B*51:03,DNGGDYKGF,16.769,41.48,41690.91
HLA-B*51:03,NGGDYKGFI,10.79,11.216,32244.11
HLA-B*51:03,GGDYKGFIG,81.25,84.441,46586.22
HLA-B*51:03,GDYKGFIGN,82.5,86.389,46771.09
HLA-B*51:03,DYKGFIGNC,27.648,43.36,41996.06
HLA-B*51:03,YKGFIGNCG,72.857,62.386,44476.62
HLA-B*51:03,KGFIGNCGT,63.571,67.603,45020.83
HLA-B*51:03,GFIGNCGTT,83.75,84.775,46617.0
HLA-B*51:03,FIGNCGTTK,67.273,68.755,45134.96
HLA-B*51:03,IGNCGTTKM,6.573,18.405,35884.28
HLA-B*51:03,GNCGTTKMP,74.286,92.653,47416.16
HLA-B*51:03,NCGTTKMPV,15.985,17.511,35525.39
HLA-B*51:03,CGTTKMPVE,74.286,68.509,45110.55
HLA-B*51:03,GTTKMPVEG,55.75,80.137,46191.71
HLA-B*51:03,TTKMPVEGM,10.846,24.877,38065.57
HLA-B*51:03,TKMPVEGME,52.593,79.646,46147.26
HLA-B*51:03,KMPVEGMEI,10.001,16.241,34972.78
HLA-B*51:03,MPVEGMEIR,7.817,16.591,35129.02
HLA-B*51:03,PVEGMEIRV,26.383,50.314,43019.8
HLA-B*51:03,VEGMEIRVK,56.75,76.711,45883.38
HLA-B*51:03,EGMEIRVKD,22.52,31.305,39713.52
HLA-B*51:03,GMEIRVKDI,39.353,49.545,42917.05
HLA-B*51:03,MEIRVKDIE,56.0,58.2,44001.34
HLA-B*51:03,EIRVKDIEP,21.298,34.027,40302.64
HLA-B*51:03,IRVKDIEPN,91.667,89.347,47056.33
HLA-B*51:03,RVKDIEPNR,38.611,86.426,46774.62
HLA-B*51:03,VKDIEPNRT,51.111,90.764,47204.75
HLA-B*51:03,KDIEPNRTM,9.48,37.333,40959.86
HLA-B*51:03,DIEPNRTMM,7.317,19.775,36400.86
HLA-B*51:03,IEPNRTMMG,46.0,64.591,44718.85
HLA-B*51:03,EPNRTMMGK,11.938,21.346,36958.04
HLA-B*51:03,PNRTMMGKI,44.909,45.321,42301.15
HLA-B*51:03,NRTMMGKIL,29.136,39.833,41415.32
HLA-B*51:03,RTMMGKILE,53.704,56.456,43794.25
HLA-B*51:03,TMMGKILEN,46.556,36.209,40743.3
HLA-B*51:03,MMGKILEND,90.0,56.176,43761.08
HLA-B*51:03,MGKILENDQ,58.75,79.408,46125.81
HLA-B*51:03,GKILENDQV,41.0,54.041,43498.14
HLA-B*51:03,KILENDQVT,44.545,72.239,45469.25
HLA-B*51:03,ILENDQVTG,69.091,78.045,46003.18
HLA-B*51:03,LENDQVTGG,44.182,69.626,45221.47
HLA-B*51:03,ENDQVTGGE,63.929,86.995,46829.31
HLA-B*51:03,NDQVTGGEI,9.758,10.752,31921.28
HLA-B*51:03,DQVTGGEIE,48.5,73.116,45551.96
HLA-B*51:03,QVTGGEIEV,10.166,25.871,38345.84
HLA-B*51:03,VTGGEIEVI,10.629,17.02,35321.11
HLA-B*51:03,TGGEIEVIQ,59.0,87.679,46895.22
HLA-B*51:03,GGEIEVIQS,60.714,93.756,47539.95
HLA-B*51:03,GEIEVIQSN,39.941,60.07,44223.75
HLA-B*51:03,EIEVIQSNE,39.059,77.021,45911.21
HLA-B*51:03,IEVIQSNEE,48.875,77.647,45967.35
HLA-B*51:03,EVIQSNEEP,13.104,28.681,39090.67
HLA-B*51:03,VIQSNEEPE,82.5,92.287,47375.11
HLA-B*51:03,IQSNEEPEP,44.364,74.609,45693.16
HLA-B*51:03,QSNEEPEPV,4.529,13.513,33639.64
HLA-B*51:03,SNEEPEPVP,32.806,65.851,44847.74
HLA-B*51:03,NEEPEPVPR,36.476,84.589,46599.84
HLA-B*51:03,EEPEPVPRL,0.548,6.381,27924.28
HLA-B*51:03,EPEPVPRLK,3.893,20.105,36522.76
HLA-B*51:03,PEPVPRLKC,47.5,86.9,46820.19
HLA-B*51:03,EPVPRLKCA,0.545,1.384,16488.27
HLA-B*51:03,PVPRLKCAS,85.0,94.048,47572.89
HLA-B*51:03,VPRLKCASG,19.919,12.664,33159.04
HLA-B*51:03,PRLKCASGA,80.0,88.616,46985.62
HLA-B*51:03,RLKCASGAE,88.333,87.642,46891.68
HLA-B*51:03,LKCASGAEG,90.0,81.051,46275.26
HLA-B*51:03,KCASGAEGG,95.0,96.205,48229.02
HLA-B*51:03,CASGAEGGE,79.167,75.133,45742.13
HLA-B*51:03,ASGAEGGEH,65.0,94.474,47620.78
HLA-B*51:03,SGAEGGEHK,45.5,80.493,46224.23
HLA-B*51:03,GAEGGEHKN,83.75,95.943,48109.14
HLA-B*51:03,AEGGEHKNL,23.276,63.207,44566.72
HLA-B*51:03,EGGEHKNLV,2.613,5.997,27438.81
HLA-B*51:03,GGEHKNLVM,33.393,65.271,44790.51
HLA-B*51:03,GEHKNLVMS,54.444,75.105,45739.65
HLA-B*51:03,EHKNLVMSA,5.846,13.93,33868.27
HLA-B*51:03,HKNLVMSAP,33.5,49.316,42885.48
HLA-B*51:03,KNLVMSAPT,82.5,51.251,43139.6
HLA-B*51:03,NLVMSAPTF,5.155,6.733,28355.41
HLA-B*51:03,LVMSAPTFS,35.667,22.092,37204.38
HLA-B*51:03,VMSAPTFSH,28.061,44.888,42234.83
HLA-B*51:03,MSAPTFSHD,27.722,11.994,32761.04
HLA-B*51:03,SAPTFSHDE,34.962,52.567,43308.41
HLA-B*51:03,APTFSHDEE,42.846,58.004,43977.99
HLA-B*51:03,PTFSHDEES,60.357,70.391,45295.43
HLA-B*51:03,TFSHDEESV,25.284,38.242,41130.86
HLA-B*51:03,FSHDEESVF,3.339,7.098,28785.08
HLA-B*51:03,SHDEESVFS,36.714,69.69,45227.83
HLA-B*51:03,HDEESVFSK,48.625,83.341,46485.03
HLA-B*51:03,DEESVFSKD,38.944,53.14,43382.04
HLA-B*51:03,EESVFSKDA,16.396,27.5,38783.96
HLA-B*51:03,ESVFSKDAT,27.019,37.543,40999.77
HLA-B*51:03,SVFSKDATV,1.344,2.32,20254.71
HLA-B*51:03,VFSKDATVA,41.333,48.227,42731.71
HLA-B*51:03,FSKDATVAD,41.583,47.734,42659.65
HLA-B*51:03,SKDATVADA,34.192,58.544,44042.28
HLA-B*51:03,KDATVADAE,82.5,95.458,47887.91
HLA-B*51:03,DATVADAES,20.154,22.873,37450.76
HLA-B*51:03,ATVADAESA,24.104,38.976,41265.91
HLA-B*51:03,TVADAESAT,32.774,61.151,44341.61
HLA-B*51:03,VADAESATG,31.794,34.186,40335.38
HLA-B*51:03,ADAESATGC,41.25,80.696,46242.71
HLA-B*51:03,DAESATGCQ,46.667,60.11,44228.06
HLA-B*51:03,AESATGCQM,16.164,32.677,40019.76
HLA-B*51:03,ESATGCQMS,38.167,49.62,42927.27
HLA-B*51:03,SATGCQMSA,16.578,12.5,33061.24
HLA-B*51:03,ATGCQMSAV,16.213,18.93,36084.8
HLA-B*51:03,TGCQMSAVS,72.857,50.171,43001.66
HLA-B*51:03,GCQMSAVSA,43.364,53.731,43458.15
HLA-B*51:03,CQMSAVSAT,32.29,14.2,34004.49
HLA-B*51:03,QMSAVSATI,4.814,3.232,22680.56
HLA-B*51:03,MSAVSATIE,43.455,36.75,40848.33
HLA-B*51:03,SAVSATIEQ,29.136,53.023,43367.02
HLA-B*51:03,AVSATIEQG,63.571,74.937,45724.32
HLA-B*51:03,VSATIEQGD,76.667,70.569,45312.09
HLA-B*51:03,SATIEQGDQ,80.0,92.768,47428.98
HLA-B*51:03,ATIEQGDQT,24.974,52.768,43334.2
HLA-B*51:03,TIEQGDQTL,14.576,40.056,41453.88
HLA-B*51:03,IEQGDQTLA,16.351,35.464,40595.88
HLA-B*51:03,EQGDQTLAV,2.49,7.212,28910.88
HLA-B*51:03,QGDQTLAVD,82.5,74.269,45661.02
HLA-B*51:03,GDQTLAVDR,85.0,96.686,48450.24
HLA-B*51:03,DQTLAVDRS,32.387,48.338,42747.45
HLA-B*51:03,QTLAVDRSN,57.75,61.182,44344.96
HLA-B*51:03,TLAVDRSNR,60.357,83.877,46534.34
HLA-B*51:03,LAVDRSNRV,0.53,1.061,14708.65
HLA-B*51:03,AVDRSNRVQ,75.0,95.541,47925.73
HLA-B*51:03,VDRSNRVQI,10.959,17.464,35505.81
HLA-B*51:03,DRSNRVQIT,34.346,64.723,44733.39
HLA-B*51:03,RSNRVQITG,40.438,42.518,41860.86
HLA-B*51:03,SNRVQITGP,39.765,55.816,43718.48
HLA-B*51:03,NRVQITGPL,34.346,28.456,39034.46
HLA-B*51:03,RVQITGPLI,4.443,4.824,25771.75
HLA-B*51:03,VQITGPLIY,14.061,24.82,38048.69
HLA-B*51:03,QITGPLIYI,3.56,8.054,29759.54
HLA-B*51:03,ITGPLIYIY,8.971,11.475,32415.16
HLA-B*51:03,TGPLIYIYE,39.0,47.372,42605.68
HLA-B*51:03,GPLIYIYED,45.2,24.822,38049.11
HLA-B*51:03,PLIYIYEDD,100.0,95.526,47918.99
HLA-B*51:03,LIYIYEDDE,80.0,83.143,46466.92
HLA-B*51:03,IYIYEDDEL,25.881,40.069,41456.1
HLA-B*51:03,YIYEDDELE,46.333,58.852,44078.99
HLA-B*51:03,IYEDDELEV,9.914,30.936,39628.97
HLA-B*51:03,YEDDELEVE,40.75,80.088,46187.21
HLA-B*51:03,EDDELEVER,37.895,90.297,47152.66
HLA-B*51:03,DDELEVERM,14.328,42.104,41792.07
HLA-B*51:03,DELEVERMV,1.065,2.909,21895.22
HLA-B*51:03,ELEVERMVG,55.25,65.074,44771.14
HLA-B*51:03,LEVERMVGN,51.296,58.256,44007.98
HLA-B*51:03,EVERMVGNS,64.643,64.2,44675.81
HLA-B*51:03,VERMVGNSR,39.353,66.27,44889.01
HLA-B*51:03,ERMVGNSRG,56.75,69.208,45179.9
HLA-B*51:03,RMVGNSRGV,24.013,29.288,39238.98
HLA-B*51:03,MVGNSRGVE,83.75,81.736,46337.88
HLA-B*51:03,VGNSRGVEN,66.364,78.173,46014.63
HLA-B*51:03,GNSRGVENR,77.5,96.997,48593.55
HLA-B*51:03,NSRGVENRK,36.238,62.324,44469.88
HLA-B*51:03,SRGVENRKP,71.429,89.558,47076.7
HLA-B*51:03,RGVENRKPR,59.5,89.332,47054.82
HLA-B*51:03,GVENRKPRD,97.5,97.532,48841.32
HLA-B*51:03,VENRKPRDE,68.636,94.744,47651.19
HLA-B*51:03,ENRKPRDEP,35.167,53.986,43491.1
HLA-B*51:03,NRKPRDEPD,91.667,95.642,47971.93
HLA-B*51:03,RKPRDEPDK,95.0,97.849,48988.45
HLA-B*51:03,KPRDEPDKN,48.625,79.419,46126.79
HLA-B*51:03,PRDEPDKNV,26.583,82.191,46379.53
HLA-B*51:03,RDEPDKNVK,75.833,96.799,48502.16
HLA-B*51:03,DEPDKNVKC,12.757,53.388,43413.98
HLA-B*51:03,EPDKNVKCK,13.773,38.332,41147.31
HLA-B*51:03,PDKNVKCKR,90.0,97.389,48774.78
HLA-B*51:03,DKNVKCKRK,68.182,95.288,47810.77
HLA-B*51:03,KNVKCKRKR,85.0,96.47,48350.76
HLA-B*51:03,NVKCKRKRE,78.333,95.106,47728.08
HLA-B*51:03,VKCKRKRED,97.5,97.199,48686.72
HLA-B*51:03,KCKRKREDD,100.0,98.548,49314.97
HLA-B*51:03,CKRKREDDL,61.786,67.116,44972.63
HLA-B*51:03,KRKREDDLN,97.5,97.109,48645.14
HLA-B*51:03,RKREDDLNK,75.833,94.982,47678.0
HLA-B*51:03,KREDDLNKP,62.143,95.72,48007.21
HLA-B*51:03,REDDLNKPD,54.63,88.153,46940.91
HLA-B*51:03,EDDLNKPDP,40.562,78.66,46058.48
HLA-B*51:03,DDLNKPDPQ,59.5,92.493,47398.18
HLA-B*51:03,DLNKPDPQM,3.095,13.472,33617.09
HLA-B*51:03,LNKPDPQMR,38.889,86.095,46742.74
HLA-B*51:03,NKPDPQMRS,36.19,81.156,46284.78
HLA-B*51:03,KPDPQMRST,4.0,19.297,36222.09
HLA-B*51:03,PDPQMRSTH,74.286,96.789,48497.44
HLA-B*51:03,DPQMRSTHN,18.25,23.193,37551.78
HLA-B*51:03,PQMRSTHNS,70.0,74.045,45639.79
HLA-B*51:03,QMRSTHNSI,3.816,5.373,26585.46
HLA-B*51:03,MRSTHNSIL,21.351,26.016,38386.12
HLA-B*51:03,RSTHNSILS,63.571,58.644,44054.21
HLA-B*51:03,STHNSILSN,48.75,54.956,43616.43
HLA-B*51:03,THNSILSNK,47.625,59.36,44139.61
HLA-B*51:03,HNSILSNKI,2.867,5.855,27246.5
HLA-B*51:03,NSILSNKIV,1.722,2.171,19784.48
HLA-B*51:03,SILSNKIVL,9.176,21.51,37012.47
HLA-B*51:03,ILSNKIVLE,47.5,70.407,45296.89
HLA-B*51:03,LSNKIVLEL,1.961,3.435,23165.68
HLA-B*51:03,SNKIVLELA,16.502,24.411,37927.86
HLA-B*51:03,NKIVLELAE,66.818,75.293,45756.47
HLA-B*51:03,KIVLELAEP,42.462,60.255,44243.83
HLA-B*51:03,IVLELAEPC,32.935,27.353,38743.71
HLA-B*51:03,VLELAEPCL,27.407,32.204,39916.84
HLA-B*51:03,LELAEPCLA,27.037,21.561,37029.3
HLA-B*51:03,ELAEPCLAD,44.818,52.436,43291.55
HLA-B*51:03,LAEPCLADA,26.683,19.891,36444.22
HLA-B*51:03,AEPCLADAL,25.194,35.033,40510.33
HLA-B*51:03,EPCLADALI,0.412,0.214,6308.35
HLA-B*51:03,PCLADALIA,65.0,67.653,45025.71
HLA-B*51:03,CLADALIAE,59.75,70.136,45271.43
HLA-B*51:03,LADALIAEL,1.222,2.648,21214.51
HLA-B*51:03,ADALIAELD,83.75,77.708,45972.84
HLA-B*51:03,DALIAELDF,1.479,1.675,17859.24
HLA-B*51:03,ALIAELDFI,14.115,17.023,35322.25
HLA-B*51:03,LIAELDFIG,61.071,31.228,39695.91
HLA-B*51:03,IAELDFIGS,44.182,44.977,42248.99
HLA-B*51:03,AELDFIGSP,16.2,30.168,39448.84
HLA-B*51:03,ELDFIGSPA,24.481,19.287,36218.56
HLA-B*51:03,LDFIGSPAQ,52.963,64.561,44715.47
HLA-B*51:03,DFIGSPAQV,2.547,5.318,26506.19
HLA-B*51:03,FIGSPAQVG,40.062,44.891,42235.29
HLA-B*51:03,IGSPAQVGA,13.802,27.101,38675.02
HLA-B*51:03,GSPAQVGAV,16.138,28.09,38943.34
HLA-B*51:03,SPAQVGAVE,10.878,17.078,35345.2
HLA-B*51:03,PAQVGAVEA,15.687,32.438,39967.84
HLA-B*51:03,AQVGAVEAG,70.714,77.558,45959.41
HLA-B*51:03,QVGAVEAGY,37.0,55.416,43671.23
HLA-B*51:03,VGAVEAGYK,67.727,68.681,45127.63
HLA-B*51:03,GAVEAGYKP,16.453,30.922,39625.52
HLA-B*51:03,AVEAGYKPC,61.786,77.636,45966.37
HLA-B*51:03,VEAGYKPCG,64.286,64.055,44659.88
HLA-B*51:03,EAGYKPCGE,50.741,72.85,45526.85
HLA-B*51:03,AGYKPCGEV,5.872,6.478,28048.75
HLA-B*51:03,GYKPCGEVD,97.5,96.181,48218.05
HLA-B*51:03,YKPCGEVDT,81.25,90.823,47211.39
HLA-B*51:03,KPCGEVDTF,3.26,12.656,33154.01
HLA-B*51:03,PCGEVDTFT,88.333,96.193,48223.8
HLA-B*51:03,CGEVDTFTR,54.815,75.908,45811.45
HLA-B*51:03,GEVDTFTRL,6.691,24.889,38068.86
HLA-B*51:03,EVDTFTRLR,11.066,44.784,42218.38
HLA-B*51:03,VDTFTRLRK,65.455,77.602,45963.38
HLA-B*51:03,DTFTRLRKL,0.375,1.13,15113.09
HLA-B*51:03,TFTRLRKLA,42.385,52.042,43240.99
HLA-B*51:03,FTRLRKLAA,6.672,7.851,29566.65
HLA-B*51:03,TRLRKLAAT,43.182,62.509,44490.1
HLA-B*51:03,RLRKLAATQ,68.182,78.992,46088.37
HLA-B*51:03,LRKLAATQL,14.207,34.793,40460.82
HLA-B*51:03,RKLAATQLQ,77.5,91.29,47263.51
HLA-B*51:03,KLAATQLQN,76.667,83.346,46485.54
HLA-B*51:03,LAATQLQNG,29.159,30.473,39520.2
HLA-B*51:03,AATQLQNGI,2.901,5.762,27121.2
HLA-B*51:03,ATQLQNGIS,78.333,78.383,46033.57
HLA-B*51:03,TQLQNGIST,15.201,32.288,39934.99
HLA-B*51:03,QLQNGISTS,41.5,70.731,45327.28
HLA-B*51:03,LQNGISTSI,2.063,3.036,22220.75
HLA-B*51:03,QNGISTSIL,22.23,41.975,41770.84
HLA-B*51:03,NGISTSILL,1.912,2.663,21253.33
HLA-B*51:03,GISTSILLG,57.25,68.15,45074.93
HLA-B*51:03,ISTSILLGS,38.278,29.03,39177.46
HLA-B*51:03,STSILLGSL,11.015,13.248,33494.73
HLA-B*51:03,TSILLGSLR,29.75,40.383,41509.07
HLA-B*51:03,SILLGSLRV,5.282,5.823,27202.9
HLA-B*51:03,ILLGSLRVV,4.838,6.395,27942.42
HLA-B*51:03,LLGSLRVVS,58.75,59.788,44190.74
HLA-B*51:03,LGSLRVVSP,13.19,21.546,37024.48
HLA-B*51:03,GSLRVVSPG,80.0,44.02,42097.07
HLA-B*51:03,SLRVVSPGK,40.438,58.592,44048.02
HLA-B*51:03,LRVVSPGKG,72.143,84.754,46614.95
HLA-B*51:03,RVVSPGKGF,18.957,42.316,41827.37
HLA-B*51:03,VVSPGKGFN,51.111,77.309,45937.04
HLA-B*51:03,VSPGKGFNR,28.98,70.287,45285.62
HLA-B*51:03,SPGKGFNRR,12.847,49.66,42932.86
HLA-B*51:03,PGKGFNRRG,91.667,95.158,47751.82
HLA-B*51:03,GKGFNRRGW,72.857,88.732,46996.8
HLA-B*51:03,KGFNRRGWF,29.977,32.625,40008.51
HLA-B*51:03,GFNRRGWFG,91.667,86.347,46767.02
HLA-B*51:03,FNRRGWFGK,53.704,57.696,43941.39
HLA-B*51:03,NRRGWFGKM,34.538,40.737,41568.84
HLA-B*51:03,RRGWFGKME,88.333,95.663,47981.27
HLA-B*51:03,RGWFGKMEK,44.727,50.729,43072.91
HLA-B*51:03,GWFGKMEKD,90.0,95.816,48051.41
HLA-B*51:03,WFGKMEKDE,97.5,96.458,48344.99
HLA-B*51:03,FGKMEKDES,66.818,70.783,45332.2
HLA-B*51:03,GKMEKDESG,75.0,91.985,47341.3
HLA-B*51:03,KMEKDESGR,86.667,97.05,48617.75
HLA-B*51:03,MEKDESGRW,7.455,19.34,36238.16
HLA-B*51:03,EKDESGRWN,60.0,89.416,47062.95
HLA-B*51:03,KDESGRWNK,75.833,96.004,48137.26
HLA-B*51:03,DESGRWNKK,31.088,64.055,44659.88
HLA-B*51:03,ESGRWNKKL,6.906,22.849,37443.05
HLA-B*51:03,SGRWNKKLS,69.091,74.504,45683.26
HLA-B*51:03,GRWNKKLSL,10.786,37.513,40994.0
HLA-B*51:03,RWNKKLSLL,26.717,48.945,42834.02
HLA-B*51:03,WNKKLSLLV,5.215,3.826,23964.42
HLA-B*51:03,NKKLSLLVV,4.63,8.929,30535.5
HLA-B*51:03,KKLSLLVVE,77.5,90.05,47125.12
HLA-B*51:03,KLSLLVVEL,14.373,33.716,40238.16
HLA-B*51:03,LSLLVVELT,18.963,12.888,33292.77
HLA-B*51:03,SLLVVELTQ,42.154,65.079,44771.62
HLA-B*51:03,LLVVELTQH,40.25,76.185,45836.24
HLA-B*51:03,LVVELTQHL,1.882,4.595,25413.71
HLA-B*51:03,VVELTQHLM,5.542,12.118,32834.86
HLA-B*51:03,VELTQHLMD,65.909,54.785,43594.27
HLA-B*51:03,ELTQHLMDY,20.919,31.793,39824.96
HLA-B*51:03,LTQHLMDYF,18.402,14.087,33949.36
HLA-B*51:03,TQHLMDYFL,7.528,9.466,30990.15
HLA-B*51:03,QHLMDYFLQ,62.143,66.693,44930.8
HLA-B*51:03,HLMDYFLQD,42.462,31.315,39715.65
HLA-B*51:03,LMDYFLQDP,66.364,51.302,43146.14
HLA-B*51:03,MDYFLQDPV,12.248,1.397,16559.97
HLA-B*51:03,DYFLQDPVT,15.537,18.741,36012.64
HLA-B*51:03,YFLQDPVTG,36.952,38.937,41258.78
HLA-B*51:03,FLQDPVTGA,13.425,22.507,37335.03
HLA-B*51:03,LQDPVTGAD,50.37,62.017,44436.22
HLA-B*51:03,QDPVTGADF,28.0,56.292,43774.82
HLA-B*51:03,DPVTGADFE,23.874,34.123,40322.27
HLA-B*51:03,PVTGADFEY,39.882,72.787,45520.92
HLA-B*51:03,VTGADFEYK,46.778,67.51,45011.57
HLA-B*51:03,TGADFEYKL,3.325,13.015,33367.76
HLA-B*51:03,GADFEYKLW,11.079,24.968,38092.37
HLA-B*51:03,ADFEYKLWE,61.786,75.963,45816.41
HLA-B*51:03,DFEYKLWEV,4.897,9.56,31062.34
HLA-B*51:03,FEYKLWEVE,26.583,35.071,40517.77
HLA-B*51:03,EYKLWEVEF,7.722,21.368,36965.24
HLA-B*51:03,YKLWEVEFV,14.901,12.706,33184.15
HLA-B*51:03,KLWEVEFVV,8.917,9.888,31298.5
HLA-B*51:03,LWEVEFVVF,27.296,38.501,41178.5
HLA-B*51:03,WEVEFVVFA,14.796,14.408,34105.82
HLA-B*51:03,EVEFVVFAA,10.762,10.592,31805.44
HLA-B*51:03,VEFVVFAAA,13.827,11.539,32457.98
HLA-B*51:03,EFVVFAAAG,59.25,43.312,41988.77
HLA-B*51:03,FVVFAAAGG,77.5,35.468,40596.77
HLA-B*51:03,VVFAAAGGE,66.818,60.202,44238.1
HLA-B*51:03,VFAAAGGEE,78.333,86.332,46765.51
HLA-B*51:03,FAAAGGEEI,1.07,1.055,14671.14
HLA-B*51:03,AAAGGEEIR,56.25,91.528,47290.1
HLA-B*51:03,AAGGEEIRT,43.727,82.442,46402.6
HLA-B*51:03,AGGEEIRTS,52.407,79.208,46107.84
HLA-B*51:03,GGEEIRTSF,16.058,46.389,42460.71
HLA-B*51:03,GEEIRTSFT,59.25,81.769,46340.9
HLA-B*51:03,EEIRTSFTD,46.444,33.255,40142.93
HLA-B*51:03,EIRTSFTDV,4.315,5.821,27199.67
HLA-B*51:03,IRTSFTDVF,19.851,29.751,39349.95
HLA-B*51:03,RTSFTDVFY,26.933,37.593,41009.11
HLA-B*51:03,TSFTDVFYL,2.827,2.556,20980.09
HLA-B*51:03,SFTDVFYLL,4.986,10.649,31846.41
HLA-B*51:03,FTDVFYLLV,3.448,1.99,19218.2
HLA-B*51:03,TDVFYLLVP,32.032,29.874,39379.35
HLA-B*51:03,DVFYLLVPQ,34.269,26.835,38603.52
HLA-B*51:03,VFYLLVPQD,45.4,59.94,44208.92
HLA-B*51:03,FYLLVPQDI,5.932,3.825,23962.34
HLA-B*51:03,YLLVPQDIA,27.611,20.447,36645.06
HLA-B*51:03,LLVPQDIAE,44.727,69.744,45233.22
HLA-B*51:03,LVPQDIAET,30.973,52.371,43283.12
HLA-B*51:03,VPQDIAETC,0.889,3.801,23913.65
HLA-B*51:03,PQDIAETCA,71.429,84.962,46634.14
HLA-B*51:03,QDIAETCAA,30.73,39.265,41316.4
HLA-B*51:03,DIAETCAAK,26.0,41.534,41699.49
HLA-B*51:03,IAETCAAKI,2.907,1.87,18704.91
HLA-B*51:03,AETCAAKID,93.333,79.031,46091.88
HLA-B*51:03,ETCAAKIDL,15.284,26.947,38633.21
HLA-B*51:03,TCAAKIDLL,10.195,23.375,37609.12
HLA-B*51:03,CAAKIDLLD,61.786,18.014,35735.5
HLA-B*51:03,AAKIDLLDS,47.5,59.88,44201.74
HLA-B*51:03,AKIDLLDSS,57.0,77.06,45914.67
HLA-B*51:03,KIDLLDSSS,55.75,84.179,46562.04
HLA-B*51:03,IDLLDSSSR,53.704,80.602,46234.21
HLA-B*51:03,DLLDSSSRS,29.477,42.229,41812.89
HLA-B*51:03,LLDSSSRSR,40.062,70.861,45339.56
HLA-B*51:03,LDSSSRSRQ,78.333,92.104,47354.61
HLA-B*51:03,DSSSRSRQS,19.196,39.249,41313.71
HLA-B*51:03,SSSRSRQSI,3.249,7.063,28746.17
HLA-B*51:03,SSRSRQSIL,9.014,18.679,35988.87
HLA-B*51:03,SRSRQSILA,38.333,45.373,42308.92
HLA-B*51:03,RSRQSILAS,40.875,43.756,42056.52
HLA-B*51:03,SRQSILASS,51.852,64.49,44707.75
HLA-B*51:03,RQSILASSE,65.0,79.535,46137.29
HLA-B*51:03,QSILASSEG,42.385,31.776,39821.09
HLA-B*51:03,SILASSEGK,59.0,73.241,45563.8
HLA-B*51:03,ILASSEGKE,88.333,92.795,47432.07
HLA-B*51:03,LASSEGKEV,1.845,3.827,23965.45
HLA-B*51:03,ASSEGKEVL,10.71,41.715,41728.81
HLA-B*51:03,SSEGKEVLL,13.002,39.123,41291.82
HLA-B*51:03,SEGKEVLLE,57.75,75.847,45806.01
HLA-B*51:03,EGKEVLLEG,15.869,21.291,36939.67
HLA-B*51:03,GKEVLLEGG,95.0,96.674,48444.49
HLA-B*51:03,KEVLLEGGQ,83.75,95.525,47918.5
HLA-B*51:03,EVLLEGGQL,7.476,12.714,33188.82
HLA-B*51:03,VLLEGGQLV,5.076,5.17,26292.53
HLA-B*51:03,LLEGGQLVK,51.667,75.936,45813.93
HLA-B*51:03,LEGGQLVKV,7.179,13.82,33808.21
HLA-B*51:03,EGGQLVKVE,46.222,71.947,45441.7
HLA-B*51:03,GGQLVKVEL,11.949,41.841,41749.13
HLA-B*51:03,GQLVKVELV,12.965,21.554,37026.89
HLA-B*51:03,QLVKVELVS,45.4,59.976,44213.23
HLA-B*51:03,LVKVELVSV,2.026,3.926,24163.07
HLA-B*51:03,VKVELVSVK,52.407,76.667,45879.42
HLA-B*51:03,KVELVSVKS,51.111,81.188,46287.77
HLA-B*51:03,VELVSVKSL,2.727,12.182,32872.89
HLA-B*51:03,ELVSVKSLK,33.464,47.486,42622.75
HLA-B*51:03,LVSVKSLKI,2.997,3.172,22538.44
HLA-B*51:03,VSVKSLKIM,7.104,15.146,34464.55
HLA-B*51:03,SVKSLKIME,48.5,80.022,46181.23
HLA-B*51:03,VKSLKIMEA,17.58,32.238,39924.2
HLA-B*51:03,KSLKIMEAT,30.432,47.025,42554.08
HLA-B*51:03,SLKIMEATS,39.706,58.072,43986.11
HLA-B*51:03,LKIMEATSF,15.504,22.023,37182.64
HLA-B*51:03,KIMEATSFL,10.35,13.352,33551.68
HLA-B*51:03,IMEATSFLI,10.346,1.817,18465.62
HLA-B*51:03,MEATSFLID,63.214,23.745,37726.09
HLA-B*51:03,EATSFLIDC,7.488,12.321,32954.8
HLA-B*51:03,ATSFLIDCL,18.335,23.884,37770.2
HLA-B*51:03,TSFLIDCLL,6.18,2.294,20172.05
HLA-B*51:03,SFLIDCLLE,72.143,78.688,46060.98
HLA-B*51:03,FLIDCLLEG,48.875,29.048,39181.71
HLA-B*51:03,LIDCLLEGI,30.892,11.172,32215.15
HLA-B*51:03,IDCLLEGIF,38.333,31.776,39821.09
HLA-B*51:03,DCLLEGIFD,66.818,60.703,44292.71
HLA-B*51:03,CLLEGIFDN,88.333,63.981,44651.64
HLA-B*51:03,LLEGIFDNA,41.25,40.811,41581.44
HLA-B*51:03,LEGIFDNAQ,61.429,80.805,46252.73
HLA-B*51:03,EGIFDNAQL,5.0,9.783,31222.74
HLA-B*51:03,GIFDNAQLG,48.875,52.093,43247.54
HLA-B*51:03,IFDNAQLGV,9.852,15.973,34852.66
HLA-B*51:03,FDNAQLGVE,71.429,70.376,45293.94
HLA-B*51:03,DNAQLGVES,22.36,33.522,40198.14
HLA-B*51:03,NAQLGVESD,28.204,38.668,41209.24
HLA-B*51:03,AQLGVESDG,83.75,90.082,47128.71
HLA-B*51:03,QLGVESDGP,78.333,91.816,47322.34
HLA-B*51:03,LGVESDGPT,70.714,51.747,43203.11
HLA-B*51:03,GVESDGPTL,23.517,50.182,43003.05
HLA-B*51:03,VESDGPTLY,6.645,32.393,39957.89
HLA-B*51:03,ESDGPTLYV,0.898,3.515,23352.92
HLA-B*51:03,SDGPTLYVR,52.407,86.395,46771.57
HLA-B*51:03,DGPTLYVRR,12.944,46.361,42456.57
HLA-B*51:03,GPTLYVRRL,1.429,5.486,26749.92
HLA-B*51:03,PTLYVRRLL,23.0,28.425,39026.86
HLA-B*51:03,TLYVRRLLH,25.776,28.475,39039.1
HLA-B*51:03,LYVRRLLHD,86.667,77.746,45976.3
HLA-B*51:03,YVRRLLHDS,35.458,42.144,41798.87
HLA-B*51:03,VRRLLHDSR,68.636,88.389,46963.77
HLA-B*51:03,RRLLHDSRL,29.341,48.821,42816.42
HLA-B*51:03,RLLHDSRLT,68.182,70.068,45265.06
HLA-B*51:03,LLHDSRLTG,40.312,35.508,40604.67
HLA-B*51:03,LHDSRLTGE,53.333,84.173,46561.54
HLA-B*51:03,HDSRLTGEF,17.42,32.244,39925.49
HLA-B*51:03,DSRLTGEFV,0.657,0.73,12336.61
HLA-B*51:03,SRLTGEFVP,51.852,61.142,44340.64
HLA-B*51:03,RLTGEFVPI,24.532,21.083,36870.98
HLA-B*51:03,LTGEFVPIL,3.472,5.359,26565.9
HLA-B*51:03,TGEFVPILG,44.909,35.241,40551.55
HLA-B*51:03,GEFVPILGD,72.143,70.298,45286.61
HLA-B*51:03,EFVPILGDF,7.963,16.463,35072.07
HLA-B*51:03,FVPILGDFL,15.571,15.089,34438.06
HLA-B*51:03,VPILGDFLK,11.912,11.433,32387.11
HLA-B*51:03,PILGDFLKI,10.224,12.428,33018.32
HLA-B*51:03,ILGDFLKIK,54.074,73.716,45608.69
HLA-B*51:03,LGDFLKIKK,37.0,63.919,44644.91
HLA-B*51:03,GDFLKIKKI,5.514,15.874,34805.93
HLA-B*51:03,DFLKIKKIT,28.408,47.176,42576.64
HLA-B*51:03,FLKIKKITY,11.733,27.514,38787.74
HLA-B*51:03,LKIKKITYY,20.894,45.715,42360.69
HLA-B*51:03,KIKKITYYA,19.095,33.554,40204.67
HLA-B*51:03,IKKITYYAM,19.189,27.951,38907.55
HLA-B*51:03,KKITYYAMG,86.667,68.219,45081.76
HLA-B*51:03,KITYYAMGR,73.571,80.997,46270.25
HLA-B*51:03,ITYYAMGRA,19.128,9.588,31082.84
HLA-B*51:03,TYYAMGRAL,8.726,9.665,31137.72
HLA-B*51:03,YYAMGRALV,15.694,10.073,31431.86
HLA-B*51:03,YAMGRALVH,5.195,5.582,26880.19
HLA-B*51:03,AMGRALVHV,18.128,22.703,37396.89
HLA-B*51:03,MGRALVHVF,3.732,3.035,22219.79
HLA-B*51:03,GRALVHVFC,64.286,83.817,46528.82
HLA-B*51:03,RALVHVFCH,32.419,35.227,40548.91
HLA-B*51:03,ALVHVFCHA,31.882,33.185,40128.61
HLA-B*51:03,LVHVFCHAE,45.6,43.065,41951.1
HLA-B*51:03,VHVFCHAEE,75.0,66.442,44906.0
HLA-B*51:03,HVFCHAEEA,9.753,6.477,28047.54
HLA-B*51:03,VFCHAEEAC,72.143,91.148,47247.66
HLA-B*51:03,FCHAEEACE,69.091,83.248,46476.48
HLA-B*51:03,CHAEEACEL,14.182,18.214,35811.36
HLA-B*51:03,HAEEACELT,27.296,38.908,41253.41
HLA-B*51:03,AEEACELTD,85.0,81.884,46351.42
HLA-B*51:03,EEACELTDS,62.5,66.929,44954.13
HLA-B*51:03,EACELTDSY,3.715,8.366,30040.99
HLA-B*51:03,ACELTDSYK,86.667,95.556,47932.5
HLA-B*51:03,CELTDSYKL,13.415,11.374,32348.22
HLA-B*51:03,ELTDSYKLS,35.083,54.398,43544.31
HLA-B*51:03,LTDSYKLSQ,52.037,70.746,45328.77
HLA-B*51:03,TDSYKLSQA,23.333,42.36,41834.6
HLA-B*51:03,DSYKLSQAY,1.062,2.431,20611.54
HLA-B*51:03,SYKLSQAYP,38.444,46.542,42483.23
HLA-B*51:03,YKLSQAYPD,88.333,53.654,43448.29
HLA-B*51:03,KLSQAYPDG,90.0,86.584,46789.79
HLA-B*51:03,LSQAYPDGE,62.143,74.087,45643.74
HLA-B*51:03,SQAYPDGES,58.75,72.009,45447.61
HLA-B*51:03,QAYPDGESA,1.792,3.996,24303.88
HLA-B*51:03,AYPDGESAT,55.5,95.156,47750.8
HLA-B*51:03,YPDGESATG,9.244,11.409,32371.68
HLA-B*51:03,PDGESATGF,42.538,83.642,46512.7
HLA-B*51:03,DGESATGFG,64.286,46.044,42410.22
HLA-B*51:03,GESATGFGK,51.296,77.996,45998.7
HLA-B*51:03,ESATGFGKG,43.182,42.967,41935.68
HLA-B*51:03,SATGFGKGK,39.0,58.812,44074.21
HLA-B*51:03,ATGFGKGKD,95.0,96.479,48354.94
HLA-B*51:03,TGFGKGKDS,51.852,71.681,45416.64
HLA-B*51:03,GFGKGKDSW,51.481,83.204,46472.44
HLA-B*51:03,FGKGKDSWL,12.243,27.514,38787.74
HLA-B*51:03,GKGKDSWLA,54.074,77.442,45948.98
HLA-B*51:03,KGKDSWLAP,26.833,47.486,42622.75
HLA-B*51:03,GKDSWLAPL,32.161,34.918,40486.66
HLA-B*51:03,KDSWLAPLG,80.0,59.02,44099.04
HLA-B*51:03,DSWLAPLGK,14.169,17.095,35352.08
HLA-B*51:03,SWLAPLGKT,57.0,66.924,44953.67
HLA-B*51:03,WLAPLGKTK,33.75,50.584,43054.27
HLA-B*51:03,LAPLGKTKG,40.375,60.945,44319.05
HLA-B*51:03,APLGKTKGL,1.858,13.559,33664.4
HLA-B*51:03,PLGKTKGLQ,97.5,97.208,48690.93
HLA-B*51:03,LGKTKGLQP,16.956,42.343,41831.9
HLA-B*51:03,GKTKGLQPQ,85.0,97.396,48777.96
HLA-B*51:03,KTKGLQPQP,20.268,55.94,43733.15
HLA-B*51:03,TKGLQPQPY,41.417,74.092,45644.24
HLA-B*51:03,KGLQPQPYL,6.89,19.983,36478.93
HLA-B*51:03,GLQPQPYLI,8.693,12.329,32959.44
HLA-B*51:03,LQPQPYLIR,13.541,64.433,44701.43
HLA-B*51:03,QPQPYLIRT,1.399,4.227,24741.13
HLA-B*51:03,PQPYLIRTE,70.0,93.692,47532.75
HLA-B*51:03,QPYLIRTER,6.676,19.955,36468.27
HLA-B*51:03,PYLIRTERN,97.5,96.271,48259.3
HLA-B*51:03,YLIRTERNF,8.62,11.776,32615.33
HLA-B*51:03,LIRTERNFS,75.0,78.427,46037.54
HLA-B*51:03,IRTERNFSM,15.265,28.846,39131.71
HLA-B*51:03,RTERNFSML,13.279,24.185,37861.44
HLA-B*51:03,TERNFSMLG,45.1,27.71,38841.51
HLA-B*51:03,ERNFSMLGT,48.375,57.332,43898.14
HLA-B*51:03,RNFSMLGTL,12.299,11.493,32427.43
HLA-B*51:03,NFSMLGTLG,66.818,41.561,41704.01
HLA-B*51:03,FSMLGTLGD,51.667,16.223,34964.84
HLA-B*51:03,SMLGTLGDI,27.333,10.039,31407.38
HLA-B*51:03,MLGTLGDIS,71.429,58.6,44048.95
HLA-B*51:03,LGTLGDISR,54.444,78.084,46006.68
HLA-B*51:03,GTLGDISRK,57.0,82.82,46437.27
HLA-B*51:03,TLGDISRKS,47.5,70.506,45306.21
HLA-B*51:03,LGDISRKSM,7.821,25.638,38280.34
HLA-B*51:03,GDISRKSMA,45.4,71.211,45372.44
HLA-B*51:03,DISRKSMAA,6.533,9.764,31208.88
HLA-B*51:03,ISRKSMAAE,45.7,62.79,44520.93
HLA-B*51:03,SRKSMAAEK,65.455,86.989,46828.8
HLA-B*51:03,RKSMAAEKA,51.481,70.057,45264.07
HLA-B*51:03,KSMAAEKAA,26.1,33.229,40137.73
HLA-B*51:03,SMAAEKAAC,39.235,59.496,44155.84
HLA-B*51:03,MAAEKAACS,16.716,13.61,33692.83
HLA-B*51:03,AAEKAACSG,58.75,60.079,44224.69
HLA-B*51:03,AEKAACSGG,80.0,80.926,46263.74
HLA-B*51:03,EKAACSGGL,34.769,42.237,41814.23
HLA-B*51:03,KAACSGGLV,10.064,3.992,24295.98
HLA-B*51:03,AACSGGLVV,3.377,5.084,26169.91
HLA-B*51:03,ACSGGLVVF,14.414,47.474,42620.9
HLA-B*51:03,CSGGLVVFT,65.455,43.208,41972.88
HLA-B*51:03,SGGLVVFTI,3.832,2.313,20231.5
HLA-B*51:03,GGLVVFTIR,57.25,83.401,46490.54
HLA-B*51:03,GLVVFTIRI,26.383,35.521,40607.29
HLA-B*51:03,LVVFTIRIV,3.508,1.951,19052.36
HLA-B*51:03,VVFTIRIVK,19.399,34.93,40489.28
HLA-B*51:03,VFTIRIVKY,16.684,49.67,42934.24
HLA-B*51:03,FTIRIVKYL,2.819,4.259,24801.7
HLA-B*51:03,TIRIVKYLH,39.882,63.59,44608.67
HLA-B*51:03,IRIVKYLHL,6.479,15.026,34408.65
HLA-B*51:03,RIVKYLHLS,48.125,53.271,43398.95
HLA-B*51:03,IVKYLHLSD,56.5,42.703,41891.67
HLA-B*51:03,VKYLHLSDG,75.0,66.535,44915.24
HLA-B*51:03,KYLHLSDGP,59.5,71.681,45416.64
HLA-B*51:03,YLHLSDGPP,56.5,32.377,39954.44
HLA-B*51:03,LHLSDGPPQ,58.25,75.161,45744.58
HLA-B*51:03,HLSDGPPQL,3.202,24.67,38004.25
HLA-B*51:03,LSDGPPQLL,1.739,7.754,29473.07
HLA-B*51:03,SDGPPQLLV,3.569,10.013,31389.04
HLA-B*51:03,DGPPQLLVY,1.779,7.767,29486.15
HLA-B*51:03,GPPQLLVYT,6.994,19.408,36263.67
HLA-B*51:03,PPQLLVYTL,0.985,2.488,20798.37
HLA-B*51:03,PQLLVYTLD,88.333,70.407,45296.89
HLA-B*51:03,QLLVYTLDK,45.2,63.33,44580.2
HLA-B*51:03,LLVYTLDKF,18.378,18.057,35751.75
HLA-B*51:03,LVYTLDKFQ,55.25,58.804,44073.28
HLA-B*51:03,VYTLDKFQI,13.341,17.642,35580.03
HLA-B*51:03,YTLDKFQIA,3.421,4.971,26005.09
HLA-B*51:03,TLDKFQIAG,45.1,56.068,43748.3
HLA-B*51:03,LDKFQIAGY,26.65,42.074,41787.11
HLA-B*51:03,DKFQIAGYP,25.269,20.805,36773.36
HLA-B*51:03,KFQIAGYPA,54.815,46.909,42537.04
HLA-B*51:03,FQIAGYPAD,58.75,38.666,41208.82
HLA-B*51:03,QIAGYPADP,56.0,70.783,45332.2
HLA-B*51:03,IAGYPADPN,73.571,48.201,42728.02
HLA-B*51:03,AGYPADPNN,54.63,67.087,44969.7
HLA-B*51:03,GYPADPNNY,33.821,90.027,47122.57
HLA-B*51:03,YPADPNNYA,0.534,1.043,14607.62
HLA-B*51:03,PADPNNYAS,35.042,63.032,44547.44
HLA-B*51:03,ADPNNYASK,41.917,83.97,46542.89
HLA-B*51:03,DPNNYASKP,2.529,5.027,26089.63
HLA-B*51:03,PNNYASKPP,88.333,88.868,47010.05
HLA-B*51:03,NNYASKPPN,62.5,52.283,43271.9
HLA-B*51:03,NYASKPPNK,29.727,72.839,45525.85
HLA-B*51:03,YASKPPNKV,0.149,0.733,12356.92
HLA-B*51:03,ASKPPNKVL,3.907,27.729,38846.55
HLA-B*51:03,SKPPNKVLK,42.231,86.421,46774.11
HLA-B*51:03,KPPNKVLKF,0.571,5.329,26521.68
HLA-B*51:03,PPNKVLKFV,0.868,2.019,19315.76
HLA-B*51:03,PNKVLKFVQ,83.75,95.977,48124.75
HLA-B*51:03,NKVLKFVQA,12.907,24.425,37931.97
HLA-B*51:03,KVLKFVQAI,4.343,5.65,26970.8
HLA-B*51:03,VLKFVQAIP,36.19,31.574,39775.02
HLA-B*51:03,LKFVQAIPV,13.074,4.935,25947.46
HLA-B*51:03,KFVQAIPVP,35.708,48.195,42727.11
HLA-B*51:03,FVQAIPVPR,25.687,30.714,39576.69
HLA-B*51:03,VQAIPVPRT,17.264,36.732,40844.8
HLA-B*51:03,QAIPVPRTG,3.965,9.96,31350.68
HLA-B*51:03,AIPVPRTGI,14.086,33.549,40203.79
HLA-B*51:03,IPVPRTGIG,10.12,6.356,27892.89
HLA-B*51:03,PVPRTGIGV,24.403,41.489,41692.25
HLA-B*51:03,VPRTGIGVK,23.874,34.744,40450.75
HLA-B*51:03,PRTGIGVKE,82.5,96.997,48593.55
HLA-B*51:03,RTGIGVKEG,80.0,88.595,46983.59
HLA-B*51:03,TGIGVKEGL,8.753,27.632,38820.07
HLA-B*51:03,GIGVKEGLR,93.333,96.946,48569.93
HLA-B*51:03,IGVKEGLRE,58.0,72.61,45504.19
HLA-B*51:03,GVKEGLREE,72.857,95.489,47901.9
HLA-B*51:03,VKEGLREEV,22.26,49.67,42934.24
HLA-B*51:03,KEGLREEVH,61.429,95.492,47903.45
HLA-B*51:03,EGLREEVHC,16.587,42.229,41812.89
HLA-B*51:03,GLREEVHCY,25.104,53.392,43414.45
HLA-B*51:03,LREEVHCYA,39.765,37.466,40985.15
HLA-B*51:03,REEVHCYAL,25.896,33.608,40215.98
HLA-B*51:03,EEVHCYALS,50.0,36.893,40876.18
HLA-B*51:03,EVHCYALSQ,29.023,33.825,40260.82
HLA-B*51:03,VHCYALSQP,43.455,45.994,42402.86
HLA-B*51:03,HCYALSQPK,33.75,37.628,41015.74
HLA-B*51:03,CYALSQPKE,52.222,70.663,45320.91
HLA-B*51:03,YALSQPKEC,2.493,8.906,30515.68
HLA-B*51:03,ALSQPKECL,27.0,58.316,44015.13
HLA-B*51:03,LSQPKECLL,7.111,11.619,32510.69
HLA-B*51:03,SQPKECLLF,6.035,13.704,33744.26
HLA-B*51:03,QPKECLLFE,16.196,22.442,37314.45
HLA-B*51:03,PKECLLFEM,70.714,56.628,43814.62
HLA-B*51:03,KECLLFEME,79.167,86.642,46795.38
HLA-B*51:03,ECLLFEMEL,5.174,9.63,31112.45
HLA-B*51:03,CLLFEMELF,31.471,16.351,35022.0
HLA-B*51:03,LLFEMELFP,22.02,14.302,34054.2
HLA-B*51:03,LFEMELFPK,72.143,69.301,45189.2
HLA-B*51:03,FEMELFPKT,5.422,7.482,29209.89
HLA-B*51:03,EMELFPKTA,7.92,14.457,34129.8
HLA-B*51:03,MELFPKTAA,12.312,11.225,32249.68
HLA-B*51:03,ELFPKTAAG,11.703,15.819,34779.95
HLA-B*51:03,LFPKTAAGS,58.0,73.241,45563.8
HLA-B*51:03,FPKTAAGSE,13.531,18.719,36004.07
HLA-B*51:03,PKTAAGSEF,55.0,80.838,46255.75
HLA-B*51:03,KTAAGSEFT,55.25,69.719,45230.77
HLA-B*51:03,TAAGSEFTM,2.5,4.873,25849.67
HLA-B*51:03,AAGSEFTMT,24.338,48.841,42819.18
HLA-B*51:03,AGSEFTMTR,33.643,60.299,44248.63
HLA-B*51:03,GSEFTMTRK,64.286,90.572,47183.29
HLA-B*51:03,SEFTMTRKG,38.944,32.692,40023.24
HLA-B*51:03,EFTMTRKGL,29.386,45.1,42267.74
HLA-B*51:03,FTMTRKGLF,4.539,3.59,23499.92
HLA-B*51:03,TMTRKGLFL,16.142,19.304,36224.84
HLA-B*51:03,MTRKGLFLF,7.456,3.743,23799.31
HLA-B*51:03,TRKGLFLFW,16.6,29.05,39182.14
HLA-B*51:03,RKGLFLFWV,61.071,39.846,41417.56
HLA-B*51:03,KGLFLFWVS,57.5,33.596,40213.36
HLA-B*51:03,GLFLFWVSP,57.0,64.077,44662.3
HLA-B*51:03,LFLFWVSPA,36.619,14.236,34022.17
HLA-B*51:03,FLFWVSPAT,25.328,9.893,31302.55
HLA-B*51:03,LFWVSPATR,40.062,42.324,41828.72
HLA-B*51:03,FWVSPATRS,60.714,71.08,45360.15
HLA-B*51:03,WVSPATRSG,44.0,38.407,41161.11
HLA-B*51:03,VSPATRSGI,6.42,11.103,32169.52
HLA-B*51:03,SPATRSGIL,1.711,3.829,23970.38
HLA-B*51:03,PATRSGILA,23.954,31.16,39680.45
HLA-B*51:03,ATRSGILAI,4.029,6.637,28239.98
HLA-B*51:03,TRSGILAIS,66.818,72.855,45527.35
HLA-B*51:03,RSGILAISE,61.071,73.215,45561.33
HLA-B*51:03,SGILAISEF,3.75,6.027,27476.24
HLA-B*51:03,GILAISEFV,23.736,21.302,36943.24
HLA-B*51:03,ILAISEFVM,16.658,13.562,33666.23
HLA-B*51:03,LAISEFVMQ,24.182,33.992,40295.23
HLA-B*51:03,AISEFVMQS,29.841,53.815,43468.97
HLA-B*51:03,ISEFVMQSD,58.75,55.848,43722.29
HLA-B*51:03,SEFVMQSDP,32.806,28.29,38993.1
HLA-B*51:03,EFVMQSDPT,58.25,48.922,42830.79
HLA-B*51:03,FVMQSDPTA,6.47,3.98,24272.6
HLA-B*51:03,VMQSDPTAN,70.0,78.195,46016.62
HLA-B*51:03,MQSDPTANL,2.331,8.048,29754.38
HLA-B*51:03,QSDPTANLP,13.323,29.71,39340.16
HLA-B*51:03,SDPTANLPE,64.643,90.183,47139.92
HLA-B*51:03,DPTANLPEY,0.907,3.219,22650.16
HLA-B*51:03,PTANLPEYL,13.852,38.329,41146.89
HLA-B*51:03,TANLPEYLD,40.375,32.76,40037.96
HLA-B*51:03,ANLPEYLDV,10.463,15.929,34831.91
HLA-B*51:03,NLPEYLDVP,36.667,45.579,42340.07
HLA-B*51:03,LPEYLDVPY,7.496,5.019,26078.35
HLA-B*51:03,PEYLDVPYY,19.453,46.806,42521.88
HLA-B*51:03,EYLDVPYYP,10.576,19.857,36431.6
HLA-B*51:03,YLDVPYYPM,22.09,9.745,31195.38
HLA-B*51:03,LDVPYYPMV,2.308,3.12,22417.31
HLA-B*51:03,DVPYYPMVA,3.926,5.029,26091.6
HLA-B*51:03,VPYYPMVAF,0.117,0.27,7237.49
HLA-B*51:03,PYYPMVAFA,27.87,28.588,39067.41
HLA-B*51:03,YYPMVAFAF,7.658,14.344,34074.47
HLA-B*51:03,YPMVAFAFA,0.786,0.058,3066.12
HLA-B*51:03,PMVAFAFAP,72.857,43.881,42075.65
HLA-B*51:03,MVAFAFAPH,52.407,26.383,38483.41
HLA-B*51:03,VAFAFAPHK,8.019,6.266,27778.13
HLA-B*51:03,AFAFAPHKF,8.554,32.972,40084.34
HLA-B*51:03,FAFAPHKFS,5.163,3.681,23678.08
HLA-B*51:03,AFAPHKFSY,13.77,44.767,42215.66
HLA-B*51:03,FAPHKFSYF,1.303,2.344,20332.88
HLA-B*51:03,APHKFSYFP,4.92,6.269,27782.05
HLA-B*51:03,PHKFSYFPP,65.909,53.224,43392.84
HLA-B*51:03,HKFSYFPPA,18.848,13.072,33399.2
HLA-B*51:03,KFSYFPPAA,33.821,45.682,42355.63
HLA-B*51:03,FSYFPPAAA,1.631,1.013,14438.86
HLA-B*51:03,SYFPPAAAT,17.088,30.245,39466.79
HLA-B*51:03,YFPPAAATG,25.687,30.46,39517.21
HLA-B*51:03,FPPAAATGP,4.988,4.276,24834.46
HLA-B*51:03,PPAAATGPT,49.0,35.029,40509.44
HLA-B*51:03,PAAATGPTI,1.019,1.972,19138.72
HLA-B*51:03,AAATGPTIL,3.288,16.345,35018.97
HLA-B*51:03,AATGPTILD,42.308,49.973,42976.07
HLA-B*51:03,ATGPTILDF,13.667,25.645,38282.41
HLA-B*51:03,TGPTILDFY,14.226,29.085,39190.63
HLA-B*51:03,GPTILDFYS,38.0,25.501,38241.85
HLA-B*51:03,PTILDFYSQ,58.5,77.254,45932.06
HLA-B*51:03,TILDFYSQD,44.273,54.074,43502.38
HLA-B*51:03,ILDFYSQDY,38.889,40.032,41449.82
HLA-B*51:03,LDFYSQDYM,19.831,12.104,32826.69
HLA-B*51:03,DFYSQDYMS,32.581,31.559,39771.58
HLA-B*51:03,FYSQDYMSP,35.25,33.248,40141.63
HLA-B*51:03,YSQDYMSPR,32.871,38.84,41240.93
HLA-B*51:03,SQDYMSPRH,34.577,77.475,45951.94
HLA-B*51:03,QDYMSPRHM,7.349,21.117,36882.16
HLA-B*51:03,DYMSPRHMA,9.124,12.252,32913.81
HLA-B*51:03,YMSPRHMAL,2.112,2.26,20065.39
HLA-B*51:03,MSPRHMALD,58.25,24.369,37915.56
HLA-B*51:03,SPRHMALDI,0.9,0.547,10814.69
HLA-B*51:03,PRHMALDIL,54.074,68.602,45119.83
HLA-B*51:03,RHMALDILK,52.963,49.131,42859.99
HLA-B*51:03,HMALDILKN,60.714,58.608,44049.92
HLA-B*51:03,MALDILKNN,18.878,13.102,33415.09
HLA-B*51:03,ALDILKNNK,60.357,91.551,47292.66
HLA-B*51:03,LDILKNNKE,62.143,85.168,46653.81
HLA-B*51:03,DILKNNKET,17.228,32.222,39920.72
HLA-B*51:03,ILKNNKETR,48.5,87.263,46855.17
HLA-B*51:03,LKNNKETRR,76.667,96.249,48249.37
HLA-B*51:03,KNNKETRRL,23.598,67.564,45016.94
HLA-B*51:03,NNKETRRLA,12.192,30.818,39601.09
HLA-B*51:03,NKETRRLAM,22.97,49.582,42922.17
HLA-B*51:03,KETRRLAME,80.0,89.326,47054.3
HLA-B*51:03,ETRRLAMEE,33.393,47.916,42686.89
HLA-B*51:03,TRRLAMEEF,33.429,48.023,42702.59
HLA-B*51:03,RRLAMEEFD,95.0,89.779,47098.11
HLA-B*51:03,RLAMEEFDI,26.517,30.182,39452.28
HLA-B*51:03,LAMEEFDIL,1.219,0.97,14175.09
HLA-B*51:03,AMEEFDILV,17.513,20.431,36639.13
HLA-B*51:03,MEEFDILVL,7.198,7.331,29041.61
HLA-B*51:03,EEFDILVLV,0.515,1.171,15365.68
HLA-B*51:03,EFDILVLVE,29.523,65.581,44821.05
HLA-B*51:03,FDILVLVET,21.36,27.457,38772.23
HLA-B*51:03,DILVLVETG,17.715,13.144,33438.25
HLA-B*51:03,ILVLVETGF,20.13,24.57,37974.66
HLA-B*51:03,LVLVETGFN,69.091,53.519,43430.89
HLA-B*51:03,VLVETGFNR,35.125,61.722,44404.02
HLA-B*51:03,LVETGFNRS,63.929,70.767,45330.73
HLA-B*51:03,VETGFNRSW,9.134,18.829,36046.17
HLA-B*51:03,ETGFNRSWI,13.691,7.536,29263.99
HLA-B*51:03,TGFNRSWIE,34.808,32.163,39907.78
HLA-B*51:03,GFNRSWIEH,65.909,90.851,47214.43
HLA-B*51:03,FNRSWIEHA,12.85,16.137,34926.28
HLA-B*51:03,NRSWIEHAV,12.938,16.587,35127.12
HLA-B*51:03,RSWIEHAVI,5.521,2.495,20820.2
HLA-B*51:03,SWIEHAVIG,48.75,55.728,43708.08
HLA-B*51:03,WIEHAVIGK,58.75,68.829,45142.27
HLA-B*51:03,IEHAVIGKA,20.512,22.351,37285.78
HLA-B*51:03,EHAVIGKAK,25.851,56.576,43808.46
HLA-B*51:03,HAVIGKAKT,18.64,36.402,40780.79
HLA-B*51:03,AVIGKAKTA,10.118,29.618,39318.04
HLA-B*51:03,VIGKAKTAV,13.064,25.411,38216.63
HLA-B*51:03,IGKAKTAVL,4.879,15.415,34590.06
HLA-B*51:03,GKAKTAVLI,16.587,27.018,38652.43
HLA-B*51:03,KAKTAVLIG,39.824,40.005,41445.35
HLA-B*51:03,AKTAVLIGE,74.286,95.246,47791.62
HLA-B*51:03,KTAVLIGEH,42.846,76.224,45839.73
HLA-B*51:03,TAVLIGEHL,1.222,2.97,22057.15
HLA-B*51:03,AVLIGEHLG,62.5,68.12,45071.99
HLA-B*51:03,VLIGEHLGG,68.182,62.772,44519.0
HLA-B*51:03,LIGEHLGGD,97.5,92.479,47396.66
HLA-B*51:03,IGEHLGGDF,37.316,44.644,42196.0
HLA-B*51:03,GEHLGGDFL,23.839,34.512,40402.62
HLA-B*51:03,EHLGGDFLP,29.705,30.462,39517.62
HLA-B*51:03,HLGGDFLPH,49.286,63.098,44554.65
HLA-B*51:03,LGGDFLPHA,9.806,14.564,34182.3
HLA-B*51:03,GGDFLPHAS,35.583,71.263,45377.33
HLA-B*51:03,GDFLPHASR,39.765,75.526,45777.28
HLA-B*51:03,DFLPHASRQ,38.5,60.527,44273.55
HLA-B*51:03,FLPHASRQQ,58.75,83.549,46504.12
HLA-B*51:03,LPHASRQQS,9.555,13.93,33868.27
HLA-B*51:03,PHASRQQSM,27.5,55.352,43663.65
HLA-B*51:03,HASRQQSMP,19.5,30.403,39503.96
HLA-B*51:03,ASRQQSMPI,7.801,6.225,27726.5
HLA-B*51:03,SRQQSMPIA,28.816,39.974,41439.95
HLA-B*51:03,RQQSMPIAD,75.0,73.899,45625.96
HLA-B*51:03,QQSMPIADN,81.25,77.879,45988.25
HLA-B*51:03,QSMPIADNI,0.986,0.861,13418.01
HLA-B*51:03,SMPIADNIL,14.207,25.663,38287.4
HLA-B*51:03,MPIADNILI,0.052,0.01,1089.89
HLA-B*51:03,PIADNILIT,55.75,77.082,45916.66
HLA-B*51:03,IADNILITI,0.23,0.526,10631.15
HLA-B*51:03,ADNILITIK,61.429,84.535,46594.79
HLA-B*51:03,DNILITIKM,0.865,2.649,21217.26
HLA-B*51:03,NILITIKMV,1.607,2.86,21767.19
HLA-B*51:03,ILITIKMVV,3.768,4.821,25768.13
HLA-B*51:03,LITIKMVVL,9.804,18.233,35818.73
HLA-B*51:03,ITIKMVVLS,24.909,20.519,36670.86
HLA-B*51:03,TIKMVVLST,8.36,18.62,35966.29
HLA-B*51:03,IKMVVLSTK,40.938,49.519,42913.34
HLA-B*51:03,KMVVLSTKG,47.75,63.585,44608.18
HLA-B*51:03,MVVLSTKGY,17.021,21.121,36883.34
HLA-B*51:03,VVLSTKGYR,55.5,69.562,45215.11
HLA-B*51:03,VLSTKGYRA,24.065,35.521,40607.29
HLA-B*51:03,LSTKGYRAA,21.395,23.295,37583.91
HLA-B*51:03,STKGYRAAH,37.684,69.936,45252.3
HLA-B*51:03,TKGYRAAHH,80.0,95.413,47867.69
HLA-B*51:03,KGYRAAHHT,26.283,41.209,41647.19
HLA-B*51:03,GYRAAHHTT,60.714,76.855,45896.29
HLA-B*51:03,YRAAHHTTE,56.25,76.822,45893.33
HLA-B*51:03,RAAHHTTEY,9.3,21.756,37094.27
HLA-B*51:03,AAHHTTEYV,1.205,2.925,21937.19
HLA-B*51:03,AHHTTEYVK,55.0,81.183,46287.29
HLA-B*51:03,HHTTEYVKL,7.377,23.37,37607.5
HLA-B*51:03,HTTEYVKLG,39.412,35.307,40564.7
HLA-B*51:03,TTEYVKLGV,8.837,11.148,32199.14
HLA-B*51:03,TEYVKLGVT,26.683,25.003,38102.66
HLA-B*51:03,EYVKLGVTG,32.065,42.681,41888.05
HLA-B*51:03,YVKLGVTGG,50.185,54.778,43593.31
HLA-B*51:03,VKLGVTGGV,27.704,28.515,39049.25
HLA-B*51:03,KLGVTGGVN,97.5,93.719,47535.84
HLA-B*51:03,LGVTGGVNR,46.444,74.066,45641.77
HLA-B*51:03,GVTGGVNRA,43.636,75.836,45805.01
HLA-B*51:03,VTGGVNRAV,9.579,14.64,34219.31
HLA-B*51:03,TGGVNRAVA,32.839,35.066,40516.89
HLA-B*51:03,GGVNRAVAE,73.571,91.359,47271.19
HLA-B*51:03,GVNRAVAEK,70.714,85.558,46691.2
HLA-B*51:03,VNRAVAEKA,24.896,32.625,40008.51
HLA-B*51:03,NRAVAEKAA,34.538,57.604,43930.46
HLA-B*51:03,RAVAEKAAY,17.316,34.966,40496.75
HLA-B*51:03,AVAEKAAYK,38.444,63.818,44633.79
HLA-B*51:03,VAEKAAYKT,19.473,34.581,40417.06
HLA-B*51:03,AEKAAYKTE,38.5,89.374,47058.88
HLA-B*51:03,EKAAYKTEG,61.786,78.605,46053.49
HLA-B*51:03,KAAYKTEGE,66.364,91.926,47334.64
HLA-B*51:03,AAYKTEGED,65.0,61.173,44344.01
HLA-B*51:03,AYKTEGEDD,97.5,97.235,48703.59
HLA-B*51:03,YKTEGEDDW,40.375,57.368,43902.42
HLA-B*51:03,KTEGEDDWI,39.0,53.187,43388.14
HLA-B*51:03,TEGEDDWID,90.0,86.858,46816.14
HLA-B*51:03,EGEDDWIDG,75.0,83.68,46516.21
HLA-B*51:03,GEDDWIDGR,43.909,93.975,47564.64
HLA-B*51:03,EDDWIDGRV,15.877,19.83,36421.33
HLA-B*51:03,DDWIDGRVE,42.846,55.0,43622.11
HLA-B*51:03,DWIDGRVES,42.385,69.532,45212.2
HLA-B*51:03,WIDGRVESG,56.5,61.371,44365.61
HLA-B*51:03,IDGRVESGI,24.662,31.183,39685.59
HLA-B*51:03,DGRVESGIG,56.5,43.024,41944.74
HLA-B*51:03,GRVESGIGV,33.357,53.632,43445.46
HLA-B*51:03,RVESGIGVA,42.0,50.518,43045.89
HLA-B*51:03,VESGIGVAS,23.69,50.336,43022.61
HLA-B*51:03,ESGIGVASE,44.636,69.857,45244.48
HLA-B*51:03,SGIGVASEA,7.762,11.051,32135.43
HLA-B*51:03,GIGVASEAT,85.0,93.527,47514.24
HLA-B*51:03,IGVASEATL,5.449,11.274,32282.49
HLA-B*51:03,GVASEATLL,22.17,41.939,41764.97
HLA-B*51:03,VASEATLLE,18.195,26.7,38567.61
HLA-B*51:03,ASEATLLEF,9.505,24.74,38024.82
HLA-B*51:03,SEATLLEFV,3.838,6.474,28044.19
HLA-B*51:03,EATLLEFVR,16.258,32.47,39974.77
HLA-B*51:03,ATLLEFVRF,10.198,17.676,35594.26
HLA-B*51:03,TLLEFVRFK,21.772,35.949,40692.62
HLA-B*51:03,LLEFVRFKC,48.375,51.823,43212.95
HLA-B*51:03,LEFVRFKCL,4.065,5.367,26577.69
HLA-B*51:03,EFVRFKCLG,70.0,50.157,42999.8
HLA-B*51:03,FVRFKCLGV,16.244,5.067,26146.72
HLA-B*51:03,VRFKCLGVH,65.909,72.49,45492.86
HLA-B*51:03,RFKCLGVHG,81.25,74.551,45687.71
HLA-B*51:03,FKCLGVHGL,22.77,30.75,39585.24
HLA-B*51:03,KCLGVHGLT,69.091,71.649,45413.69
HLA-B*51:03,CLGVHGLTA,31.794,20.961,36829.51
HLA-B*51:03,LGVHGLTAL,9.512,16.897,35266.51
HLA-B*51:03,GVHGLTALI,8.663,9.952,31345.26
HLA-B*51:03,VHGLTALIS,66.364,47.334,42600.16
HLA-B*51:03,HGLTALISP,17.959,21.31,36946.05
HLA-B*51:03,GLTALISPP,72.857,64.692,44729.98
HLA-B*51:03,LTALISPPL,7.222,2.914,21909.21
HLA-B*51:03,TALISPPLS,10.123,11.224,32248.99
HLA-B*51:03,ALISPPLSL,4.794,17.737,35619.7
HLA-B*51:03,LISPPLSLR,17.912,40.431,41517.15
HLA-B*51:03,ISPPLSLRR,15.388,35.808,40664.45
HLA-B*51:03,SPPLSLRRE,16.076,35.38,40579.2
HLA-B*51:03,PPLSLRREQ,38.389,72.787,45520.92
HLA-B*51:03,PLSLRREQG,95.0,95.777,48033.19
HLA-B*51:03,LSLRREQGF,12.178,16.893,35264.6
HLA-B*51:03,SLRREQGFL,29.136,35.43,40589.3
HLA-B*51:03,LRREQGFLR,61.429,80.35,46211.23
HLA-B*51:03,RREQGFLRY,33.25,72.824,45524.38
HLA-B*51:03,REQGFLRYA,27.648,37.094,40914.69
HLA-B*51:03,EQGFLRYAM,14.666,15.237,34507.07
HLA-B*51:03,QGFLRYAMK,25.015,32.0,39872.38
HLA-B*51:03,GFLRYAMKL,23.402,41.559,41703.55
HLA-B*51:03,FLRYAMKLL,13.477,9.922,31323.21
HLA-B*51:03,LRYAMKLLE,54.259,46.386,42460.27
HLA-B*51:03,RYAMKLLEQ,72.143,89.453,47066.53
HLA-B*51:03,YAMKLLEQQ,19.811,22.265,37258.76
HLA-B*51:03,AMKLLEQQE,63.929,90.453,47170.03
HLA-B*51:03,MKLLEQQEL,10.989,19.497,36297.04
HLA-B*51:03,KLLEQQELG,60.0,69.601,45219.02
HLA-B*51:03,LLEQQELGG,73.571,81.084,46278.27
HLA-B*51:03,LEQQELGGK,64.286,78.887,46078.92
HLA-B*51:03,EQQELGGKR,35.958,72.109,45456.94
HLA-B*51:03,QQELGGKRV,13.422,34.296,40358.07
HLA-B*51:03,QELGGKRVL,11.746,38.823,41237.79
HLA-B*51:03,ELGGKRVLN,71.429,86.4,46772.08
HLA-B*51:03,LGGKRVLNR,57.5,78.14,46011.66
HLA-B*51:03,GGKRVLNRR,65.0,93.106,47466.95
HLA-B*51:03,GKRVLNRRA,60.714,87.305,46859.22
HLA-B*51:03,KRVLNRRAA,51.111,68.076,45067.63
HLA-B*51:03,RVLNRRAAI,11.526,13.563,33666.96
HLA-B*51:03,VLNRRAAIN,79.167,76.739,45885.87
HLA-B*51:03,LNRRAAINH,46.667,71.388,45389.12
HLA-B*51:03,NRRAAINHV,9.68,22.496,37331.4
HLA-B*51:03,RRAAINHVG,67.727,72.176,45463.36
HLA-B*51:03,RAAINHVGT,27.63,40.064,41455.21
HLA-B*51:03,AAINHVGTS,23.184,33.486,40190.75
HLA-B*51:03,AINHVGTSR,45.7,82.377,46396.58
HLA-B*51:03,INHVGTSRD,88.333,81.533,46319.33
HLA-B*51:03,NHVGTSRDG,76.667,69.385,45197.5
HLA-B*51:03,HVGTSRDGR,53.519,94.03,47570.8
HLA-B*51:03,VGTSRDGRS,86.667,91.336,47268.63
HLA-B*51:03,GTSRDGRSK,63.929,93.618,47524.54
HLA-B*51:03,TSRDGRSKE,58.75,89.274,47049.2
HLA-B*51:03,SRDGRSKEA,17.912,56.056,43746.89
HLA-B*51:03,RDGRSKEAT,79.167,95.722,48008.26
HLA-B*51:03,DGRSKEATH,20.886,62.074,44442.47
HLA-B*51:03,GRSKEATHY,42.0,93.582,47520.4
HLA-B*51:03,RSKEATHYV,2.102,5.8,27172.32
HLA-B*51:03,SKEATHYVN,91.667,88.221,46947.51
HLA-B*51:03,KEATHYVNV,7.275,17.754,35627.01
HLA-B*51:03,EATHYVNVV,0.188,0.387,8974.56
HLA-B*51:03,ATHYVNVVL,7.374,13.813,33803.83
HLA-B*51:03,THYVNVVLR,33.5,46.063,42412.98
HLA-B*51:03,HYVNVVLRR,37.632,69.483,45207.3
HLA-B*51:03,YVNVVLRRT,19.061,24.095,37834.8
HLA-B*51:03,VNVVLRRTQ,59.5,76.86,45896.79
HLA-B*51:03,NVVLRRTQS,35.375,53.753,43460.98
HLA-B*51:03,VVLRRTQST,18.274,30.737,39582.25
HLA-B*51:03,VLRRTQSTL,5.936,14.486,34144.23
HLA-B*51:03,LRRTQSTLA,32.032,44.532,42178.21
HLA-B*51:03,RRTQSTLAH,61.071,92.296,47376.15
HLA-B*51:03,RTQSTLAHN,72.857,64.117,44666.65
HLA-B*51:03,TQSTLAHNP,22.48,34.799,40462.13
HLA-B*51:03,QSTLAHNPG,72.857,45.579,42340.07
HLA-B*51:03,STLAHNPGS,49.714,52.206,43262.05
HLA-B*51:03,TLAHNPGSN,86.667,86.168,46749.83
HLA-B*51:03,LAHNPGSNN,38.889,42.237,41814.23
HLA-B*51:03,AHNPGSNNN,70.714,88.095,46935.31
HLA-B*51:03,HNPGSNNNN,75.833,95.629,47965.68
HLA-B*51:03,NPGSNNNNR,26.633,61.182,44344.96
HLA-B*51:03,PGSNNNNRG,97.5,96.626,48422.47
HLA-B*51:03,GSNNNNRGR,77.5,96.038,48152.88
HLA-B*51:03,SNNNNRGRP,59.25,78.571,46050.49
HLA-B*51:03,NNNNRGRPK,56.0,82.048,46366.46
HLA-B*51:03,NNNRGRPKN,85.0,92.214,47366.92
HLA-B*51:03,NNRGRPKNI,8.761,26.608,38543.02
HLA-B*51:03,NRGRPKNIV,34.346,53.866,43475.56
HLA-B*51:03,RGRPKNIVI,5.907,12.65,33150.78
HLA-B*51:03,GRPKNIVII,21.939,49.465,42905.93
HLA-B*51:03,RPKNIVIIR,13.654,44.316,42144.0
HLA-B*51:03,PKNIVIIRV,23.621,43.973,42089.76
HLA-B*51:03,KNIVIIRVI,5.446,7.385,29101.68
HLA-B*51:03,NIVIIRVII,5.099,4.937,25951.39
HLA-B*51:03,IVIIRVIID,51.667,49.764,42947.26
HLA-B*51:03,VIIRVIIDP,39.588,43.503,42017.87
HLA-B*51:03,IIRVIIDPP,44.364,27.526,38791.09
HLA-B*51:03,IRVIIDPPS,81.25,70.068,45265.06
HLA-B*51:03,RVIIDPPSN,68.636,76.955,45905.23
HLA-B*51:03,VIIDPPSNF,3.079,9.663,31136.37
HLA-B*51:03,IIDPPSNFS,20.211,51.273,43142.38
HLA-B*51:03,IDPPSNFSS,38.278,69.094,45168.66
HLA-B*51:03,DPPSNFSSG,5.258,6.983,28657.36
HLA-B*51:03,PPSNFSSGV,2.648,4.984,26024.5
HLA-B*51:03,PSNFSSGVT,79.167,75.958,45815.91
HLA-B*51:03,SNFSSGVTS,31.853,33.777,40250.8
HLA-B*51:03,NFSSGVTSM,10.12,24.109,37838.91
HLA-B*51:03,FSSGVTSMA,7.058,8.072,29775.96
HLA-B*51:03,SSGVTSMAK,44.273,56.168,43760.15
HLA-B*51:03,SGVTSMAKG,61.071,54.606,43571.16
HLA-B*51:03,GVTSMAKGN,97.5,95.851,48067.0
HLA-B*51:03,VTSMAKGNF,24.468,23.57,37670.61
HLA-B*51:03,TSMAKGNFA,10.598,7.718,29438.97
HLA-B*51:03,SMAKGNFAL,13.536,17.883,35681.02
HLA-B*51:03,MAKGNFALK,6.748,12.717,33190.25
HLA-B*51:03,AKGNFALKA,35.708,54.694,43582.46
HLA-B*51:03,KGNFALKAS,70.714,81.369,46304.31
HLA-B*51:03,GNFALKASG,70.714,63.124,44557.55
HLA-B*51:03,NFALKASGA,32.645,38.315,41144.21
HLA-B*51:03,FALKASGAH,22.93,24.912,38075.89
HLA-B*51:03,ALKASGAHQ,69.545,93.188,47476.2
HLA-B*51:03,LKASGAHQK,57.0,80.778,46250.23
HLA-B*51:03,KASGAHQKV,1.656,6.45,28012.95
HLA-B*51:03,ASGAHQKVT,44.455,73.439,45582.55
HLA-B*51:03,SGAHQKVTK,38.111,73.085,45549.02
HLA-B*51:03,GAHQKVTKV,1.373,6.972,28643.73
HLA-B*51:03,AHQKVTKVQ,66.364,89.363,47057.88
HLA-B*51:03,HQKVTKVQQ,46.111,94.273,47598.12
HLA-B*51:03,QKVTKVQQG,57.25,90.558,47181.77
HLA-B*51:03,KVTKVQQGV,13.035,29.021,39175.36
HLA-B*51:03,VTKVQQGVN,86.667,78.815,46072.41
HLA-B*51:03,TKVQQGVNG,59.0,84.923,46630.62
HLA-B*51:03,KVQQGVNGD,91.667,95.877,48078.96
HLA-B*51:03,VQQGVNGDS,79.167,86.889,46819.16
HLA-B*51:03,QQGVNGDSV,23.299,28.788,39117.32
HLA-B*51:03,QGVNGDSVQ,75.833,95.799,48043.6
HLA-B*51:03,GVNGDSVQS,69.545,93.564,47518.34
HLA-B*51:03,VNGDSVQSN,72.857,90.869,47216.47
HLA-B*51:03,NGDSVQSNR,33.821,78.81,46071.94
HLA-B*51:03,GDSVQSNRL,31.029,65.049,44768.74
HLA-B*51:03,DSVQSNRLI,0.37,0.496,10359.43
HLA-B*51:03,SVQSNRLIG,58.5,50.197,43004.91
HLA-B*51:03,VQSNRLIGA,25.284,38.833,41239.57
HLA-B*51:03,QSNRLIGAN,82.5,70.125,45270.43
HLA-B*51:03,SNRLIGANG,63.214,47.92,42687.36
HLA-B*51:03,NRLIGANGK,74.286,90.531,47178.7
HLA-B*51:03,RLIGANGKA,45.1,53.596,43440.78
HLA-B*51:03,LIGANGKAL,27.056,38.506,41179.38
HLA-B*51:03,IGANGKALS,60.0,70.115,45269.44
HLA-B*51:03,GANGKALSQ,46.222,83.697,46517.71
HLA-B*51:03,ANGKALSQL,22.37,53.26,43397.55
HLA-B*51:03,NGKALSQLD,59.25,44.931,42241.69
HLA-B*51:03,GKALSQLDC,68.182,88.905,47013.59
HLA-B*51:03,KALSQLDCN,90.0,70.11,45268.97
HLA-B*51:03,ALSQLDCNL,27.667,42.458,41850.9
HLA-B*51:03,LSQLDCNLD,80.0,51.142,43125.58
HLA-B*51:03,SQLDCNLDH,65.909,81.824,46345.92
HLA-B*51:03,QLDCNLDHW,31.294,32.187,39912.95
HLA-B*51:03,LDCNLDHWM,45.3,37.513,40994.0
HLA-B*51:03,DCNLDHWMN,45.6,52.794,43337.5
HLA-B*51:03,CNLDHWMNA,26.9,16.62,35141.96
HLA-B*51:03,NLDHWMNAE,59.75,75.504,45775.3
HLA-B*51:03,LDHWMNAEV,15.731,7.212,28910.24
HLA-B*51:03,DHWMNAEVH,22.12,37.185,40931.95
HLA-B*51:03,HWMNAEVHI,8.574,11.474,32414.45
HLA-B*51:03,WMNAEVHIA,23.034,12.713,33188.11
HLA-B*51:03,MNAEVHIAP,6.922,10.043,31410.44
HLA-B*51:03,NAEVHIAPC,13.684,13.287,33516.12
HLA-B*51:03,AEVHIAPCL,5.988,13.892,33847.75
HLA-B*51:03,EVHIAPCLS,20.341,24.996,38100.6
HLA-B*51:03,VHIAPCLSR,49.857,60.4,44259.64
HLA-B*51:03,HIAPCLSRA,22.33,26.006,38383.62
HLA-B*51:03,IAPCLSRAK,30.568,31.953,39861.61
HLA-B*51:03,APCLSRAKD,54.259,49.152,42862.75
HLA-B*51:03,PCLSRAKDR,97.5,98.098,49104.66
HLA-B*51:03,CLSRAKDRG,95.0,85.579,46693.21
HLA-B*51:03,LSRAKDRGL,22.69,37.246,40943.49
HLA-B*51:03,SRAKDRGLS,72.857,92.621,47412.55
HLA-B*51:03,RAKDRGLSI,1.208,2.919,21922.96
HLA-B*51:03,AKDRGLSIR,70.0,95.763,48026.96
HLA-B*51:03,KDRGLSIRQ,75.0,95.237,47787.49
HLA-B*51:03,DRGLSIRQA,16.093,32.339,39946.22
HLA-B*51:03,RGLSIRQAR,48.125,78.494,46043.51
HLA-B*51:03,GLSIRQARR,78.333,95.576,47941.83
HLA-B*51:03,LSIRQARRI,3.019,2.391,20481.92
HLA-B*51:03,SIRQARRID,91.667,89.458,47067.05
HLA-B*51:03,IRQARRIDT,77.5,90.787,47207.28
HLA-B*51:03,RQARRIDTD,80.0,80.504,46225.21
HLA-B*51:03,QARRIDTDI,4.429,7.433,29154.64
HLA-B*51:03,ARRIDTDIQ,91.667,96.738,48473.84
HLA-B*51:03,RRIDTDIQE,61.429,95.393,47858.37
HLA-B*51:03,RIDTDIQEH,56.0,95.724,48009.31
HLA-B*51:03,IDTDIQEHG,47.25,75.952,45815.44
HLA-B*51:03,DTDIQEHGG,40.188,59.364,44140.09
HLA-B*51:03,TDIQEHGGG,77.5,79.308,46116.82
HLA-B*51:03,DIQEHGGGE,55.25,79.795,46160.74
HLA-B*51:03,IQEHGGGET,52.963,80.46,46221.21
HLA-B*51:03,QEHGGGETV,5.55,15.438,34601.29
HLA-B*51:03,EHGGGETVK,55.5,86.947,46824.75
HLA-B*51:03,HGGGETVKL,10.504,41.545,41701.29
HLA-B*51:03,GGGETVKLV,11.898,28.863,39135.95
HLA-B*51:03,GGETVKLVS,42.692,82.442,46402.6
HLA-B*51:03,GETVKLVSI,9.021,18.662,35982.25
HLA-B*51:03,ETVKLVSIV,0.992,1.504,17142.07
HLA-B*51:03,TVKLVSIVV,1.484,2.973,22064.79
HLA-B*51:03,VKLVSIVVG,67.727,59.072,44105.24
HLA-B*51:03,KLVSIVVGR,52.037,84.436,46585.71
HLA-B*51:03,LVSIVVGRS,48.875,44.425,42161.32
HLA-B*51:03,VSIVVGRSR,29.659,49.205,42870.19
HLA-B*51:03,SIVVGRSRT,56.75,72.844,45526.35
HLA-B*51:03,IVVGRSRTY,11.607,22.949,37474.66
HLA-B*51:03,VVGRSRTYG,83.75,79.922,46172.24
HLA-B*51:03,VGRSRTYGL,11.357,22.597,37363.34
HLA-B*51:03,GRSRTYGLK,79.167,94.053,47573.38
HLA-B*51:03,RSRTYGLKQ,53.333,66.265,44888.52
HLA-B*51:03,SRTYGLKQP,45.3,78.4,46035.05
HLA-B*51:03,RTYGLKQPL,6.798,12.563,33098.81
HLA-B*51:03,TYGLKQPLV,11.186,19.187,36181.37
HLA-B*51:03,YGLKQPLVS,22.97,24.157,37853.23
HLA-B*51:03,GLKQPLVSE,41.417,88.474,46971.89
HLA-B*51:03,LKQPLVSEY,14.506,36.28,40756.97
HLA-B*51:03,KQPLVSEYD,72.857,82.563,46413.67
HLA-B*51:03,QPLVSEYDH,20.187,56.044,43745.48
HLA-B*51:03,PLVSEYDHP,70.714,85.553,46690.68
HLA-B*51:03,LVSEYDHPE,58.5,62.078,44442.96
HLA-B*51:03,VSEYDHPEG,72.857,69.985,45257.21
HLA-B*51:03,SEYDHPEGD,44.0,64.925,44755.66
HLA-B*51:03,EYDHPEGDP,44.455,82.317,46391.08
HLA-B*51:03,YDHPEGDPN,81.25,73.466,45584.99
HLA-B*51:03,DHPEGDPNQ,42.538,90.274,47150.11
HLA-B*51:03,HPEGDPNQN,41.333,70.084,45266.52
HLA-B*51:03,PEGDPNQNT,60.714,95.886,48083.12
HLA-B*51:03,EGDPNQNTE,26.75,66.068,44869.09
HLA-B*51:03,GDPNQNTEH,77.5,97.909,49016.54
HLA-B*51:03,DPNQNTEHL,0.164,1.319,16142.11
HLA-B*51:03,PNQNTEHLR,88.333,96.774,48490.62
HLA-B*51:03,NQNTEHLRT,28.367,42.322,41828.26
HLA-B*51:03,QNTEHLRTT,25.358,51.608,43185.36
HLA-B*51:03,NTEHLRTTS,37.737,54.858,43603.69
HLA-B*51:03,TEHLRTTSR,24.597,57.18,43880.08
HLA-B*51:03,EHLRTTSRQ,51.852,71.117,45363.61
HLA-B*51:03,HLRTTSRQK,37.263,76.262,45843.19
HLA-B*51:03,LRTTSRQKH,73.571,95.377,47851.11
HLA-B*51:03,RTTSRQKHR,64.643,94.977,47677.47
HLA-B*51:03,TTSRQKHRR,39.765,77.68,45970.34
HLA-B*51:03,TSRQKHRRV,7.115,15.812,34776.95
HLA-B*51:03,SRQKHRRVY,40.625,74.087,45643.74
HLA-B*51:03,RQKHRRVYG,54.259,87.032,46832.84
HLA-B*51:03,QKHRRVYGS,55.25,86.242,46756.91
HLA-B*51:03,KHRRVYGSG,65.909,65.172,44780.84
HLA-B*51:03,HRRVYGSGH,77.5,93.683,47531.71
HLA-B*51:03,RRVYGSGHN,95.0,95.108,47729.1
HLA-B*51:03,RVYGSGHNR,34.346,57.008,43859.68
HLA-B*51:03,VYGSGHNRD,91.667,94.694,47645.51
HLA-B*51:03,YGSGHNRDA,32.581,43.396,42001.5
HLA-B*51:03,GSGHNRDAS,95.0,95.459,47888.41
HLA-B*51:03,SGHNRDASL,7.995,19.899,36447.37
HLA-B*51:03,GHNRDASLL,27.13,43.741,42054.25
HLA-B*51:03,HNRDASLLE,53.519,65.704,44833.2
HLA-B*51:03,NRDASLLEY,14.029,45.885,42386.35
HLA-B*51:03,RDASLLEYA,42.231,48.906,42828.46
HLA-B*51:03,DASLLEYAS,8.428,7.715,29435.46
HLA-B*51:03,ASLLEYASC,19.5,27.89,38890.71
HLA-B*51:03,SLLEYASCI,5.113,2.985,22097.04
HLA-B*51:03,LLEYASCII,33.786,10.079,31436.28
HLA-B*51:03,LEYASCIIV,6.281,2.386,20467.53
HLA-B*51:03,EYASCIIVV,6.414,7.467,29192.83
HLA-B*51:03,YASCIIVVE,26.517,13.572,33671.7
HLA-B*51:03,ASCIIVVES,48.5,57.72,43944.23
HLA-B*51:03,SCIIVVESV,2.614,4.845,25805.8
HLA-B*51:03,CIIVVESVA,35.667,19.534,36310.78
HLA-B*51:03,IIVVESVAI,6.31,5.73,27078.11
HLA-B*51:03,IVVESVAIL,3.251,6.151,27633.05
HLA-B*51:03,VVESVAILS,27.537,47.69,42653.18
HLA-B*51:03,VESVAILSG,45.9,36.139,40729.61
HLA-B*51:03,ESVAILSGS,33.929,26.815,38598.1
HLA-B*51:03,SVAILSGSK,51.852,57.696,43941.39
HLA-B*51:03,VAILSGSKA,2.906,3.458,23221.14
HLA-B*51:03,AILSGSKAE,70.0,93.559,47517.82
HLA-B*51:03,ILSGSKAEL,15.683,33.069,40104.73
HLA-B*51:03,LSGSKAELV,7.479,8.497,30159.54
HLA-B*51:03,SGSKAELVG,56.5,55.524,43683.99
HLA-B*51:03,GSKAELVGS,65.909,88.484,46972.92
HLA-B*51:03,SKAELVGSL,10.458,24.88,38066.41
HLA-B*51:03,KAELVGSLT,22.93,35.777,40658.31
HLA-B*51:03,AELVGSLTG,52.222,47.82,42672.58
HLA-B*51:03,ELVGSLTGS,41.333,60.141,44231.39
HLA-B*51:03,LVGSLTGSQ,74.286,80.252,46202.23
HLA-B*51:03,VGSLTGSQV,2.166,3.633,23582.71
HLA-B*51:03,GSLTGSQVA,22.48,37.745,41037.94
HLA-B*51:03,SLTGSQVAF,7.683,34.233,40344.98
HLA-B*51:03,LTGSQVAFL,13.123,13.916,33860.93
HLA-B*51:03,TGSQVAFLG,48.0,15.289,34531.36
HLA-B*51:03,GSQVAFLGL,16.72,23.451,37633.14
HLA-B*51:03,SQVAFLGLE,62.143,58.288,44011.81
HLA-B*51:03,QVAFLGLEE,42.769,64.051,44659.39
HLA-B*51:03,VAFLGLEEA,3.041,2.73,21425.58
HLA-B*51:03,AFLGLEEAN,93.333,95.57,47939.24
HLA-B*51:03,FLGLEEANV,29.159,21.201,36910.09
HLA-B*51:03,LGLEEANVT,28.857,35.982,40699.23
HLA-B*51:03,GLEEANVTG,79.167,91.281,47262.48
HLA-B*51:03,LEEANVTGL,11.013,25.223,38164.14
HLA-B*51:03,EEANVTGLA,11.673,13.326,33537.53
HLA-B*51:03,EANVTGLAL,0.737,1.648,17734.46
HLA-B*51:03,ANVTGLALP,42.615,55.936,43732.7
HLA-B*51:03,NVTGLALPE,53.889,54.096,43505.21
HLA-B*51:03,VTGLALPEQ,55.0,76.323,45848.66
HLA-B*51:03,TGLALPEQA,11.729,19.656,36356.38
HLA-B*51:03,GLALPEQAH,57.0,95.146,47746.15
HLA-B*51:03,LALPEQAHN,40.0,33.907,40277.8
HLA-B*51:03,ALPEQAHNI,4.806,14.161,33985.37
HLA-B*51:03,LPEQAHNIE,23.161,25.73,38306.05
HLA-B*51:03,PEQAHNIET,64.286,84.726,46612.46
HLA-B*51:03,EQAHNIETY,6.55,25.007,38103.91
HLA-B*51:03,QAHNIETYN,40.938,44.661,42198.75
HLA-B*51:03,AHNIETYNW,15.399,37.635,41017.09
HLA-B*51:03,HNIETYNWG,68.182,48.688,42797.43
HLA-B*51:03,NIETYNWGK,57.25,67.717,45032.04
HLA-B*51:03,IETYNWGKL,25.537,23.476,37640.86
HLA-B*51:03,ETYNWGKLM,2.255,2.304,20204.37
HLA-B*51:03,TYNWGKLML,13.286,27.008,38649.51
HLA-B*51:03,YNWGKLMLD,59.25,30.743,39583.53
HLA-B*51:03,NWGKLMLDW,34.923,37.377,40968.29
HLA-B*51:03,WGKLMLDWG,95.0,54.373,43541.0
HLA-B*51:03,GKLMLDWGA,51.852,54.799,43596.15
HLA-B*51:03,KLMLDWGAQ,78.333,86.542,46785.75
HLA-B*51:03,LMLDWGAQA,17.358,11.816,32642.16
HLA-B*51:03,MLDWGAQAT,36.905,34.548,40410.08
HLA-B*51:03,LDWGAQATD,76.667,53.986,43491.1
HLA-B*51:03,DWGAQATDL,28.224,44.828,42225.24
HLA-B*51:03,WGAQATDLD,91.667,52.666,43321.07
HLA-B*51:03,GAQATDLDN,95.0,85.979,46731.62
HLA-B*51:03,AQATDLDNP,55.75,77.564,45959.91
HLA-B*51:03,QATDLDNPM,7.583,13.37,33561.48
HLA-B*51:03,ATDLDNPMG,66.364,78.477,46042.03
HLA-B*51:03,TDLDNPMGY,21.816,48.159,42722.01
HLA-B*51:03,DLDNPMGYV,5.733,10.042,31410.1
HLA-B*51:03,LDNPMGYVL,6.482,8.121,29819.48
HLA-B*51:03,DNPMGYVLM,2.999,7.06,28742.76
HLA-B*51:03,NPMGYVLMN,8.792,2.284,20138.89
HLA-B*51:03,PMGYVLMNL,43.455,36.73,40844.38
HLA-B*51:03,MGYVLMNLA,6.277,1.394,16543.13
HLA-B*51:03,GYVLMNLAF,36.524,52.312,43275.64
HLA-B*51:03,YVLMNLAFI,5.729,1.375,16442.13
HLA-B*51:03,VLMNLAFIL,13.746,5.548,26834.28
HLA-B*51:03,LMNLAFILQ,52.593,55.636,43697.2
HLA-B*51:03,MNLAFILQT,15.642,11.575,32481.87
HLA-B*51:03,NLAFILQTE,25.134,50.667,43064.96
HLA-B*51:03,LAFILQTEE,18.726,15.602,34678.11
HLA-B*51:03,AFILQTEEN,86.667,90.984,47229.26
HLA-B*51:03,FILQTEENK,47.875,58.728,44064.21
HLA-B*51:03,ILQTEENKS,75.833,90.732,47201.16
HLA-B*51:03,LQTEENKSK,50.741,83.012,46454.85
HLA-B*51:03,QTEENKSKV,4.039,18.78,36027.44
HLA-B*51:03,TEENKSKVL,10.585,42.005,41775.8
HLA-B*51:03,EENKSKVLS,29.682,52.44,43292.02
HLA-B*51:03,ENKSKVLSW,2.794,15.615,34684.13
HLA-B*51:03,NKSKVLSWN,95.0,87.716,46898.76
HLA-B*51:03,KSKVLSWNE,52.963,74.89,45719.86
HLA-B*51:03,SKVLSWNEN,72.857,82.448,46403.11
HLA-B*51:03,KVLSWNENN,90.0,82.317,46391.08
HLA-B*51:03,VLSWNENNS,78.333,83.834,46530.32
HLA-B*51:03,LSWNENNSQ,47.875,60.738,44296.54
HLA-B*51:03,SWNENNSQE,66.364,93.715,47535.32
HLA-B*51:03,WNENNSQEI,13.207,14.61,34204.86
HLA-B*51:03,NENNSQEIP,22.42,47.957,42692.89
HLA-B*51:03,ENNSQEIPE,54.074,81.468,46313.32
HLA-B*51:03,NNSQEIPEP,15.463,40.66,41555.81
HLA-B*51:03,NSQEIPEPA,5.27,8.376,30049.44
HLA-B*51:03,SQEIPEPAW,8.834,33.396,40172.04
HLA-B*51:03,QEIPEPAWL,5.714,21.195,36908.09
HLA-B*51:03,EIPEPAWLF,2.265,5.883,27283.97
HLA-B*51:03,IPEPAWLFT,3.11,2.762,21509.89
HLA-B*51:03,PEPAWLFTT,48.625,57.952,43971.81
HLA-B*51:03,EPAWLFTTL,0.052,0.127,4647.02
HLA-B*51:03,PAWLFTTLG,35.667,16.063,34893.41
HLA-B*51:03,AWLFTTLGL,31.794,34.0,40296.98
HLA-B*51:03,WLFTTLGLT,48.125,20.719,36742.35
HLA-B*51:03,LFTTLGLTG,59.0,41.218,41648.53
HLA-B*51:03,FTTLGLTGL,15.075,16.956,35292.86
HLA-B*51:03,TTLGLTGLG,50.556,26.631,38549.26
HLA-B*51:03,TLGLTGLGC,62.5,67.623,45022.78
HLA-B*51:03,LGLTGLGCV,12.53,7.445,29168.52
HLA-B*51:03,GLTGLGCVI,33.393,31.186,39686.46
HLA-B*51:03,LTGLGCVIQ,81.25,82.497,46407.62
HLA-B*51:03,TGLGCVIQG,59.25,42.847,41915.7
HLA-B*51:03,GLGCVIQGA,68.182,67.717,45032.04
HLA-B*51:03,LGCVIQGAY,34.231,25.538,38252.21
HLA-B*51:03,GCVIQGAYI,24.169,28.649,39082.63
HLA-B*51:03,CVIQGAYIE,57.0,56.992,43857.79
HLA-B*51:03,VIQGAYIEL,8.341,16.07,34896.8
HLA-B*51:03,IQGAYIELL,9.51,14.982,34387.44
HLA-B*51:03,QGAYIELLR,43.182,57.408,43907.17
HLA-B*51:03,GAYIELLRR,35.792,62.078,44442.96
HLA-B*51:03,AYIELLRRL,8.908,29.689,39335.06
HLA-B*51:03,YIELLRRLD,68.636,64.486,44707.25
HLA-B*51:03,IELLRRLDI,8.607,7.185,28880.22
HLA-B*51:03,ELLRRLDIS,47.5,51.794,43209.21
HLA-B*51:03,LLRRLDISL,5.169,10.03,31401.61
HLA-B*51:03,LRRLDISLK,69.545,80.066,46185.22
HLA-B*51:03,RRLDISLKR,31.324,80.323,46208.73
HLA-B*51:03,RLDISLKRL,23.471,49.791,42950.97
HLA-B*51:03,LDISLKRLL,10.558,15.949,34841.35
HLA-B*51:03,DISLKRLLV,1.554,2.536,20927.71
HLA-B*51:03,ISLKRLLVF,3.119,3.191,22584.81
HLA-B*51:03,SLKRLLVFV,9.655,13.673,33727.12
HLA-B*51:03,LKRLLVFVE,69.091,68.135,45073.47
HLA-B*51:03,KRLLVFVEP,46.111,58.088,43988.0
HLA-B*51:03,RLLVFVEPF,27.463,21.644,37056.94
HLA-B*51:03,LLVFVEPFN,59.25,50.897,43094.33
HLA-B*51:03,LVFVEPFNQ,31.824,44.089,42107.98
HLA-B*51:03,VFVEPFNQT,26.117,48.49,42769.18
HLA-B*51:03,FVEPFNQTL,1.493,5.33,26523.97
HLA-B*51:03,VEPFNQTLP,38.889,53.662,43449.24
HLA-B*51:03,EPFNQTLPD,15.522,5.115,26214.98
HLA-B*51:03,PFNQTLPDI,37.947,41.243,41652.59
HLA-B*51:03,FNQTLPDIR,57.5,76.573,45870.99
HLA-B*51:03,NQTLPDIRH,46.0,84.803,46619.49
HLA-B*51:03,QTLPDIRHI,0.847,2.487,20793.42
HLA-B*51:03,TLPDIRHIL,4.956,17.377,35469.33
HLA-B*51:03,LPDIRHILL,0.108,0.312,7943.45
HLA-B*51:03,PDIRHILLK,60.357,75.792,45801.05
HLA-B*51:03,DIRHILLKG,18.22,20.944,36823.14
HLA-B*51:03,IRHILLKGV,12.694,30.703,39574.11
HLA-B*51:03,RHILLKGVG,65.0,51.317,43148.0
HLA-B*51:03,HILLKGVGG,52.037,57.404,43906.69
HLA-B*51:03,ILLKGVGGT,64.286,63.739,44625.1
HLA-B*51:03,LLKGVGGTQ,57.75,77.071,45915.68
HLA-B*51:03,LKGVGGTQM,27.519,54.861,43604.16
HLA-B*51:03,KGVGGTQMI,8.823,15.95,34841.71
HLA-B*51:03,GVGGTQMIV,26.0,34.08,40313.56
HLA-B*51:03,VGGTQMIVL,9.149,22.006,37177.42
HLA-B*51:03,GGTQMIVLD,86.667,70.605,45315.54
HLA-B*51:03,GTQMIVLDL,23.874,33.556,40205.08
HLA-B*51:03,TQMIVLDLR,37.842,45.055,42260.9
HLA-B*51:03,QMIVLDLRQ,57.25,65.394,44802.65
HLA-B*51:03,MIVLDLRQE,51.481,62.803,44522.36
HLA-B*51:03,IVLDLRQER,26.917,57.232,43886.25
HLA-B*51:03,VLDLRQERA,17.078,44.103,42110.26
HLA-B*51:03,LDLRQERAF,20.171,32.722,40029.72
HLA-B*51:03,DLRQERAFH,27.944,64.17,44672.44
HLA-B*51:03,LRQERAFHV,10.331,15.023,34407.16
HLA-B*51:03,RQERAFHVV,6.694,15.757,34750.98
HLA-B*51:03,QERAFHVVS,29.795,42.676,41887.13
HLA-B*51:03,ERAFHVVSI,3.815,6.041,27494.68
HLA-B*51:03,RAFHVVSIT,10.394,10.594,31806.81
HLA-B*51:03,AFHVVSITK,53.889,72.646,45507.62
HLA-B*51:03,FHVVSITKT,23.816,30.279,39474.9
HLA-B*51:03,HVVSITKTC,7.497,22.347,37284.57
HLA-B*51:03,VVSITKTCL,11.564,21.145,36891.31
HLA-B*51:03,VSITKTCLY,7.669,11.683,32553.63
HLA-B*51:03,SITKTCLYV,8.976,6.96,28628.84
HLA-B*51:03,ITKTCLYVE,61.429,63.757,44627.03
HLA-B*51:03,TKTCLYVEG,90.0,62.184,44454.51
HLA-B*51:03,KTCLYVEGS,70.714,78.976,46086.89
HLA-B*51:03,TCLYVEGSL,21.158,23.765,37732.61
HLA-B*51:03,CLYVEGSLP,34.577,18.273,35833.84
HLA-B*51:03,LYVEGSLPQ,64.643,71.759,45424.0
HLA-B*51:03,YVEGSLPQF,3.043,13.821,33808.59
HLA-B*51:03,VEGSLPQFT,34.423,53.767,43462.86
HLA-B*51:03,EGSLPQFTA,4.346,6.067,27526.82
HLA-B*51:03,GSLPQFTAA,9.326,17.559,35545.4
HLA-B*51:03,SLPQFTAAK,40.0,55.064,43629.65
HLA-B*51:03,LPQFTAAKK,13.78,13.051,33387.63
HLA-B*51:03,PQFTAAKKL,13.462,36.118,40725.65
HLA-B*51:03,QFTAAKKLV,21.982,34.025,40302.23
HLA-B*51:03,FTAAKKLVE,38.944,44.822,42224.31
HLA-B*51:03,TAAKKLVES,12.532,28.714,39098.71
HLA-B*51:03,AAKKLVESV,0.861,3.5,23324.88
HLA-B*51:03,AKKLVESVS,72.143,91.606,47298.82
HLA-B*51:03,KKLVESVST,64.643,82.185,46379.02
HLA-B*51:03,KLVESVSTE,53.148,83.801,46527.29
HLA-B*51:03,LVESVSTEL,6.502,14.681,34239.66
HLA-B*51:03,VESVSTELF,10.101,15.059,34423.92
HLA-B*51:03,ESVSTELFA,8.174,7.062,28745.86
HLA-B*51:03,SVSTELFAP,25.836,33.328,40158.13
HLA-B*51:03,VSTELFAPS,43.273,24.579,37977.55
HLA-B*51:03,STELFAPSK,30.027,46.204,42433.64
HLA-B*51:03,TELFAPSKH,23.793,63.735,44624.61
HLA-B*51:03,ELFAPSKHK,14.656,36.232,40747.69
HLA-B*51:03,LFAPSKHKA,13.104,28.485,39041.64
HLA-B*51:03,FAPSKHKAE,26.2,44.957,42245.8
HLA-B*51:03,APSKHKAEE,29.705,61.995,44433.82
HLA-B*51:03,PSKHKAEEA,30.973,63.783,44629.91
HLA-B*51:03,SKHKAEEAF,20.675,54.829,43599.92
HLA-B*51:03,KHKAEEAFP,69.545,82.317,46391.08
HLA-B*51:03,HKAEEAFPK,49.429,72.166,45462.36
HLA-B*51:03,KAEEAFPKS,29.659,53.625,43444.54
HLA-B*51:03,AEEAFPKSH,32.258,87.237,46852.63
HLA-B*51:03,EEAFPKSHP,13.38,36.325,40765.77
HLA-B*51:03,EAFPKSHPK,3.202,8.233,29920.96
HLA-B*51:03,AFPKSHPKR,33.607,82.574,46414.66
HLA-B*51:03,FPKSHPKRG,4.512,12.179,32871.11
HLA-B*51:03,PKSHPKRGE,95.0,98.653,49364.1
HLA-B*51:03,KSHPKRGEI,7.633,19.571,36324.53
HLA-B*51:03,SHPKRGEIV,12.368,29.982,39405.34
HLA-B*51:03,HPKRGEIVP,4.768,11.485,32422.16
HLA-B*51:03,PKRGEIVPA,57.75,78.189,46016.14
HLA-B*51:03,KRGEIVPAR,52.593,94.565,47631.07
HLA-B*51:03,RGEIVPARS,55.25,79.956,46175.24
HLA-B*51:03,GEIVPARSV,5.831,13.277,33510.68
HLA-B*51:03,EIVPARSVE,32.387,66.378,44899.69
HLA-B*51:03,IVPARSVEM,5.72,14.249,34028.42
HLA-B*51:03,VPARSVEMM,0.589,1.73,18101.45
HLA-B*51:03,PARSVEMMR,47.0,79.518,46135.77
HLA-B*51:03,ARSVEMMRP,55.75,75.554,45779.76
HLA-B*51:03,RSVEMMRPP,31.324,23.265,37574.55
HLA-B*51:03,SVEMMRPPE,75.0,73.539,45591.9
HLA-B*51:03,VEMMRPPED,37.947,47.316,42597.38
HLA-B*51:03,EMMRPPEDL,10.826,18.444,35899.04
HLA-B*51:03,MMRPPEDLY,11.829,14.37,34087.38
HLA-B*51:03,MRPPEDLYL,8.853,22.754,37413.08
HLA-B*51:03,RPPEDLYLG,17.145,15.965,34848.88
HLA-B*51:03,PPEDLYLGH,27.333,69.375,45196.54
HLA-B*51:03,PEDLYLGHI,21.807,28.327,39002.38
HLA-B*51:03,EDLYLGHIF,7.003,13.499,33631.64
HLA-B*51:03,DLYLGHIFD,43.909,32.087,39891.39
HLA-B*51:03,LYLGHIFDP,50.185,41.349,41669.73
HLA-B*51:03,YLGHIFDPH,63.571,55.808,43717.55
HLA-B*51:03,LGHIFDPHW,8.091,7.138,28828.4
HLA-B*51:03,GHIFDPHWH,57.0,89.163,47038.52
HLA-B*51:03,HIFDPHWHK,6.961,18.747,36014.96
HLA-B*51:03,IFDPHWHKT,9.46,35.837,40670.16
HLA-B*51:03,FDPHWHKTL,6.248,14.35,34077.79
HLA-B*51:03,DPHWHKTLG,5.373,4.168,24628.68
HLA-B*51:03,PHWHKTLGY,36.333,56.556,43806.09
HLA-B*51:03,HWHKTLGYP,50.741,62.43,44481.44
HLA-B*51:03,WHKTLGYPV,18.622,7.015,28693.98
HLA-B*51:03,HKTLGYPVT,51.296,72.187,45464.32
HLA-B*51:03,KTLGYPVTP,19.02,32.02,39876.7
HLA-B*51:03,TLGYPVTPD,90.0,81.342,46301.8
HLA-B*51:03,LGYPVTPDN,40.938,36.727,40843.93
HLA-B*51:03,GYPVTPDNI,18.47,47.65,42647.19
HLA-B*51:03,YPVTPDNID,22.18,13.844,33821.04
HLA-B*51:03,PVTPDNIDY,52.037,87.116,46840.97
HLA-B*51:03,VTPDNIDYW,3.78,9.733,31186.59
HLA-B*51:03,TPDNIDYWG,39.647,22.301,37270.05
HLA-B*51:03,PDNIDYWGI,51.481,54.555,43564.56
HLA-B*51:03,DNIDYWGIN,53.148,43.67,42043.34
HLA-B*51:03,NIDYWGINY,28.898,40.215,41480.78
HLA-B*51:03,IDYWGINYI,3.835,2.812,21640.39
HLA-B*51:03,DYWGINYIV,3.809,2.864,21777.33
HLA-B*51:03,YWGINYIVD,95.0,82.919,46446.31
HLA-B*51:03,WGINYIVDQ,67.273,65.62,44824.96
HLA-B*51:03,GINYIVDQT,62.857,78.621,46054.98
HLA-B*51:03,INYIVDQTM,3.213,5.879,27278.07
HLA-B*51:03,NYIVDQTMG,63.571,66.811,44942.48
HLA-B*51:03,YIVDQTMGV,3.705,4.988,26032.1
HLA-B*51:03,IVDQTMGVP,35.917,40.527,41533.33
HLA-B*51:03,VDQTMGVPS,68.182,60.07,44223.75
HLA-B*51:03,DQTMGVPSP,7.528,14.994,34393.38
HLA-B*51:03,QTMGVPSPE,41.667,49.35,42890.13
HLA-B*51:03,TMGVPSPEL,11.996,17.117,35361.27
HLA-B*51:03,MGVPSPELT,14.363,17.638,35578.49
HLA-B*51:03,GVPSPELTS,42.154,82.519,46409.63
HLA-B*51:03,VPSPELTSH,3.752,23.626,37688.54
HLA-B*51:03,PSPELTSHI,8.102,17.643,35580.39
HLA-B*51:03,SPELTSHIL,0.476,2.051,19415.07
HLA-B*51:03,PELTSHILS,66.364,74.666,45698.58
HLA-B*51:03,ELTSHILSR,19.095,47.183,42577.58
HLA-B*51:03,LTSHILSRL,5.689,8.207,29897.35
HLA-B*51:03,TSHILSRLS,33.036,31.307,39713.93
HLA-B*51:03,SHILSRLST,26.217,25.91,38356.63
HLA-B*51:03,HILSRLSTY,11.212,19.785,36404.8
HLA-B*51:03,ILSRLSTYG,60.0,45.812,42375.36
HLA-B*51:03,LSRLSTYGP,29.432,23.352,37601.8
HLA-B*51:03,SRLSTYGPY,43.0,49.508,42911.96
HLA-B*51:03,RLSTYGPYG,70.0,61.371,44365.61
HLA-B*51:03,LSTYGPYGG,78.333,56.844,43840.23
HLA-B*51:03,STYGPYGGD,45.1,46.32,42450.61
HLA-B*51:03,TYGPYGGDY,34.846,54.887,43607.48
HLA-B*51:03,YGPYGGDYM,12.863,19.759,36394.94
HLA-B*51:03,GPYGGDYMT,10.742,14.554,34177.12
HLA-B*51:03,PYGGDYMTI,35.083,36.918,40881.06
HLA-B*51:03,YGGDYMTIK,45.0,58.176,43998.47
HLA-B*51:03,GGDYMTIKC,34.692,69.532,45212.2
HLA-B*51:03,GDYMTIKCD,93.333,84.129,46557.51
HLA-B*51:03,DYMTIKCDG,73.571,46.304,42448.31
HLA-B*51:03,YMTIKCDGD,97.5,76.694,45881.91
HLA-B*51:03,MTIKCDGDA,61.429,30.792,39595.09
HLA-B*51:03,TIKCDGDAI,18.89,12.131,32842.31
HLA-B*51:03,IKCDGDAIE,86.667,96.069,48166.95
HLA-B*51:03,KCDGDAIEL,28.796,68.75,45134.47
HLA-B*51:03,CDGDAIELV,20.407,22.046,37189.89
HLA-B*51:03,DGDAIELVV,0.985,2.353,20359.52
HLA-B*51:03,GDAIELVVF,27.685,53.862,43475.09
HLA-B*51:03,DAIELVVFL,0.043,0.202,6128.46
HLA-B*51:03,AIELVVFLI,15.854,23.407,37619.29
HLA-B*51:03,IELVVFLIW,6.743,13.672,33726.38
HLA-B*51:03,ELVVFLIWV,21.009,22.752,37412.28
HLA-B*51:03,LVVFLIWVE,64.286,63.128,44558.04
HLA-B*51:03,VVFLIWVEQ,45.8,58.544,44042.28
HLA-B*51:03,VFLIWVEQP,40.812,42.357,41834.14
HLA-B*51:03,FLIWVEQPF,18.098,6.51,28089.13
HLA-B*51:03,LIWVEQPFF,9.9,6.118,27590.63
HLA-B*51:03,IWVEQPFFP,38.0,42.332,41830.07
HLA-B*51:03,WVEQPFFPR,36.0,40.484,41526.15
HLA-B*51:03,VEQPFFPRL,1.264,4.949,25970.21
HLA-B*51:03,EQPFFPRLN,40.375,47.827,42673.49
HLA-B*51:03,QPFFPRLNS,5.732,5.699,27035.95
HLA-B*51:03,PFFPRLNSI,6.186,13.313,33530.26
HLA-B*51:03,FFPRLNSIF,15.019,17.982,35722.35
HLA-B*51:03,FPRLNSIFA,0.721,0.277,7366.03
HLA-B*51:03,PRLNSIFAP,65.909,76.473,45862.05
HLA-B*51:03,RLNSIFAPV,20.26,9.772,31215.29
HLA-B*51:03,LNSIFAPVK,46.222,47.892,42683.21
HLA-B*51:03,NSIFAPVKN,42.231,34.721,40445.93
HLA-B*51:03,SIFAPVKNN,50.556,61.56,44386.24
HLA-B*51:03,IFAPVKNNL,5.046,16.42,35052.71
HLA-B*51:03,FAPVKNNLD,49.0,37.581,41006.88
HLA-B*51:03,APVKNNLDE,47.125,58.864,44080.44
HLA-B*51:03,PVKNNLDEE,82.5,96.289,48267.64
HLA-B*51:03,VKNNLDEES,80.0,93.879,47553.84
HLA-B*51:03,KNNLDEESK,83.75,96.558,48391.03
HLA-B*51:03,NNLDEESKQ,62.5,95.602,47953.74
HLA-B*51:03,NLDEESKQI,4.892,16.473,35076.23
HLA-B*51:03,LDEESKQIS,56.25,87.768,46903.84
HLA-B*51:03,DEESKQISR,28.163,76.03,45822.38
HLA-B*51:03,EESKQISRS,26.7,53.957,43487.31
HLA-B*51:03,ESKQISRSG,14.911,35.121,40527.86
HLA-B*51:03,SKQISRSGP,61.429,81.605,46325.87
HLA-B*51:03,KQISRSGPG,62.143,65.797,44842.42
HLA-B*51:03,QISRSGPGV,13.202,24.421,37930.72
HLA-B*51:03,ISRSGPGVS,58.5,68.125,45072.48
HLA-B*51:03,SRSGPGVSF,9.345,40.963,41607.11
HLA-B*51:03,RSGPGVSFT,34.577,58.86,44079.96
HLA-B*51:03,SGPGVSFTP,9.483,20.306,36594.36
HLA-B*51:03,GPGVSFTPQ,47.0,63.282,44574.91
HLA-B*51:03,PGVSFTPQA,15.235,30.673,39567.27
HLA-B*51:03,GVSFTPQAA,27.963,50.029,42983.5
HLA-B*51:03,VSFTPQAAG,23.333,18.398,35881.57
HLA-B*51:03,SFTPQAAGW,13.43,29.135,39202.48
HLA-B*51:03,FTPQAAGWG,70.0,36.22,40745.48
HLA-B*51:03,TPQAAGWGH,16.022,30.896,39619.51
HLA-B*51:03,PQAAGWGHT,88.333,89.016,47024.27
HLA-B*51:03,QAAGWGHTD,32.161,34.226,40343.65
HLA-B*51:03,AAGWGHTDK,68.182,86.168,46749.83
HLA-B*51:03,AGWGHTDKR,46.111,69.577,45216.6
HLA-B*51:03,GWGHTDKRL,56.5,94.909,47669.76
HLA-B*51:03,WGHTDKRLG,80.0,67.131,44974.08
HLA-B*51:03,GHTDKRLGM,30.459,69.956,45254.26
HLA-B*51:03,HTDKRLGMM,12.815,24.606,37985.36
HLA-B*51:03,TDKRLGMMF,15.78,26.549,38527.59
HLA-B*51:03,DKRLGMMFE,54.815,67.776,45037.88
HLA-B*51:03,KRLGMMFED,93.333,81.725,46336.9
HLA-B*51:03,RLGMMFEDI,36.81,23.101,37522.54
HLA-B*51:03,LGMMFEDIL,13.701,3.937,24186.1
HLA-B*51:03,GMMFEDILA,44.455,32.522,39986.02
HLA-B*51:03,MMFEDILAD,38.611,16.102,34910.79
HLA-B*51:03,MFEDILADV,13.452,12.238,32905.98
HLA-B*51:03,FEDILADVI,3.94,2.867,21785.33
HLA-B*51:03,EDILADVIS,48.625,60.47,44267.29
HLA-B*51:03,DILADVISV,0.75,1.147,15214.65
HLA-B*51:03,ILADVISVV,2.137,3.427,23146.89
HLA-B*51:03,LADVISVVQ,26.05,40.747,41570.66
HLA-B*51:03,ADVISVVQS,50.741,79.286,46114.83
HLA-B*51:03,DVISVVQSG,5.902,8.436,30104.12
HLA-B*51:03,VISVVQSGG,61.429,57.852,43959.93
HLA-B*51:03,ISVVQSGGL,14.564,14.616,34207.81
HLA-B*51:03,SVVQSGGLS,53.519,54.267,43527.35
HLA-B*51:03,VVQSGGLSD,54.074,66.531,44914.75
HLA-B*51:03,VQSGGLSDE,82.5,95.429,47874.94
HLA-B*51:03,QSGGLSDED,91.667,86.268,46759.45
HLA-B*51:03,SGGLSDEDI,28.531,29.046,39181.28
HLA-B*51:03,GGLSDEDIA,70.0,76.523,45866.52
HLA-B*51:03,GLSDEDIAG,78.333,95.113,47731.16
HLA-B*51:03,LSDEDIAGT,37.684,55.208,43646.65
HLA-B*51:03,SDEDIAGTS,46.667,71.273,45378.32
HLA-B*51:03,DEDIAGTSD,38.389,65.448,44807.96
HLA-B*51:03,EDIAGTSDN,79.167,86.758,46806.51
HLA-B*51:03,DIAGTSDNI,2.865,3.66,23636.87
HLA-B*51:03,IAGTSDNIN,86.667,74.749,45706.51
HLA-B*51:03,AGTSDNINV,19.858,34.964,40496.3
HLA-B*51:03,GTSDNINVG,61.429,78.25,46021.6
HLA-B*51:03,TSDNINVGY,18.927,44.233,42130.77
HLA-B*51:03,SDNINVGYI,11.075,9.164,30735.05
HLA-B*51:03,DNINVGYIY,6.751,11.655,32534.97
HLA-B*51:03,NINVGYIYT,29.682,39.123,41291.82
HLA-B*51:03,INVGYIYTD,64.643,43.664,42042.42
HLA-B*51:03,NVGYIYTDS,66.364,60.127,44229.97
HLA-B*51:03,VGYIYTDSP,18.439,13.606,33690.64
HLA-B*51:03,GYIYTDSPS,91.667,83.171,46469.44
HLA-B*51:03,YIYTDSPSI,0.893,0.711,12186.96
HLA-B*51:03,IYTDSPSIR,48.5,85.258,46662.39
HLA-B*51:03,YTDSPSIRF,1.735,7.831,29547.46
HLA-B*51:03,TDSPSIRFK,37.947,69.409,45199.95
HLA-B*51:03,DSPSIRFKE,16.716,34.562,40413.12
HLA-B*51:03,SPSIRFKEG,12.979,17.391,35475.46
HLA-B*51:03,PSIRFKEGN,93.333,94.145,47583.69
HLA-B*51:03,SIRFKEGNN,93.333,93.692,47532.75
HLA-B*51:03,IRFKEGNNG,61.786,72.542,45497.79
HLA-B*51:03,RFKEGNNGL,26.717,66.531,44914.75
HLA-B*51:03,FKEGNNGLA,36.333,45.8,42373.53
HLA-B*51:03,KEGNNGLAA,43.636,53.592,43440.3
HLA-B*51:03,EGNNGLAAA,10.623,18.211,35810.21
HLA-B*51:03,GNNGLAAAN,95.0,91.798,47320.3
HLA-B*51:03,NNGLAAANK,66.818,77.193,45926.61
HLA-B*51:03,NGLAAANKV,2.105,2.333,20296.4
HLA-B*51:03,GLAAANKVD,97.5,96.136,48197.71
HLA-B*51:03,LAAANKVDM,7.262,11.441,32392.36
HLA-B*51:03,AAANKVDMA,14.812,27.137,38684.64
HLA-B*51:03,AANKVDMAW,6.568,11.716,32575.47
HLA-B*51:03,ANKVDMAWR,76.667,95.054,47704.32
HLA-B*51:03,NKVDMAWRM,9.834,17.494,35518.11
HLA-B*51:03,KVDMAWRMR,59.5,87.916,46918.06
HLA-B*51:03,VDMAWRMRK,50.37,48.273,42738.18
HLA-B*51:03,DMAWRMRKQ,43.909,58.676,44058.02
HLA-B*51:03,MAWRMRKQV,0.97,0.369,8719.0
HLA-B*51:03,AWRMRKQVV,35.208,55.24,43650.42
HLA-B*51:03,WRMRKQVVS,57.75,48.737,42804.36
HLA-B*51:03,RMRKQVVSD,77.5,76.257,45842.69
HLA-B*51:03,MRKQVVSDI,12.331,17.94,35704.96
HLA-B*51:03,RKQVVSDIG,90.0,83.647,46513.18
HLA-B*51:03,KQVVSDIGK,71.429,90.842,47213.43
HLA-B*51:03,QVVSDIGKS,62.857,74.118,45646.71
HLA-B*51:03,VVSDIGKSM,5.708,16.47,35075.09
HLA-B*51:03,VSDIGKSMT,27.981,56.464,43795.18
HLA-B*51:03,SDIGKSMTC,16.338,38.484,41175.37
HLA-B*51:03,DIGKSMTCG,65.0,59.188,44119.09
HLA-B*51:03,IGKSMTCGN,95.0,65.192,44782.77
HLA-B*51:03,GKSMTCGNN,100.0,95.627,47965.15
HLA-B*51:03,KSMTCGNNV,13.886,7.865,29580.08
HLA-B*51:03,SMTCGNNVK,76.667,76.19,45836.74
HLA-B*51:03,MTCGNNVKR,26.783,50.157,42999.8
HLA-B*51:03,TCGNNVKRS,49.0,94.803,47657.89
HLA-B*51:03,CGNNVKRSR,48.5,69.572,45216.11
HLA-B*51:03,GNNVKRSRR,83.75,97.039,48613.02
HLA-B*51:03,NNVKRSRRR,40.312,82.256,46385.54
HLA-B*51:03,NVKRSRRRL,15.746,38.671,41209.69
HLA-B*51:03,VKRSRRRLV,26.817,52.261,43269.08
HLA-B*51:03,KRSRRRLVS,85.0,90.435,47167.99
HLA-B*51:03,RSRRRLVSA,16.204,18.544,35937.12
HLA-B*51:03,SRRRLVSAL,25.045,34.7,40441.57
HLA-B*51:03,RRRLVSALK,70.714,78.284,46024.6
HLA-B*51:03,RRLVSALKD,90.0,83.22,46473.96
HLA-B*51:03,RLVSALKDT,74.286,83.302,46481.49
HLA-B*51:03,LVSALKDTL,9.787,15.026,34408.27
HLA-B*51:03,VSALKDTLQ,52.037,77.78,45979.3
HLA-B*51:03,SALKDTLQG,27.722,26.419,38493.0
HLA-B*51:03,ALKDTLQGY,18.866,54.942,43614.54
HLA-B*51:03,LKDTLQGYA,42.385,45.118,42270.5
HLA-B*51:03,KDTLQGYAS,78.333,89.558,47076.7
HLA-B*51:03,DTLQGYASL,0.768,1.64,17701.68
HLA-B*51:03,TLQGYASLQ,68.182,75.044,45734.2
HLA-B*51:03,LQGYASLQQ,69.545,81.243,46292.78
HLA-B*51:03,QGYASLQQN,51.852,49.774,42948.64
HLA-B*51:03,GYASLQQND,95.0,95.458,47887.91
HLA-B*51:03,YASLQQNDY,10.057,14.89,34342.07
HLA-B*51:03,ASLQQNDYE,78.333,83.888,46535.36
HLA-B*51:03,SLQQNDYEI,12.014,12.713,33188.11
HLA-B*51:03,LQQNDYEIL,20.187,26.755,38582.24
HLA-B*51:03,QQNDYEILL,2.546,13.039,33380.76
HLA-B*51:03,QNDYEILLS,49.143,67.795,45039.82
HLA-B*51:03,NDYEILLSA,2.665,3.185,22570.65
HLA-B*51:03,DYEILLSAV,4.765,6.924,28585.52
HLA-B*51:03,YEILLSAVD,59.25,30.697,39572.83
HLA-B*51:03,EILLSAVDA,23.08,19.107,36151.61
HLA-B*51:03,ILLSAVDAT,51.667,47.467,42619.97
HLA-B*51:03,LLSAVDATA,25.06,22.192,37235.8
HLA-B*51:03,LSAVDATAM,10.295,12.933,33319.79
HLA-B*51:03,SAVDATAMN,34.269,38.414,41162.46
HLA-B*51:03,AVDATAMNK,50.926,76.528,45867.0
HLA-B*51:03,VDATAMNKT,51.667,69.783,45237.13
HLA-B*51:03,DATAMNKTI,0.051,0.108,4255.94
HLA-B*51:03,ATAMNKTIA,27.889,40.082,41458.34
HLA-B*51:03,TAMNKTIAA,2.024,2.319,20252.96
HLA-B*51:03,AMNKTIAAI,8.074,8.936,30541.45
HLA-B*51:03,MNKTIAAIV,3.159,2.175,19795.61
HLA-B*51:03,NKTIAAIVH,62.143,82.859,46440.8
HLA-B*51:03,KTIAAIVHD,65.909,54.336,43536.28
HLA-B*51:03,TIAAIVHDD,64.286,67.766,45036.92
HLA-B*51:03,IAAIVHDDP,30.351,25.08,38124.12
HLA-B*51:03,AAIVHDDPT,46.111,34.934,40490.16
HLA-B*51:03,AIVHDDPTS,67.273,91.414,47277.32
HLA-B*51:03,IVHDDPTSE,39.059,79.014,46090.36
HLA-B*51:03,VHDDPTSER,26.017,82.081,46369.48
HLA-B*51:03,HDDPTSERQ,58.5,95.21,47775.07
HLA-B*51:03,DDPTSERQD,71.429,95.935,48105.48
HLA-B*51:03,DPTSERQDG,30.189,50.062,42987.69
HLA-B*51:03,PTSERQDGP,67.273,89.084,47030.91
HLA-B*51:03,TSERQDGPT,72.857,73.356,45574.64
HLA-B*51:03,SERQDGPTL,3.484,13.906,33855.45
HLA-B*51:03,ERQDGPTLR,38.833,90.672,47194.52
HLA-B*51:03,RQDGPTLRN,60.714,85.453,46681.08
HLA-B*51:03,QDGPTLRNL,14.369,45.076,42264.09
HLA-B*51:03,DGPTLRNLC,11.645,25.436,38223.65
HLA-B*51:03,GPTLRNLCE,52.778,58.496,44036.57
HLA-B*51:03,PTLRNLCEP,60.0,51.98,43233.04
HLA-B*51:03,TLRNLCEPY,36.095,32.528,39987.3
HLA-B*51:03,LRNLCEPYR,80.0,87.132,46842.48
HLA-B*51:03,RNLCEPYRK,72.143,86.132,46746.27
HLA-B*51:03,NLCEPYRKN,65.455,77.375,45942.99
HLA-B*51:03,LCEPYRKNN,91.667,94.639,47639.33
HLA-B*51:03,CEPYRKNNS,80.0,87.926,46919.09
HLA-B*51:03,EPYRKNNSS,3.46,5.094,26185.21
HLA-B*51:03,PYRKNNSSE,93.333,96.229,48239.97
HLA-B*51:03,YRKNNSSEG,70.714,82.196,46380.01
HLA-B*51:03,RKNNSSEGL,37.211,79.164,46103.83
HLA-B*51:03,KNNSSEGLK,88.333,95.28,47807.13
HLA-B*51:03,NNSSEGLKD,85.0,82.377,46396.58
HLA-B*51:03,NSSEGLKDV,5.555,13.711,33747.92
HLA-B*51:03,SSEGLKDVD,83.75,88.463,46970.89
HLA-B*51:03,SEGLKDVDH,67.273,95.748,48020.21
HLA-B*51:03,EGLKDVDHV,2.862,4.639,25483.38
HLA-B*51:03,GLKDVDHVS,51.481,82.399,46398.59
HLA-B*51:03,LKDVDHVSA,28.694,42.163,41802.02
HLA-B*51:03,KDVDHVSAV,8.298,20.77,36760.64
HLA-B*51:03,DVDHVSAVL,1.83,5.303,26484.12
HLA-B*51:03,VDHVSAVLN,71.429,64.688,44729.52
HLA-B*51:03,DHVSAVLNI,0.992,1.329,16194.77
HLA-B*51:03,HVSAVLNIA,13.644,16.793,35219.6
HLA-B*51:03,VSAVLNIAS,40.875,36.798,40857.63
HLA-B*51:03,SAVLNIASD,27.704,23.972,37798.0
HLA-B*51:03,AVLNIASDK,70.714,80.476,46222.71
HLA-B*51:03,VLNIASDKT,53.519,64.099,44664.69
HLA-B*51:03,LNIASDKTM,12.884,21.16,36896.52
HLA-B*51:03,NIASDKTML,16.093,34.74,40449.87
HLA-B*51:03,IASDKTMLQ,19.926,38.942,41259.66
HLA-B*51:03,ASDKTMLQV,2.926,10.073,31431.86
HLA-B*51:03,SDKTMLQVG,55.75,60.655,44287.43
HLA-B*51:03,DKTMLQVGL,9.916,19.266,36210.74
HLA-B*51:03,KTMLQVGLD,85.0,49.051,42848.85
HLA-B*51:03,TMLQVGLDK,49.429,54.602,43570.69
HLA-B*51:03,MLQVGLDKR,46.556,72.573,45500.75
HLA-B*51:03,LQVGLDKRY,30.405,54.486,43555.6
HLA-B*51:03,QVGLDKRYK,68.636,91.743,47314.17
HLA-B*51:03,VGLDKRYKF,7.078,17.635,35577.32
HLA-B*51:03,GLDKRYKFP,69.545,88.005,46926.69
HLA-B*51:03,LDKRYKFPL,31.941,25.737,38308.1
HLA-B*51:03,DKRYKFPLH,39.118,76.357,45851.62
HLA-B*51:03,KRYKFPLHD,58.0,69.98,45256.71
HLA-B*51:03,RYKFPLHDK,67.727,92.685,47419.74
HLA-B*51:03,YKFPLHDKF,3.894,11.259,32272.02
HLA-B*51:03,KFPLHDKFP,67.727,86.237,46756.4
HLA-B*51:03,FPLHDKFPD,27.093,6.272,27786.27
HLA-B*51:03,PLHDKFPDM,22.85,46.335,42452.91
HLA-B*51:03,LHDKFPDMA,28.592,37.215,40937.73
HLA-B*51:03,HDKFPDMAL,9.634,27.675,38831.84
HLA-B*51:03,DKFPDMALV,1.492,1.992,19224.64
HLA-B*51:03,KFPDMALVT,36.619,63.137,44558.99
HLA-B*51:03,FPDMALVTV,0.039,0.074,3402.31
HLA-B*51:03,PDMALVTVI,13.802,13.352,33551.31
HLA-B*51:03,DMALVTVIV,1.448,1.489,17062.87
HLA-B*51:03,MALVTVIVD,32.742,6.496,28071.51
HLA-B*51:03,ALVTVIVDR,49.857,89.747,47095.04
HLA-B*51:03,LVTVIVDRV,3.872,4.575,25382.94
HLA-B*51:03,VTVIVDRVK,55.5,64.482,44706.77
HLA-B*51:03,TVIVDRVKA,12.63,16.8,35222.64
HLA-B*51:03,VIVDRVKAQ,49.0,79.502,46134.29
HLA-B*51:03,IVDRVKAQP,22.67,40.75,41571.09
HLA-B*51:03,VDRVKAQPY,27.5,53.308,43403.65
HLA-B*51:03,DRVKAQPYE,53.889,78.56,46049.51
HLA-B*51:03,RVKAQPYEA,19.541,39.401,41340.1
HLA-B*51:03,VKAQPYEAM,17.751,35.28,40559.45
HLA-B*51:03,KAQPYEAMI,1.476,3.065,22288.41
HLA-B*51:03,AQPYEAMIV,16.173,26.105,38409.8
HLA-B*51:03,QPYEAMIVL,0.044,0.199,6070.71
HLA-B*51:03,PYEAMIVLR,85.0,95.519,47915.9
HLA-B*51:03,YEAMIVLRE,30.459,37.867,41061.05
HLA-B*51:03,EAMIVLREA,0.54,0.613,11402.66
HLA-B*51:03,AMIVLREAL,15.414,25.115,38134.0
HLA-B*51:03,MIVLREALS,29.136,33.486,40190.75
HLA-B*51:03,IVLREALSV,2.299,2.067,19463.03
HLA-B*51:03,VLREALSVM,7.216,11.286,32290.18
HLA-B*51:03,LREALSVMP,55.25,58.3,44013.23
HLA-B*51:03,REALSVMPD,83.75,55.92,43730.81
HLA-B*51:03,EALSVMPDI,0.29,0.193,5943.0
HLA-B*51:03,ALSVMPDID,95.0,88.268,46952.09
HLA-B*51:03,LSVMPDIDE,72.857,73.168,45556.89
HLA-B*51:03,SVMPDIDEP,15.828,25.118,38134.84
HLA-B*51:03,VMPDIDEPK,60.714,73.137,45553.93
HLA-B*51:03,MPDIDEPKF,0.558,2.334,20300.13
HLA-B*51:03,PDIDEPKFN,93.333,97.69,48914.29
HLA-B*51:03,DIDEPKFNR,19.682,66.998,44960.95
HLA-B*51:03,IDEPKFNRD,67.273,90.169,47138.4
HLA-B*51:03,DEPKFNRDA,20.195,34.452,40390.41
HLA-B*51:03,EPKFNRDAS,17.642,19.836,36423.71
HLA-B*51:03,PKFNRDASK,73.571,95.24,47789.03
HLA-B*51:03,KFNRDASKD,97.5,96.844,48522.66
HLA-B*51:03,FNRDASKDG,83.75,83.171,46469.44
HLA-B*51:03,NRDASKDGH,78.333,96.94,48567.3
HLA-B*51:03,RDASKDGHV,33.5,48.747,42805.77
HLA-B*51:03,DASKDGHVA,1.314,3.263,22753.57
HLA-B*51:03,ASKDGHVAA,9.502,29.156,39207.59
HLA-B*51:03,SKDGHVAAG,52.222,76.346,45850.64
HLA-B*51:03,KDGHVAAGV,31.588,44.58,42185.96
HLA-B*51:03,DGHVAAGVL,1.93,2.208,19900.2
HLA-B*51:03,GHVAAGVLE,64.643,80.509,46225.72
HLA-B*51:03,HVAAGVLEG,47.25,49.293,42882.25
HLA-B*51:03,VAAGVLEGS,36.952,43.583,42030.14
HLA-B*51:03,AAGVLEGSG,75.833,62.619,44502.12
HLA-B*51:03,AGVLEGSGC,49.0,68.268,45086.64
HLA-B*51:03,GVLEGSGCS,83.75,82.831,46438.28
HLA-B*51:03,VLEGSGCSA,38.944,48.273,42738.18
HLA-B*51:03,LEGSGCSAR,49.714,77.27,45933.57
HLA-B*51:03,EGSGCSARK,37.263,58.604,44049.44
HLA-B*51:03,GSGCSARKP,70.0,71.42,45392.08
HLA-B*51:03,SGCSARKPA,44.364,41.106,41630.51
HLA-B*51:03,GCSARKPAP,58.0,87.642,46891.68
HLA-B*51:03,CSARKPAPR,59.5,61.204,44347.36
HLA-B*51:03,SARKPAPRE,25.06,49.936,42970.95
HLA-B*51:03,ARKPAPRES,56.0,95.338,47833.53
HLA-B*51:03,RKPAPRESF,14.248,67.968,45056.88
HLA-B*51:03,KPAPRESFT,9.277,23.443,37630.69
HLA-B*51:03,PAPRESFTQ,54.259,83.198,46471.96
HLA-B*51:03,APRESFTQS,9.016,17.97,35717.32
HLA-B*51:03,PRESFTQSE,71.429,96.455,48343.96
HLA-B*51:03,RESFTQSEH,38.278,76.489,45863.54
HLA-B*51:03,ESFTQSEHV,0.435,0.683,11957.72
HLA-B*51:03,SFTQSEHVA,28.061,47.111,42566.98
HLA-B*51:03,FTQSEHVAT,17.109,20.915,36812.77
HLA-B*51:03,TQSEHVATL,1.603,7.481,29208.63
HLA-B*51:03,QSEHVATLP,24.221,38.516,41181.16
HLA-B*51:03,SEHVATLPE,45.9,52.662,43320.62
HLA-B*51:03,EHVATLPEM,2.503,5.948,27371.79
HLA-B*51:03,HVATLPEMI,2.005,4.883,25865.06
HLA-B*51:03,VATLPEMIA,6.07,7.183,28878.36
HLA-B*51:03,ATLPEMIAL,3.973,13.864,33832.38
HLA-B*51:03,TLPEMIALD,42.923,50.897,43094.33
HLA-B*51:03,LPEMIALDL,1.162,0.833,13182.72
HLA-B*51:03,PEMIALDLT,75.833,62.869,44529.6
HLA-B*51:03,EMIALDLTQ,30.514,37.323,40958.09
HLA-B*51:03,MIALDLTQK,32.032,48.315,42744.2
HLA-B*51:03,IALDLTQKR,14.72,33.373,40167.27
HLA-B*51:03,ALDLTQKRF,19.588,48.779,42810.38
HLA-B*51:03,LDLTQKRFL,17.124,28.907,39146.95
HLA-B*51:03,DLTQKRFLA,10.092,13.482,33622.55
HLA-B*51:03,LTQKRFLAL,4.14,4.29,24861.35
HLA-B*51:03,TQKRFLALI,4.749,4.243,24771.93
HLA-B*51:03,QKRFLALIA,28.184,31.412,39738.02
HLA-B*51:03,KRFLALIAC,43.818,67.657,45026.18
HLA-B*51:03,RFLALIACT,59.5,59.94,44208.92
HLA-B*51:03,FLALIACTA,26.75,14.726,34261.53
HLA-B*51:03,LALIACTAW,5.666,1.967,19117.61
HLA-B*51:03,ALIACTAWA,74.286,41.179,41642.22
HLA-B*51:03,LIACTAWAL,13.464,4.725,25616.9
HLA-B*51:03,IACTAWALV,3.358,0.904,13777.56
HLA-B*51:03,ACTAWALVP,56.75,52.071,43244.75
HLA-B*51:03,CTAWALVPN,93.333,41.031,41618.35
HLA-B*51:03,TAWALVPNA,1.612,1.244,15761.22
HLA-B*51:03,AWALVPNAE,77.5,95.027,47692.45
HLA-B*51:03,WALVPNAEI,0.97,0.316,7986.62
HLA-B*51:03,ALVPNAEIA,25.612,47.254,42588.18
HLA-B*51:03,LVPNAEIAD,83.75,84.003,46545.92
HLA-B*51:03,VPNAEIADM,1.151,2.9,21870.6
HLA-B*51:03,PNAEIADMN,93.333,95.637,47969.33
HLA-B*51:03,NAEIADMNN,70.0,55.12,43636.26
HLA-B*51:03,AEIADMNNV,8.14,14.798,34296.77
HLA-B*51:03,EIADMNNVR,35.333,62.153,44451.12
HLA-B*51:03,IADMNNVRT,16.004,27.222,38708.1
HLA-B*51:03,ADMNNVRTR,46.111,80.882,46259.75
HLA-B*51:03,DMNNVRTRL,4.204,10.434,31691.05
HLA-B*51:03,MNNVRTRLI,3.874,2.348,20344.54
HLA-B*51:03,NNVRTRLIA,13.699,16.237,34970.88
HLA-B*51:03,NVRTRLIAR,33.607,58.9,44084.73
HLA-B*51:03,VRTRLIARP,55.5,63.225,44568.64
HLA-B*51:03,RTRLIARPR,58.25,70.386,45294.93
HLA-B*51:03,TRLIARPRN,62.143,86.489,46780.68
HLA-B*51:03,RLIARPRNS,59.25,75.587,45782.71
HLA-B*51:03,LIARPRNSF,8.718,20.266,36580.11
HLA-B*51:03,IARPRNSFD,54.815,40.508,41530.2
HLA-B*51:03,ARPRNSFDG,93.333,94.716,47648.09
HLA-B*51:03,RPRNSFDGD,65.909,53.162,43384.87
HLA-B*51:03,PRNSFDGDS,97.5,96.971,48581.49
HLA-B*51:03,RNSFDGDSD,97.5,95.285,47809.22
HLA-B*51:03,NSFDGDSDA,19.608,22.515,37337.46
HLA-B*51:03,SFDGDSDAL,17.544,43.726,42052.0
HLA-B*51:03,FDGDSDALC,50.0,64.275,44684.05
HLA-B*51:03,DGDSDALCG,57.0,57.152,43876.77
HLA-B*51:03,GDSDALCGK,81.25,95.72,48007.21
HLA-B*51:03,DSDALCGKE,50.926,63.831,44635.23
HLA-B*51:03,SDALCGKEL,24.545,40.915,41599.0
HLA-B*51:03,DALCGKELN,36.857,21.657,37061.36
HLA-B*51:03,ALCGKELNL,36.0,63.73,44624.12
HLA-B*51:03,LCGKELNLG,91.667,87.689,46896.25
HLA-B*51:03,CGKELNLGA,14.436,18.408,35885.46
HLA-B*51:03,GKELNLGAS,91.667,95.494,47904.5
HLA-B*51:03,KELNLGASM,18.311,30.65,39561.71
HLA-B*51:03,ELNLGASMI,5.311,5.964,27393.42
HLA-B*51:03,LNLGASMIS,63.929,47.582,42637.04
HLA-B*51:03,NLGASMISI,6.408,8.283,29966.0
HLA-B*51:03,LGASMISIL,4.472,4.698,25573.98
HLA-B*51:03,GASMISILI,2.563,1.883,18763.5
HLA-B*51:03,ASMISILII,2.59,1.48,17014.02
HLA-B*51:03,SMISILIIR,33.143,61.344,44362.72
HLA-B*51:03,MISILIIRA,9.842,10.177,31506.77
HLA-B*51:03,ISILIIRAA,3.096,3.964,24238.75
HLA-B*51:03,SILIIRAAN,71.429,55.932,43732.22
HLA-B*51:03,ILIIRAANY,17.891,21.739,37088.64
HLA-B*51:03,LIIRAANYS,51.852,42.422,41845.02
HLA-B*51:03,IIRAANYSA,19.439,18.086,35762.57
HLA-B*51:03,IRAANYSAF,17.606,23.553,37665.31
HLA-B*51:03,RAANYSAFI,3.251,1.453,16865.01
HLA-B*51:03,AANYSAFIE,45.4,52.557,43307.02
HLA-B*51:03,ANYSAFIEL,4.479,9.117,30696.16
HLA-B*51:03,NYSAFIELE,41.75,55.492,43680.18
HLA-B*51:03,YSAFIELEV,1.24,0.986,14274.67
HLA-B*51:03,SAFIELEVA,2.477,2.831,21688.44
HLA-B*51:03,AFIELEVAY,19.993,52.338,43278.9
HLA-B*51:03,FIELEVAYD,64.286,71.143,45366.06
HLA-B*51:03,IELEVAYDS,40.312,47.053,42558.23
HLA-B*51:03,ELEVAYDSL,14.799,27.311,38732.4
HLA-B*51:03,LEVAYDSLL,14.908,10.346,31628.02
HLA-B*51:03,EVAYDSLLL,5.596,6.47,28038.73
HLA-B*51:03,VAYDSLLLE,9.199,12.555,33093.79
HLA-B*51:03,AYDSLLLEG,52.222,67.362,44996.97
HLA-B*51:03,YDSLLLEGY,24.883,36.17,40735.79
HLA-B*51:03,DSLLLEGYI,1.051,0.317,8009.21
HLA-B*51:03,SLLLEGYIE,53.333,78.095,46007.66
HLA-B*51:03,LLLEGYIEV,3.718,4.691,25564.02
HLA-B*51:03,LLEGYIEVR,54.444,82.596,46416.66
HLA-B*51:03,LEGYIEVRS,50.556,61.226,44349.76
HLA-B*51:03,EGYIEVRSI,0.199,0.327,8136.55
HLA-B*51:03,GYIEVRSIF,17.565,41.087,41627.37
HLA-B*51:03,YIEVRSIFD,72.143,65.3,44793.43
HLA-B*51:03,IEVRSIFDF,15.716,16.553,35111.92
HLA-B*51:03,EVRSIFDFL,3.154,4.571,25377.46
HLA-B*51:03,VRSIFDFLH,50.926,70.47,45302.77
HLA-B*51:03,RSIFDFLHR,33.5,52.374,43283.59
HLA-B*51:03,SIFDFLHRL,1.146,3.82,23952.49
HLA-B*51:03,IFDFLHRLD,63.929,64.301,44686.93
HLA-B*51:03,FDFLHRLDS,41.0,32.04,39881.02
HLA-B*51:03,DFLHRLDSA,14.131,17.412,35483.9
HLA-B*51:03,FLHRLDSAS,40.812,38.552,41187.85
HLA-B*51:03,LHRLDSASS,57.0,50.58,43053.8
HLA-B*51:03,HRLDSASSE,63.929,91.77,47317.25
HLA-B*51:03,RLDSASSEL,13.573,31.337,39720.82
HLA-B*51:03,LDSASSELT,62.857,60.98,44322.91
HLA-B*51:03,DSASSELTS,15.328,21.068,36865.79
HLA-B*51:03,SASSELTSE,30.297,64.108,44665.67
HLA-B*51:03,ASSELTSEI,2.384,5.553,26840.96
HLA-B*51:03,SSELTSEIT,40.625,51.678,43194.25
HLA-B*51:03,SELTSEITK,36.333,60.611,44282.63
HLA-B*51:03,ELTSEITKA,12.275,29.492,39287.85
HLA-B*51:03,LTSEITKAM,5.461,9.475,30998.55
HLA-B*51:03,TSEITKAMP,22.28,40.245,41485.73
HLA-B*51:03,SEITKAMPD,46.889,45.158,42276.44
HLA-B*51:03,EITKAMPDM,14.032,25.266,38176.13
HLA-B*51:03,ITKAMPDML,7.211,13.341,33545.51
HLA-B*51:03,TKAMPDMLP,35.333,42.52,41861.32
HLA-B*51:03,KAMPDMLPE,35.542,37.913,41069.93
HLA-B*51:03,AMPDMLPEG,50.556,66.452,44906.99
HLA-B*51:03,MPDMLPEGL,0.5,1.012,14431.06
HLA-B*51:03,PDMLPEGLI,21.746,24.943,38084.95
HLA-B*51:03,DMLPEGLII,0.638,0.533,10690.9
HLA-B*51:03,MLPEGLIIP,19.365,28.307,38997.3
HLA-B*51:03,LPEGLIIPK,16.56,16.259,34980.71
HLA-B*51:03,PEGLIIPKP,47.875,74.029,45638.29
HLA-B*51:03,EGLIIPKPH,27.389,58.548,44042.76
HLA-B*51:03,GLIIPKPHG,56.5,84.726,46612.46
HLA-B*51:03,LIIPKPHGL,2.409,9.527,31038.81
HLA-B*51:03,IIPKPHGLT,25.239,41.028,41617.89
HLA-B*51:03,IPKPHGLTP,0.446,1.19,15481.67
HLA-B*51:03,PKPHGLTPE,90.0,97.663,48902.12
HLA-B*51:03,KPHGLTPEN,23.471,39.591,41373.22
HLA-B*51:03,PHGLTPENS,88.333,95.335,47831.98
HLA-B*51:03,HGLTPENSP,22.38,44.52,42176.39
HLA-B*51:03,GLTPENSPP,61.786,85.311,46667.44
HLA-B*51:03,LTPENSPPY,10.979,16.161,34937.23
HLA-B*51:03,TPENSPPYR,6.068,40.665,41556.72
HLA-B*51:03,PENSPPYRK,64.643,95.322,47826.28
HLA-B*51:03,ENSPPYRKC,8.19,27.836,38875.99
HLA-B*51:03,NSPPYRKCG,54.444,61.261,44353.59
HLA-B*51:03,SPPYRKCGV,2.289,4.844,25803.85
HLA-B*51:03,PPYRKCGVR,41.667,50.387,43029.12
HLA-B*51:03,PYRKCGVRS,95.0,95.958,48115.91
HLA-B*51:03,YRKCGVRSG,70.0,69.134,45172.59
HLA-B*51:03,RKCGVRSGM,58.5,77.065,45915.18
HLA-B*51:03,KCGVRSGMA,78.333,82.393,46398.08
HLA-B*51:03,CGVRSGMAA,16.093,11.81,32638.29
HLA-B*51:03,GVRSGMAAV,17.321,23.416,37622.15
HLA-B*51:03,VRSGMAAVS,75.833,74.567,45689.18
HLA-B*51:03,RSGMAAVSR,56.25,75.332,45759.95
HLA-B*51:03,SGMAAVSRS,36.667,32.74,40033.62
HLA-B*51:03,GMAAVSRSV,10.99,16.723,35188.38
HLA-B*51:03,MAAVSRSVK,19.358,21.528,37018.48
HLA-B*51:03,AAVSRSVKQ,36.238,73.8,45616.57
HLA-B*51:03,AVSRSVKQL,10.142,40.37,41506.82
HLA-B*51:03,VSRSVKQLN,51.852,59.288,44131.02
HLA-B*51:03,SRSVKQLNG,62.5,81.977,46359.94
HLA-B*51:03,RSVKQLNGN,88.333,85.016,46639.19
HLA-B*51:03,SVKQLNGNY,19.709,43.622,42036.05
HLA-B*51:03,VKQLNGNYV,12.961,16.744,35197.89
HLA-B*51:03,KQLNGNYVL,13.852,28.898,39144.86
HLA-B*51:03,QLNGNYVLN,71.429,73.403,45579.08
HLA-B*51:03,LNGNYVLNY,28.02,30.891,39618.23
HLA-B*51:03,NGNYVLNYF,4.836,6.178,27666.55
HLA-B*51:03,GNYVLNYFL,22.93,24.182,37860.61
HLA-B*51:03,NYVLNYFLM,14.411,9.06,30647.7
HLA-B*51:03,YVLNYFLMG,48.875,14.834,34314.58
HLA-B*51:03,VLNYFLMGC,55.25,57.484,43916.18
HLA-B*51:03,LNYFLMGCA,38.778,11.916,32709.34
HLA-B*51:03,NYFLMGCAI,15.201,2.957,22024.0
HLA-B*51:03,YFLMGCAIL,27.278,14.854,34324.6
HLA-B*51:03,FLMGCAILA,44.909,16.737,35194.46
HLA-B*51:03,LMGCAILAP,62.857,26.253,38448.88
HLA-B*51:03,MGCAILAPI,16.298,0.877,13550.18
HLA-B*51:03,GCAILAPIA,44.091,52.247,43267.21
HLA-B*51:03,CAILAPIAV,1.109,0.457,9861.03
HLA-B*51:03,AILAPIAVA,19.128,25.517,38246.41
HLA-B*51:03,ILAPIAVAA,8.169,12.573,33104.55
HLA-B*51:03,LAPIAVAAK,18.463,26.965,38638.22
HLA-B*51:03,APIAVAAKD,24.87,20.668,36724.06
HLA-B*51:03,PIAVAAKDG,100.0,96.76,48484.34
HLA-B*51:03,IAVAAKDGV,4.329,5.236,26388.28
HLA-B*51:03,AVAAKDGVR,76.667,95.176,47760.1
HLA-B*51:03,VAAKDGVRL,2.565,8.251,29936.83
HLA-B*51:03,AAKDGVRLP,8.39,27.919,38898.69
HLA-B*51:03,AKDGVRLPP,39.176,62.544,44493.95
HLA-B*51:03,KDGVRLPPE,95.0,96.019,48144.03
HLA-B*51:03,DGVRLPPES,10.993,21.725,37083.81
HLA-B*51:03,GVRLPPESM,15.933,43.994,42092.94
HLA-B*51:03,VRLPPESMD,73.571,87.574,46885.06
HLA-B*51:03,RLPPESMDG,75.833,83.751,46522.75
HLA-B*51:03,LPPESMDGM,1.284,2.957,22022.81
HLA-B*51:03,PPESMDGMV,14.586,17.524,35530.77
HLA-B*51:03,PESMDGMVE,88.333,95.245,47791.1
HLA-B*51:03,ESMDGMVEY,2.657,7.038,28719.44
HLA-B*51:03,SMDGMVEYA,17.969,33.069,40104.73
HLA-B*51:03,MDGMVEYAV,15.343,6.322,27849.16
HLA-B*51:03,DGMVEYAVI,0.313,0.096,4001.96
HLA-B*51:03,GMVEYAVIA,34.423,39.835,41415.75
HLA-B*51:03,MVEYAVIAV,4.691,3.993,24297.57
HLA-B*51:03,VEYAVIAVA,9.664,10.228,31543.26
HLA-B*51:03,EYAVIAVAC,19.392,46.483,42474.52
HLA-B*51:03,YAVIAVACS,22.46,12.77,33221.88
HLA-B*51:03,AVIAVACSP,31.647,28.393,39018.84
HLA-B*51:03,VIAVACSPW,28.163,9.434,30963.68
HLA-B*51:03,IAVACSPWL,5.797,2.319,20250.54
HLA-B*51:03,AVACSPWLT,56.0,44.408,42158.57
HLA-B*51:03,VACSPWLTY,4.78,6.935,28598.82
HLA-B*51:03,ACSPWLTYD,83.75,87.274,46856.16
HLA-B*51:03,CSPWLTYDL,27.037,8.685,30322.15
HLA-B*51:03,SPWLTYDLS,12.306,3.604,23526.9
HLA-B*51:03,PWLTYDLSR,86.667,94.241,47594.5
HLA-B*51:03,WLTYDLSRC,58.75,57.072,43867.27
HLA-B*51:03,LTYDLSRCH,20.805,34.118,40321.41
HLA-B*51:03,TYDLSRCHN,83.75,83.604,46509.16
HLA-B*51:03,YDLSRCHNE,48.5,69.242,45183.34
HLA-B*51:03,DLSRCHNEE,46.111,64.407,44698.55
HLA-B*51:03,LSRCHNEEY,24.39,24.386,37920.47
HLA-B*51:03,SRCHNEEYI,39.529,43.458,42011.07
HLA-B*51:03,RCHNEEYIA,61.071,76.307,45847.15
HLA-B*51:03,CHNEEYIAM,12.426,11.365,32342.63
HLA-B*51:03,HNEEYIAMA,16.876,28.846,39131.71
HLA-B*51:03,NEEYIAMAT,22.68,26.75,38580.97
HLA-B*51:03,EEYIAMATL,1.476,2.989,22108.52
HLA-B*51:03,EYIAMATLT,25.373,26.347,38473.86
HLA-B*51:03,YIAMATLTE,38.0,43.747,42055.17
HLA-B*51:03,IAMATLTEI,0.152,0.056,2991.47
HLA-B*51:03,AMATLTEIP,45.3,51.513,43173.22
HLA-B*51:03,MATLTEIPK,26.767,17.22,35404.15
HLA-B*51:03,ATLTEIPKE,44.182,73.278,45567.24
HLA-B*51:03,TLTEIPKEA,9.345,27.567,38802.45
HLA-B*51:03,LTEIPKEAQ,61.429,90.078,47128.19
HLA-B*51:03,TEIPKEAQC,12.28,41.249,41653.5
HLA-B*51:03,EIPKEAQCD,75.0,90.137,47134.82
HLA-B*51:03,IPKEAQCDR,18.921,44.805,42221.59
HLA-B*51:03,PKEAQCDRD,100.0,98.496,49290.43
HLA-B*51:03,KEAQCDRDR,90.0,96.739,48474.37
HLA-B*51:03,EAQCDRDRA,19.047,15.059,34423.92
HLA-B*51:03,AQCDRDRAE,85.0,96.374,48306.81
HLA-B*51:03,QCDRDRAEL,26.767,57.072,43867.27
HLA-B*51:03,CDRDRAELE,76.667,81.643,46329.37
HLA-B*51:03,DRDRAELEG,60.714,77.004,45909.7
HLA-B*51:03,RDRAELEGE,90.0,96.313,48278.6
HLA-B*51:03,DRAELEGEN,72.143,86.163,46749.32
HLA-B*51:03,RAELEGENQ,79.167,95.606,47955.32
HLA-B*51:03,AELEGENQY,14.924,56.62,43813.69
HLA-B*51:03,ELEGENQYD,81.25,95.156,47750.8
HLA-B*51:03,LEGENQYDS,60.357,67.643,45024.72
HLA-B*51:03,EGENQYDSE,70.714,91.606,47298.82
HLA-B*51:03,GENQYDSEQ,70.714,95.145,47745.63
HLA-B*51:03,ENQYDSEQN,83.75,92.045,47347.96
HLA-B*51:03,NQYDSEQNI,0.903,2.765,21516.65
HLA-B*51:03,QYDSEQNIE,61.429,95.364,47845.43
HLA-B*51:03,YDSEQNIEM,7.979,22.081,37200.75
HLA-B*51:03,DSEQNIEMG,33.179,44.681,42201.94
HLA-B*51:03,SEQNIEMGW,10.976,25.835,38335.48
HLA-B*51:03,EQNIEMGWK,25.388,71.315,45382.24
HLA-B*51:03,QNIEMGWKS,38.944,42.613,41876.73
HLA-B*51:03,NIEMGWKSD,88.333,88.137,46939.4
HLA-B*51:03,IEMGWKSDR,46.444,69.208,45179.9
HLA-B*51:03,EMGWKSDRP,60.714,62.254,44462.2
HLA-B*51:03,MGWKSDRPL,8.323,3.674,23663.22
HLA-B*51:03,GWKSDRPLI,29.909,54.57,43566.44
HLA-B*51:03,WKSDRPLIR,55.5,81.386,46305.8
HLA-B*51:03,KSDRPLIRS,44.909,75.576,45781.73
HLA-B*51:03,SDRPLIRSQ,28.939,79.186,46105.85
HLA-B*51:03,DRPLIRSQD,71.429,83.664,46514.71
HLA-B*51:03,RPLIRSQDV,1.545,2.947,21996.84
HLA-B*51:03,PLIRSQDVY,52.963,71.279,45378.82
HLA-B*51:03,LIRSQDVYA,24.649,20.336,36605.05
HLA-B*51:03,IRSQDVYAN,81.25,85.258,46662.39
HLA-B*51:03,RSQDVYANR,42.923,68.72,45131.53
HLA-B*51:03,SQDVYANRS,44.091,64.583,44717.89
HLA-B*51:03,QDVYANRSI,12.593,17.388,35473.93
HLA-B*51:03,DVYANRSIG,18.933,12.467,33041.57
HLA-B*51:03,VYANRSIGI,13.323,18.725,36006.39
HLA-B*51:03,YANRSIGII,1.177,0.483,10190.78
HLA-B*51:03,ANRSIGIIK,59.25,80.816,46253.75
HLA-B*51:03,NRSIGIIKD,82.5,88.158,46941.43
HLA-B*51:03,RSIGIIKDA,20.764,32.538,39989.47
HLA-B*51:03,SIGIIKDAI,18.713,19.523,36306.47
HLA-B*51:03,IGIIKDAIR,50.556,74.175,45652.13
HLA-B*51:03,GIIKDAIRN,93.333,95.471,47894.12
HLA-B*51:03,IIKDAIRNV,1.901,5.918,27330.95
HLA-B*51:03,IKDAIRNVC,33.071,62.364,44474.21
HLA-B*51:03,KDAIRNVCT,67.727,84.896,46628.09
HLA-B*51:03,DAIRNVCTG,8.218,3.468,23245.77
HLA-B*51:03,AIRNVCTGP,57.75,65.65,44827.85
HLA-B*51:03,IRNVCTGPL,62.5,35.236,40550.66
HLA-B*51:03,RNVCTGPLS,73.571,61.243,44351.68
HLA-B*51:03,NVCTGPLSE,51.852,77.458,45950.46
HLA-B*51:03,VCTGPLSEI,4.605,11.288,32291.59
HLA-B*51:03,CTGPLSEIH,51.667,61.722,44404.02
HLA-B*51:03,TGPLSEIHC,21.342,53.104,43377.37
HLA-B*51:03,GPLSEIHCS,18.652,29.861,39376.35
HLA-B*51:03,PLSEIHCSI,16.027,15.221,34499.61
HLA-B*51:03,LSEIHCSIE,70.714,69.833,45242.04
HLA-B*51:03,SEIHCSIET,26.233,38.416,41162.92
HLA-B*51:03,EIHCSIETC,20.829,24.624,37990.7
HLA-B*51:03,IHCSIETCG,80.0,65.787,44841.44
HLA-B*51:03,HCSIETCGQ,77.5,95.527,47919.52
HLA-B*51:03,CSIETCGQI,6.877,1.286,15970.13
HLA-B*51:03,SIETCGQIG,91.667,80.756,46248.23
HLA-B*51:03,IETCGQIGF,22.81,24.415,37929.08
HLA-B*51:03,ETCGQIGFP,32.032,29.577,39308.25
HLA-B*51:03,TCGQIGFPE,69.545,75.26,45753.49
HLA-B*51:03,CGQIGFPED,91.667,58.572,44045.63
HLA-B*51:03,GQIGFPEDG,82.5,89.568,47077.73
HLA-B*51:03,QIGFPEDGV,41.25,47.211,42581.73
HLA-B*51:03,IGFPEDGVR,45.9,69.532,45212.2
HLA-B*51:03,GFPEDGVRV,18.293,54.796,43595.67
HLA-B*51:03,FPEDGVRVF,0.213,1.006,14395.97
HLA-B*51:03,PEDGVRVFA,35.417,59.008,44097.61
HLA-B*51:03,EDGVRVFAN,78.333,76.351,45851.14
HLA-B*51:03,DGVRVFANL,1.168,1.238,15730.55
HLA-B*51:03,GVRVFANLL,17.964,26.981,38642.41
HLA-B*51:03,VRVFANLLC,47.375,46.129,42422.61
HLA-B*51:03,RVFANLLCI,6.483,2.746,21468.51
HLA-B*51:03,VFANLLCID,95.0,76.949,45904.75
HLA-B*51:03,FANLLCIDL,6.253,3.436,23168.44
HLA-B*51:03,ANLLCIDLG,91.667,58.976,44093.78
HLA-B*51:03,NLLCIDLGR,66.818,55.244,43650.9
HLA-B*51:03,LLCIDLGRF,36.429,32.141,39903.04
HLA-B*51:03,LCIDLGRFD,66.364,68.307,45090.54
HLA-B*51:03,CIDLGRFDY,48.25,43.012,41942.93
HLA-B*51:03,IDLGRFDYF,11.577,17.397,35477.77
HLA-B*51:03,DLGRFDYFG,72.857,43.119,41959.27
HLA-B*51:03,LGRFDYFGD,95.0,61.388,44367.53
HLA-B*51:03,GRFDYFGDQ,78.333,95.126,47737.38
HLA-B*51:03,RFDYFGDQD,93.333,93.152,47472.09
HLA-B*51:03,FDYFGDQDQ,67.273,69.592,45218.06
HLA-B*51:03,DYFGDQDQV,3.366,6.714,28332.71
HLA-B*51:03,YFGDQDQVE,70.0,88.774,47000.89
HLA-B*51:03,FGDQDQVEH,37.053,76.905,45900.76
HLA-B*51:03,GDQDQVEHP,43.909,91.34,47269.12
HLA-B*51:03,DQDQVEHPT,11.846,27.345,38741.62
HLA-B*51:03,QDQVEHPTK,49.571,83.308,46482.0
HLA-B*51:03,DQVEHPTKN,18.146,55.392,43668.38
HLA-B*51:03,QVEHPTKNL,11.459,47.799,42669.34
HLA-B*51:03,VEHPTKNLL,2.239,12.979,33347.2
HLA-B*51:03,EHPTKNLLG,48.625,52.141,43253.62
HLA-B*51:03,HPTKNLLGK,9.712,24.617,37988.64
HLA-B*51:03,PTKNLLGKD,97.5,95.5,47907.06
HLA-B*51:03,TKNLLGKDV,20.87,36.141,40730.06
HLA-B*51:03,KNLLGKDVL,17.964,50.022,42982.59
HLA-B*51:03,NLLGKDVLY,18.884,30.931,39627.66
HLA-B*51:03,LLGKDVLYA,28.755,32.127,39900.0
HLA-B*51:03,LGKDVLYAP,15.94,23.244,37567.62
HLA-B*51:03,GKDVLYAPA,57.25,56.164,43759.67
HLA-B*51:03,KDVLYAPAG,71.429,66.191,44881.25
HLA-B*51:03,DVLYAPAGG,38.056,28.639,39080.11
HLA-B*51:03,VLYAPAGGN,77.5,64.464,44704.83
HLA-B*51:03,LYAPAGGNT,54.259,57.536,43922.35
HLA-B*51:03,YAPAGGNTT,11.423,22.279,37263.21
HLA-B*51:03,APAGGNTTG,23.172,38.368,41154.0
HLA-B*51:03,PAGGNTTGQ,88.333,96.962,48577.26
HLA-B*51:03,AGGNTTGQT,67.727,85.368,46673.01
HLA-B*51:03,GGNTTGQTM,17.223,39.722,41396.04
HLA-B*51:03,GNTTGQTMD,97.5,96.808,48506.36
HLA-B*51:03,NTTGQTMDC,39.824,52.112,43249.89
HLA-B*51:03,TTGQTMDCA,32.387,37.265,40947.03
HLA-B*51:03,TGQTMDCAA,31.471,21.655,37060.55
HLA-B*51:03,GQTMDCAAL,38.944,45.521,42331.36
HLA-B*51:03,QTMDCAALE,49.286,42.455,41850.44
HLA-B*51:03,TMDCAALEI,11.004,3.342,22941.93
HLA-B*51:03,MDCAALEIW,20.415,19.062,36134.8
HLA-B*51:03,DCAALEIWF,5.937,10.642,31841.58
HLA-B*51:03,CAALEIWFA,16.236,4.554,25350.82
HLA-B*51:03,AALEIWFAV,1.652,0.993,14319.84
HLA-B*51:03,ALEIWFAVA,49.286,45.182,42280.09
HLA-B*51:03,LEIWFAVAM,8.681,9.278,30831.29
HLA-B*51:03,EIWFAVAMN,46.889,41.405,41678.73
HLA-B*51:03,IWFAVAMNC,27.593,34.89,40480.97
HLA-B*51:03,WFAVAMNCF,31.059,25.928,38361.62
HLA-B*51:03,FAVAMNCFD,81.25,12.919,33311.13
HLA-B*51:03,AVAMNCFDT,79.167,60.022,44218.48
HLA-B*51:03,VAMNCFDTT,20.041,5.934,27353.44
HLA-B*51:03,AMNCFDTTI,10.384,6.033,27483.67
HLA-B*51:03,MNCFDTTID,95.0,62.632,44503.59
HLA-B*51:03,NCFDTTIDA,19.791,20.811,36775.35
HLA-B*51:03,CFDTTIDAY,23.31,34.266,40351.95
HLA-B*51:03,FDTTIDAYA,34.538,21.805,37110.32
HLA-B*51:03,DTTIDAYAQ,39.294,65.605,44823.48
HLA-B*51:03,TTIDAYAQS,23.276,31.989,39869.8
HLA-B*51:03,TIDAYAQST,23.471,44.922,42240.33
HLA-B*51:03,IDAYAQSTS,55.0,61.938,44427.57
HLA-B*51:03,DAYAQSTSL,0.027,0.114,4381.68
HLA-B*51:03,AYAQSTSLL,10.433,27.31,38731.97
HLA-B*51:03,YAQSTSLLV,0.242,0.118,4471.28
HLA-B*51:03,AQSTSLLVR,46.444,78.588,46052.0
HLA-B*51:03,QSTSLLVRQ,41.5,73.982,45633.85
HLA-B*51:03,STSLLVRQF,5.016,12.29,32936.62
HLA-B*51:03,TSLLVRQFP,12.829,10.604,31813.69
HLA-B*51:03,SLLVRQFPP,47.375,28.917,39149.5
HLA-B*51:03,LLVRQFPPC,38.889,27.302,38729.88
HLA-B*51:03,LVRQFPPCK,34.077,41.397,41677.39
HLA-B*51:03,VRQFPPCKL,20.423,41.126,41633.65
HLA-B*51:03,RQFPPCKLV,3.114,5.952,27377.42
HLA-B*51:03,QFPPCKLVL,13.022,33.493,40192.04
HLA-B*51:03,FPPCKLVLI,0.065,0.023,1771.54
HLA-B*51:03,PPCKLVLIE,37.526,42.561,41868.12
HLA-B*51:03,PCKLVLIEN,93.333,95.474,47895.17
HLA-B*51:03,CKLVLIENG,93.333,63.036,44547.9
HLA-B*51:03,KLVLIENGA,42.692,64.126,44667.6
HLA-B*51:03,LVLIENGAL,19.568,16.474,35076.61
HLA-B*51:03,VLIENGALI,3.411,2.678,21292.24
HLA-B*51:03,LIENGALIE,81.25,89.489,47070.08
HLA-B*51:03,IENGALIEI,2.374,4.398,25069.61
HLA-B*51:03,ENGALIEIR,60.357,86.968,46826.77
HLA-B*51:03,NGALIEIRT,18.543,27.768,38857.47
HLA-B*51:03,GALIEIRTL,2.283,9.831,31257.21
HLA-B*51:03,ALIEIRTLN,61.429,67.79,45039.33
HLA-B*51:03,LIEIRTLNT,43.455,45.391,42311.68
HLA-B*51:03,IEIRTLNTS,38.333,40.194,41477.2
HLA-B*51:03,EIRTLNTSG,34.0,46.693,42505.31
HLA-B*51:03,IRTLNTSGA,50.926,55.78,43714.23
HLA-B*51:03,RTLNTSGAI,12.188,7.657,29379.77
HLA-B*51:03,TLNTSGAIS,57.25,61.612,44392.03
HLA-B*51:03,LNTSGAISL,6.756,18.213,35810.97
HLA-B*51:03,NTSGAISLA,10.643,11.754,32600.86
HLA-B*51:03,TSGAISLAY,10.53,14.332,34068.93
HLA-B*51:03,SGAISLAYL,8.009,10.724,31900.9
HLA-B*51:03,GAISLAYLV,2.163,1.404,16596.38
HLA-B*51:03,AISLAYLVD,85.0,75.941,45814.43
HLA-B*51:03,ISLAYLVDP,35.75,27.669,38830.16
HLA-B*51:03,SLAYLVDPI,24.857,6.512,28091.27
HLA-B*51:03,LAYLVDPIT,9.286,4.895,25883.82
HLA-B*51:03,AYLVDPITC,31.088,67.229,44983.83
HLA-B*51:03,YLVDPITCR,28.0,52.239,43266.26
HLA-B*51:03,LVDPITCRG,27.463,36.943,40885.94
HLA-B*51:03,VDPITCRGA,49.286,67.219,44982.84
HLA-B*51:03,DPITCRGAE,24.0,27.615,38815.47
HLA-B*51:03,PITCRGAEN,100.0,96.019,48144.03
HLA-B*51:03,ITCRGAENI,14.43,11.39,32359.1
HLA-B*51:03,TCRGAENIG,81.25,88.074,46933.29
HLA-B*51:03,CRGAENIGL,58.75,58.24,44006.08
HLA-B*51:03,RGAENIGLR,62.5,75.471,45772.32
HLA-B*51:03,GAENIGLRM,12.271,30.677,39568.11
HLA-B*51:03,AENIGLRMT,40.0,65.664,44829.32
HLA-B*51:03,ENIGLRMTS,22.33,31.06,39657.71
HLA-B*51:03,NIGLRMTSE,62.143,75.399,45765.88
HLA-B*51:03,IGLRMTSEE,47.125,52.338,43278.9
HLA-B*51:03,GLRMTSEER,71.429,94.597,47634.69
HLA-B*51:03,LRMTSEERF,22.69,37.297,40953.23
HLA-B*51:03,RMTSEERFE,91.667,95.24,47789.03
HLA-B*51:03,MTSEERFEG,44.727,31.478,39753.06
HLA-B*51:03,TSEERFEGA,17.021,28.497,39044.59
HLA-B*51:03,SEERFEGAG,67.273,69.783,45237.13
HLA-B*51:03,EERFEGAGA,18.146,28.332,39003.64
HLA-B*51:03,ERFEGAGAD,70.714,66.895,44950.74
HLA-B*51:03,RFEGAGADE,90.0,96.396,48316.75
HLA-B*51:03,FEGAGADEY,22.37,33.293,40150.75
HLA-B*51:03,EGAGADEYL,10.773,20.517,36670.05
HLA-B*51:03,GAGADEYLD,95.0,90.375,47161.33
HLA-B*51:03,AGADEYLDI,6.154,13.995,33904.57
HLA-B*51:03,GADEYLDII,4.631,8.603,30251.06
HLA-B*51:03,ADEYLDIIA,50.37,67.648,45025.22
HLA-B*51:03,DEYLDIIAP,8.743,9.994,31375.8
HLA-B*51:03,EYLDIIAPT,25.194,26.689,38564.7
HLA-B*51:03,YLDIIAPTK,17.953,38.484,41175.37
HLA-B*51:03,LDIIAPTKD,70.0,72.839,45525.85
HLA-B*51:03,DIIAPTKDE,30.919,61.454,44374.74
HLA-B*51:03,IIAPTKDEF,7.007,18.365,35868.75
HLA-B*51:03,IAPTKDEFT,39.235,64.236,44679.7
HLA-B*51:03,APTKDEFTR,24.805,67.318,44992.59
HLA-B*51:03,PTKDEFTRC,23.115,66.791,44940.54
HLA-B*51:03,TKDEFTRCL,4.993,21.245,36924.47
HLA-B*51:03,KDEFTRCLL,31.735,49.997,42979.32
HLA-B*51:03,DEFTRCLLI,0.593,0.34,8313.02
HLA-B*51:03,EFTRCLLIP,59.0,43.077,41952.91
HLA-B*51:03,FTRCLLIPS,47.625,12.641,33145.03
HLA-B*51:03,TRCLLIPSI,12.275,11.245,32263.28
HLA-B*51:03,RCLLIPSIL,18.378,24.414,37928.67
HLA-B*51:03,CLLIPSILL,17.016,13.273,33508.14
HLA-B*51:03,LLIPSILLY,4.072,6.104,27573.32
HLA-B*51:03,LIPSILLYY,13.77,21.189,36906.09
HLA-B*51:03,IPSILLYYE,9.756,6.484,28056.33
HLA-B*51:03,PSILLYYEK,39.0,56.86,43842.12
HLA-B*51:03,SILLYYEKV,6.394,6.119,27592.71
HLA-B*51:03,ILLYYEKVL,13.98,18.994,36109.41
HLA-B*51:03,LLYYEKVLA,13.647,11.531,32452.7
HLA-B*51:03,LYYEKVLAV,2.135,3.572,23463.59
HLA-B*51:03,YYEKVLAVA,23.793,26.493,38512.59
HLA-B*51:03,YEKVLAVAL,2.636,10.328,31614.68
HLA-B*51:03,EKVLAVALI,3.428,3.686,23687.8
HLA-B*51:03,KVLAVALIL,11.528,13.414,33585.47
HLA-B*51:03,VLAVALILL,15.153,24.07,37827.46
HLA-B*51:03,LAVALILLH,17.098,19.493,36295.46
HLA-B*51:03,AVALILLHE,48.75,81.314,46299.29
HLA-B*51:03,VALILLHEA,2.037,2.448,20667.81
HLA-B*51:03,ALILLHEAW,16.6,27.687,38835.2
HLA-B*51:03,LILLHEAWD,88.333,65.94,44856.48
HLA-B*51:03,ILLHEAWDW,31.294,21.3,36942.86
HLA-B*51:03,LLHEAWDWI,15.951,6.783,28415.3
HLA-B*51:03,LHEAWDWIH,46.111,66.895,44950.74
HLA-B*51:03,HEAWDWIHN,69.545,59.748,44185.95
HLA-B*51:03,EAWDWIHNT,1.447,2.295,20173.57
HLA-B*51:03,AWDWIHNTD,75.833,86.853,46815.63
HLA-B*51:03,WDWIHNTDA,37.895,26.532,38523.0
HLA-B*51:03,DWIHNTDAD,90.0,83.543,46503.64
HLA-B*51:03,WIHNTDADD,95.0,86.237,46756.4
HLA-B*51:03,IHNTDADDT,82.5,85.337,46669.97
HLA-B*51:03,HNTDADDTV,15.519,31.122,39671.85
HLA-B*51:03,NTDADDTVE,65.909,91.802,47320.82
HLA-B*51:03,TDADDTVEL,11.462,36.907,40878.85
HLA-B*51:03,DADDTVELR,9.289,44.23,42130.31
HLA-B*51:03,ADDTVELRG,67.727,87.495,46877.47
HLA-B*51:03,DDTVELRGK,69.545,88.389,46963.77
HLA-B*51:03,DTVELRGKT,13.896,20.117,36527.11
HLA-B*51:03,TVELRGKTD,77.5,87.579,46885.58
HLA-B*51:03,VELRGKTDM,29.023,46.912,42537.51
HLA-B*51:03,ELRGKTDMY,19.061,41.916,41761.33
HLA-B*51:03,LRGKTDMYS,62.5,78.178,46015.13
HLA-B*51:03,RGKTDMYSV,12.111,20.669,36724.46
HLA-B*51:03,GKTDMYSVI,21.456,28.451,39033.18
HLA-B*51:03,KTDMYSVIA,29.886,31.279,39707.51
HLA-B*51:03,TDMYSVIAD,69.545,52.115,43250.36
HLA-B*51:03,DMYSVIADV,1.548,0.963,14135.27
HLA-B*51:03,MYSVIADVQ,54.074,63.027,44546.95
HLA-B*51:03,YSVIADVQM,7.125,9.912,31316.45
HLA-B*51:03,SVIADVQMM,6.081,14.801,34298.25
HLA-B*51:03,VIADVQMMA,10.686,13.686,33734.05
HLA-B*51:03,IADVQMMAT,8.49,14.367,34085.9
HLA-B*51:03,ADVQMMATF,13.632,22.119,37212.85
HLA-B*51:03,DVQMMATFG,32.194,12.951,33330.25
HLA-B*51:03,VQMMATFGY,21.079,13.844,33821.39
HLA-B*51:03,QMMATFGYN,79.167,30.912,39623.37
HLA-B*51:03,MMATFGYNS,37.895,18.835,36048.5
HLA-B*51:03,MATFGYNSA,6.935,2.937,21969.74
HLA-B*51:03,ATFGYNSAI,4.058,3.751,23816.04
HLA-B*51:03,TFGYNSAIY,24.844,37.651,41020.19
HLA-B*51:03,FGYNSAIYS,19.784,9.428,30958.65
HLA-B*51:03,GYNSAIYSS,61.071,80.197,46197.23
HLA-B*51:03,YNSAIYSSK,34.923,41.785,41740.11
HLA-B*51:03,NSAIYSSKD,61.429,38.581,41193.19
HLA-B*51:03,SAIYSSKDG,46.556,44.937,42242.59
HLA-B*51:03,AIYSSKDGV,15.399,21.229,36919.28
HLA-B*51:03,IYSSKDGVA,51.296,59.972,44212.74
HLA-B*51:03,YSSKDGVAP,15.866,28.11,38948.39
HLA-B*51:03,SSKDGVAPA,8.799,17.466,35506.56
HLA-B*51:03,SKDGVAPAV,4.429,15.927,34830.79
HLA-B*51:03,KDGVAPAVA,55.75,73.293,45568.74
HLA-B*51:03,DGVAPAVAD,38.167,31.094,39665.43
HLA-B*51:03,GVAPAVADL,19.27,40.753,41571.54
HLA-B*51:03,VAPAVADLA,9.773,6.886,28539.79
HLA-B*51:03,APAVADLAD,43.636,33.444,40182.04
HLA-B*51:03,PAVADLADF,28.286,34.482,40396.53
HLA-B*51:03,AVADLADFT,47.125,53.884,43477.92
HLA-B*51:03,VADLADFTP,21.36,23.178,37546.91
HLA-B*51:03,ADLADFTPA,42.692,38.053,41096.16
HLA-B*51:03,DLADFTPAR,10.33,33.731,40241.22
HLA-B*51:03,LADFTPART,11.154,19.826,36420.16
HLA-B*51:03,ADFTPARTG,35.208,50.354,43024.93
HLA-B*51:03,DFTPARTGR,46.0,83.527,46502.12
HLA-B*51:03,FTPARTGRY,13.807,27.072,38667.06
HLA-B*51:03,TPARTGRYQ,13.943,34.869,40476.59
HLA-B*51:03,PARTGRYQS,56.75,87.158,46845.02
HLA-B*51:03,ARTGRYQSI,15.687,37.632,41016.64
HLA-B*51:03,RTGRYQSIA,42.462,44.023,42097.5
HLA-B*51:03,TGRYQSIAK,36.857,55.14,43638.62
HLA-B*51:03,GRYQSIAKC,29.841,62.061,44441.04
HLA-B*51:03,RYQSIAKCN,93.333,90.366,47160.32
HLA-B*51:03,YQSIAKCNG,70.714,51.371,43154.99
HLA-B*51:03,QSIAKCNGQ,68.636,87.411,46869.34
HLA-B*51:03,SIAKCNGQG,91.667,78.826,46073.42
HLA-B*51:03,IAKCNGQGT,13.96,32.19,39913.82
HLA-B*51:03,AKCNGQGTT,70.714,95.042,47699.16
HLA-B*51:03,KCNGQGTTC,45.2,80.17,46194.72
HLA-B*51:03,CNGQGTTCK,86.667,89.963,47115.94
HLA-B*51:03,NGQGTTCKE,57.75,73.847,45621.02
HLA-B*51:03,GQGTTCKEF,30.919,60.76,44298.94
HLA-B*51:03,QGTTCKEFS,81.25,81.172,46286.27
HLA-B*51:03,GTTCKEFSD,95.0,90.544,47180.22
HLA-B*51:03,TTCKEFSDT,59.0,66.388,44900.68
HLA-B*51:03,TCKEFSDTT,33.5,48.802,42813.63
HLA-B*51:03,CKEFSDTTS,58.5,78.123,46010.15
HLA-B*51:03,KEFSDTTSG,49.571,61.762,44408.35
HLA-B*51:03,EFSDTTSGP,25.03,51.561,43179.29
HLA-B*51:03,FSDTTSGPG,68.182,27.862,38883.14
HLA-B*51:03,SDTTSGPGE,70.0,93.408,47500.88
HLA-B*51:03,DTTSGPGEK,37.579,67.569,45017.41
HLA-B*51:03,TTSGPGEKA,9.267,29.417,39269.99
HLA-B*51:03,TSGPGEKAP,30.243,69.001,45159.39
HLA-B*51:03,SGPGEKAPD,91.667,92.964,47451.04
HLA-B*51:03,GPGEKAPDW,8.131,22.863,37447.5
HLA-B*51:03,PGEKAPDWN,100.0,97.832,48980.49
HLA-B*51:03,GEKAPDWNE,73.571,95.393,47858.37
HLA-B*51:03,EKAPDWNEE,64.643,90.695,47197.08
HLA-B*51:03,KAPDWNEEA,19.297,38.087,41102.38
HLA-B*51:03,APDWNEEAQ,44.182,78.721,46063.95
HLA-B*51:03,PDWNEEAQL,25.955,62.627,44503.1
HLA-B*51:03,DWNEEAQLI,3.363,5.942,27363.19
HLA-B*51:03,WNEEAQLIT,46.333,42.368,41835.97
HLA-B*51:03,NEEAQLITK,35.583,61.503,44380.0
HLA-B*51:03,EEAQLITKQ,25.851,62.364,44474.21
HLA-B*51:03,EAQLITKQT,2.248,7.08,28764.85
HLA-B*51:03,AQLITKQTP,24.013,45.236,42288.33
HLA-B*51:03,QLITKQTPQ,59.25,84.189,46563.04
HLA-B*51:03,LITKQTPQA,13.168,25.535,38251.37
HLA-B*51:03,ITKQTPQAK,24.481,61.489,44378.57
HLA-B*51:03,TKQTPQAKA,25.328,54.136,43510.4
HLA-B*51:03,KQTPQAKAE,69.091,95.563,47935.59
HLA-B*51:03,QTPQAKAEA,15.556,40.144,41468.67
HLA-B*51:03,TPQAKAEAS,16.209,24.513,37957.84
HLA-B*51:03,PQAKAEASR,72.857,95.516,47914.32
HLA-B*51:03,QAKAEASRP,18.177,35.77,40656.97
HLA-B*51:03,AKAEASRPK,60.714,90.073,47127.67
HLA-B*51:03,KAEASRPKK,52.407,86.821,46812.58
HLA-B*51:03,AEASRPKKS,38.278,85.989,46732.64
HLA-B*51:03,EASRPKKSR,6.85,60.413,44261.07
HLA-B*51:03,ASRPKKSRN,81.25,95.482,47898.79
HLA-B*51:03,SRPKKSRNI,16.449,48.104,42714.16
HLA-B*51:03,RPKKSRNIG,35.458,50.376,43027.71
HLA-B*51:03,PKKSRNIGD,100.0,98.244,49172.73
HLA-B*51:03,KKSRNIGDR,95.0,97.298,48732.59
HLA-B*51:03,KSRNIGDRF,21.667,42.063,41785.31
HLA-B*51:03,SRNIGDRFN,90.0,95.4,47861.48
HLA-B*51:03,RNIGDRFNG,83.75,79.042,46092.86
HLA-B*51:03,NIGDRFNGV,7.817,14.212,34010.39
HLA-B*51:03,IGDRFNGVK,56.25,67.844,45044.7
HLA-B*51:03,GDRFNGVKF,27.593,53.286,43400.82
HLA-B*51:03,DRFNGVKFI,4.414,6.451,28014.47
HLA-B*51:03,RFNGVKFIG,83.75,73.184,45558.39
HLA-B*51:03,FNGVKFIGR,51.296,73.492,45587.46
HLA-B*51:03,NGVKFIGRK,35.208,48.688,42797.43
HLA-B*51:03,GVKFIGRKE,80.0,95.359,47842.84
HLA-B*51:03,VKFIGRKEH,55.25,85.832,46717.46
HLA-B*51:03,KFIGRKEHF,18.293,61.107,44336.81
HLA-B*51:03,FIGRKEHFF,18.0,22.341,37282.55
HLA-B*51:03,IGRKEHFFS,61.071,47.517,42627.36
HLA-B*51:03,GRKEHFFSL,8.048,42.474,41853.62
HLA-B*51:03,RKEHFFSLS,80.0,79.563,46139.76
HLA-B*51:03,KEHFFSLSP,23.08,26.609,38543.42
HLA-B*51:03,EHFFSLSPV,4.968,1.607,17550.64
HLA-B*51:03,HFFSLSPVE,30.865,46.379,42459.34
HLA-B*51:03,FFSLSPVEL,4.167,11.583,32486.77
HLA-B*51:03,FSLSPVELV,0.974,0.961,14121.97
HLA-B*51:03,SLSPVELVQ,39.471,69.149,45174.05
HLA-B*51:03,LSPVELVQN,61.071,63.357,44583.11
HLA-B*51:03,SPVELVQNL,0.104,0.862,13422.8
HLA-B*51:03,PVELVQNLM,21.158,43.756,42056.52
HLA-B*51:03,VELVQNLMV,6.126,6.006,27450.08
HLA-B*51:03,ELVQNLMVN,40.688,45.955,42396.9
HLA-B*51:03,LVQNLMVNF,13.242,13.744,33766.18
HLA-B*51:03,VQNLMVNFT,29.159,34.133,40324.45
HLA-B*51:03,QNLMVNFTI,4.205,1.9,18837.95
HLA-B*51:03,NLMVNFTII,3.226,1.409,16621.72
HLA-B*51:03,LMVNFTIIV,9.803,6.009,27454.24
HLA-B*51:03,MVNFTIIVQ,40.5,35.247,40552.86
HLA-B*51:03,VNFTIIVQN,45.0,50.799,43081.74
HLA-B*51:03,NFTIIVQNT,29.636,48.084,42711.38
HLA-B*51:03,FTIIVQNTG,26.167,12.433,33021.54
HLA-B*51:03,TIIVQNTGA,25.925,30.984,39640.11
HLA-B*51:03,IIVQNTGAL,18.768,17.391,35475.46
HLA-B*51:03,IVQNTGALD,53.889,57.388,43904.79
HLA-B*51:03,VQNTGALDG,75.0,74.212,45655.6
HLA-B*51:03,QNTGALDGP,72.857,84.255,46569.1
HLA-B*51:03,NTGALDGPF,29.432,19.23,36197.41
HLA-B*51:03,TGALDGPFM,13.716,15.181,34480.57
HLA-B*51:03,GALDGPFMA,8.656,18.244,35823.0
HLA-B*51:03,ALDGPFMAF,5.823,26.992,38645.32
HLA-B*51:03,LDGPFMAFR,54.63,64.679,44728.54
HLA-B*51:03,DGPFMAFRL,1.525,1.562,17368.54
HLA-B*51:03,GPFMAFRLH,11.825,19.83,36421.33
HLA-B*51:03,PFMAFRLHK,82.5,77.126,45920.62
HLA-B*51:03,FMAFRLHKV,4.895,3.347,22955.34
HLA-B*51:03,MAFRLHKVS,7.781,3.355,22974.48
HLA-B*51:03,AFRLHKVSL,21.167,52.053,43242.41
HLA-B*51:03,FRLHKVSLA,16.613,26.016,38386.12
HLA-B*51:03,RLHKVSLAK,42.538,56.224,43766.78
HLA-B*51:03,LHKVSLAKA,16.756,23.602,37680.79
HLA-B*51:03,HKVSLAKAR,67.273,92.008,47343.87
HLA-B*51:03,KVSLAKART,57.5,79.745,46156.25
HLA-B*51:03,VSLAKARTQ,31.706,53.22,43392.37
HLA-B*51:03,SLAKARTQG,63.571,77.818,45982.8
HLA-B*51:03,LAKARTQGQ,38.944,69.39,45198.0
HLA-B*51:03,AKARTQGQI,20.984,35.629,40628.82
HLA-B*51:03,KARTQGQII,3.755,6.161,27645.31
HLA-B*51:03,ARTQGQIIT,69.091,89.195,47041.59
HLA-B*51:03,RTQGQIITG,42.462,49.522,42913.81
HLA-B*51:03,TQGQIITGY,18.262,43.244,41978.35
HLA-B*51:03,QGQIITGYI,9.188,4.206,24701.8
HLA-B*51:03,GQIITGYIK,60.357,73.674,45604.75
HLA-B*51:03,QIITGYIKE,53.519,82.273,46387.04
HLA-B*51:03,IITGYIKEF,11.009,20.969,36832.29
HLA-B*51:03,ITGYIKEFE,58.75,70.454,45301.3
HLA-B*51:03,TGYIKEFET,16.738,22.563,37352.8
HLA-B*51:03,GYIKEFETK,61.786,85.9,46724.03
HLA-B*51:03,YIKEFETKH,20.846,56.836,43839.27
HLA-B*51:03,IKEFETKHL,21.36,56.44,43792.36
HLA-B*51:03,KEFETKHLP,13.528,32.313,39940.61
HLA-B*51:03,EFETKHLPM,19.514,27.146,38687.16
HLA-B*51:03,FETKHLPME,39.882,52.535,43304.2
HLA-B*51:03,ETKHLPMEP,6.852,20.29,36588.81
HLA-B*51:03,TKHLPMEPF,21.693,31.701,39803.86
HLA-B*51:03,KHLPMEPFR,61.071,87.305,46859.22
HLA-B*51:03,HLPMEPFRQ,46.0,85.895,46723.55
HLA-B*51:03,LPMEPFRQD,5.313,3.081,22325.83
HLA-B*51:03,PMEPFRQDQ,93.333,96.732,48471.21
HLA-B*51:03,MEPFRQDQL,7.357,18.177,35797.41
HLA-B*51:03,EPFRQDQLV,0.028,0.047,2673.16
HLA-B*51:03,PFRQDQLVE,93.333,95.785,48036.85
HLA-B*51:03,FRQDQLVED,67.273,76.86,45896.79
HLA-B*51:03,RQDQLVEDA,40.0,68.273,45087.14
HLA-B*51:03,QDQLVEDAV,18.89,28.441,39030.66
HLA-B*51:03,DQLVEDAVN,59.0,54.271,43527.8
HLA-B*51:03,QLVEDAVNM,12.41,32.415,39962.66
HLA-B*51:03,LVEDAVNMT,38.833,58.168,43997.51
HLA-B*51:03,VEDAVNMTT,20.195,33.038,40098.22
HLA-B*51:03,EDAVNMTTF,6.717,15.163,34472.37
HLA-B*51:03,DAVNMTTFP,3.314,2.756,21493.85
HLA-B*51:03,AVNMTTFPM,29.341,13.957,33883.67
HLA-B*51:03,VNMTTFPMA,9.428,8.299,29979.95
HLA-B*51:03,NMTTFPMAD,72.143,43.315,41989.23
HLA-B*51:03,MTTFPMADI,12.861,3.085,22335.49
HLA-B*51:03,TTFPMADIA,9.014,4.446,25162.0
HLA-B*51:03,TFPMADIAV,12.919,18.983,36105.1
HLA-B*51:03,FPMADIAVY,0.535,0.319,8032.03
HLA-B*51:03,PMADIAVYM,14.401,28.114,38949.25
HLA-B*51:03,MADIAVYMG,18.799,8.651,30292.64
HLA-B*51:03,ADIAVYMGH,52.407,77.386,45944.0
HLA-B*51:03,DIAVYMGHV,3.36,1.428,16727.63
HLA-B*51:03,IAVYMGHVI,0.436,0.19,5880.77
HLA-B*51:03,AVYMGHVIQ,58.5,73.246,45564.3
HLA-B*51:03,VYMGHVIQK,34.5,50.179,43002.58
HLA-B*51:03,YMGHVIQKG,40.75,41.849,41750.51
HLA-B*51:03,MGHVIQKGW,7.019,6.749,28374.12
HLA-B*51:03,GHVIQKGWI,53.148,44.701,42205.15
HLA-B*51:03,HVIQKGWIC,13.38,25.496,38240.62
HLA-B*51:03,VIQKGWICN,93.333,83.067,46459.88
HLA-B*51:03,IQKGWICND,70.714,67.844,45044.7
HLA-B*51:03,QKGWICNDA,72.143,66.186,44880.76
HLA-B*51:03,KGWICNDAE,79.167,69.532,45212.2
HLA-B*51:03,GWICNDAEV,65.909,51.437,43163.39
HLA-B*51:03,WICNDAEVV,29.5,17.531,35533.84
HLA-B*51:03,ICNDAEVVH,42.923,86.095,46742.74
HLA-B*51:03,CNDAEVVHK,51.296,79.662,46148.75
HLA-B*51:03,NDAEVVHKT,12.664,35.203,40544.07
HLA-B*51:03,DAEVVHKTH,8.485,27.66,38827.64
HLA-B*51:03,AEVVHKTHS,48.0,78.771,46068.43
HLA-B*51:03,EVVHKTHSD,33.036,58.332,44017.04
HLA-B*51:03,VVHKTHSDI,4.984,6.152,27633.65
HLA-B*51:03,VHKTHSDIR,70.714,90.691,47196.56
HLA-B*51:03,HKTHSDIRF,27.926,63.374,44585.03
HLA-B*51:03,KTHSDIRFE,63.929,89.274,47049.2
HLA-B*51:03,THSDIRFEE,42.846,58.988,44095.23
HLA-B*51:03,HSDIRFEED,65.909,74.64,45696.11
HLA-B*51:03,SDIRFEEDD,95.0,94.963,47675.94
HLA-B*51:03,DIRFEEDDI,12.056,11.011,32109.02
HLA-B*51:03,IRFEEDDIA,43.364,49.983,42977.46
HLA-B*51:03,RFEEDDIAI,22.81,40.676,41558.52
HLA-B*51:03,FEEDDIAID,63.214,68.214,45081.27
HLA-B*51:03,EEDDIAIDS,24.701,51.652,43190.96
HLA-B*51:03,EDDIAIDSR,53.148,89.553,47076.21
HLA-B*51:03,DDIAIDSRH,34.462,71.905,45437.77
HLA-B*51:03,DIAIDSRHG,29.205,45.136,42273.25
HLA-B*51:03,IAIDSRHGA,3.484,7.951,29664.06
HLA-B*51:03,AIDSRHGAF,20.894,35.099,40523.47
HLA-B*51:03,IDSRHGAFR,62.857,77.597,45962.88
HLA-B*51:03,DSRHGAFRA,5.82,6.772,28402.7
HLA-B*51:03,SRHGAFRAL,12.343,33.533,40200.31
HLA-B*51:03,RHGAFRALC,68.636,62.289,44466.04
HLA-B*51:03,HGAFRALCF,9.82,6.026,27475.64
HLA-B*51:03,GAFRALCFL,10.618,6.788,28421.13
HLA-B*51:03,AFRALCFLG,93.333,62.474,44486.26
HLA-B*51:03,FRALCFLGN,91.667,57.692,43940.91
HLA-B*51:03,RALCFLGNL,10.203,4.214,24715.44
HLA-B*51:03,ALCFLGNLV,31.471,21.888,37138.02
HLA-B*51:03,LCFLGNLVS,57.5,41.316,41664.3
HLA-B*51:03,CFLGNLVSE,65.909,68.839,45143.26
HLA-B*51:03,FLGNLVSEL,12.852,15.136,34459.68
HLA-B*51:03,LGNLVSELS,47.625,32.327,39943.64
HLA-B*51:03,GNLVSELSD,95.0,90.238,47146.03
HLA-B*51:03,NLVSELSDE,69.091,89.853,47105.25
HLA-B*51:03,LVSELSDEA,19.635,19.987,36480.5
HLA-B*51:03,VSELSDEAP,40.125,58.54,44041.82
HLA-B*51:03,SELSDEAPH,52.963,80.257,46202.71
HLA-B*51:03,ELSDEAPHS,33.571,63.348,44582.16
HLA-B*51:03,LSDEAPHSN,39.412,59.492,44155.38
HLA-B*51:03,SDEAPHSNI,8.397,19.911,36451.69
HLA-B*51:03,DEAPHSNIQ,26.75,58.432,44028.96
HLA-B*51:03,EAPHSNIQD,31.5,53.84,43472.28
HLA-B*51:03,APHSNIQDE,28.816,53.089,43375.47
HLA-B*51:03,PHSNIQDES,90.0,95.593,47949.59
HLA-B*51:03,HSNIQDESK,51.667,78.217,46018.64
HLA-B*51:03,SNIQDESKT,42.846,71.002,45352.81
HLA-B*51:03,NIQDESKTE,54.815,87.832,46909.95
HLA-B*51:03,IQDESKTEF,3.63,24.39,37921.7
HLA-B*51:03,QDESKTEFS,59.75,93.472,47508.08
HLA-B*51:03,DESKTEFSK,27.944,52.225,43264.39
HLA-B*51:03,ESKTEFSKE,36.238,63.379,44585.52
HLA-B*51:03,SKTEFSKEG,62.857,82.152,46376.0
HLA-B*51:03,KTEFSKEGV,20.927,47.214,42582.19
HLA-B*51:03,TEFSKEGVS,37.895,47.653,42647.66
HLA-B*51:03,EFSKEGVSS,40.188,66.668,44928.37
HLA-B*51:03,FSKEGVSSI,0.571,1.053,14663.37
HLA-B*51:03,SKEGVSSIS,66.364,87.284,46857.19
HLA-B*51:03,KEGVSSISY,29.977,61.604,44391.05
HLA-B*51:03,EGVSSISYD,61.071,41.455,41686.85
HLA-B*51:03,GVSSISYDR,69.091,90.453,47170.03
HLA-B*51:03,VSSISYDRT,36.0,40.856,41589.08
HLA-B*51:03,SSISYDRTE,41.083,54.745,43589.07
HLA-B*51:03,SISYDRTEF,25.507,44.69,42203.32
HLA-B*51:03,ISYDRTEFE,30.189,38.407,41161.11
HLA-B*51:03,SYDRTEFEN,79.167,87.011,46830.82
HLA-B*51:03,YDRTEFENT,42.769,56.892,43845.91
HLA-B*51:03,DRTEFENTK,40.438,76.971,45906.74
HLA-B*51:03,RTEFENTKA,36.286,60.242,44242.41
HLA-B*51:03,TEFENTKAE,22.86,50.788,43080.36
HLA-B*51:03,EFENTKAEL,10.272,33.779,40251.24
HLA-B*51:03,FENTKAELS,26.7,36.305,40761.8
HLA-B*51:03,ENTKAELSL,5.201,18.642,35974.48
HLA-B*51:03,NTKAELSLT,24.831,32.889,40066.14
HLA-B*51:03,TKAELSLTG,37.105,47.365,42604.77
HLA-B*51:03,KAELSLTGS,65.455,78.372,46032.55
HLA-B*51:03,AELSLTGSL,9.511,19.676,36363.86
HLA-B*51:03,ELSLTGSLD,49.286,56.064,43747.82
HLA-B*51:03,LSLTGSLDT,48.75,39.995,41443.56
HLA-B*51:03,SLTGSLDTV,11.113,20.602,36700.62
HLA-B*51:03,LTGSLDTVV,14.293,10.645,31843.66
HLA-B*51:03,TGSLDTVVY,19.351,34.915,40486.22
HLA-B*51:03,GSLDTVVYP,22.42,38.494,41177.15
HLA-B*51:03,SLDTVVYPG,63.929,48.058,42707.68
HLA-B*51:03,LDTVVYPGD,93.333,74.984,45728.77
HLA-B*51:03,DTVVYPGDD,88.333,63.844,44636.67
HLA-B*51:03,TVVYPGDDD,91.667,89.042,47026.81
HLA-B*51:03,VVYPGDDDF,7.492,17.236,35410.66
HLA-B*51:03,VYPGDDDFR,64.643,94.597,47634.69
HLA-B*51:03,YPGDDDFRG,30.568,22.899,37458.85
HLA-B*51:03,PGDDDFRGQ,85.0,97.872,48999.04
HLA-B*51:03,GDDDFRGQK,65.455,94.799,47657.37
HLA-B*51:03,DDDFRGQKD,60.714,86.653,46796.37
HLA-B*51:03,DDFRGQKDH,36.238,76.334,45849.63
HLA-B*51:03,DFRGQKDHP,32.323,57.34,43899.07
HLA-B*51:03,FRGQKDHPL,24.909,40.668,41557.15
HLA-B*51:03,RGQKDHPLR,50.37,84.578,46598.84
HLA-B*51:03,GQKDHPLRE,51.481,95.375,47850.09
HLA-B*51:03,QKDHPLREP,33.929,79.712,46153.24
HLA-B*51:03,KDHPLREPI,13.632,18.665,35983.44
HLA-B*51:03,DHPLREPIP,27.296,41.791,41741.0
HLA-B*51:03,HPLREPIPI,0.188,0.232,6601.64
HLA-B*51:03,PLREPIPIT,32.258,56.976,43855.89
HLA-B*51:03,LREPIPITE,35.958,80.821,46254.23
HLA-B*51:03,REPIPITEP,26.883,68.681,45127.63
HLA-B*51:03,EPIPITEPQ,8.244,17.369,35466.26
HLA-B*51:03,PIPITEPQS,73.571,95.311,47821.1
HLA-B*51:03,IPITEPQST,1.018,4.346,24968.63
HLA-B*51:03,PITEPQSTI,6.419,18.621,35966.69
HLA-B*51:03,ITEPQSTIF,3.959,12.502,33062.3
HLA-B*51:03,TEPQSTIFL,5.016,18.591,35955.02
HLA-B*51:03,EPQSTIFLG,5.391,2.041,19384.85
HLA-B*51:03,PQSTIFLGS,62.5,64.877,44750.32
HLA-B*51:03,QSTIFLGSP,34.115,26.035,38391.1
HLA-B*51:03,STIFLGSPE,56.5,48.11,42715.07
HLA-B*51:03,TIFLGSPEP,15.888,15.278,34526.12
HLA-B*51:03,IFLGSPEPF,15.899,18.904,36075.03
HLA-B*51:03,FLGSPEPFH,42.0,64.864,44748.88
HLA-B*51:03,LGSPEPFHR,27.722,66.309,44892.89
HLA-B*51:03,GSPEPFHRD,38.611,70.433,45299.35
HLA-B*51:03,SPEPFHRDY,2.865,12.613,33128.55
HLA-B*51:03,PEPFHRDYG,93.333,95.756,48023.84
HLA-B*51:03,EPFHRDYGA,1.204,1.289,15985.87
HLA-B*51:03,PFHRDYGAL,52.407,63.871,44639.58
HLA-B*51:03,FHRDYGALG,43.636,30.741,39583.09
HLA-B*51:03,HRDYGALGE,65.455,93.669,47530.18
HLA-B*51:03,RDYGALGEP,47.375,49.825,42955.62
HLA-B*51:03,DYGALGEPT,45.4,49.333,42887.8
HLA-B*51:03,YGALGEPTI,1.414,1.924,18937.88
HLA-B*51:03,GALGEPTIS,51.852,78.056,46004.18
HLA-B*51:03,ALGEPTISK,38.444,76.628,45875.93
HLA-B*51:03,LGEPTISKQ,45.0,80.745,46247.21
HLA-B*51:03,GEPTISKQR,51.852,95.764,48027.49
HLA-B*51:03,EPTISKQRR,17.917,49.017,42844.21
HLA-B*51:03,PTISKQRRA,28.571,56.0,43740.26
HLA-B*51:03,TISKQRRAT,44.636,71.801,45427.95
HLA-B*51:03,ISKQRRATA,10.214,21.859,37128.39
HLA-B*51:03,SKQRRATAS,57.25,80.635,46237.23
HLA-B*51:03,KQRRATASL,14.248,36.023,40707.16
HLA-B*51:03,QRRATASLQ,77.5,93.216,47479.29
HLA-B*51:03,RRATASLQV,21.64,31.535,39765.96
HLA-B*51:03,RATASLQVP,19.507,24.674,38005.5
HLA-B*51:03,ATASLQVPG,63.214,47.687,42652.72
HLA-B*51:03,TASLQVPGE,23.667,47.26,42589.09
HLA-B*51:03,ASLQVPGES,49.429,59.876,44201.25
HLA-B*51:03,SLQVPGESA,21.491,31.405,39736.3
HLA-B*51:03,LQVPGESAK,44.909,70.522,45307.67
HLA-B*51:03,QVPGESAKD,69.091,91.985,47341.3
HLA-B*51:03,VPGESAKDR,36.524,69.808,45239.59
HLA-B*51:03,PGESAKDRL,36.952,81.725,46336.9
HLA-B*51:03,GESAKDRLP,60.0,80.449,46220.23
HLA-B*51:03,ESAKDRLPR,24.61,62.663,44506.95
HLA-B*51:03,SAKDRLPRA,3.08,8.581,30232.06
HLA-B*51:03,AKDRLPRAA,26.083,60.672,44289.34
HLA-B*51:03,KDRLPRAAV,20.041,32.518,39985.14
HLA-B*51:03,DRLPRAAVK,38.556,64.341,44691.29
HLA-B*51:03,RLPRAAVKQ,78.333,94.355,47607.39
HLA-B*51:03,LPRAAVKQV,0.098,0.273,7291.26
HLA-B*51:03,PRAAVKQVP,71.429,90.018,47121.56
HLA-B*51:03,RAAVKQVPI,3.437,3.876,24064.2
HLA-B*51:03,AAVKQVPIE,30.595,52.691,43324.37
HLA-B*51:03,AVKQVPIEF,4.427,25.808,38328.02
HLA-B*51:03,VKQVPIEFK,53.889,80.964,46267.26
HLA-B*51:03,KQVPIEFKT,30.757,62.311,44468.45
HLA-B*51:03,QVPIEFKTI,2.046,5.275,26444.59
HLA-B*51:03,VPIEFKTIF,0.125,0.45,9767.9
HLA-B*51:03,PIEFKTIFH,78.333,95.764,48027.49
HLA-B*51:03,IEFKTIFHS,23.046,26.667,38558.86
HLA-B*51:03,EFKTIFHSR,27.815,61.678,44399.21
HLA-B*51:03,FKTIFHSRE,65.455,74.556,45688.21
HLA-B*51:03,KTIFHSREN,83.75,76.113,45829.8
HLA-B*51:03,TIFHSRENV,3.834,5.026,26087.65
HLA-B*51:03,IFHSRENVV,11.237,15.72,34733.33
HLA-B*51:03,FHSRENVVI,7.162,7.596,29321.98
HLA-B*51:03,HSRENVVII,1.059,2.081,19504.55
HLA-B*51:03,SRENVVIIQ,62.857,95.228,47783.36
HLA-B*51:03,RENVVIIQR,32.226,77.27,45933.57
HLA-B*51:03,ENVVIIQRL,1.575,6.622,28222.57
HLA-B*51:03,NVVIIQRLL,2.552,4.973,26008.18
HLA-B*51:03,VVIIQRLLW,7.106,6.161,27645.31
HLA-B*51:03,VIIQRLLWA,11.62,13.845,33821.76
HLA-B*51:03,IIQRLLWAG,48.625,29.115,39197.83
HLA-B*51:03,IQRLLWAGE,61.429,69.651,45223.92
HLA-B*51:03,QRLLWAGES,75.833,62.816,44523.8
HLA-B*51:03,RLLWAGESL,20.732,28.039,38930.71
HLA-B*51:03,LLWAGESLD,68.636,48.231,42732.18
HLA-B*51:03,LWAGESLDN,97.5,95.227,47782.84
HLA-B*51:03,WAGESLDNP,34.846,29.425,39271.69
HLA-B*51:03,AGESLDNPQ,85.0,96.188,48221.19
HLA-B*51:03,GESLDNPQE,81.25,95.863,48072.7
HLA-B*51:03,ESLDNPQEK,12.824,45.933,42393.7
HLA-B*51:03,SLDNPQEKL,11.073,45.109,42269.11
HLA-B*51:03,LDNPQEKLV,6.479,15.775,34759.25
HLA-B*51:03,DNPQEKLVR,27.981,79.767,46158.24
HLA-B*51:03,NPQEKLVRG,5.793,9.799,31234.21
HLA-B*51:03,PQEKLVRGD,97.5,97.004,48596.72
HLA-B*51:03,QEKLVRGDM,33.643,52.44,43292.02
HLA-B*51:03,EKLVRGDMK,78.333,88.147,46940.4
HLA-B*51:03,KLVRGDMKS,78.333,91.034,47234.87
HLA-B*51:03,LVRGDMKSW,14.997,19.688,36368.2
HLA-B*51:03,VRGDMKSWA,61.071,73.972,45632.88
HLA-B*51:03,RGDMKSWAL,10.837,27.784,38861.68
HLA-B*51:03,GDMKSWALE,80.0,82.218,46382.04
HLA-B*51:03,DMKSWALEI,0.729,0.477,10106.56
HLA-B*51:03,MKSWALEIS,75.0,57.336,43898.62
HLA-B*51:03,KSWALEISA,17.933,15.501,34630.51
HLA-B*51:03,SWALEISAI,13.005,15.724,34735.21
HLA-B*51:03,WALEISAIL,1.366,0.588,11194.6
HLA-B*51:03,ALEISAILA,46.0,56.692,43822.22
HLA-B*51:03,LEISAILAK,29.045,37.689,41027.28
HLA-B*51:03,EISAILAKA,6.081,9.368,30907.78
HLA-B*51:03,ISAILAKAT,21.746,29.504,39290.82
HLA-B*51:03,SAILAKATV,0.273,0.469,10011.98
HLA-B*51:03,AILAKATVD,82.5,87.732,46900.3
HLA-B*51:03,ILAKATVDG,81.25,72.025,45449.08
HLA-B*51:03,LAKATVDGT,25.836,30.878,39615.25
HLA-B*51:03,AKATVDGTN,91.667,95.184,47763.71
HLA-B*51:03,KATVDGTNG,72.143,77.27,45933.57
HLA-B*51:03,ATVDGTNGI,6.002,16.226,34965.96
HLA-B*51:03,TVDGTNGIH,55.5,83.74,46521.77
HLA-B*51:03,VDGTNGIHE,73.571,94.456,47618.72
HLA-B*51:03,DGTNGIHEN,42.615,60.488,44269.23
HLA-B*51:03,GTNGIHENW,17.43,30.858,39610.52
HLA-B*51:03,TNGIHENWK,88.333,94.053,47573.38
HLA-B*51:03,NGIHENWKY,13.788,25.77,38317.24
HLA-B*51:03,GIHENWKYE,81.25,92.177,47362.83
HLA-B*51:03,IHENWKYES,62.857,63.77,44628.47
HLA-B*51:03,HENWKYESS,41.75,55.956,43735.07
HLA-B*51:03,ENWKYESSR,20.976,46.903,42536.14
HLA-B*51:03,NWKYESSRI,20.407,28.034,38929.43
HLA-B*51:03,WKYESSRID,70.0,58.736,44065.18
HLA-B*51:03,KYESSRIDY,52.222,88.168,46942.43
HLA-B*51:03,YESSRIDYP,15.847,23.995,37805.37
HLA-B*51:03,ESSRIDYPG,55.0,24.284,37890.53
HLA-B*51:03,SSRIDYPGP,31.706,35.057,40515.14
HLA-B*51:03,SRIDYPGPE,72.857,87.121,46841.48
HLA-B*51:03,RIDYPGPEN,70.0,88.947,47017.66
HLA-B*51:03,IDYPGPENQ,45.3,83.105,46463.39
HLA-B*51:03,DYPGPENQN,42.154,87.311,46859.73
HLA-B*51:03,YPGPENQNI,0.064,0.266,7171.94
HLA-B*51:03,PGPENQNIT,53.519,90.311,47154.21
HLA-B*51:03,GPENQNITH,30.054,77.403,45945.48
HLA-B*51:03,PENQNITHA,24.195,59.244,44125.75
HLA-B*51:03,ENQNITHAT,12.912,32.869,40061.8
HLA-B*51:03,NQNITHATG,32.258,34.228,40344.09
HLA-B*51:03,QNITHATGV,5.342,12.615,33129.62
HLA-B*51:03,NITHATGVG,85.0,68.617,45121.29
HLA-B*51:03,ITHATGVGY,14.019,20.991,36840.27
HLA-B*51:03,THATGVGYE,62.857,76.035,45822.85
HLA-B*51:03,HATGVGYEQ,31.735,54.555,43564.56
HLA-B*51:03,ATGVGYEQK,51.667,88.547,46979.01
HLA-B*51:03,TGVGYEQKD,75.0,77.724,45974.32
HLA-B*51:03,GVGYEQKDL,63.929,89.642,47084.87
HLA-B*51:03,VGYEQKDLD,69.545,59.228,44123.84
HLA-B*51:03,GYEQKDLDN,97.5,97.519,48834.96
HLA-B*51:03,YEQKDLDNE,68.636,84.995,46637.18
HLA-B*51:03,EQKDLDNEF,4.047,23.787,37739.55
HLA-B*51:03,QKDLDNEFG,88.333,95.491,47902.92
HLA-B*51:03,KDLDNEFGG,88.333,93.811,47546.12
HLA-B*51:03,DLDNEFGGI,11.011,12.968,33340.7
HLA-B*51:03,LDNEFGGIP,47.875,42.324,41828.72
HLA-B*51:03,DNEFGGIPT,30.541,31.269,39705.36
HLA-B*51:03,NEFGGIPTG,20.724,23.384,37611.96
HLA-B*51:03,EFGGIPTGL,16.084,40.995,41612.5
HLA-B*51:03,FGGIPTGLK,48.125,50.937,43099.47
HLA-B*51:03,GGIPTGLKY,16.724,40.282,41492.02
HLA-B*51:03,GIPTGLKYL,29.864,65.709,44833.69
HLA-B*51:03,IPTGLKYLD,21.289,8.782,30407.24
HLA-B*51:03,PTGLKYLDH,86.667,95.643,47972.42
HLA-B*51:03,TGLKYLDHR,30.649,67.416,45002.31
HLA-B*51:03,GLKYLDHRT,61.071,84.485,46590.25
HLA-B*51:03,LKYLDHRTS,49.571,51.276,43142.86
HLA-B*51:03,KYLDHRTSD,88.333,95.238,47788.02
HLA-B*51:03,YLDHRTSDK,24.078,62.966,44540.2
HLA-B*51:03,LDHRTSDKV,11.742,15.563,34659.73
HLA-B*51:03,DHRTSDKVG,50.185,65.335,44796.84
HLA-B*51:03,HRTSDKVGE,86.667,97.21,48692.0
HLA-B*51:03,RTSDKVGEI,5.967,16.057,34890.75
HLA-B*51:03,TSDKVGEII,4.609,7.684,29406.18
HLA-B*51:03,SDKVGEIID,79.167,94.277,47598.61
HLA-B*51:03,DKVGEIIDG,71.429,83.171,46469.44
HLA-B*51:03,KVGEIIDGF,22.03,43.69,42046.52
HLA-B*51:03,VGEIIDGFG,91.667,65.33,44796.35
HLA-B*51:03,GEIIDGFGL,18.122,32.06,39885.34
HLA-B*51:03,EIIDGFGLI,1.194,0.932,13944.17
HLA-B*51:03,IIDGFGLIG,38.611,47.433,42614.91
HLA-B*51:03,IDGFGLIGL,29.909,43.64,42038.79
HLA-B*51:03,DGFGLIGLL,0.657,0.552,10862.89
HLA-B*51:03,GFGLIGLLF,26.3,55.604,43693.43
HLA-B*51:03,FGLIGLLFS,48.375,34.543,40409.19
HLA-B*51:03,GLIGLLFSG,80.0,68.302,45090.05
HLA-B*51:03,LIGLLFSGV,24.662,10.789,31948.23
HLA-B*51:03,IGLLFSGVS,33.464,22.385,37296.67
HLA-B*51:03,GLLFSGVSQ,66.818,91.747,47314.69
HLA-B*51:03,LLFSGVSQW,4.672,4.593,25410.96
HLA-B*51:03,LFSGVSQWV,16.6,14.418,34110.99
HLA-B*51:03,FSGVSQWVR,34.269,32.234,39923.32
HLA-B*51:03,SGVSQWVRY,19.297,33.688,40232.5
HLA-B*51:03,GVSQWVRYC,42.769,62.614,44501.67
HLA-B*51:03,VSQWVRYCD,91.667,50.941,43099.95
HLA-B*51:03,SQWVRYCDR,66.818,64.987,44762.42
HLA-B*51:03,QWVRYCDRK,93.333,86.216,46754.38
HLA-B*51:03,WVRYCDRKL,35.625,24.425,37931.97
HLA-B*51:03,VRYCDRKLP,53.519,49.663,42933.3
HLA-B*51:03,RYCDRKLPI,29.341,34.586,40417.95
HLA-B*51:03,YCDRKLPID,82.5,85.858,46719.99
HLA-B*51:03,CDRKLPIDI,21.412,15.837,34788.61
HLA-B*51:03,DRKLPIDIY,24.468,58.548,44042.76
HLA-B*51:03,RKLPIDIYR,61.071,87.958,46922.12
HLA-B*51:03,KLPIDIYRV,13.232,26.782,38589.34
HLA-B*51:03,LPIDIYRVP,0.605,0.716,12226.98
HLA-B*51:03,PIDIYRVPT,86.667,82.881,46442.8
HLA-B*51:03,IDIYRVPTD,53.704,53.982,43490.62
HLA-B*51:03,DIYRVPTDA,3.436,5.008,26062.26
HLA-B*51:03,IYRVPTDAK,59.25,77.315,45937.54
HLA-B*51:03,YRVPTDAKA,24.338,45.864,42383.15
HLA-B*51:03,RVPTDAKAP,49.286,81.9,46352.92
HLA-B*51:03,VPTDAKAPD,37.737,34.459,40391.71
HLA-B*51:03,PTDAKAPDQ,95.0,97.414,48786.39
HLA-B*51:03,TDAKAPDQG,60.357,85.279,46664.43
HLA-B*51:03,DAKAPDQGR,17.383,55.852,43722.74
HLA-B*51:03,AKAPDQGRK,78.333,96.136,48197.71
HLA-B*51:03,KAPDQGRKD,60.714,91.285,47262.99
HLA-B*51:03,APDQGRKDV,2.417,11.697,32562.79
HLA-B*51:03,PDQGRKDVP,76.667,96.459,48345.52
HLA-B*51:03,DQGRKDVPK,48.0,71.007,45353.28
HLA-B*51:03,QGRKDVPKV,4.005,11.74,32591.7
HLA-B*51:03,GRKDVPKVY,39.765,92.457,47394.09
HLA-B*51:03,RKDVPKVYL,10.542,52.206,43262.05
HLA-B*51:03,KDVPKVYLR,42.0,86.4,46772.08
HLA-B*51:03,DVPKVYLRE,13.36,36.266,40754.31
HLA-B*51:03,VPKVYLRED,24.468,23.581,37674.28
HLA-B*51:03,PKVYLREDE,95.0,97.908,49016.01
HLA-B*51:03,KVYLREDEP,30.541,44.537,42179.11
HLA-B*51:03,VYLREDEPI,24.455,17.849,35666.75
HLA-B*51:03,YLREDEPIG,47.75,46.013,42405.62
HLA-B*51:03,LREDEPIGQ,77.5,97.077,48630.39
HLA-B*51:03,REDEPIGQV,4.057,16.787,35216.94
HLA-B*51:03,EDEPIGQVL,3.758,21.299,36942.45
HLA-B*51:03,DEPIGQVLW,3.084,11.238,32258.75
HLA-B*51:03,EPIGQVLWT,3.164,3.007,22154.97
HLA-B*51:03,PIGQVLWTA,35.375,38.993,41269.05
HLA-B*51:03,IGQVLWTAE,53.889,58.368,44021.32
HLA-B*51:03,GQVLWTAEK,44.273,68.74,45133.48
HLA-B*51:03,QVLWTAEKN,78.333,74.661,45698.08
HLA-B*51:03,VLWTAEKNA,31.618,35.353,40573.91
HLA-B*51:03,LWTAEKNAI,28.061,33.943,40285.2
HLA-B*51:03,WTAEKNAIV,5.277,4.7,25577.02
HLA-B*51:03,TAEKNAIVK,30.135,55.644,43698.16
HLA-B*51:03,AEKNAIVKA,15.478,48.497,42770.11
HLA-B*51:03,EKNAIVKAI,2.763,9.011,30606.95
HLA-B*51:03,KNAIVKAIS,81.25,85.432,46679.06
HLA-B*51:03,NAIVKAISL,0.389,1.385,16492.38
HLA-B*51:03,AIVKAISLA,21.281,30.12,39437.75
HLA-B*51:03,IVKAISLAA,6.182,6.987,28662.02
HLA-B*51:03,VKAISLAAW,12.558,28.373,39013.78
HLA-B*51:03,KAISLAAWE,44.364,49.226,42872.96
HLA-B*51:03,AISLAAWEL,14.258,25.866,38344.19
HLA-B*51:03,ISLAAWELN,68.636,32.355,39949.7
HLA-B*51:03,SLAAWELNI,8.801,6.996,28672.56
HLA-B*51:03,LAAWELNIH,28.857,45.312,42299.79
HLA-B*51:03,AAWELNIHL,1.091,2.559,20987.35
HLA-B*51:03,AWELNIHLR,48.375,87.847,46911.46
HLA-B*51:03,WELNIHLRL,4.733,4.797,25729.4
HLA-B*51:03,ELNIHLRLA,10.062,12.374,32986.19
HLA-B*51:03,LNIHLRLAL,7.602,10.166,31498.25
HLA-B*51:03,NIHLRLALY,10.877,13.593,33683.36
HLA-B*51:03,IHLRLALYI,7.975,2.456,20693.31
HLA-B*51:03,HLRLALYII,9.543,7.28,28985.72
HLA-B*51:03,LRLALYIIL,22.86,18.82,36042.66
HLA-B*51:03,RLALYIILR,48.0,77.486,45952.95
HLA-B*51:03,LALYIILRF,2.166,1.891,18799.67
HLA-B*51:03,ALYIILRFG,63.571,61.252,44352.65
HLA-B*51:03,LYIILRFGI,32.774,12.998,33358.38
HLA-B*51:03,YIILRFGIR,46.444,49.559,42918.91
HLA-B*51:03,IILRFGIRI,5.876,4.455,25179.71
HLA-B*51:03,ILRFGIRIA,30.243,28.307,38997.3
HLA-B*51:03,LRFGIRIAC,38.778,51.393,43157.8
HLA-B*51:03,RFGIRIACS,93.333,88.663,46990.19
HLA-B*51:03,FGIRIACSA,10.198,3.837,23985.69
HLA-B*51:03,GIRIACSAH,58.75,90.718,47199.64
HLA-B*51:03,IRIACSAHH,72.857,78.344,46030.06
HLA-B*51:03,RIACSAHHD,93.333,77.403,45945.48
HLA-B*51:03,IACSAHHDY,10.079,16.349,35020.87
HLA-B*51:03,ACSAHHDYP,61.071,74.405,45673.86
HLA-B*51:03,CSAHHDYPT,65.455,33.225,40136.84
HLA-B*51:03,SAHHDYPTE,19.115,36.377,40775.92
HLA-B*51:03,AHHDYPTET,23.184,53.403,43415.86
HLA-B*51:03,HHDYPTETH,16.018,74.525,45685.23
HLA-B*51:03,HDYPTETHT,19.155,47.656,42648.12
HLA-B*51:03,DYPTETHTR,10.095,57.436,43910.48
HLA-B*51:03,YPTETHTRF,0.063,0.308,7889.23
HLA-B*51:03,PTETHTRFT,78.333,90.329,47156.25
HLA-B*51:03,TETHTRFTL,5.994,12.546,33088.78
HLA-B*51:03,ETHTRFTLE,22.83,39.897,41426.51
HLA-B*51:03,THTRFTLEH,33.643,52.841,43343.59
HLA-B*51:03,HTRFTLEHV,4.818,5.716,27058.48
HLA-B*51:03,TRFTLEHVV,8.941,11.337,32323.74
HLA-B*51:03,RFTLEHVVR,74.286,93.106,47466.95
HLA-B*51:03,FTLEHVVRN,27.537,23.405,37618.48
HLA-B*51:03,TLEHVVRNS,53.148,72.416,45485.97
HLA-B*51:03,LEHVVRNSP,27.315,30.0,39409.61
HLA-B*51:03,EHVVRNSPP,28.163,35.993,40701.44
HLA-B*51:03,HVVRNSPPF,9.798,10.428,31686.94
HLA-B*51:03,VVRNSPPFE,46.889,69.68,45226.87
HLA-B*51:03,VRNSPPFEV,8.594,19.884,36441.84
HLA-B*51:03,RNSPPFEVL,8.484,24.723,38019.89
HLA-B*51:03,NSPPFEVLL,0.935,3.305,22853.98
HLA-B*51:03,SPPFEVLLW,0.581,1.132,15125.84
HLA-B*51:03,PPFEVLLWE,20.48,19.988,36480.9
HLA-B*51:03,PFEVLLWEP,66.818,77.403,45945.48
HLA-B*51:03,FEVLLWEPQ,50.741,40.678,41558.95
HLA-B*51:03,EVLLWEPQS,22.48,29.833,39369.55
HLA-B*51:03,VLLWEPQSG,60.714,59.384,44142.48
HLA-B*51:03,LLWEPQSGS,29.591,35.874,40677.67
HLA-B*51:03,LWEPQSGSD,82.5,92.26,47372.05
HLA-B*51:03,WEPQSGSDN,83.75,87.747,46901.82
HLA-B*51:03,EPQSGSDNS,17.052,34.059,40309.19
HLA-B*51:03,PQSGSDNSP,71.429,94.899,47668.71
HLA-B*51:03,QSGSDNSPT,69.545,76.794,45890.84
HLA-B*51:03,SGSDNSPTA,7.216,18.605,35960.47
HLA-B*51:03,GSDNSPTAC,30.0,80.263,46203.21
HLA-B*51:03,SDNSPTACI,6.282,9.351,30893.41
HLA-B*51:03,DNSPTACIF,2.392,4.573,25379.93
HLA-B*51:03,NSPTACIFK,28.633,38.291,41139.75
HLA-B*51:03,SPTACIFKP,9.758,5.897,27302.57
HLA-B*51:03,PTACIFKPA,50.556,23.562,37668.16
HLA-B*51:03,TACIFKPAT,15.358,19.34,36238.16
HLA-B*51:03,ACIFKPATY,17.617,38.015,41089.05
HLA-B*51:03,CIFKPATYL,5.122,4.511,25284.81
HLA-B*51:03,IFKPATYLN,47.25,48.987,42840.04
HLA-B*51:03,FKPATYLNT,31.353,46.545,42483.69
HLA-B*51:03,KPATYLNTL,0.577,2.311,20226.89
HLA-B*51:03,PATYLNTLR,56.75,78.134,46011.16
HLA-B*51:03,ATYLNTLRI,1.77,1.688,17922.74
HLA-B*51:03,TYLNTLRIH,53.148,82.7,46426.21
HLA-B*51:03,YLNTLRIHP,23.736,29.652,39326.11
HLA-B*51:03,LNTLRIHPS,45.5,47.697,42654.12
HLA-B*51:03,NTLRIHPSP,6.555,7.505,29234.86
HLA-B*51:03,TLRIHPSPV,10.095,8.741,30371.41
HLA-B*51:03,LRIHPSPVE,46.444,76.141,45832.28
HLA-B*51:03,RIHPSPVEL,3.752,19.148,36166.88
HLA-B*51:03,IHPSPVELA,13.575,27.092,38672.52
HLA-B*51:03,HPSPVELAV,0.022,0.145,4985.56
HLA-B*51:03,PSPVELAVI,13.516,18.844,36052.01
HLA-B*51:03,SPVELAVIG,9.63,6.395,27942.42
HLA-B*51:03,PVELAVIGM,42.923,64.613,44721.27
HLA-B*51:03,VELAVIGMW,6.48,8.641,30284.12
HLA-B*51:03,ELAVIGMWS,55.25,49.909,42967.23
HLA-B*51:03,LAVIGMWSP,8.841,8.981,30580.79
HLA-B*51:03,AVIGMWSPN,90.0,59.072,44105.24
HLA-B*51:03,VIGMWSPNK,54.444,62.592,44499.25
HLA-B*51:03,IGMWSPNKG,45.5,31.179,39684.75
HLA-B*51:03,GMWSPNKGF,21.596,36.366,40773.71
HLA-B*51:03,MWSPNKGFF,16.6,16.492,35084.96
HLA-B*51:03,WSPNKGFFI,7.356,4.16,24614.04
HLA-B*51:03,SPNKGFFIL,0.487,0.946,14030.9
HLA-B*51:03,PNKGFFILS,60.714,74.812,45712.43
HLA-B*51:03,NKGFFILSG,62.143,40.146,41469.12
HLA-B*51:03,KGFFILSGL,9.547,14.023,33918.5
HLA-B*51:03,GFFILSGLK,77.5,77.924,45992.23
HLA-B*51:03,FFILSGLKF,7.735,12.131,32842.31
HLA-B*51:03,FILSGLKFM,15.948,12.252,32914.17
HLA-B*51:03,ILSGLKFMA,20.797,24.426,37932.36
HLA-B*51:03,LSGLKFMAM,7.065,6.34,27872.38
HLA-B*51:03,SGLKFMAMD,69.545,45.194,42281.92
HLA-B*51:03,GLKFMAMDS,88.333,83.516,46501.12
HLA-B*51:03,LKFMAMDSQ,68.182,74.838,45714.91
HLA-B*51:03,KFMAMDSQE,85.0,87.026,46832.36
HLA-B*51:03,FMAMDSQEW,8.154,4.925,25930.9
HLA-B*51:03,MAMDSQEWG,27.259,7.993,29704.53
HLA-B*51:03,AMDSQEWGK,60.357,88.884,47011.56
HLA-B*51:03,MDSQEWGKA,37.579,32.155,39906.05
HLA-B*51:03,DSQEWGKAR,21.289,43.857,42072.02
HLA-B*51:03,SQEWGKARF,23.655,47.607,42640.73
HLA-B*51:03,QEWGKARFA,17.741,22.738,37407.82
HLA-B*51:03,EWGKARFAG,90.0,82.464,46404.63
HLA-B*51:03,WGKARFAGA,25.313,19.85,36428.83
HLA-B*51:03,GKARFAGAR,85.0,94.881,47666.65
HLA-B*51:03,KARFAGARQ,61.786,80.35,46211.23
HLA-B*51:03,ARFAGARQM,14.586,35.89,40680.73
HLA-B*51:03,RFAGARQMD,93.333,95.126,47737.38
HLA-B*51:03,FAGARQMDI,3.011,1.852,18621.12
HLA-B*51:03,AGARQMDIY,41.083,63.814,44633.3
HLA-B*51:03,GARQMDIYV,5.793,6.623,28224.1
HLA-B*51:03,ARQMDIYVL,24.649,43.482,42014.7
HLA-B*51:03,RQMDIYVLL,2.363,5.0,26050.43
HLA-B*51:03,QMDIYVLLN,21.491,47.851,42677.21
HLA-B*51:03,MDIYVLLNV,3.986,1.787,18336.01
HLA-B*51:03,DIYVLLNVD,28.796,21.65,37058.95
HLA-B*51:03,IYVLLNVDD,95.0,88.737,46997.31
HLA-B*51:03,YVLLNVDDK,59.0,60.874,44311.39
HLA-B*51:03,VLLNVDDKI,11.598,11.398,32364.33
HLA-B*51:03,LLNVDDKIV,18.11,23.041,37503.86
HLA-B*51:03,LNVDDKIVA,21.149,36.689,40836.43
HLA-B*51:03,NVDDKIVAG,23.126,52.91,43352.48
HLA-B*51:03,VDDKIVAGV,6.759,15.927,34830.79
HLA-B*51:03,DDKIVAGVA,16.653,17.976,35720.04
HLA-B*51:03,DKIVAGVAG,51.852,52.761,43333.28
HLA-B*51:03,KIVAGVAGL,24.61,42.556,41867.2
HLA-B*51:03,IVAGVAGLQ,61.429,61.74,44405.94
HLA-B*51:03,VAGVAGLQE,32.419,55.416,43671.23
HLA-B*51:03,AGVAGLQEA,22.09,39.095,41286.91
HLA-B*51:03,GVAGLQEAN,90.0,95.061,47707.92
HLA-B*51:03,VAGLQEANK,54.63,70.157,45273.38
HLA-B*51:03,AGLQEANKE,67.727,86.995,46829.31
HLA-B*51:03,GLQEANKEA,39.412,67.717,45032.04
HLA-B*51:03,LQEANKEAG,72.857,79.64,46146.75
HLA-B*51:03,QEANKEAGD,86.667,95.897,48088.33
HLA-B*51:03,EANKEAGDR,53.704,77.47,45951.46
HLA-B*51:03,ANKEAGDRI,13.701,28.953,39158.39
HLA-B*51:03,NKEAGDRIL,31.059,59.996,44215.59
HLA-B*51:03,KEAGDRILL,17.953,38.521,41182.06
HLA-B*51:03,EAGDRILLF,0.585,1.685,17909.16
HLA-B*51:03,AGDRILLFQ,59.75,85.821,46716.46
HLA-B*51:03,GDRILLFQY,31.029,56.956,43853.52
HLA-B*51:03,DRILLFQYH,32.161,57.9,43965.63
HLA-B*51:03,RILLFQYHV,12.711,9.686,31152.88
HLA-B*51:03,ILLFQYHVR,33.5,43.17,41966.98
HLA-B*51:03,LLFQYHVRR,20.683,36.707,40839.95
HLA-B*51:03,LFQYHVRRD,95.0,85.605,46695.74
HLA-B*51:03,FQYHVRRDG,58.0,45.388,42311.21
HLA-B*51:03,QYHVRRDGN,95.0,96.028,48148.19
HLA-B*51:03,YHVRRDGNS,71.429,67.303,44991.11
HLA-B*51:03,HVRRDGNSI,6.481,11.65,32531.45
HLA-B*51:03,VRRDGNSIV,23.816,40.787,41577.39
HLA-B*51:03,RRDGNSIVD,82.5,92.283,47374.62
HLA-B*51:03,RDGNSIVDE,93.333,97.224,48698.31
HLA-B*51:03,DGNSIVDEL,1.175,4.489,25245.72
HLA-B*51:03,GNSIVDELV,25.851,31.908,39851.25
HLA-B*51:03,NSIVDELVD,66.364,50.671,43065.44
HLA-B*51:03,SIVDELVDV,8.103,18.338,35858.67
HLA-B*51:03,IVDELVDVL,3.051,12.411,33008.32
HLA-B*51:03,VDELVDVLI,14.691,17.451,35500.43
HLA-B*51:03,DELVDVLIA,10.693,9.548,31053.93
HLA-B*51:03,ELVDVLIAH,16.773,49.199,42869.25
HLA-B*51:03,LVDVLIAHS,21.947,40.045,41452.06
HLA-B*51:03,VDVLIAHSA,10.616,15.84,34790.11
HLA-B*51:03,DVLIAHSAS,15.821,17.299,35437.11
HLA-B*51:03,VLIAHSAST,27.87,32.097,39893.55
HLA-B*51:03,LIAHSASTK,42.308,56.512,43800.89
HLA-B*51:03,IAHSASTKN,33.214,34.042,40305.71
HLA-B*51:03,AHSASTKNV,16.231,27.822,38872.18
HLA-B*51:03,HSASTKNVK,24.091,62.737,44515.13
HLA-B*51:03,SASTKNVKL,2.111,13.358,33554.6
HLA-B*51:03,ASTKNVKLL,7.323,24.577,37976.71
HLA-B*51:03,STKNVKLLL,5.663,14.282,34044.25
HLA-B*51:03,TKNVKLLLE,60.0,84.545,46595.81
HLA-B*51:03,KNVKLLLES,59.25,71.232,45374.4
HLA-B*51:03,NVKLLLEST,6.922,19.313,36228.37
HLA-B*51:03,VKLLLESTK,57.5,76.118,45830.3
HLA-B*51:03,KLLLESTKG,62.857,79.795,46160.74
HLA-B*51:03,LLLESTKGS,57.75,61.714,44403.05
HLA-B*51:03,LLESTKGSI,12.891,14.427,34115.41
HLA-B*51:03,LESTKGSID,75.0,71.43,45393.04
HLA-B*51:03,ESTKGSIDA,20.358,32.923,40073.5
HLA-B*51:03,STKGSIDAF,8.625,26.118,38413.12
HLA-B*51:03,TKGSIDAFV,24.299,26.014,38385.7
HLA-B*51:03,KGSIDAFVM,25.896,32.256,39928.09
HLA-B*51:03,GSIDAFVME,45.2,72.458,45489.9
HLA-B*51:03,SIDAFVMER,30.946,62.069,44441.98
HLA-B*51:03,IDAFVMERT,46.222,53.632,43445.46
HLA-B*51:03,DAFVMERTI,0.008,0.009,637.74
HLA-B*51:03,AFVMERTIK,81.25,95.061,47707.92
HLA-B*51:03,FVMERTIKQ,17.01,24.007,37809.02
HLA-B*51:03,VMERTIKQN,78.333,85.089,46646.26
HLA-B*51:03,MERTIKQNA,13.894,23.201,37554.23
HLA-B*51:03,ERTIKQNAT,41.25,76.484,45863.03
HLA-B*51:03,RTIKQNATP,22.03,30.089,39430.5
HLA-B*51:03,TIKQNATPQ,62.143,82.114,46372.5
HLA-B*51:03,IKQNATPQV,7.63,18.704,35998.22
HLA-B*51:03,KQNATPQVK,52.593,86.521,46783.73
HLA-B*51:03,QNATPQVKV,2.602,12.039,32788.35
HLA-B*51:03,NATPQVKVP,2.656,9.52,31033.45
HLA-B*51:03,ATPQVKVPA,17.171,35.194,40542.32
HLA-B*51:03,TPQVKVPAL,0.131,0.886,13635.34
HLA-B*51:03,PQVKVPALE,67.273,89.689,47089.45
HLA-B*51:03,QVKVPALES,23.0,51.196,43132.59
HLA-B*51:03,VKVPALESW,9.23,27.486,38780.19
HLA-B*51:03,KVPALESWM,23.966,47.136,42570.66
HLA-B*51:03,VPALESWMK,11.75,16.733,35192.55
HLA-B*51:03,PALESWMKD,63.929,59.284,44130.53
HLA-B*51:03,ALESWMKDK,83.75,95.356,47841.82
HLA-B*51:03,LESWMKDKL,16.662,18.888,36068.8
HLA-B*51:03,ESWMKDKLG,29.341,18.144,35784.65
HLA-B*51:03,SWMKDKLGN,93.333,91.697,47309.04
HLA-B*51:03,WMKDKLGNK,35.5,64.354,44692.75
HLA-B*51:03,MKDKLGNKS,52.963,70.736,45327.78
HLA-B*51:03,KDKLGNKSK,73.571,96.434,48334.02
HLA-B*51:03,DKLGNKSKV,5.596,15.509,34634.24
HLA-B*51:03,KLGNKSKVL,38.111,70.204,45277.79
HLA-B*51:03,LGNKSKVLD,77.5,68.716,45131.07
HLA-B*51:03,GNKSKVLDA,39.882,73.173,45557.39
HLA-B*51:03,NKSKVLDAA,27.315,39.63,41379.92
HLA-B*51:03,KSKVLDAAT,42.615,61.582,44388.65
HLA-B*51:03,SKVLDAATK,57.75,84.036,46548.95
HLA-B*51:03,KVLDAATKS,48.5,77.37,45942.52
HLA-B*51:03,VLDAATKSD,82.5,88.921,47015.11
HLA-B*51:03,LDAATKSDR,76.667,95.049,47702.26
HLA-B*51:03,DAATKSDRK,24.909,46.944,42542.12
HLA-B*51:03,AATKSDRKS,54.815,82.311,46390.57
HLA-B*51:03,ATKSDRKSF,17.368,56.268,43771.97
HLA-B*51:03,TKSDRKSFR,73.571,95.434,47877.01
HLA-B*51:03,KSDRKSFRL,12.366,34.18,40334.05
HLA-B*51:03,SDRKSFRLA,23.034,33.495,40192.48
HLA-B*51:03,DRKSFRLAD,65.909,72.437,45487.93
HLA-B*51:03,RKSFRLADK,91.667,95.643,47972.42
HLA-B*51:03,KSFRLADKE,57.75,67.087,44969.7
HLA-B*51:03,SFRLADKEK,66.364,86.984,46828.28
HLA-B*51:03,FRLADKEKA,42.923,55.612,43694.39
HLA-B*51:03,RLADKEKAL,21.526,59.804,44192.64
HLA-B*51:03,LADKEKALD,59.5,63.765,44627.98
HLA-B*51:03,ADKEKALDS,62.5,89.889,47108.8
HLA-B*51:03,DKEKALDSI,5.176,11.282,32287.74
HLA-B*51:03,KEKALDSIL,23.483,48.468,42765.95
HLA-B*51:03,EKALDSILQ,59.5,86.111,46744.25
HLA-B*51:03,KALDSILQP,5.627,16.884,35260.39
HLA-B*51:03,ALDSILQPR,45.1,78.35,46030.57
HLA-B*51:03,LDSILQPRF,11.363,16.874,35256.21
HLA-B*51:03,DSILQPRFL,0.381,1.305,16063.19
HLA-B*51:03,SILQPRFLQ,44.909,65.856,44848.23
HLA-B*51:03,ILQPRFLQG,19.939,24.677,38006.31
HLA-B*51:03,LQPRFLQGP,39.647,51.327,43149.39
HLA-B*51:03,QPRFLQGPL,6.547,3.447,23195.77
HLA-B*51:03,PRFLQGPLI,15.802,17.512,35525.78
HLA-B*51:03,RFLQGPLIA,35.25,39.437,41346.36
HLA-B*51:03,FLQGPLIAE,26.267,56.764,43830.73
HLA-B*51:03,LQGPLIAER,35.375,60.641,44286.0
HLA-B*51:03,QGPLIAERG,40.562,53.344,43408.35
HLA-B*51:03,GPLIAERGL,5.209,16.34,35016.7
HLA-B*51:03,PLIAERGLL,43.273,52.057,43242.88
HLA-B*51:03,LIAERGLLY,11.348,10.773,31936.12
HLA-B*51:03,IAERGLLYP,18.098,19.854,36430.4
HLA-B*51:03,AERGLLYPE,58.5,71.467,45396.5
HLA-B*51:03,ERGLLYPES,60.714,65.591,44822.04
HLA-B*51:03,RGLLYPESG,33.786,40.293,41493.81
HLA-B*51:03,GLLYPESGS,88.333,94.547,47629.01
HLA-B*51:03,LLYPESGSK,26.0,37.881,41063.7
HLA-B*51:03,LYPESGSKT,29.114,59.352,44138.64
HLA-B*51:03,YPESGSKTQ,12.019,32.966,40083.04
HLA-B*51:03,PESGSKTQC,45.3,95.169,47756.47
HLA-B*51:03,ESGSKTQCL,5.872,23.049,37506.3
HLA-B*51:03,SGSKTQCLL,10.61,16.146,34930.42
HLA-B*51:03,GSKTQCLLA,23.759,28.993,39168.57
HLA-B*51:03,SKTQCLLAQ,79.167,89.305,47052.27
HLA-B*51:03,KTQCLLAQH,52.778,73.189,45558.86
HLA-B*51:03,TQCLLAQHW,10.54,17.746,35623.56
HLA-B*51:03,QCLLAQHWA,27.593,34.858,40474.39
HLA-B*51:03,CLLAQHWAW,27.87,7.694,29415.4
HLA-B*51:03,LLAQHWAWN,82.5,52.513,43301.41
HLA-B*51:03,LAQHWAWNS,31.794,15.431,34597.92
HLA-B*51:03,AQHWAWNST,38.167,47.898,42684.11
HLA-B*51:03,QHWAWNSTK,38.167,38.298,41141.07
HLA-B*51:03,HWAWNSTKK,56.0,75.188,45747.05
HLA-B*51:03,WAWNSTKKS,20.659,15.22,34499.23
HLA-B*51:03,AWNSTKKSI,15.392,48.799,42813.16
HLA-B*51:03,WNSTKKSIS,75.0,83.855,46532.32
HLA-B*51:03,NSTKKSISD,57.5,63.12,44557.06
HLA-B*51:03,STKKSISDF,14.611,31.919,39853.84
HLA-B*51:03,TKKSISDFL,18.86,34.605,40421.89
HLA-B*51:03,KKSISDFLV,30.541,32.181,39911.66
HLA-B*51:03,KSISDFLVG,47.75,28.146,38957.26
HLA-B*51:03,SISDFLVGP,22.95,37.452,40982.48
HLA-B*51:03,ISDFLVGPE,75.0,56.928,43850.18
HLA-B*51:03,SDFLVGPEL,2.778,6.268,27781.45
HLA-B*51:03,DFLVGPELT,24.727,31.563,39772.43
HLA-B*51:03,FLVGPELTK,30.486,48.185,42725.7
HLA-B*51:03,LVGPELTKQ,55.5,89.5,47071.11
HLA-B*51:03,VGPELTKQK,29.0,68.74,45133.48
HLA-B*51:03,GPELTKQKA,12.428,27.506,38785.64
HLA-B*51:03,PELTKQKAY,41.917,86.911,46821.21
HLA-B*51:03,ELTKQKAYK,35.458,70.136,45271.43
HLA-B*51:03,LTKQKAYKT,24.805,39.424,41344.12
HLA-B*51:03,TKQKAYKTS,59.0,82.475,46405.62
HLA-B*51:03,KQKAYKTSH,53.333,93.198,47477.23
HLA-B*51:03,QKAYKTSHL,17.907,52.823,43341.25
HLA-B*51:03,KAYKTSHLL,0.709,1.609,17560.71
HLA-B*51:03,AYKTSHLLP,47.0,58.728,44064.21
HLA-B*51:03,YKTSHLLPP,40.688,36.198,40741.09
HLA-B*51:03,KTSHLLPPN,83.75,72.244,45469.75
HLA-B*51:03,TSHLLPPNI,0.857,1.16,15294.04
HLA-B*51:03,SHLLPPNIA,16.16,23.8,37743.64
HLA-B*51:03,HLLPPNIAY,8.332,27.475,38777.26
HLA-B*51:03,LLPPNIAYK,24.299,32.359,39950.55
HLA-B*51:03,LPPNIAYKG,6.763,4.195,24679.37
HLA-B*51:03,PPNIAYKGT,31.912,47.771,42665.18
HLA-B*51:03,PNIAYKGTQ,90.0,95.967,48120.07
HLA-B*51:03,NIAYKGTQK,39.588,69.528,45211.7
HLA-B*51:03,IAYKGTQKF,0.419,0.936,13972.57
HLA-B*51:03,AYKGTQKFP,59.0,82.097,46370.98
HLA-B*51:03,YKGTQKFPK,63.571,83.319,46483.02
HLA-B*51:03,KGTQKFPKA,15.179,35.185,40540.57
HLA-B*51:03,GTQKFPKAG,60.357,81.073,46277.26
HLA-B*51:03,TQKFPKAGM,15.806,38.036,41093.05
HLA-B*51:03,QKFPKAGME,68.182,85.111,46648.27
HLA-B*51:03,KFPKAGMEE,65.909,90.101,47130.74
HLA-B*51:03,FPKAGMEEK,6.051,12.384,32992.27
HLA-B*51:03,PKAGMEEKT,81.25,96.874,48536.84
HLA-B*51:03,KAGMEEKTT,46.111,77.558,45959.41
HLA-B*51:03,AGMEEKTTS,37.737,58.52,44039.44
HLA-B*51:03,GMEEKTTSL,20.35,50.485,43041.7
HLA-B*51:03,MEEKTTSLL,4.157,6.651,28257.4
HLA-B*51:03,EEKTTSLLL,2.284,8.333,30010.46
HLA-B*51:03,EKTTSLLLD,78.333,72.672,45510.09
HLA-B*51:03,KTTSLLLDV,16.72,15.543,34650.37
HLA-B*51:03,TTSLLLDVE,57.75,62.869,44529.6
HLA-B*51:03,TSLLLDVEE,47.625,55.964,43736.0
HLA-B*51:03,SLLLDVEEK,41.667,71.451,45395.0
HLA-B*51:03,LLLDVEEKE,54.63,81.731,46337.38
HLA-B*51:03,LLDVEEKEM,22.84,45.506,42329.07
HLA-B*51:03,LDVEEKEMR,65.455,94.012,47568.75
HLA-B*51:03,DVEEKEMRT,15.526,43.47,42012.88
HLA-B*51:03,VEEKEMRTI,4.174,10.497,31736.35
HLA-B*51:03,EEKEMRTIA,15.485,26.978,38641.56
HLA-B*51:03,EKEMRTIAT,28.918,59.604,44168.74
HLA-B*51:03,KEMRTIATG,58.5,38.649,41205.68
HLA-B*51:03,EMRTIATGR,30.919,63.098,44554.65
HLA-B*51:03,MRTIATGRL,29.114,33.366,40165.95
HLA-B*51:03,RTIATGRLS,41.667,43.795,42062.44
HLA-B*51:03,TIATGRLSI,4.476,7.107,28795.36
HLA-B*51:03,IATGRLSIA,7.576,10.448,31701.0
HLA-B*51:03,ATGRLSIAL,18.073,30.843,39607.1
HLA-B*51:03,TGRLSIALY,10.52,14.443,34123.16
HLA-B*51:03,GRLSIALYH,38.722,84.469,46588.75
HLA-B*51:03,RLSIALYHT,57.5,62.504,44489.61
HLA-B*51:03,LSIALYHTQ,23.195,26.549,38527.59
HLA-B*51:03,SIALYHTQG,52.037,50.897,43094.33
HLA-B*51:03,IALYHTQGR,23.897,39.409,41341.43
HLA-B*51:03,ALYHTQGRD,77.5,84.058,46550.96
HLA-B*51:03,LYHTQGRDD,97.5,95.375,47850.09
HLA-B*51:03,YHTQGRDDC,62.5,78.007,45999.7
HLA-B*51:03,HTQGRDDCT,63.571,74.108,45645.71
HLA-B*51:03,TQGRDDCTG,88.333,88.642,46988.16
HLA-B*51:03,QGRDDCTGV,16.293,27.63,38819.65
HLA-B*51:03,GRDDCTGVE,86.667,96.403,48319.9
HLA-B*51:03,RDDCTGVEK,61.786,90.974,47228.23
HLA-B*51:03,DDCTGVEKH,43.0,89.868,47106.77
HLA-B*51:03,DCTGVEKHF,5.685,21.783,37103.09
HLA-B*51:03,CTGVEKHFA,44.727,35.512,40605.54
HLA-B*51:03,TGVEKHFAA,8.178,9.434,30963.02
HLA-B*51:03,GVEKHFAAK,63.571,84.617,46602.36
HLA-B*51:03,VEKHFAAKA,19.311,30.792,39595.09
HLA-B*51:03,EKHFAAKAN,75.833,83.877,46534.34
HLA-B*51:03,KHFAAKANT,51.481,62.953,44538.76
HLA-B*51:03,HFAAKANTV,9.674,17.453,35501.18
HLA-B*51:03,FAAKANTVT,14.796,13.701,33742.43
HLA-B*51:03,AAKANTVTS,15.619,36.068,40715.96
HLA-B*51:03,AKANTVTSN,72.857,94.113,47580.07
HLA-B*51:03,KANTVTSNA,6.796,15.855,34796.89
HLA-B*51:03,ANTVTSNAQ,81.25,95.618,47961.01
HLA-B*51:03,NTVTSNAQN,65.909,65.935,44855.99
HLA-B*51:03,TVTSNAQNE,61.071,83.034,46456.86
HLA-B*51:03,VTSNAQNET,31.059,57.7,43941.85
HLA-B*51:03,TSNAQNETA,17.834,23.155,37539.6
HLA-B*51:03,SNAQNETAA,19.912,38.429,41165.12
HLA-B*51:03,NAQNETAAL,2.591,7.969,29681.4
HLA-B*51:03,AQNETAALR,39.824,71.096,45361.64
HLA-B*51:03,QNETAALRR,66.364,94.739,47650.67
HLA-B*51:03,NETAALRRL,8.047,19.876,36438.7
HLA-B*51:03,ETAALRRLF,3.953,6.9,28556.15
HLA-B*51:03,TAALRRLFT,11.793,13.555,33662.58
HLA-B*51:03,AALRRLFTQ,31.353,45.597,42342.82
HLA-B*51:03,ALRRLFTQA,9.641,26.418,38492.6
HLA-B*51:03,LRRLFTQAF,24.143,33.876,40271.26
HLA-B*51:03,RRLFTQAFR,68.182,82.629,46419.69
HLA-B*51:03,RLFTQAFRK,32.839,42.349,41832.79
HLA-B*51:03,LFTQAFRKL,9.509,17.101,35354.75
HLA-B*51:03,FTQAFRKLY,8.841,11.273,32281.81
HLA-B*51:03,TQAFRKLYP,29.023,35.075,40518.64
HLA-B*51:03,QAFRKLYPQ,26.933,28.756,39109.28
HLA-B*51:03,AFRKLYPQL,21.096,42.842,41914.8
HLA-B*51:03,FRKLYPQLR,47.5,71.576,45406.8
HLA-B*51:03,RKLYPQLRV,16.76,26.097,38407.72
HLA-B*51:03,KLYPQLRVE,45.8,70.725,45326.79
HLA-B*51:03,LYPQLRVEV,11.049,22.699,37395.68
HLA-B*51:03,YPQLRVEVG,4.268,2.902,21877.69
HLA-B*51:03,PQLRVEVGP,62.857,81.654,46330.38
HLA-B*51:03,QLRVEVGPA,38.667,36.511,40801.96
HLA-B*51:03,LRVEVGPAL,9.511,19.697,36371.73
HLA-B*51:03,RVEVGPALT,43.818,67.308,44991.61
HLA-B*51:03,VEVGPALTP,14.516,29.886,39382.32
HLA-B*51:03,EVGPALTPF,4.92,9.885,31296.46
HLA-B*51:03,VGPALTPFS,45.3,41.913,41760.9
HLA-B*51:03,GPALTPFSE,23.356,37.726,41034.39
HLA-B*51:03,PALTPFSEL,2.132,6.364,27903.46
HLA-B*51:03,ALTPFSELH,39.882,73.486,45586.99
HLA-B*51:03,LTPFSELHG,62.857,47.146,42572.03
HLA-B*51:03,TPFSELHGG,6.622,5.663,26988.02
HLA-B*51:03,PFSELHGGA,61.071,78.278,46024.1
HLA-B*51:03,FSELHGGAL,10.341,12.476,33046.91
HLA-B*51:03,SELHGGALQ,46.111,69.06,45165.25
HLA-B*51:03,ELHGGALQG,35.917,45.985,42401.5
HLA-B*51:03,LHGGALQGM,28.98,36.927,40882.83
HLA-B*51:03,HGGALQGMN,95.0,86.6,46791.33
HLA-B*51:03,GGALQGMNG,83.75,75.698,45792.63
HLA-B*51:03,GALQGMNGK,51.852,74.901,45720.84
HLA-B*51:03,ALQGMNGKT,66.364,84.452,46587.25
HLA-B*51:03,LQGMNGKTR,61.786,82.793,46434.75
HLA-B*51:03,QGMNGKTRL,8.461,31.493,39756.5
HLA-B*51:03,GMNGKTRLP,58.5,76.102,45828.82
HLA-B*51:03,MNGKTRLPK,65.0,61.731,44405.0
HLA-B*51:03,NGKTRLPKL,4.04,12.886,33291.67
HLA-B*51:03,GKTRLPKLG,93.333,96.114,48187.27
HLA-B*51:03,KTRLPKLGS,61.071,80.783,46250.73
HLA-B*51:03,TRLPKLGSG,54.815,75.526,45777.28
HLA-B*51:03,RLPKLGSGN,93.333,95.277,47805.59
HLA-B*51:03,LPKLGSGND,40.25,30.447,39514.2
HLA-B*51:03,PKLGSGNDN,100.0,97.864,48995.34
HLA-B*51:03,KLGSGNDNI,33.679,50.062,42987.69
HLA-B*51:03,LGSGNDNIT,69.091,69.518,45210.71
HLA-B*51:03,GSGNDNITA,45.2,69.193,45178.45
HLA-B*51:03,SGNDNITAY,7.994,32.724,40030.16
HLA-B*51:03,GNDNITAYS,66.818,85.258,46662.39
HLA-B*51:03,NDNITAYSW,4.922,12.77,33221.88
HLA-B*51:03,DNITAYSWT,32.871,24.064,37825.8
HLA-B*51:03,NITAYSWTL,6.366,5.396,26619.42
HLA-B*51:03,ITAYSWTLR,41.083,44.014,42096.14
HLA-B*51:03,TAYSWTLRM,0.482,0.375,8810.14
HLA-B*51:03,AYSWTLRML,25.925,40.532,41534.24
HLA-B*51:03,YSWTLRMLE,22.06,11.634,32520.9
HLA-B*51:03,SWTLRMLEH,43.091,82.114,46372.5
HLA-B*51:03,WTLRMLEHM,13.657,7.161,28853.68
HLA-B*51:03,TLRMLEHME,48.75,71.764,45424.5
HLA-B*51:03,LRMLEHMEV,11.184,6.666,28274.84
HLA-B*51:03,RMLEHMEVG,53.704,48.828,42817.33
HLA-B*51:03,MLEHMEVGI,19.291,10.359,31636.91
HLA-B*51:03,LEHMEVGIV,9.142,6.709,28326.27
HLA-B*51:03,EHMEVGIVD,28.184,24.992,38099.37
HLA-B*51:03,HMEVGIVDK,57.5,86.789,46809.56
HLA-B*51:03,MEVGIVDKK,33.929,42.725,41895.29
HLA-B*51:03,EVGIVDKKF,6.088,23.383,37611.55
HLA-B*51:03,VGIVDKKFA,20.683,31.177,39684.31
HLA-B*51:03,GIVDKKFAF,22.43,49.374,42893.39
HLA-B*51:03,IVDKKFAFK,32.484,50.357,43025.38
HLA-B*51:03,VDKKFAFKA,19.453,29.179,39213.1
HLA-B*51:03,DKKFAFKAP,27.259,41.911,41760.45
HLA-B*51:03,KKFAFKAPG,74.286,63.414,44589.37
HLA-B*51:03,KFAFKAPGA,50.37,66.521,44913.79
HLA-B*51:03,FAFKAPGAR,8.069,16.384,35036.41
HLA-B*51:03,AFKAPGARG,68.182,88.247,46950.05
HLA-B*51:03,FKAPGARGN,77.5,84.157,46560.03
HLA-B*51:03,KAPGARGNN,85.0,91.505,47287.54
HLA-B*51:03,APGARGNNK,39.059,66.836,44944.91
HLA-B*51:03,PGARGNNKG,90.0,96.432,48333.49
HLA-B*51:03,GARGNNKGL,21.772,56.824,43837.85
HLA-B*51:03,ARGNNKGLT,93.333,96.072,48168.01
HLA-B*51:03,RGNNKGLTH,32.129,71.524,45401.89
HLA-B*51:03,GNNKGLTHG,86.667,93.289,47487.52
HLA-B*51:03,NNKGLTHGN,72.857,85.684,46703.3
HLA-B*51:03,NKGLTHGNL,33.25,45.455,42321.29
HLA-B*51:03,KGLTHGNLH,43.909,72.552,45498.76
HLA-B*51:03,GLTHGNLHR,79.167,95.49,47902.4
HLA-B*51:03,LTHGNLHRI,2.677,2.536,20929.3
HLA-B*51:03,THGNLHRIQ,76.667,87.1,46839.46
HLA-B*51:03,HGNLHRIQA,8.844,17.467,35506.95
HLA-B*51:03,GNLHRIQAE,72.143,93.001,47455.16
HLA-B*51:03,NLHRIQAER,18.415,53.191,43388.62
HLA-B*51:03,LHRIQAERT,55.25,55.252,43651.86
HLA-B*51:03,HRIQAERTF,10.867,39.799,41409.5
HLA-B*51:03,RIQAERTFD,95.0,92.466,47395.13
HLA-B*51:03,IQAERTFDS,49.714,55.32,43659.88
HLA-B*51:03,QAERTFDSE,44.545,69.183,45177.45
HLA-B*51:03,AERTFDSEE,55.25,86.221,46754.89
HLA-B*51:03,ERTFDSEEV,23.828,35.141,40531.81
HLA-B*51:03,RTFDSEEVP,23.701,38.521,41182.06
HLA-B*51:03,TFDSEEVPN,85.0,92.269,47373.06
HLA-B*51:03,FDSEEVPNS,37.316,58.504,44037.54
HLA-B*51:03,DSEEVPNST,4.015,20.086,36516.04
HLA-B*51:03,SEEVPNSTI,3.106,8.325,30003.96
HLA-B*51:03,EEVPNSTID,44.273,59.804,44192.64
HLA-B*51:03,EVPNSTIDG,58.75,75.094,45738.65
HLA-B*51:03,VPNSTIDGD,37.263,31.215,39692.89
HLA-B*51:03,PNSTIDGDE,100.0,98.163,49134.95
HLA-B*51:03,NSTIDGDEP,36.381,52.732,43329.51
HLA-B*51:03,STIDGDEPP,28.224,40.638,41552.22
HLA-B*51:03,TIDGDEPPY,29.864,68.78,45137.41
HLA-B*51:03,IDGDEPPYR,54.259,94.263,47597.07
HLA-B*51:03,DGDEPPYRL,0.553,7.652,29375.02
HLA-B*51:03,GDEPPYRLR,59.0,95.498,47906.04
HLA-B*51:03,DEPPYRLRG,28.306,45.464,42322.65
HLA-B*51:03,EPPYRLRGS,12.706,23.271,37576.18
HLA-B*51:03,PPYRLRGSA,8.251,9.001,30598.66
HLA-B*51:03,PYRLRGSAA,54.63,67.21,44981.89
HLA-B*51:03,YRLRGSAAE,68.182,80.35,46211.23
HLA-B*51:03,RLRGSAAET,54.074,68.406,45100.31
HLA-B*51:03,LRGSAAETG,83.75,80.635,46237.23
HLA-B*51:03,RGSAAETGA,53.333,65.423,44805.57
HLA-B*51:03,GSAAETGAM,35.333,50.573,43052.86
HLA-B*51:03,SAAETGAMW,1.698,2.955,22016.86
HLA-B*51:03,AAETGAMWE,67.727,85.968,46730.6
HLA-B*51:03,AETGAMWER,44.364,74.4,45673.39
HLA-B*51:03,ETGAMWERK,39.235,59.3,44132.44
HLA-B*51:03,TGAMWERKS,52.963,56.948,43852.56
HLA-B*51:03,GAMWERKSL,5.343,19.403,36261.7
HLA-B*51:03,AMWERKSLF,6.325,7.876,29591.3
HLA-B*51:03,MWERKSLFG,85.0,64.965,44760.02
HLA-B*51:03,WERKSLFGH,46.444,60.483,44268.75
HLA-B*51:03,ERKSLFGHD,90.0,88.1,46935.83
HLA-B*51:03,RKSLFGHDT,75.0,85.195,46656.34
HLA-B*51:03,KSLFGHDTP,27.667,37.04,40904.51
HLA-B*51:03,SLFGHDTPG,45.1,36.58,40815.2
HLA-B*51:03,LFGHDTPGF,30.703,38.642,41204.35
HLA-B*51:03,FGHDTPGFS,41.083,36.961,40889.47
HLA-B*51:03,GHDTPGFSG,57.0,75.842,45805.51
HLA-B*51:03,HDTPGFSGF,11.805,30.505,39527.89
HLA-B*51:03,DTPGFSGFI,1.163,0.994,14326.66
HLA-B*51:03,TPGFSGFIY,4.355,4.913,25912.68
HLA-B*51:03,PGFSGFIYH,37.526,63.572,44606.75
HLA-B*51:03,GFSGFIYHA,36.238,57.056,43865.37
HLA-B*51:03,FSGFIYHAA,7.482,4.807,25745.27
HLA-B*51:03,SGFIYHAAD,58.5,22.204,37239.42
HLA-B*51:03,GFIYHAADA,76.667,68.494,45109.1
HLA-B*51:03,FIYHAADAI,4.839,1.534,17257.82
HLA-B*51:03,IYHAADAIH,70.0,77.708,45972.84
HLA-B*51:03,YHAADAIHL,4.561,12.891,33294.57
HLA-B*51:03,HAADAIHLA,1.153,2.794,21592.67
HLA-B*51:03,AADAIHLAE,31.941,48.101,42713.69
HLA-B*51:03,ADAIHLAEG,65.0,74.081,45643.24
HLA-B*51:03,DAIHLAEGL,0.458,1.316,16126.58
HLA-B*51:03,AIHLAEGLL,24.377,33.246,40141.2
HLA-B*51:03,IHLAEGLLD,69.091,45.755,42366.64
HLA-B*51:03,HLAEGLLDK,56.5,70.772,45331.2
HLA-B*51:03,LAEGLLDKE,46.111,71.273,45378.32
HLA-B*51:03,AEGLLDKEP,47.25,74.311,45664.96
HLA-B*51:03,EGLLDKEPS,62.857,57.32,43896.73
HLA-B*51:03,GLLDKEPSV,9.72,27.793,38864.21
HLA-B*51:03,LLDKEPSVV,6.206,14.008,33911.17
HLA-B*51:03,LDKEPSVVQ,45.7,82.284,46388.05
HLA-B*51:03,DKEPSVVQT,10.789,51.813,43211.52
HLA-B*51:03,KEPSVVQTE,40.562,88.363,46961.23
HLA-B*51:03,EPSVVQTES,5.743,10.33,31616.4
HLA-B*51:03,PSVVQTEST,28.694,65.807,44843.38
HLA-B*51:03,SVVQTESTN,59.75,73.674,45604.75
HLA-B*51:03,VVQTESTNR,54.074,87.421,46870.37
HLA-B*51:03,VQTESTNRR,51.481,82.021,46363.98
HLA-B*51:03,QTESTNRRL,11.466,38.637,41203.45
HLA-B*51:03,TESTNRRLI,6.165,8.112,29812.06
HLA-B*51:03,ESTNRRLID,74.286,64.679,44728.54
HLA-B*51:03,STNRRLIDF,18.28,26.273,38454.29
HLA-B*51:03,TNRRLIDFS,66.364,62.856,44528.14
HLA-B*51:03,NRRLIDFSI,12.977,9.719,31176.48
HLA-B*51:03,RRLIDFSIK,71.429,87.147,46843.99
HLA-B*51:03,RLIDFSIKR,34.077,63.379,44585.52
HLA-B*51:03,LIDFSIKRN,74.286,82.015,46363.47
HLA-B*51:03,IDFSIKRNA,17.477,27.913,38897.01
HLA-B*51:03,DFSIKRNAK,44.818,78.56,46049.51
HLA-B*51:03,FSIKRNAKV,1.55,1.93,18965.77
HLA-B*51:03,SIKRNAKVG,59.5,72.573,45500.75
HLA-B*51:03,IKRNAKVGN,97.5,96.484,48357.03
HLA-B*51:03,KRNAKVGND,97.5,96.97,48580.96
HLA-B*51:03,RNAKVGNDQ,88.333,96.298,48271.81
HLA-B*51:03,NAKVGNDQR,21.649,67.347,44995.49
HLA-B*51:03,AKVGNDQRR,82.5,96.976,48583.59
HLA-B*51:03,KVGNDQRRV,26.7,53.782,43464.74
HLA-B*51:03,VGNDQRRVR,58.0,88.726,46996.31
HLA-B*51:03,GNDQRRVRQ,85.0,97.349,48756.32
HLA-B*51:03,NDQRRVRQG,63.929,73.606,45598.31
HLA-B*51:03,DQRRVRQGL,5.257,18.124,35777.29
HLA-B*51:03,QRRVRQGLV,42.154,45.258,42291.55
HLA-B*51:03,RRVRQGLVP,54.444,63.594,44609.16
HLA-B*51:03,RVRQGLVPP,28.735,35.234,40550.21
HLA-B*51:03,VRQGLVPPP,49.571,55.828,43719.92
HLA-B*51:03,RQGLVPPPE,80.0,86.284,46760.95
HLA-B*51:03,QGLVPPPEE,34.115,77.447,45949.48
HLA-B*51:03,GLVPPPEEP,31.647,76.811,45892.32
HLA-B*51:03,LVPPPEEPT,34.5,57.22,43884.84
HLA-B*51:03,VPPPEEPTV,0.036,0.47,10016.2
HLA-B*51:03,PPPEEPTVL,1.138,12.856,33273.32
HLA-B*51:03,PPEEPTVLR,22.13,62.873,44530.09
HLA-B*51:03,PEEPTVLRV,6.025,25.993,38379.89
HLA-B*51:03,EEPTVLRVY,4.006,25.287,38181.89
HLA-B*51:03,EPTVLRVYV,0.079,0.194,5975.76
HLA-B*51:03,PTVLRVYVQ,67.727,82.941,46448.32
HLA-B*51:03,TVLRVYVQG,32.774,32.278,39932.82
HLA-B*51:03,VLRVYVQGL,14.736,19.589,36331.2
HLA-B*51:03,LRVYVQGLI,30.73,12.602,33121.74
HLA-B*51:03,RVYVQGLIR,42.462,55.112,43635.33
HLA-B*51:03,VYVQGLIRF,7.213,28.936,39154.18
HLA-B*51:03,YVQGLIRFM,7.074,9.256,30812.97
HLA-B*51:03,VQGLIRFML,14.978,19.68,36365.43
HLA-B*51:03,QGLIRFMLV,2.866,1.419,16679.73
HLA-B*51:03,GLIRFMLVL,32.903,46.361,42456.57
HLA-B*51:03,LIRFMLVLV,9.632,6.17,27657.28
HLA-B*51:03,IRFMLVLVG,53.519,27.992,38918.91
HLA-B*51:03,RFMLVLVGE,71.429,90.348,47158.29
HLA-B*51:03,FMLVLVGEI,9.667,2.161,19752.18
HLA-B*51:03,MLVLVGEIL,11.551,10.756,31924.03
HLA-B*51:03,LVLVGEILE,54.815,62.957,44539.22
HLA-B*51:03,VLVGEILEA,15.735,29.661,39328.23
HLA-B*51:03,LVGEILEAN,66.364,62.891,44532.01
HLA-B*51:03,VGEILEANV,11.523,14.332,34068.58
HLA-B*51:03,GEILEANVR,60.714,88.368,46961.75
HLA-B*51:03,EILEANVRQ,34.577,67.51,45011.57
HLA-B*51:03,ILEANVRQT,44.818,61.586,44389.13
HLA-B*51:03,LEANVRQTS,33.643,52.888,43349.69
HLA-B*51:03,EANVRQTSF,0.802,3.185,22569.42
HLA-B*51:03,ANVRQTSFV,14.264,20.617,36705.78
HLA-B*51:03,NVRQTSFVE,40.812,46.317,42450.17
HLA-B*51:03,VRQTSFVEH,45.1,83.105,46463.39
HLA-B*51:03,RQTSFVEHQ,65.0,87.989,46925.17
HLA-B*51:03,QTSFVEHQL,4.456,14.945,34369.21
HLA-B*51:03,TSFVEHQLQ,24.61,34.474,40394.76
HLA-B*51:03,SFVEHQLQV,3.356,8.196,29887.33
HLA-B*51:03,FVEHQLQVA,16.369,21.946,37157.33
HLA-B*51:03,VEHQLQVAT,16.222,31.706,39805.14
HLA-B*51:03,EHQLQVATQ,35.875,61.775,44409.78
HLA-B*51:03,HQLQVATQT,13.385,35.682,40639.38
HLA-B*51:03,QLQVATQTL,8.209,20.76,36757.07
HLA-B*51:03,LQVATQTLS,52.963,45.512,42329.99
HLA-B*51:03,QVATQTLSN,60.357,68.248,45084.7
HLA-B*51:03,VATQTLSNE,34.538,44.282,42138.52
HLA-B*51:03,ATQTLSNEL,9.705,26.104,38409.38
HLA-B*51:03,TQTLSNELR,60.714,80.279,46204.7
HLA-B*51:03,QTLSNELRR,42.923,68.593,45118.84
HLA-B*51:03,TLSNELRRG,75.833,83.593,46508.18
HLA-B*51:03,LSNELRRGT,33.786,50.777,43078.96
HLA-B*51:03,SNELRRGTP,41.333,60.611,44282.63
HLA-B*51:03,NELRRGTPE,51.111,64.073,44661.81
HLA-B*51:03,ELRRGTPEH,30.216,64.051,44659.39
HLA-B*51:03,LRRGTPEHT,53.889,86.2,46752.88
HLA-B*51:03,RRGTPEHTF,20.528,62.526,44492.02
HLA-B*51:03,RGTPEHTFK,50.185,71.378,45388.16
HLA-B*51:03,GTPEHTFKI,3.653,9.117,30696.16
HLA-B*51:03,TPEHTFKIG,24.13,19.041,36127.0
HLA-B*51:03,PEHTFKIGF,31.0,59.2,44120.52
HLA-B*51:03,EHTFKIGFQ,68.182,80.679,46241.22
HLA-B*51:03,HTFKIGFQI,0.826,0.745,12458.41
HLA-B*51:03,TFKIGFQIR,54.63,83.746,46522.24
HLA-B*51:03,FKIGFQIRK,39.882,58.532,44040.86
HLA-B*51:03,KIGFQIRKV,21.377,34.15,40327.96
HLA-B*51:03,IGFQIRKVT,18.171,23.499,37648.19
HLA-B*51:03,GFQIRKVTK,75.833,95.495,47904.99
HLA-B*51:03,FQIRKVTKE,32.71,60.536,44274.49
HLA-B*51:03,QIRKVTKEA,12.556,29.668,39329.93
HLA-B*51:03,IRKVTKEAK,66.364,93.243,47482.38
HLA-B*51:03,RKVTKEAKD,97.5,96.66,48438.18
HLA-B*51:03,KVTKEAKDL,39.706,75.354,45761.93
HLA-B*51:03,VTKEAKDLA,14.127,25.377,38207.12
HLA-B*51:03,TKEAKDLAN,93.333,95.974,48123.2
HLA-B*51:03,KEAKDLANA,42.154,59.556,44163.02
HLA-B*51:03,EAKDLANAG,8.394,18.217,35812.54
HLA-B*51:03,AKDLANAGI,22.91,36.877,40873.1
HLA-B*51:03,KDLANAGIM,44.273,43.286,41984.71
HLA-B*51:03,DLANAGIML,5.152,10.84,31985.24
HLA-B*51:03,LANAGIMLN,43.091,19.673,36362.68
HLA-B*51:03,ANAGIMLNV,9.708,12.566,33100.6
HLA-B*51:03,NAGIMLNVA,6.196,3.954,24218.56
HLA-B*51:03,AGIMLNVAI,7.338,5.383,26600.13
HLA-B*51:03,GIMLNVAIQ,65.909,88.168,46942.43
HLA-B*51:03,IMLNVAIQA,15.451,16.334,35014.05
HLA-B*51:03,MLNVAIQAC,13.965,22.691,37393.25
HLA-B*51:03,LNVAIQACL,13.183,10.053,31417.57
HLA-B*51:03,NVAIQACLL,9.148,7.555,29282.36
HLA-B*51:03,VAIQACLLD,42.077,12.873,33283.75
HLA-B*51:03,AIQACLLDV,52.778,30.859,39610.95
HLA-B*51:03,IQACLLDVA,38.444,18.948,36091.83
HLA-B*51:03,QACLLDVAI,3.011,1.859,18653.98
HLA-B*51:03,ACLLDVAIV,12.845,17.011,35317.29
HLA-B*51:03,CLLDVAIVC,40.375,51.258,43140.52
HLA-B*51:03,LLDVAIVCH,49.571,73.622,45599.81
HLA-B*51:03,LDVAIVCHP,45.6,36.332,40767.12
HLA-B*51:03,DVAIVCHPM,3.988,2.458,20699.13
HLA-B*51:03,VAIVCHPMA,6.992,3.653,23622.28
HLA-B*51:03,AIVCHPMAE,65.909,82.596,46416.66
HLA-B*51:03,IVCHPMAEH,47.125,73.069,45547.52
HLA-B*51:03,VCHPMAEHA,13.44,26.124,38414.78
HLA-B*51:03,CHPMAEHAI,16.178,9.426,30956.99
HLA-B*51:03,HPMAEHAII,0.069,0.059,3098.87
HLA-B*51:03,PMAEHAIIY,31.176,46.671,42502.08
HLA-B*51:03,MAEHAIIYF,1.873,2.953,22011.84
HLA-B*51:03,AEHAIIYFV,3.803,7.787,29505.61
HLA-B*51:03,EHAIIYFVL,2.735,4.222,24731.75
HLA-B*51:03,HAIIYFVLF,1.843,2.684,21307.9
HLA-B*51:03,AIIYFVLFM,25.657,36.595,40818.31
HLA-B*51:03,IIYFVLFMG,64.643,37.466,40985.15
HLA-B*51:03,IYFVLFMGN,80.0,57.48,43915.73
HLA-B*51:03,YFVLFMGNA,54.63,42.071,41786.66
HLA-B*51:03,FVLFMGNAH,36.857,41.589,41708.5
HLA-B*51:03,VLFMGNAHA,19.23,13.631,33704.13
HLA-B*51:03,LFMGNAHAT,39.647,36.745,40847.46
HLA-B*51:03,FMGNAHATD,82.5,48.987,42840.04
HLA-B*51:03,MGNAHATDA,16.271,16.133,34924.75
HLA-B*51:03,GNAHATDAE,91.667,96.559,48391.56
HLA-B*51:03,NAHATDAED,52.778,41.827,41746.87
HLA-B*51:03,AHATDAEDN,93.333,95.862,48072.21
HLA-B*51:03,HATDAEDNF,5.977,24.499,37953.72
HLA-B*51:03,ATDAEDNFH,69.545,95.854,48068.55
HLA-B*51:03,TDAEDNFHE,71.429,94.007,47568.26
HLA-B*51:03,DAEDNFHEV,0.056,0.208,6216.74
HLA-B*51:03,AEDNFHEVT,34.038,59.152,44114.77
HLA-B*51:03,EDNFHEVTV,2.597,5.576,26871.77
HLA-B*51:03,DNFHEVTVQ,28.939,52.553,43306.54
HLA-B*51:03,NFHEVTVQK,25.716,48.094,42712.78
HLA-B*51:03,FHEVTVQKI,2.161,3.848,24008.02
HLA-B*51:03,HEVTVQKIQ,46.222,81.265,46294.78
HLA-B*51:03,EVTVQKIQQ,32.968,78.605,46053.49
HLA-B*51:03,VTVQKIQQV,0.972,3.372,23015.04
HLA-B*51:03,TVQKIQQVR,21.711,59.248,44126.23
HLA-B*51:03,VQKIQQVRV,3.898,11.836,32655.59
HLA-B*51:03,QKIQQVRVS,44.273,74.776,45708.98
HLA-B*51:03,KIQQVRVSF,12.944,38.128,41109.94
HLA-B*51:03,IQQVRVSFI,3.578,4.156,24606.58
HLA-B*51:03,QQVRVSFIQ,67.273,70.809,45334.65
HLA-B*51:03,QVRVSFIQY,11.312,27.6,38811.26
HLA-B*51:03,VRVSFIQYI,5.11,6.031,27481.29
HLA-B*51:03,RVSFIQYIV,12.898,7.964,29676.25
HLA-B*51:03,VSFIQYIVY,5.512,7.817,29533.72
HLA-B*51:03,SFIQYIVYT,25.269,51.404,43159.19
HLA-B*51:03,FIQYIVYTT,22.37,19.27,36212.3
HLA-B*51:03,IQYIVYTTF,3.316,5.784,27149.69
HLA-B*51:03,QYIVYTTFM,10.712,15.288,34530.98
HLA-B*51:03,YIVYTTFMQ,56.5,51.196,43132.59
HLA-B*51:03,IVYTTFMQA,2.384,2.43,20608.64
HLA-B*51:03,VYTTFMQAE,61.429,74.233,45657.57
HLA-B*51:03,YTTFMQAEL,7.953,6.01,27455.43
HLA-B*51:03,TTFMQAELF,3.107,1.963,19101.69
HLA-B*51:03,TFMQAELFG,59.0,39.373,41335.19
HLA-B*51:03,FMQAELFGQ,57.0,58.624,44051.82
HLA-B*51:03,MQAELFGQA,9.99,6.699,28315.24
HLA-B*51:03,QAELFGQAD,55.25,59.996,44215.59
HLA-B*51:03,AELFGQADG,88.333,80.131,46191.21
HLA-B*51:03,ELFGQADGI,6.37,5.427,26663.82
HLA-B*51:03,LFGQADGIS,91.667,87.279,46856.68
HLA-B*51:03,FGQADGISR,43.182,65.02,44765.82
HLA-B*51:03,GQADGISRV,5.827,25.009,38104.31
HLA-B*51:03,QADGISRVI,0.536,1.77,18263.95
HLA-B*51:03,ADGISRVIL,31.676,62.434,44481.93
HLA-B*51:03,DGISRVILA,0.992,1.209,15588.23
HLA-B*51:03,GISRVILAN,83.75,79.779,46159.25
HLA-B*51:03,ISRVILANV,5.05,2.385,20463.31
HLA-B*51:03,SRVILANVP,38.222,48.153,42721.07
HLA-B*51:03,RVILANVPI,10.999,6.167,27653.39
HLA-B*51:03,VILANVPIL,4.824,7.0,28677.83
HLA-B*51:03,ILANVPILF,3.712,6.225,27726.19
HLA-B*51:03,LANVPILFN,31.265,16.484,35081.16
HLA-B*51:03,ANVPILFNL,8.86,17.246,35414.86
HLA-B*51:03,NVPILFNLK,21.605,36.684,40835.53
HLA-B*51:03,VPILFNLKQ,5.807,13.608,33691.38
HLA-B*51:03,PILFNLKQP,63.214,72.965,45537.68
HLA-B*51:03,ILFNLKQPL,6.241,8.353,30028.64
HLA-B*51:03,LFNLKQPLK,43.727,60.861,44309.96
HLA-B*51:03,FNLKQPLKK,30.027,47.167,42575.27
HLA-B*51:03,NLKQPLKKK,28.633,74.348,45668.44
HLA-B*51:03,LKQPLKKKA,27.87,59.964,44211.77
HLA-B*51:03,KQPLKKKAY,40.438,93.07,47462.85
HLA-B*51:03,QPLKKKAYS,8.495,30.248,39467.62
HLA-B*51:03,PLKKKAYSS,64.643,87.805,46907.41
HLA-B*51:03,LKKKAYSSS,59.75,78.311,46027.09
HLA-B*51:03,KKKAYSSSP,57.5,82.464,46404.63
HLA-B*51:03,KKAYSSSPQ,83.75,96.238,48244.14
HLA-B*51:03,KAYSSSPQL,0.534,2.053,19419.28
HLA-B*51:03,AYSSSPQLG,64.286,75.498,45774.8
HLA-B*51:03,YSSSPQLGI,1.375,1.823,18495.42
HLA-B*51:03,SSSPQLGIG,58.5,48.162,42722.48
HLA-B*51:03,SSPQLGIGL,6.661,19.971,36474.2
HLA-B*51:03,SPQLGIGLA,5.177,3.244,22709.54
HLA-B*51:03,PQLGIGLAF,23.276,30.586,39546.71
HLA-B*51:03,QLGIGLAFP,64.286,69.518,45210.71
HLA-B*51:03,LGIGLAFPQ,58.75,37.342,40961.63
HLA-B*51:03,GIGLAFPQD,95.0,95.133,47740.46
HLA-B*51:03,IGLAFPQDI,4.503,2.923,21933.4
HLA-B*51:03,GLAFPQDIS,86.667,90.81,47209.84
HLA-B*51:03,LAFPQDISH,8.783,19.219,36193.11
HLA-B*51:03,AFPQDISHV,10.929,33.278,40147.72
HLA-B*51:03,FPQDISHVG,1.347,1.068,14746.74
HLA-B*51:03,PQDISHVGY,47.375,83.664,46514.71
HLA-B*51:03,QDISHVGYL,11.56,19.819,36417.41
HLA-B*51:03,DISHVGYLQ,37.368,53.775,43463.82
HLA-B*51:03,ISHVGYLQL,1.775,3.177,22549.9
HLA-B*51:03,SHVGYLQLR,48.75,66.309,44892.89
HLA-B*51:03,HVGYLQLRN,75.0,62.324,44469.88
HLA-B*51:03,VGYLQLRNG,33.643,30.443,39513.36
HLA-B*51:03,GYLQLRNGS,88.333,95.363,47844.91
HLA-B*51:03,YLQLRNGSQ,59.0,67.594,45019.84
HLA-B*51:03,LQLRNGSQA,20.016,24.109,37838.91
HLA-B*51:03,QLRNGSQAT,36.857,63.045,44548.88
HLA-B*51:03,LRNGSQATW,13.704,27.607,38813.36
HLA-B*51:03,RNGSQATWK,88.333,95.13,47738.91
HLA-B*51:03,NGSQATWKV,2.103,3.466,23241.5
HLA-B*51:03,GSQATWKVK,66.364,85.189,46655.83
HLA-B*51:03,SQATWKVKP,22.55,39.023,41274.4
HLA-B*51:03,QATWKVKPI,2.97,3.995,24302.83
HLA-B*51:03,ATWKVKPIA,13.879,15.784,34763.78
HLA-B*51:03,TWKVKPIAE,65.0,95.223,47781.3
HLA-B*51:03,WKVKPIAEP,32.935,48.64,42790.47
HLA-B*51:03,KVKPIAEPE,54.815,81.084,46278.27
HLA-B*51:03,VKPIAEPEE,65.455,95.585,47945.98
HLA-B*51:03,KPIAEPEEK,26.667,59.372,44141.04
HLA-B*51:03,PIAEPEEKV,16.613,45.212,42284.67
HLA-B*51:03,IAEPEEKVR,28.735,84.337,46576.64
HLA-B*51:03,AEPEEKVRA,27.333,73.137,45553.93
HLA-B*51:03,EPEEKVRAE,12.449,39.763,41403.22
HLA-B*51:03,PEEKVRAEQ,83.75,96.575,48398.9
HLA-B*51:03,EEKVRAEQS,29.545,62.61,44501.18
HLA-B*51:03,EKVRAEQSK,50.741,86.589,46790.3
HLA-B*51:03,KVRAEQSKP,44.818,72.203,45465.79
HLA-B*51:03,VRAEQSKPP,44.727,70.073,45265.53
HLA-B*51:03,RAEQSKPPY,20.114,44.589,42187.32
HLA-B*51:03,AEQSKPPYP,14.688,56.348,43781.46
HLA-B*51:03,EQSKPPYPD,42.462,62.017,44436.22
HLA-B*51:03,QSKPPYPDQ,34.923,82.174,46378.0
HLA-B*51:03,SKPPYPDQH,44.636,95.203,47771.99
HLA-B*51:03,KPPYPDQHE,16.631,60.378,44257.25
HLA-B*51:03,PPYPDQHET,3.377,11.915,32708.26
HLA-B*51:03,PYPDQHETE,69.091,95.976,48124.23
HLA-B*51:03,YPDQHETES,4.001,12.995,33356.94
HLA-B*51:03,PDQHETESV,37.947,68.75,45134.47
HLA-B*51:03,DQHETESVR,24.377,58.772,44069.47
HLA-B*51:03,QHETESVRT,52.407,83.258,46477.47
HLA-B*51:03,HETESVRTG,21.132,49.273,42879.45
HLA-B*51:03,ETESVRTGN,62.5,76.384,45854.1
HLA-B*51:03,TESVRTGNT,34.808,51.809,43211.08
HLA-B*51:03,ESVRTGNTI,0.64,0.972,14189.83
HLA-B*51:03,SVRTGNTIY,26.667,46.922,42538.91
HLA-B*51:03,VRTGNTIYA,37.211,47.337,42600.62
HLA-B*51:03,RTGNTIYAR,54.63,79.635,46146.25
HLA-B*51:03,TGNTIYART,27.5,34.436,40386.89
HLA-B*51:03,GNTIYARTR,77.5,91.706,47310.08
HLA-B*51:03,NTIYARTRQ,50.926,70.976,45350.35
HLA-B*51:03,TIYARTRQI,0.852,1.199,15538.23
HLA-B*51:03,IYARTRQIG,80.0,74.243,45658.55
HLA-B*51:03,YARTRQIGE,31.529,48.549,42777.51
HLA-B*51:03,ARTRQIGET,72.857,91.052,47236.94
HLA-B*51:03,RTRQIGETK,40.25,68.652,45124.69
HLA-B*51:03,TRQIGETKA,32.065,68.976,45156.95
HLA-B*51:03,RQIGETKAL,13.99,41.073,41625.12
HLA-B*51:03,QIGETKALQ,66.364,93.285,47487.0
HLA-B*51:03,IGETKALQP,23.644,50.328,43021.66
HLA-B*51:03,GETKALQPD,90.0,86.579,46789.31
HLA-B*51:03,ETKALQPDQ,40.625,75.199,45748.06
HLA-B*51:03,TKALQPDQN,85.0,95.699,47997.86
HLA-B*51:03,KALQPDQNY,11.4,38.189,41121.05
HLA-B*51:03,ALQPDQNYE,59.75,92.132,47357.7
HLA-B*51:03,LQPDQNYEQ,64.643,91.683,47307.52
HLA-B*51:03,QPDQNYEQT,6.448,26.138,38418.52
HLA-B*51:03,PDQNYEQTG,86.667,96.28,48263.47
HLA-B*51:03,DQNYEQTGL,4.926,17.381,35471.25
HLA-B*51:03,QNYEQTGLA,16.782,14.295,34050.5
HLA-B*51:03,NYEQTGLAE,45.4,75.615,45785.19
HLA-B*51:03,YEQTGLAEL,5.769,13.6,33687.36
HLA-B*51:03,EQTGLAELL,4.219,11.239,32259.1
HLA-B*51:03,QTGLAELLL,11.385,18.035,35743.23
HLA-B*51:03,TGLAELLLL,4.623,5.434,26674.21
HLA-B*51:03,GLAELLLLG,63.571,59.112,44110.02
HLA-B*51:03,LAELLLLGA,15.03,7.95,29662.45
HLA-B*51:03,AELLLLGAS,56.25,50.047,42985.83
HLA-B*51:03,ELLLLGASD,45.5,44.661,42198.75
HLA-B*51:03,LLLLGASDQ,85.0,87.721,46899.28
HLA-B*51:03,LLLGASDQS,60.0,67.219,44982.84
HLA-B*51:03,LLGASDQSK,69.545,84.551,46596.32
HLA-B*51:03,LGASDQSKE,66.364,83.746,46522.24
HLA-B*51:03,GASDQSKEV,3.241,13.965,33887.7
HLA-B*51:03,ASDQSKEVV,7.989,24.297,37894.22
HLA-B*51:03,SDQSKEVVI,9.434,23.22,37560.3
HLA-B*51:03,DQSKEVVIP,4.454,22.988,37487.22
HLA-B*51:03,QSKEVVIPE,30.892,55.308,43658.47
HLA-B*51:03,SKEVVIPEK,39.706,82.464,46404.63
HLA-B*51:03,KEVVIPEKD,80.0,89.289,47050.75
HLA-B*51:03,EVVIPEKDD,59.75,90.604,47186.86
HLA-B*51:03,VVIPEKDDS,67.727,86.505,46782.22
HLA-B*51:03,VIPEKDDSL,13.185,37.138,40923.11
HLA-B*51:03,IPEKDDSLI,0.885,1.209,15591.27
HLA-B*51:03,PEKDDSLIW,22.36,56.696,43822.68
HLA-B*51:03,EKDDSLIWE,55.0,89.789,47099.14
HLA-B*51:03,KDDSLIWEW,11.966,38.695,41214.16
HLA-B*51:03,DDSLIWEWK,56.75,61.582,44388.65
HLA-B*51:03,DSLIWEWKH,10.078,22.247,37253.11
HLA-B*51:03,SLIWEWKHA,19.203,24.788,38039.24
HLA-B*51:03,LIWEWKHAI,1.772,0.964,14139.09
HLA-B*51:03,IWEWKHAID,95.0,90.64,47190.96
HLA-B*51:03,WEWKHAIDV,5.561,3.814,23940.05
HLA-B*51:03,EWKHAIDVM,23.471,44.374,42153.11
HLA-B*51:03,WKHAIDVMA,37.526,35.329,40569.1
HLA-B*51:03,KHAIDVMAG,61.071,64.029,44656.97
HLA-B*51:03,HAIDVMAGK,6.481,23.374,37608.71
HLA-B*51:03,AIDVMAGKV,19.338,26.206,38436.41
HLA-B*51:03,IDVMAGKVR,58.75,81.676,46332.39
HLA-B*51:03,DVMAGKVRA,3.502,5.958,27385.7
HLA-B*51:03,VMAGKVRAI,4.531,7.622,29346.73
HLA-B*51:03,MAGKVRAIV,2.345,1.149,15226.51
HLA-B*51:03,AGKVRAIVV,5.82,11.075,32150.75
HLA-B*51:03,GKVRAIVVI,13.97,29.854,39374.65
HLA-B*51:03,KVRAIVVIH,45.6,75.731,45795.61
HLA-B*51:03,VRAIVVIHL,7.299,23.461,37636.39
HLA-B*51:03,RAIVVIHLA,2.437,3.325,22901.5
HLA-B*51:03,AIVVIHLAI,10.786,14.391,34097.71
HLA-B*51:03,IVVIHLAIL,8.693,10.291,31588.01
HLA-B*51:03,VVIHLAILL,5.004,7.503,29232.96
HLA-B*51:03,VIHLAILLV,2.701,3.234,22686.21
HLA-B*51:03,IHLAILLVI,5.254,2.833,21694.78
HLA-B*51:03,HLAILLVIY,27.648,57.008,43859.68
HLA-B*51:03,LAILLVIYQ,29.568,43.863,42072.91
HLA-B*51:03,AILLVIYQV,6.959,17.248,35415.63
HLA-B*51:03,ILLVIYQVS,44.455,40.888,41594.5
HLA-B*51:03,LLVIYQVSS,48.125,48.516,42772.9
HLA-B*51:03,LVIYQVSSS,36.762,31.143,39676.59
HLA-B*51:03,VIYQVSSSF,2.326,3.052,22257.57
HLA-B*51:03,IYQVSSSFS,66.364,58.444,44030.38
HLA-B*51:03,YQVSSSFSG,41.667,23.749,37727.3
HLA-B*51:03,QVSSSFSGF,14.462,20.718,36741.95
HLA-B*51:03,VSSSFSGFP,33.143,16.073,34897.93
HLA-B*51:03,SSSFSGFPL,15.067,7.84,29556.09
HLA-B*51:03,SSFSGFPLN,31.706,15.781,34762.26
HLA-B*51:03,SFSGFPLNP,33.0,45.606,42344.19
HLA-B*51:03,FSGFPLNPD,73.571,36.311,40763.12
HLA-B*51:03,SGFPLNPDN,57.5,57.9,43965.63
HLA-B*51:03,GFPLNPDNI,28.898,51.477,43168.54
HLA-B*51:03,FPLNPDNIK,9.591,13.38,33566.57
HLA-B*51:03,PLNPDNIKY,35.25,77.331,45939.02
HLA-B*51:03,LNPDNIKYT,44.182,70.846,45338.07
HLA-B*51:03,NPDNIKYTE,8.733,29.691,39335.49
HLA-B*51:03,PDNIKYTEQ,81.25,97.16,48668.83
HLA-B*51:03,DNIKYTEQN,45.1,52.199,43261.12
HLA-B*51:03,NIKYTEQNR,42.154,81.637,46328.86
HLA-B*51:03,IKYTEQNRG,64.286,75.742,45796.59
HLA-B*51:03,KYTEQNRGG,95.0,96.635,48426.65
HLA-B*51:03,YTEQNRGGS,69.091,71.315,45382.24
HLA-B*51:03,TEQNRGGSR,35.042,80.827,46254.73
HLA-B*51:03,EQNRGGSRE,42.385,83.751,46522.75
HLA-B*51:03,QNRGGSRED,90.0,95.698,47997.36
HLA-B*51:03,NRGGSREDL,60.714,86.584,46789.79
HLA-B*51:03,RGGSREDLS,72.857,86.779,46808.54
HLA-B*51:03,GGSREDLST,73.571,87.116,46840.97
HLA-B*51:03,GSREDLSTL,10.768,29.147,39205.47
HLA-B*51:03,SREDLSTLK,58.0,89.384,47059.91
HLA-B*51:03,REDLSTLKP,25.343,56.192,43762.97
HLA-B*51:03,EDLSTLKPA,25.612,22.06,37194.32
HLA-B*51:03,DLSTLKPAP,12.389,23.5,37648.61
HLA-B*51:03,LSTLKPAPK,46.333,56.904,43847.36
HLA-B*51:03,STLKPAPKQ,30.973,62.597,44499.74
HLA-B*51:03,TLKPAPKQA,7.497,30.867,39612.67
HLA-B*51:03,LKPAPKQAI,9.069,26.198,38434.33
HLA-B*51:03,KPAPKQAIR,10.712,43.685,42045.62
HLA-B*51:03,PAPKQAIRD,59.75,89.863,47106.28
HLA-B*51:03,APKQAIRDE,29.227,64.495,44708.21
HLA-B*51:03,PKQAIRDEG,93.333,96.187,48220.66
HLA-B*51:03,KQAIRDEGS,80.0,95.668,47983.84
HLA-B*51:03,QAIRDEGSE,54.815,77.193,45926.61
HLA-B*51:03,AIRDEGSER,58.5,91.244,47258.39
HLA-B*51:03,IRDEGSERR,49.143,95.204,47772.48
HLA-B*51:03,RDEGSERRR,88.333,97.627,48885.19
HLA-B*51:03,DEGSERRRQ,53.519,90.334,47156.74
HLA-B*51:03,EGSERRRQD,74.286,85.353,46671.48
HLA-B*51:03,GSERRRQDS,95.0,96.713,48462.3
HLA-B*51:03,SERRRQDSK,46.889,70.569,45312.09
HLA-B*51:03,ERRRQDSKH,79.167,96.068,48166.42
HLA-B*51:03,RRRQDSKHI,33.5,64.152,44670.51
HLA-B*51:03,RRQDSKHIG,80.0,94.808,47658.41
HLA-B*51:03,RQDSKHIGV,9.797,30.363,39494.54
HLA-B*51:03,QDSKHIGVR,60.0,91.148,47247.66
HLA-B*51:03,DSKHIGVRG,18.793,29.094,39192.73
HLA-B*51:03,SKHIGVRGE,68.182,95.336,47832.51
HLA-B*51:03,KHIGVRGEK,68.636,84.299,46573.12
HLA-B*51:03,HIGVRGEKS,68.182,86.647,46795.89
HLA-B*51:03,IGVRGEKSE,73.571,92.118,47356.17
HLA-B*51:03,GVRGEKSER,70.0,96.094,48178.41
HLA-B*51:03,VRGEKSERG,86.667,95.592,47949.07
HLA-B*51:03,RGEKSERGW,43.636,74.374,45670.91
HLA-B*51:03,GEKSERGWK,88.333,95.724,48009.31
HLA-B*51:03,EKSERGWKE,54.259,84.343,46577.15
HLA-B*51:03,KSERGWKES,75.833,92.644,47415.12
HLA-B*51:03,SERGWKESL,8.563,23.383,37611.55
HLA-B*51:03,ERGWKESLV,26.417,39.116,41290.48
HLA-B*51:03,RGWKESLVL,6.201,8.557,30211.79
HLA-B*51:03,GWKESLVLT,62.857,87.326,46861.24
HLA-B*51:03,WKESLVLTL,9.458,13.074,33400.27
HLA-B*51:03,KESLVLTLL,8.983,19.722,36381.17
HLA-B*51:03,ESLVLTLLG,26.7,6.856,28503.05
HLA-B*51:03,SLVLTLLGS,65.909,56.72,43825.53
HLA-B*51:03,LVLTLLGSR,45.1,50.124,42995.62
HLA-B*51:03,VLTLLGSRT,37.421,51.955,43229.78
HLA-B*51:03,LTLLGSRTA,8.464,7.715,29436.1
HLA-B*51:03,TLLGSRTAT,40.75,58.144,43994.67
HLA-B*51:03,LLGSRTATQ,55.5,73.961,45631.88
HLA-B*51:03,LGSRTATQL,4.043,10.729,31904.71
HLA-B*51:03,GSRTATQLH,46.667,78.931,46082.9
HLA-B*51:03,SRTATQLHN,64.643,84.929,46631.1
HLA-B*51:03,RTATQLHNK,37.474,68.942,45153.51
HLA-B*51:03,TATQLHNKE,21.763,40.003,41444.9
HLA-B*51:03,ATQLHNKEI,7.567,15.384,34575.84
HLA-B*51:03,TQLHNKEIN,83.75,84.009,46546.43
HLA-B*51:03,QLHNKEIND,85.0,94.858,47664.07
HLA-B*51:03,LHNKEINDP,60.0,70.945,45347.4
HLA-B*51:03,HNKEINDPM,13.825,25.925,38360.79
HLA-B*51:03,NKEINDPMG,81.25,88.958,47018.69
HLA-B*51:03,KEINDPMGS,67.727,90.892,47219.03
HLA-B*51:03,EINDPMGSV,2.424,5.242,26395.99
HLA-B*51:03,INDPMGSVD,74.286,73.7,45607.19
HLA-B*51:03,NDPMGSVDL,24.558,49.098,42855.35
HLA-B*51:03,DPMGSVDLP,2.251,1.74,18140.07
HLA-B*51:03,PMGSVDLPA,67.273,53.611,43442.66
HLA-B*51:03,MGSVDLPAT,24.286,23.42,37623.36
HLA-B*51:03,GSVDLPATF,6.711,20.206,36558.74
HLA-B*51:03,SVDLPATFA,9.784,23.057,37508.75
HLA-B*51:03,VDLPATFAN,68.636,60.338,44252.94
HLA-B*51:03,DLPATFANA,9.979,10.343,31625.63
HLA-B*51:03,LPATFANAA,1.495,0.95,14053.38
HLA-B*51:03,PATFANAAD,95.0,78.876,46077.91
HLA-B*51:03,ATFANAADT,46.556,41.38,41674.67
HLA-B*51:03,TFANAADTY,14.022,38.935,41258.33
HLA-B*51:03,FANAADTYK,22.82,23.075,37514.43
HLA-B*51:03,ANAADTYKL,16.387,44.422,42160.86
HLA-B*51:03,NAADTYKLE,14.506,25.321,38191.4
HLA-B*51:03,AADTYKLES,26.467,50.456,43037.95
HLA-B*51:03,ADTYKLESN,91.667,95.774,48032.17
HLA-B*51:03,DTYKLESNR,8.716,32.716,40028.43
HLA-B*51:03,TYKLESNRV,11.447,23.008,37493.32
HLA-B*51:03,YKLESNRVA,20.48,27.916,38897.86
HLA-B*51:03,KLESNRVAV,24.519,44.494,42172.28
HLA-B*51:03,LESNRVAVV,5.117,5.919,27332.13
HLA-B*51:03,ESNRVAVVN,37.947,32.567,39995.97
HLA-B*51:03,SNRVAVVNF,11.476,23.226,37561.95
HLA-B*51:03,NRVAVVNFC,42.308,51.109,43121.38
HLA-B*51:03,RVAVVNFCI,21.272,8.441,30108.68
HLA-B*51:03,VAVVNFCIT,20.065,9.648,31125.59
HLA-B*51:03,AVVNFCITD,86.667,67.874,45047.64
HLA-B*51:03,VVNFCITDA,45.4,33.598,40213.8
HLA-B*51:03,VNFCITDAT,52.222,24.801,38042.95
HLA-B*51:03,NFCITDATN,90.0,79.961,46175.72
HLA-B*51:03,FCITDATNA,22.54,28.354,39009.12
HLA-B*51:03,CITDATNAL,16.12,17.521,35529.63
HLA-B*51:03,ITDATNALV,4.284,4.106,24510.92
HLA-B*51:03,TDATNALVQ,63.929,82.634,46420.2
HLA-B*51:03,DATNALVQN,20.683,25.594,38267.93
HLA-B*51:03,ATNALVQNE,47.875,80.531,46227.71
HLA-B*51:03,TNALVQNEP,27.315,33.375,40167.69
HLA-B*51:03,NALVQNEPD,60.714,38.857,41244.04
HLA-B*51:03,ALVQNEPDF,26.1,51.882,43220.41
HLA-B*51:03,LVQNEPDFL,15.679,25.349,38199.26
HLA-B*51:03,VQNEPDFLL,3.45,8.591,30241.23
HLA-B*51:03,QNEPDFLLW,10.442,19.615,36341.04
HLA-B*51:03,NEPDFLLWN,53.519,52.834,43342.64
HLA-B*51:03,EPDFLLWNL,0.369,0.691,12021.94
HLA-B*51:03,PDFLLWNLK,72.857,78.544,46048.0
HLA-B*51:03,DFLLWNLKH,29.591,49.152,42862.75
HLA-B*51:03,FLLWNLKHP,36.667,30.193,39454.82
HLA-B*51:03,LLWNLKHPG,53.333,24.94,38084.11
HLA-B*51:03,LWNLKHPGV,29.341,29.787,39358.48
HLA-B*51:03,WNLKHPGVQ,75.833,74.911,45721.84
HLA-B*51:03,NLKHPGVQE,40.875,80.235,46200.71
HLA-B*51:03,LKHPGVQEV,2.969,11.236,32257.35
HLA-B*51:03,KHPGVQEVK,55.0,90.499,47175.11
HLA-B*51:03,HPGVQEVKT,9.388,20.041,36499.85
HLA-B*51:03,PGVQEVKTE,72.857,95.265,47800.41
HLA-B*51:03,GVQEVKTEC,32.645,70.11,45268.97
HLA-B*51:03,VQEVKTECD,90.0,93.55,47516.81
HLA-B*51:03,QEVKTECDQ,75.0,95.621,47962.06
HLA-B*51:03,EVKTECDQK,48.875,82.13,46374.0
HLA-B*51:03,VKTECDQKF,32.516,55.62,43695.32
HLA-B*51:03,KTECDQKFL,41.333,57.2,43882.46
HLA-B*51:03,TECDQKFLN,68.182,65.664,44829.32
HLA-B*51:03,ECDQKFLNL,4.635,19.664,36359.14
HLA-B*51:03,CDQKFLNLK,61.429,66.447,44906.5
HLA-B*51:03,DQKFLNLKQ,34.808,54.351,43538.16
HLA-B*51:03,QKFLNLKQD,82.5,84.315,46574.63
HLA-B*51:03,KFLNLKQDN,95.0,96.41,48323.02
HLA-B*51:03,FLNLKQDNA,23.862,22.054,37192.31
HLA-B*51:03,LNLKQDNAI,7.337,8.206,29896.37
HLA-B*51:03,NLKQDNAIA,29.659,35.051,40513.83
HLA-B*51:03,LKQDNAIAI,5.868,8.878,30490.6
HLA-B*51:03,KQDNAIAIL,13.84,35.799,40662.69
HLA-B*51:03,QDNAIAILE,55.5,75.083,45737.68
HLA-B*51:03,DNAIAILEW,1.843,4.901,25894.45
HLA-B*51:03,NAIAILEWR,15.653,25.585,38265.43
HLA-B*51:03,AIAILEWRV,17.114,20.295,36590.39
HLA-B*51:03,IAILEWRVL,1.132,1.464,16924.24
HLA-B*51:03,AILEWRVLL,9.831,16.869,35253.91
HLA-B*51:03,ILEWRVLLA,26.2,21.463,36996.86
HLA-B*51:03,LEWRVLLAG,50.926,21.209,36912.5
HLA-B*51:03,EWRVLLAGL,27.63,34.423,40384.29
HLA-B*51:03,WRVLLAGLK,88.333,73.721,45609.19
HLA-B*51:03,RVLLAGLKD,77.5,66.531,44914.75
HLA-B*51:03,VLLAGLKDG,90.0,84.759,46615.46
HLA-B*51:03,LLAGLKDGE,66.364,89.621,47082.83
HLA-B*51:03,LAGLKDGEN,82.5,78.97,46086.38
HLA-B*51:03,AGLKDGENL,19.601,43.964,42088.41
HLA-B*51:03,GLKDGENLL,20.935,58.276,44010.36
HLA-B*51:03,LKDGENLLV,18.329,23.594,37678.36
HLA-B*51:03,KDGENLLVG,62.857,75.703,45793.13
HLA-B*51:03,DGENLLVGR,30.351,74.885,45719.36
HLA-B*51:03,GENLLVGRR,66.364,88.432,46967.83
HLA-B*51:03,ENLLVGRRA,11.12,14.742,34269.68
HLA-B*51:03,NLLVGRRAG,58.5,59.3,44132.44
HLA-B*51:03,LLVGRRAGR,59.75,78.511,46045.03
HLA-B*51:03,LVGRRAGRR,80.0,86.847,46815.12
HLA-B*51:03,VGRRAGRRT,59.0,77.636,45966.37
HLA-B*51:03,GRRAGRRTM,57.0,84.02,46547.42
HLA-B*51:03,RRAGRRTMY,43.545,86.447,46776.64
HLA-B*51:03,RAGRRTMYF,7.131,9.412,30944.6
HLA-B*51:03,AGRRTMYFR,58.0,75.781,45800.07
HLA-B*51:03,GRRTMYFRS,77.5,87.389,46867.32
HLA-B*51:03,RRTMYFRSE,57.75,75.421,45767.86
HLA-B*51:03,RTMYFRSEG,56.75,35.126,40528.72
HLA-B*51:03,TMYFRSEGG,55.25,28.356,39009.55
HLA-B*51:03,MYFRSEGGR,69.545,69.011,45160.36
HLA-B*51:03,YFRSEGGRA,37.789,40.694,41561.65
HLA-B*51:03,FRSEGGRAT,43.0,61.736,44405.45
HLA-B*51:03,RSEGGRATK,60.0,85.342,46670.48
HLA-B*51:03,SEGGRATKL,10.677,35.645,40631.91
HLA-B*51:03,EGGRATKLF,9.112,17.505,35522.71
HLA-B*51:03,GGRATKLFF,19.818,36.22,40745.48
HLA-B*51:03,GRATKLFFA,50.37,60.501,44270.66
HLA-B*51:03,RATKLFFAI,2.872,0.948,14040.16
HLA-B*51:03,ATKLFFAIY,15.026,33.396,40172.04
HLA-B*51:03,TKLFFAIYL,16.204,20.901,36808.0
HLA-B*51:03,KLFFAIYLV,12.449,10.179,31508.13
HLA-B*51:03,LFFAIYLVG,62.857,35.887,40680.29
HLA-B*51:03,FFAIYLVGG,83.75,71.493,45398.96
HLA-B*51:03,FAIYLVGGI,3.151,0.407,9252.81
HLA-B*51:03,AIYLVGGIN,86.667,73.168,45556.89
HLA-B*51:03,IYLVGGINS,59.25,65.379,44801.2
HLA-B*51:03,YLVGGINSM,7.089,14.66,34229.3
HLA-B*51:03,LVGGINSML,16.689,21.709,37078.6
HLA-B*51:03,VGGINSMLS,55.75,46.856,42529.22
HLA-B*51:03,GGINSMLSR,53.519,81.309,46298.81
HLA-B*51:03,GINSMLSRM,30.405,44.244,42132.59
HLA-B*51:03,INSMLSRMQ,69.545,73.862,45622.52
HLA-B*51:03,NSMLSRMQP,7.062,5.949,27373.27
HLA-B*51:03,SMLSRMQPF,9.562,7.739,29458.72
HLA-B*51:03,MLSRMQPFN,66.818,39.062,41281.11
HLA-B*51:03,LSRMQPFND,74.286,45.215,42285.14
HLA-B*51:03,SRMQPFNDA,27.611,33.564,40206.82
HLA-B*51:03,RMQPFNDAM,15.34,27.183,38697.2
HLA-B*51:03,MQPFNDAMV,14.105,9.807,31239.96
HLA-B*51:03,QPFNDAMVG,8.776,4.261,24806.53
HLA-B*51:03,PFNDAMVGG,93.333,95.585,47945.98
HLA-B*51:03,FNDAMVGGK,43.636,66.28,44889.99
HLA-B*51:03,NDAMVGGKF,15.16,20.959,36828.7
HLA-B*51:03,DAMVGGKFK,13.099,17.913,35693.38
HLA-B*51:03,AMVGGKFKS,65.0,80.641,46237.73
HLA-B*51:03,MVGGKFKSS,28.245,49.337,42888.28
HLA-B*51:03,VGGKFKSSP,28.98,44.641,42195.54
HLA-B*51:03,GGKFKSSPV,18.451,24.73,38021.95
HLA-B*51:03,GKFKSSPVE,72.857,92.594,47409.46
HLA-B*51:03,KFKSSPVEN,86.667,95.806,48046.73
HLA-B*51:03,FKSSPVENF,7.457,24.448,37938.94
HLA-B*51:03,KSSPVENFV,4.836,9.993,31374.44
HLA-B*51:03,SSPVENFVL,7.44,13.078,33402.08
HLA-B*51:03,SPVENFVLS,3.457,3.685,23685.5
HLA-B*51:03,PVENFVLSG,82.5,80.832,46255.24
HLA-B*51:03,VENFVLSGR,39.529,62.478,44486.75
HLA-B*51:03,ENFVLSGRR,34.885,52.25,43267.68
HLA-B*51:03,NFVLSGRRE,62.143,82.366,46395.59
HLA-B*51:03,FVLSGRREE,47.875,59.796,44191.71
HLA-B*51:03,VLSGRREEA,30.703,51.382,43156.41
HLA-B*51:03,LSGRREEAF,19.507,29.123,39199.53
HLA-B*51:03,SGRREEAFN,86.667,82.683,46424.72
HLA-B*51:03,GRREEAFNT,66.364,88.332,46958.17
HLA-B*51:03,RREEAFNTY,27.019,67.485,45009.13
HLA-B*51:03,REEAFNTYC,38.056,60.725,44295.11
HLA-B*51:03,EEAFNTYCG,53.333,31.079,39661.98
HLA-B*51:03,EAFNTYCGV,0.672,0.196,6017.74
HLA-B*51:03,AFNTYCGVG,97.5,78.439,46038.55
HLA-B*51:03,FNTYCGVGL,29.25,21.767,37097.85
HLA-B*51:03,NTYCGVGLC,31.029,10.304,31597.23
HLA-B*51:03,TYCGVGLCK,49.286,69.518,45210.71
HLA-B*51:03,YCGVGLCKD,95.0,91.615,47299.83
HLA-B*51:03,CGVGLCKDL,37.579,29.449,39277.64
HLA-B*51:03,GVGLCKDLE,97.5,96.781,48493.79
HLA-B*51:03,VGLCKDLES,66.364,55.276,43654.67
HLA-B*51:03,GLCKDLESF,33.143,66.599,44921.56
HLA-B*51:03,LCKDLESFT,43.909,68.784,45137.88
HLA-B*51:03,CKDLESFTL,22.5,22.497,37331.8
HLA-B*51:03,KDLESFTLI,4.839,8.506,30167.05
HLA-B*51:03,DLESFTLIS,35.458,35.258,40555.05
HLA-B*51:03,LESFTLISD,67.727,42.872,41919.78
HLA-B*51:03,ESFTLISDY,6.114,8.607,30254.65
HLA-B*51:03,SFTLISDYS,53.519,62.636,44504.08
HLA-B*51:03,FTLISDYSK,25.91,25.696,38296.52
HLA-B*51:03,TLISDYSKY,14.643,26.4,38488.0
HLA-B*51:03,LISDYSKYR,37.684,59.14,44113.34
HLA-B*51:03,ISDYSKYRV,3.951,8.208,29897.66
HLA-B*51:03,ASMEPAGED,59.75,55.396,43668.86
HLA-B*51:03,SMEPAGEDT,63.571,78.721,46063.95
HLA-B*51:03,MEPAGEDTG,64.643,67.21,44981.89
HLA-B*51:03,EPAGEDTGM,2.658,11.753,32599.81
HLA-B*51:03,PAGEDTGME,90.0,96.12,48190.41
HLA-B*51:03,AGEDTGMEL,10.785,36.975,40892.11
HLA-B*51:03,GEDTGMELR,65.455,95.184,47763.71
HLA-B*51:03,EDTGMELRE,60.357,85.147,46651.8
HLA-B*51:03,DTGMELREL,3.842,10.777,31939.58
HLA-B*51:03,TGMELRELP,19.824,15.481,34621.13
HLA-B*51:03,GMELRELPY,56.0,61.134,44339.7
HLA-B*51:03,MELRELPYE,44.364,48.63,42789.09
HLA-B*51:03,ELRELPYEA,4.475,9.426,30956.65
HLA-B*51:03,LRELPYEAG,65.0,79.07,46095.36
HLA-B*51:03,RELPYEAGM,21.86,35.143,40532.23
HLA-B*51:03,ELPYEAGMD,74.286,82.448,46403.11
HLA-B*51:03,LPYEAGMDT,1.721,1.046,14620.43
HLA-B*51:03,PYEAGMDTR,90.0,97.159,48668.29
HLA-B*51:03,YEAGMDTRK,44.273,63.348,44582.16
HLA-B*51:03,EAGMDTRKE,38.278,67.746,45034.95
HLA-B*51:03,AGMDTRKES,40.688,65.295,44792.94
HLA-B*51:03,GMDTRKESI,19.892,41.182,41642.68
HLA-B*51:03,MDTRKESIT,62.5,71.383,45388.62
HLA-B*51:03,DTRKESITS,14.968,22.095,37205.19
HLA-B*51:03,TRKESITSW,5.093,35.389,40580.95
HLA-B*51:03,RKESITSWQ,91.667,96.518,48372.71
HLA-B*51:03,KESITSWQQ,65.909,87.663,46893.71
HLA-B*51:03,ESITSWQQS,19.993,27.722,38844.87
HLA-B*51:03,SITSWQQSF,10.724,19.16,36171.18
HLA-B*51:03,ITSWQQSFG,65.0,38.455,41170.03
HLA-B*51:03,TSWQQSFGP,18.415,12.663,33158.31
HLA-B*51:03,SWQQSFGPQ,83.75,88.3,46955.14
HLA-B*51:03,WQQSFGPQD,62.143,49.896,42965.38
HLA-B*51:03,QQSFGPQDN,91.667,95.486,47900.86
HLA-B*51:03,QSFGPQDNF,3.737,11.132,32188.32
HLA-B*51:03,SFGPQDNFT,61.429,76.955,45905.23
HLA-B*51:03,FGPQDNFTQ,41.75,66.127,44874.94
HLA-B*51:03,GPQDNFTQI,0.303,1.185,15449.38
HLA-B*51:03,PQDNFTQIA,37.579,61.757,44407.86
HLA-B*51:03,QDNFTQIAS,46.444,62.091,44444.39
HLA-B*51:03,DNFTQIASV,0.238,0.358,8564.18
HLA-B*51:03,NFTQIASVK,53.148,61.757,44407.86
HLA-B*51:03,FTQIASVKK,21.684,34.216,40341.49
HLA-B*51:03,TQIASVKKA,7.621,21.531,37019.27
HLA-B*51:03,QIASVKKAA,17.166,36.911,40879.74
HLA-B*51:03,IASVKKAAK,31.559,54.464,43552.79
HLA-B*51:03,ASVKKAAKL,5.649,25.64,38280.76
HLA-B*51:03,SVKKAAKLE,57.0,80.131,46191.21
HLA-B*51:03,VKKAAKLEK,69.091,92.964,47451.04
HLA-B*51:03,KKAAKLEKE,90.0,96.913,48554.68
HLA-B*51:03,KAAKLEKET,27.5,63.3,44576.84
HLA-B*51:03,AAKLEKETR,36.238,83.773,46524.77
HLA-B*51:03,AKLEKETRR,66.818,96.798,48501.63
HLA-B*51:03,KLEKETRRP,66.818,93.184,47475.7
HLA-B*51:03,LEKETRRPL,8.896,24.848,38056.93
HLA-B*51:03,EKETRRPLL,11.088,39.049,41278.88
HLA-B*51:03,KETRRPLLQ,72.143,88.305,46955.63
HLA-B*51:03,ETRRPLLQS,18.701,29.671,39330.8
HLA-B*51:03,TRRPLLQSP,23.747,51.761,43205.0
HLA-B*51:03,RRPLLQSPE,86.667,94.199,47589.86
HLA-B*51:03,RPLLQSPEL,0.564,1.766,18247.75
HLA-B*51:03,PLLQSPELP,53.148,72.432,45487.46
HLA-B*51:03,LLQSPELPR,47.25,67.608,45021.32
HLA-B*51:03,LQSPELPRL,2.58,9.937,31334.41
HLA-B*51:03,QSPELPRLY,4.402,22.256,37255.95
HLA-B*51:03,SPELPRLYI,0.27,0.726,12300.63
HLA-B*51:03,PELPRLYIM,9.921,27.233,38711.02
HLA-B*51:03,ELPRLYIMT,12.132,33.64,40222.48
HLA-B*51:03,LPRLYIMTL,0.108,0.11,4299.4
HLA-B*51:03,PRLYIMTLS,83.75,83.686,46516.72
HLA-B*51:03,RLYIMTLSR,39.118,50.642,43061.71
HLA-B*51:03,LYIMTLSRL,10.506,10.803,31958.25
HLA-B*51:03,YIMTLSRLY,7.705,5.343,26542.63
HLA-B*51:03,IMTLSRLYP,46.444,27.564,38801.6
HLA-B*51:03,MTLSRLYPK,16.938,12.286,32934.13
HLA-B*51:03,TLSRLYPKE,55.0,65.994,44861.83
HLA-B*51:03,LSRLYPKET,21.114,35.322,40567.77
HLA-B*51:03,SRLYPKETP,31.471,58.928,44088.06
HLA-B*51:03,RLYPKETPI,5.121,8.439,30107.05
HLA-B*51:03,LYPKETPII,6.859,15.94,34837.2
HLA-B*51:03,YPKETPIIH,1.581,8.771,30397.71
HLA-B*51:03,PKETPIIHR,85.0,97.854,48990.57
HLA-B*51:03,KETPIIHRS,32.194,64.569,44716.45
HLA-B*51:03,ETPIIHRSG,10.347,25.298,38185.22
HLA-B*51:03,TPIIHRSGL,0.882,2.985,22098.24
HLA-B*51:03,PIIHRSGLP,62.5,66.24,44886.11
HLA-B*51:03,IIHRSGLPG,68.182,37.23,40940.37
HLA-B*51:03,IHRSGLPGE,54.259,80.712,46244.23
HLA-B*51:03,HRSGLPGET,66.364,88.342,46959.2
HLA-B*51:03,RSGLPGETA,21.053,34.218,40341.91
HLA-B*51:03,SGLPGETAL,6.178,24.467,37944.28
HLA-B*51:03,GLPGETALP,45.9,80.657,46239.22
HLA-B*51:03,LPGETALPR,13.321,19.121,36156.71
HLA-B*51:03,PGETALPRI,9.352,30.847,39607.94
HLA-B*51:03,GETALPRIM,24.052,47.192,42578.95
HLA-B*51:03,ETALPRIMG,23.126,32.276,39932.39
HLA-B*51:03,TALPRIMGV,0.152,0.337,8277.03
HLA-B*51:03,ALPRIMGVE,75.833,88.6,46984.1
HLA-B*51:03,LPRIMGVEQ,13.477,17.882,35680.65
HLA-B*51:03,PRIMGVEQC,34.692,86.237,46756.4
HLA-B*51:03,RIMGVEQCN,78.333,75.598,45783.71
HLA-B*51:03,IMGVEQCNV,29.636,17.434,35493.12
HLA-B*51:03,MGVEQCNVK,36.333,44.629,42193.72
HLA-B*51:03,GVEQCNVKT,78.333,94.808,47658.41
HLA-B*51:03,VEQCNVKTL,6.032,12.923,33313.66
HLA-B*51:03,EQCNVKTLG,53.519,51.787,43208.26
HLA-B*51:03,QCNVKTLGP,39.118,65.059,44769.69
HLA-B*51:03,CNVKTLGPE,85.0,66.708,44932.25
HLA-B*51:03,NVKTLGPEF,4.439,12.168,32864.71
HLA-B*51:03,VKTLGPEFR,74.286,95.128,47737.87
HLA-B*51:03,KTLGPEFRV,6.882,14.083,33947.52
HLA-B*51:03,TLGPEFRVL,6.999,16.518,35096.34
HLA-B*51:03,LGPEFRVLG,33.643,28.136,38954.72
HLA-B*51:03,GPEFRVLGV,1.849,3.459,23224.91
HLA-B*51:03,PEFRVLGVA,54.259,41.313,41663.84
HLA-B*51:03,EFRVLGVAK,44.091,63.511,44599.98
HLA-B*51:03,FRVLGVAKA,27.648,35.556,40614.34
HLA-B*51:03,RVLGVAKAI,5.978,9.68,31148.5
HLA-B*51:03,VLGVAKAIP,61.786,66.565,44918.17
HLA-B*51:03,LGVAKAIPD,86.667,50.886,43092.94
HLA-B*51:03,GVAKAIPDT,61.429,81.238,46292.27
HLA-B*51:03,VAKAIPDTI,0.225,0.548,10826.52
HLA-B*51:03,AKAIPDTIQ,80.0,96.711,48461.77
HLA-B*51:03,KAIPDTIQG,21.325,40.535,41534.67
HLA-B*51:03,AIPDTIQGL,8.572,40.285,41492.45
HLA-B*51:03,IPDTIQGLL,0.321,0.735,12373.78
HLA-B*51:03,PDTIQGLLG,88.333,88.911,47014.11
HLA-B*51:03,DTIQGLLGH,18.957,39.057,41280.21
HLA-B*51:03,TIQGLLGHC,40.25,51.546,43177.43
HLA-B*51:03,IQGLLGHCQ,64.643,78.942,46083.88
HLA-B*51:03,QGLLGHCQC,30.676,43.345,41993.78
HLA-B*51:03,GLLGHCQCV,27.926,37.506,40992.68
HLA-B*51:03,LLGHCQCVM,62.143,26.593,38539.27
HLA-B*51:03,LGHCQCVME,75.833,61.907,44424.21
HLA-B*51:03,GHCQCVMEE,79.167,87.926,46919.09
HLA-B*51:03,HCQCVMEEL,17.554,26.523,38520.51
HLA-B*51:03,CQCVMEELL,26.55,16.668,35163.63
HLA-B*51:03,QCVMEELLV,10.895,14.447,34125.01
HLA-B*51:03,CVMEELLVV,2.635,0.872,13513.3
HLA-B*51:03,VMEELLVVK,40.688,59.48,44153.93
HLA-B*51:03,MEELLVVKI,1.834,2.623,21149.42
HLA-B*51:03,EELLVVKID,52.222,51.637,43189.09
HLA-B*51:03,ELLVVKIDE,45.8,77.209,45928.09
HLA-B*51:03,LLVVKIDEI,7.077,6.989,28664.18
HLA-B*51:03,LVVKIDEIK,56.5,67.466,45007.19
HLA-B*51:03,VVKIDEIKK,46.222,82.202,46380.52
HLA-B*51:03,VKIDEIKKL,4.068,31.437,39743.61
HLA-B*51:03,KIDEIKKLV,9.787,24.935,38082.47
HLA-B*51:03,IDEIKKLVA,24.883,48.334,42746.98
HLA-B*51:03,DEIKKLVAN,23.575,38.232,41129.06
HLA-B*51:03,EIKKLVANA,4.327,11.496,32429.19
HLA-B*51:03,IKKLVANAP,40.562,57.376,43903.35
HLA-B*51:03,KKLVANAPA,55.5,58.216,44003.24
HLA-B*51:03,KLVANAPAP,46.0,58.656,44055.63
HLA-B*51:03,LVANAPAPQ,72.857,74.974,45727.77
HLA-B*51:03,VANAPAPQS,8.972,22.119,37212.85
HLA-B*51:03,ANAPAPQST,24.558,69.941,45252.8
HLA-B*51:03,NAPAPQSTT,5.261,13.51,33637.84
HLA-B*51:03,APAPQSTTI,0.049,0.35,8448.76
HLA-B*51:03,PAPQSTTID,86.667,91.235,47257.39
HLA-B*51:03,APQSTTIDS,15.276,32.625,40008.51
HLA-B*51:03,PQSTTIDSS,67.273,88.374,46962.26
HLA-B*51:03,QSTTIDSSF,9.304,18.664,35983.04
HLA-B*51:03,STTIDSSFS,68.636,62.192,44455.46
HLA-B*51:03,TTIDSSFSE,24.013,43.812,42065.18
HLA-B*51:03,TIDSSFSEF,6.271,14.165,33987.56
HLA-B*51:03,IDSSFSEFT,52.778,52.666,43321.07
HLA-B*51:03,DSSFSEFTE,29.045,36.405,40781.21
HLA-B*51:03,SSFSEFTEI,0.547,0.57,11028.45
HLA-B*51:03,SFSEFTEID,85.0,77.58,45961.39
HLA-B*51:03,FSEFTEIDA,35.75,27.897,38892.82
HLA-B*51:03,SEFTEIDAA,13.193,14.887,34340.59
HLA-B*51:03,EFTEIDAAT,26.083,47.607,42640.73
HLA-B*51:03,FTEIDAATG,58.75,38.487,41175.82
HLA-B*51:03,TEIDAATGG,31.794,58.708,44061.82
HLA-B*51:03,EIDAATGGG,70.0,69.031,45162.3
HLA-B*51:03,IDAATGGGL,26.717,33.558,40205.52
HLA-B*51:03,DAATGGGLL,0.952,1.824,18498.42
HLA-B*51:03,AATGGGLLI,1.873,2.795,21595.95
HLA-B*51:03,ATGGGLLIR,69.091,89.737,47094.04
HLA-B*51:03,TGGGLLIRA,20.276,30.75,39585.24
HLA-B*51:03,GGGLLIRAT,56.25,69.262,45185.29
HLA-B*51:03,GGLLIRATS,38.944,53.957,43487.31
HLA-B*51:03,GLLIRATSG,77.5,78.992,46088.37
HLA-B*51:03,LLIRATSGA,31.029,23.307,37587.54
HLA-B*51:03,LIRATSGAQ,73.571,79.734,46155.24
HLA-B*51:03,IRATSGAQV,17.104,23.421,37623.78
HLA-B*51:03,RATSGAQVT,25.015,47.381,42607.08
HLA-B*51:03,ATSGAQVTR,37.0,78.261,46022.61
HLA-B*51:03,TSGAQVTRD,81.25,81.194,46288.27
HLA-B*51:03,SGAQVTRDN,81.25,83.182,46470.43
HLA-B*51:03,GAQVTRDNI,7.544,10.35,31630.75
HLA-B*51:03,AQVTRDNIK,72.857,92.059,47349.48
HLA-B*51:03,QVTRDNIKR,52.222,89.768,47097.11
HLA-B*51:03,VTRDNIKRH,33.357,75.083,45737.68
HLA-B*51:03,TRDNIKRHG,74.286,94.533,47627.47
HLA-B*51:03,RDNIKRHGP,66.364,91.317,47266.59
HLA-B*51:03,DNIKRHGPD,72.143,55.28,43655.15
HLA-B*51:03,NIKRHGPDV,6.316,12.687,33172.3
HLA-B*51:03,IKRHGPDVL,26.783,52.553,43306.54
HLA-B*51:03,KRHGPDVLQ,78.333,96.382,48310.49
HLA-B*51:03,RHGPDVLQL,12.162,34.651,40431.5
HLA-B*51:03,HGPDVLQLK,14.643,46.527,42480.95
HLA-B*51:03,GPDVLQLKA,4.796,9.527,31038.47
HLA-B*51:03,PDVLQLKAE,82.5,96.436,48335.05
HLA-B*51:03,DVLQLKAEG,19.311,18.784,36029.0
HLA-B*51:03,VLQLKAEGT,55.5,74.071,45642.27
HLA-B*51:03,LQLKAEGTG,67.727,56.084,43750.19
HLA-B*51:03,QLKAEGTGR,56.5,94.135,47582.65
HLA-B*51:03,LKAEGTGRT,53.704,81.824,46345.92
HLA-B*51:03,KAEGTGRTT,24.351,56.156,43758.71
HLA-B*51:03,AEGTGRTTL,17.435,50.281,43015.61
HLA-B*51:03,EGTGRTTLI,1.37,2.808,21628.21
HLA-B*51:03,GTGRTTLIM,35.667,43.161,41965.62
HLA-B*51:03,TGRTTLIMD,77.5,58.924,44087.58
HLA-B*51:03,GRTTLIMDV,38.944,48.779,42810.38
HLA-B*51:03,RTTLIMDVE,75.0,75.986,45818.39
HLA-B*51:03,TTLIMDVEL,6.668,8.398,30069.93
HLA-B*51:03,TLIMDVELE,42.923,72.093,45455.47
HLA-B*51:03,LIMDVELEE,35.0,44.103,42110.26
HLA-B*51:03,IMDVELEEV,10.96,18.075,35758.72
HLA-B*51:03,MDVELEEVL,10.279,15.482,34621.89
HLA-B*51:03,DVELEEVLL,6.077,16.556,35113.43
HLA-B*51:03,VELEEVLLA,8.214,12.662,33157.95
HLA-B*51:03,ELEEVLLAT,19.635,30.604,39550.99
HLA-B*51:03,LEEVLLATN,70.0,56.728,43826.49
HLA-B*51:03,EEVLLATNQ,39.294,62.619,44502.12
HLA-B*51:03,EVLLATNQQ,32.29,58.56,44044.18
HLA-B*51:03,VLLATNQQA,22.79,30.555,39539.44
HLA-B*51:03,LLATNQQAP,33.179,43.545,42024.23
HLA-B*51:03,LATNQQAPD,80.0,49.3,42883.19
HLA-B*51:03,ATNQQAPDG,85.0,86.195,46752.36
HLA-B*51:03,TNQQAPDGG,88.333,89.016,47024.27
HLA-B*51:03,NQQAPDGGA,34.808,44.638,42195.11
HLA-B*51:03,QQAPDGGAN,71.429,86.874,46817.65
HLA-B*51:03,QAPDGGANP,15.03,39.517,41360.23
HLA-B*51:03,APDGGANPF,2.74,8.652,30293.64
HLA-B*51:03,PDGGANPFG,88.333,95.646,47973.47
HLA-B*51:03,DGGANPFGS,44.636,57.928,43968.97
HLA-B*51:03,GGANPFGSE,70.714,87.547,46882.55
HLA-B*51:03,GANPFGSEE,25.806,67.653,45025.71
HLA-B*51:03,ANPFGSEET,57.0,90.947,47225.18
HLA-B*51:03,NPFGSEETH,7.475,24.79,38039.64
HLA-B*51:03,PFGSEETHG,97.5,97.266,48717.82
HLA-B*51:03,FGSEETHGT,25.507,44.693,42203.76
HLA-B*51:03,GSEETHGTL,11.628,29.147,39205.47
HLA-B*51:03,SEETHGTLE,46.778,78.865,46076.9
HLA-B*51:03,EETHGTLEE,40.5,76.118,45830.3
HLA-B*51:03,ETHGTLEEK,19.824,47.529,42629.2
HLA-B*51:03,THGTLEEKY,24.078,66.777,44939.06
HLA-B*51:03,HGTLEEKYH,55.25,93.184,47475.7
HLA-B*51:03,GTLEEKYHM,17.492,36.557,40810.78
HLA-B*51:03,TLEEKYHMS,41.333,62.342,44471.83
HLA-B*51:03,LEEKYHMSE,41.417,64.2,44675.81
HLA-B*51:03,EEKYHMSEP,12.968,32.333,39944.93
HLA-B*51:03,EKYHMSEPA,28.306,19.013,36116.45
HLA-B*51:03,KYHMSEPAS,75.833,86.268,46759.45
HLA-B*51:03,YHMSEPASQ,32.903,56.492,43798.52
HLA-B*51:03,HMSEPASQY,12.083,29.913,39388.72
HLA-B*51:03,MSEPASQYW,2.787,4.021,24351.52
HLA-B*51:03,SEPASQYWL,14.519,25.966,38372.41
HLA-B*51:03,EPASQYWLE,9.937,7.222,28921.82
HLA-B*51:03,PASQYWLEN,83.75,65.477,44810.88
HLA-B*51:03,ASQYWLENF,22.95,28.005,38922.28
HLA-B*51:03,SQYWLENFM,6.072,9.665,31137.72
HLA-B*51:03,QYWLENFMS,56.5,53.053,43370.8
HLA-B*51:03,YWLENFMSQ,48.0,52.527,43303.28
HLA-B*51:03,WLENFMSQQ,62.143,80.728,46245.73
HLA-B*51:03,LENFMSQQL,5.896,8.024,29733.14
HLA-B*51:03,ENFMSQQLI,0.594,0.396,9111.44
HLA-B*51:03,NFMSQQLIP,20.577,21.947,37157.71
HLA-B*51:03,FMSQQLIPL,15.649,6.907,28565.11
HLA-B*51:03,MSQQLIPLF,1.994,1.373,16429.87
HLA-B*51:03,SQQLIPLFE,52.407,60.444,44264.44
HLA-B*51:03,QQLIPLFEV,2.424,4.794,25724.68
HLA-B*51:03,QLIPLFEVS,21.904,38.136,41111.27
HLA-B*51:03,LIPLFEVSD,66.818,67.82,45042.27
HLA-B*51:03,IPLFEVSDC,3.899,5.746,27098.91
HLA-B*51:03,PLFEVSDCP,53.704,57.564,43925.7
HLA-B*51:03,LFEVSDCPV,45.1,20.218,36563.08
HLA-B*51:03,FEVSDCPVF,7.733,7.87,29584.89
HLA-B*51:03,EVSDCPVFD,42.462,53.366,43411.18
HLA-B*51:03,VSDCPVFDL,9.969,11.921,32712.16
HLA-B*51:03,SDCPVFDLS,58.25,60.439,44263.95
HLA-B*51:03,DCPVFDLSQ,44.818,63.572,44606.75
HLA-B*51:03,CPVFDLSQE,20.886,18.695,35994.72
HLA-B*51:03,PVFDLSQEK,40.062,65.31,44794.41
HLA-B*51:03,VFDLSQEKR,38.056,88.726,46996.31
HLA-B*51:03,FDLSQEKRL,11.274,25.269,38176.95
HLA-B*51:03,DLSQEKRLS,32.29,55.888,43727.0
HLA-B*51:03,LSQEKRLSN,58.25,56.04,43745.0
HLA-B*51:03,SQEKRLSNR,49.143,86.589,46790.3
HLA-B*51:03,QEKRLSNRE,45.2,89.863,47106.28
HLA-B*51:03,EKRLSNREN,88.333,92.841,47437.17
HLA-B*51:03,KRLSNREND,97.5,96.093,48177.89
HLA-B*51:03,RLSNRENDV,31.147,60.198,44237.61
HLA-B*51:03,LSNRENDVL,18.768,24.63,37992.34
HLA-B*51:03,SNRENDVLT,41.417,49.0,42841.89
HLA-B*51:03,NRENDVLTN,77.5,91.734,47313.13
HLA-B*51:03,RENDVLTNS,41.25,72.015,45448.08
HLA-B*51:03,ENDVLTNSR,24.532,67.121,44973.12
HLA-B*51:03,NDVLTNSRW,9.577,20.909,36810.77
HLA-B*51:03,DVLTNSRWV,1.166,1.099,14925.88
HLA-B*51:03,VLTNSRWVK,51.296,67.466,45007.19
HLA-B*51:03,LTNSRWVKA,10.874,12.327,32958.38
HLA-B*51:03,TNSRWVKAR,45.6,72.641,45507.15
HLA-B*51:03,NSRWVKARR,25.134,50.19,43003.99
HLA-B*51:03,SRWVKARRN,81.25,81.703,46334.89
HLA-B*51:03,RWVKARRNF,33.214,60.167,44234.28
HLA-B*51:03,WVKARRNFK,48.375,69.213,45180.4
HLA-B*51:03,VKARRNFKL,16.658,35.272,40557.7
HLA-B*51:03,KARRNFKLG,65.455,47.957,42692.89
HLA-B*51:03,ARRNFKLGS,68.182,89.979,47117.49
HLA-B*51:03,RRNFKLGSV,33.964,48.149,42720.63
HLA-B*51:03,RNFKLGSVF,11.088,14.551,34176.02
HLA-B*51:03,NFKLGSVFK,45.7,62.504,44489.61
HLA-B*51:03,FKLGSVFKM,10.701,14.573,34186.36
HLA-B*51:03,KLGSVFKMF,22.01,36.314,40763.57
HLA-B*51:03,LGSVFKMFL,7.694,5.97,27402.31
HLA-B*51:03,GSVFKMFLP,47.625,35.693,40641.59
HLA-B*51:03,SVFKMFLPS,35.708,11.463,32407.09
HLA-B*51:03,VFKMFLPSA,19.541,23.098,37521.74
HLA-B*51:03,FKMFLPSAN,71.429,35.993,40701.44
HLA-B*51:03,KMFLPSANS,40.562,44.02,42097.07
HLA-B*51:03,MFLPSANSG,34.538,27.627,38818.82
HLA-B*51:03,FLPSANSGD,81.25,71.378,45388.16
HLA-B*51:03,LPSANSGDK,41.333,39.779,41405.89
HLA-B*51:03,PSANSGDKT,51.667,92.228,47368.45
HLA-B*51:03,SANSGDKTS,30.027,55.548,43686.8
HLA-B*51:03,ANSGDKTSD,95.0,97.088,48635.66
HLA-B*51:03,NSGDKTSDK,61.071,90.467,47171.55
HLA-B*51:03,SGDKTSDKP,41.75,71.388,45389.12
HLA-B*51:03,GDKTSDKPP,77.5,95.021,47689.34
HLA-B*51:03,DKTSDKPPL,13.311,32.69,40022.8
HLA-B*51:03,KTSDKPPLL,4.139,25.03,38110.08
HLA-B*51:03,TSDKPPLLE,23.563,64.073,44661.81
HLA-B*51:03,SDKPPLLER,28.571,78.001,45999.2
HLA-B*51:03,DKPPLLERE,37.0,80.608,46234.72
HLA-B*51:03,KPPLLEREQ,30.108,72.761,45518.48
HLA-B*51:03,PPLLEREQL,2.777,13.839,33818.46
HLA-B*51:03,PLLEREQLV,17.518,27.914,38897.43
HLA-B*51:03,LLEREQLVV,13.39,13.362,33557.13
HLA-B*51:03,LEREQLVVL,3.171,8.694,30330.37
HLA-B*51:03,EREQLVVLD,67.727,74.254,45659.55
HLA-B*51:03,REQLVVLDG,76.667,56.348,43781.46
HLA-B*51:03,EQLVVLDGG,65.0,46.843,42527.39
HLA-B*51:03,QLVVLDGGM,41.583,42.662,41884.89
HLA-B*51:03,LVVLDGGMA,41.583,30.814,39600.23
HLA-B*51:03,VVLDGGMAV,2.794,3.521,23364.79
HLA-B*51:03,VLDGGMAVL,14.545,26.257,38450.12
HLA-B*51:03,LDGGMAVLL,21.088,21.116,36881.75
HLA-B*51:03,DGGMAVLLI,0.806,0.453,9809.74
HLA-B*51:03,GGMAVLLIR,58.25,70.016,45260.16
HLA-B*51:03,GMAVLLIRA,38.778,51.495,43170.88
HLA-B*51:03,MAVLLIRAH,10.931,13.062,33393.77
HLA-B*51:03,AVLLIRAHE,57.25,72.672,45510.09
HLA-B*51:03,VLLIRAHES,34.731,49.525,42914.29
HLA-B*51:03,LLIRAHESI,5.05,4.114,24527.09
HLA-B*51:03,LIRAHESIG,78.333,68.012,45061.27
HLA-B*51:03,IRAHESIGG,85.0,89.163,47038.52
HLA-B*51:03,RAHESIGGR,39.471,70.209,45278.26
HLA-B*51:03,AHESIGGRT,68.182,77.913,45991.25
HLA-B*51:03,HESIGGRTG,41.417,61.595,44390.08
HLA-B*51:03,ESIGGRTGS,35.708,57.744,43947.09
HLA-B*51:03,SIGGRTGSP,54.444,67.918,45052.03
HLA-B*51:03,IGGRTGSPL,13.605,18.093,35765.29
HLA-B*51:03,GGRTGSPLY,36.095,54.402,43544.76
HLA-B*51:03,GRTGSPLYA,41.833,71.075,45359.68
HLA-B*51:03,RTGSPLYAG,55.0,60.066,44223.27
HLA-B*51:03,TGSPLYAGL,6.596,10.575,31792.71
HLA-B*51:03,GSPLYAGLG,76.667,49.785,42950.03
HLA-B*51:03,SPLYAGLGQ,26.483,32.972,40084.34
HLA-B*51:03,PLYAGLGQR,65.455,88.242,46949.54
HLA-B*51:03,LYAGLGQRN,82.5,85.063,46643.73
HLA-B*51:03,YAGLGQRNG,33.964,35.788,40660.49
HLA-B*51:03,AGLGQRNGE,85.0,95.446,47882.72
HLA-B*51:03,GLGQRNGEL,49.857,76.329,45849.13
HLA-B*51:03,LGQRNGELT,49.714,47.028,42554.55
HLA-B*51:03,GQRNGELTG,56.25,80.767,46249.24
HLA-B*51:03,QRNGELTGR,67.727,96.315,48279.66
HLA-B*51:03,RNGELTGRL,28.224,52.761,43333.28
HLA-B*51:03,NGELTGRLG,59.0,48.26,42736.34
HLA-B*51:03,GELTGRLGM,33.5,45.97,42399.2
HLA-B*51:03,ELTGRLGME,50.741,80.044,46183.23
HLA-B*51:03,LTGRLGMEK,50.185,53.713,43455.8
HLA-B*51:03,TGRLGMEKL,9.801,24.936,38082.89
HLA-B*51:03,GRLGMEKLP,77.5,88.453,46969.86
HLA-B*51:03,RLGMEKLPL,30.811,47.214,42582.19
HLA-B*51:03,LGMEKLPLD,44.364,29.755,39350.82
HLA-B*51:03,GMEKLPLDQ,91.667,96.821,48512.14
HLA-B*51:03,MEKLPLDQE,43.455,64.908,44753.7
HLA-B*51:03,EKLPLDQEI,2.267,7.241,28942.48
HLA-B*51:03,KLPLDQEIR,79.167,96.233,48242.06
HLA-B*51:03,LPLDQEIRA,1.074,1.677,17872.19
HLA-B*51:03,PLDQEIRAA,20.48,69.375,45196.54
HLA-B*51:03,LDQEIRAAP,33.036,38.86,41244.5
HLA-B*51:03,DQEIRAAPE,44.364,69.813,45240.08
HLA-B*51:03,QEIRAAPEL,3.239,11.956,32735.88
HLA-B*51:03,EIRAAPELN,47.25,60.923,44316.65
HLA-B*51:03,IRAAPELNM,19.459,37.234,40941.27
HLA-B*51:03,RAAPELNMC,10.724,30.922,39625.52
HLA-B*51:03,AAPELNMCV,2.436,4.698,25574.53
HLA-B*51:03,APELNMCVV,3.141,2.269,20093.63
HLA-B*51:03,PELNMCVVN,95.0,76.7,45882.41
HLA-B*51:03,ELNMCVVNI,8.112,5.345,26545.5
HLA-B*51:03,LNMCVVNIE,69.091,38.622,41200.79
HLA-B*51:03,NMCVVNIEP,36.762,31.814,39829.69
HLA-B*51:03,MCVVNIEPD,91.667,52.527,43303.28
HLA-B*51:03,CVVNIEPDL,23.207,19.466,36285.26
HLA-B*51:03,VVNIEPDLL,6.998,17.979,35721.2
HLA-B*51:03,VNIEPDLLV,2.429,3.423,23136.62
HLA-B*51:03,NIEPDLLVV,4.374,8.024,29732.51
HLA-B*51:03,IEPDLLVVI,2.046,6.676,28287.68
HLA-B*51:03,EPDLLVVIE,9.291,21.852,37125.98
HLA-B*51:03,PDLLVVIEA,36.905,55.112,43635.33
HLA-B*51:03,DLLVVIEAG,23.207,23.625,37688.13
HLA-B*51:03,LLVVIEAGS,72.857,63.963,44649.71
HLA-B*51:03,LVVIEAGSI,7.712,4.22,24728.55
HLA-B*51:03,VVIEAGSIM,6.289,8.178,29870.83
HLA-B*51:03,VIEAGSIMV,12.778,18.233,35818.73
HLA-B*51:03,IEAGSIMVD,55.25,51.455,43165.73
HLA-B*51:03,EAGSIMVDL,2.372,6.005,27448.9
HLA-B*51:03,AGSIMVDLV,11.218,7.746,29465.41
HLA-B*51:03,GSIMVDLVQ,68.636,76.728,45884.86
HLA-B*51:03,SIMVDLVQM,7.506,12.658,33155.45
HLA-B*51:03,IMVDLVQMG,29.045,30.708,39575.39
HLA-B*51:03,MVDLVQMGG,25.403,22.601,37364.54
HLA-B*51:03,VDLVQMGGR,80.0,90.645,47191.45
HLA-B*51:03,DLVQMGGRK,51.296,59.504,44156.81
HLA-B*51:03,LVQMGGRKM,14.838,23.316,37590.4
HLA-B*51:03,VQMGGRKMG,59.25,74.05,45640.29
HLA-B*51:03,QMGGRKMGL,28.367,50.441,43036.09
HLA-B*51:03,MGGRKMGLS,69.545,54.179,43516.04
HLA-B*51:03,GGRKMGLSS,57.0,69.124,45171.6
HLA-B*51:03,GRKMGLSSV,32.484,53.22,43392.37
HLA-B*51:03,RKMGLSSVL,17.181,26.623,38547.18
HLA-B*51:03,KMGLSSVLG,82.5,65.241,44787.62
HLA-B*51:03,MGLSSVLGE,48.125,38.726,41219.95
HLA-B*51:03,GLSSVLGEK,67.727,86.037,46737.17
HLA-B*51:03,LSSVLGEKT,22.45,34.112,40320.11
HLA-B*51:03,SSVLGEKTL,4.101,18.107,35770.71
HLA-B*51:03,SVLGEKTLG,58.0,66.467,44908.44
HLA-B*51:03,VLGEKTLGP,38.944,66.378,44899.69
HLA-B*51:03,LGEKTLGPR,65.0,83.686,46516.72
HLA-B*51:03,GEKTLGPRK,42.308,86.258,46758.42
HLA-B*51:03,EKTLGPRKI,5.886,22.58,37358.08
HLA-B*51:03,KTLGPRKII,9.569,19.686,36367.4
HLA-B*51:03,TLGPRKIIK,48.875,81.67,46331.88
HLA-B*51:03,LGPRKIIKS,41.5,62.17,44453.05
HLA-B*51:03,GPRKIIKSE,25.493,60.492,44269.69
HLA-B*51:03,PRKIIKSEE,88.333,97.511,48831.27
HLA-B*51:03,RKIIKSEEP,56.0,79.169,46104.34
HLA-B*51:03,KIIKSEEPH,69.545,93.586,47520.92
HLA-B*51:03,IIKSEEPHL,8.201,24.751,38028.13
HLA-B*51:03,IKSEEPHLA,19.939,43.235,41976.97
HLA-B*51:03,KSEEPHLAE,44.091,75.293,45756.47
HLA-B*51:03,SEEPHLAEN,42.615,66.796,44941.0
HLA-B*51:03,EEPHLAENM,5.293,31.8,39826.68
HLA-B*51:03,EPHLAENMP,6.183,7.171,28865.55
HLA-B*51:03,PHLAENMPT,80.0,77.586,45961.9
HLA-B*51:03,HLAENMPTG,35.333,41.587,41708.07
HLA-B*51:03,LAENMPTGV,2.785,4.161,24615.1
HLA-B*51:03,AENMPTGVE,52.963,76.999,45909.23
HLA-B*51:03,ENMPTGVEI,0.355,0.683,11960.96
HLA-B*51:03,NMPTGVEIG,52.037,64.17,44672.44
HLA-B*51:03,MPTGVEIGN,23.851,12.64,33144.33
HLA-B*51:03,PTGVEIGNA,57.25,70.172,45274.84
HLA-B*51:03,TGVEIGNAV,1.748,2.705,21362.39
HLA-B*51:03,GVEIGNAVT,68.636,86.689,46799.93
HLA-B*51:03,VEIGNAVTH,16.089,54.136,43510.4
HLA-B*51:03,EIGNAVTHG,50.0,71.3,45380.78
HLA-B*51:03,IGNAVTHGE,49.714,67.185,44979.45
HLA-B*51:03,GNAVTHGEW,31.618,42.074,41787.11
HLA-B*51:03,NAVTHGEWS,31.441,33.16,40123.39
HLA-B*51:03,AVTHGEWSI,11.252,21.294,36940.86
HLA-B*51:03,VTHGEWSIN,81.25,69.532,45212.2
HLA-B*51:03,THGEWSINC,21.544,39.329,41327.57
HLA-B*51:03,HGEWSINCQ,75.0,89.547,47075.7
HLA-B*51:03,GEWSINCQE,62.143,73.126,45552.96
HLA-B*51:03,EWSINCQEM,17.689,28.72,39100.4
HLA-B*51:03,WSINCQEMG,82.5,37.054,40907.17
HLA-B*51:03,SINCQEMGN,95.0,85.032,46640.7
HLA-B*51:03,INCQEMGNG,95.0,89.858,47105.76
HLA-B*51:03,NCQEMGNGE,52.037,87.963,46922.63
HLA-B*51:03,CQEMGNGEC,74.286,65.172,44780.84
HLA-B*51:03,QEMGNGECT,40.562,44.457,42166.35
HLA-B*51:03,EMGNGECTM,30.486,33.28,40148.13
HLA-B*51:03,MGNGECTMT,46.556,41.011,41615.21
HLA-B*51:03,GNGECTMTG,91.667,82.612,46418.19
HLA-B*51:03,NGECTMTGA,33.75,30.299,39479.59
HLA-B*51:03,GECTMTGAN,95.0,86.074,46740.72
HLA-B*51:03,ECTMTGANC,38.722,46.796,42520.48
HLA-B*51:03,CTMTGANCS,70.714,36.511,40801.96
HLA-B*51:03,TMTGANCSA,30.027,35.779,40658.73
HLA-B*51:03,MTGANCSAT,50.741,31.469,39750.91
HLA-B*51:03,TGANCSATC,38.444,37.314,40956.32
HLA-B*51:03,GANCSATCG,83.75,58.0,43977.54
HLA-B*51:03,ANCSATCGL,50.185,53.559,43436.07
HLA-B*51:03,NCSATCGLK,72.857,66.417,44903.6
HLA-B*51:03,CSATCGLKP,49.143,25.7,38297.75
HLA-B*51:03,SATCGLKPD,81.25,54.566,43565.96
HLA-B*51:03,ATCGLKPDR,62.5,95.515,47913.83
HLA-B*51:03,TCGLKPDRG,90.0,94.89,47667.7
HLA-B*51:03,CGLKPDRGA,38.222,38.022,41090.38
HLA-B*51:03,GLKPDRGAI,25.448,42.861,41917.97
HLA-B*51:03,LKPDRGAIA,34.654,56.84,43839.75
HLA-B*51:03,KPDRGAIAN,33.143,51.703,43197.51
HLA-B*51:03,PDRGAIANN,95.0,96.34,48291.14
HLA-B*51:03,DRGAIANNL,14.678,28.72,39100.4
HLA-B*51:03,RGAIANNLF,18.122,19.852,36429.62
HLA-B*51:03,GAIANNLFS,47.5,41.69,41724.75
HLA-B*51:03,AIANNLFSL,15.485,23.906,37777.14
HLA-B*51:03,IANNLFSLL,0.775,0.673,11879.97
HLA-B*51:03,ANNLFSLLD,81.25,60.584,44279.77
HLA-B*51:03,NNLFSLLDI,6.379,2.615,21129.75
HLA-B*51:03,NLFSLLDIT,38.556,29.32,39246.62
HLA-B*51:03,LFSLLDITL,14.831,16.148,34931.19
HLA-B*51:03,FSLLDITLN,48.625,25.716,38302.32
HLA-B*51:03,SLLDITLNC,17.907,34.486,40397.39
HLA-B*51:03,LLDITLNCV,23.621,16.098,34908.89
HLA-B*51:03,LDITLNCVE,73.571,68.765,45135.93
HLA-B*51:03,DITLNCVES,27.296,34.865,40475.7
HLA-B*51:03,ITLNCVESL,10.901,10.153,31489.38
HLA-B*51:03,TLNCVESLE,62.857,68.725,45132.03
HLA-B*51:03,LNCVESLEV,12.431,9.488,31008.94
HLA-B*51:03,NCVESLEVE,57.0,78.361,46031.58
HLA-B*51:03,CVESLEVEG,75.0,64.082,44662.76
HLA-B*51:03,VESLEVEGK,48.875,82.585,46415.68
HLA-B*51:03,ESLEVEGKA,7.371,9.372,30910.47
HLA-B*51:03,SLEVEGKAW,30.351,52.068,43244.28
HLA-B*51:03,LEVEGKAWC,34.462,51.791,43208.73
HLA-B*51:03,EVEGKAWCD,74.286,76.013,45820.87
HLA-B*51:03,VEGKAWCDT,85.0,74.713,45703.03
HLA-B*51:03,EGKAWCDTY,12.947,16.736,35194.07
HLA-B*51:03,GKAWCDTYG,97.5,93.294,47488.02
HLA-B*51:03,KAWCDTYGT,51.296,31.653,39793.08
HLA-B*51:03,AWCDTYGTK,82.5,92.909,47444.88
HLA-B*51:03,WCDTYGTKP,45.7,62.583,44498.28
HLA-B*51:03,CDTYGTKPA,59.75,46.266,42442.8
HLA-B*51:03,DTYGTKPAA,1.327,2.45,20674.96
HLA-B*51:03,TYGTKPAAG,78.333,88.316,46956.66
HLA-B*51:03,YGTKPAAGL,9.18,17.998,35729.3
HLA-B*51:03,GTKPAAGLR,58.25,83.812,46528.3
HLA-B*51:03,TKPAAGLRK,50.556,88.379,46962.75
HLA-B*51:03,KPAAGLRKD,48.0,57.568,43926.18
HLA-B*51:03,PAAGLRKDA,40.188,70.407,45296.89
HLA-B*51:03,AAGLRKDAA,17.58,35.662,40635.43
HLA-B*51:03,AGLRKDAAV,11.288,21.077,36868.98
HLA-B*51:03,GLRKDAAVK,74.286,91.167,47249.71
HLA-B*51:03,LRKDAAVKL,10.433,37.077,40911.61
HLA-B*51:03,RKDAAVKLW,22.75,48.578,42781.67
HLA-B*51:03,KDAAVKLWL,23.724,42.286,41822.38
HLA-B*51:03,DAAVKLWLD,14.535,8.404,30075.15
HLA-B*51:03,AAVKLWLDI,4.848,2.961,22033.53
HLA-B*51:03,AVKLWLDIF,24.727,34.729,40447.68
HLA-B*51:03,VKLWLDIFG,91.667,60.633,44285.03
HLA-B*51:03,KLWLDIFGL,26.867,27.813,38869.68
HLA-B*51:03,LWLDIFGLD,83.75,57.764,43949.47
HLA-B*51:03,WLDIFGLDV,29.75,19.615,36341.04
HLA-B*51:03,LDIFGLDVG,83.75,60.395,44259.16
HLA-B*51:03,DIFGLDVGT,21.588,22.437,37312.84
HLA-B*51:03,IFGLDVGTY,37.105,42.831,41912.99
HLA-B*51:03,FGLDVGTYS,20.179,22.896,37458.05
HLA-B*51:03,GLDVGTYSL,14.494,44.784,42218.38
HLA-B*51:03,LDVGTYSLH,42.308,60.299,44248.63
HLA-B*51:03,DVGTYSLHQ,38.222,55.996,43739.78
HLA-B*51:03,VGTYSLHQV,2.433,4.513,25287.0
HLA-B*51:03,GTYSLHQVL,4.686,8.675,30313.96
HLA-B*51:03,TYSLHQVLR,41.333,68.529,45112.5
HLA-B*51:03,YSLHQVLRG,23.678,16.34,35017.08
HLA-B*51:03,SLHQVLRGM,10.088,20.174,36547.26
HLA-B*51:03,LHQVLRGMV,26.283,14.47,34136.1
HLA-B*51:03,HQVLRGMVH,32.774,64.253,44681.63
HLA-B*51:03,QVLRGMVHS,44.273,54.949,43615.5
HLA-B*51:03,VLRGMVHSM,6.471,13.643,33710.7
HLA-B*51:03,LRGMVHSMV,21.079,18.957,36095.35
HLA-B*51:03,RGMVHSMVM,6.84,5.745,27097.16
HLA-B*51:03,GMVHSMVMN,95.0,93.623,47525.02
HLA-B*51:03,MVHSMVMND,37.895,18.052,35749.82
HLA-B*51:03,VHSMVMNDL,18.518,20.704,36737.18
HLA-B*51:03,HSMVMNDLN,70.714,25.628,38277.45
HLA-B*51:03,SMVMNDLNP,31.647,35.155,40534.42
HLA-B*51:03,MVMNDLNPV,8.19,1.168,15349.23
HLA-B*51:03,VMNDLNPVH,23.299,49.673,42934.71
HLA-B*51:03,MNDLNPVHV,2.409,4.852,25816.68
HLA-B*51:03,NDLNPVHVQ,44.636,79.391,46124.29
HLA-B*51:03,DLNPVHVQL,0.525,2.799,21605.29
HLA-B*51:03,LNPVHVQLR,43.455,67.466,45007.19
HLA-B*51:03,NPVHVQLRE,10.442,15.411,34588.57
HLA-B*51:03,PVHVQLREK,72.857,89.347,47056.33
HLA-B*51:03,VHVQLREKE,58.75,78.062,46004.69
HLA-B*51:03,HVQLREKEP,35.042,56.6,43811.32
HLA-B*51:03,VQLREKEPV,14.051,18.57,35947.23
HLA-B*51:03,QLREKEPVV,4.467,13.719,33752.66
HLA-B*51:03,LREKEPVVV,14.182,33.682,40231.2
HLA-B*51:03,REKEPVVVA,9.194,31.181,39685.16
HLA-B*51:03,EKEPVVVAV,1.29,7.988,29699.7
HLA-B*51:03,KEPVVVAVY,14.545,50.558,43051.0
HLA-B*51:03,EPVVVAVYI,0.023,0.04,2372.21
HLA-B*51:03,PVVVAVYIR,77.5,89.342,47055.85
HLA-B*51:03,VVVAVYIRW,8.244,15.569,34662.37
HLA-B*51:03,VVAVYIRWQ,68.636,68.858,45145.21
HLA-B*51:03,VAVYIRWQE,27.148,27.69,38836.05
HLA-B*51:03,AVYIRWQEY,9.334,17.282,35429.82
HLA-B*51:03,VYIRWQEYV,9.262,6.853,28500.28
HLA-B*51:03,YIRWQEYVL,10.507,10.365,31641.36
HLA-B*51:03,IRWQEYVLS,52.222,50.715,43071.05
HLA-B*51:03,RWQEYVLST,40.562,58.224,44004.18
HLA-B*51:03,WQEYVLSTR,38.722,60.545,44275.46
HLA-B*51:03,QEYVLSTRQ,39.941,65.655,44828.34
HLA-B*51:03,EYVLSTRQD,43.545,69.793,45238.12
HLA-B*51:03,YVLSTRQDH,44.182,64.908,44753.7
HLA-B*51:03,VLSTRQDHV,12.104,17.557,35544.62
HLA-B*51:03,LSTRQDHVY,22.4,31.209,39691.61
HLA-B*51:03,STRQDHVYM,10.882,16.011,34870.37
HLA-B*51:03,TRQDHVYML,7.48,27.537,38794.05
HLA-B*51:03,RQDHVYMLA,23.241,25.842,38337.56
HLA-B*51:03,QDHVYMLAL,8.644,13.807,33800.54
HLA-B*51:03,DHVYMLALS,40.188,20.143,36536.21
HLA-B*51:03,HVYMLALSA,2.547,2.09,19534.77
HLA-B*51:03,VYMLALSAE,50.185,55.576,43690.13
HLA-B*51:03,YMLALSAEH,26.85,30.927,39626.82
HLA-B*51:03,MLALSAEHE,48.375,59.944,44209.38
HLA-B*51:03,LALSAEHEQ,30.703,48.516,42772.9
HLA-B*51:03,ALSAEHEQV,14.016,35.629,40628.82
HLA-B*51:03,LSAEHEQVF,3.745,7.904,29618.2
HLA-B*51:03,SAEHEQVFF,5.396,20.763,36758.25
HLA-B*51:03,AEHEQVFFR,28.735,61.164,44343.04
HLA-B*51:03,EHEQVFFRR,43.455,72.704,45513.05
HLA-B*51:03,HEQVFFRRP,20.862,28.985,39166.45
HLA-B*51:03,EQVFFRRPP,26.183,18.042,35745.95
HLA-B*51:03,QVFFRRPPH,40.625,48.308,42743.29
HLA-B*51:03,VFFRRPPHN,57.5,65.96,44858.42
HLA-B*51:03,FFRRPPHNL,4.961,13.487,33625.45
HLA-B*51:03,FRRPPHNLD,58.75,65.827,44845.31
HLA-B*51:03,RRPPHNLDS,78.333,91.048,47236.42
HLA-B*51:03,RPPHNLDSI,1.089,2.251,20036.52
HLA-B*51:03,PPHNLDSID,55.0,68.514,45111.05
HLA-B*51:03,PHNLDSIDE,95.0,97.123,48651.44
HLA-B*51:03,HNLDSIDEN,72.857,83.554,46504.64
HLA-B*51:03,NLDSIDENI,11.852,18.687,35992.0
HLA-B*51:03,LDSIDENII,23.885,22.853,37444.27
HLA-B*51:03,DSIDENIIN,35.167,42.292,41823.3
HLA-B*51:03,SIDENIINF,5.037,23.74,37724.46
HLA-B*51:03,IDENIINFQ,72.857,90.796,47208.31
HLA-B*51:03,DENIINFQD,46.556,42.755,41900.29
HLA-B*51:03,ENIINFQDP,33.321,34.926,40488.41
HLA-B*51:03,NIINFQDPL,17.244,11.371,32346.14
HLA-B*51:03,IINFQDPLS,40.625,51.67,43193.3
HLA-B*51:03,INFQDPLSF,2.74,4.883,25864.49
HLA-B*51:03,NFQDPLSFI,4.77,7.083,28768.26
HLA-B*51:03,FQDPLSFIP,20.35,21.632,37052.93
HLA-B*51:03,QDPLSFIPG,61.429,60.448,44264.93
HLA-B*51:03,DPLSFIPGA,0.288,0.367,8697.34
HLA-B*51:03,PLSFIPGAN,97.5,90.407,47164.92
HLA-B*51:03,LSFIPGANY,8.163,7.401,29119.95
HLA-B*51:03,SFIPGANYY,7.159,32.591,40001.16
HLA-B*51:03,FIPGANYYP,31.059,31.094,39665.43
HLA-B*51:03,IPGANYYPK,25.806,16.124,34920.6
HLA-B*51:03,PGANYYPKP,48.75,57.18,43880.08
HLA-B*51:03,GANYYPKPT,37.579,53.056,43371.27
HLA-B*51:03,ANYYPKPTR,33.536,70.188,45276.3
HLA-B*51:03,NYYPKPTRP,11.711,32.317,39941.48
HLA-B*51:03,YYPKPTRPD,68.182,76.417,45857.09
HLA-B*51:03,YPKPTRPDR,5.3,28.522,39050.93
HLA-B*51:03,PKPTRPDRQ,93.333,98.645,49360.35
HLA-B*51:03,KPTRPDRQV,1.433,7.298,29004.87
HLA-B*51:03,PTRPDRQVT,62.5,88.142,46939.88
HLA-B*51:03,TRPDRQVTV,5.494,28.698,39094.91
HLA-B*51:03,RPDRQVTVQ,18.439,51.951,43229.3
HLA-B*51:03,PDRQVTVQR,64.643,95.302,47816.96
HLA-B*51:03,DRQVTVQRS,37.105,64.75,44736.27
HLA-B*51:03,RQVTVQRSS,49.0,73.1,45550.49
HLA-B*51:03,QVTVQRSSN,85.0,89.595,47080.28
HLA-B*51:03,VTVQRSSNV,3.584,4.9,25892.5
HLA-B*51:03,TVQRSSNVY,18.256,33.137,40118.63
HLA-B*51:03,VQRSSNVYL,8.093,17.208,35399.17
HLA-B*51:03,QRSSNVYLS,53.889,69.06,45165.25
HLA-B*51:03,RSSNVYLSY,11.814,19.449,36278.97
HLA-B*51:03,SSNVYLSYS,39.529,29.06,39184.69
HLA-B*51:03,SNVYLSYSS,49.857,40.633,41551.3
HLA-B*51:03,NVYLSYSSK,19.318,19.94,36462.74
HLA-B*51:03,VYLSYSSKT,40.75,47.319,42597.85
HLA-B*51:03,YLSYSSKTA,17.751,22.571,37355.24
HLA-B*51:03,LSYSSKTAE,25.06,38.16,41115.72
HLA-B*51:03,SYSSKTAET,46.667,69.956,45254.26
HLA-B*51:03,YSSKTAETS,30.432,35.499,40602.92
HLA-B*51:03,SSKTAETSE,51.296,83.034,46456.86
HLA-B*51:03,SKTAETSEV,16.867,33.524,40198.57
HLA-B*51:03,KTAETSEVH,31.794,78.987,46087.89
HLA-B*51:03,TAETSEVHW,4.633,17.981,35721.98
HLA-B*51:03,AETSEVHWS,58.75,77.586,45961.9
HLA-B*51:03,ETSEVHWSK,5.827,14.767,34281.55
HLA-B*51:03,TSEVHWSKH,44.545,70.151,45272.89
HLA-B*51:03,SEVHWSKHP,12.75,39.041,41277.52
HLA-B*51:03,EVHWSKHPY,11.936,21.031,36853.81
HLA-B*51:03,VHWSKHPYA,10.656,12.927,33315.81
HLA-B*51:03,HWSKHPYAA,24.701,46.649,42498.87
HLA-B*51:03,WSKHPYAAH,30.108,47.845,42676.27
HLA-B*51:03,SKHPYAAHS,38.444,63.91,44643.93
HLA-B*51:03,KHPYAAHSL,13.427,30.978,39638.81
HLA-B*51:03,HPYAAHSLI,0.01,0.009,748.4
HLA-B*51:03,PYAAHSLII,22.86,25.263,38175.29
HLA-B*51:03,YAAHSLIIM,1.855,2.461,20709.9
HLA-B*51:03,AAHSLIIMA,3.605,6.745,28370.13
HLA-B*51:03,AHSLIIMAL,5.514,15.219,34498.48
HLA-B*51:03,HSLIIMALP,14.869,9.555,31058.98
HLA-B*51:03,SLIIMALPI,15.097,3.799,23910.29
HLA-B*51:03,LIIMALPIF,9.784,7.274,28979.14
HLA-B*51:03,IIMALPIFS,33.643,19.69,36368.97
HLA-B*51:03,IMALPIFSL,4.47,5.955,27380.97
HLA-B*51:03,MALPIFSLE,5.653,3.407,23099.35
HLA-B*51:03,ALPIFSLEN,71.429,72.265,45471.71
HLA-B*51:03,LPIFSLENV,0.116,0.05,2822.52
HLA-B*51:03,PIFSLENVM,19.568,28.741,39105.47
HLA-B*51:03,IFSLENVMA,38.611,46.492,42475.88
HLA-B*51:03,FSLENVMAA,2.771,1.996,19241.5
HLA-B*51:03,SLENVMAAV,14.118,16.969,35298.57
HLA-B*51:03,LENVMAAVQ,48.5,51.032,43111.59
HLA-B*51:03,ENVMAAVQY,10.045,20.744,36751.5
HLA-B*51:03,NVMAAVQYI,0.673,0.397,9131.87
HLA-B*51:03,VMAAVQYIE,52.222,46.721,42509.45
HLA-B*51:03,MAAVQYIEF,0.873,0.61,11384.79
HLA-B*51:03,AAVQYIEFL,1.683,5.429,26667.57
HLA-B*51:03,AVQYIEFLR,57.75,72.437,45487.93
HLA-B*51:03,VQYIEFLRG,36.524,27.239,38712.7
HLA-B*51:03,QYIEFLRGH,36.381,77.492,45953.45
HLA-B*51:03,YIEFLRGHS,71.429,59.328,44135.8
HLA-B*51:03,IEFLRGHSS,19.709,26.819,38599.37
HLA-B*51:03,EFLRGHSSS,40.938,52.564,43307.97
HLA-B*51:03,FLRGHSSSC,19.534,27.023,38653.7
HLA-B*51:03,LRGHSSSCQ,79.167,95.499,47906.57
HLA-B*51:03,RGHSSSCQD,90.0,82.82,46437.27
HLA-B*51:03,GHSSSCQDL,44.909,56.284,43773.87
HLA-B*51:03,HSSSCQDLK,42.231,57.14,43875.36
HLA-B*51:03,SSSCQDLKV,5.699,6.278,27793.47
HLA-B*51:03,SSCQDLKVM,16.489,31.173,39683.44
HLA-B*51:03,SCQDLKVMR,30.757,85.068,46644.21
HLA-B*51:03,CQDLKVMRH,52.963,82.032,46364.96
HLA-B*51:03,QDLKVMRHQ,57.5,89.558,47076.7
HLA-B*51:03,DLKVMRHQN,39.647,56.656,43817.95
HLA-B*51:03,LKVMRHQNT,50.741,63.656,44615.92
HLA-B*51:03,KVMRHQNTG,58.25,61.569,44387.21
HLA-B*51:03,VMRHQNTGI,14.618,16.39,35039.06
HLA-B*51:03,MRHQNTGIA,34.654,36.293,40759.6
HLA-B*51:03,RHQNTGIAP,48.625,59.828,44195.52
HLA-B*51:03,HQNTGIAPQ,50.926,82.47,46405.11
HLA-B*51:03,QNTGIAPQF,6.843,22.183,37232.99
HLA-B*51:03,NTGIAPQFG,60.714,51.488,43169.94
HLA-B*51:03,TGIAPQFGT,28.694,31.674,39797.82
HLA-B*51:03,GIAPQFGTD,83.75,84.973,46635.16
HLA-B*51:03,IAPQFGTDK,37.105,53.877,43476.96
HLA-B*51:03,APQFGTDKN,55.0,59.244,44125.75
HLA-B*51:03,PQFGTDKNR,79.167,96.092,48177.39
HLA-B*51:03,QFGTDKNRN,97.5,97.166,48671.46
HLA-B*51:03,FGTDKNRNR,47.0,84.102,46554.99
HLA-B*51:03,GTDKNRNRA,29.477,60.272,44245.75
HLA-B*51:03,TDKNRNRAL,20.382,54.664,43578.7
HLA-B*51:03,DKNRNRALF,15.116,26.19,38432.25
HLA-B*51:03,KNRNRALFT,68.636,75.504,45775.3
HLA-B*51:03,NRNRALFTA,22.29,24.262,37883.98
HLA-B*51:03,RNRALFTAQ,69.091,75.36,45762.4
HLA-B*51:03,NRALFTAQI,7.739,6.962,28631.33
HLA-B*51:03,RALFTAQIM,4.475,4.331,24940.02
HLA-B*51:03,ALFTAQIMY,17.0,31.234,39697.19
HLA-B*51:03,LFTAQIMYQ,58.25,69.085,45167.7
HLA-B*51:03,FTAQIMYQQ,24.429,35.258,40555.05
HLA-B*51:03,TAQIMYQQT,6.932,11.118,32179.62
HLA-B*51:03,AQIMYQQTL,4.42,10.864,32002.88
HLA-B*51:03,QIMYQQTLL,8.125,11.372,32347.18
HLA-B*51:03,IMYQQTLLT,9.427,7.452,29176.4
HLA-B*51:03,MYQQTLLTF,3.037,4.619,25451.14
HLA-B*51:03,YQQTLLTFA,13.353,14.094,33952.66
HLA-B*51:03,QQTLLTFAG,60.714,35.333,40569.96
HLA-B*51:03,QTLLTFAGA,18.195,10.569,31788.91
HLA-B*51:03,TLLTFAGAE,58.25,66.905,44951.73
HLA-B*51:03,LLTFAGAED,88.333,70.877,45341.02
HLA-B*51:03,LTFAGAEDA,26.3,15.652,34701.4
HLA-B*51:03,TFAGAEDAD,91.667,94.726,47649.13
HLA-B*51:03,FAGAEDADD,97.5,80.674,46240.71
HLA-B*51:03,AGAEDADDM,25.179,60.053,44221.84
HLA-B*51:03,GAEDADDMN,95.0,96.305,48274.95
HLA-B*51:03,AEDADDMNI,10.919,24.28,37889.3
HLA-B*51:03,EDADDMNIE,68.182,93.5,47511.14
HLA-B*51:03,DADDMNIEI,0.141,0.571,11039.07
HLA-B*51:03,ADDMNIEIV,15.429,31.023,39649.11
HLA-B*51:03,DDMNIEIVA,9.001,8.864,30478.72
HLA-B*51:03,DMNIEIVAD,47.625,46.696,42505.78
HLA-B*51:03,MNIEIVADA,10.184,8.622,30268.07
HLA-B*51:03,NIEIVADAG,78.333,65.837,44846.3
HLA-B*51:03,IEIVADAGE,69.545,81.522,46318.34
HLA-B*51:03,EIVADAGEA,31.265,31.386,39732.0
HLA-B*51:03,IVADAGEAL,7.854,19.471,36287.2
HLA-B*51:03,VADAGEALQ,38.722,68.642,45123.73
HLA-B*51:03,ADAGEALQA,29.386,52.677,43322.49
HLA-B*51:03,DAGEALQAP,2.937,6.749,28375.05
HLA-B*51:03,AGEALQAPF,28.714,31.904,39850.4
HLA-B*51:03,GEALQAPFD,79.167,77.918,45991.75
HLA-B*51:03,EALQAPFDS,19.919,21.141,36890.12
HLA-B*51:03,ALQAPFDSV,12.523,19.181,36179.02
HLA-B*51:03,LQAPFDSVD,70.0,52.385,43284.99
HLA-B*51:03,QAPFDSVDY,19.135,42.706,41892.13
HLA-B*51:03,APFDSVDYY,1.067,5.056,26129.74
HLA-B*51:03,PFDSVDYYR,70.0,95.208,47774.55
HLA-B*51:03,FDSVDYYRH,51.111,71.566,45405.84
HLA-B*51:03,DSVDYYRHE,14.041,25.613,38273.31
HLA-B*51:03,SVDYYRHEK,38.833,58.536,44041.34
HLA-B*51:03,VDYYRHEKV,3.457,6.881,28533.91
HLA-B*51:03,DYYRHEKVE,41.75,64.934,44756.61
HLA-B*51:03,YYRHEKVES,66.364,80.455,46220.71
HLA-B*51:03,YRHEKVEST,13.338,55.796,43716.12
HLA-B*51:03,RHEKVESTQ,76.667,95.298,47815.42
HLA-B*51:03,HEKVESTQY,10.552,53.344,43408.35
HLA-B*51:03,EKVESTQYL,3.094,16.528,35100.91
HLA-B*51:03,KVESTQYLE,68.182,89.374,47058.88
HLA-B*51:03,VESTQYLEP,25.179,35.115,40526.53
HLA-B*51:03,ESTQYLEPI,3.425,1.934,18982.4
HLA-B*51:03,STQYLEPIL,10.409,15.495,34627.88
HLA-B*51:03,TQYLEPILF,1.866,4.371,25016.76
HLA-B*51:03,QYLEPILFT,20.951,37.878,41063.25
HLA-B*51:03,YLEPILFTN,38.944,38.516,41181.16
HLA-B*51:03,LEPILFTNG,50.741,49.653,42931.92
HLA-B*51:03,EPILFTNGN,16.698,9.459,30984.46
HLA-B*51:03,PILFTNGNS,95.0,91.679,47307.0
HLA-B*51:03,ILFTNGNSF,3.073,4.496,25259.39
HLA-B*51:03,LFTNGNSFQ,83.75,90.256,47148.07
HLA-B*51:03,FTNGNSFQE,37.526,42.03,41779.87
HLA-B*51:03,TNGNSFQEG,75.0,79.169,46104.34
HLA-B*51:03,NGNSFQEGS,57.25,59.824,44195.04
HLA-B*51:03,GNSFQEGST,86.667,91.885,47330.04
HLA-B*51:03,NSFQEGSTP,7.074,8.03,29738.3
HLA-B*51:03,SFQEGSTPG,65.0,63.849,44637.16
HLA-B*51:03,FQEGSTPGD,70.714,75.509,45775.77
HLA-B*51:03,QEGSTPGDY,38.167,67.101,44971.18
HLA-B*51:03,EGSTPGDYG,42.846,51.007,43108.34
HLA-B*51:03,GSTPGDYGL,18.732,52.586,43310.76
HLA-B*51:03,STPGDYGLL,7.443,15.196,34488.02
HLA-B*51:03,TPGDYGLLV,0.134,0.177,5606.69
HLA-B*51:03,PGDYGLLVF,19.568,47.458,42618.59
HLA-B*51:03,GDYGLLVFK,50.37,66.939,44955.12
HLA-B*51:03,DYGLLVFKS,27.519,39.949,41435.49
HLA-B*51:03,YGLLVFKSI,0.952,0.433,9567.6
HLA-B*51:03,GLLVFKSII,24.065,24.026,37814.75
HLA-B*51:03,LLVFKSIIQ,67.727,76.196,45837.25
HLA-B*51:03,LVFKSIIQR,8.31,30.505,39527.89
HLA-B*51:03,VFKSIIQRE,56.5,82.541,46411.64
HLA-B*51:03,FKSIIQREP,32.29,40.234,41483.94
HLA-B*51:03,KSIIQREPE,70.0,82.809,46436.28
HLA-B*51:03,SIIQREPEV,2.538,6.444,28005.38
HLA-B*51:03,IIQREPEVE,59.25,88.374,46962.26
HLA-B*51:03,IQREPEVED,54.074,79.181,46105.35
HLA-B*51:03,QREPEVEDD,95.0,97.641,48891.55
HLA-B*51:03,REPEVEDDE,82.5,97.038,48612.49
HLA-B*51:03,EPEVEDDEI,3.185,6.534,28117.12
HLA-B*51:03,PEVEDDEIG,97.5,96.844,48522.66
HLA-B*51:03,EVEDDEIGW,18.72,44.681,42201.94
HLA-B*51:03,VEDDEIGWG,72.143,76.667,45879.42
HLA-B*51:03,EDDEIGWGN,59.25,73.184,45558.39
HLA-B*51:03,DDEIGWGNI,17.876,16.985,35305.83
HLA-B*51:03,DEIGWGNIT,20.61,21.591,37039.31
HLA-B*51:03,EIGWGNITQ,58.75,82.481,46406.13
HLA-B*51:03,IGWGNITQA,4.271,7.158,28850.57
HLA-B*51:03,GWGNITQAE,90.0,96.824,48513.71
HLA-B*51:03,WGNITQAEN,85.0,54.023,43495.78
HLA-B*51:03,GNITQAENI,16.742,24.33,37904.07
HLA-B*51:03,NITQAENIG,67.273,78.527,46046.51
HLA-B*51:03,ITQAENIGS,59.25,68.573,45116.89
HLA-B*51:03,TQAENIGSK,32.581,54.803,43596.63
HLA-B*51:03,QAENIGSKV,1.538,5.098,26190.31
HLA-B*51:03,AENIGSKVT,41.167,70.569,45312.09
HLA-B*51:03,ENIGSKVTL,2.135,10.232,31546.01
HLA-B*51:03,NIGSKVTLC,17.922,46.147,42425.38
HLA-B*51:03,IGSKVTLCK,40.438,48.679,42796.02
HLA-B*51:03,GSKVTLCKQ,64.286,89.963,47115.94
HLA-B*51:03,SKVTLCKQS,66.818,83.122,46464.91
HLA-B*51:03,KVTLCKQSP,56.0,66.398,44901.63
HLA-B*51:03,VTLCKQSPS,67.727,40.34,41501.89
HLA-B*51:03,TLCKQSPSS,42.308,63.054,44549.82
HLA-B*51:03,LCKQSPSSH,34.808,81.325,46300.3
HLA-B*51:03,CKQSPSSHH,55.0,87.047,46834.38
HLA-B*51:03,KQSPSSHHD,68.636,87.521,46880.01
HLA-B*51:03,QSPSSHHDK,32.129,66.609,44922.54
HLA-B*51:03,SPSSHHDKD,34.885,42.409,41842.75
HLA-B*51:03,PSSHHDKDH,93.333,97.304,48735.22
HLA-B*51:03,SSHHDKDHF,12.942,33.556,40205.08
HLA-B*51:03,SHHDKDHFT,34.462,61.353,44363.69
HLA-B*51:03,HHDKDHFTE,43.0,68.72,45131.53
HLA-B*51:03,HDKDHFTEY,10.336,42.071,41786.66
HLA-B*51:03,DKDHFTEYI,1.693,5.711,27051.45
HLA-B*51:03,KDHFTEYIL,27.204,41.006,41614.3
HLA-B*51:03,DHFTEYILA,7.97,7.295,29001.73
HLA-B*51:03,HFTEYILAP,21.105,32.526,39986.87
HLA-B*51:03,FTEYILAPL,15.72,5.874,27271.29
HLA-B*51:03,TEYILAPLG,37.368,17.701,35604.66
HLA-B*51:03,EYILAPLGD,61.786,61.889,44422.27
HLA-B*51:03,YILAPLGDD,80.0,64.772,44738.7
HLA-B*51:03,ILAPLGDDR,57.0,85.242,46660.88
HLA-B*51:03,LAPLGDDRG,81.25,70.746,45328.77
HLA-B*51:03,APLGDDRGK,48.625,78.389,46034.07
HLA-B*51:03,PLGDDRGKQ,97.5,98.236,49168.99
HLA-B*51:03,LGDDRGKQE,45.7,90.462,47171.03
HLA-B*51:03,GDDRGKQEE,86.667,97.505,48828.63
HLA-B*51:03,DDRGKQEER,39.118,86.742,46805.0
HLA-B*51:03,DRGKQEERR,66.818,96.929,48562.04
HLA-B*51:03,RGKQEERRF,19.777,62.821,44524.29
HLA-B*51:03,GKQEERRFD,97.5,97.099,48640.4
HLA-B*51:03,KQEERRFDD,97.5,96.554,48389.47
HLA-B*51:03,QEERRFDDL,32.71,56.904,43847.36
HLA-B*51:03,EERRFDDLP,41.917,39.452,41349.05
HLA-B*51:03,ERRFDDLPT,52.963,58.696,44060.4
HLA-B*51:03,RRFDDLPTT,30.595,62.127,44448.23
HLA-B*51:03,RFDDLPTTG,41.25,68.898,45149.11
HLA-B*51:03,FDDLPTTGG,54.815,60.281,44246.71
HLA-B*51:03,DDLPTTGGS,50.926,57.704,43942.33
HLA-B*51:03,DLPTTGGSQ,56.0,84.266,46570.09
HLA-B*51:03,LPTTGGSQT,5.74,9.826,31254.16
HLA-B*51:03,PTTGGSQTP,39.0,75.653,45788.68
HLA-B*51:03,TTGGSQTPA,30.243,38.383,41156.68
HLA-B*51:03,TGGSQTPAT,30.486,55.8,43716.59
HLA-B*51:03,GGSQTPATS,57.5,80.345,46210.72
HLA-B*51:03,GSQTPATSA,12.377,34.163,40330.57
HLA-B*51:03,SQTPATSAK,29.659,63.361,44583.59
HLA-B*51:03,QTPATSAKT,14.908,47.341,42601.06
HLA-B*51:03,TPATSAKTR,10.963,37.187,40932.4
HLA-B*51:03,PATSAKTRC,27.981,68.524,45112.0
HLA-B*51:03,ATSAKTRCQ,82.5,95.787,48037.87
HLA-B*51:03,TSAKTRCQH,45.2,73.069,45547.52
HLA-B*51:03,SAKTRCQHI,1.273,2.464,20720.88
HLA-B*51:03,AKTRCQHIG,95.0,92.438,47392.04
HLA-B*51:03,KTRCQHIGA,33.821,37.82,41052.16
HLA-B*51:03,TRCQHIGAR,66.818,91.953,47337.73
HLA-B*51:03,RCQHIGARA,32.226,53.541,43433.72
HLA-B*51:03,CQHIGARAE,64.286,67.313,44992.1
HLA-B*51:03,QHIGARAEL,7.282,24.972,38093.59
HLA-B*51:03,HIGARAELK,52.593,75.155,45744.11
HLA-B*51:03,IGARAELKE,67.727,77.027,45911.68
HLA-B*51:03,GARAELKEV,7.172,14.715,34256.34
HLA-B*51:03,ARAELKEVL,22.68,57.708,43942.81
HLA-B*51:03,RAELKEVLQ,57.75,86.026,46736.17
HLA-B*51:03,AELKEVLQS,43.727,62.702,44511.28
HLA-B*51:03,ELKEVLQSI,0.527,1.848,18603.2
HLA-B*51:03,LKEVLQSIE,77.5,92.013,47344.39
HLA-B*51:03,KEVLQSIER,53.889,87.326,46861.24
HLA-B*51:03,EVLQSIERR,17.399,54.344,43537.23
HLA-B*51:03,VLQSIERRT,43.727,62.395,44477.59
HLA-B*51:03,LQSIERRTH,64.286,85.937,46727.58
HLA-B*51:03,QSIERRTHT,14.497,43.875,42074.73
HLA-B*51:03,SIERRTHTS,45.0,61.718,44403.54
HLA-B*51:03,IERRTHTSV,3.921,8.297,29978.66
HLA-B*51:03,ERRTHTSVS,51.481,73.867,45622.99
HLA-B*51:03,RRTHTSVSE,77.5,95.588,47947.0
HLA-B*51:03,RTHTSVSEF,8.164,21.269,36932.47
HLA-B*51:03,THTSVSEFL,7.022,14.823,34309.02
HLA-B*51:03,HTSVSEFLF,7.82,7.197,28894.29
HLA-B*51:03,TSVSEFLFF,3.793,3.721,23755.82
HLA-B*51:03,SVSEFLFFG,46.222,26.358,38476.76
HLA-B*51:03,VSEFLFFGD,93.333,49.532,42915.2
HLA-B*51:03,SEFLFFGDQ,57.75,51.492,43170.41
HLA-B*51:03,EFLFFGDQG,60.357,48.799,42813.16
HLA-B*51:03,FLFFGDQGP,36.667,25.102,38130.29
HLA-B*51:03,LFFGDQGPH,68.636,64.025,44656.48
HLA-B*51:03,FFGDQGPHN,71.429,78.101,46008.16
HLA-B*51:03,FGDQGPHNA,5.762,18.953,36093.77
HLA-B*51:03,GDQGPHNAL,14.822,53.166,43385.35
HLA-B*51:03,DQGPHNALN,43.545,48.357,42750.2
HLA-B*51:03,QGPHNALNC,19.865,41.042,41620.15
HLA-B*51:03,GPHNALNCE,37.737,62.851,44527.68
HLA-B*51:03,PHNALNCEF,41.333,49.892,42964.91
HLA-B*51:03,HNALNCEFG,82.5,54.956,43616.43
HLA-B*51:03,NALNCEFGF,14.341,5.895,27299.62
HLA-B*51:03,ALNCEFGFR,86.667,84.644,46604.88
HLA-B*51:03,LNCEFGFRL,11.917,11.53,32451.99
HLA-B*51:03,NCEFGFRLS,60.0,67.628,45023.27
HLA-B*51:03,CEFGFRLSP,22.08,9.68,31148.82
HLA-B*51:03,EFGFRLSPK,54.074,68.883,45147.66
HLA-B*51:03,FGFRLSPKI,0.855,0.307,7880.44
HLA-B*51:03,GFRLSPKIA,48.25,77.065,45915.18
HLA-B*51:03,FRLSPKIAE,46.889,77.58,45961.39
HLA-B*51:03,RLSPKIAES,44.364,68.41,45100.78
HLA-B*51:03,LSPKIAESR,29.045,58.62,44051.34
HLA-B*51:03,SPKIAESRK,28.694,52.619,43314.98
HLA-B*51:03,PKIAESRKV,34.846,57.676,43939.01
HLA-B*51:03,KIAESRKVR,67.273,95.057,47705.86
HLA-B*51:03,IAESRKVRI,1.198,3.946,24204.15
HLA-B*51:03,AESRKVRIV,11.353,23.332,37595.69
HLA-B*51:03,ESRKVRIVV,1.435,2.781,21559.76
HLA-B*51:03,SRKVRIVVI,6.796,17.593,35559.61
HLA-B*51:03,RKVRIVVID,90.0,84.096,46554.48
HLA-B*51:03,KVRIVVIDL,19.189,35.914,40685.59
HLA-B*51:03,VRIVVIDLK,56.75,69.646,45223.43
HLA-B*51:03,RIVVIDLKP,42.154,49.337,42888.28
HLA-B*51:03,IVVIDLKPE,65.909,78.145,46012.14
HLA-B*51:03,VVIDLKPER,19.412,50.806,43082.69
HLA-B*51:03,VIDLKPERQ,49.429,95.422,47871.86
HLA-B*51:03,IDLKPERQA,23.874,47.17,42575.74
HLA-B*51:03,DLKPERQAM,3.246,14.29,34048.31
HLA-B*51:03,LKPERQAME,66.364,90.915,47221.59
HLA-B*51:03,KPERQAMEL,1.594,6.931,28594.17
HLA-B*51:03,PERQAMELR,66.818,93.426,47502.93
HLA-B*51:03,ERQAMELRS,57.75,69.218,45180.89
HLA-B*51:03,RQAMELRSI,9.333,12.322,32955.5
HLA-B*51:03,QAMELRSIG,25.254,14.044,33928.41
HLA-B*51:03,AMELRSIGV,19.689,29.982,39405.34
HLA-B*51:03,MELRSIGVI,4.803,1.668,17827.2
HLA-B*51:03,ELRSIGVIN,47.5,50.201,43005.38
HLA-B*51:03,LRSIGVINV,18.579,24.269,37886.03
HLA-B*51:03,RSIGVINVT,17.389,30.495,39525.32
HLA-B*51:03,SIGVINVTA,22.09,27.291,38726.95
HLA-B*51:03,IGVINVTAF,5.409,7.358,29072.1
HLA-B*51:03,GVINVTAFS,62.5,61.309,44358.89
HLA-B*51:03,VINVTAFSK,41.0,49.859,42960.28
HLA-B*51:03,INVTAFSKN,72.143,58.548,44042.76
HLA-B*51:03,NVTAFSKNN,74.286,68.361,45095.92
HLA-B*51:03,VTAFSKNNG,62.143,60.501,44270.66
HLA-B*51:03,TAFSKNNGW,2.121,3.759,23831.26
HLA-B*51:03,AFSKNNGWL,55.0,65.128,44776.48
HLA-B*51:03,FSKNNGWLV,2.34,1.553,17331.37
HLA-B*51:03,SKNNGWLVA,24.532,38.513,41180.73
HLA-B*51:03,KNNGWLVAR,55.0,80.789,46251.24
HLA-B*51:03,NNGWLVARK,58.25,66.565,44918.17
HLA-B*51:03,NGWLVARKY,6.767,9.84,31263.96
HLA-B*51:03,GWLVARKYR,88.333,96.411,48323.55
HLA-B*51:03,WLVARKYRN,88.333,69.769,45235.68
HLA-B*51:03,LVARKYRNR,37.895,65.797,44842.42
HLA-B*51:03,VARKYRNRV,3.715,5.836,27220.28
HLA-B*51:03,ARKYRNRVN,95.0,96.772,48489.59
HLA-B*51:03,RKYRNRVNE,77.5,90.055,47125.64
HLA-B*51:03,KYRNRVNEL,27.537,59.556,44163.02
HLA-B*51:03,YRNRVNELY,24.545,38.668,41209.24
HLA-B*51:03,RNRVNELYP,44.909,51.543,43176.95
HLA-B*51:03,NRVNELYPG,83.75,68.469,45106.65
HLA-B*51:03,RVNELYPGF,10.667,21.49,37005.67
HLA-B*51:03,VNELYPGFF,30.27,29.3,39241.97
HLA-B*51:03,NELYPGFFK,28.163,33.964,40289.57
HLA-B*51:03,ELYPGFFKH,7.022,20.909,36810.77
HLA-B*51:03,LYPGFFKHV,7.79,17.216,35402.62
HLA-B*51:03,YPGFFKHVA,0.759,0.54,10753.78
HLA-B*51:03,PGFFKHVAV,5.278,7.22,28918.69
HLA-B*51:03,GFFKHVAVT,52.963,63.937,44646.84
HLA-B*51:03,FFKHVAVTA,13.677,18.82,36042.66
HLA-B*51:03,FKHVAVTAM,8.723,18.125,35777.68
HLA-B*51:03,KHVAVTAMT,51.481,60.25,44243.38
HLA-B*51:03,HVAVTAMTV,1.247,1.833,18540.11
HLA-B*51:03,VAVTAMTVE,33.25,47.644,42646.28
HLA-B*51:03,AVTAMTVEE,69.091,83.521,46501.64
HLA-B*51:03,VTAMTVEEQ,51.296,72.51,45494.83
HLA-B*51:03,TAMTVEEQD,39.588,31.448,39746.19
HLA-B*51:03,AMTVEEQDK,91.667,96.468,48349.7
HLA-B*51:03,MTVEEQDKD,69.545,65.32,44795.37
HLA-B*51:03,TVEEQDKDG,91.667,96.048,48157.04
HLA-B*51:03,VEEQDKDGA,54.815,77.907,45990.75
HLA-B*51:03,EEQDKDGAM,7.438,33.611,40216.42
HLA-B*51:03,EQDKDGAMA,15.366,32.48,39976.94
HLA-B*51:03,QDKDGAMAQ,44.182,94.122,47581.12
HLA-B*51:03,DKDGAMAQQ,52.778,91.546,47292.14
HLA-B*51:03,KDGAMAQQS,80.0,92.992,47454.12
HLA-B*51:03,DGAMAQQSA,3.707,4.751,25657.13
HLA-B*51:03,GAMAQQSAG,53.333,47.774,42665.65
HLA-B*51:03,AMAQQSAGN,91.667,90.334,47156.74
HLA-B*51:03,MAQQSAGNE,40.0,36.432,40786.52
HLA-B*51:03,AQQSAGNEA,26.283,48.786,42811.32
HLA-B*51:03,QQSAGNEAL,16.627,39.121,41291.36
HLA-B*51:03,QSAGNEALP,32.387,39.131,41293.15
HLA-B*51:03,SAGNEALPD,79.167,59.972,44212.74
HLA-B*51:03,AGNEALPDI,6.212,12.74,33204.27
HLA-B*51:03,GNEALPDIT,85.0,95.551,47930.39
HLA-B*51:03,NEALPDITL,2.885,9.073,30658.65
HLA-B*51:03,EALPDITLD,17.611,18.274,35834.23
HLA-B*51:03,ALPDITLDN,79.167,89.126,47034.97
HLA-B*51:03,LPDITLDNE,30.27,37.663,41022.41
HLA-B*51:03,PDITLDNEK,86.667,96.083,48173.2
HLA-B*51:03,DITLDNEKD,71.429,87.647,46892.17
HLA-B*51:03,ITLDNEKDN,81.25,92.96,47450.54
HLA-B*51:03,TLDNEKDNV,25.866,47.232,42584.94
HLA-B*51:03,LDNEKDNVV,9.702,18.668,35984.6
HLA-B*51:03,DNEKDNVVG,70.714,77.187,45926.11
HLA-B*51:03,NEKDNVVGG,39.706,64.253,44681.63
HLA-B*51:03,EKDNVVGGE,72.143,94.954,47674.89
HLA-B*51:03,KDNVVGGEY,36.905,69.636,45222.46
HLA-B*51:03,DNVVGGEYI,1.195,1.603,17530.52
HLA-B*51:03,NVVGGEYIN,66.364,74.259,45660.05
HLA-B*51:03,VVGGEYINQ,77.5,94.607,47635.71
HLA-B*51:03,VGGEYINQA,11.536,21.648,37058.16
HLA-B*51:03,GGEYINQAE,80.0,95.524,47917.97
HLA-B*51:03,GEYINQAEH,38.944,71.451,45395.0
HLA-B*51:03,EYINQAEHT,31.735,56.016,43742.14
HLA-B*51:03,YINQAEHTI,1.327,2.511,20864.85
HLA-B*51:03,INQAEHTIT,47.75,60.738,44296.54
HLA-B*51:03,NQAEHTITS,12.87,24.433,37934.41
HLA-B*51:03,QAEHTITST,7.133,34.873,40477.45
HLA-B*51:03,AEHTITSTM,4.443,16.459,35070.16
HLA-B*51:03,EHTITSTMY,8.046,31.527,39764.24
HLA-B*51:03,HTITSTMYP,13.291,12.283,32932.35
HLA-B*51:03,TITSTMYPI,12.468,3.43,23155.16
HLA-B*51:03,ITSTMYPIM,9.6,3.949,24209.91
HLA-B*51:03,TSTMYPIMD,51.852,40.218,41481.24
HLA-B*51:03,STMYPIMDV,2.989,2.378,20441.63
HLA-B*51:03,TMYPIMDVS,31.029,24.992,38099.37
HLA-B*51:03,MYPIMDVSL,6.458,12.62,33132.49
HLA-B*51:03,YPIMDVSLE,5.497,5.466,26721.28
HLA-B*51:03,PIMDVSLEL,10.531,16.042,34883.96
HLA-B*51:03,IMDVSLELK,41.75,59.34,44137.22
HLA-B*51:03,MDVSLELKG,51.481,37.419,40976.27
HLA-B*51:03,DVSLELKGA,9.348,16.756,35202.84
HLA-B*51:03,VSLELKGAD,68.182,58.736,44065.18
HLA-B*51:03,SLELKGADF,35.042,50.357,43025.38
HLA-B*51:03,LELKGADFA,36.0,26.802,38594.76
HLA-B*51:03,ELKGADFAN,56.0,61.511,44380.98
HLA-B*51:03,LKGADFANF,38.889,33.916,40279.54
HLA-B*51:03,KGADFANFA,29.477,30.932,39628.1
HLA-B*51:03,GADFANFAG,65.909,52.363,43282.2
HLA-B*51:03,ADFANFAGF,16.213,19.795,36408.35
HLA-B*51:03,DFANFAGFL,10.958,8.165,29859.53
HLA-B*51:03,FANFAGFLR,19.365,12.874,33284.48
HLA-B*51:03,ANFAGFLRH,33.643,55.616,43694.84
HLA-B*51:03,NFAGFLRHH,38.556,72.124,45458.43
HLA-B*51:03,FAGFLRHHV,1.394,0.852,13344.89
HLA-B*51:03,AGFLRHHVM,3.746,5.545,26830.21
HLA-B*51:03,GFLRHHVMI,22.27,35.174,40538.37
HLA-B*51:03,FLRHHVMIH,30.432,37.482,40988.24
HLA-B*51:03,LRHHVMIHN,72.143,73.304,45569.71
HLA-B*51:03,RHHVMIHNE,59.0,67.219,44982.84
HLA-B*51:03,HHVMIHNEV,4.289,5.921,27334.8
HLA-B*51:03,HVMIHNEVK,33.929,47.889,42682.74
HLA-B*51:03,VMIHNEVKG,57.75,55.184,43643.83
HLA-B*51:03,MIHNEVKGV,5.443,8.562,30215.4
HLA-B*51:03,IHNEVKGVG,60.714,54.643,43575.88
HLA-B*51:03,HNEVKGVGF,25.985,57.204,43882.94
HLA-B*51:03,NEVKGVGFT,25.433,42.112,41793.45
HLA-B*51:03,EVKGVGFTN,29.023,40.984,41610.7
HLA-B*51:03,VKGVGFTNE,71.429,93.326,47491.63
HLA-B*51:03,KGVGFTNEI,5.889,9.16,30732.37
HLA-B*51:03,GVGFTNEIT,88.333,91.002,47231.3
HLA-B*51:03,VGFTNEITS,16.933,28.605,39071.64
HLA-B*51:03,GFTNEITST,70.714,95.224,47781.79
HLA-B*51:03,FTNEITSTD,28.592,21.718,37081.42
HLA-B*51:03,TNEITSTDF,30.514,48.792,42812.25
HLA-B*51:03,NEITSTDFI,3.664,2.978,22080.54
HLA-B*51:03,EITSTDFIL,10.101,11.286,32289.84
HLA-B*51:03,ITSTDFILR,27.019,47.353,42602.93
HLA-B*51:03,TSTDFILRL,1.104,4.214,24716.51
HLA-B*51:03,STDFILRLQ,41.417,64.565,44715.96
HLA-B*51:03,TDFILRLQL,5.539,8.171,29865.02
HLA-B*51:03,DFILRLQLK,29.114,42.866,41918.89
HLA-B*51:03,FILRLQLKN,45.5,32.486,39978.23
HLA-B*51:03,ILRLQLKNI,6.836,9.413,30945.93
HLA-B*51:03,LRLQLKNIS,70.714,74.008,45636.32
HLA-B*51:03,RLQLKNISN,82.5,83.598,46508.66
HLA-B*51:03,LQLKNISNR,38.111,58.884,44082.8
HLA-B*51:03,QLKNISNRF,12.977,32.349,39948.38
HLA-B*51:03,LKNISNRFQ,75.0,91.606,47298.82
HLA-B*51:03,KNISNRFQA,30.568,43.658,42041.53
HLA-B*51:03,NISNRFQAG,44.0,46.934,42540.75
HLA-B*51:03,ISNRFQAGD,88.333,54.843,43601.8
HLA-B*51:03,SNRFQAGDE,95.0,95.05,47702.75
HLA-B*51:03,NRFQAGDEG,60.357,61.507,44380.49
HLA-B*51:03,RFQAGDEGH,81.25,96.027,48147.66
HLA-B*51:03,FQAGDEGHL,14.873,28.893,39143.57
HLA-B*51:03,QAGDEGHLK,34.808,67.746,45034.95
HLA-B*51:03,AGDEGHLKK,43.182,85.289,46665.43
HLA-B*51:03,GDEGHLKKQ,90.0,97.769,48951.34
HLA-B*51:03,DEGHLKKQA,15.354,41.603,41710.76
HLA-B*51:03,EGHLKKQAI,1.612,4.981,26020.56
HLA-B*51:03,GHLKKQAIR,79.167,95.265,47800.41
HLA-B*51:03,HLKKQAIRW,6.87,24.964,38091.11
HLA-B*51:03,LKKQAIRWG,86.667,85.553,46690.68
HLA-B*51:03,KKQAIRWGE,91.667,95.63,47966.2
HLA-B*51:03,KQAIRWGEK,60.0,85.947,46728.58
HLA-B*51:03,QAIRWGEKE,36.143,48.013,42701.21
HLA-B*51:03,AIRWGEKET,66.364,86.905,46820.7
HLA-B*51:03,IRWGEKETD,85.0,89.153,47037.52
HLA-B*51:03,RWGEKETDA,77.5,95.605,47954.79
HLA-B*51:03,WGEKETDAE,85.0,95.033,47695.04
HLA-B*51:03,GEKETDAEF,13.721,49.32,42885.95
HLA-B*51:03,EKETDAEFQ,85.0,96.682,48448.14
HLA-B*51:03,KETDAEFQN,80.0,94.844,47662.53
HLA-B*51:03,ETDAEFQNC,14.382,37.513,40994.0
HLA-B*51:03,TDAEFQNCS,46.556,56.78,43832.65
HLA-B*51:03,DAEFQNCSR,22.53,45.821,42376.73
HLA-B*51:03,AEFQNCSRN,55.0,61.085,44334.41
HLA-B*51:03,EFQNCSRNV,18.811,18.391,35878.84
HLA-B*51:03,FQNCSRNVK,57.25,51.233,43137.26
HLA-B*51:03,QNCSRNVKV,12.819,28.475,39039.1
HLA-B*51:03,NCSRNVKVF,12.002,24.464,37943.45
HLA-B*51:03,CSRNVKVFS,49.143,45.491,42326.77
HLA-B*51:03,SRNVKVFSL,11.912,29.623,39319.31
HLA-B*51:03,RNVKVFSLA,23.724,23.044,37504.68
HLA-B*51:03,NVKVFSLAY,8.144,12.838,33262.87
HLA-B*51:03,VKVFSLAYD,93.333,74.442,45677.34
HLA-B*51:03,KVFSLAYDI,11.648,4.87,25845.2
HLA-B*51:03,VFSLAYDIG,88.333,67.397,45000.37
HLA-B*51:03,FSLAYDIGD,80.0,36.743,40847.01
HLA-B*51:03,SLAYDIGDV,33.429,27.331,38737.84
HLA-B*51:03,LAYDIGDVV,0.254,0.21,6259.0
HLA-B*51:03,AYDIGDVVD,90.0,95.251,47793.69
HLA-B*51:03,YDIGDVVDS,62.857,69.085,45167.7
HLA-B*51:03,DIGDVVDSH,27.63,67.953,45055.43
HLA-B*51:03,IGDVVDSHE,69.545,86.189,46751.85
HLA-B*51:03,GDVVDSHEI,17.969,28.686,39091.93
HLA-B*51:03,DVVDSHEIL,1.15,4.395,25063.37
HLA-B*51:03,VVDSHEILF,4.873,15.462,34612.16
HLA-B*51:03,VDSHEILFL,11.844,24.522,37960.7
HLA-B*51:03,DSHEILFLG,8.232,4.729,25622.45
HLA-B*51:03,SHEILFLGT,45.4,42.61,41876.28
HLA-B*51:03,HEILFLGTT,21.904,22.771,37418.34
HLA-B*51:03,EILFLGTTE,25.896,47.418,42612.6
HLA-B*51:03,ILFLGTTEG,38.222,28.537,39054.73
HLA-B*51:03,LFLGTTEGL,23.057,30.81,39599.38
HLA-B*51:03,FLGTTEGLR,71.429,78.112,46009.17
HLA-B*51:03,LGTTEGLRR,65.0,82.963,46450.32
HLA-B*51:03,GTTEGLRRK,51.296,89.8,47100.14
HLA-B*51:03,TTEGLRRKS,46.556,77.918,45991.75
HLA-B*51:03,TEGLRRKSE,58.75,92.141,47358.71
HLA-B*51:03,EGLRRKSED,66.364,84.064,46551.45
HLA-B*51:03,GLRRKSEDV,35.958,62.557,44495.41
HLA-B*51:03,LRRKSEDVE,77.5,95.642,47971.93
HLA-B*51:03,RRKSEDVEL,32.129,72.484,45492.36
HLA-B*51:03,RKSEDVELK,65.909,95.118,47733.74
HLA-B*51:03,KSEDVELKG,53.704,84.562,46597.31
HLA-B*51:03,SEDVELKGV,7.223,20.437,36641.5
HLA-B*51:03,EDVELKGVK,50.926,75.061,45735.7
HLA-B*51:03,DVELKGVKM,4.357,16.418,35051.58
HLA-B*51:03,VELKGVKMP,24.714,48.682,42796.49
HLA-B*51:03,ELKGVKMPL,6.659,16.948,35289.42
HLA-B*51:03,LKGVKMPLA,36.667,44.922,42240.33
HLA-B*51:03,KGVKMPLAQ,60.0,83.007,46454.34
HLA-B*51:03,GVKMPLAQY,23.368,58.032,43981.34
HLA-B*51:03,VKMPLAQYA,15.168,18.085,35762.18
HLA-B*51:03,KMPLAQYAP,41.917,53.818,43469.45
HLA-B*51:03,MPLAQYAPL,0.584,0.067,3220.84
HLA-B*51:03,PLAQYAPLL,19.568,25.021,38107.62
HLA-B*51:03,LAQYAPLLA,3.665,1.863,18672.57
HLA-B*51:03,AQYAPLLAI,2.0,3.192,22585.79
HLA-B*51:03,QYAPLLAIK,39.412,64.851,44747.41
HLA-B*51:03,YAPLLAIKL,0.558,1.963,19101.28
HLA-B*51:03,APLLAIKLM,0.889,2.425,20591.47
HLA-B*51:03,PLLAIKLME,80.0,91.034,47234.87
HLA-B*51:03,LLAIKLMEL,8.421,12.218,32893.89
HLA-B*51:03,LAIKLMELI,0.905,0.315,7974.1
HLA-B*51:03,AIKLMELIE,72.143,87.763,46903.33
HLA-B*51:03,IKLMELIEK,50.0,69.71,45229.81
HLA-B*51:03,KLMELIEKT,25.433,47.474,42620.9
HLA-B*51:03,LMELIEKTL,8.63,20.219,36563.48
HLA-B*51:03,MELIEKTLQ,54.444,62.408,44479.03
HLA-B*51:03,ELIEKTLQK,7.618,34.611,40423.19
HLA-B*51:03,LIEKTLQKY,21.395,43.705,42048.8
HLA-B*51:03,IEKTLQKYA,22.9,37.513,40994.0
HLA-B*51:03,EKTLQKYAN,85.0,90.233,47145.52
HLA-B*51:03,KTLQKYANP,27.148,37.679,41025.5
HLA-B*51:03,TLQKYANPV,15.866,9.55,31054.93
HLA-B*51:03,LQKYANPVA,14.764,22.058,37193.51
HLA-B*51:03,QKYANPVAR,38.833,80.093,46187.72
HLA-B*51:03,KYANPVARA,37.579,60.426,44262.53
HLA-B*51:03,YANPVARAN,11.211,12.363,32979.77
HLA-B*51:03,ANPVARANL,24.766,55.184,43643.83
HLA-B*51:03,NPVARANLL,0.235,0.601,11310.26
HLA-B*51:03,PVARANLLH,62.5,84.951,46633.12
HLA-B*51:03,VARANLLHP,12.419,10.48,31724.67
HLA-B*51:03,ARANLLHPC,43.545,65.886,44851.16
HLA-B*51:03,RANLLHPCG,48.875,31.136,39674.87
HLA-B*51:03,ANLLHPCGH,67.273,90.837,47212.91
HLA-B*51:03,NLLHPCGHE,69.091,75.0,45730.24
HLA-B*51:03,LLHPCGHEL,5.896,8.801,30423.38
HLA-B*51:03,LHPCGHELY,24.104,31.281,39707.94
HLA-B*51:03,HPCGHELYT,6.497,8.181,29873.42
HLA-B*51:03,PCGHELYTL,34.154,68.184,45078.36
HLA-B*51:03,CGHELYTLE,48.625,39.463,41350.84
HLA-B*51:03,GHELYTLEL,17.409,28.9,39145.26
HLA-B*51:03,HELYTLELN,72.857,51.98,43233.04
HLA-B*51:03,ELYTLELNF,4.223,4.907,25903.71
HLA-B*51:03,LYTLELNFR,70.0,85.832,46717.46
HLA-B*51:03,YTLELNFRK,13.235,17.881,35680.26
HLA-B*51:03,TLELNFRKS,57.75,65.349,44798.29
HLA-B*51:03,LELNFRKSA,25.776,28.771,39113.09
HLA-B*51:03,ELNFRKSAV,6.856,11.003,32103.82
HLA-B*51:03,LNFRKSAVS,40.188,32.319,39941.92
HLA-B*51:03,NFRKSAVSE,47.25,71.895,45436.8
HLA-B*51:03,FRKSAVSEM,16.796,34.814,40465.21
HLA-B*51:03,RKSAVSEMV,27.13,37.176,40930.18
HLA-B*51:03,KSAVSEMVD,86.667,72.249,45470.22
HLA-B*51:03,SAVSEMVDR,43.545,73.721,45609.19
HLA-B*51:03,AVSEMVDRK,56.75,80.498,46224.73
HLA-B*51:03,VSEMVDRKL,8.854,23.771,37734.24
HLA-B*51:03,SEMVDRKLE,50.741,69.114,45170.64
HLA-B*51:03,EMVDRKLEA,5.454,11.263,32275.17
HLA-B*51:03,MVDRKLEAQ,45.1,71.106,45362.61
HLA-B*51:03,VDRKLEAQK,60.714,86.289,46761.47
HLA-B*51:03,DRKLEAQKA,17.093,42.632,41879.89
HLA-B*51:03,RKLEAQKAV,14.904,30.387,39500.12
HLA-B*51:03,KLEAQKAVY,40.812,73.841,45620.52
HLA-B*51:03,LEAQKAVYD,49.714,56.448,43793.29
HLA-B*51:03,EAQKAVYDA,4.342,6.617,28216.46
HLA-B*51:03,AQKAVYDAF,15.571,36.055,40713.33
HLA-B*51:03,QKAVYDAFR,77.5,90.009,47120.53
HLA-B*51:03,KAVYDAFRK,45.7,61.494,44379.06
HLA-B*51:03,AVYDAFRKV,0.771,2.226,19955.4
HLA-B*51:03,VYDAFRKVS,64.286,74.327,45666.47
HLA-B*51:03,YDAFRKVSQ,50.556,77.442,45948.98
HLA-B*51:03,DAFRKVSQS,1.44,3.156,22501.39
HLA-B*51:03,AFRKVSQSS,58.5,76.069,45825.84
HLA-B*51:03,FRKVSQSSG,54.63,69.857,45244.48
HLA-B*51:03,RKVSQSSGR,83.75,96.321,48282.27
HLA-B*51:03,KVSQSSGRL,24.545,45.315,42300.22
HLA-B*51:03,VSQSSGRLL,4.704,9.503,31021.37
HLA-B*51:03,SQSSGRLLN,61.429,63.484,44597.11
HLA-B*51:03,QSSGRLLNK,36.19,65.236,44787.13
HLA-B*51:03,SSGRLLNKQ,60.714,86.042,46737.68
HLA-B*51:03,SGRLLNKQK,52.778,76.069,45825.84
HLA-B*51:03,GRLLNKQKK,73.571,96.152,48205.02
HLA-B*51:03,RLLNKQKKY,34.615,68.967,45155.96
HLA-B*51:03,LLNKQKKYS,66.364,77.99,45998.22
HLA-B*51:03,LNKQKKYSP,28.204,67.436,45004.26
HLA-B*51:03,NKQKKYSPT,52.037,66.796,44941.0
HLA-B*51:03,KQKKYSPTV,4.598,14.612,34205.61
HLA-B*51:03,QKKYSPTVV,10.772,37.356,40964.3
HLA-B*51:03,KKYSPTVVY,16.716,49.545,42917.05
HLA-B*51:03,KYSPTVVYG,48.5,62.087,44443.9
HLA-B*51:03,YSPTVVYGL,2.339,6.109,27579.88
HLA-B*51:03,SPTVVYGLR,20.512,21.23,36919.68
HLA-B*51:03,PTVVYGLRV,14.51,12.042,32790.12
HLA-B*51:03,TVVYGLRVE,62.5,76.229,45840.23
HLA-B*51:03,VVYGLRVEV,1.162,2.13,19656.03
HLA-B*51:03,VYGLRVEVM,24.078,37.738,41036.62
HLA-B*51:03,YGLRVEVME,42.538,49.919,42968.64
HLA-B*51:03,GLRVEVMET,51.667,67.992,45059.32
HLA-B*51:03,LRVEVMETL,8.135,20.231,36567.84
HLA-B*51:03,RVEVMETLS,75.833,80.411,46216.71
HLA-B*51:03,VEVMETLSA,13.602,16.632,35147.64
HLA-B*51:03,EVMETLSAF,1.135,1.851,18616.28
HLA-B*51:03,VMETLSAFI,13.509,5.708,27048.24
HLA-B*51:03,METLSAFIC,31.971,17.173,35384.61
HLA-B*51:03,ETLSAFICA,4.515,4.171,24635.35
HLA-B*51:03,TLSAFICAD,86.667,53.104,43377.37
HLA-B*51:03,LSAFICADQ,78.333,57.508,43919.04
HLA-B*51:03,SAFICADQQ,43.636,35.287,40560.75
HLA-B*51:03,AFICADQQI,22.54,18.435,35895.55
HLA-B*51:03,FICADQQIH,50.185,70.799,45333.66
HLA-B*51:03,ICADQQIHR,31.059,78.389,46034.07
HLA-B*51:03,CADQQIHRE,29.705,49.219,42872.04
HLA-B*51:03,ADQQIHREC,30.27,63.076,44552.23
HLA-B*51:03,DQQIHRECK,30.351,55.964,43736.0
HLA-B*51:03,QQIHRECKG,67.727,79.612,46144.25
HLA-B*51:03,QIHRECKGK,75.833,93.843,47549.73
HLA-B*51:03,IHRECKGKP,63.571,66.373,44899.23
HLA-B*51:03,HRECKGKPS,85.0,92.662,47417.17
HLA-B*51:03,RECKGKPSD,86.667,94.501,47623.88
HLA-B*51:03,ECKGKPSDA,19.662,61.45,44374.25
HLA-B*51:03,CKGKPSDAL,42.769,49.118,42858.14
HLA-B*51:03,KGKPSDALV,9.042,17.767,35632.41
HLA-B*51:03,GKPSDALVA,38.889,74.676,45699.58
HLA-B*51:03,KPSDALVAL,0.595,3.765,23843.12
HLA-B*51:03,PSDALVALI,10.847,11.446,32395.87
HLA-B*51:03,SDALVALIS,50.0,44.287,42139.44
HLA-B*51:03,DALVALISL,0.093,0.243,6785.73
HLA-B*51:03,ALVALISLS,60.714,63.884,44641.02
HLA-B*51:03,LVALISLSC,15.578,23.064,37511.16
HLA-B*51:03,VALISLSCA,5.967,3.958,24227.73
HLA-B*51:03,ALISLSCAS,60.0,52.706,43326.24
HLA-B*51:03,LISLSCASS,47.25,44.293,42140.34
HLA-B*51:03,ISLSCASSI,4.682,0.819,13066.14
HLA-B*51:03,SLSCASSIT,65.455,46.853,42528.76
HLA-B*51:03,LSCASSITI,4.926,1.793,18361.43
HLA-B*51:03,SCASSITIL,6.696,21.793,37106.3
HLA-B*51:03,CASSITILL,2.151,0.832,13172.03
HLA-B*51:03,ASSITILLV,2.538,3.324,22898.79
HLA-B*51:03,SSITILLVP,9.37,10.488,31730.17
HLA-B*51:03,SITILLVPD,78.333,62.623,44502.61
HLA-B*51:03,ITILLVPDN,69.091,45.658,42351.97
HLA-B*51:03,TILLVPDNM,9.999,14.973,34382.96
HLA-B*51:03,ILLVPDNMR,44.091,75.138,45742.6
HLA-B*51:03,LLVPDNMRK,45.1,61.714,44403.05
HLA-B*51:03,LVPDNMRKN,69.091,80.115,46189.72
HLA-B*51:03,VPDNMRKNG,19.689,32.675,40019.35
HLA-B*51:03,PDNMRKNGI,40.125,72.338,45478.61
HLA-B*51:03,DNMRKNGIQ,65.909,75.399,45765.88
HLA-B*51:03,NMRKNGIQN,62.857,62.592,44499.25
HLA-B*51:03,MRKNGIQNQ,67.273,93.76,47540.47
HLA-B*51:03,RKNGIQNQI,12.192,31.104,39667.55
HLA-B*51:03,KNGIQNQID,97.5,96.262,48255.09
HLA-B*51:03,NGIQNQIDM,7.986,16.883,35260.03
HLA-B*51:03,GIQNQIDMS,86.667,95.721,48007.73
HLA-B*51:03,IQNQIDMSY,7.038,21.619,37048.53
HLA-B*51:03,QNQIDMSYV,12.326,17.731,35617.38
HLA-B*51:03,NQIDMSYVM,3.291,4.285,24851.92
HLA-B*51:03,QIDMSYVMK,45.6,76.739,45885.87
HLA-B*51:03,IDMSYVMKL,2.961,3.874,24059.51
HLA-B*51:03,DMSYVMKLA,9.06,7.467,29192.83
HLA-B*51:03,MSYVMKLAA,2.684,0.751,12507.43
HLA-B*51:03,SYVMKLAAE,59.0,79.424,46127.3
HLA-B*51:03,YVMKLAAEP,15.75,8.08,29782.74
HLA-B*51:03,VMKLAAEPG,75.0,41.425,41681.9
HLA-B*51:03,MKLAAEPGL,23.034,27.307,38731.12
HLA-B*51:03,KLAAEPGLH,62.143,88.1,46935.83
HLA-B*51:03,LAAEPGLHG,10.476,11.845,32661.24
HLA-B*51:03,AAEPGLHGH,29.977,78.937,46083.41
HLA-B*51:03,AEPGLHGHG,70.714,89.142,47036.49
HLA-B*51:03,EPGLHGHGQ,23.77,50.029,42983.5
HLA-B*51:03,PGLHGHGQH,77.5,95.465,47891.0
HLA-B*51:03,GLHGHGQHA,26.967,49.731,42942.61
HLA-B*51:03,LHGHGQHAP,45.5,58.372,44021.8
HLA-B*51:03,HGHGQHAPV,6.414,5.639,26956.21
HLA-B*51:03,GHGQHAPVL,21.43,40.426,41516.27
HLA-B*51:03,HGQHAPVLA,11.312,18.176,35797.02
HLA-B*51:03,GQHAPVLAD,64.286,70.188,45276.3
HLA-B*51:03,QHAPVLADE,65.0,79.673,46149.76
HLA-B*51:03,HAPVLADEP,20.098,27.187,38698.47
HLA-B*51:03,APVLADEPE,48.5,56.504,43799.93
HLA-B*51:03,PVLADEPEI,15.015,25.764,38315.56
HLA-B*51:03,VLADEPEIP,39.882,72.463,45490.4
HLA-B*51:03,LADEPEIPR,21.518,56.888,43845.46
HLA-B*51:03,ADEPEIPRE,72.857,96.405,48320.93
HLA-B*51:03,DEPEIPREK,13.42,58.716,44062.79
HLA-B*51:03,EPEIPREKA,3.635,9.594,31086.55
HLA-B*51:03,PEIPREKAT,49.429,89.879,47107.8
HLA-B*51:03,EIPREKATE,49.429,87.158,46845.02
HLA-B*51:03,IPREKATET,1.474,6.232,27735.49
HLA-B*51:03,PREKATETA,56.75,90.526,47178.18
HLA-B*51:03,REKATETAL,14.64,45.624,42346.95
HLA-B*51:03,EKATETALS,55.0,69.621,45221.0
HLA-B*51:03,KATETALSR,26.867,57.152,43876.77
HLA-B*51:03,ATETALSRG,61.071,79.54,46137.77
HLA-B*51:03,TETALSRGY,17.523,40.862,41589.99
HLA-B*51:03,ETALSRGYQ,43.545,67.854,45045.69
HLA-B*51:03,TALSRGYQG,21.289,19.414,36266.01
HLA-B*51:03,ALSRGYQGV,24.221,41.235,41651.24
HLA-B*51:03,LSRGYQGVE,68.182,69.906,45249.39
HLA-B*51:03,SRGYQGVEL,34.846,59.64,44173.04
HLA-B*51:03,RGYQGVELN,66.364,56.808,43835.96
HLA-B*51:03,GYQGVELNL,33.893,60.958,44320.51
HLA-B*51:03,YQGVELNLD,83.75,70.527,45308.17
HLA-B*51:03,QGVELNLDL,10.661,22.635,37375.46
HLA-B*51:03,GVELNLDLL,33.929,51.393,43157.8
HLA-B*51:03,VELNLDLLS,53.148,43.884,42076.11
HLA-B*51:03,ELNLDLLSI,3.047,3.728,23770.49
HLA-B*51:03,LNLDLLSIE,49.429,61.327,44360.8
HLA-B*51:03,NLDLLSIER,30.189,69.715,45230.28
HLA-B*51:03,LDLLSIERI,5.041,5.852,27241.49
HLA-B*51:03,DLLSIERIV,1.531,2.122,19632.23
HLA-B*51:03,LLSIERIVA,30.622,33.568,40207.7
HLA-B*51:03,LSIERIVAT,5.173,10.766,31931.3
HLA-B*51:03,SIERIVATL,7.877,18.487,35915.37
HLA-B*51:03,IERIVATLE,43.636,56.864,43842.6
HLA-B*51:03,ERIVATLEA,16.92,23.469,37638.82
HLA-B*51:03,RIVATLEAL,18.207,30.821,39601.96
HLA-B*51:03,IVATLEALV,5.214,3.717,23747.86
HLA-B*51:03,VATLEALVN,51.852,32.395,39958.33
HLA-B*51:03,ATLEALVNL,3.513,12.195,32880.36
HLA-B*51:03,TLEALVNLN,68.182,75.017,45731.72
HLA-B*51:03,LEALVNLNA,19.723,13.848,33823.59
HLA-B*51:03,EALVNLNAL,0.558,1.141,15178.48
HLA-B*51:03,ALVNLNALY,23.218,36.123,40726.54
HLA-B*51:03,LVNLNALYE,53.889,49.835,42957.01
HLA-B*51:03,VNLNALYEK,47.125,63.946,44647.79
HLA-B*51:03,NLNALYEKD,76.667,69.301,45189.2
HLA-B*51:03,LNALYEKDE,80.0,91.048,47236.42
HLA-B*51:03,NALYEKDEE,51.111,70.511,45306.71
HLA-B*51:03,ALYEKDEEP,28.796,52.203,43261.6
HLA-B*51:03,LYEKDEEPD,97.5,96.24,48245.2
HLA-B*51:03,YEKDEEPDR,50.556,92.068,47350.52
HLA-B*51:03,EKDEEPDRG,72.857,96.111,48186.24
HLA-B*51:03,KDEEPDRGF,29.205,88.942,47017.17
HLA-B*51:03,DEEPDRGFP,18.39,42.719,41894.4
HLA-B*51:03,EEPDRGFPF,6.743,22.519,37338.67
HLA-B*51:03,EPDRGFPFK,6.496,15.281,34527.61
HLA-B*51:03,PDRGFPFKG,78.333,91.382,47273.72
HLA-B*51:03,DRGFPFKGF,15.377,38.557,41188.75
HLA-B*51:03,RGFPFKGFK,31.059,40.197,41477.65
HLA-B*51:03,GFPFKGFKT,60.357,90.348,47158.29
HLA-B*51:03,FPFKGFKTL,0.01,0.027,1969.09
HLA-B*51:03,PFKGFKTLR,88.333,96.299,48272.34
HLA-B*51:03,FKGFKTLRF,15.451,25.047,38115.05
HLA-B*51:03,KGFKTLRFP,34.231,36.211,40743.72
HLA-B*51:03,GFKTLRFPR,91.667,95.23,47784.38
HLA-B*51:03,FKTLRFPRF,17.259,23.722,37718.74
HLA-B*51:03,KTLRFPRFI,10.701,7.288,28994.51
HLA-B*51:03,TLRFPRFIR,47.0,70.084,45266.52
HLA-B*51:03,LRFPRFIRE,30.243,57.848,43959.45
HLA-B*51:03,RFPRFIREL,17.881,31.158,39680.01
HLA-B*51:03,FPRFIRELM,0.555,0.382,8905.79
HLA-B*51:03,PRFIRELMN,91.667,91.51,47288.05
HLA-B*51:03,RFIRELMND,90.0,85.795,46713.93
HLA-B*51:03,FIRELMNDP,32.484,29.597,39312.92
HLA-B*51:03,IRELMNDPT,80.0,68.533,45113.0
HLA-B*51:03,RELMNDPTV,9.677,10.488,31730.17
HLA-B*51:03,ELMNDPTVN,57.0,66.014,44863.77
HLA-B*51:03,LMNDPTVNE,37.474,62.469,44485.77
HLA-B*51:03,MNDPTVNEK,21.588,53.071,43373.15
HLA-B*51:03,NDPTVNEKL,13.395,42.025,41778.98
HLA-B*51:03,DPTVNEKLG,15.209,18.576,35949.57
HLA-B*51:03,PTVNEKLGD,95.0,96.651,48433.99
HLA-B*51:03,TVNEKLGDI,9.715,12.599,33119.95
HLA-B*51:03,VNEKLGDID,97.5,95.102,47726.51
HLA-B*51:03,NEKLGDIDL,19.615,37.934,41073.93
HLA-B*51:03,EKLGDIDLI,8.098,9.506,31023.37
HLA-B*51:03,KLGDIDLIF,15.284,29.488,39286.99
HLA-B*51:03,LGDIDLIFI,14.038,9.271,30825.29
HLA-B*51:03,GDIDLIFIY,22.38,43.262,41981.05
HLA-B*51:03,DIDLIFIYI,1.351,2.434,20622.24
HLA-B*51:03,IDLIFIYIT,32.968,37.911,41069.47
HLA-B*51:03,DLIFIYITR,11.865,34.717,40445.07
HLA-B*51:03,LIFIYITRG,35.167,25.516,38245.99
HLA-B*51:03,IFIYITRGR,58.75,71.618,45410.73
HLA-B*51:03,FIYITRGRP,35.333,20.385,36622.88
HLA-B*51:03,IYITRGRPP,45.4,48.357,42750.2
HLA-B*51:03,YITRGRPPL,19.392,22.376,37293.86
HLA-B*51:03,ITRGRPPLI,2.136,2.623,21149.65
HLA-B*51:03,TRGRPPLIA,28.816,50.919,43097.14
HLA-B*51:03,RGRPPLIAN,59.25,71.973,45444.16
HLA-B*51:03,GRPPLIANN,74.286,95.419,47870.28
HLA-B*51:03,RPPLIANNI,0.319,0.689,12008.55
HLA-B*51:03,PPLIANNIG,48.125,36.561,40811.68
HLA-B*51:03,PLIANNIGQ,91.667,96.106,48183.63
HLA-B*51:03,LIANNIGQP,45.5,47.319,42597.85
HLA-B*51:03,IANNIGQPI,0.803,0.405,9234.11
HLA-B*51:03,ANNIGQPII,7.632,18.157,35789.68
HLA-B*51:03,NNIGQPIIP,20.585,35.653,40633.67
HLA-B*51:03,NIGQPIIPE,49.286,74.201,45654.6
HLA-B*51:03,IGQPIIPEI,0.383,0.907,13796.21
HLA-B*51:03,GQPIIPEIV,14.038,41.064,41623.75
HLA-B*51:03,QPIIPEIVK,9.664,30.432,39510.79
HLA-B*51:03,PIIPEIVKI,3.295,11.292,32294.03
HLA-B*51:03,IIPEIVKIG,40.875,55.256,43652.34
HLA-B*51:03,IPEIVKIGQ,26.483,45.603,42343.73
HLA-B*51:03,PEIVKIGQY,36.524,71.394,45389.62
HLA-B*51:03,EIVKIGQYL,3.224,8.691,30328.06
HLA-B*51:03,IVKIGQYLS,33.857,49.505,42911.49
HLA-B*51:03,VKIGQYLSN,76.667,69.257,45184.8
HLA-B*51:03,KIGQYLSNL,27.444,43.119,41959.27
HLA-B*51:03,IGQYLSNLQ,62.143,65.177,44781.33
HLA-B*51:03,GQYLSNLQS,40.625,54.11,43507.09
HLA-B*51:03,QYLSNLQSV,6.357,9.873,31288.0
HLA-B*51:03,YLSNLQSVI,3.995,2.954,22015.89
HLA-B*51:03,LSNLQSVIA,14.799,10.07,31430.16
HLA-B*51:03,SNLQSVIAG,41.083,44.066,42104.34
HLA-B*51:03,NLQSVIAGI,6.434,5.8,27171.43
HLA-B*51:03,LQSVIAGID,86.667,52.199,43261.12
HLA-B*51:03,QSVIAGIDG,76.667,66.486,44910.38
HLA-B*51:03,SVIAGIDGL,13.617,22.357,37287.8
HLA-B*51:03,VIAGIDGLY,26.15,30.398,39502.66
HLA-B*51:03,IAGIDGLYA,11.154,9.079,30664.29
HLA-B*51:03,AGIDGLYAG,51.481,55.792,43715.66
HLA-B*51:03,GIDGLYAGI,27.111,34.512,40402.62
HLA-B*51:03,IDGLYAGID,97.5,77.032,45912.18
HLA-B*51:03,DGLYAGIDF,7.595,6.954,28621.42
HLA-B*51:03,GLYAGIDFF,17.057,31.269,39705.36
HLA-B*51:03,LYAGIDFFD,91.667,57.284,43892.45
HLA-B*51:03,YAGIDFFDG,45.7,26.37,38480.09
HLA-B*51:03,AGIDFFDGD,86.667,71.529,45402.38
HLA-B*51:03,GIDFFDGDD,100.0,97.289,48728.34
HLA-B*51:03,IDFFDGDDS,91.667,77.425,45947.46
HLA-B*51:03,DFFDGDDSY,6.245,25.123,38136.07
HLA-B*51:03,FFDGDDSYN,70.714,80.34,46210.22
HLA-B*51:03,FDGDDSYND,93.333,91.729,47312.64
HLA-B*51:03,DGDDSYNDE,61.429,88.489,46973.44
HLA-B*51:03,GDDSYNDEL,35.083,67.717,45032.04
HLA-B*51:03,DDSYNDELV,13.064,17.107,35357.05
HLA-B*51:03,DSYNDELVR,22.85,37.597,41009.98
HLA-B*51:03,SYNDELVRC,22.46,62.5,44489.16
HLA-B*51:03,YNDELVRCT,24.455,36.359,40772.4
HLA-B*51:03,NDELVRCTE,67.273,81.276,46295.8
HLA-B*51:03,DELVRCTEV,1.806,3.056,22267.68
HLA-B*51:03,ELVRCTEVM,23.23,24.602,37984.11
HLA-B*51:03,LVRCTEVMG,51.852,37.532,40997.55
HLA-B*51:03,VRCTEVMGT,52.037,80.783,46250.73
HLA-B*51:03,RCTEVMGTV,11.611,15.575,34665.37
HLA-B*51:03,CTEVMGTVD,88.333,56.408,43788.55
HLA-B*51:03,TEVMGTVDG,70.714,63.937,44646.84
HLA-B*51:03,EVMGTVDGS,42.077,36.889,40875.32
HLA-B*51:03,VMGTVDGSA,46.111,42.861,41917.97
HLA-B*51:03,MGTVDGSAD,88.333,59.952,44210.35
HLA-B*51:03,GTVDGSADE,86.667,96.217,48234.75
HLA-B*51:03,TVDGSADEN,73.571,89.205,47042.59
HLA-B*51:03,VDGSADENF,31.647,59.332,44136.25
HLA-B*51:03,DGSADENFK,46.111,71.691,45417.61
HLA-B*51:03,GSADENFKD,88.333,94.218,47591.92
HLA-B*51:03,SADENFKDL,1.906,7.714,29434.83
HLA-B*51:03,ADENFKDLL,25.94,59.192,44119.55
HLA-B*51:03,DENFKDLLV,2.15,2.445,20659.08
HLA-B*51:03,ENFKDLLVL,2.238,3.912,24135.38
HLA-B*51:03,NFKDLLVLT,28.327,41.101,41629.6
HLA-B*51:03,FKDLLVLTA,8.85,13.402,33578.56
HLA-B*51:03,KDLLVLTAL,12.391,28.02,38926.07
HLA-B*51:03,DLLVLTALD,46.333,32.183,39912.1
HLA-B*51:03,LLVLTALDD,93.333,69.321,45191.15
HLA-B*51:03,LVLTALDDK,77.5,75.587,45782.71
HLA-B*51:03,VLTALDDKL,19.196,34.429,40385.59
HLA-B*51:03,LTALDDKLT,59.5,56.716,43825.05
HLA-B*51:03,TALDDKLTF,1.093,3.214,22638.16
HLA-B*51:03,ALDDKLTFQ,54.63,95.666,47982.82
HLA-B*51:03,LDDKLTFQV,4.161,8.913,30521.29
HLA-B*51:03,DDKLTFQVL,1.308,6.748,28373.21
HLA-B*51:03,DKLTFQVLQ,45.1,63.221,44568.16
HLA-B*51:03,KLTFQVLQP,46.0,61.432,44372.33
HLA-B*51:03,LTFQVLQPI,2.926,0.449,9764.42
HLA-B*51:03,TFQVLQPIG,64.643,57.024,43861.58
HLA-B*51:03,FQVLQPIGT,30.865,38.107,41105.93
HLA-B*51:03,QVLQPIGTG,35.292,32.907,40070.04
HLA-B*51:03,VLQPIGTGA,13.457,26.739,38578.06
HLA-B*51:03,LQPIGTGAR,60.357,87.0,46829.82
HLA-B*51:03,QPIGTGARV,0.202,0.591,11217.15
HLA-B*51:03,PIGTGARVQ,91.667,97.515,48833.38
HLA-B*51:03,IGTGARVQT,36.524,64.262,44682.58
HLA-B*51:03,GTGARVQTW,18.537,36.489,40797.55
HLA-B*51:03,TGARVQTWT,38.833,42.662,41884.89
HLA-B*51:03,GARVQTWTR,33.5,58.14,43994.19
HLA-B*51:03,ARVQTWTRM,26.417,46.74,42512.2
HLA-B*51:03,RVQTWTRMD,88.333,74.358,45669.41
HLA-B*51:03,VQTWTRMDD,93.333,77.829,45983.78
HLA-B*51:03,QTWTRMDDV,10.637,9.398,30933.21
HLA-B*51:03,TWTRMDDVE,93.333,94.844,47662.53
HLA-B*51:03,WTRMDDVES,53.889,46.743,42512.66
HLA-B*51:03,TRMDDVESG,55.75,74.097,45644.74
HLA-B*51:03,RMDDVESGK,53.333,89.316,47053.3
HLA-B*51:03,MDDVESGKE,72.143,89.389,47060.43
HLA-B*51:03,DDVESGKEG,34.231,63.12,44557.06
HLA-B*51:03,DVESGKEGL,9.816,32.942,40077.85
HLA-B*51:03,VESGKEGLR,69.091,90.659,47193.0
HLA-B*51:03,ESGKEGLRN,72.143,80.893,46260.73
HLA-B*51:03,SGKEGLRNS,44.0,72.876,45529.32
HLA-B*51:03,GKEGLRNSL,35.875,80.29,46205.72
HLA-B*51:03,KEGLRNSLP,53.704,70.371,45293.47
HLA-B*51:03,EGLRNSLPD,75.0,40.242,41485.28
HLA-B*51:03,GLRNSLPDE,83.75,96.183,48219.1
HLA-B*51:03,LRNSLPDEI,15.153,17.373,35467.79
HLA-B*51:03,RNSLPDEIF,29.5,49.99,42978.4
HLA-B*51:03,NSLPDEIFS,34.5,40.41,41513.57
HLA-B*51:03,SLPDEIFSS,34.385,56.208,43764.86
HLA-B*51:03,LPDEIFSSP,1.222,1.71,18019.17
HLA-B*51:03,PDEIFSSPS,95.0,93.756,47539.95
HLA-B*51:03,DEIFSSPSH,6.347,32.137,39902.16
HLA-B*51:03,EIFSSPSHR,8.924,36.152,40732.27
HLA-B*51:03,IFSSPSHRD,70.0,77.043,45913.19
HLA-B*51:03,FSSPSHRDA,8.654,12.168,32864.35
HLA-B*51:03,SSPSHRDAS,57.25,74.243,45658.55
HLA-B*51:03,SPSHRDASG,21.167,29.968,39401.93
HLA-B*51:03,PSHRDASGH,78.333,95.139,47743.04
HLA-B*51:03,SHRDASGHN,60.357,80.055,46184.24
HLA-B*51:03,HRDASGHNE,56.75,94.14,47583.17
HLA-B*51:03,RDASGHNEI,15.884,26.765,38584.73
HLA-B*51:03,DASGHNEIN,28.612,36.65,40828.89
HLA-B*51:03,ASGHNEINP,54.815,77.94,45993.74
HLA-B*51:03,SGHNEINPA,16.751,18.461,35905.64
HLA-B*51:03,GHNEINPAP,41.917,61.314,44359.37
HLA-B*51:03,HNEINPAPA,32.161,43.863,42072.91
HLA-B*51:03,NEINPAPAE,23.207,53.804,43467.57
HLA-B*51:03,EINPAPAEE,24.688,62.333,44470.86
HLA-B*51:03,INPAPAEEL,10.99,28.7,39095.33
HLA-B*51:03,NPAPAEELY,1.495,5.612,26919.48
HLA-B*51:03,PAPAEELYP,40.0,64.161,44671.46
HLA-B*51:03,APAEELYPL,1.12,2.42,20577.22
HLA-B*51:03,PAEELYPLA,13.511,19.57,36324.13
HLA-B*51:03,AEELYPLAV,8.036,16.172,34942.14
HLA-B*51:03,EELYPLAVS,28.184,32.054,39884.03
HLA-B*51:03,ELYPLAVSR,7.344,28.731,39102.95
HLA-B*51:03,LYPLAVSRI,4.805,7.832,29548.74
HLA-B*51:03,YPLAVSRIK,5.142,6.411,27963.59
HLA-B*51:03,PLAVSRIKM,36.952,57.368,43902.42
HLA-B*51:03,LAVSRIKMM,1.979,3.568,23455.47
HLA-B*51:03,AVSRIKMMV,8.482,14.944,34368.84
HLA-B*51:03,VSRIKMMVV,4.204,4.084,24469.58
HLA-B*51:03,SRIKMMVVG,56.0,58.572,44045.63
HLA-B*51:03,RIKMMVVGM,21.281,32.522,39986.02
HLA-B*51:03,IKMMVVGMA,32.29,19.342,36238.96
HLA-B*51:03,KMMVVGMAL,17.285,14.134,33972.51
HLA-B*51:03,MMVVGMALQ,59.75,52.553,43306.54
HLA-B*51:03,MVVGMALQS,37.632,19.953,36467.47
HLA-B*51:03,VVGMALQSP,32.065,37.672,41024.18
HLA-B*51:03,VGMALQSPA,14.338,4.662,25518.69
HLA-B*51:03,GMALQSPAQ,76.667,91.83,47323.9
HLA-B*51:03,MALQSPAQA,1.388,1.504,17141.89
HLA-B*51:03,ALQSPAQAS,44.727,71.399,45390.12
HLA-B*51:03,LQSPAQAST,17.218,35.715,40645.99
HLA-B*51:03,QSPAQASTS,29.568,55.7,43704.79
HLA-B*51:03,SPAQASTSG,16.431,18.508,35923.52
HLA-B*51:03,PAQASTSGA,22.46,41.62,41713.47
HLA-B*51:03,AQASTSGAQ,69.091,89.758,47096.07
HLA-B*51:03,QASTSGAQS,21.614,50.919,43097.14
HLA-B*51:03,ASTSGAQSA,13.931,38.213,41125.5
HLA-B*51:03,STSGAQSAA,18.634,31.768,39819.36
HLA-B*51:03,TSGAQSAAI,5.907,7.397,29114.92
HLA-B*51:03,SGAQSAAIL,7.785,12.959,33335.29
HLA-B*51:03,GAQSAAILK,41.583,57.596,43929.49
HLA-B*51:03,AQSAAILKS,37.316,65.62,44824.96
HLA-B*51:03,QSAAILKSL,3.196,11.778,32617.1
HLA-B*51:03,SAAILKSLA,4.594,5.339,26536.02
HLA-B*51:03,AAILKSLAT,8.231,14.815,34305.3
HLA-B*51:03,AILKSLATS,43.091,55.172,43642.4
HLA-B*51:03,ILKSLATSL,4.045,12.764,33218.28
HLA-B*51:03,LKSLATSLG,70.0,58.796,44072.31
HLA-B*51:03,KSLATSLGW,14.057,13.612,33693.92
HLA-B*51:03,SLATSLGWA,45.8,37.496,40990.91
HLA-B*51:03,LATSLGWAA,6.95,2.828,21681.4
HLA-B*51:03,ATSLGWAAC,44.364,48.984,42839.57
HLA-B*51:03,TSLGWAACK,37.211,32.284,39934.14
HLA-B*51:03,SLGWAACKC,76.667,68.947,45154.01
HLA-B*51:03,LGWAACKCL,10.028,6.911,28569.43
HLA-B*51:03,GWAACKCLY,76.667,80.055,46184.24
HLA-B*51:03,WAACKCLYD,83.75,17.858,35670.6
HLA-B*51:03,AACKCLYDK,74.286,80.159,46193.71
HLA-B*51:03,ACKCLYDKD,100.0,95.846,48064.92
HLA-B*51:03,CKCLYDKDN,100.0,96.505,48366.98
HLA-B*51:03,KCLYDKDNS,95.0,96.871,48535.24
HLA-B*51:03,CLYDKDNSL,4.275,5.967,27398.16
HLA-B*51:03,LYDKDNSLW,10.288,24.114,37840.54
HLA-B*51:03,YDKDNSLWR,46.778,74.875,45718.36
HLA-B*51:03,DKDNSLWRD,73.571,85.958,46729.6
HLA-B*51:03,KDNSLWRDE,93.333,96.228,48239.45
HLA-B*51:03,DNSLWRDEI,1.72,1.882,18760.05
HLA-B*51:03,NSLWRDEIG,67.273,42.411,41843.21
HLA-B*51:03,SLWRDEIGD,73.571,80.953,46266.25
HLA-B*51:03,LWRDEIGDV,38.5,44.572,42184.6
HLA-B*51:03,WRDEIGDVD,85.0,79.651,46147.77
HLA-B*51:03,RDEIGDVDI,44.727,63.612,44611.09
HLA-B*51:03,DEIGDVDIM,8.434,15.506,34632.74
HLA-B*51:03,EIGDVDIMM,14.169,27.411,38759.64
HLA-B*51:03,IGDVDIMMD,88.333,79.014,46090.36
HLA-B*51:03,GDVDIMMDD,95.0,95.108,47729.1
HLA-B*51:03,DVDIMMDDN,80.0,82.026,46364.46
HLA-B*51:03,VDIMMDDNA,56.75,41.011,41615.21
HLA-B*51:03,DIMMDDNAG,48.5,29.824,39367.41
HLA-B*51:03,IMMDDNAGS,64.286,57.944,43970.88
HLA-B*51:03,MMDDNAGSR,44.455,59.368,44140.55
HLA-B*51:03,MDDNAGSRL,8.632,19.907,36450.52
HLA-B*51:03,DDNAGSRLA,14.529,25.625,38276.61
HLA-B*51:03,DNAGSRLAV,1.14,2.746,21466.88
HLA-B*51:03,NAGSRLAVN,36.143,36.545,40808.6
HLA-B*51:03,AGSRLAVNS,52.778,68.77,45136.42
HLA-B*51:03,GSRLAVNSD,86.667,82.848,46439.78
HLA-B*51:03,SRLAVNSDH,72.143,93.015,47456.7
HLA-B*51:03,RLAVNSDHN,93.333,88.279,46953.11
HLA-B*51:03,LAVNSDHNV,1.433,1.959,19083.92
HLA-B*51:03,AVNSDHNVG,75.833,79.873,46167.74
HLA-B*51:03,VNSDHNVGL,17.492,39.699,41392.01
HLA-B*51:03,NSDHNVGLA,14.153,14.408,34105.82
HLA-B*51:03,SDHNVGLAL,6.466,16.761,35205.52
HLA-B*51:03,DHNVGLALP,23.345,21.908,37144.85
HLA-B*51:03,HNVGLALPT,41.25,30.416,39506.94
HLA-B*51:03,NVGLALPTA,11.083,10.38,31651.97
HLA-B*51:03,VGLALPTAV,2.008,2.64,21194.78
HLA-B*51:03,GLALPTAVD,91.667,87.3,46858.7
HLA-B*51:03,LALPTAVDT,12.37,13.78,33785.92
HLA-B*51:03,ALPTAVDTV,8.42,22.905,37460.88
HLA-B*51:03,LPTAVDTVT,5.812,4.523,25303.15
HLA-B*51:03,PTAVDTVTS,56.5,80.263,46203.21
HLA-B*51:03,TAVDTVTSD,20.301,36.17,40735.79
HLA-B*51:03,AVDTVTSDF,19.831,39.722,41396.04
HLA-B*51:03,VDTVTSDFF,21.93,25.789,38322.63
HLA-B*51:03,DTVTSDFFV,2.465,1.289,15982.58
HLA-B*51:03,TVTSDFFVV,4.583,3.234,22684.73
HLA-B*51:03,VTSDFFVVE,30.676,41.849,41750.51
HLA-B*51:03,TSDFFVVEQ,22.37,66.973,44958.51
HLA-B*51:03,SDFFVVEQS,30.108,39.753,41401.43
HLA-B*51:03,DFFVVEQSQ,27.259,50.74,43074.3
HLA-B*51:03,FFVVEQSQR,58.5,76.168,45834.76
HLA-B*51:03,FVVEQSQRE,37.421,52.936,43355.78
HLA-B*51:03,VVEQSQREN,71.429,87.668,46894.2
HLA-B*51:03,VEQSQRENC,41.333,68.775,45136.91
HLA-B*51:03,EQSQRENCD,81.25,86.274,46759.93
HLA-B*51:03,QSQRENCDG,95.0,91.446,47280.89
HLA-B*51:03,SQRENCDGG,58.25,65.989,44861.34
HLA-B*51:03,QRENCDGGA,90.0,92.955,47450.02
HLA-B*51:03,RENCDGGAR,79.167,88.932,47016.14
HLA-B*51:03,ENCDGGARA,23.908,42.785,41905.29
HLA-B*51:03,NCDGGARAI,5.025,16.411,35048.55
HLA-B*51:03,CDGGARAIN,97.5,87.011,46830.82
HLA-B*51:03,DGGARAINS,35.792,50.398,43030.51
HLA-B*51:03,GGARAINSA,31.118,45.552,42335.95
HLA-B*51:03,GARAINSAD,73.571,70.005,45259.16
HLA-B*51:03,ARAINSADK,79.167,95.693,47995.29
HLA-B*51:03,RAINSADKS,45.8,55.108,43634.86
HLA-B*51:03,AINSADKSH,60.0,95.34,47834.57
HLA-B*51:03,INSADKSHG,79.167,83.97,46542.89
HLA-B*51:03,NSADKSHGP,14.99,37.316,40956.77
HLA-B*51:03,SADKSHGPS,43.727,37.946,41076.15
HLA-B*51:03,ADKSHGPSQ,51.667,93.879,47553.84
HLA-B*51:03,DKSHGPSQQ,60.714,96.248,48248.84
HLA-B*51:03,KSHGPSQQN,55.25,82.36,46395.09
HLA-B*51:03,SHGPSQQNR,52.778,91.583,47296.26
HLA-B*51:03,HGPSQQNRG,46.444,81.835,46346.91
HLA-B*51:03,GPSQQNRGS,45.4,69.129,45172.09
HLA-B*51:03,PSQQNRGSK,88.333,94.844,47662.53
HLA-B*51:03,SQQNRGSKP,25.925,59.396,44143.91
HLA-B*51:03,QQNRGSKPE,53.148,93.06,47461.84
HLA-B*51:03,QNRGSKPEF,15.813,50.481,43041.23
HLA-B*51:03,NRGSKPEFS,69.545,92.296,47376.15
HLA-B*51:03,RGSKPEFSG,70.0,79.192,46106.33
HLA-B*51:03,GSKPEFSGE,58.75,92.315,47378.2
HLA-B*51:03,SKPEFSGEE,63.571,90.727,47200.64
HLA-B*51:03,KPEFSGEEF,5.042,16.237,34970.88
HLA-B*51:03,PEFSGEEFT,65.455,80.674,46240.71
HLA-B*51:03,EFSGEEFTR,59.5,85.758,46710.38
HLA-B*51:03,FSGEEFTRR,33.429,61.454,44374.74
HLA-B*51:03,SGEEFTRRG,52.407,67.303,44991.11
HLA-B*51:03,GEEFTRRGE,88.333,96.231,48241.0
HLA-B*51:03,EEFTRRGEV,4.028,5.144,26256.43
HLA-B*51:03,EFTRRGEVI,11.124,17.227,35407.21
HLA-B*51:03,FTRRGEVIS,56.75,49.505,42911.49
HLA-B*51:03,TRRGEVISR,59.25,90.919,47222.11
HLA-B*51:03,RRGEVISRS,62.857,88.184,46943.97
HLA-B*51:03,RGEVISRSR,57.0,91.299,47264.52
HLA-B*51:03,GEVISRSRH,55.5,92.635,47414.08
HLA-B*51:03,EVISRSRHD,44.0,53.549,43434.64
HLA-B*51:03,VISRSRHDK,72.857,89.279,47049.72
HLA-B*51:03,ISRSRHDKM,9.747,22.593,37362.11
HLA-B*51:03,SRSRHDKML,32.742,67.697,45030.09
HLA-B*51:03,RSRHDKMLK,57.5,73.497,45587.96
HLA-B*51:03,SRHDKMLKV,6.706,21.591,37039.31
HLA-B*51:03,RHDKMLKVE,69.091,83.987,46544.42
HLA-B*51:03,HDKMLKVEK,52.222,83.943,46540.37
HLA-B*51:03,DKMLKVEKD,65.0,68.465,45106.16
HLA-B*51:03,KMLKVEKDD,97.5,96.128,48194.04
HLA-B*51:03,MLKVEKDDM,22.19,34.879,40478.78
HLA-B*51:03,LKVEKDDMF,31.118,49.384,42894.78
HLA-B*51:03,KVEKDDMFP,58.25,78.516,46045.53
HLA-B*51:03,VEKDDMFPL,10.218,15.828,34784.46
HLA-B*51:03,EKDDMFPLE,41.75,68.105,45070.54
HLA-B*51:03,KDDMFPLEV,5.683,19.567,36322.96
HLA-B*51:03,DDMFPLEVR,27.778,51.276,43142.86
HLA-B*51:03,DMFPLEVRK,9.856,22.298,37269.26
HLA-B*51:03,MFPLEVRKV,4.108,10.186,31512.56
HLA-B*51:03,FPLEVRKVT,0.881,1.586,17462.38
HLA-B*51:03,PLEVRKVTG,78.333,95.613,47958.41
HLA-B*51:03,LEVRKVTGA,22.43,32.331,39944.49
HLA-B*51:03,EVRKVTGAT,16.582,27.896,38892.39
HLA-B*51:03,VRKVTGATM,22.09,42.183,41805.2
HLA-B*51:03,RKVTGATMD,93.333,95.72,48007.21
HLA-B*51:03,KVTGATMDD,97.5,95.404,47863.55
HLA-B*51:03,VTGATMDDA,60.714,50.518,43045.89
HLA-B*51:03,TGATMDDAK,68.636,80.318,46208.22
HLA-B*51:03,GATMDDAKF,18.732,37.913,41069.93
HLA-B*51:03,ATMDDAKFE,59.5,80.926,46263.74
HLA-B*51:03,TMDDAKFEW,8.015,19.551,36317.05
HLA-B*51:03,MDDAKFEWA,36.571,33.543,40202.49
HLA-B*51:03,DDAKFEWAQ,37.316,57.988,43976.09
HLA-B*51:03,DAKFEWAQI,0.104,0.136,4823.19
HLA-B*51:03,AKFEWAQIE,51.667,74.635,45695.63
HLA-B*51:03,KFEWAQIED,95.0,95.47,47893.59
HLA-B*51:03,FEWAQIEDD,82.5,55.628,43696.27
HLA-B*51:03,EWAQIEDDY,33.5,69.631,45221.96
HLA-B*51:03,WAQIEDDYA,33.464,14.416,34109.87
HLA-B*51:03,AQIEDDYAA,18.933,39.959,41437.28
HLA-B*51:03,QIEDDYAAF,19.128,43.717,42050.61
HLA-B*51:03,IEDDYAAFK,27.167,47.523,42628.27
HLA-B*51:03,EDDYAAFKM,12.535,23.249,37569.27
HLA-B*51:03,DDYAAFKMS,25.97,33.12,40115.13
HLA-B*51:03,DYAAFKMST,18.634,25.663,38287.4
HLA-B*51:03,YAAFKMSTL,0.94,1.63,17654.25
HLA-B*51:03,AAFKMSTLV,0.551,0.49,10274.47
HLA-B*51:03,AFKMSTLVL,18.323,34.966,40496.75
HLA-B*51:03,FKMSTLVLT,31.029,20.227,36566.26
HLA-B*51:03,KMSTLVLTQ,56.25,72.443,45488.43
HLA-B*51:03,MSTLVLTQA,3.865,3.592,23503.48
HLA-B*51:03,STLVLTQAI,1.783,1.345,16277.69
HLA-B*51:03,TLVLTQAIL,13.467,15.191,34485.42
HLA-B*51:03,LVLTQAILR,20.439,40.753,41571.54
HLA-B*51:03,VLTQAILRT,25.91,44.828,42225.24
HLA-B*51:03,LTQAILRTQ,33.643,49.936,42970.95
HLA-B*51:03,TQAILRTQQ,60.357,85.953,46729.09
HLA-B*51:03,QAILRTQQF,0.923,3.161,22513.32
HLA-B*51:03,AILRTQQFA,27.37,33.103,40111.67
HLA-B*51:03,ILRTQQFAS,42.231,45.833,42378.56
HLA-B*51:03,LRTQQFASQ,57.25,82.327,46392.07
HLA-B*51:03,RTQQFASQE,45.1,65.487,44811.86
HLA-B*51:03,TQQFASQET,30.919,47.471,42620.44
HLA-B*51:03,QQFASQETK,32.194,50.27,43014.23
HLA-B*51:03,QFASQETKD,93.333,96.125,48192.49
HLA-B*51:03,FASQETKDL,3.743,10.513,31748.02
HLA-B*51:03,ASQETKDLR,59.5,90.435,47167.99
HLA-B*51:03,SQETKDLRG,59.5,85.137,46650.8
HLA-B*51:03,QETKDLRGR,59.0,95.452,47885.32
HLA-B*51:03,ETKDLRGRI,3.137,8.119,29818.19
HLA-B*51:03,TKDLRGRIP,43.727,70.444,45300.31
HLA-B*51:03,KDLRGRIPR,72.857,94.849,47663.05
HLA-B*51:03,DLRGRIPRD,46.222,61.076,44333.46
HLA-B*51:03,LRGRIPRDI,33.893,39.206,41306.12
HLA-B*51:03,RGRIPRDIR,76.667,91.834,47324.39
HLA-B*51:03,GRIPRDIRF,15.306,55.576,43690.13
HLA-B*51:03,RIPRDIRFL,21.509,41.232,41650.79
HLA-B*51:03,IPRDIRFLS,5.117,4.41,25091.86
HLA-B*51:03,PRDIRFLSR,62.5,95.649,47975.02
HLA-B*51:03,RDIRFLSRD,86.667,78.261,46022.61
HLA-B*51:03,DIRFLSRDT,26.25,31.26,39703.2
HLA-B*51:03,IRFLSRDTA,32.645,27.009,38649.93
HLA-B*51:03,RFLSRDTAV,23.287,30.599,39549.72
HLA-B*51:03,FLSRDTAVL,15.769,14.042,33927.32
HLA-B*51:03,LSRDTAVLE,36.0,48.906,42828.46
HLA-B*51:03,SRDTAVLED,65.0,86.884,46818.68
HLA-B*51:03,RDTAVLEDV,34.423,47.282,42592.33
HLA-B*51:03,DTAVLEDVD,54.074,48.393,42755.3
HLA-B*51:03,TAVLEDVDS,52.037,62.074,44442.47
HLA-B*51:03,AVLEDVDSA,17.44,29.067,39186.38
HLA-B*51:03,VLEDVDSAC,37.474,68.809,45140.32
HLA-B*51:03,LEDVDSACE,62.5,77.614,45964.39
HLA-B*51:03,EDVDSACET,31.147,58.232,44005.14
HLA-B*51:03,DVDSACETG,33.321,40.38,41508.61
HLA-B*51:03,VDSACETGF,38.611,52.987,43362.35
HLA-B*51:03,DSACETGFK,56.75,44.095,42108.9
HLA-B*51:03,SACETGFKH,21.649,48.136,42718.79
HLA-B*51:03,ACETGFKHR,68.182,96.547,48386.32
HLA-B*51:03,CETGFKHRC,37.526,45.991,42402.43
HLA-B*51:03,ETGFKHRCD,90.0,85.589,46694.21
HLA-B*51:03,TGFKHRCDG,71.429,58.132,43993.23
HLA-B*51:03,GFKHRCDGA,79.167,91.77,47317.25
HLA-B*51:03,FKHRCDGAY,58.25,50.423,43033.76
HLA-B*51:03,KHRCDGAYI,30.865,20.386,36623.28
HLA-B*51:03,HRCDGAYIT,62.5,83.844,46531.3
HLA-B*51:03,RCDGAYITM,15.601,41.159,41639.08
HLA-B*51:03,CDGAYITMR,78.333,84.584,46599.32
HLA-B*51:03,DGAYITMRK,20.48,26.653,38555.11
HLA-B*51:03,GAYITMRKL,2.299,6.73,28352.03
HLA-B*51:03,AYITMRKLF,18.61,38.596,41195.88
HLA-B*51:03,YITMRKLFD,75.833,50.219,43007.71
HLA-B*51:03,ITMRKLFDY,12.713,12.576,33106.32
HLA-B*51:03,TMRKLFDYL,7.673,10.461,31710.94
HLA-B*51:03,MRKLFDYLG,62.143,38.584,41193.64
HLA-B*51:03,RKLFDYLGI,31.118,16.199,34953.86
HLA-B*51:03,KLFDYLGIQ,69.091,76.262,45843.19
HLA-B*51:03,LFDYLGIQE,46.889,78.444,46039.03
HLA-B*51:03,FDYLGIQEA,5.975,6.357,27894.39
HLA-B*51:03,DYLGIQEAT,21.842,33.682,40231.2
HLA-B*51:03,YLGIQEATF,14.401,16.937,35284.43
HLA-B*51:03,LGIQEATFN,76.667,55.48,43678.78
HLA-B*51:03,GIQEATFNK,58.75,85.142,46651.29
HLA-B*51:03,IQEATFNKV,4.005,8.443,30110.32
HLA-B*51:03,QEATFNKVK,38.444,67.549,45015.46
HLA-B*51:03,EATFNKVKM,1.521,5.618,26928.22
HLA-B*51:03,ATFNKVKMK,24.714,56.068,43748.3
HLA-B*51:03,TFNKVKMKF,6.923,25.493,38239.78
HLA-B*51:03,FNKVKMKFL,12.993,26.152,38422.26
HLA-B*51:03,NKVKMKFLE,75.833,76.489,45863.54
HLA-B*51:03,KVKMKFLEL,7.602,21.03,36853.43
HLA-B*51:03,VKMKFLELV,7.985,5.959,27386.3
HLA-B*51:03,KMKFLELVK,65.909,68.642,45123.73
HLA-B*51:03,MKFLELVKQ,47.375,66.634,44924.98
HLA-B*51:03,KFLELVKQL,6.809,38.843,41241.36
HLA-B*51:03,FLELVKQLQ,51.481,67.239,44984.79
HLA-B*51:03,LELVKQLQV,2.867,3.63,23576.34
HLA-B*51:03,ELVKQLQVS,25.955,45.3,42297.93
HLA-B*51:03,LVKQLQVSG,24.896,38.131,41110.39
HLA-B*51:03,VKQLQVSGK,67.273,89.389,47060.43
HLA-B*51:03,KQLQVSGKD,83.75,79.662,46148.75
HLA-B*51:03,QLQVSGKDG,88.333,92.841,47437.17
HLA-B*51:03,LQVSGKDGK,73.571,84.754,46614.95
HLA-B*51:03,QVSGKDGKA,38.444,65.157,44779.39
HLA-B*51:03,VSGKDGKAT,43.636,77.326,45938.52
HLA-B*51:03,SGKDGKATV,3.801,13.392,33573.1
HLA-B*51:03,GKDGKATVF,30.405,79.767,46158.24
HLA-B*51:03,KDGKATVFT,74.286,91.144,47247.14
HLA-B*51:03,DGKATVFTC,2.518,5.786,27152.34
HLA-B*51:03,GKATVFTCG,77.5,81.484,46314.82
HLA-B*51:03,KATVFTCGL,13.662,13.604,33689.18
HLA-B*51:03,ATVFTCGLK,76.667,59.008,44097.61
HLA-B*51:03,TVFTCGLKQ,55.25,54.592,43569.28
HLA-B*51:03,VFTCGLKQI,21.386,20.287,36587.63
HLA-B*51:03,FTCGLKQIS,45.2,51.627,43187.7
HLA-B*51:03,TCGLKQISE,64.286,91.4,47275.8
HLA-B*51:03,CGLKQISEE,59.0,58.84,44077.57
HLA-B*51:03,GLKQISEEG,65.455,82.114,46372.5
HLA-B*51:03,LKQISEEGA,58.5,71.461,45396.0
HLA-B*51:03,KQISEEGAE,75.0,95.409,47865.62
HLA-B*51:03,QISEEGAEM,16.676,39.352,41331.59
HLA-B*51:03,ISEEGAEMI,5.381,9.58,31076.79
HLA-B*51:03,SEEGAEMIA,23.437,41.02,41616.55
HLA-B*51:03,EEGAEMIAA,18.03,24.146,37849.96
HLA-B*51:03,EGAEMIAAN,44.636,35.057,40515.14
HLA-B*51:03,GAEMIAANL,12.153,20.514,36668.87
HLA-B*51:03,AEMIAANLK,43.545,49.404,42897.57
HLA-B*51:03,EMIAANLKR,30.108,49.657,42932.39
HLA-B*51:03,MIAANLKRL,7.99,11.178,32218.99
HLA-B*51:03,IAANLKRLP,8.576,13.911,33858.01
HLA-B*51:03,AANLKRLPP,20.943,25.823,38332.17
HLA-B*51:03,ANLKRLPPN,82.5,77.829,45983.78
HLA-B*51:03,NLKRLPPNY,17.249,36.225,40746.38
HLA-B*51:03,LKRLPPNYD,88.333,87.347,46863.27
HLA-B*51:03,KRLPPNYDS,78.333,95.162,47753.39
HLA-B*51:03,RLPPNYDSG,65.455,72.229,45468.25
HLA-B*51:03,LPPNYDSGK,29.795,34.71,40443.73
HLA-B*51:03,PPNYDSGKI,4.114,6.483,28055.73
HLA-B*51:03,PNYDSGKIL,18.823,42.869,41919.35
HLA-B*51:03,NYDSGKILE,42.923,81.161,46285.29
HLA-B*51:03,YDSGKILEF,4.756,15.743,34744.21
HLA-B*51:03,DSGKILEFV,1.397,1.941,19009.33
HLA-B*51:03,SGKILEFVR,37.579,69.995,45258.2
HLA-B*51:03,GKILEFVRT,53.333,79.003,46089.38
HLA-B*51:03,KILEFVRTV,1.996,4.618,25449.77
HLA-B*51:03,ILEFVRTVV,11.992,12.325,32957.29
HLA-B*51:03,LEFVRTVVA,7.237,5.976,27410.62
HLA-B*51:03,EFVRTVVAI,3.73,4.87,25844.07
HLA-B*51:03,FVRTVVAIG,39.765,21.993,37173.0
HLA-B*51:03,VRTVVAIGP,58.25,64.165,44671.95
HLA-B*51:03,RTVVAIGPD,93.333,62.276,44464.6
HLA-B*51:03,TVVAIGPDI,4.671,3.744,23802.13
HLA-B*51:03,VVAIGPDIA,31.059,36.57,40813.44
HLA-B*51:03,VAIGPDIAA,4.178,7.008,28686.21
HLA-B*51:03,AIGPDIAAR,52.407,89.558,47076.7
HLA-B*51:03,IGPDIAARE,44.545,61.555,44385.76
HLA-B*51:03,GPDIAAREY,6.444,29.474,39283.6
HLA-B*51:03,PDIAAREYN,93.333,95.559,47934.04
HLA-B*51:03,DIAAREYNL,4.203,10.601,31811.98
HLA-B*51:03,IAAREYNLF,2.143,2.648,21213.83
HLA-B*51:03,AAREYNLFF,3.891,5.449,26696.15
HLA-B*51:03,AREYNLFFE,80.0,93.614,47524.01
HLA-B*51:03,REYNLFFEK,34.808,39.982,41441.32
HLA-B*51:03,EYNLFFEKN,43.0,63.058,44550.31
HLA-B*51:03,YNLFFEKNA,22.04,19.636,36348.9
HLA-B*51:03,NLFFEKNAP,19.182,25.222,38163.72
HLA-B*51:03,LFFEKNAPP,32.871,26.22,38440.16
HLA-B*51:03,FFEKNAPPQ,68.182,69.803,45239.09
HLA-B*51:03,FEKNAPPQD,37.421,68.588,45118.35
HLA-B*51:03,EKNAPPQDQ,58.25,96.546,48385.82
HLA-B*51:03,KNAPPQDQP,37.474,82.24,46384.05
HLA-B*51:03,NAPPQDQPD,45.3,59.336,44136.73
HLA-B*51:03,APPQDQPDD,62.143,78.228,46019.61
HLA-B*51:03,PPQDQPDDI,4.679,18.426,35892.05
HLA-B*51:03,PQDQPDDIG,95.0,96.626,48422.47
HLA-B*51:03,QDQPDDIGD,93.333,97.124,48651.98
HLA-B*51:03,DQPDDIGDI,4.197,11.352,32333.9
HLA-B*51:03,QPDDIGDIQ,22.64,62.465,44485.28
HLA-B*51:03,PDDIGDIQR,91.667,97.89,49007.54
HLA-B*51:03,DDIGDIQRP,23.299,47.517,42627.36
HLA-B*51:03,DIGDIQRPQ,40.938,68.017,45061.76
HLA-B*51:03,IGDIQRPQW,6.128,18.545,35937.52
HLA-B*51:03,GDIQRPQWS,63.571,91.995,47342.34
HLA-B*51:03,DIQRPQWSS,11.84,22.078,37199.96
HLA-B*51:03,IQRPQWSSS,24.39,44.859,42230.25
HLA-B*51:03,QRPQWSSST,44.364,72.229,45468.25
HLA-B*51:03,RPQWSSSTI,0.526,0.532,10686.16
HLA-B*51:03,PQWSSSTIR,66.818,82.623,46419.18
HLA-B*51:03,QWSSSTIRC,35.458,67.539,45014.5
HLA-B*51:03,WSSSTIRCG,66.364,33.577,40209.44
HLA-B*51:03,SSSTIRCGI,8.294,5.715,27057.02
HLA-B*51:03,SSTIRCGIY,37.0,32.091,39892.23
HLA-B*51:03,STIRCGIYM,21.123,17.915,35694.53
HLA-B*51:03,TIRCGIYMY,27.315,26.619,38545.93
HLA-B*51:03,IRCGIYMYE,62.857,73.518,45589.93
HLA-B*51:03,RCGIYMYEY,52.963,62.293,44466.52
HLA-B*51:03,CGIYMYEYL,27.796,4.633,25473.46
HLA-B*51:03,GIYMYEYLF,16.844,18.278,35835.78
HLA-B*51:03,IYMYEYLFL,14.481,8.302,29983.2
HLA-B*51:03,YMYEYLFLA,5.283,1.955,19067.62
HLA-B*51:03,MYEYLFLAN,85.0,43.214,41973.8
HLA-B*51:03,YEYLFLANP,25.194,16.296,34997.39
HLA-B*51:03,EYLFLANPC,47.75,32.52,39985.58
HLA-B*51:03,YLFLANPCL,8.037,4.273,24828.28
HLA-B*51:03,LFLANPCLA,23.678,19.146,36166.09
HLA-B*51:03,FLANPCLAV,7.149,3.994,24299.67
HLA-B*51:03,LANPCLAVL,2.181,1.463,16920.58
HLA-B*51:03,ANPCLAVLY,26.05,39.506,41358.44
HLA-B*51:03,NPCLAVLYL,0.44,0.558,10919.1
HLA-B*51:03,PCLAVLYLE,78.333,90.124,47133.29
HLA-B*51:03,CLAVLYLEV,16.209,10.676,31865.72
HLA-B*51:03,LAVLYLEVG,34.308,17.01,35316.9
HLA-B*51:03,AVLYLEVGG,83.75,73.027,45543.59
HLA-B*51:03,VLYLEVGGL,17.642,15.747,34746.1
HLA-B*51:03,LYLEVGGLL,11.853,9.381,30918.49
HLA-B*51:03,YLEVGGLLG,60.357,46.398,42462.11
HLA-B*51:03,LEVGGLLGG,68.636,56.072,43748.78
HLA-B*51:03,EVGGLLGGE,57.75,83.965,46542.38
HLA-B*51:03,VGGLLGGEI,11.853,7.676,29398.54
HLA-B*51:03,GGLLGGEIA,36.905,46.473,42473.12
HLA-B*51:03,GLLGGEIAH,65.455,93.257,47483.91
HLA-B*51:03,LLGGEIAHT,54.63,71.357,45386.16
HLA-B*51:03,LGGEIAHTC,8.964,19.212,36190.75
HLA-B*51:03,GGEIAHTCT,63.214,85.142,46651.29
HLA-B*51:03,GEIAHTCTV,10.756,11.678,32550.1
HLA-B*51:03,EIAHTCTVS,39.529,50.226,43008.62
HLA-B*51:03,IAHTCTVSD,49.0,30.777,39591.67
HLA-B*51:03,AHTCTVSDY,46.0,55.86,43723.7
HLA-B*51:03,HTCTVSDYI,7.345,4.818,25763.11
HLA-B*51:03,TCTVSDYIL,23.057,28.964,39161.37
HLA-B*51:03,CTVSDYILA,31.324,11.014,32111.11
HLA-B*51:03,TVSDYILAL,2.458,7.275,28980.08
HLA-B*51:03,VSDYILALI,3.971,1.774,18283.12
HLA-B*51:03,SDYILALIP,27.093,21.865,37130.38
HLA-B*51:03,DYILALIPL,8.369,7.745,29465.1
HLA-B*51:03,YILALIPLT,16.24,13.509,33637.47
HLA-B*51:03,ILALIPLTG,26.067,23.932,37785.3
HLA-B*51:03,LALIPLTGL,2.021,2.895,21857.82
HLA-B*51:03,ALIPLTGLE,52.778,68.814,45140.82
HLA-B*51:03,LIPLTGLEG,63.214,48.847,42820.12
HLA-B*51:03,IPLTGLEGA,3.257,4.144,24582.63
HLA-B*51:03,PLTGLEGAV,39.471,56.184,43762.04
HLA-B*51:03,LTGLEGAVG,72.143,53.373,43412.1
HLA-B*51:03,TGLEGAVGG,55.0,56.38,43785.24
HLA-B*51:03,GLEGAVGGD,100.0,97.314,48739.97
HLA-B*51:03,LEGAVGGDF,31.118,33.646,40223.81
HLA-B*51:03,EGAVGGDFD,81.25,67.308,44991.61
HLA-B*51:03,GAVGGDFDF,22.28,33.672,40229.02
HLA-B*51:03,AVGGDFDFL,34.038,48.429,42760.41
HLA-B*51:03,VGGDFDFLK,44.455,57.94,43970.39
HLA-B*51:03,GGDFDFLKN,88.333,91.999,47342.83
HLA-B*51:03,GDFDFLKNK,40.062,79.02,46090.87
HLA-B*51:03,DFDFLKNKH,24.922,73.486,45586.99
HLA-B*51:03,FDFLKNKHY,13.279,25.973,38374.49
HLA-B*51:03,DFLKNKHYD,56.75,62.588,44498.77
HLA-B*51:03,FLKNKHYDS,54.074,53.027,43367.5
HLA-B*51:03,LKNKHYDST,57.75,68.632,45122.74
HLA-B*51:03,KNKHYDSTY,40.312,71.279,45378.82
HLA-B*51:03,NKHYDSTYP,44.0,61.973,44431.41
HLA-B*51:03,KHYDSTYPN,51.667,54.427,43548.07
HLA-B*51:03,HYDSTYPNK,28.714,73.158,45555.93
HLA-B*51:03,YDSTYPNKA,15.168,26.783,38589.76
HLA-B*51:03,DSTYPNKAE,30.378,58.428,44028.48
HLA-B*51:03,STYPNKAER,15.351,40.082,41458.34
HLA-B*51:03,TYPNKAERL,11.254,42.471,41853.16
HLA-B*51:03,YPNKAERLF,0.267,0.795,12869.99
HLA-B*51:03,PNKAERLFA,44.909,73.262,45565.77
HLA-B*51:03,NKAERLFAV,3.594,7.517,29245.61
HLA-B*51:03,KAERLFAVR,47.25,67.594,45019.84
HLA-B*51:03,AERLFAVRA,18.232,25.854,38340.88
HLA-B*51:03,ERLFAVRAV,5.613,9.625,31109.1
HLA-B*51:03,RLFAVRAVL,9.876,14.971,34381.85
HLA-B*51:03,LFAVRAVLL,14.229,14.225,34016.64
HLA-B*51:03,FAVRAVLLK,15.877,13.566,33668.79
HLA-B*51:03,AVRAVLLKN,65.455,67.628,45023.27
HLA-B*51:03,VRAVLLKNT,48.875,70.172,45274.84
HLA-B*51:03,RAVLLKNTL,2.06,7.453,29177.98
HLA-B*51:03,AVLLKNTLA,17.088,27.725,38845.72
HLA-B*51:03,VLLKNTLAP,28.449,28.249,38982.97
HLA-B*51:03,LLKNTLAPQ,50.37,68.115,45071.53
HLA-B*51:03,LKNTLAPQE,60.357,85.742,46708.88
HLA-B*51:03,KNTLAPQEL,13.76,46.107,42419.38
HLA-B*51:03,NTLAPQELF,4.315,5.73,27078.11
HLA-B*51:03,TLAPQELFY,13.835,20.049,36502.62
HLA-B*51:03,LAPQELFYQ,33.571,49.684,42936.1
HLA-B*51:03,APQELFYQL,0.256,1.371,16419.73
HLA-B*51:03,PQELFYQLA,44.545,48.834,42818.27
HLA-B*51:03,QELFYQLAR,30.514,50.89,43093.41
HLA-B*51:03,ELFYQLARD,50.37,49.128,42859.52
HLA-B*51:03,LFYQLARDQ,75.833,75.404,45766.39
HLA-B*51:03,FYQLARDQL,16.022,25.951,38368.25
HLA-B*51:03,YQLARDQLK,41.5,47.724,42658.27
HLA-B*51:03,QLARDQLKI,8.751,14.218,34013.33
HLA-B*51:03,LARDQLKIL,3.21,6.712,28330.57
HLA-B*51:03,ARDQLKILL,16.204,46.68,42503.48
HLA-B*51:03,RDQLKILLR,55.5,83.91,46537.37
HLA-B*51:03,DQLKILLRH,15.907,42.561,41868.12
HLA-B*51:03,QLKILLRHI,8.41,12.95,33329.89
HLA-B*51:03,LKILLRHIK,59.75,67.835,45043.72
HLA-B*51:03,KILLRHIKL,8.946,27.485,38779.79
HLA-B*51:03,ILLRHIKLA,7.536,17.367,35465.48
HLA-B*51:03,LLRHIKLAP,30.27,29.471,39282.73
HLA-B*51:03,LRHIKLAPA,44.364,35.775,40657.86
HLA-B*51:03,RHIKLAPAN,69.545,62.975,44541.14
HLA-B*51:03,HIKLAPANI,3.823,7.815,29532.45
HLA-B*51:03,IKLAPANIG,74.286,69.35,45194.09
HLA-B*51:03,KLAPANIGL,12.35,36.668,40832.45
HLA-B*51:03,LAPANIGLY,8.298,8.523,30182.39
HLA-B*51:03,APANIGLYL,0.493,1.481,17021.57
HLA-B*51:03,PANIGLYLD,88.333,73.335,45572.68
HLA-B*51:03,ANIGLYLDP,50.556,52.068,43244.28
HLA-B*51:03,NIGLYLDPR,77.5,69.838,45242.53
HLA-B*51:03,IGLYLDPRK,46.778,54.493,43556.55
HLA-B*51:03,GLYLDPRKP,37.105,61.054,44331.06
HLA-B*51:03,LYLDPRKPS,65.0,76.855,45896.29
HLA-B*51:03,YLDPRKPSG,16.982,38.877,41247.61
HLA-B*51:03,LDPRKPSGK,68.182,95.301,47816.44
HLA-B*51:03,DPRKPSGKT,4.078,9.318,30865.35
HLA-B*51:03,PRKPSGKTV,28.306,66.678,44929.35
HLA-B*51:03,RKPSGKTVF,29.0,75.914,45811.95
HLA-B*51:03,KPSGKTVFT,10.782,23.187,37549.75
HLA-B*51:03,PSGKTVFTG,75.833,64.293,44685.98
HLA-B*51:03,SGKTVFTGA,9.232,18.686,35991.61
HLA-B*51:03,GKTVFTGAL,49.429,58.672,44057.54
HLA-B*51:03,KTVFTGALG,69.545,40.556,41538.29
HLA-B*51:03,TVFTGALGG,43.182,26.331,38469.69
HLA-B*51:03,VFTGALGGI,33.357,26.137,38418.1
HLA-B*51:03,FTGALGGIL,18.213,13.82,33808.21
HLA-B*51:03,TGALGGILL,8.135,12.461,33038.35
HLA-B*51:03,GALGGILLH,31.147,52.177,43258.31
HLA-B*51:03,ALGGILLHP,46.333,63.858,44638.14
HLA-B*51:03,LGGILLHPS,56.5,36.818,40861.61
HLA-B*51:03,GGILLHPSN,65.909,66.688,44930.31
HLA-B*51:03,GILLHPSNQ,80.0,95.613,47958.41
HLA-B*51:03,ILLHPSNQV,4.03,7.198,28895.24
HLA-B*51:03,LLHPSNQVV,2.504,3.55,23420.47
HLA-B*51:03,LHPSNQVVQ,41.75,79.646,46147.26
HLA-B*51:03,HPSNQVVQP,2.439,7.589,29314.69
HLA-B*51:03,PSNQVVQPY,24.273,50.091,42991.43
HLA-B*51:03,SNQVVQPYD,68.636,67.141,44975.07
HLA-B*51:03,NQVVQPYDQ,74.286,88.889,47012.08
HLA-B*51:03,QVVQPYDQE,40.375,82.585,46415.68
HLA-B*51:03,VVQPYDQEN,62.143,68.819,45141.31
HLA-B*51:03,VQPYDQENT,56.75,86.247,46757.43
HLA-B*51:03,QPYDQENTG,4.255,9.608,31096.64
HLA-B*51:03,PYDQENTGA,59.25,91.45,47281.41
HLA-B*51:03,YDQENTGAL,11.889,18.742,36013.04
HLA-B*51:03,DQENTGALP,14.5,31.846,39837.04
HLA-B*51:03,QENTGALPA,19.581,25.765,38315.98
HLA-B*51:03,ENTGALPAG,52.037,59.236,44124.81
HLA-B*51:03,NTGALPAGI,7.657,7.098,28785.39
HLA-B*51:03,TGALPAGIR,53.519,69.528,45211.7
HLA-B*51:03,GALPAGIRV,1.308,3.468,23247.54
HLA-B*51:03,ALPAGIRVT,40.562,78.682,46060.47
HLA-B*51:03,LPAGIRVTD,15.164,8.658,30298.87
HLA-B*51:03,PAGIRVTDI,12.331,25.787,38322.21
HLA-B*51:03,AGIRVTDIR,58.0,81.659,46330.86
HLA-B*51:03,GIRVTDIRK,82.5,94.666,47642.43
HLA-B*51:03,IRVTDIRKV,7.787,23.202,37554.64
HLA-B*51:03,RVTDIRKVV,6.772,19.695,36370.94
HLA-B*51:03,VTDIRKVVL,3.848,16.141,34928.15
HLA-B*51:03,TDIRKVVLV,2.782,6.586,28179.85
HLA-B*51:03,DIRKVVLVV,0.481,0.788,12809.97
HLA-B*51:03,IRKVVLVVR,54.074,84.71,46610.93
HLA-B*51:03,RKVVLVVRG,79.167,80.936,46264.76
HLA-B*51:03,KVVLVVRGK,53.704,75.354,45761.93
HLA-B*51:03,VVLVVRGKA,22.32,21.105,36878.16
HLA-B*51:03,VLVVRGKAY,23.195,39.337,41328.93
HLA-B*51:03,LVVRGKAYV,8.739,7.678,29400.13
HLA-B*51:03,VVRGKAYVL,8.933,17.859,35670.99
HLA-B*51:03,VRGKAYVLT,51.111,65.443,44807.5
HLA-B*51:03,RGKAYVLTM,5.837,11.916,32708.98
HLA-B*51:03,GKAYVLTMF,31.853,58.036,43981.82
HLA-B*51:03,KAYVLTMFP,11.147,5.961,27390.15
HLA-B*51:03,AYVLTMFPP,56.75,47.269,42590.48
HLA-B*51:03,YVLTMFPPL,5.381,1.805,18411.75
HLA-B*51:03,VLTMFPPLM,5.691,7.029,28709.51
HLA-B*51:03,LTMFPPLMR,13.412,20.614,36704.6
HLA-B*51:03,TMFPPLMRI,0.457,0.694,12051.51
HLA-B*51:03,MFPPLMRIL,5.291,9.421,30952.62
HLA-B*51:03,FPPLMRILG,8.256,1.928,18954.29
HLA-B*51:03,PPLMRILGG,30.243,19.919,36454.84
HLA-B*51:03,PLMRILGGM,56.25,37.55,41001.12
HLA-B*51:03,LMRILGGMA,35.583,20.956,36827.51
HLA-B*51:03,MRILGGMAF,12.118,12.529,33078.77
HLA-B*51:03,RILGGMAFV,18.409,16.492,35084.57
HLA-B*51:03,ILGGMAFVA,44.364,24.893,38070.12
HLA-B*51:03,LGGMAFVAI,7.018,2.661,21247.59
HLA-B*51:03,GGMAFVAIM,18.341,15.495,34627.88
HLA-B*51:03,GMAFVAIMP,61.071,59.528,44159.68
HLA-B*51:03,MAFVAIMPG,18.762,0.919,13864.59
HLA-B*51:03,AFVAIMPGR,71.429,87.168,46846.04
HLA-B*51:03,FVAIMPGRS,48.75,36.598,40818.73
HLA-B*51:03,VAIMPGRSE,19.047,28.881,39140.62
HLA-B*51:03,AIMPGRSEN,68.636,82.256,46385.54
HLA-B*51:03,IMPGRSENF,8.517,18.827,36045.38
HLA-B*51:03,MPGRSENFA,7.386,3.442,23184.49
HLA-B*51:03,PGRSENFAL,32.484,50.088,42990.96
HLA-B*51:03,GRSENFALN,72.143,88.795,47002.92
HLA-B*51:03,RSENFALNA,26.95,28.347,39007.44
HLA-B*51:03,SENFALNAP,26.367,31.079,39661.98
HLA-B*51:03,ENFALNAPQ,46.111,49.246,42875.75
HLA-B*51:03,NFALNAPQS,41.5,52.374,43283.59
HLA-B*51:03,FALNAPQSV,0.155,0.243,6779.71
HLA-B*51:03,ALNAPQSVM,17.596,32.484,39977.79
HLA-B*51:03,LNAPQSVMA,15.854,20.646,36716.1
HLA-B*51:03,NAPQSVMAN,23.713,28.251,38983.4
HLA-B*51:03,APQSVMANK,21.342,33.509,40195.52
HLA-B*51:03,PQSVMANKP,62.857,74.426,45675.83
HLA-B*51:03,QSVMANKPE,72.857,78.616,46054.47
HLA-B*51:03,SVMANKPEH,32.419,61.34,44362.23
HLA-B*51:03,VMANKPEHL,10.456,24.841,38054.87
HLA-B*51:03,MANKPEHLS,9.864,12.719,33191.68
HLA-B*51:03,ANKPEHLSI,3.182,10.158,31492.79
HLA-B*51:03,NKPEHLSIG,52.222,73.372,45576.11
HLA-B*51:03,KPEHLSIGR,35.5,67.333,44994.04
HLA-B*51:03,PEHLSIGRG,86.667,89.174,47039.55
HLA-B*51:03,EHLSIGRGT,34.346,40.774,41575.14
HLA-B*51:03,HLSIGRGTC,43.636,57.76,43948.99
HLA-B*51:03,LSIGRGTCD,75.0,64.587,44718.39
HLA-B*51:03,SIGRGTCDG,97.5,93.033,47458.75
HLA-B*51:03,IGRGTCDGC,69.545,62.689,44509.85
HLA-B*51:03,GRGTCDGCA,91.667,92.868,47440.26
HLA-B*51:03,RGTCDGCAS,91.667,85.111,46648.27
HLA-B*51:03,GTCDGCASG,85.0,82.311,46390.57
HLA-B*51:03,TCDGCASGS,88.333,88.2,46945.48
HLA-B*51:03,CDGCASGSL,59.5,26.589,38538.0
HLA-B*51:03,DGCASGSLS,43.545,35.393,40581.82
HLA-B*51:03,GCASGSLSS,60.714,87.084,46837.92
HLA-B*51:03,CASGSLSSI,1.912,0.665,11814.47
HLA-B*51:03,ASGSLSSIN,88.333,73.768,45613.63
HLA-B*51:03,SGSLSSINE,66.364,75.659,45789.15
HLA-B*51:03,GSLSSINEV,4.31,10.274,31576.05
HLA-B*51:03,SLSSINEVE,57.25,78.87,46077.41
HLA-B*51:03,LSSINEVED,80.0,62.575,44497.33
HLA-B*51:03,SSINEVEDK,63.929,84.573,46598.33
HLA-B*51:03,SINEVEDKQ,73.571,95.202,47771.47
HLA-B*51:03,INEVEDKQA,45.1,73.69,45606.22
HLA-B*51:03,NEVEDKQAR,32.935,82.322,46391.55
HLA-B*51:03,EVEDKQARD,44.636,84.721,46611.95
HLA-B*51:03,VEDKQARDV,8.159,20.434,36640.31
HLA-B*51:03,EDKQARDVG,56.75,76.805,45891.82
HLA-B*51:03,DKQARDVGD,91.667,95.126,47737.38
HLA-B*51:03,KQARDVGDE,91.667,96.814,48508.98
HLA-B*51:03,QARDVGDED,47.75,61.156,44342.1
HLA-B*51:03,ARDVGDEDV,38.167,76.888,45899.28
HLA-B*51:03,RDVGDEDVE,90.0,97.031,48609.36
HLA-B*51:03,DVGDEDVEI,2.853,8.691,30327.73
HLA-B*51:03,VGDEDVEIL,6.72,31.279,39707.51
HLA-B*51:03,GDEDVEILE,85.0,97.101,48641.43
HLA-B*51:03,DEDVEILEL,1.177,7.528,29256.71
HLA-B*51:03,EDVEILELP,23.736,33.337,40159.89
HLA-B*51:03,DVEILELPE,53.704,60.369,44256.3
HLA-B*51:03,VEILELPEK,33.571,51.09,43119.07
HLA-B*51:03,EILELPEKI,0.665,1.93,18963.92
HLA-B*51:03,ILELPEKIL,17.824,40.742,41569.75
HLA-B*51:03,LELPEKILT,27.167,38.78,41229.76
HLA-B*51:03,ELPEKILTC,4.556,18.734,36009.9
HLA-B*51:03,LPEKILTCR,13.4,24.674,38005.5
HLA-B*51:03,PEKILTCRF,38.0,62.087,44443.9
HLA-B*51:03,EKILTCRFK,61.429,73.946,45630.41
HLA-B*51:03,KILTCRFKM,47.75,38.416,41162.92
HLA-B*51:03,ILTCRFKMY,29.955,29.957,39399.37
HLA-B*51:03,LTCRFKMYM,16.196,9.324,30870.35
HLA-B*51:03,TCRFKMYMK,49.714,76.312,45847.65
HLA-B*51:03,CRFKMYMKP,40.375,29.906,39387.02
HLA-B*51:03,RFKMYMKPI,37.368,28.359,39010.38
HLA-B*51:03,FKMYMKPIG,68.182,37.808,41049.93
HLA-B*51:03,KMYMKPIGV,6.451,8.904,30513.71
HLA-B*51:03,MYMKPIGVN,63.214,36.764,40850.99
HLA-B*51:03,YMKPIGVNM,2.465,6.204,27700.1
HLA-B*51:03,MKPIGVNME,51.852,82.18,46378.52
HLA-B*51:03,KPIGVNMEH,7.938,33.459,40185.1
HLA-B*51:03,PIGVNMEHL,52.778,72.5,45493.86
HLA-B*51:03,IGVNMEHLA,14.398,14.795,34295.66
HLA-B*51:03,GVNMEHLAD,91.667,88.553,46979.53
HLA-B*51:03,VNMEHLADA,16.916,19.694,36370.54
HLA-B*51:03,NMEHLADAG,86.667,64.793,44741.12
HLA-B*51:03,MEHLADAGR,47.375,54.088,43504.25
HLA-B*51:03,EHLADAGRV,15.313,13.691,33736.97
HLA-B*51:03,HLADAGRVL,7.852,22.138,37218.87
HLA-B*51:03,LADAGRVLV,1.136,1.857,18646.92
HLA-B*51:03,ADAGRVLVY,21.009,46.9,42535.67
HLA-B*51:03,DAGRVLVYI,0.144,0.123,4579.74
HLA-B*51:03,AGRVLVYIV,9.785,8.796,30419.42
HLA-B*51:03,GRVLVYIVI,28.796,41.791,41741.0
HLA-B*51:03,RVLVYIVIF,21.0,40.606,41546.8
HLA-B*51:03,VLVYIVIFF,26.25,37.703,41029.95
HLA-B*51:03,LVYIVIFFL,8.936,11.374,32348.58
HLA-B*51:03,VYIVIFFLE,62.857,71.994,45446.12
HLA-B*51:03,YIVIFFLEG,53.333,40.699,41562.56
HLA-B*51:03,IVIFFLEGF,18.909,15.816,34778.83
HLA-B*51:03,VIFFLEGFA,40.312,15.233,34505.2
HLA-B*51:03,IFFLEGFAW,11.66,12.823,33253.52
HLA-B*51:03,FFLEGFAWS,68.182,48.062,42708.15
HLA-B*51:03,FLEGFAWSL,12.271,13.874,33837.86
HLA-B*51:03,LEGFAWSLE,72.857,54.209,43519.8
HLA-B*51:03,EGFAWSLER,11.972,21.246,36924.88
HLA-B*51:03,GFAWSLERE,93.333,95.911,48094.57
HLA-B*51:03,FAWSLEREK,7.801,9.579,31075.79
HLA-B*51:03,AWSLEREKV,36.524,62.043,44439.12
HLA-B*51:03,WSLEREKVT,27.13,34.41,40381.66
HLA-B*51:03,SLEREKVTE,73.571,95.005,47682.12
HLA-B*51:03,LEREKVTEN,34.962,62.298,44467.01
HLA-B*51:03,EREKVTENR,56.25,95.018,47688.33
HLA-B*51:03,REKVTENRE,79.167,95.934,48104.99
HLA-B*51:03,EKVTENREG,77.5,91.816,47322.34
HLA-B*51:03,KVTENREGP,58.5,81.309,46298.81
HLA-B*51:03,VTENREGPN,97.5,94.282,47599.13
HLA-B*51:03,TENREGPNG,58.25,70.772,45331.2
HLA-B*51:03,ENREGPNGR,46.333,89.289,47050.75
HLA-B*51:03,NREGPNGRA,50.926,75.626,45786.2
HLA-B*51:03,REGPNGRAL,16.009,39.779,41405.89
HLA-B*51:03,EGPNGRALD,56.25,65.62,44824.96
HLA-B*51:03,GPNGRALDN,61.786,65.359,44799.24
HLA-B*51:03,PNGRALDNR,97.5,97.937,49029.29
HLA-B*51:03,NGRALDNRD,90.0,76.705,45882.88
HLA-B*51:03,GRALDNRDL,67.273,86.726,46803.46
HLA-B*51:03,RALDNRDLR,40.312,68.425,45102.26
HLA-B*51:03,ALDNRDLRR,41.083,93.339,47493.16
HLA-B*51:03,LDNRDLRRP,59.0,72.928,45534.22
HLA-B*51:03,DNRDLRRPH,31.0,71.002,45352.81
HLA-B*51:03,NRDLRRPHK,57.5,90.897,47219.55
HLA-B*51:03,RDLRRPHKT,40.688,78.45,46039.53
HLA-B*51:03,DLRRPHKTI,1.425,2.458,20699.36
HLA-B*51:03,LRRPHKTIN,93.333,93.339,47493.16
HLA-B*51:03,RRPHKTINA,53.148,82.393,46398.08
HLA-B*51:03,RPHKTINAL,0.626,3.439,23176.46
HLA-B*51:03,PHKTINALV,24.922,30.427,39509.52
HLA-B*51:03,HKTINALVS,56.0,68.12,45071.99
HLA-B*51:03,KTINALVSG,50.185,52.808,43339.37
HLA-B*51:03,TINALVSGT,44.455,49.286,42881.3
HLA-B*51:03,INALVSGTH,46.222,59.56,44163.5
HLA-B*51:03,NALVSGTHC,4.133,7.959,29671.77
HLA-B*51:03,ALVSGTHCE,68.182,89.595,47080.28
HLA-B*51:03,LVSGTHCES,46.111,52.217,43263.47
HLA-B*51:03,VSGTHCESA,29.114,30.688,39570.69
HLA-B*51:03,SGTHCESAN,97.5,87.989,46925.17
HLA-B*51:03,GTHCESANI,22.69,14.421,34112.46
HLA-B*51:03,THCESANIL,10.761,19.76,36395.34
HLA-B*51:03,HCESANILA,33.75,44.598,42188.71
HLA-B*51:03,CESANILAA,24.208,9.19,30757.34
HLA-B*51:03,ESANILAAD,44.636,35.731,40649.05
HLA-B*51:03,SANILAADA,13.244,8.464,30129.21
HLA-B*51:03,ANILAADAK,59.0,80.465,46221.72
HLA-B*51:03,NILAADAKV,8.21,7.033,28714.16
HLA-B*51:03,ILAADAKVL,9.921,24.904,38073.41
HLA-B*51:03,LAADAKVLA,3.88,5.735,27083.68
HLA-B*51:03,AADAKVLAK,19.811,61.621,44392.97
HLA-B*51:03,ADAKVLAKG,63.571,70.303,45287.08
HLA-B*51:03,DAKVLAKGD,34.577,39.699,41392.01
HLA-B*51:03,AKVLAKGDA,74.286,86.195,46752.36
HLA-B*51:03,KVLAKGDAN,90.0,91.766,47316.73
HLA-B*51:03,VLAKGDANS,74.286,83.089,46461.89
HLA-B*51:03,LAKGDANSV,1.21,2.45,20673.84
HLA-B*51:03,AKGDANSVG,86.667,95.566,47937.16
HLA-B*51:03,KGDANSVGP,59.75,83.45,46495.07
HLA-B*51:03,GDANSVGPV,36.714,36.464,40792.7
HLA-B*51:03,DANSVGPVS,3.506,5.904,27312.61
HLA-B*51:03,ANSVGPVSV,7.012,25.579,38263.78
HLA-B*51:03,NSVGPVSVS,23.759,30.518,39530.9
HLA-B*51:03,SVGPVSVSA,6.555,14.094,33952.66
HLA-B*51:03,VGPVSVSAI,2.789,3.596,23510.61
HLA-B*51:03,GPVSVSAIS,24.922,23.912,37779.19
HLA-B*51:03,PVSVSAISY,30.541,60.567,44277.86
HLA-B*51:03,VSVSAISYA,7.936,7.937,29650.27
HLA-B*51:03,SVSAISYAT,26.9,28.253,38983.8
HLA-B*51:03,VSAISYATP,13.158,11.224,32248.99
HLA-B*51:03,SAISYATPV,0.893,0.286,7530.02
HLA-B*51:03,AISYATPVQ,72.143,90.714,47199.12
HLA-B*51:03,ISYATPVQE,12.153,30.077,39427.5
HLA-B*51:03,SYATPVQEA,12.868,29.986,39406.2
HLA-B*51:03,YATPVQEAH,8.618,28.329,39002.79
HLA-B*51:03,ATPVQEAHA,27.833,53.738,43459.11
HLA-B*51:03,TPVQEAHAI,0.057,0.245,6811.55
HLA-B*51:03,PVQEAHAIP,42.154,56.784,43833.11
HLA-B*51:03,VQEAHAIPL,18.445,21.966,37164.16
HLA-B*51:03,QEAHAIPLA,9.797,20.529,36674.43
HLA-B*51:03,EAHAIPLAD,11.705,10.483,31726.73
HLA-B*51:03,AHAIPLADH,44.455,84.693,46609.42
HLA-B*51:03,HAIPLADHR,8.294,35.417,40586.66
HLA-B*51:03,AIPLADHRS,63.214,90.206,47142.48
HLA-B*51:03,IPLADHRSP,3.474,5.574,26868.27
HLA-B*51:03,PLADHRSPD,95.0,96.12,48190.41
HLA-B*51:03,LADHRSPDD,50.926,73.231,45562.8
HLA-B*51:03,ADHRSPDDQ,93.333,97.731,48933.35
HLA-B*51:03,DHRSPDDQR,40.625,84.792,46618.5
HLA-B*51:03,HRSPDDQRS,68.182,96.07,48167.48
HLA-B*51:03,RSPDDQRSP,32.258,74.322,45665.96
HLA-B*51:03,SPDDQRSPK,14.414,44.057,42102.98
HLA-B*51:03,PDDQRSPKE,80.0,97.324,48744.72
HLA-B*51:03,DDQRSPKEA,13.464,38.426,41164.7
HLA-B*51:03,DQRSPKEAT,10.865,36.027,40708.03
HLA-B*51:03,QRSPKEATC,24.312,79.945,46174.23
HLA-B*51:03,RSPKEATCP,48.625,71.357,45386.16
HLA-B*51:03,SPKEATCPA,3.498,3.048,22249.38
HLA-B*51:03,PKEATCPAS,93.333,95.796,48042.05
HLA-B*51:03,KEATCPASG,80.0,77.032,45912.18
HLA-B*51:03,EATCPASGE,42.538,49.182,42866.93
HLA-B*51:03,ATCPASGEQ,66.364,91.482,47285.0
HLA-B*51:03,TCPASGEQP,39.824,72.077,45454.0
HLA-B*51:03,CPASGEQPL,1.786,1.247,15777.26
HLA-B*51:03,PASGEQPLR,54.815,89.221,47044.13
HLA-B*51:03,ASGEQPLRP,32.806,64.908,44753.7
HLA-B*51:03,SGEQPLRPS,46.0,62.865,44529.11
HLA-B*51:03,GEQPLRPSA,17.87,40.609,41547.26
HLA-B*51:03,EQPLRPSAT,14.127,48.042,42705.37
HLA-B*51:03,QPLRPSATP,3.04,6.602,28198.76
HLA-B*51:03,PLRPSATPR,75.833,93.943,47561.05
HLA-B*51:03,LRPSATPRM,11.229,32.052,39883.62
HLA-B*51:03,RPSATPRMV,0.612,1.977,19161.93
HLA-B*51:03,PSATPRMVE,65.909,88.8,47003.44
HLA-B*51:03,SATPRMVEL,0.606,3.602,23523.33
HLA-B*51:03,ATPRMVELY,21.114,38.702,41215.48
HLA-B*51:03,TPRMVELYE,10.953,14.409,34106.57
HLA-B*51:03,PRMVELYEL,28.327,45.23,42287.43
HLA-B*51:03,RMVELYELE,54.259,66.033,44865.71
HLA-B*51:03,MVELYELEW,9.97,9.123,30700.48
HLA-B*51:03,VELYELEWG,90.0,69.208,45179.9
HLA-B*51:03,ELYELEWGG,30.216,23.424,37624.57
HLA-B*51:03,LYELEWGGG,95.0,86.632,46794.35
HLA-B*51:03,YELEWGGGR,39.529,52.71,43326.71
HLA-B*51:03,ELEWGGGRG,77.5,76.213,45838.73
HLA-B*51:03,LEWGGGRGF,10.598,14.56,34180.45
HLA-B*51:03,EWGGGRGFQ,93.333,96.284,48265.55
HLA-B*51:03,WGGGRGFQA,30.135,27.058,38663.29
HLA-B*51:03,GGGRGFQAH,63.929,94.103,47579.06
HLA-B*51:03,GGRGFQAHH,57.25,87.042,46833.87
HLA-B*51:03,GRGFQAHHF,32.871,69.39,45198.0
HLA-B*51:03,RGFQAHHFQ,38.056,55.168,43641.92
HLA-B*51:03,GFQAHHFQK,70.714,85.495,46685.11
HLA-B*51:03,FQAHHFQKS,18.305,35.278,40559.0
HLA-B*51:03,QAHHFQKSP,9.143,20.254,36575.74
HLA-B*51:03,AHHFQKSPS,61.429,70.543,45309.63
HLA-B*51:03,HHFQKSPSL,1.87,7.369,29084.37
HLA-B*51:03,HFQKSPSLG,58.5,60.228,44240.98
HLA-B*51:03,FQKSPSLGG,29.568,38.823,41237.79
HLA-B*51:03,QKSPSLGGY,36.619,78.477,46042.03
HLA-B*51:03,KSPSLGGYE,65.455,81.134,46282.78
HLA-B*51:03,SPSLGGYED,31.676,29.973,39403.2
HLA-B*51:03,PSLGGYEDV,22.79,37.314,40956.32
HLA-B*51:03,SLGGYEDVF,34.654,49.444,42903.13
HLA-B*51:03,LGGYEDVFQ,91.667,94.497,47623.36
HLA-B*51:03,GGYEDVFQI,2.633,5.225,26372.87
HLA-B*51:03,GYEDVFQIE,72.143,95.486,47900.86
HLA-B*51:03,YEDVFQIEK,18.39,39.1,41287.79
HLA-B*51:03,EDVFQIEKV,4.011,9.224,30785.97
HLA-B*51:03,DVFQIEKVE,16.596,29.748,39349.09
HLA-B*51:03,VFQIEKVEA,32.29,48.675,42795.58
HLA-B*51:03,FQIEKVEAK,13.541,36.252,40751.66
HLA-B*51:03,QIEKVEAKH,51.296,95.129,47738.39
HLA-B*51:03,IEKVEAKHL,7.952,37.632,41016.64
HLA-B*51:03,EKVEAKHLL,3.596,17.851,35667.51
HLA-B*51:03,KVEAKHLLE,58.25,84.841,46623.04
HLA-B*51:03,VEAKHLLER,27.944,58.044,43982.76
HLA-B*51:03,EAKHLLERN,32.065,44.474,42169.07
HLA-B*51:03,AKHLLERNW,30.568,57.724,43944.71
HLA-B*51:03,KHLLERNWC,71.429,76.523,45866.52
HLA-B*51:03,HLLERNWCS,38.556,34.526,40405.7
HLA-B*51:03,LLERNWCSV,35.917,14.059,33935.76
HLA-B*51:03,LERNWCSVS,51.852,40.742,41569.75
HLA-B*51:03,ERNWCSVST,53.889,50.952,43101.34
HLA-B*51:03,RNWCSVSTG,75.833,34.095,40316.6
HLA-B*51:03,NWCSVSTGL,30.135,42.777,41903.91
HLA-B*51:03,WCSVSTGLF,24.597,12.634,33140.73
HLA-B*51:03,CSVSTGLFL,13.933,3.871,24052.73
HLA-B*51:03,SVSTGLFLV,4.311,5.198,26333.24
HLA-B*51:03,VSTGLFLVF,4.132,3.407,23099.1
HLA-B*51:03,STGLFLVFG,73.571,55.956,43735.07
HLA-B*51:03,TGLFLVFGE,62.143,49.973,42976.07
HLA-B*51:03,GLFLVFGEG,75.0,55.96,43735.52
HLA-B*51:03,LFLVFGEGS,76.667,68.253,45085.16
HLA-B*51:03,FLVFGEGSA,46.444,29.799,39361.45
HLA-B*51:03,LVFGEGSAM,7.66,8.165,29858.87
HLA-B*51:03,VFGEGSAMF,15.302,22.28,37263.61
HLA-B*51:03,FGEGSAMFL,9.232,10.253,31560.68
HLA-B*51:03,GEGSAMFLD,93.333,73.178,45557.89
HLA-B*51:03,EGSAMFLDL,5.949,6.209,27705.8
HLA-B*51:03,GSAMFLDLR,52.407,75.089,45738.15
HLA-B*51:03,SAMFLDLRR,29.682,26.41,38490.51
HLA-B*51:03,AMFLDLRRL,7.023,13.999,33906.78
HLA-B*51:03,MFLDLRRLS,42.0,43.074,41952.45
HLA-B*51:03,FLDLRRLSN,43.182,50.547,43049.61
HLA-B*51:03,LDLRRLSNV,8.696,11.002,32103.12
HLA-B*51:03,DLRRLSNVD,50.185,47.858,42678.11
HLA-B*51:03,LRRLSNVDA,47.25,54.037,43497.69
HLA-B*51:03,RRLSNVDAG,80.0,80.86,46257.75
HLA-B*51:03,RLSNVDAGF,26.417,42.496,41857.24
HLA-B*51:03,LSNVDAGFD,95.0,57.072,43867.27
HLA-B*51:03,SNVDAGFDL,20.325,30.542,39536.46
HLA-B*51:03,NVDAGFDLM,9.747,16.61,35137.38
HLA-B*51:03,VDAGFDLMV,13.896,13.404,33580.01
HLA-B*51:03,DAGFDLMVM,1.624,1.722,18065.44
HLA-B*51:03,AGFDLMVMA,10.503,15.58,34667.62
HLA-B*51:03,GFDLMVMAA,40.188,52.433,43291.1
HLA-B*51:03,FDLMVMAAI,5.697,1.682,17890.77
HLA-B*51:03,DLMVMAAIH,21.526,28.553,39058.54
HLA-B*51:03,LMVMAAIHV,7.394,4.753,25661.02
HLA-B*51:03,MVMAAIHVY,4.924,3.289,22817.41
HLA-B*51:03,VMAAIHVYS,47.375,37.323,40958.09
HLA-B*51:03,MAAIHVYSS,6.029,4.432,25134.52
HLA-B*51:03,AAIHVYSSA,3.79,5.094,26184.08
HLA-B*51:03,AIHVYSSAG,69.545,60.299,44248.63
HLA-B*51:03,IHVYSSAGF,13.331,16.924,35278.34
HLA-B*51:03,HVYSSAGFN,43.273,35.391,40581.4
HLA-B*51:03,VYSSAGFNE,62.143,71.989,45445.65
HLA-B*51:03,YSSAGFNED,59.5,42.757,41900.75
HLA-B*51:03,SSAGFNEDS,75.0,76.307,45847.15
HLA-B*51:03,SAGFNEDSS,58.25,56.076,43749.25
HLA-B*51:03,AGFNEDSSI,4.389,6.833,28475.62
HLA-B*51:03,GFNEDSSIV,32.516,46.511,42478.65
HLA-B*51:03,FNEDSSIVV,4.285,7.374,29089.41
HLA-B*51:03,NEDSSIVVP,11.476,33.987,40294.38
HLA-B*51:03,EDSSIVVPD,62.5,53.895,43479.32
HLA-B*51:03,DSSIVVPDI,0.567,0.506,10456.61
HLA-B*51:03,SSIVVPDIS,30.892,36.341,40768.88
HLA-B*51:03,SIVVPDISV,5.984,9.449,30976.42
HLA-B*51:03,IVVPDISVA,8.547,12.481,33049.79
HLA-B*51:03,VVPDISVAT,19.446,40.024,41448.48
HLA-B*51:03,VPDISVATD,15.78,17.053,35334.88
HLA-B*51:03,PDISVATDL,32.258,57.216,43884.36
HLA-B*51:03,DISVATDLS,32.516,38.63,41202.12
HLA-B*51:03,ISVATDLSK,43.818,47.446,42616.75
HLA-B*51:03,SVATDLSKA,16.956,26.429,38495.5
HLA-B*51:03,VATDLSKAF,2.012,6.107,27577.5
HLA-B*51:03,ATDLSKAFA,21.86,31.386,39732.0
HLA-B*51:03,TDLSKAFAP,32.097,39.627,41379.46
HLA-B*51:03,DLSKAFAPL,5.873,5.169,26291.1
HLA-B*51:03,LSKAFAPLN,48.875,24.701,38013.32
HLA-B*51:03,SKAFAPLNL,11.613,28.129,38953.04
HLA-B*51:03,KAFAPLNLK,15.989,30.016,39413.45
HLA-B*51:03,AFAPLNLKK,50.926,75.764,45798.57
HLA-B*51:03,FAPLNLKKH,18.976,45.767,42368.47
HLA-B*51:03,APLNLKKHK,31.059,66.496,44911.36
HLA-B*51:03,PLNLKKHKQ,90.0,97.205,48689.36
HLA-B*51:03,LNLKKHKQL,6.988,25.7,38297.75
HLA-B*51:03,NLKKHKQLS,43.727,63.91,44643.93
HLA-B*51:03,LKKHKQLSN,88.333,92.338,47380.76
HLA-B*51:03,KKHKQLSNY,48.5,82.311,46390.57
HLA-B*51:03,KHKQLSNYS,67.727,81.818,46345.41
HLA-B*51:03,HKQLSNYSV,9.989,21.627,37051.32
HLA-B*51:03,KQLSNYSVM,13.407,20.938,36821.15
HLA-B*51:03,QLSNYSVMS,55.0,64.152,44670.51
HLA-B*51:03,LSNYSVMSD,56.0,31.343,39722.11
HLA-B*51:03,SNYSVMSDG,63.929,46.796,42520.48
HLA-B*51:03,NYSVMSDGL,30.649,32.542,39990.35
HLA-B*51:03,YSVMSDGLP,33.179,14.397,34100.28
HLA-B*51:03,SVMSDGLPV,5.348,2.425,20592.36
HLA-B*51:03,VMSDGLPVL,4.898,12.787,33232.29
HLA-B*51:03,MSDGLPVLS,24.377,22.585,37359.7
HLA-B*51:03,SDGLPVLSP,28.327,49.785,42950.03
HLA-B*51:03,DGLPVLSPD,41.583,16.132,34924.39
HLA-B*51:03,GLPVLSPDF,35.833,50.974,43104.14
HLA-B*51:03,LPVLSPDFN,32.452,12.22,32894.95
HLA-B*51:03,PVLSPDFNL,19.98,31.599,39780.61
HLA-B*51:03,VLSPDFNLD,58.25,63.471,44595.64
HLA-B*51:03,LSPDFNLDF,8.89,10.645,31843.31
HLA-B*51:03,SPDFNLDFF,2.793,3.854,24019.98
HLA-B*51:03,PDFNLDFFT,63.929,68.716,45131.07
HLA-B*51:03,DFNLDFFTQ,36.571,51.678,43194.25
HLA-B*51:03,FNLDFFTQF,2.549,4.357,24990.8
HLA-B*51:03,NLDFFTQFQ,50.37,70.12,45269.94
HLA-B*51:03,LDFFTQFQA,13.879,7.335,29046.63
HLA-B*51:03,DFFTQFQAA,4.633,5.701,27038.58
HLA-B*51:03,FFTQFQAAH,43.909,51.422,43161.53
HLA-B*51:03,FTQFQAAHT,31.412,23.705,37713.44
HLA-B*51:03,TQFQAAHTW,1.681,3.714,23741.18
HLA-B*51:03,QFQAAHTWN,86.667,85.026,46640.18
HLA-B*51:03,FQAAHTWNE,31.471,36.807,40859.39
HLA-B*51:03,QAAHTWNEP,14.108,20.453,36647.05
HLA-B*51:03,AAHTWNEPQ,58.5,69.582,45217.07
HLA-B*51:03,AHTWNEPQR,69.091,95.136,47741.5
HLA-B*51:03,HTWNEPQRL,2.38,8.915,30523.61
HLA-B*51:03,TWNEPQRLM,9.779,30.066,39424.96
HLA-B*51:03,WNEPQRLMS,52.037,60.852,44309.0
HLA-B*51:03,NEPQRLMSF,3.389,15.796,34769.41
HLA-B*51:03,EPQRLMSFG,16.502,6.877,28528.67
HLA-B*51:03,PQRLMSFGG,95.0,72.286,45473.68
HLA-B*51:03,QRLMSFGGF,40.562,39.357,41332.5
HLA-B*51:03,RLMSFGGFQ,81.25,72.458,45489.9
HLA-B*51:03,LMSFGGFQD,83.75,52.728,43329.06
HLA-B*51:03,MSFGGFQDV,1.45,0.651,11706.31
HLA-B*51:03,SFGGFQDVN,95.0,91.102,47242.55
HLA-B*51:03,FGGFQDVNA,32.871,29.568,39306.12
HLA-B*51:03,GGFQDVNAA,23.448,31.147,39677.43
HLA-B*51:03,GFQDVNAAA,40.875,59.084,44106.66
HLA-B*51:03,FQDVNAAAG,52.593,33.659,40226.4
HLA-B*51:03,QDVNAAAGR,72.857,93.092,47465.42
HLA-B*51:03,DVNAAAGRL,3.938,7.164,28857.12
HLA-B*51:03,VNAAAGRLQ,72.857,82.848,46439.78
HLA-B*51:03,NAAAGRLQT,11.778,20.791,36768.18
HLA-B*51:03,AAAGRLQTH,14.111,56.436,43791.88
HLA-B*51:03,AAGRLQTHH,43.636,82.103,46371.48
HLA-B*51:03,AGRLQTHHA,15.403,29.199,39217.76
HLA-B*51:03,GRLQTHHAF,13.679,46.969,42545.79
HLA-B*51:03,RLQTHHAFK,66.818,68.839,45143.26
HLA-B*51:03,LQTHHAFKH,45.4,66.678,44929.35
HLA-B*51:03,QTHHAFKHK,28.143,63.862,44638.6
HLA-B*51:03,THHAFKHKP,26.067,40.604,41546.38
HLA-B*51:03,HHAFKHKPL,13.76,26.072,38401.08
HLA-B*51:03,HAFKHKPLF,0.404,0.992,14315.19
HLA-B*51:03,AFKHKPLFD,93.333,96.065,48164.87
HLA-B*51:03,FKHKPLFDD,88.333,77.486,45952.95
HLA-B*51:03,KHKPLFDDD,91.667,93.124,47469.03
HLA-B*51:03,HKPLFDDDP,83.75,92.864,47439.74
HLA-B*51:03,KPLFDDDPA,34.654,21.084,36871.38
HLA-B*51:03,PLFDDDPAW,21.193,36.35,40770.64
HLA-B*51:03,LFDDDPAWT,53.704,73.325,45571.68
HLA-B*51:03,FDDDPAWTV,1.337,5.564,26855.19
HLA-B*51:03,DDDPAWTVS,27.926,51.375,43155.46
HLA-B*51:03,DDPAWTVST,18.53,33.84,40263.86
HLA-B*51:03,DPAWTVSTI,0.008,0.01,1038.1
HLA-B*51:03,PAWTVSTID,57.5,40.896,41595.84
HLA-B*51:03,AWTVSTIDA,71.429,77.968,45996.23
HLA-B*51:03,WTVSTIDAD,85.0,45.87,42384.08
HLA-B*51:03,TVSTIDADV,14.538,14.002,33908.24
HLA-B*51:03,VSTIDADVL,16.493,19.832,36422.13
HLA-B*51:03,STIDADVLT,18.933,33.383,40169.45
HLA-B*51:03,TIDADVLTE,48.625,83.401,46490.54
HLA-B*51:03,IDADVLTES,41.25,63.339,44581.18
HLA-B*51:03,DADVLTESA,1.488,3.207,22622.23
HLA-B*51:03,ADVLTESAW,20.789,37.262,40946.58
HLA-B*51:03,DVLTESAWI,2.055,1.184,15447.37
HLA-B*51:03,VLTESAWID,61.786,65.65,44827.85
HLA-B*51:03,LTESAWIDK,74.286,78.461,46040.54
HLA-B*51:03,TESAWIDKI,3.259,4.222,24731.23
HLA-B*51:03,ESAWIDKIR,30.73,55.74,43709.52
HLA-B*51:03,SAWIDKIRN,31.647,31.181,39685.16
HLA-B*51:03,AWIDKIRNF,12.648,43.589,42031.07
HLA-B*51:03,WIDKIRNFH,54.074,71.221,45373.41
HLA-B*51:03,IDKIRNFHK,64.643,86.358,46768.04
HLA-B*51:03,DKIRNFHKT,19.331,28.415,39024.32
HLA-B*51:03,KIRNFHKTI,11.803,17.757,35628.18
HLA-B*51:03,IRNFHKTIF,18.72,42.921,41927.95
HLA-B*51:03,RNFHKTIFC,28.98,39.38,41336.52
HLA-B*51:03,NFHKTIFCG,51.111,36.72,40842.59
HLA-B*51:03,FHKTIFCGD,81.25,45.982,42401.03
HLA-B*51:03,HKTIFCGDD,100.0,95.307,47819.55
HLA-B*51:03,KTIFCGDDL,49.0,44.552,42181.39
HLA-B*51:03,TIFCGDDLY,22.58,17.554,35543.47
HLA-B*51:03,IFCGDDLYS,86.667,84.77,46616.49
HLA-B*51:03,FCGDDLYSF,13.607,24.664,38002.61
HLA-B*51:03,CGDDLYSFN,82.5,57.544,43923.32
HLA-B*51:03,GDDLYSFNG,86.667,86.389,46771.09
HLA-B*51:03,DDLYSFNGN,71.429,64.257,44682.09
HLA-B*51:03,DLYSFNGNN,46.778,34.744,40450.75
HLA-B*51:03,LYSFNGNNH,65.455,82.913,46445.8
HLA-B*51:03,YSFNGNNHH,19.696,35.934,40689.55
HLA-B*51:03,SFNGNNHHV,13.43,25.425,38220.74
HLA-B*51:03,FNGNNHHVW,8.473,10.804,31958.95
HLA-B*51:03,NGNNHHVWV,4.734,5.967,27397.86
HLA-B*51:03,GNNHHVWVD,93.333,89.679,47088.42
HLA-B*51:03,NNHHVWVDI,6.946,7.018,28696.77
HLA-B*51:03,NHHVWVDIA,26.6,15.046,34417.59
HLA-B*51:03,HHVWVDIAA,14.318,15.907,34821.74
HLA-B*51:03,HVWVDIAAI,3.433,2.425,20592.36
HLA-B*51:03,VWVDIAAIR,62.143,80.926,46263.74
HLA-B*51:03,WVDIAAIRT,35.542,38.903,41252.53
HLA-B*51:03,VDIAAIRTQ,37.316,66.033,44865.71
HLA-B*51:03,DIAAIRTQD,27.685,47.904,42685.05
HLA-B*51:03,IAAIRTQDN,56.5,49.586,42922.64
HLA-B*51:03,AAIRTQDNC,25.418,36.739,40846.14
HLA-B*51:03,AIRTQDNCL,32.355,50.259,43012.81
HLA-B*51:03,IRTQDNCLA,63.929,62.948,44538.27
HLA-B*51:03,RTQDNCLAF,9.299,15.244,34510.43
HLA-B*51:03,TQDNCLAFS,62.5,58.792,44071.86
HLA-B*51:03,QDNCLAFSV,15.425,6.106,27576.01
HLA-B*51:03,DNCLAFSVT,24.104,19.683,36366.6
HLA-B*51:03,NCLAFSVTR,15.194,48.99,42840.51
HLA-B*51:03,CLAFSVTRT,65.455,50.715,43071.05
HLA-B*51:03,LAFSVTRTL,0.151,0.233,6612.57
HLA-B*51:03,AFSVTRTLA,45.6,53.311,43404.12
HLA-B*51:03,FSVTRTLAR,19.757,31.028,39650.39
HLA-B*51:03,SVTRTLARR,45.2,70.694,45323.86
HLA-B*51:03,VTRTLARRG,71.429,64.069,44661.32
HLA-B*51:03,TRTLARRGV,28.633,46.959,42544.42
HLA-B*51:03,RTLARRGVS,77.5,71.143,45366.06
HLA-B*51:03,TLARRGVSE,49.143,70.35,45291.49
HLA-B*51:03,LARRGVSEQ,40.938,62.166,44452.56
HLA-B*51:03,ARRGVSEQN,82.5,95.693,47995.29
HLA-B*51:03,RRGVSEQNI,33.929,52.294,43273.29
HLA-B*51:03,RGVSEQNIA,25.104,47.61,42641.19
HLA-B*51:03,GVSEQNIAI,10.307,21.042,36857.4
HLA-B*51:03,VSEQNIAIY,19.682,32.363,39951.42
HLA-B*51:03,SEQNIAIYH,19.561,58.964,44092.36
HLA-B*51:03,EQNIAIYHC,8.922,26.316,38465.52
HLA-B*51:03,QNIAIYHCS,43.636,40.878,41592.7
HLA-B*51:03,NIAIYHCSG,51.111,28.631,39077.99
HLA-B*51:03,IAIYHCSGA,9.701,5.329,26522.83
HLA-B*51:03,AIYHCSGAN,95.0,71.623,45411.23
HLA-B*51:03,IYHCSGANY,28.408,28.961,39160.51
HLA-B*51:03,YHCSGANYL,10.965,14.039,33926.22
HLA-B*51:03,HCSGANYLI,6.568,9.443,30971.39
HLA-B*51:03,CSGANYLID,97.5,45.445,42319.92
HLA-B*51:03,SGANYLIDS,66.818,63.185,44564.3
HLA-B*51:03,GANYLIDST,33.714,40.484,41526.15
HLA-B*51:03,ANYLIDSTG,51.296,36.893,40876.18
HLA-B*51:03,NYLIDSTGT,59.5,69.109,45170.14
HLA-B*51:03,YLIDSTGTC,19.601,25.691,38295.26
HLA-B*51:03,LIDSTGTCS,57.5,66.388,44900.68
HLA-B*51:03,IDSTGTCSP,49.143,62.715,44512.75
HLA-B*51:03,DSTGTCSPP,26.0,15.417,34591.18
HLA-B*51:03,STGTCSPPI,23.805,8.425,30094.03
HLA-B*51:03,TGTCSPPIK,68.636,71.133,45365.07
HLA-B*51:03,GTCSPPIKT,32.677,79.369,46122.3
HLA-B*51:03,TCSPPIKTT,12.241,42.163,41802.02
HLA-B*51:03,CSPPIKTTL,1.994,5.396,26618.84
HLA-B*51:03,SPPIKTTLN,17.834,28.542,39056.0
HLA-B*51:03,PPIKTTLNT,4.889,10.954,32068.04
HLA-B*51:03,PIKTTLNTR,65.455,93.957,47562.59
HLA-B*51:03,IKTTLNTRT,60.357,81.818,46345.41
HLA-B*51:03,KTTLNTRTT,43.909,61.353,44363.69
HLA-B*51:03,TTLNTRTTR,29.318,62.21,44457.38
HLA-B*51:03,TLNTRTTRE,61.786,83.363,46487.04
HLA-B*51:03,LNTRTTREL,8.713,25.269,38176.95
HLA-B*51:03,NTRTTRELI,4.133,4.506,25276.87
HLA-B*51:03,TRTTRELIT,51.852,79.9,46170.24
HLA-B*51:03,RTTRELITS,60.714,68.233,45083.21
HLA-B*51:03,TTRELITSQ,28.612,59.228,44123.84
HLA-B*51:03,TRELITSQI,7.632,15.157,34469.39
HLA-B*51:03,RELITSQIT,48.5,53.403,43415.86
HLA-B*51:03,ELITSQITR,16.329,48.406,42757.15
HLA-B*51:03,LITSQITRV,3.658,6.713,28331.48
HLA-B*51:03,ITSQITRVQ,39.529,58.46,44032.28
HLA-B*51:03,TSQITRVQT,14.137,35.079,40519.52
HLA-B*51:03,SQITRVQTV,0.896,2.524,20898.06
HLA-B*51:03,QITRVQTVV,6.803,11.172,32214.8
HLA-B*51:03,ITRVQTVVF,5.898,8.201,29891.53
HLA-B*51:03,TRVQTVVFE,60.714,81.095,46279.26
HLA-B*51:03,RVQTVVFEK,45.5,59.904,44204.62
HLA-B*51:03,VQTVVFEKP,30.541,37.618,41013.97
HLA-B*51:03,QTVVFEKPS,60.0,53.454,43422.43
HLA-B*51:03,TVVFEKPSN,65.455,73.304,45569.71
HLA-B*51:03,VVFEKPSNL,0.966,3.498,23320.08
HLA-B*51:03,VFEKPSNLQ,59.25,90.284,47151.14
HLA-B*51:03,FEKPSNLQN,34.846,48.692,42797.9
HLA-B*51:03,EKPSNLQNF,8.761,32.669,40018.03
HLA-B*51:03,KPSNLQNFS,25.91,32.343,39947.09
HLA-B*51:03,PSNLQNFSL,21.123,32.76,40037.96
HLA-B*51:03,SNLQNFSLQ,58.75,66.747,44936.16
HLA-B*51:03,NLQNFSLQA,15.041,14.546,34173.41
HLA-B*51:03,LQNFSLQAE,44.636,63.045,44548.88
HLA-B*51:03,QNFSLQAEK,35.5,52.239,43266.26
HLA-B*51:03,NFSLQAEKG,75.0,74.045,45639.79
HLA-B*51:03,FSLQAEKGS,53.519,51.761,43205.0
HLA-B*51:03,SLQAEKGSH,62.857,91.285,47262.99
HLA-B*51:03,LQAEKGSHM,7.781,20.95,36825.52
HLA-B*51:03,QAEKGSHML,3.202,17.136,35369.3
HLA-B*51:03,AEKGSHMLL,8.381,24.943,38084.95
HLA-B*51:03,EKGSHMLLR,54.63,75.858,45806.98
HLA-B*51:03,KGSHMLLRP,45.1,47.337,42600.62
HLA-B*51:03,GSHMLLRPK,50.556,66.998,44960.95
HLA-B*51:03,SHMLLRPKF,6.317,9.492,31012.3
HLA-B*51:03,HMLLRPKFF,8.726,13.688,33735.52
HLA-B*51:03,MLLRPKFFA,18.037,10.473,31719.18
HLA-B*51:03,LLRPKFFAY,7.702,10.86,31999.43
HLA-B*51:03,LRPKFFAYS,46.444,52.035,43240.07
HLA-B*51:03,RPKFFAYSS,12.741,11.983,32753.6
HLA-B*51:03,PKFFAYSSS,65.0,79.358,46121.32
HLA-B*51:03,KFFAYSSSQ,70.714,78.483,46042.53
HLA-B*51:03,FFAYSSSQA,22.25,20.554,36683.16
HLA-B*51:03,FAYSSSQAL,0.173,0.217,6368.57
HLA-B*51:03,AYSSSQALG,75.0,72.056,45452.04
HLA-B*51:03,YSSSQALGM,8.217,8.632,30276.59
HLA-B*51:03,SSSQALGMK,48.25,62.803,44522.36
HLA-B*51:03,SSQALGMKR,38.5,64.978,44761.46
HLA-B*51:03,SQALGMKRT,44.455,66.28,44889.99
HLA-B*51:03,QALGMKRTA,4.22,9.625,31108.75
HLA-B*51:03,ALGMKRTAN,95.0,95.978,48125.28
HLA-B*51:03,LGMKRTANE,42.385,45.973,42399.66
HLA-B*51:03,GMKRTANEV,14.401,29.423,39271.26
HLA-B*51:03,MKRTANEVE,62.143,83.198,46471.96
HLA-B*51:03,KRTANEVEL,40.25,77.016,45910.7
HLA-B*51:03,RTANEVELE,72.857,89.637,47084.35
HLA-B*51:03,TANEVELEE,15.022,38.772,41228.43
HLA-B*51:03,ANEVELEEA,46.444,69.828,45241.54
HLA-B*51:03,NEVELEEAN,56.0,70.219,45279.25
HLA-B*51:03,EVELEEANG,58.0,78.743,46065.94
HLA-B*51:03,VELEEANGV,5.695,12.412,33009.04
HLA-B*51:03,ELEEANGVT,50.926,60.154,44232.82
HLA-B*51:03,LEEANGVTL,7.933,16.384,35036.41
HLA-B*51:03,EEANGVTLI,1.498,3.405,23093.36
HLA-B*51:03,EANGVTLIL,0.37,0.954,14076.67
HLA-B*51:03,ANGVTLILI,11.451,14.153,33981.69
HLA-B*51:03,NGVTLILIT,13.462,13.797,33795.42
HLA-B*51:03,GVTLILITG,72.857,73.596,45597.34
HLA-B*51:03,VTLILITGA,11.506,14.23,34018.86
HLA-B*51:03,TLILITGAV,11.476,6.257,27766.42
HLA-B*51:03,LILITGAVV,5.715,3.399,23080.62
HLA-B*51:03,ILITGAVVK,45.0,60.598,44281.2
HLA-B*51:03,LITGAVVKG,59.0,61.046,44330.09
HLA-B*51:03,ITGAVVKGG,72.857,69.218,45180.89
HLA-B*51:03,TGAVVKGGK,57.5,78.239,46020.62
HLA-B*51:03,GAVVKGGKV,8.175,14.489,34145.7
HLA-B*51:03,AVVKGGKVV,9.623,24.003,37807.8
HLA-B*51:03,VVKGGKVVI,4.292,12.472,33044.79
HLA-B*51:03,VKGGKVVIL,16.062,53.049,43370.32
HLA-B*51:03,KGGKVVILL,11.504,28.688,39092.36
HLA-B*51:03,GGKVVILLK,40.812,72.876,45529.32
HLA-B*51:03,GKVVILLKQ,83.75,96.231,48241.0
HLA-B*51:03,KVVILLKQS,62.143,78.511,46045.03
HLA-B*51:03,VVILLKQSH,27.074,61.964,44430.46
HLA-B*51:03,VILLKQSHW,7.505,13.434,33596.36
HLA-B*51:03,ILLKQSHWL,6.982,12.508,33066.23
HLA-B*51:03,LLKQSHWLS,33.786,31.588,39778.02
HLA-B*51:03,LKQSHWLSG,68.182,51.441,43163.87
HLA-B*51:03,KQSHWLSGD,93.333,90.297,47152.66
HLA-B*51:03,QSHWLSGDY,32.806,28.386,39017.15
HLA-B*51:03,SHWLSGDYD,73.571,51.608,43185.36
HLA-B*51:03,HWLSGDYDE,93.333,95.52,47916.39
HLA-B*51:03,WLSGDYDEG,72.857,64.587,44718.39
HLA-B*51:03,LSGDYDEGE,82.5,93.911,47557.43
HLA-B*51:03,SGDYDEGEM,33.75,50.113,42994.2
HLA-B*51:03,GDYDEGEMV,13.153,28.39,39017.98
HLA-B*51:03,DYDEGEMVI,1.103,5.078,26161.14
HLA-B*51:03,YDEGEMVII,11.853,17.011,35317.29
HLA-B*51:03,DEGEMVIIG,35.625,34.161,40330.12
HLA-B*51:03,EGEMVIIGK,26.4,59.72,44182.61
HLA-B*51:03,GEMVIIGKE,62.143,70.929,45345.94
HLA-B*51:03,EMVIIGKEA,12.028,15.545,34651.11
HLA-B*51:03,MVIIGKEAP,21.456,22.186,37233.78
HLA-B*51:03,VIIGKEAPR,54.815,78.35,46030.57
HLA-B*51:03,IIGKEAPRI,8.718,11.349,32331.79
HLA-B*51:03,IGKEAPRIR,47.0,84.622,46602.87
HLA-B*51:03,GKEAPRIRV,30.946,66.786,44940.04
HLA-B*51:03,KEAPRIRVA,16.076,34.49,40398.27
HLA-B*51:03,EAPRIRVAV,0.406,1.373,16429.51
HLA-B*51:03,APRIRVAVL,0.847,3.458,23222.4
HLA-B*51:03,PRIRVAVLQ,82.5,93.847,47550.23
HLA-B*51:03,RIRVAVLQS,51.111,58.332,44017.04
HLA-B*51:03,IRVAVLQSD,79.167,72.432,45487.46
HLA-B*51:03,RVAVLQSDQ,83.75,95.118,47733.74
HLA-B*51:03,VAVLQSDQW,3.354,5.177,26303.91
HLA-B*51:03,AVLQSDQWM,31.088,39.306,41323.54
HLA-B*51:03,VLQSDQWMV,13.373,11.088,32159.79
HLA-B*51:03,LQSDQWMVT,24.351,30.582,39545.87
HLA-B*51:03,QSDQWMVTS,27.352,40.888,41594.5
HLA-B*51:03,SDQWMVTSK,42.462,63.603,44610.14
HLA-B*51:03,DQWMVTSKA,3.034,2.855,21752.36
HLA-B*51:03,QWMVTSKAL,19.669,29.075,39188.07
HLA-B*51:03,WMVTSKALR,50.37,55.3,43657.52
HLA-B*51:03,MVTSKALRK,28.878,37.014,40899.65
HLA-B*51:03,VTSKALRKP,19.601,37.237,40941.69
HLA-B*51:03,TSKALRKPI,9.143,8.848,30464.87
HLA-B*51:03,SKALRKPIF,24.156,51.473,43168.07
HLA-B*51:03,KALRKPIFK,22.93,54.544,43563.16
HLA-B*51:03,ALRKPIFKD,72.857,82.793,46434.75
HLA-B*51:03,LRKPIFKDL,12.734,40.059,41454.31
HLA-B*51:03,RKPIFKDLQ,85.0,95.913,48095.62
HLA-B*51:03,KPIFKDLQM,1.075,3.548,23416.93
HLA-B*51:03,PIFKDLQMK,63.214,84.545,46595.81
HLA-B*51:03,IFKDLQMKN,68.182,76.611,45874.45
HLA-B*51:03,FKDLQMKNT,45.4,64.82,44744.03
HLA-B*51:03,KDLQMKNTK,56.5,88.153,46940.91
HLA-B*51:03,DLQMKNTKG,34.385,53.18,43387.22
HLA-B*51:03,LQMKNTKGA,20.0,24.556,37970.57
HLA-B*51:03,QMKNTKGAT,57.75,78.3,46026.09
HLA-B*51:03,MKNTKGATP,37.0,47.694,42653.65
HLA-B*51:03,KNTKGATPV,27.833,38.104,41105.48
HLA-B*51:03,NTKGATPVD,52.407,57.364,43901.93
HLA-B*51:03,TKGATPVDE,81.25,96.606,48413.04
HLA-B*51:03,KGATPVDEW,15.754,39.825,41413.96
HLA-B*51:03,GATPVDEWF,6.298,23.646,37694.67
HLA-B*51:03,ATPVDEWFT,62.5,70.705,45324.83
HLA-B*51:03,TPVDEWFTY,1.377,3.059,22274.67
HLA-B*51:03,PVDEWFTYA,26.783,42.864,41918.43
HLA-B*51:03,VDEWFTYAG,73.571,56.396,43787.14
HLA-B*51:03,DEWFTYAGS,27.611,21.92,37148.87
HLA-B*51:03,EWFTYAGSN,86.667,58.224,44004.18
HLA-B*51:03,WFTYAGSNV,28.265,12.089,32817.82
HLA-B*51:03,FTYAGSNVI,0.752,0.286,7517.15
HLA-B*51:03,TYAGSNVIQ,39.882,86.268,46759.45
HLA-B*51:03,YAGSNVIQN,15.396,27.607,38813.36
HLA-B*51:03,AGSNVIQNE,59.25,83.302,46481.49
HLA-B*51:03,GSNVIQNEY,15.418,43.628,42036.97
HLA-B*51:03,SNVIQNEYG,82.5,70.402,45296.39
HLA-B*51:03,NVIQNEYGG,53.704,48.857,42821.5
HLA-B*51:03,VIQNEYGGL,33.679,38.298,41141.07
HLA-B*51:03,IQNEYGGLP,43.0,36.52,40803.73
HLA-B*51:03,QNEYGGLPL,25.522,32.843,40056.17
HLA-B*51:03,NEYGGLPLI,0.78,0.888,13645.08
HLA-B*51:03,EYGGLPLIN,58.5,69.232,45182.35
HLA-B*51:03,YGGLPLINF,10.421,14.945,34369.21
HLA-B*51:03,GGLPLINFG,62.143,54.201,43518.88
HLA-B*51:03,GLPLINFGP,65.455,75.565,45780.73
HLA-B*51:03,LPLINFGPF,1.93,0.257,7015.29
HLA-B*51:03,PLINFGPFK,63.571,75.155,45744.11
HLA-B*51:03,LINFGPFKD,82.5,67.84,45044.21
HLA-B*51:03,INFGPFKDC,16.742,35.68,40638.94
HLA-B*51:03,NFGPFKDCQ,60.714,81.221,46290.78
HLA-B*51:03,FGPFKDCQS,60.714,61.147,44341.12
HLA-B*51:03,GPFKDCQSL,1.419,4.86,25828.71
HLA-B*51:03,PFKDCQSLG,93.333,93.975,47564.64
HLA-B*51:03,FKDCQSLGF,25.597,17.551,35541.93
HLA-B*51:03,KDCQSLGFY,57.25,71.628,45411.73
HLA-B*51:03,DCQSLGFYT,19.378,23.755,37729.35
HLA-B*51:03,CQSLGFYTA,20.854,11.764,32607.57
HLA-B*51:03,QSLGFYTAA,10.802,10.077,31434.58
HLA-B*51:03,SLGFYTAAE,75.833,74.843,45715.41
HLA-B*51:03,LGFYTAAEG,44.818,11.15,32200.18
HLA-B*51:03,GFYTAAEGV,34.423,37.105,40916.91
HLA-B*51:03,FYTAAEGVH,72.857,79.352,46120.81
HLA-B*51:03,YTAAEGVHF,5.413,9.496,31016.32
HLA-B*51:03,TAAEGVHFP,4.026,7.247,28949.37
HLA-B*51:03,AAEGVHFPS,40.375,37.262,40946.58
HLA-B*51:03,AEGVHFPSQ,44.182,80.789,46251.24
HLA-B*51:03,EGVHFPSQL,1.251,4.474,25216.24
HLA-B*51:03,GVHFPSQLK,51.481,70.804,45334.15
HLA-B*51:03,VHFPSQLKS,17.368,29.101,39194.45
HLA-B*51:03,HFPSQLKSL,11.164,39.985,41441.77
HLA-B*51:03,FPSQLKSLS,3.782,2.837,21704.87
HLA-B*51:03,PSQLKSLSP,35.292,46.455,42470.38
HLA-B*51:03,SQLKSLSPE,48.875,59.108,44109.53
HLA-B*51:03,QLKSLSPER,32.258,75.266,45753.99
HLA-B*51:03,LKSLSPERI,10.751,18.005,35732.02
HLA-B*51:03,KSLSPERIN,72.857,79.579,46141.28
HLA-B*51:03,SLSPERINR,35.583,81.495,46315.84
HLA-B*51:03,LSPERINRT,11.056,36.773,40852.76
HLA-B*51:03,SPERINRTS,13.551,24.836,38053.23
HLA-B*51:03,PERINRTSD,95.0,95.621,47962.06
HLA-B*51:03,ERINRTSDS,65.0,85.168,46653.81
HLA-B*51:03,RINRTSDSM,26.65,44.124,42113.44
HLA-B*51:03,INRTSDSMR,72.857,88.937,47016.66
HLA-B*51:03,NRTSDSMRV,24.714,32.244,39925.49
HLA-B*51:03,RTSDSMRVW,12.975,25.784,38321.37
HLA-B*51:03,TSDSMRVWG,52.222,45.03,42257.22
HLA-B*51:03,SDSMRVWGR,42.154,75.836,45805.01
HLA-B*51:03,DSMRVWGRE,29.841,23.464,37637.2
HLA-B*51:03,SMRVWGREL,12.435,14.226,34017.01
HLA-B*51:03,MRVWGRELF,20.732,23.478,37641.69
HLA-B*51:03,RVWGRELFK,30.135,38.002,41086.83
HLA-B*51:03,VWGRELFKY,35.25,53.793,43466.14
HLA-B*51:03,WGRELFKYT,32.871,28.693,39093.64
HLA-B*51:03,GRELFKYTR,59.75,95.321,47825.75
HLA-B*51:03,RELFKYTRT,44.455,62.386,44476.62
HLA-B*51:03,ELFKYTRTW,3.488,4.693,25567.62
HLA-B*51:03,LFKYTRTWS,86.667,83.724,46520.23
HLA-B*51:03,FKYTRTWSS,25.657,20.072,36510.91
HLA-B*51:03,KYTRTWSSG,86.667,80.854,46257.24
HLA-B*51:03,YTRTWSSGT,39.588,30.976,39638.4
HLA-B*51:03,TRTWSSGTA,45.5,50.883,43092.47
HLA-B*51:03,RTWSSGTAK,34.269,39.74,41399.19
HLA-B*51:03,TWSSGTAKE,72.857,93.147,47471.57
HLA-B*51:03,WSSGTAKET,36.095,44.0,42093.86
HLA-B*51:03,SSGTAKETE,66.818,91.349,47270.16
HLA-B*51:03,SGTAKETET,44.545,79.701,46152.26
HLA-B*51:03,GTAKETETA,26.317,55.272,43654.22
HLA-B*51:03,TAKETETAW,1.799,7.26,28963.15
HLA-B*51:03,AKETETAWN,97.5,97.033,48609.89
HLA-B*51:03,KETETAWNH,27.463,74.024,45637.82
HLA-B*51:03,ETETAWNHG,35.375,53.016,43366.1
HLA-B*51:03,TETAWNHGE,57.75,73.335,45572.68
HLA-B*51:03,ETAWNHGEE,45.1,48.289,42740.5
HLA-B*51:03,TAWNHGEER,16.058,30.54,39536.02
HLA-B*51:03,AWNHGEERS,95.0,97.159,48668.29
HLA-B*51:03,WNHGEERSE,70.0,91.528,47290.1
HLA-B*51:03,NHGEERSEV,10.656,25.555,38257.17
HLA-B*51:03,HGEERSEVG,51.852,75.631,45786.7
HLA-B*51:03,GEERSEVGS,83.75,95.746,48019.16
HLA-B*51:03,EERSEVGSV,3.929,6.859,28506.75
HLA-B*51:03,ERSEVGSVI,6.941,10.959,32071.52
HLA-B*51:03,RSEVGSVIP,21.851,54.085,43503.8
HLA-B*51:03,SEVGSVIPG,49.429,40.691,41561.2
HLA-B*51:03,EVGSVIPGI,1.539,2.611,21119.46
HLA-B*51:03,VGSVIPGIY,19.236,25.09,38127.0
HLA-B*51:03,GSVIPGIYR,46.778,80.947,46265.74
HLA-B*51:03,SVIPGIYRV,0.669,2.171,19784.7
HLA-B*51:03,VIPGIYRVK,29.568,54.198,43518.4
HLA-B*51:03,IPGIYRVKE,24.948,31.507,39759.52
HLA-B*51:03,PGIYRVKEY,28.449,57.556,43924.73
HLA-B*51:03,GIYRVKEYD,70.714,82.229,46383.03
HLA-B*51:03,IYRVKEYDS,91.667,94.241,47594.5
HLA-B*51:03,YRVKEYDSK,51.852,81.703,46334.89
HLA-B*51:03,RVKEYDSKR,48.75,84.655,46605.88
HLA-B*51:03,VKEYDSKRT,78.333,96.021,48145.05
HLA-B*51:03,KEYDSKRTS,30.622,69.232,45182.35
HLA-B*51:03,EYDSKRTSY,9.2,49.808,42953.3
HLA-B*51:03,YDSKRTSYD,76.667,68.533,45113.0
HLA-B*51:03,DSKRTSYDF,3.713,8.017,29726.4
HLA-B*51:03,SKRTSYDFE,78.333,91.674,47306.48
HLA-B*51:03,KRTSYDFEP,70.0,82.015,46363.47
HLA-B*51:03,RTSYDFEPG,82.5,55.996,43739.78
HLA-B*51:03,TSYDFEPGY,5.078,11.937,32722.78
HLA-B*51:03,SYDFEPGYL,10.166,32.246,39925.93
HLA-B*51:03,YDFEPGYLN,36.048,29.115,39197.83
HLA-B*51:03,DFEPGYLNE,44.091,73.695,45606.72
HLA-B*51:03,FEPGYLNEG,51.111,57.06,43865.85
HLA-B*51:03,EPGYLNEGL,2.412,6.504,28082.45
HLA-B*51:03,PGYLNEGLH,69.545,76.656,45878.41
HLA-B*51:03,GYLNEGLHW,17.249,41.922,41762.25
HLA-B*51:03,YLNEGLHWY,12.208,18.794,36032.9
HLA-B*51:03,LNEGLHWYM,18.195,18.029,35740.92
HLA-B*51:03,NEGLHWYMS,50.556,38.516,41181.16
HLA-B*51:03,EGLHWYMSI,1.142,0.293,7653.72
HLA-B*51:03,GLHWYMSIG,93.333,74.958,45726.29
HLA-B*51:03,LHWYMSIGT,56.0,25.294,38183.96
HLA-B*51:03,HWYMSIGTK,56.5,56.732,43826.94
HLA-B*51:03,WYMSIGTKK,47.75,48.864,42822.44
HLA-B*51:03,YMSIGTKKI,4.125,5.848,27236.48
HLA-B*51:03,MSIGTKKIN,56.5,46.928,42539.81
HLA-B*51:03,SIGTKKINS,70.714,91.747,47314.69
HLA-B*51:03,IGTKKINSE,36.143,64.209,44676.79
HLA-B*51:03,GTKKINSEM,21.64,46.138,42423.98
HLA-B*51:03,TKKINSEMR,72.143,95.1,47725.5
HLA-B*51:03,KKINSEMRS,77.5,95.092,47721.86
HLA-B*51:03,KINSEMRSA,28.898,55.948,43734.11
HLA-B*51:03,INSEMRSAA,21.772,27.862,38883.14
HLA-B*51:03,NSEMRSAAL,9.725,13.199,33467.93
HLA-B*51:03,SEMRSAALK,31.206,29.483,39285.72
HLA-B*51:03,EMRSAALKF,4.336,6.742,28366.77
HLA-B*51:03,MRSAALKFP,41.417,43.354,41995.14
HLA-B*51:03,RSAALKFPL,17.047,12.699,33179.85
HLA-B*51:03,SAALKFPLS,9.402,10.281,31580.84
HLA-B*51:03,AALKFPLSD,29.659,30.821,39601.96
HLA-B*51:03,ALKFPLSDL,19.27,39.373,41335.19
HLA-B*51:03,LKFPLSDLL,8.929,8.793,30416.79
HLA-B*51:03,KFPLSDLLG,80.0,72.829,45524.88
HLA-B*51:03,FPLSDLLGS,8.824,2.696,21336.75
HLA-B*51:03,PLSDLLGSS,72.857,85.447,46680.57
HLA-B*51:03,LSDLLGSSS,33.714,35.596,40622.25
HLA-B*51:03,SDLLGSSSG,54.074,54.741,43588.62
HLA-B*51:03,DLLGSSSGG,52.037,48.903,42827.99
HLA-B*51:03,LLGSSSGGG,93.333,82.076,46368.97
HLA-B*51:03,LGSSSGGGA,41.167,39.987,41442.2
HLA-B*51:03,GSSSGGGAR,72.857,94.067,47574.95
HLA-B*51:03,SSSGGGARQ,60.0,90.334,47156.74
HLA-B*51:03,SSGGGARQQ,69.091,95.355,47841.3
HLA-B*51:03,SGGGARQQQ,68.636,95.852,48067.53
HLA-B*51:03,GGGARQQQS,74.286,95.474,47895.17
HLA-B*51:03,GGARQQQSV,10.656,25.796,38324.71
HLA-B*51:03,GARQQQSVS,50.556,72.662,45509.12
HLA-B*51:03,ARQQQSVSS,52.407,84.984,46636.15
HLA-B*51:03,RQQQSVSSI,3.868,9.885,31296.46
HLA-B*51:03,QQQSVSSIG,51.667,48.795,42812.7
HLA-B*51:03,QQSVSSIGK,50.741,78.184,46015.64
HLA-B*51:03,QSVSSIGKD,66.364,63.581,44607.72
HLA-B*51:03,SVSSIGKDF,17.803,34.71,40443.73
HLA-B*51:03,VSSIGKDFD,88.333,71.738,45422.04
HLA-B*51:03,SSIGKDFDN,88.333,78.344,46030.06
HLA-B*51:03,SIGKDFDNG,88.333,81.309,46298.81
HLA-B*51:03,IGKDFDNGI,6.207,10.392,31660.9
HLA-B*51:03,GKDFDNGIV,60.0,68.42,45101.77
HLA-B*51:03,KDFDNGIVA,22.07,36.343,40769.3
HLA-B*51:03,DFDNGIVAQ,35.083,78.743,46065.94
HLA-B*51:03,FDNGIVAQV,2.377,3.896,24103.54
HLA-B*51:03,DNGIVAQVA,6.099,10.528,31759.02
HLA-B*51:03,NGIVAQVAQ,33.357,53.406,43416.33
HLA-B*51:03,GIVAQVAQS,66.364,88.895,47012.59
HLA-B*51:03,IVAQVAQSN,45.0,46.73,42510.82
HLA-B*51:03,VAQVAQSNH,26.6,51.441,43163.87
HLA-B*51:03,AQVAQSNHV,9.321,17.767,35632.41
HLA-B*51:03,QVAQSNHVF,7.106,19.477,36289.57
HLA-B*51:03,VAQSNHVFP,10.441,9.918,31320.51
HLA-B*51:03,AQSNHVFPN,81.25,67.884,45048.6
HLA-B*51:03,QSNHVFPNH,27.481,58.768,44068.98
HLA-B*51:03,SNHVFPNHK,37.895,61.788,44411.24
HLA-B*51:03,NHVFPNHKK,33.143,53.559,43436.07
HLA-B*51:03,HVFPNHKKP,4.925,14.206,34007.43
HLA-B*51:03,VFPNHKKPI,20.992,34.962,40495.86
HLA-B*51:03,FPNHKKPIK,6.128,13.989,33901.27
HLA-B*51:03,PNHKKPIKG,67.727,95.93,48103.41
HLA-B*51:03,NHKKPIKGR,49.714,91.574,47295.22
HLA-B*51:03,HKKPIKGRR,66.818,96.286,48266.08
HLA-B*51:03,KKPIKGRRT,83.75,96.741,48475.43
HLA-B*51:03,KPIKGRRTN,37.947,52.859,43345.94
HLA-B*51:03,PIKGRRTNK,78.333,96.772,48489.59
HLA-B*51:03,IKGRRTNKT,67.727,89.132,47035.49
HLA-B*51:03,KGRRTNKTS,79.167,92.15,47359.75
HLA-B*51:03,GRRTNKTSL,38.278,82.82,46437.27
HLA-B*51:03,RRTNKTSLK,66.364,95.524,47917.97
HLA-B*51:03,RTNKTSLKK,48.375,68.637,45123.24
HLA-B*51:03,TNKTSLKKA,21.456,48.055,42707.21
HLA-B*51:03,NKTSLKKAE,76.667,96.1,48181.02
HLA-B*51:03,KTSLKKAED,81.25,92.855,47438.73
HLA-B*51:03,TSLKKAEDK,62.857,82.837,46438.76
HLA-B*51:03,SLKKAEDKK,73.571,92.681,47419.22
HLA-B*51:03,LKKAEDKKA,57.0,85.558,46691.2
HLA-B*51:03,KKAEDKKAG,90.0,97.263,48716.25
HLA-B*51:03,KAEDKKAGC,35.208,85.5,46685.62
HLA-B*51:03,AEDKKAGCI,10.931,20.291,36589.21
HLA-B*51:03,EDKKAGCIV,12.583,17.468,35507.34
HLA-B*51:03,DKKAGCIVS,43.182,69.975,45256.25
HLA-B*51:03,KKAGCIVSK,57.25,89.532,47074.18
HLA-B*51:03,KAGCIVSKG,59.0,37.614,41013.1
HLA-B*51:03,AGCIVSKGL,31.647,49.246,42875.75
HLA-B*51:03,GCIVSKGLM,40.125,57.372,43902.9
HLA-B*51:03,CIVSKGLMY,25.836,22.294,37268.04
HLA-B*51:03,IVSKGLMYT,30.162,33.596,40213.36
HLA-B*51:03,VSKGLMYTR,28.653,52.188,43259.73
HLA-B*51:03,SKGLMYTRL,29.841,40.141,41468.21
HLA-B*51:03,KGLMYTRLY,19.939,22.816,37432.53
HLA-B*51:03,GLMYTRLYI,22.36,9.197,30763.33
HLA-B*51:03,LMYTRLYIQ,46.889,37.002,40897.44
HLA-B*51:03,MYTRLYIQQ,48.375,64.134,44668.58
HLA-B*51:03,YTRLYIQQF,3.263,5.138,26247.61
HLA-B*51:03,TRLYIQQFI,12.317,8.241,29927.45
HLA-B*51:03,RLYIQQFII,5.978,4.496,25258.56
HLA-B*51:03,LYIQQFIIR,52.407,67.761,45036.43
HLA-B*51:03,YIQQFIIRA,7.639,14.427,34115.04
HLA-B*51:03,IQQFIIRAG,46.0,37.705,41030.4
HLA-B*51:03,QQFIIRAGE,52.593,64.855,44747.9
HLA-B*51:03,QFIIRAGEV,21.149,18.682,35990.05
HLA-B*51:03,FIIRAGEVQ,49.714,63.576,44607.23
HLA-B*51:03,IIRAGEVQN,82.5,84.71,46610.93
HLA-B*51:03,IRAGEVQNV,15.362,30.314,39483.0
HLA-B*51:03,RAGEVQNVW,5.52,11.633,32520.18
HLA-B*51:03,AGEVQNVWC,58.25,78.034,46002.2
HLA-B*51:03,GEVQNVWCD,85.0,70.277,45284.65
HLA-B*51:03,EVQNVWCDF,20.033,16.183,34947.05
HLA-B*51:03,VQNVWCDFK,61.786,54.311,43532.99
HLA-B*51:03,QNVWCDFKF,41.0,27.592,38809.16
HLA-B*51:03,NVWCDFKFI,6.298,0.935,13962.3
HLA-B*51:03,VWCDFKFII,18.616,15.852,34795.77
HLA-B*51:03,WCDFKFIII,10.683,8.671,30310.68
HLA-B*51:03,CDFKFIIIQ,69.545,70.793,45333.19
HLA-B*51:03,DFKFIIIQY,8.058,34.926,40488.41
HLA-B*51:03,FKFIIIQYS,38.833,40.859,41589.54
HLA-B*51:03,KFIIIQYST,49.714,63.269,44573.47
HLA-B*51:03,FIIIQYSTC,21.895,21.709,37078.6
HLA-B*51:03,IIIQYSTCA,20.919,14.389,34096.61
HLA-B*51:03,IIQYSTCAP,47.125,37.454,40982.93
HLA-B*51:03,IQYSTCAPC,29.159,14.863,34328.7
HLA-B*51:03,QYSTCAPCS,76.667,71.263,45377.33
HLA-B*51:03,YSTCAPCSI,6.437,1.06,14700.86
HLA-B*51:03,STCAPCSIS,63.214,50.631,43060.33
HLA-B*51:03,TCAPCSISE,41.75,69.277,45186.75
HLA-B*51:03,CAPCSISEI,3.204,0.675,11892.83
HLA-B*51:03,APCSISEIE,34.5,46.599,42491.5
HLA-B*51:03,PCSISEIEG,97.5,96.723,48467.02
HLA-B*51:03,CSISEIEGG,74.286,40.266,41489.32
HLA-B*51:03,SISEIEGGV,12.692,20.792,36768.59
HLA-B*51:03,ISEIEGGVI,12.421,8.916,30524.26
HLA-B*51:03,SEIEGGVIS,19.73,42.779,41904.37
HLA-B*51:03,EIEGGVISL,7.465,24.032,37816.39
HLA-B*51:03,IEGGVISLN,65.0,54.409,43545.71
HLA-B*51:03,EGGVISLNQ,44.818,69.277,45186.75
HLA-B*51:03,GGVISLNQA,26.4,43.792,42062.0
HLA-B*51:03,GVISLNQAE,62.5,87.742,46901.3
HLA-B*51:03,VISLNQAEG,57.0,57.276,43891.49
HLA-B*51:03,ISLNQAEGG,74.286,59.476,44153.45
HLA-B*51:03,SLNQAEGGD,95.0,95.249,47793.16
HLA-B*51:03,LNQAEGGDS,83.75,91.574,47295.22
HLA-B*51:03,NQAEGGDST,34.308,55.396,43668.86
HLA-B*51:03,QAEGGDSTG,44.091,67.067,44967.76
HLA-B*51:03,AEGGDSTGF,32.806,70.073,45265.53
HLA-B*51:03,EGGDSTGFL,14.299,19.986,36480.1
HLA-B*51:03,GGDSTGFLL,11.688,26.815,38598.1
HLA-B*51:03,GDSTGFLLI,15.84,16.323,35009.49
HLA-B*51:03,DSTGFLLIF,1.705,2.048,19403.31
HLA-B*51:03,STGFLLIFK,30.622,47.969,42694.74
HLA-B*51:03,TGFLLIFKA,5.329,4.17,24633.22
HLA-B*51:03,GFLLIFKAL,27.056,56.168,43760.15
HLA-B*51:03,FLLIFKALP,41.0,27.459,38772.64
HLA-B*51:03,LLIFKALPD,91.667,45.382,42310.29
HLA-B*51:03,LIFKALPDG,63.214,36.657,40830.24
HLA-B*51:03,IFKALPDGL,22.51,38.157,41115.27
HLA-B*51:03,FKALPDGLN,82.5,71.957,45442.69
HLA-B*51:03,KALPDGLNL,2.761,7.834,29550.99
HLA-B*51:03,ALPDGLNLI,6.928,18.159,35790.44
HLA-B*51:03,LPDGLNLIY,1.679,3.89,24091.54
HLA-B*51:03,PDGLNLIYT,73.571,91.578,47295.74
HLA-B*51:03,DGLNLIYTE,15.91,23.407,37619.29
HLA-B*51:03,GLNLIYTEG,77.5,75.842,45805.51
HLA-B*51:03,LNLIYTEGP,53.519,41.218,41648.53
HLA-B*51:03,NLIYTEGPR,68.182,68.041,45064.2
HLA-B*51:03,LIYTEGPRT,17.544,26.449,38500.91
HLA-B*51:03,IYTEGPRTA,19.75,37.717,41032.62
HLA-B*51:03,YTEGPRTAY,13.126,36.105,40723.02
HLA-B*51:03,TEGPRTAYQ,43.727,77.874,45987.75
HLA-B*51:03,EGPRTAYQL,1.959,6.512,28091.56
HLA-B*51:03,GPRTAYQLI,0.775,1.107,14970.36
HLA-B*51:03,PRTAYQLIL,45.0,53.501,43428.54
HLA-B*51:03,RTAYQLILQ,59.0,74.708,45702.53
HLA-B*51:03,TAYQLILQV,0.046,0.085,3760.65
HLA-B*51:03,AYQLILQVT,51.481,62.482,44487.2
HLA-B*51:03,YQLILQVTM,3.46,5.93,27347.21
HLA-B*51:03,QLILQVTMG,41.083,54.387,43542.88
HLA-B*51:03,LILQVTMGK,38.333,38.828,41238.7
HLA-B*51:03,ILQVTMGKR,70.714,82.601,46417.17
HLA-B*51:03,LQVTMGKRA,28.408,33.526,40198.99
HLA-B*51:03,QVTMGKRAY,28.367,62.777,44519.46
HLA-B*51:03,VTMGKRAYK,32.903,45.315,42300.22
HLA-B*51:03,TMGKRAYKP,54.63,52.316,43276.11
HLA-B*51:03,MGKRAYKPA,16.8,11.799,32630.52
HLA-B*51:03,GKRAYKPAI,33.821,50.485,43041.7
HLA-B*51:03,KRAYKPAIN,90.0,95.754,48022.82
HLA-B*51:03,RAYKPAINK,13.111,28.873,39138.5
HLA-B*51:03,AYKPAINKD,77.5,93.202,47477.76
HLA-B*51:03,YKPAINKDP,57.5,83.894,46535.84
HLA-B*51:03,KPAINKDPV,4.197,5.831,27214.1
HLA-B*51:03,PAINKDPVL,3.42,19.165,36173.14
HLA-B*51:03,AINKDPVLL,14.089,38.47,41172.71
HLA-B*51:03,INKDPVLLL,1.924,8.961,30563.26
HLA-B*51:03,NKDPVLLLP,13.422,34.195,40337.12
HLA-B*51:03,KDPVLLLPS,65.0,74.661,45698.08
HLA-B*51:03,DPVLLLPSR,5.06,14.564,34182.3
HLA-B*51:03,PVLLLPSRI,9.165,11.287,32290.53
HLA-B*51:03,VLLLPSRIQ,62.857,77.231,45930.07
HLA-B*51:03,LLLPSRIQM,4.317,8.887,30498.86
HLA-B*51:03,LLPSRIQMS,37.842,54.493,43556.55
HLA-B*51:03,LPSRIQMSY,0.782,1.276,15919.58
HLA-B*51:03,PSRIQMSYL,17.684,33.038,40098.22
HLA-B*51:03,SRIQMSYLA,27.204,22.027,37183.87
HLA-B*51:03,RIQMSYLAA,27.722,22.654,37381.53
HLA-B*51:03,IQMSYLAAP,23.69,14.393,34098.43
HLA-B*51:03,QMSYLAAPL,34.923,13.094,33410.76
HLA-B*51:03,MSYLAAPLG,19.149,2.246,20020.06
HLA-B*51:03,SYLAAPLGR,59.75,77.946,45994.22
HLA-B*51:03,YLAAPLGRN,67.727,60.562,44277.37
HLA-B*51:03,LAAPLGRNY,3.105,6.444,28005.08
HLA-B*51:03,AAPLGRNYP,21.307,40.476,41524.79
HLA-B*51:03,APLGRNYPA,8.322,7.742,29462.23
HLA-B*51:03,PLGRNYPAR,86.667,95.361,47843.89
HLA-B*51:03,LGRNYPART,33.679,48.068,42709.06
HLA-B*51:03,GRNYPARTL,22.47,57.976,43974.68
HLA-B*51:03,RNYPARTLN,67.727,62.021,44436.71
HLA-B*51:03,NYPARTLNA,21.412,29.675,39331.66
HLA-B*51:03,YPARTLNAL,0.156,0.379,8857.16
HLA-B*51:03,PARTLNALY,16.382,32.754,40036.67
HLA-B*51:03,ARTLNALYV,22.66,24.88,38066.41
HLA-B*51:03,RTLNALYVP,35.5,28.592,39068.27
HLA-B*51:03,TLNALYVPV,16.4,5.8,27171.13
HLA-B*51:03,LNALYVPVL,4.227,4.254,24792.58
HLA-B*51:03,NALYVPVLR,6.389,18.564,35944.91
HLA-B*51:03,ALYVPVLRT,23.069,39.997,41443.99
HLA-B*51:03,LYVPVLRTP,16.538,21.913,37146.48
HLA-B*51:03,YVPVLRTPK,38.889,49.145,42861.84
HLA-B*51:03,VPVLRTPKE,6.566,14.472,34137.2
HLA-B*51:03,PVLRTPKED,91.667,95.855,48069.07
HLA-B*51:03,VLRTPKEDL,22.32,49.32,42885.95
HLA-B*51:03,LRTPKEDLM,24.766,54.526,43560.8
HLA-B*51:03,RTPKEDLMT,37.368,75.559,45780.23
HLA-B*51:03,TPKEDLMTM,0.143,0.719,12249.23
HLA-B*51:03,PKEDLMTMV,29.864,61.015,44326.74
HLA-B*51:03,KEDLMTMVG,55.75,45.339,42303.9
HLA-B*51:03,EDLMTMVGK,52.778,64.789,44740.62
HLA-B*51:03,DLMTMVGKR,21.474,43.36,41996.06
HLA-B*51:03,LMTMVGKRL,7.791,12.494,33057.66
HLA-B*51:03,MTMVGKRLE,37.632,33.855,40266.92
HLA-B*51:03,TMVGKRLEC,22.86,39.555,41366.95
HLA-B*51:03,MVGKRLECN,91.667,76.467,45861.55
HLA-B*51:03,VGKRLECNS,80.0,81.654,46330.38
HLA-B*51:03,GKRLECNSC,72.857,90.645,47191.45
HLA-B*51:03,KRLECNSCL,41.417,49.653,42931.92
HLA-B*51:03,RLECNSCLL,42.615,32.081,39890.07
HLA-B*51:03,LECNSCLLL,17.358,8.315,29994.55
HLA-B*51:03,ECNSCLLLS,59.75,42.248,41816.04
HLA-B*51:03,CNSCLLLSG,90.0,28.897,39144.43
HLA-B*51:03,NSCLLLSGN,82.5,54.588,43568.8
HLA-B*51:03,SCLLLSGNS,78.333,66.511,44912.81
HLA-B*51:03,CLLLSGNSQ,72.143,70.308,45287.57
HLA-B*51:03,LLLSGNSQL,10.579,16.322,35008.75
HLA-B*51:03,LLSGNSQLP,27.556,43.411,42003.78
HLA-B*51:03,LSGNSQLPP,52.037,35.744,40651.7
HLA-B*51:03,SGNSQLPPF,6.747,11.842,32659.82
HLA-B*51:03,GNSQLPPFV,13.674,25.462,38231.1
HLA-B*51:03,NSQLPPFVG,25.194,21.466,36997.65
HLA-B*51:03,SQLPPFVGK,14.85,41.05,41621.49
HLA-B*51:03,QLPPFVGKR,26.2,64.033,44657.46
HLA-B*51:03,LPPFVGKRK,8.452,17.526,35531.55
HLA-B*51:03,PPFVGKRKP,9.757,27.089,38671.67
HLA-B*51:03,PFVGKRKPD,100.0,98.002,49059.52
HLA-B*51:03,FVGKRKPDY,26.217,47.87,42679.96
HLA-B*51:03,VGKRKPDYA,20.382,44.414,42159.5
HLA-B*51:03,GKRKPDYAI,18.732,48.11,42715.07
HLA-B*51:03,KRKPDYAIK,63.214,95.129,47738.39
HLA-B*51:03,RKPDYAIKG,65.455,88.526,46976.98
HLA-B*51:03,KPDYAIKGR,29.955,72.02,45448.58
HLA-B*51:03,PDYAIKGRR,82.5,95.652,47976.6
HLA-B*51:03,DYAIKGRRY,18.64,53.946,43485.91
HLA-B*51:03,YAIKGRRYQ,26.167,42.755,41900.29
HLA-B*51:03,AIKGRRYQR,55.75,93.724,47536.34
HLA-B*51:03,IKGRRYQRI,24.182,30.257,39469.76
HLA-B*51:03,KGRRYQRIL,31.529,39.388,41337.86
HLA-B*51:03,GRRYQRILA,49.714,71.978,45444.66
HLA-B*51:03,RRYQRILAK,28.469,46.539,42482.79
HLA-B*51:03,RYQRILAKE,75.833,87.558,46883.55
HLA-B*51:03,YQRILAKEA,8.92,17.749,35624.71
HLA-B*51:03,QRILAKEAE,72.143,94.03,47570.8
HLA-B*51:03,RILAKEAEE,75.833,92.676,47418.7
HLA-B*51:03,ILAKEAEEV,8.142,17.155,35376.94
HLA-B*51:03,LAKEAEEVA,7.719,12.643,33146.46
HLA-B*51:03,AKEAEEVAG,88.333,96.733,48471.74
HLA-B*51:03,KEAEEVAGV,8.603,25.809,38328.44
HLA-B*51:03,EAEEVAGVV,0.633,1.008,14407.49
HLA-B*51:03,AEEVAGVVL,12.556,34.48,40396.09
HLA-B*51:03,EEVAGVVLN,46.556,48.11,42715.07
HLA-B*51:03,EVAGVVLNL,1.331,4.486,25240.53
HLA-B*51:03,VAGVVLNLK,24.545,36.034,40709.37
HLA-B*51:03,AGVVLNLKM,11.983,25.866,38344.19
HLA-B*51:03,GVVLNLKMA,43.455,52.123,43251.31
HLA-B*51:03,VVLNLKMAH,31.0,56.428,43790.92
HLA-B*51:03,VLNLKMAHR,51.111,78.832,46073.93
HLA-B*51:03,LNLKMAHRC,16.369,29.206,39219.45
HLA-B*51:03,NLKMAHRCA,25.836,22.81,37430.89
HLA-B*51:03,LKMAHRCAA,31.588,26.611,38543.84
HLA-B*51:03,KMAHRCAAP,64.643,53.629,43445.01
HLA-B*51:03,MAHRCAAPF,13.259,0.699,12089.78
HLA-B*51:03,AHRCAAPFN,79.167,62.557,44495.41
HLA-B*51:03,HRCAAPFNR,66.364,92.928,47446.93
HLA-B*51:03,RCAAPFNRV,8.434,17.703,35605.44
HLA-B*51:03,CAAPFNRVA,4.133,1.888,18784.63
HLA-B*51:03,AAPFNRVAT,26.333,50.441,43036.09
HLA-B*51:03,APFNRVATV,0.048,0.198,6051.1
HLA-B*51:03,PFNRVATVW,33.643,46.586,42489.66
HLA-B*51:03,FNRVATVWT,41.667,34.905,40484.03
HLA-B*51:03,NRVATVWTA,12.289,16.855,35247.43
HLA-B*51:03,RVATVWTAK,47.75,62.803,44522.36
HLA-B*51:03,VATVWTAKR,23.333,39.085,41285.11
HLA-B*51:03,ATVWTAKRV,9.916,13.469,33615.63
HLA-B*51:03,TVWTAKRVE,41.333,59.532,44160.14
HLA-B*51:03,VWTAKRVEV,25.642,42.349,41832.79
HLA-B*51:03,WTAKRVEVK,35.0,51.78,43207.31
HLA-B*51:03,TAKRVEVKL,1.203,6.516,28096.74
HLA-B*51:03,AKRVEVKLM,29.114,57.944,43970.88
HLA-B*51:03,KRVEVKLMK,48.125,89.195,47041.59
HLA-B*51:03,RVEVKLMKP,34.846,57.108,43871.54
HLA-B*51:03,VEVKLMKPC,36.571,42.302,41825.1
HLA-B*51:03,EVKLMKPCR,41.167,66.294,44891.44
HLA-B*51:03,VKLMKPCRV,15.19,20.42,36635.16
HLA-B*51:03,KLMKPCRVI,9.871,11.838,32657.0
HLA-B*51:03,LMKPCRVIT,53.704,46.27,42443.27
HLA-B*51:03,MKPCRVITV,5.983,5.942,27363.19
HLA-B*51:03,KPCRVITVI,0.569,1.108,14981.54
HLA-B*51:03,PCRVITVII,28.184,34.273,40353.28
HLA-B*51:03,CRVITVIIV,29.818,22.547,37347.55
HLA-B*51:03,RVITVIIVE,45.2,72.547,45498.29
HLA-B*51:03,VITVIIVEW,9.68,19.992,36482.08
HLA-B*51:03,ITVIIVEWP,38.556,30.631,39557.42
HLA-B*51:03,TVIIVEWPE,40.625,41.707,41727.46
HLA-B*51:03,VIIVEWPEL,7.658,9.035,30626.82
HLA-B*51:03,IIVEWPELW,7.335,7.369,29084.06
HLA-B*51:03,IVEWPELWV,17.938,15.643,34697.26
HLA-B*51:03,VEWPELWVE,30.946,43.908,42079.75
HLA-B*51:03,EWPELWVEA,12.361,31.07,39659.83
HLA-B*51:03,WPELWVEAG,34.385,7.216,28914.62
HLA-B*51:03,PELWVEAGL,35.417,47.406,42610.76
HLA-B*51:03,ELWVEAGLS,32.581,34.152,40328.38
HLA-B*51:03,LWVEAGLSG,61.071,51.798,43209.66
HLA-B*51:03,WVEAGLSGL,28.735,27.038,38657.86
HLA-B*51:03,VEAGLSGLR,44.636,63.642,44614.48
HLA-B*51:03,EAGLSGLRA,4.488,5.627,26939.87
HLA-B*51:03,AGLSGLRAL,12.593,27.887,38889.86
HLA-B*51:03,GLSGLRALV,19.838,30.451,39515.07
HLA-B*51:03,LSGLRALVA,14.01,9.849,31270.39
HLA-B*51:03,SGLRALVAA,10.633,12.836,33261.43
HLA-B*51:03,GLRALVAAY,26.717,51.287,43144.27
HLA-B*51:03,LRALVAAYQ,79.167,78.156,46013.14
HLA-B*51:03,RALVAAYQI,1.405,1.042,14600.67
HLA-B*51:03,ALVAAYQIS,68.636,73.09,45549.52
HLA-B*51:03,LVAAYQISG,58.5,36.209,40743.3
HLA-B*51:03,VAAYQISGI,1.54,1.239,15738.72
HLA-B*51:03,AAYQISGIE,34.846,35.358,40574.8
HLA-B*51:03,AYQISGIEV,18.622,28.642,39080.94
HLA-B*51:03,YQISGIEVA,9.196,13.131,33431.0
HLA-B*51:03,QISGIEVAY,19.324,49.471,42906.84
HLA-B*51:03,ISGIEVAYT,32.419,38.506,41179.38
HLA-B*51:03,SGIEVAYTA,2.765,3.439,23177.46
HLA-B*51:03,GIEVAYTAY,57.75,79.097,46097.86
HLA-B*51:03,IEVAYTAYP,29.727,25.879,38347.92
HLA-B*51:03,EVAYTAYPG,65.455,25.836,38335.91
HLA-B*51:03,VAYTAYPGT,8.517,7.69,29411.58
HLA-B*51:03,AYTAYPGTV,23.954,27.725,38845.72
HLA-B*51:03,YTAYPGTVY,8.874,15.212,34495.5
HLA-B*51:03,TAYPGTVYE,7.467,12.846,33267.55
HLA-B*51:03,AYPGTVYEL,6.1,30.197,39455.69
HLA-B*51:03,YPGTVYELR,6.687,12.693,33175.89
HLA-B*51:03,PGTVYELRE,91.667,95.46,47888.93
HLA-B*51:03,GTVYELREA,35.333,49.502,42911.02
HLA-B*51:03,TVYELREAI,0.824,1.157,15281.46
HLA-B*51:03,VYELREAIH,70.714,92.141,47358.71
HLA-B*51:03,YELREAIHS,34.038,40.144,41468.67
HLA-B*51:03,ELREAIHSF,1.505,6.904,28560.78
HLA-B*51:03,LREAIHSFL,18.689,23.32,37591.61
HLA-B*51:03,REAIHSFLV,8.166,7.361,29074.93
HLA-B*51:03,EAIHSFLVK,6.956,12.583,33110.64
HLA-B*51:03,AIHSFLVKW,10.424,28.707,39097.02
HLA-B*51:03,IHSFLVKWL,14.93,17.413,35484.68
HLA-B*51:03,HSFLVKWLL,1.352,1.571,17403.9
HLA-B*51:03,SFLVKWLLL,16.622,17.698,35603.51
HLA-B*51:03,FLVKWLLLD,85.0,54.661,43578.22
HLA-B*51:03,LVKWLLLDL,20.78,14.31,34058.26
HLA-B*51:03,VKWLLLDLI,16.671,5.99,27429.01
HLA-B*51:03,KWLLLDLIA,58.5,47.511,42626.43
HLA-B*51:03,WLLLDLIAR,44.091,64.301,44686.93
HLA-B*51:03,LLLDLIARK,31.0,44.259,42134.88
HLA-B*51:03,LLDLIARKL,7.837,15.613,34683.37
HLA-B*51:03,LDLIARKLK,65.909,77.602,45963.38
HLA-B*51:03,DLIARKLKA,4.115,8.64,30283.48
HLA-B*51:03,LIARKLKAL,13.444,23.182,37548.12
HLA-B*51:03,IARKLKALF,5.286,6.577,28168.88
HLA-B*51:03,ARKLKALFD,95.0,95.08,47716.2
HLA-B*51:03,RKLKALFDY,62.5,71.989,45445.65
HLA-B*51:03,KLKALFDYA,31.176,40.559,41538.71
HLA-B*51:03,LKALFDYAL,19.899,18.602,35959.29
HLA-B*51:03,KALFDYALV,5.098,2.125,19640.73
HLA-B*51:03,ALFDYALVY,9.207,13.941,33874.87
HLA-B*51:03,LFDYALVYS,57.75,64.42,44699.99
HLA-B*51:03,FDYALVYSA,7.279,4.124,24545.15
HLA-B*51:03,DYALVYSAE,26.117,45.412,42314.87
HLA-B*51:03,YALVYSAEN,30.514,8.973,30573.85
HLA-B*51:03,ALVYSAENN,95.0,94.346,47606.34
HLA-B*51:03,LVYSAENNP,19.784,20.212,36560.72
HLA-B*51:03,VYSAENNPE,82.5,93.376,47497.27
HLA-B*51:03,YSAENNPEL,1.792,4.404,25081.82
HLA-B*51:03,SAENNPELS,35.25,54.956,43616.43
HLA-B*51:03,AENNPELSQ,52.407,92.017,47344.88
HLA-B*51:03,ENNPELSQS,26.683,56.552,43805.61
HLA-B*51:03,NNPELSQSF,4.735,18.888,36068.8
HLA-B*51:03,NPELSQSFV,0.409,0.459,9878.65
HLA-B*51:03,PELSQSFVA,40.062,41.866,41753.2
HLA-B*51:03,ELSQSFVAF,4.652,10.225,31541.23
HLA-B*51:03,LSQSFVAFR,34.308,35.369,40577.0
HLA-B*51:03,SQSFVAFRN,72.143,49.202,42869.72
HLA-B*51:03,QSFVAFRNS,28.245,24.011,37810.27
HLA-B*51:03,SFVAFRNSQ,64.286,82.842,46439.27
HLA-B*51:03,FVAFRNSQK,33.036,39.067,41281.99
HLA-B*51:03,VAFRNSQKG,14.554,11.779,32617.45
HLA-B*51:03,AFRNSQKGI,28.429,50.62,43058.91
HLA-B*51:03,FRNSQKGIL,33.179,39.982,41441.32
HLA-B*51:03,RNSQKGILN,90.0,86.626,46793.87
HLA-B*51:03,NSQKGILNY,9.589,21.291,36939.67
HLA-B*51:03,SQKGILNYS,30.892,53.487,43426.66
HLA-B*51:03,QKGILNYSW,25.821,46.649,42498.87
HLA-B*51:03,KGILNYSWR,59.0,72.771,45519.45
HLA-B*51:03,GILNYSWRL,21.868,27.606,38812.94
HLA-B*51:03,ILNYSWRLG,73.571,43.979,42090.69
HLA-B*51:03,LNYSWRLGA,11.731,9.156,30728.39
HLA-B*51:03,NYSWRLGAS,72.857,62.913,44534.43
HLA-B*51:03,YSWRLGASP,9.449,5.405,26631.51
HLA-B*51:03,SWRLGASPN,95.0,78.577,46051.0
HLA-B*51:03,WRLGASPNA,34.231,42.038,41781.24
HLA-B*51:03,RLGASPNAR,75.0,95.068,47711.03
HLA-B*51:03,LGASPNARS,44.273,54.176,43515.56
HLA-B*51:03,GASPNARSN,38.722,68.538,45113.49
HLA-B*51:03,ASPNARSNW,19.5,38.232,41129.06
HLA-B*51:03,SPNARSNWS,25.03,25.074,38122.47
HLA-B*51:03,PNARSNWSR,81.25,92.946,47448.98
HLA-B*51:03,NARSNWSRS,24.974,25.418,38218.7
HLA-B*51:03,ARSNWSRSQ,64.286,95.387,47855.8
HLA-B*51:03,RSNWSRSQR,55.75,76.141,45832.28
HLA-B*51:03,SNWSRSQRK,37.368,52.309,43275.16
HLA-B*51:03,NWSRSQRKA,43.364,65.502,44813.31
HLA-B*51:03,WSRSQRKAK,54.815,75.111,45740.15
HLA-B*51:03,SRSQRKAKE,70.0,96.253,48250.93
HLA-B*51:03,RSQRKAKET,46.556,73.387,45577.61
HLA-B*51:03,SQRKAKETR,45.0,84.458,46587.73
HLA-B*51:03,QRKAKETRV,20.943,71.044,45356.73
HLA-B*51:03,RKAKETRVV,22.21,45.261,42291.98
HLA-B*51:03,KAKETRVVF,3.768,17.112,35359.36
HLA-B*51:03,AKETRVVFF,22.72,60.088,44225.66
HLA-B*51:03,KETRVVFFA,36.0,34.019,40300.9
HLA-B*51:03,ETRVVFFAK,9.924,23.349,37600.97
HLA-B*51:03,TRVVFFAKL,10.254,17.833,35660.18
HLA-B*51:03,RVVFFAKLE,68.636,70.699,45324.36
HLA-B*51:03,VVFFAKLER,23.563,35.879,40678.53
HLA-B*51:03,VFFAKLERF,7.474,17.505,35522.71
HLA-B*51:03,FFAKLERFS,66.364,63.941,44647.3
HLA-B*51:03,FAKLERFSL,2.399,3.609,23535.8
HLA-B*51:03,AKLERFSLQ,63.929,87.532,46881.01
HLA-B*51:03,KLERFSLQL,16.436,36.234,40748.14
HLA-B*51:03,LERFSLQLF,9.529,10.679,31868.12
HLA-B*51:03,ERFSLQLFT,32.161,24.448,37938.94
HLA-B*51:03,RFSLQLFTT,57.75,58.544,44042.28
HLA-B*51:03,FSLQLFTTK,12.611,16.221,34963.69
HLA-B*51:03,SLQLFTTKE,57.25,78.715,46063.44
HLA-B*51:03,LQLFTTKEV,4.311,4.807,25745.01
HLA-B*51:03,QLFTTKEVE,35.667,71.968,45443.66
HLA-B*51:03,LFTTKEVEI,14.395,21.462,36996.46
HLA-B*51:03,FTTKEVEIP,33.786,40.383,41509.07
HLA-B*51:03,TTKEVEIPE,38.5,59.188,44119.09
HLA-B*51:03,TKEVEIPEE,63.214,95.414,47868.21
HLA-B*51:03,KEVEIPEEN,63.929,87.463,46874.42
HLA-B*51:03,EVEIPEENT,26.833,69.611,45220.01
HLA-B*51:03,VEIPEENTL,2.814,18.887,36068.4
HLA-B*51:03,EIPEENTLA,16.613,30.299,39479.59
HLA-B*51:03,IPEENTLAL,0.217,0.808,12972.19
HLA-B*51:03,PEENTLALS,85.0,91.802,47320.82
HLA-B*51:03,EENTLALSM,2.434,6.287,27805.5
HLA-B*51:03,ENTLALSMV,3.193,4.202,24692.72
HLA-B*51:03,NTLALSMVH,24.273,29.149,39205.9
HLA-B*51:03,TLALSMVHK,35.667,57.668,43938.05
HLA-B*51:03,LALSMVHKG,10.737,6.519,28100.38
HLA-B*51:03,ALSMVHKGK,67.727,85.011,46638.68
HLA-B*51:03,LSMVHKGKY,12.688,16.805,35224.93
HLA-B*51:03,SMVHKGKYK,56.25,74.04,45639.29
HLA-B*51:03,MVHKGKYKP,19.351,25.905,38355.39
HLA-B*51:03,VHKGKYKPV,20.333,32.901,40068.72
HLA-B*51:03,HKGKYKPVP,57.25,81.205,46289.29
HLA-B*51:03,KGKYKPVPG,82.5,81.944,46356.95
HLA-B*51:03,GKYKPVPGI,10.737,26.505,38515.91
HLA-B*51:03,KYKPVPGIL,16.716,50.853,43088.75
HLA-B*51:03,YKPVPGILD,44.182,64.236,44679.7
HLA-B*51:03,KPVPGILDC,4.245,12.309,32948.02
HLA-B*51:03,PVPGILDCF,17.508,46.461,42471.28
HLA-B*51:03,VPGILDCFL,4.303,2.119,19621.82
HLA-B*51:03,PGILDCFLI,37.474,10.974,32082.98
HLA-B*51:03,GILDCFLIK,70.714,73.121,45552.46
HLA-B*51:03,ILDCFLIKR,57.25,71.091,45361.14
HLA-B*51:03,LDCFLIKRT,61.786,68.711,45130.57
HLA-B*51:03,DCFLIKRTI,0.193,0.382,8902.9
HLA-B*51:03,CFLIKRTIH,76.667,81.933,46355.94
HLA-B*51:03,FLIKRTIHF,2.623,4.954,25977.8
HLA-B*51:03,LIKRTIHFY,11.096,20.779,36763.82
HLA-B*51:03,IKRTIHFYA,19.851,27.744,38850.75
HLA-B*51:03,KRTIHFYAD,91.667,88.026,46928.71
HLA-B*51:03,RTIHFYADI,20.87,6.208,27704.6
HLA-B*51:03,TIHFYADIM,14.678,13.566,33668.79
HLA-B*51:03,IHFYADIMF,4.482,7.983,29695.2
HLA-B*51:03,HFYADIMFL,7.317,9.229,30789.96
HLA-B*51:03,FYADIMFLA,12.271,11.64,32524.76
HLA-B*51:03,YADIMFLAH,13.402,15.105,34445.15
HLA-B*51:03,ADIMFLAHA,22.84,27.986,38917.23
HLA-B*51:03,DIMFLAHAS,11.53,6.836,28479.63
HLA-B*51:03,IMFLAHASK,25.881,23.764,37732.2
HLA-B*51:03,MFLAHASKV,8.029,4.213,24714.38
HLA-B*51:03,FLAHASKVL,8.885,13.328,33538.61
HLA-B*51:03,LAHASKVLC,6.511,9.413,30945.26
HLA-B*51:03,AHASKVLCA,25.537,29.773,39355.05
HLA-B*51:03,HASKVLCAP,13.637,12.106,32828.11
HLA-B*51:03,ASKVLCAPM,34.115,17.511,35525.39
HLA-B*51:03,SKVLCAPMV,16.618,15.341,34555.64
HLA-B*51:03,KVLCAPMVY,25.627,26.333,38470.11
HLA-B*51:03,VLCAPMVYI,13.998,11.103,32169.52
HLA-B*51:03,LCAPMVYIW,8.257,6.065,27523.84
HLA-B*51:03,CAPMVYIWD,79.167,29.533,39297.61
HLA-B*51:03,APMVYIWDI,0.828,0.23,6575.41
HLA-B*51:03,PMVYIWDIA,79.167,47.009,42551.78
HLA-B*51:03,MVYIWDIAI,2.97,0.487,10239.07
HLA-B*51:03,VYIWDIAIM,19.115,17.49,35516.55
HLA-B*51:03,YIWDIAIML,3.171,5.916,27328.57
HLA-B*51:03,IWDIAIMLK,37.053,55.756,43711.41
HLA-B*51:03,WDIAIMLKP,42.077,33.229,40137.73
HLA-B*51:03,DIAIMLKPS,28.612,23.664,37700.38
HLA-B*51:03,IAIMLKPSR,14.936,29.634,39321.87
HLA-B*51:03,AIMLKPSRA,13.637,27.575,38804.53
HLA-B*51:03,IMLKPSRAF,6.137,8.159,29853.71
HLA-B*51:03,MLKPSRAFM,8.306,8.564,30217.68
HLA-B*51:03,LKPSRAFMQ,65.909,85.126,46649.78
HLA-B*51:03,KPSRAFMQN,37.421,29.339,39251.31
HLA-B*51:03,PSRAFMQNG,91.667,75.194,45747.56
HLA-B*51:03,SRAFMQNGS,71.429,78.239,46020.62
HLA-B*51:03,RAFMQNGSK,43.727,36.548,40809.02
HLA-B*51:03,AFMQNGSKG,65.455,68.386,45098.33
HLA-B*51:03,FMQNGSKGY,24.325,32.446,39969.57
HLA-B*51:03,MQNGSKGYT,45.0,48.146,42720.16
HLA-B*51:03,QNGSKGYTD,90.0,93.49,47510.13
HLA-B*51:03,NGSKGYTDF,15.858,31.9,39849.52
HLA-B*51:03,GSKGYTDFA,36.571,44.259,42134.88
HLA-B*51:03,SKGYTDFAR,79.167,93.047,47460.28
HLA-B*51:03,KGYTDFARS,54.259,54.11,43507.09
HLA-B*51:03,GYTDFARSG,79.167,89.537,47074.66
HLA-B*51:03,YTDFARSGA,20.878,18.372,35871.48
HLA-B*51:03,TDFARSGAK,53.519,61.907,44424.21
HLA-B*51:03,DFARSGAKS,50.0,57.264,43890.07
HLA-B*51:03,FARSGAKSE,24.195,39.692,41390.68
HLA-B*51:03,ARSGAKSEK,71.429,96.278,48262.41
HLA-B*51:03,RSGAKSEKI,12.498,24.726,38020.73
HLA-B*51:03,SGAKSEKIQ,80.0,95.977,48124.75
HLA-B*51:03,GAKSEKIQS,47.875,86.247,46757.43
HLA-B*51:03,AKSEKIQSI,3.362,20.444,36643.88
HLA-B*51:03,KSEKIQSIT,42.538,68.046,45064.7
HLA-B*51:03,SEKIQSITG,37.737,50.89,43093.41
HLA-B*51:03,EKIQSITGE,51.852,86.205,46753.36
HLA-B*51:03,KIQSITGEE,78.333,92.575,47407.41
HLA-B*51:03,IQSITGEES,54.444,70.12,45269.94
HLA-B*51:03,QSITGEESL,5.635,24.962,38090.72
HLA-B*51:03,SITGEESLI,14.274,22.204,37239.42
HLA-B*51:03,ITGEESLIE,62.857,77.436,45948.47
HLA-B*51:03,TGEESLIEM,5.196,22.475,37324.95
HLA-B*51:03,GEESLIEMN,83.75,92.232,47368.97
HLA-B*51:03,EESLIEMNH,25.612,58.272,44009.91
HLA-B*51:03,ESLIEMNHV,1.089,1.49,17069.16
HLA-B*51:03,SLIEMNHVR,32.29,53.964,43488.27
HLA-B*51:03,LIEMNHVRP,48.125,47.272,42590.93
HLA-B*51:03,IEMNHVRPF,5.874,7.214,28913.06
HLA-B*51:03,EMNHVRPFH,31.735,52.082,43246.15
HLA-B*51:03,MNHVRPFHH,22.09,51.627,43187.7
HLA-B*51:03,NHVRPFHHK,34.231,49.165,42864.61
HLA-B*51:03,HVRPFHHKP,6.491,16.109,34913.8
HLA-B*51:03,VRPFHHKPS,75.833,86.768,46807.54
HLA-B*51:03,RPFHHKPSG,12.403,13.502,33633.46
HLA-B*51:03,PFHHKPSGE,95.0,97.852,48990.03
HLA-B*51:03,FHHKPSGEG,50.741,43.676,42044.24
HLA-B*51:03,HHKPSGEGV,10.211,27.574,38804.13
HLA-B*51:03,HKPSGEGVL,29.773,65.177,44781.33
HLA-B*51:03,KPSGEGVLK,27.574,50.321,43020.75
HLA-B*51:03,PSGEGVLKN,90.0,95.548,47928.85
HLA-B*51:03,SGEGVLKNE,63.929,91.729,47312.64
HLA-B*51:03,GEGVLKNEA,49.429,69.911,45249.86
HLA-B*51:03,EGVLKNEAN,61.429,71.091,45361.14
HLA-B*51:03,GVLKNEANF,32.839,51.477,43168.54
HLA-B*51:03,VLKNEANFL,14.904,28.222,38976.21
HLA-B*51:03,LKNEANFLR,59.75,74.076,45642.73
HLA-B*51:03,KNEANFLRM,27.907,46.188,42431.34
HLA-B*51:03,NEANFLRML,4.244,10.041,31409.08
HLA-B*51:03,EANFLRMLI,0.238,0.092,3901.66
HLA-B*51:03,ANFLRMLIA,12.556,13.317,33532.45
HLA-B*51:03,NFLRMLIAA,27.63,18.549,35939.07
HLA-B*51:03,FLRMLIAAT,32.0,22.152,37223.31
HLA-B*51:03,LRMLIAATA,28.388,13.263,33502.7
HLA-B*51:03,RMLIAATAR,63.214,71.895,45436.8
HLA-B*51:03,MLIAATARE,48.5,44.414,42159.5
HLA-B*51:03,LIAATAREH,40.875,65.886,44851.16
HLA-B*51:03,IAATAREHS,34.192,45.967,42398.73
HLA-B*51:03,AATAREHSR,38.611,78.538,46047.52
HLA-B*51:03,ATAREHSRG,58.0,81.298,46297.8
HLA-B*51:03,TAREHSRGV,0.978,2.328,20279.94
HLA-B*51:03,AREHSRGVL,44.727,74.781,45709.46
HLA-B*51:03,REHSRGVLA,23.851,29.27,39234.73
HLA-B*51:03,EHSRGVLAV,3.053,5.906,27314.99
HLA-B*51:03,HSRGVLAVV,2.414,3.552,23425.29
HLA-B*51:03,SRGVLAVVG,77.5,69.4,45198.99
HLA-B*51:03,RGVLAVVGP,43.636,50.718,43071.49
HLA-B*51:03,GVLAVVGPR,75.0,79.203,46107.34
HLA-B*51:03,VLAVVGPRE,55.25,68.76,45135.46
HLA-B*51:03,LAVVGPRES,23.057,32.5,39981.25
HLA-B*51:03,AVVGPRESA,19.514,41.941,41765.4
HLA-B*51:03,VVGPRESAT,37.368,64.2,44675.81
HLA-B*51:03,VGPRESATL,7.159,16.359,35025.41
HLA-B*51:03,GPRESATLS,21.965,29.066,39185.95
HLA-B*51:03,PRESATLSS,79.167,95.213,47776.64
HLA-B*51:03,RESATLSSV,7.248,13.992,33902.73
HLA-B*51:03,ESATLSSVI,0.673,0.825,13112.88
HLA-B*51:03,SATLSSVIR,31.118,55.192,43644.76
HLA-B*51:03,ATLSSVIRF,6.217,16.143,34928.91
HLA-B*51:03,TLSSVIRFF,6.348,11.241,32260.16
HLA-B*51:03,LSSVIRFFY,21.342,10.235,31548.04
HLA-B*51:03,SSVIRFFYG,46.556,15.441,34602.4
HLA-B*51:03,SVIRFFYGA,14.545,8.152,29847.25
HLA-B*51:03,VIRFFYGAY,34.692,27.75,38852.43
HLA-B*51:03,IRFFYGAYL,14.723,10.909,32035.11
HLA-B*51:03,RFFYGAYLG,66.364,35.316,40566.46
HLA-B*51:03,FFYGAYLGA,24.039,16.548,35109.65
HLA-B*51:03,FYGAYLGAL,35.375,27.581,38806.21
HLA-B*51:03,YGAYLGALE,50.741,35.912,40685.14
HLA-B*51:03,GAYLGALER,30.432,42.237,41814.23
HLA-B*51:03,AYLGALERT,60.714,80.099,46188.23
HLA-B*51:03,YLGALERTG,69.545,59.968,44212.26
HLA-B*51:03,LGALERTGF,17.565,28.051,38933.65
HLA-B*51:03,GALERTGFL,6.299,11.978,32750.77
HLA-B*51:03,ALERTGFLD,93.333,87.521,46880.01
HLA-B*51:03,LERTGFLDH,39.647,60.079,44224.69
HLA-B*51:03,ERTGFLDHT,56.0,70.6,45315.04
HLA-B*51:03,RTGFLDHTD,83.75,72.49,45492.86
HLA-B*51:03,TGFLDHTDE,61.429,66.811,44942.48
HLA-B*51:03,GFLDHTDEK,66.364,90.375,47161.33
HLA-B*51:03,FLDHTDEKK,37.789,76.584,45871.96
HLA-B*51:03,LDHTDEKKE,88.333,96.284,48265.55
HLA-B*51:03,DHTDEKKEW,7.948,35.909,40684.7
HLA-B*51:03,HTDEKKEWG,47.5,78.704,46062.46
HLA-B*51:03,TDEKKEWGW,21.851,61.296,44357.46
HLA-B*51:03,DEKKEWGWY,19.547,40.952,41605.28
HLA-B*51:03,EKKEWGWYR,22.93,59.348,44138.19
HLA-B*51:03,KKEWGWYRD,97.5,96.459,48345.52
HLA-B*51:03,KEWGWYRDE,71.429,71.503,45399.93
HLA-B*51:03,EWGWYRDEG,95.0,86.2,46752.88
HLA-B*51:03,WGWYRDEGV,18.707,5.549,26835.73
HLA-B*51:03,GWYRDEGVK,86.667,94.611,47636.23
HLA-B*51:03,WYRDEGVKK,57.25,80.663,46239.73
HLA-B*51:03,YRDEGVKKP,17.036,63.159,44561.4
HLA-B*51:03,RDEGVKKPK,82.5,96.596,48408.86
HLA-B*51:03,DEGVKKPKS,31.382,72.51,45494.83
HLA-B*51:03,EGVKKPKSM,3.247,18.509,35923.92
HLA-B*51:03,GVKKPKSMP,41.333,84.118,46556.49
HLA-B*51:03,VKKPKSMPI,6.886,16.607,35136.25
HLA-B*51:03,KKPKSMPIL,18.262,51.054,43114.4
HLA-B*51:03,KPKSMPILG,19.02,22.274,37261.59
HLA-B*51:03,PKSMPILGP,69.091,88.105,46936.34
HLA-B*51:03,KSMPILGPY,18.598,15.01,34401.19
HLA-B*51:03,SMPILGPYW,9.035,10.167,31498.93
HLA-B*51:03,MPILGPYWE,10.62,4.472,25212.95
HLA-B*51:03,PILGPYWEV,13.938,16.418,35051.58
HLA-B*51:03,ILGPYWEVD,91.667,70.449,45300.8
HLA-B*51:03,LGPYWEVDI,15.933,8.639,30282.48
HLA-B*51:03,GPYWEVDIG,31.735,16.746,35198.66
HLA-B*51:03,PYWEVDIGN,93.333,93.019,47457.21
HLA-B*51:03,YWEVDIGNH,67.727,90.407,47164.92
HLA-B*51:03,WEVDIGNHA,14.955,22.319,37275.7
HLA-B*51:03,EVDIGNHAY,11.105,33.135,40118.19
HLA-B*51:03,VDIGNHAYQ,51.852,74.436,45676.84
HLA-B*51:03,DIGNHAYQI,1.29,2.179,19809.54
HLA-B*51:03,IGNHAYQIL,4.681,8.303,29983.51
HLA-B*51:03,GNHAYQILL,17.834,29.091,39191.89
HLA-B*51:03,NHAYQILLL,2.524,3.44,23177.96
HLA-B*51:03,HAYQILLLG,6.719,3.209,22626.39
HLA-B*51:03,AYQILLLGV,32.774,39.715,41394.71
HLA-B*51:03,YQILLLGVD,77.5,45.061,42261.8
HLA-B*51:03,QILLLGVDI,16.333,11.778,32616.74
HLA-B*51:03,ILLLGVDIA,46.889,37.436,40979.39
HLA-B*51:03,LLLGVDIAD,85.0,64.569,44716.45
HLA-B*51:03,LLGVDIADG,97.5,85.005,46638.17
HLA-B*51:03,LGVDIADGY,22.64,34.958,40494.97
HLA-B*51:03,GVDIADGYF,47.25,59.744,44185.49
HLA-B*51:03,VDIADGYFA,34.269,29.13,39201.22
HLA-B*51:03,DIADGYFAE,26.833,48.107,42714.62
HLA-B*51:03,IADGYFAED,45.1,37.745,41037.94
HLA-B*51:03,ADGYFAEDK,81.25,95.775,48032.7
HLA-B*51:03,DGYFAEDKQ,42.385,54.034,43497.21
HLA-B*51:03,GYFAEDKQS,83.75,94.881,47666.65
HLA-B*51:03,YFAEDKQSI,4.296,9.61,31098.66
HLA-B*51:03,FAEDKQSIE,27.259,54.344,43537.23
HLA-B*51:03,AEDKQSIEI,3.718,16.576,35122.56
HLA-B*51:03,EDKQSIEIR,46.333,87.532,46881.01
HLA-B*51:03,DKQSIEIRR,36.667,83.034,46456.86
HLA-B*51:03,KQSIEIRRM,16.711,48.721,42802.07
HLA-B*51:03,QSIEIRRML,2.554,9.008,30604.29
HLA-B*51:03,SIEIRRMLA,28.714,29.293,39240.25
HLA-B*51:03,IEIRRMLAE,33.393,47.254,42588.18
HLA-B*51:03,EIRRMLAES,19.446,32.901,40068.72
HLA-B*51:03,IRRMLAESS,56.75,64.416,44699.5
HLA-B*51:03,RRMLAESSK,65.0,80.411,46216.71
HLA-B*51:03,RMLAESSKN,90.0,80.055,46184.24
HLA-B*51:03,MLAESSKND,70.714,66.481,44909.91
HLA-B*51:03,LAESSKNDR,48.125,85.689,46703.81
HLA-B*51:03,AESSKNDRP,36.619,74.295,45663.49
HLA-B*51:03,ESSKNDRPA,20.065,23.063,37510.78
HLA-B*51:03,SSKNDRPAS,48.875,75.559,45780.23
HLA-B*51:03,SKNDRPASR,46.111,92.864,47439.74
HLA-B*51:03,KNDRPASRE,83.75,96.102,48182.08
HLA-B*51:03,NDRPASREI,3.091,8.231,29918.71
HLA-B*51:03,DRPASREIA,40.562,62.254,44462.2
HLA-B*51:03,RPASREIAG,26.35,30.449,39514.64
HLA-B*51:03,PASREIAGL,14.118,38.479,41174.49
HLA-B*51:03,ASREIAGLD,70.0,55.296,43657.04
HLA-B*51:03,SREIAGLDS,72.857,87.558,46883.55
HLA-B*51:03,REIAGLDSE,70.0,85.253,46661.91
HLA-B*51:03,EIAGLDSEH,37.947,78.765,46067.93
HLA-B*51:03,IAGLDSEHI,2.829,3.586,23492.3
HLA-B*51:03,AGLDSEHIT,43.091,71.315,45382.24
HLA-B*51:03,GLDSEHITQ,68.182,95.958,48115.91
HLA-B*51:03,LDSEHITQF,4.486,16.379,35034.13
HLA-B*51:03,DSEHITQFY,5.372,14.634,34216.7
HLA-B*51:03,SEHITQFYY,7.913,17.666,35590.04
HLA-B*51:03,EHITQFYYS,29.386,24.877,38065.57
HLA-B*51:03,HITQFYYSV,5.728,4.503,25271.69
HLA-B*51:03,ITQFYYSVA,21.465,9.439,30967.7
HLA-B*51:03,TQFYYSVAL,3.096,3.858,24027.0
HLA-B*51:03,QFYYSVALT,35.167,32.359,39950.55
HLA-B*51:03,FYYSVALTI,1.155,0.86,13409.59
HLA-B*51:03,YYSVALTIG,66.818,49.475,42907.31
HLA-B*51:03,YSVALTIGG,53.519,24.164,37855.28
HLA-B*51:03,SVALTIGGK,55.75,64.956,44759.04
HLA-B*51:03,VALTIGGKK,35.583,41.69,41724.75
HLA-B*51:03,ALTIGGKKT,60.357,91.555,47293.18
HLA-B*51:03,LTIGGKKTQ,45.8,77.016,45910.7
HLA-B*51:03,TIGGKKTQG,63.214,95.183,47763.18
HLA-B*51:03,IGGKKTQGR,54.074,94.588,47633.65
HLA-B*51:03,GGKKTQGRS,88.333,95.975,48123.73
HLA-B*51:03,GKKTQGRSA,46.222,87.274,46856.16
HLA-B*51:03,KKTQGRSAT,70.714,95.714,48004.64
HLA-B*51:03,KTQGRSATD,76.667,81.161,46285.29
HLA-B*51:03,TQGRSATDK,77.5,91.752,47315.18
HLA-B*51:03,QGRSATDKD,88.333,81.758,46339.89
HLA-B*51:03,GRSATDKDH,83.75,97.926,49024.51
HLA-B*51:03,RSATDKDHC,51.852,80.531,46227.71
HLA-B*51:03,SATDKDHCY,9.746,31.019,39648.24
HLA-B*51:03,ATDKDHCYL,16.911,31.151,39678.3
HLA-B*51:03,TDKDHCYLP,38.167,55.324,43660.36
HLA-B*51:03,DKDHCYLPV,17.425,8.358,30033.52
HLA-B*51:03,KDHCYLPVV,17.772,13.0,33359.82
HLA-B*51:03,DHCYLPVVC,18.787,24.961,38090.3
HLA-B*51:03,HCYLPVVCA,6.765,13.976,33893.92
HLA-B*51:03,CYLPVVCAA,33.179,17.422,35488.13
HLA-B*51:03,YLPVVCAAH,57.25,59.812,44193.61
HLA-B*51:03,LPVVCAAHE,26.7,12.425,33016.54
HLA-B*51:03,PVVCAAHEE,88.333,89.505,47071.63
HLA-B*51:03,VVCAAHEEQ,65.0,85.674,46702.31
HLA-B*51:03,VCAAHEEQQ,81.25,95.971,48122.14
HLA-B*51:03,CAAHEEQQC,23.517,36.834,40864.69
HLA-B*51:03,AAHEEQQCS,20.951,48.763,42808.09
HLA-B*51:03,AHEEQQCSA,33.5,55.82,43718.96
HLA-B*51:03,HEEQQCSAT,28.041,57.456,43912.86
HLA-B*51:03,EEQQCSATI,3.371,3.383,23042.19
HLA-B*51:03,EQQCSATIA,23.529,17.335,35452.06
HLA-B*51:03,QQCSATIAQ,58.5,87.947,46921.12
HLA-B*51:03,QCSATIAQA,23.414,38.257,41133.52
HLA-B*51:03,CSATIAQAT,35.25,21.103,36877.35
HLA-B*51:03,SATIAQATP,10.806,11.997,32763.17
HLA-B*51:03,ATIAQATPV,7.34,6.801,28437.45
HLA-B*51:03,TIAQATPVV,2.439,4.368,25011.63
HLA-B*51:03,IAQATPVVQ,20.049,39.185,41302.55
HLA-B*51:03,AQATPVVQG,36.667,71.075,45359.68
HLA-B*51:03,QATPVVQGI,0.212,0.919,13866.25
HLA-B*51:03,ATPVVQGIG,73.571,65.443,44807.5
HLA-B*51:03,TPVVQGIGH,14.299,33.629,40220.33
HLA-B*51:03,PVVQGIGHG,83.75,84.113,46555.98
HLA-B*51:03,VVQGIGHGD,60.714,75.786,45800.55
HLA-B*51:03,VQGIGHGDK,78.333,94.09,47577.53
HLA-B*51:03,QGIGHGDKD,79.167,83.313,46482.51
HLA-B*51:03,GIGHGDKDS,100.0,98.479,49282.45
HLA-B*51:03,IGHGDKDSA,32.323,47.427,42613.98
HLA-B*51:03,GHGDKDSAP,59.0,93.893,47555.38
HLA-B*51:03,HGDKDSAPI,11.577,13.032,33377.17
HLA-B*51:03,GDKDSAPIA,34.692,69.183,45177.45
HLA-B*51:03,DKDSAPIAD,49.429,85.295,46665.94
HLA-B*51:03,KDSAPIADN,95.0,96.204,48228.5
HLA-B*51:03,DSAPIADNK,12.053,30.221,39461.23
HLA-B*51:03,SAPIADNKV,1.458,4.455,25179.97
HLA-B*51:03,APIADNKVR,32.581,67.726,45033.0
HLA-B*51:03,PIADNKVRK,73.571,95.572,47939.73
HLA-B*51:03,IADNKVRKL,0.851,7.966,29678.51
HLA-B*51:03,ADNKVRKLM,22.96,50.821,43084.55
HLA-B*51:03,DNKVRKLMD,64.643,78.2,46017.12
HLA-B*51:03,NKVRKLMDL,12.491,37.194,40933.72
HLA-B*51:03,KVRKLMDLL,19.682,31.507,39759.52
HLA-B*51:03,VRKLMDLLQ,72.857,83.762,46523.77
HLA-B*51:03,RKLMDLLQS,72.857,74.014,45636.82
HLA-B*51:03,KLMDLLQSG,35.25,41.634,41715.73
HLA-B*51:03,LMDLLQSGH,56.75,72.109,45456.94
HLA-B*51:03,MDLLQSGHA,32.065,19.956,36468.67
HLA-B*51:03,DLLQSGHAD,36.476,44.247,42133.05
HLA-B*51:03,LLQSGHADP,61.429,57.032,43862.54
HLA-B*51:03,LQSGHADPS,67.273,61.34,44362.23
HLA-B*51:03,QSGHADPSK,57.5,87.553,46883.04
HLA-B*51:03,SGHADPSKY,13.551,45.07,42263.16
HLA-B*51:03,GHADPSKYW,11.827,43.601,42032.88
HLA-B*51:03,HADPSKYWI,0.588,1.805,18415.15
HLA-B*51:03,ADPSKYWIG,53.333,78.511,46045.03
HLA-B*51:03,DPSKYWIGL,0.222,0.552,10860.19
HLA-B*51:03,PSKYWIGLR,83.75,84.54,46595.3
HLA-B*51:03,SKYWIGLRR,51.667,68.115,45071.53
HLA-B*51:03,KYWIGLRRR,67.273,86.884,46818.68
HLA-B*51:03,YWIGLRRRN,88.333,88.321,46957.17
HLA-B*51:03,WIGLRRRND,97.5,93.17,47474.14
HLA-B*51:03,IGLRRRNDE,86.667,93.879,47553.84
HLA-B*51:03,GLRRRNDER,86.667,96.002,48136.21
HLA-B*51:03,LRRRNDERA,51.481,70.125,45270.43
HLA-B*51:03,RRRNDERAE,95.0,97.486,48819.66
HLA-B*51:03,RRNDERAEC,60.0,93.115,47467.99
HLA-B*51:03,RNDERAECQ,86.667,96.642,48429.81
HLA-B*51:03,NDERAECQG,81.25,90.791,47207.8
HLA-B*51:03,DERAECQGT,27.444,49.721,42941.22
HLA-B*51:03,ERAECQGTP,46.444,54.26,43526.39
HLA-B*51:03,RAECQGTPI,12.155,6.238,27743.0
HLA-B*51:03,AECQGTPIA,28.653,45.23,42287.43
HLA-B*51:03,ECQGTPIAI,1.795,5.498,26767.01
HLA-B*51:03,CQGTPIAIP,44.091,39.414,41342.34
HLA-B*51:03,QGTPIAIPY,14.812,24.716,38017.83
HLA-B*51:03,GTPIAIPYS,42.769,60.909,44315.22
HLA-B*51:03,TPIAIPYSG,4.482,3.351,22965.03
HLA-B*51:03,PIAIPYSGN,97.5,95.436,47878.06
HLA-B*51:03,IAIPYSGNA,2.939,2.406,20529.41
HLA-B*51:03,AIPYSGNAA,31.559,61.327,44360.8
HLA-B*51:03,IPYSGNAAF,0.158,0.215,6336.54
HLA-B*51:03,PYSGNAAFR,86.667,95.611,47957.91
HLA-B*51:03,YSGNAAFRI,4.622,2.795,21594.78
HLA-B*51:03,SGNAAFRIS,48.25,43.869,42073.83
HLA-B*51:03,GNAAFRISI,12.456,14.983,34387.79
HLA-B*51:03,NAAFRISIV,0.427,0.392,9057.68
HLA-B*51:03,AAFRISIVL,0.973,2.413,20552.3
HLA-B*51:03,AFRISIVLK,65.0,81.194,46288.27
HLA-B*51:03,FRISIVLKI,3.189,4.351,24978.64
HLA-B*51:03,RISIVLKIM,19.176,32.849,40057.46
HLA-B*51:03,ISIVLKIMT,16.018,24.224,37872.91
HLA-B*51:03,SIVLKIMTQ,38.5,63.656,44615.92
HLA-B*51:03,IVLKIMTQI,1.314,1.707,18003.98
HLA-B*51:03,VLKIMTQIS,47.375,56.548,43805.16
HLA-B*51:03,LKIMTQISD,78.333,61.714,44403.05
HLA-B*51:03,KIMTQISDI,13.158,13.334,33541.88
HLA-B*51:03,IMTQISDII,8.155,4.336,24949.74
HLA-B*51:03,MTQISDIIV,5.683,2.419,20574.1
HLA-B*51:03,TQISDIIVD,57.5,61.274,44355.05
HLA-B*51:03,QISDIIVDF,11.393,28.527,39052.19
HLA-B*51:03,ISDIIVDFA,12.646,15.092,34439.2
HLA-B*51:03,SDIIVDFAA,23.805,21.923,37149.69
HLA-B*51:03,DIIVDFAAV,1.396,0.891,13672.57
HLA-B*51:03,IIVDFAAVT,30.378,31.401,39735.43
HLA-B*51:03,IVDFAAVTP,25.119,30.345,39490.29
HLA-B*51:03,VDFAAVTPR,46.444,60.712,44293.65
HLA-B*51:03,DFAAVTPRP,13.022,18.064,35754.45
HLA-B*51:03,FAAVTPRPH,13.753,17.676,35594.26
HLA-B*51:03,AAVTPRPHT,13.217,39.082,41284.68
HLA-B*51:03,AVTPRPHTI,0.991,5.508,26780.9
HLA-B*51:03,VTPRPHTII,3.249,5.235,26386.29
HLA-B*51:03,TPRPHTIIF,0.118,0.571,11035.26
HLA-B*51:03,PRPHTIIFN,91.667,95.853,48068.02
HLA-B*51:03,RPHTIIFNV,0.227,0.404,9221.62
HLA-B*51:03,PHTIIFNVG,78.333,63.489,44597.57
HLA-B*51:03,HTIIFNVGG,55.0,36.5,40799.75
HLA-B*51:03,TIIFNVGGD,71.429,70.913,45344.45
HLA-B*51:03,IIFNVGGDI,10.96,3.99,24291.79
HLA-B*51:03,IFNVGGDIQ,77.5,89.858,47105.76
HLA-B*51:03,FNVGGDIQY,13.81,33.042,40099.1
HLA-B*51:03,NVGGDIQYD,70.714,84.66,46606.39
HLA-B*51:03,VGGDIQYDV,14.611,17.8,35646.29
HLA-B*51:03,GGDIQYDVY,38.611,74.932,45723.81
HLA-B*51:03,GDIQYDVYV,21.36,29.261,39232.61
HLA-B*51:03,DIQYDVYVS,32.806,36.409,40782.11
HLA-B*51:03,IQYDVYVSP,9.352,16.919,35276.04
HLA-B*51:03,QYDVYVSPS,62.857,62.583,44498.28
HLA-B*51:03,YDVYVSPSR,32.484,56.376,43784.76
HLA-B*51:03,DVYVSPSRQ,16.071,34.877,40478.34
HLA-B*51:03,VYVSPSRQE,52.593,79.989,46178.22
HLA-B*51:03,YVSPSRQEP,11.523,24.444,37937.72
HLA-B*51:03,VSPSRQEPR,48.5,78.427,46037.54
HLA-B*51:03,SPSRQEPRA,4.383,9.072,30657.67
HLA-B*51:03,PSRQEPRAK,77.5,95.861,48071.68
HLA-B*51:03,SRQEPRAKV,15.28,33.956,40287.83
HLA-B*51:03,RQEPRAKVS,43.364,86.268,46759.45
HLA-B*51:03,QEPRAKVSL,9.262,46.643,42497.94
HLA-B*51:03,EPRAKVSLH,6.285,24.12,37842.18
HLA-B*51:03,PRAKVSLHF,27.407,53.8,43467.09
HLA-B*51:03,RAKVSLHFN,58.0,54.592,43569.28
HLA-B*51:03,AKVSLHFNG,83.75,78.754,46066.95
HLA-B*51:03,KVSLHFNGI,13.183,16.141,34928.15
HLA-B*51:03,VSLHFNGIN,88.333,50.751,43075.69
HLA-B*51:03,SLHFNGINY,21.588,30.142,39442.87
HLA-B*51:03,LHFNGINYL,4.054,5.672,27000.28
HLA-B*51:03,HFNGINYLD,78.333,57.484,43916.18
HLA-B*51:03,FNGINYLDG,90.0,59.468,44152.51
HLA-B*51:03,NGINYLDGV,9.137,5.007,26060.29
HLA-B*51:03,GINYLDGVH,80.0,93.687,47532.23
HLA-B*51:03,INYLDGVHI,2.116,1.617,17594.75
HLA-B*51:03,NYLDGVHIV,3.023,7.578,29304.54
HLA-B*51:03,YLDGVHIVG,33.5,31.25,39701.05
HLA-B*51:03,LDGVHIVGD,95.0,89.932,47112.9
HLA-B*51:03,DGVHIVGDP,31.441,23.648,37695.47
HLA-B*51:03,GVHIVGDPA,44.909,39.674,41387.53
HLA-B*51:03,VHIVGDPAS,50.37,58.792,44071.86
HLA-B*51:03,HIVGDPASF,7.125,24.798,38042.11
HLA-B*51:03,IVGDPASFS,36.238,57.816,43955.65
HLA-B*51:03,VGDPASFSK,28.224,60.461,44266.35
HLA-B*51:03,GDPASFSKD,83.75,95.258,47797.32
HLA-B*51:03,DPASFSKDC,2.751,5.374,26587.75
HLA-B*51:03,PASFSKDCP,76.667,75.653,45788.68
HLA-B*51:03,ASFSKDCPS,62.143,47.771,42665.18
HLA-B*51:03,SFSKDCPSV,18.049,21.669,37065.38
HLA-B*51:03,FSKDCPSVE,42.385,60.198,44237.61
HLA-B*51:03,SKDCPSVEA,25.567,44.388,42155.39
HLA-B*51:03,KDCPSVEAG,83.75,92.896,47443.35
HLA-B*51:03,DCPSVEAGS,53.889,77.348,45940.53
HLA-B*51:03,CPSVEAGSV,1.412,0.418,9388.96
HLA-B*51:03,PSVEAGSVA,21.982,37.59,41008.66
HLA-B*51:03,SVEAGSVAG,60.714,68.243,45084.2
HLA-B*51:03,VEAGSVAGL,9.836,23.695,37710.16
HLA-B*51:03,EAGSVAGLQ,35.917,42.114,41793.88
HLA-B*51:03,AGSVAGLQA,16.209,29.753,39350.38
HLA-B*51:03,GSVAGLQAS,59.25,78.56,46049.51
HLA-B*51:03,SVAGLQASI,2.684,4.829,25779.85
HLA-B*51:03,VAGLQASIW,5.839,5.943,27365.86
HLA-B*51:03,AGLQASIWQ,65.0,87.942,46920.61
HLA-B*51:03,GLQASIWQD,88.333,89.832,47103.21
HLA-B*51:03,LQASIWQDG,61.071,46.038,42409.29
HLA-B*51:03,QASIWQDGP,35.208,34.685,40438.49
HLA-B*51:03,ASIWQDGPD,97.5,77.752,45976.81
HLA-B*51:03,SIWQDGPDT,34.038,47.845,42676.27
HLA-B*51:03,IWQDGPDTV,8.749,26.626,38548.02
HLA-B*51:03,WQDGPDTVE,48.875,81.501,46316.34
HLA-B*51:03,QDGPDTVEL,16.173,54.723,43586.25
HLA-B*51:03,DGPDTVELL,0.776,3.796,23904.08
HLA-B*51:03,GPDTVELLK,28.776,51.185,43131.2
HLA-B*51:03,PDTVELLKF,34.308,67.067,44967.76
HLA-B*51:03,DTVELLKFL,0.65,1.694,17948.16
HLA-B*51:03,TVELLKFLV,5.566,5.921,27335.68
HLA-B*51:03,VELLKFLVA,8.315,9.332,30876.7
HLA-B*51:03,ELLKFLVAL,5.423,14.375,34089.97
HLA-B*51:03,LLKFLVALE,44.364,56.968,43854.93
HLA-B*51:03,LKFLVALEV,6.083,4.012,24333.87
HLA-B*51:03,KFLVALEVE,75.833,91.404,47276.29
HLA-B*51:03,FLVALEVEE,50.926,64.236,44679.7
HLA-B*51:03,LVALEVEEV,4.728,8.345,30021.49
HLA-B*51:03,VALEVEEVA,4.548,6.739,28362.16
HLA-B*51:03,ALEVEEVAA,40.875,74.134,45648.18
HLA-B*51:03,LEVEEVAAD,63.929,64.301,44686.93
HLA-B*51:03,EVEEVAADY,19.095,37.354,40963.85
HLA-B*51:03,VEEVAADYV,15.332,12.86,33276.2
HLA-B*51:03,EEVAADYVL,4.873,10.831,31978.31
HLA-B*51:03,EVAADYVLE,29.841,51.404,43159.19
HLA-B*51:03,VAADYVLEG,8.593,11.094,32163.61
HLA-B*51:03,AADYVLEGV,5.777,10.801,31956.87
HLA-B*51:03,ADYVLEGVQ,75.833,86.189,46751.85
HLA-B*51:03,DYVLEGVQL,5.625,16.559,35114.98
HLA-B*51:03,YVLEGVQLS,21.096,23.794,37741.59
HLA-B*51:03,VLEGVQLSG,53.889,58.344,44018.48
HLA-B*51:03,LEGVQLSGQ,63.571,84.315,46574.63
HLA-B*51:03,EGVQLSGQF,4.319,8.302,29982.87
HLA-B*51:03,GVQLSGQFL,21.0,39.997,41443.99
HLA-B*51:03,VQLSGQFLQ,56.25,61.129,44339.21
HLA-B*51:03,QLSGQFLQK,26.883,57.624,43932.84
HLA-B*51:03,LSGQFLQKS,29.932,40.894,41595.38
HLA-B*51:03,SGQFLQKST,24.532,40.766,41573.79
HLA-B*51:03,GQFLQKSTP,31.176,43.381,41999.23
HLA-B*51:03,QFLQKSTPF,20.398,28.253,38983.8
HLA-B*51:03,FLQKSTPFQ,42.154,52.746,43331.38
HLA-B*51:03,LQKSTPFQV,1.994,5.876,27274.52
HLA-B*51:03,QKSTPFQVN,64.643,87.316,46860.21
HLA-B*51:03,KSTPFQVNL,4.286,15.839,34789.73
HLA-B*51:03,STPFQVNLQ,26.633,68.967,45155.96
HLA-B*51:03,TPFQVNLQD,9.4,6.129,27604.96
HLA-B*51:03,PFQVNLQDN,100.0,97.06,48622.49
HLA-B*51:03,FQVNLQDNY,10.201,31.552,39769.83
HLA-B*51:03,QVNLQDNYA,23.655,29.936,39394.26
HLA-B*51:03,VNLQDNYAI,9.065,8.824,30443.46
HLA-B*51:03,NLQDNYAIV,7.708,7.907,29621.09
HLA-B*51:03,LQDNYAIVP,38.167,42.074,41787.11
HLA-B*51:03,QDNYAIVPI,13.516,8.295,29976.38
HLA-B*51:03,DNYAIVPIL,0.394,0.755,12540.64
HLA-B*51:03,NYAIVPILG,47.5,37.817,41051.71
HLA-B*51:03,YAIVPILGD,26.85,11.503,32434.1
HLA-B*51:03,AIVPILGDH,58.75,85.284,46664.91
HLA-B*51:03,IVPILGDHE,63.571,83.352,46486.02
HLA-B*51:03,VPILGDHEK,8.99,21.663,37063.37
HLA-B*51:03,PILGDHEKV,25.866,40.261,41488.41
HLA-B*51:03,ILGDHEKVT,61.071,82.147,46375.49
HLA-B*51:03,LGDHEKVTI,3.453,10.765,31930.6
HLA-B*51:03,GDHEKVTIA,23.31,57.648,43935.67
HLA-B*51:03,DHEKVTIAA,7.908,15.909,34822.5
HLA-B*51:03,HEKVTIAAV,2.875,8.352,30028.33
HLA-B*51:03,EKVTIAAVE,62.5,78.433,46038.05
HLA-B*51:03,KVTIAAVES,65.909,80.783,46250.73
HLA-B*51:03,VTIAAVESW,5.387,6.35,27885.64
HLA-B*51:03,TIAAVESWF,19.878,20.149,36538.57
HLA-B*51:03,IAAVESWFV,1.634,0.818,13058.94
HLA-B*51:03,AAVESWFVN,47.125,32.73,40031.45
HLA-B*51:03,AVESWFVNR,44.909,78.117,46009.67
HLA-B*51:03,VESWFVNRL,6.162,10.675,31865.37
HLA-B*51:03,ESWFVNRLT,13.289,6.481,28053.3
HLA-B*51:03,SWFVNRLTS,47.875,44.08,42106.62
HLA-B*51:03,WFVNRLTSA,27.852,25.346,38198.44
HLA-B*51:03,FVNRLTSAG,48.5,27.502,38784.39
HLA-B*51:03,VNRLTSAGL,20.618,22.711,37399.33
HLA-B*51:03,NRLTSAGLE,85.0,85.763,46710.89
HLA-B*51:03,RLTSAGLEA,35.083,44.638,42195.11
HLA-B*51:03,LTSAGLEAD,79.167,69.877,45246.44
HLA-B*51:03,TSAGLEADI,10.45,10.982,32088.88
HLA-B*51:03,SAGLEADIL,9.069,16.933,35282.55
HLA-B*51:03,AGLEADILT,40.75,47.115,42567.45
HLA-B*51:03,GLEADILTR,60.714,95.197,47769.41
HLA-B*51:03,LEADILTRF,3.544,10.138,31478.82
HLA-B*51:03,EADILTRFL,0.639,2.381,20450.48
HLA-B*51:03,ADILTRFLR,52.778,75.393,45765.38
HLA-B*51:03,DILTRFLRP,5.581,9.033,30625.16
HLA-B*51:03,ILTRFLRPC,55.5,45.952,42396.46
HLA-B*51:03,LTRFLRPCL,18.274,10.019,31393.11
HLA-B*51:03,TRFLRPCLI,6.744,4.235,24756.12
HLA-B*51:03,RFLRPCLIS,79.167,68.317,45091.53
HLA-B*51:03,FLRPCLIST,24.312,22.266,37259.17
HLA-B*51:03,LRPCLISTS,69.091,56.916,43848.77
HLA-B*51:03,RPCLISTSH,18.555,45.182,42280.09
HLA-B*51:03,PCLISTSHN,97.5,95.634,47968.28
HLA-B*51:03,CLISTSHNL,7.643,6.213,27711.5
HLA-B*51:03,LISTSHNLI,4.38,2.867,21783.93
HLA-B*51:03,ISTSHNLIS,52.037,41.894,41757.72
HLA-B*51:03,STSHNLISS,30.0,49.394,42896.16
HLA-B*51:03,TSHNLISSV,0.797,1.599,17513.65
HLA-B*51:03,SHNLISSVY,9.375,20.646,36716.1
HLA-B*51:03,HNLISSVYD,73.571,61.38,44366.55
HLA-B*51:03,NLISSVYDA,18.768,21.08,36869.77
HLA-B*51:03,LISSVYDAY,26.117,25.968,38372.83
HLA-B*51:03,ISSVYDAYR,53.704,50.835,43086.41
HLA-B*51:03,SSVYDAYRP,27.87,31.064,39658.55
HLA-B*51:03,SVYDAYRPL,1.92,3.309,22863.87
HLA-B*51:03,VYDAYRPLR,48.375,72.876,45529.32
HLA-B*51:03,YDAYRPLRD,65.0,63.352,44582.61
HLA-B*51:03,DAYRPLRDI,0.049,0.048,2717.63
HLA-B*51:03,AYRPLRDIN,90.0,93.815,47546.64
HLA-B*51:03,YRPLRDINN,75.833,88.6,46984.1
HLA-B*51:03,RPLRDINNQ,38.778,59.936,44208.44
HLA-B*51:03,PLRDINNQW,19.588,42.891,41922.97
HLA-B*51:03,LRDINNQWT,60.357,73.82,45618.55
HLA-B*51:03,RDINNQWTW,12.097,15.932,34833.42
HLA-B*51:03,DINNQWTWK,46.333,61.744,44406.43
HLA-B*51:03,INNQWTWKL,4.321,6.886,28539.16
HLA-B*51:03,NNQWTWKLK,56.75,62.113,44446.8
HLA-B*51:03,NQWTWKLKE,43.0,41.26,41655.3
HLA-B*51:03,QWTWKLKEA,56.0,76.196,45837.25
HLA-B*51:03,WTWKLKEAE,40.625,41.045,41620.61
HLA-B*51:03,TWKLKEAER,54.259,94.927,47671.82
HLA-B*51:03,WKLKEAERV,19.574,26.033,38390.68
HLA-B*51:03,KLKEAERVR,55.75,95.1,47725.5
HLA-B*51:03,LKEAERVRF,29.455,62.856,44528.14
HLA-B*51:03,KEAERVRFI,4.876,9.976,31362.57
HLA-B*51:03,EAERVRFIV,1.376,1.312,16104.79
HLA-B*51:03,AERVRFIVL,5.291,18.378,35873.79
HLA-B*51:03,ERVRFIVLV,6.769,8.356,30031.89
HLA-B*51:03,RVRFIVLVL,11.532,15.261,34518.27
HLA-B*51:03,VRFIVLVLI,11.511,13.689,33736.23
HLA-B*51:03,RFIVLVLIR,78.333,93.751,47539.43
HLA-B*51:03,FIVLVLIRP,39.941,51.032,43111.59
HLA-B*51:03,IVLVLIRPK,43.818,37.323,40958.09
HLA-B*51:03,VLVLIRPKI,4.825,5.517,26793.08
HLA-B*51:03,LVLIRPKIE,62.143,70.939,45346.9
HLA-B*51:03,VLIRPKIEV,4.392,10.244,31554.53
HLA-B*51:03,LIRPKIEVE,46.556,68.834,45142.77
HLA-B*51:03,IRPKIEVEV,10.837,34.476,40395.2
HLA-B*51:03,RPKIEVEVP,11.793,22.927,37467.77
HLA-B*51:03,PKIEVEVPV,24.714,33.659,40226.4
HLA-B*51:03,KIEVEVPVA,26.733,58.736,44065.18
HLA-B*51:03,IEVEVPVAS,23.218,43.884,42076.11
HLA-B*51:03,EVEVPVASY,9.363,26.838,38604.37
HLA-B*51:03,VEVPVASYE,35.458,57.584,43928.07
HLA-B*51:03,EVPVASYEF,2.778,7.348,29060.46
HLA-B*51:03,VPVASYEFV,0.157,0.115,4402.35
HLA-B*51:03,PVASYEFVA,34.962,39.807,41410.83
HLA-B*51:03,VASYEFVAT,14.777,16.602,35133.96
HLA-B*51:03,ASYEFVATH,11.126,27.408,38758.81
HLA-B*51:03,SYEFVATHY,8.462,44.431,42162.25
HLA-B*51:03,YEFVATHYS,21.105,14.994,34393.38
HLA-B*51:03,EFVATHYSH,25.582,56.516,43801.34
HLA-B*51:03,FVATHYSHA,7.209,7.594,29319.75
HLA-B*51:03,VATHYSHAM,1.811,3.491,23301.92
HLA-B*51:03,ATHYSHAMQ,69.545,81.271,46295.29
HLA-B*51:03,THYSHAMQK,22.79,26.264,38451.79
HLA-B*51:03,HYSHAMQKI,5.785,16.371,35030.72
HLA-B*51:03,YSHAMQKIY,10.341,12.011,32771.69
HLA-B*51:03,SHAMQKIYM,7.698,21.593,37040.12
HLA-B*51:03,HAMQKIYMM,0.669,1.278,15929.75
HLA-B*51:03,AMQKIYMMM,18.537,21.376,36968.05
HLA-B*51:03,MQKIYMMMK,21.219,32.53,39987.74
HLA-B*51:03,QKIYMMMKM,18.738,24.162,37854.48
HLA-B*51:03,KIYMMMKMI,15.806,9.225,30786.63
HLA-B*51:03,IYMMMKMIE,62.857,47.009,42551.78
HLA-B*51:03,YMMMKMIEP,18.762,10.333,31618.43
HLA-B*51:03,MMMKMIEPL,8.643,1.618,17601.22
HLA-B*51:03,MMKMIEPLV,2.572,1.181,15426.83
HLA-B*51:03,MKMIEPLVD,71.429,42.929,41929.32
HLA-B*51:03,KMIEPLVDV,10.188,17.422,35488.13
HLA-B*51:03,MIEPLVDVM,6.498,9.788,31226.78
HLA-B*51:03,IEPLVDVMC,30.838,56.74,43827.9
HLA-B*51:03,EPLVDVMCL,0.357,0.506,10453.78
HLA-B*51:03,PLVDVMCLE,86.667,89.768,47097.11
HLA-B*51:03,LVDVMCLEP,46.556,27.724,38845.29
HLA-B*51:03,VDVMCLEPS,95.0,64.35,44692.27
HLA-B*51:03,DVMCLEPSL,1.096,0.933,13954.14
HLA-B*51:03,VMCLEPSLD,93.333,74.843,45715.41
HLA-B*51:03,MCLEPSLDS,38.5,41.268,41656.64
HLA-B*51:03,CLEPSLDSR,52.222,77.542,45957.93
HLA-B*51:03,LEPSLDSRS,61.429,80.016,46180.72
HLA-B*51:03,EPSLDSRSD,24.117,33.133,40117.75
HLA-B*51:03,PSLDSRSDA,44.727,68.834,45142.77
HLA-B*51:03,SLDSRSDAS,62.5,74.28,45662.02
HLA-B*51:03,LDSRSDASQ,80.0,92.855,47438.73
HLA-B*51:03,DSRSDASQA,4.609,7.635,29358.81
HLA-B*51:03,SRSDASQAG,66.364,87.616,46889.14
HLA-B*51:03,RSDASQAGY,27.593,52.101,43248.49
HLA-B*51:03,SDASQAGYT,54.63,60.044,44220.87
HLA-B*51:03,DASQAGYTT,2.172,4.18,24652.15
HLA-B*51:03,ASQAGYTTR,42.385,79.684,46150.74
HLA-B*51:03,SQAGYTTRA,14.685,26.468,38505.91
HLA-B*51:03,QAGYTTRAL,4.054,12.466,33040.84
HLA-B*51:03,AGYTTRALL,6.839,9.682,31149.85
HLA-B*51:03,GYTTRALLI,19.23,27.098,38674.19
HLA-B*51:03,YTTRALLIL,8.982,6.444,28005.69
HLA-B*51:03,TTRALLILL,6.491,7.28,28985.72
HLA-B*51:03,TRALLILLC,29.636,40.516,41531.54
HLA-B*51:03,RALLILLCI,4.435,2.773,21538.54
HLA-B*51:03,ALLILLCIC,80.0,86.863,46816.66
HLA-B*51:03,LLILLCICL,27.185,29.689,39335.06
HLA-B*51:03,LILLCICLK,70.0,54.26,43526.39
HLA-B*51:03,ILLCICLKL,24.883,13.313,33530.26
HLA-B*51:03,LLCICLKLI,41.583,15.202,34490.65
HLA-B*51:03,LCICLKLIE,71.429,67.672,45027.66
HLA-B*51:03,CICLKLIEV,13.141,13.732,33759.61
HLA-B*51:03,ICLKLIEVR,46.0,74.786,45709.96
HLA-B*51:03,CLKLIEVRL,16.56,21.439,36988.84
HLA-B*51:03,LKLIEVRLC,22.94,42.94,41931.13
HLA-B*51:03,KLIEVRLCI,7.637,9.057,30645.72
HLA-B*51:03,LIEVRLCIV,22.28,11.85,32665.13
HLA-B*51:03,IEVRLCIVY,22.34,23.392,37614.41
HLA-B*51:03,EVRLCIVYA,9.464,9.982,31366.63
HLA-B*51:03,VRLCIVYAF,24.039,15.984,34857.94
HLA-B*51:03,RLCIVYAFV,47.375,29.764,39352.92
HLA-B*51:03,LCIVYAFVS,65.909,47.012,42552.24
HLA-B*51:03,CIVYAFVSH,63.214,63.431,44591.3
HLA-B*51:03,IVYAFVSHV,0.673,0.488,10255.15
HLA-B*51:03,VYAFVSHVA,16.876,14.876,34335.39
HLA-B*51:03,YAFVSHVAG,10.16,2.744,21461.08
HLA-B*51:03,AFVSHVAGY,32.613,56.048,43745.93
HLA-B*51:03,FVSHVAGYG,61.786,26.036,38391.52
HLA-B*51:03,VSHVAGYGK,48.875,56.832,43838.82
HLA-B*51:03,SHVAGYGKA,32.129,36.198,40741.09
HLA-B*51:03,HVAGYGKAL,11.284,25.452,38228.19
HLA-B*51:03,VAGYGKALE,54.074,70.444,45300.31
HLA-B*51:03,AGYGKALEK,14.108,49.226,42872.96
HLA-B*51:03,GYGKALEKW,23.598,63.493,44598.06
HLA-B*51:03,YGKALEKWG,71.429,63.787,44630.4
HLA-B*51:03,GKALEKWGK,88.333,96.476,48353.38
HLA-B*51:03,KALEKWGKS,37.526,51.09,43119.07
HLA-B*51:03,ALEKWGKSP,52.037,76.429,45858.06
HLA-B*51:03,LEKWGKSPG,68.636,61.529,44382.89
HLA-B*51:03,EKWGKSPGI,5.411,10.201,31523.47
HLA-B*51:03,KWGKSPGIG,97.5,95.943,48109.14
HLA-B*51:03,WGKSPGIGE,48.75,71.352,45385.7
HLA-B*51:03,GKSPGIGEY,44.091,85.495,46685.11
HLA-B*51:03,KSPGIGEYD,70.714,80.153,46193.23
HLA-B*51:03,SPGIGEYDW,10.387,14.056,33934.3
HLA-B*51:03,PGIGEYDWA,63.571,63.774,44628.96
HLA-B*51:03,GIGEYDWAP,70.0,74.629,45695.13
HLA-B*51:03,IGEYDWAPE,93.333,82.24,46384.05
HLA-B*51:03,GEYDWAPED,50.37,56.376,43784.76
HLA-B*51:03,EYDWAPEDG,62.5,77.835,45984.28
HLA-B*51:03,YDWAPEDGT,54.815,56.62,43813.69
HLA-B*51:03,DWAPEDGTS,70.714,84.535,46594.79
HLA-B*51:03,WAPEDGTSA,8.28,15.228,34502.97
HLA-B*51:03,APEDGTSAE,18.829,65.0,44763.89
HLA-B*51:03,PEDGTSAEV,13.832,37.34,40961.21
HLA-B*51:03,EDGTSAEVP,44.0,70.376,45293.94
HLA-B*51:03,DGTSAEVPC,27.167,30.06,39423.66
HLA-B*51:03,GTSAEVPCT,70.0,79.862,46166.73
HLA-B*51:03,TSAEVPCTA,3.466,7.086,28771.69
HLA-B*51:03,SAEVPCTAT,12.479,28.4,39020.52
HLA-B*51:03,AEVPCTATG,66.364,55.704,43705.26
HLA-B*51:03,EVPCTATGH,44.545,74.995,45729.74
HLA-B*51:03,VPCTATGHT,15.172,17.272,35425.59
HLA-B*51:03,PCTATGHTR,75.0,95.454,47886.34
HLA-B*51:03,CTATGHTRA,24.325,22.951,37475.48
HLA-B*51:03,TATGHTRAS,24.039,40.447,41519.86
HLA-B*51:03,ATGHTRASA,27.556,48.179,42724.79
HLA-B*51:03,TGHTRASAY,11.761,20.332,36603.87
HLA-B*51:03,GHTRASAYF,25.761,39.432,41345.46
HLA-B*51:03,HTRASAYFL,8.655,8.785,30409.55
HLA-B*51:03,TRASAYFLR,44.818,65.758,44838.52
HLA-B*51:03,RASAYFLRI,1.628,0.697,12074.08
HLA-B*51:03,ASAYFLRID,85.0,56.392,43786.66
HLA-B*51:03,SAYFLRIDY,6.924,6.738,28361.24
HLA-B*51:03,AYFLRIDYK,50.185,68.351,45094.93
HLA-B*51:03,YFLRIDYKN,81.25,55.964,43736.0
HLA-B*51:03,FLRIDYKND,72.143,69.852,45243.99
HLA-B*51:03,LRIDYKNDN,73.571,93.285,47487.0
HLA-B*51:03,RIDYKNDNY,52.222,86.8,46810.56
HLA-B*51:03,IDYKNDNYK,54.444,67.628,45023.27
HLA-B*51:03,DYKNDNYKS,48.625,76.617,45874.95
HLA-B*51:03,YKNDNYKSR,49.0,85.937,46727.58
HLA-B*51:03,KNDNYKSRT,55.5,93.454,47506.03
HLA-B*51:03,NDNYKSRTT,26.55,54.971,43618.34
HLA-B*51:03,DNYKSRTTP,7.125,10.805,31959.63
HLA-B*51:03,NYKSRTTPL,17.005,31.294,39710.94
HLA-B*51:03,YKSRTTPLE,58.0,71.764,45424.5
HLA-B*51:03,KSRTTPLEK,43.455,76.966,45906.23
HLA-B*51:03,SRTTPLEKP,38.722,71.733,45421.54
HLA-B*51:03,RTTPLEKPF,17.425,33.823,40260.38
HLA-B*51:03,TTPLEKPFG,51.667,61.463,44375.68
HLA-B*51:03,TPLEKPFGN,14.006,20.805,36773.36
HLA-B*51:03,PLEKPFGNF,41.333,59.108,44109.53
HLA-B*51:03,LEKPFGNFI,2.115,3.649,23615.14
HLA-B*51:03,EKPFGNFIK,56.75,78.832,46073.93
HLA-B*51:03,KPFGNFIKR,8.551,28.624,39076.3
HLA-B*51:03,PFGNFIKRL,40.875,72.516,45495.33
HLA-B*51:03,FGNFIKRLG,42.692,24.341,37907.34
HLA-B*51:03,GNFIKRLGL,21.64,40.088,41459.25
HLA-B*51:03,NFIKRLGLR,59.0,71.842,45431.88
HLA-B*51:03,FIKRLGLRT,23.759,29.311,39244.5
HLA-B*51:03,IKRLGLRTV,10.17,19.039,36126.21
HLA-B*51:03,KRLGLRTVL,31.441,55.364,43665.06
HLA-B*51:03,RLGLRTVLA,40.062,44.431,42162.25
HLA-B*51:03,LGLRTVLAP,16.769,12.93,33317.62
HLA-B*51:03,GLRTVLAPL,27.704,32.387,39956.6
HLA-B*51:03,LRTVLAPLE,70.714,75.914,45811.95
HLA-B*51:03,RTVLAPLEL,6.697,13.951,33880.0
HLA-B*51:03,TVLAPLELL,4.019,7.25,28952.82
HLA-B*51:03,VLAPLELLL,3.873,6.357,27893.79
HLA-B*51:03,LAPLELLLG,33.143,18.186,35800.9
HLA-B*51:03,APLELLLGG,17.321,11.54,32458.67
HLA-B*51:03,PLELLLGGL,66.364,69.05,45164.26
HLA-B*51:03,LELLLGGLR,55.0,55.78,43714.23
HLA-B*51:03,ELLLGGLRA,15.746,16.454,35067.88
HLA-B*51:03,LLLGGLRAR,42.462,65.443,44807.5
HLA-B*51:03,LLGGLRARP,62.143,60.756,44298.45
HLA-B*51:03,LGGLRARPQ,83.75,80.334,46209.71
HLA-B*51:03,GGLRARPQW,18.427,35.205,40544.52
HLA-B*51:03,GLRARPQWF,28.061,56.904,43847.36
HLA-B*51:03,LRARPQWFY,27.889,37.667,41023.31
HLA-B*51:03,RARPQWFYT,14.207,17.861,35671.77
HLA-B*51:03,ARPQWFYTR,47.125,77.486,45952.95
HLA-B*51:03,RPQWFYTRC,5.521,6.357,27894.69
HLA-B*51:03,PQWFYTRCI,24.39,8.886,30497.86
HLA-B*51:03,QWFYTRCIV,37.211,14.215,34011.48
HLA-B*51:03,WFYTRCIVE,76.667,55.088,43632.49
HLA-B*51:03,FYTRCIVET,56.0,52.939,43356.26
HLA-B*51:03,YTRCIVETI,2.693,0.695,12057.9
HLA-B*51:03,TRCIVETIV,24.39,34.247,40348.02
HLA-B*51:03,RCIVETIVG,79.167,71.55,45404.34
HLA-B*51:03,CIVETIVGC,46.667,46.15,42425.81
HLA-B*51:03,IVETIVGCD,80.0,77.204,45927.59
HLA-B*51:03,VETIVGCDT,73.571,62.417,44480.0
HLA-B*51:03,ETIVGCDTK,25.179,46.981,42547.63
HLA-B*51:03,TIVGCDTKV,24.364,28.592,39068.27
HLA-B*51:03,IVGCDTKVA,49.429,43.378,41998.79
HLA-B*51:03,VGCDTKVAG,66.818,74.165,45651.16
HLA-B*51:03,GCDTKVAGF,32.71,74.535,45686.23
HLA-B*51:03,CDTKVAGFV,28.735,11.278,32284.6
HLA-B*51:03,DTKVAGFVL,1.278,2.854,21750.95
HLA-B*51:03,TKVAGFVLI,6.599,6.357,27893.79
HLA-B*51:03,KVAGFVLIG,64.643,51.174,43129.78
HLA-B*51:03,VAGFVLIGN,68.182,44.109,42111.18
HLA-B*51:03,AGFVLIGNS,35.167,40.476,41524.79
HLA-B*51:03,GFVLIGNSK,70.714,87.521,46880.01
HLA-B*51:03,FVLIGNSKQ,53.148,60.611,44282.63
HLA-B*51:03,VLIGNSKQP,28.122,52.225,43264.39
HLA-B*51:03,LIGNSKQPK,71.429,85.179,46654.83
HLA-B*51:03,IGNSKQPKH,33.393,80.203,46197.73
HLA-B*51:03,GNSKQPKHS,85.0,96.969,48580.43
HLA-B*51:03,NSKQPKHSG,18.604,54.092,43504.73
HLA-B*51:03,SKQPKHSGG,68.182,92.694,47420.78
HLA-B*51:03,KQPKHSGGK,66.818,94.872,47665.61
HLA-B*51:03,QPKHSGGKS,27.556,49.69,42937.04
HLA-B*51:03,PKHSGGKSE,91.667,97.872,48999.04
HLA-B*51:03,KHSGGKSEL,21.693,60.193,44237.13
HLA-B*51:03,HSGGKSELM,17.342,34.805,40463.43
HLA-B*51:03,SGGKSELMA,29.932,42.144,41798.87
HLA-B*51:03,GGKSELMAG,68.636,78.483,46042.53
HLA-B*51:03,GKSELMAGK,72.857,95.391,47857.35
HLA-B*51:03,KSELMAGKR,77.5,91.144,47247.14
HLA-B*51:03,SELMAGKRA,18.994,27.663,38828.49
HLA-B*51:03,ELMAGKRAL,8.318,17.548,35540.77
HLA-B*51:03,LMAGKRALS,61.429,55.988,43738.84
HLA-B*51:03,MAGKRALSV,0.822,0.499,10389.96
HLA-B*51:03,AGKRALSVI,6.112,10.9,32028.88
HLA-B*51:03,GKRALSVIE,90.0,95.93,48103.41
HLA-B*51:03,KRALSVIEA,33.286,55.172,43642.4
HLA-B*51:03,RALSVIEAP,9.572,15.281,34527.61
HLA-B*51:03,ALSVIEAPN,93.333,81.533,46319.33
HLA-B*51:03,LSVIEAPNA,11.575,13.001,33360.19
HLA-B*51:03,SVIEAPNAI,0.857,2.428,20600.82
HLA-B*51:03,VIEAPNAIS,57.5,74.16,45650.66
HLA-B*51:03,IEAPNAISR,23.69,56.94,43851.62
HLA-B*51:03,EAPNAISRL,0.509,2.718,21395.01
HLA-B*51:03,APNAISRLE,17.031,29.847,39372.95
HLA-B*51:03,PNAISRLEK,88.333,95.781,48035.27
HLA-B*51:03,NAISRLEKD,24.351,27.486,38780.19
HLA-B*51:03,AISRLEKDA,59.75,80.619,46235.73
HLA-B*51:03,ISRLEKDAI,7.375,9.157,30729.72
HLA-B*51:03,SRLEKDAIF,16.773,43.628,42036.97
HLA-B*51:03,RLEKDAIFS,83.75,90.265,47149.11
HLA-B*51:03,LEKDAIFSK,24.286,50.737,43073.82
HLA-B*51:03,EKDAIFSKQ,48.5,82.536,46411.16
HLA-B*51:03,KDAIFSKQE,71.429,95.142,47744.58
HLA-B*51:03,DAIFSKQET,1.369,4.366,25007.29
HLA-B*51:03,AIFSKQETV,2.285,6.203,27698.01
HLA-B*51:03,IFSKQETVM,13.585,30.464,39518.05
HLA-B*51:03,FSKQETVMD,51.111,50.799,43081.74
HLA-B*51:03,SKQETVMDA,19.216,42.185,41805.66
HLA-B*51:03,KQETVMDAA,43.182,67.165,44977.5
HLA-B*51:03,QETVMDAAL,20.886,27.419,38761.73
HLA-B*51:03,ETVMDAALL,6.916,6.112,27583.18
HLA-B*51:03,TVMDAALLW,2.82,2.022,19325.37
HLA-B*51:03,VMDAALLWE,53.148,73.805,45617.07
HLA-B*51:03,MDAALLWET,31.441,17.827,35657.48
HLA-B*51:03,DAALLWETV,0.06,0.044,2541.8
HLA-B*51:03,AALLWETVT,22.51,22.977,37483.6
HLA-B*51:03,ALLWETVTF,11.068,27.882,38888.61
HLA-B*51:03,LLWETVTFA,15.108,10.853,31994.23
HLA-B*51:03,LWETVTFAV,22.04,16.442,35062.57
HLA-B*51:03,WETVTFAVS,57.75,31.098,39666.27
HLA-B*51:03,ETVTFAVSI,0.472,0.563,10966.34
HLA-B*51:03,TVTFAVSIH,47.125,65.261,44789.56
HLA-B*51:03,VTFAVSIHL,1.367,2.059,19437.78
HLA-B*51:03,TFAVSIHLD,35.458,51.342,43151.26
HLA-B*51:03,FAVSIHLDE,25.597,17.183,35388.83
HLA-B*51:03,AVSIHLDEE,79.167,92.855,47438.73
HLA-B*51:03,VSIHLDEEA,19.892,21.937,37154.5
HLA-B*51:03,SIHLDEEAK,63.929,83.965,46542.38
HLA-B*51:03,IHLDEEAKY,7.841,54.675,43580.13
HLA-B*51:03,HLDEEAKYN,63.214,91.981,47340.78
HLA-B*51:03,LDEEAKYNG,70.714,84.885,46627.07
HLA-B*51:03,DEEAKYNGT,26.267,61.024,44327.69
HLA-B*51:03,EEAKYNGTD,67.273,62.57,44496.84
HLA-B*51:03,EAKYNGTDE,31.5,66.344,44896.3
HLA-B*51:03,AKYNGTDEV,16.009,29.155,39207.16
HLA-B*51:03,KYNGTDEVG,88.333,91.876,47329.0
HLA-B*51:03,YNGTDEVGL,26.717,53.465,43423.86
HLA-B*51:03,NGTDEVGLR,55.0,83.034,46456.86
HLA-B*51:03,GTDEVGLRL,7.217,25.808,38328.02
HLA-B*51:03,TDEVGLRLD,91.667,93.797,47544.58
HLA-B*51:03,DEVGLRLDN,62.5,59.964,44211.77
HLA-B*51:03,EVGLRLDNL,14.685,25.468,38232.75
HLA-B*51:03,VGLRLDNLI,8.966,3.837,23985.95
HLA-B*51:03,GLRLDNLIL,26.317,45.176,42279.19
HLA-B*51:03,LRLDNLILT,39.647,44.917,42239.4
HLA-B*51:03,RLDNLILTH,31.147,67.146,44975.56
HLA-B*51:03,LDNLILTHT,35.417,42.349,41832.79
HLA-B*51:03,DNLILTHTK,13.047,26.311,38464.29
HLA-B*51:03,NLILTHTKS,33.643,41.02,41616.55
HLA-B*51:03,LILTHTKSL,5.208,10.299,31594.16
HLA-B*51:03,ILTHTKSLL,13.277,20.408,36630.79
HLA-B*51:03,LTHTKSLLI,1.906,0.916,13851.4
HLA-B*51:03,THTKSLLIK,45.9,69.419,45200.94
HLA-B*51:03,HTKSLLIKT,12.718,29.973,39403.2
HLA-B*51:03,TKSLLIKTL,5.237,24.341,37907.34
HLA-B*51:03,KSLLIKTLE,45.9,64.974,44760.97
HLA-B*51:03,SLLIKTLEG,41.667,44.167,42120.29
HLA-B*51:03,LLIKTLEGD,75.0,70.292,45286.11
HLA-B*51:03,LIKTLEGDY,34.654,52.396,43286.41
HLA-B*51:03,IKTLEGDYD,97.5,93.879,47553.84
HLA-B*51:03,KTLEGDYDA,41.667,55.232,43649.49
HLA-B*51:03,TLEGDYDAC,57.25,84.573,46598.33
HLA-B*51:03,LEGDYDACL,24.247,26.87,38612.71
HLA-B*51:03,EGDYDACLT,50.185,43.217,41974.26
HLA-B*51:03,GDYDACLTG,49.857,49.899,42965.85
HLA-B*51:03,DYDACLTGT,43.364,63.506,44599.5
HLA-B*51:03,YDACLTGTI,11.263,1.899,18834.9
HLA-B*51:03,DACLTGTIS,17.295,14.326,34065.62
HLA-B*51:03,ACLTGTISD,83.75,94.3,47601.19
HLA-B*51:03,CLTGTISDD,97.5,88.953,47018.17
HLA-B*51:03,LTGTISDDR,81.25,90.133,47134.3
HLA-B*51:03,TGTISDDRK,63.571,88.874,47010.53
HLA-B*51:03,GTISDDRKK,72.143,94.437,47616.66
HLA-B*51:03,TISDDRKKS,64.643,92.768,47428.98
HLA-B*51:03,ISDDRKKSL,2.56,24.233,37875.36
HLA-B*51:03,SDDRKKSLI,9.463,25.332,38194.72
HLA-B*51:03,DDRKKSLIA,11.419,20.708,36738.37
HLA-B*51:03,DRKKSLIAD,61.786,80.104,46188.73
HLA-B*51:03,RKKSLIADR,82.5,95.985,48128.41
HLA-B*51:03,KKSLIADRT,78.333,89.879,47107.8
HLA-B*51:03,KSLIADRTG,62.5,55.908,43729.37
HLA-B*51:03,SLIADRTGD,88.333,91.185,47251.75
HLA-B*51:03,LIADRTGDE,88.333,92.887,47442.31
HLA-B*51:03,IADRTGDEN,69.091,67.574,45017.9
HLA-B*51:03,ADRTGDENS,79.167,95.4,47861.48
HLA-B*51:03,DRTGDENSI,16.156,32.893,40066.99
HLA-B*51:03,RTGDENSIP,58.0,80.12,46190.23
HLA-B*51:03,TGDENSIPY,12.873,33.939,40284.35
HLA-B*51:03,GDENSIPYN,93.333,96.243,48246.75
HLA-B*51:03,DENSIPYNK,18.305,45.573,42339.14
HLA-B*51:03,ENSIPYNKE,42.385,74.703,45702.06
HLA-B*51:03,NSIPYNKER,15.571,39.609,41376.34
HLA-B*51:03,SIPYNKERP,57.25,82.563,46413.67
HLA-B*51:03,IPYNKERPT,4.237,5.19,26322.13
HLA-B*51:03,PYNKERPTE,91.667,96.734,48472.27
HLA-B*51:03,YNKERPTEE,24.896,80.153,46193.23
HLA-B*51:03,NKERPTEEE,73.571,96.274,48260.85
HLA-B*51:03,KERPTEEEP,38.722,76.689,45881.4
HLA-B*51:03,ERPTEEEPT,74.286,94.305,47601.71
HLA-B*51:03,RPTEEEPTS,13.731,40.402,41512.23
HLA-B*51:03,PTEEEPTSE,81.25,97.305,48735.73
HLA-B*51:03,TEEEPTSET,14.529,46.928,42539.81
HLA-B*51:03,EEEPTSETP,10.071,44.825,42224.78
HLA-B*51:03,EEPTSETPE,42.462,89.526,47073.66
HLA-B*51:03,EPTSETPEV,0.056,0.315,7976.35
HLA-B*51:03,PTSETPEVV,9.545,28.119,38950.5
HLA-B*51:03,TSETPEVVN,60.714,84.786,46617.99
HLA-B*51:03,SETPEVVNF,3.079,21.912,37146.07
HLA-B*51:03,ETPEVVNFD,23.828,31.476,39752.63
HLA-B*51:03,TPEVVNFDR,33.25,52.535,43304.2
HLA-B*51:03,PEVVNFDRL,26.667,43.164,41966.09
HLA-B*51:03,EVVNFDRLE,45.9,57.032,43862.54
HLA-B*51:03,VVNFDRLEI,5.67,4.866,25839.04
HLA-B*51:03,VNFDRLEIF,5.091,10.089,31443.44
HLA-B*51:03,NFDRLEIFV,8.933,17.789,35641.67
HLA-B*51:03,FDRLEIFVH,34.962,52.006,43236.33
HLA-B*51:03,DRLEIFVHP,14.07,23.899,37775.1
HLA-B*51:03,RLEIFVHPS,59.75,65.812,44843.87
HLA-B*51:03,LEIFVHPSK,21.57,28.137,38955.15
HLA-B*51:03,EIFVHPSKL,0.764,2.695,21336.05
HLA-B*51:03,IFVHPSKLK,55.25,76.19,45836.74
HLA-B*51:03,FVHPSKLKS,15.075,23.457,37635.16
HLA-B*51:03,VHPSKLKSF,7.015,28.697,39094.48
HLA-B*51:03,HPSKLKSFV,0.211,0.626,11508.76
HLA-B*51:03,PSKLKSFVK,75.0,87.232,46852.12
HLA-B*51:03,SKLKSFVKK,44.364,76.074,45826.34
HLA-B*51:03,KLKSFVKKG,59.25,81.84,46347.42
HLA-B*51:03,LKSFVKKGG,93.333,90.942,47224.66
HLA-B*51:03,KSFVKKGGH,66.818,89.795,47099.63
HLA-B*51:03,SFVKKGGHN,86.667,95.0,47680.05
HLA-B*51:03,FVKKGGHNQ,48.125,72.855,45527.35
HLA-B*51:03,VKKGGHNQR,67.273,95.84,48062.32
HLA-B*51:03,KKGGHNQRG,95.0,97.133,48656.18
HLA-B*51:03,KGGHNQRGK,80.0,96.157,48207.1
HLA-B*51:03,GGHNQRGKS,85.0,95.987,48129.44
HLA-B*51:03,GHNQRGKSA,31.059,56.56,43806.57
HLA-B*51:03,HNQRGKSAR,61.429,92.104,47354.61
HLA-B*51:03,NQRGKSARF,12.097,36.952,40887.71
HLA-B*51:03,QRGKSARFS,78.333,94.35,47606.87
HLA-B*51:03,RGKSARFSR,52.037,80.8,46252.23
HLA-B*51:03,GKSARFSRR,88.333,96.345,48293.23
HLA-B*51:03,KSARFSRRA,26.117,32.845,40056.58
HLA-B*51:03,SARFSRRAL,4.384,9.931,31329.66
HLA-B*51:03,ARFSRRALN,79.167,79.557,46139.29
HLA-B*51:03,RFSRRALNT,74.286,76.384,45854.1
HLA-B*51:03,FSRRALNTR,27.667,48.159,42722.01
HLA-B*51:03,SRRALNTRI,23.241,30.011,39412.15
HLA-B*51:03,RRALNTRIQ,86.667,95.665,47982.29
HLA-B*51:03,RALNTRIQA,8.968,17.188,35390.73
HLA-B*51:03,ALNTRIQAI,7.387,13.06,33392.32
HLA-B*51:03,LNTRIQAIM,14.774,16.07,34896.8
HLA-B*51:03,NTRIQAIMV,2.748,2.801,21611.61
HLA-B*51:03,TRIQAIMVL,5.444,13.769,33780.08
HLA-B*51:03,RIQAIMVLD,75.833,73.403,45579.08
HLA-B*51:03,IQAIMVLDM,12.877,14.219,34013.7
HLA-B*51:03,QAIMVLDMS,32.226,19.225,36195.47
HLA-B*51:03,AIMVLDMSD,81.25,55.04,43626.84
HLA-B*51:03,IMVLDMSDR,72.857,86.284,46760.95
HLA-B*51:03,MVLDMSDRT,30.162,23.412,37620.91
HLA-B*51:03,VLDMSDRTT,40.062,60.11,44228.06
HLA-B*51:03,LDMSDRTTQ,61.786,76.927,45902.74
HLA-B*51:03,DMSDRTTQI,0.651,1.881,18753.96
HLA-B*51:03,MSDRTTQIF,3.633,4.452,25174.53
HLA-B*51:03,SDRTTQIFT,40.938,52.589,43311.23
HLA-B*51:03,DRTTQIFTF,6.052,14.434,34118.73
HLA-B*51:03,RTTQIFTFK,32.161,45.558,42336.87
HLA-B*51:03,TTQIFTFKN,59.5,39.987,41442.2
HLA-B*51:03,TQIFTFKNE,51.481,59.148,44114.31
HLA-B*51:03,QIFTFKNET,16.249,30.533,39534.32
HLA-B*51:03,IFTFKNETL,16.009,30.931,39627.66
HLA-B*51:03,FTFKNETLP,12.947,8.452,30118.45
HLA-B*51:03,TFKNETLPC,45.4,53.322,43405.52
HLA-B*51:03,FKNETLPCK,34.923,56.508,43800.41
HLA-B*51:03,KNETLPCKG,88.333,94.895,47668.19
HLA-B*51:03,NETLPCKGR,47.5,84.671,46607.41
HLA-B*51:03,ETLPCKGRL,6.469,12.472,33044.42
HLA-B*51:03,TLPCKGRLV,8.325,13.225,33482.05
HLA-B*51:03,LPCKGRLVA,3.617,2.761,21507.8
HLA-B*51:03,PCKGRLVAV,25.448,51.047,43113.46
HLA-B*51:03,CKGRLVAVS,86.667,67.308,44991.61
HLA-B*51:03,KGRLVAVSG,55.5,45.2,42282.85
HLA-B*51:03,GRLVAVSGA,51.667,71.143,45366.06
HLA-B*51:03,RLVAVSGAR,68.636,83.138,46466.41
HLA-B*51:03,LVAVSGARL,8.432,11.259,32272.02
HLA-B*51:03,VAVSGARLW,2.896,2.661,21247.82
HLA-B*51:03,AVSGARLWQ,85.0,93.678,47531.21
HLA-B*51:03,VSGARLWQY,13.798,22.525,37340.69
HLA-B*51:03,SGARLWQYQ,58.5,68.647,45124.23
HLA-B*51:03,GARLWQYQA,15.373,15.42,34592.68
HLA-B*51:03,ARLWQYQAH,57.25,86.911,46821.21
HLA-B*51:03,RLWQYQAHA,23.92,20.512,36668.07
HLA-B*51:03,LWQYQAHAM,22.46,23.409,37619.7
HLA-B*51:03,WQYQAHAMV,4.06,2.026,19338.76
HLA-B*51:03,QYQAHAMVQ,59.25,79.402,46125.3
HLA-B*51:03,YQAHAMVQH,26.983,57.232,43886.25
HLA-B*51:03,QAHAMVQHG,19.534,17.49,35516.55
HLA-B*51:03,AHAMVQHGA,22.64,36.843,40866.46
HLA-B*51:03,HAMVQHGAT,14.494,10.617,31823.33
HLA-B*51:03,AMVQHGATK,39.059,61.542,44384.32
HLA-B*51:03,MVQHGATKM,8.198,14.594,34197.09
HLA-B*51:03,VQHGATKME,58.0,88.405,46965.29
HLA-B*51:03,QHGATKMEG,73.571,77.442,45948.98
HLA-B*51:03,HGATKMEGA,29.977,46.743,42512.66
HLA-B*51:03,GATKMEGAI,14.385,14.918,34355.83
HLA-B*51:03,ATKMEGAIV,9.32,15.076,34431.73
HLA-B*51:03,TKMEGAIVL,5.002,11.52,32445.34
HLA-B*51:03,KMEGAIVLA,32.581,47.901,42684.58
HLA-B*51:03,MEGAIVLAP,24.273,14.758,34277.11
HLA-B*51:03,EGAIVLAPS,36.286,18.134,35781.16
HLA-B*51:03,GAIVLAPSE,28.531,52.133,43252.7
HLA-B*51:03,AIVLAPSEK,59.5,83.357,46486.52
HLA-B*51:03,IVLAPSEKG,40.062,46.734,42511.29
HLA-B*51:03,VLAPSEKGN,83.75,95.097,47723.93
HLA-B*51:03,LAPSEKGNA,26.8,37.215,40937.73
HLA-B*51:03,APSEKGNAY,3.443,19.385,36255.04
HLA-B*51:03,PSEKGNAYE,93.333,96.432,48333.49
HLA-B*51:03,SEKGNAYEK,35.75,66.225,44884.64
HLA-B*51:03,EKGNAYEKE,70.0,95.715,48005.13
HLA-B*51:03,KGNAYEKER,68.182,95.535,47923.16
HLA-B*51:03,GNAYEKERH,88.333,97.473,48813.83
HLA-B*51:03,NAYEKERHT,2.642,7.742,29461.59
HLA-B*51:03,AYEKERHTM,14.602,60.119,44229.0
HLA-B*51:03,YEKERHTMP,16.453,36.766,40851.44
HLA-B*51:03,EKERHTMPA,19.128,32.048,39882.74
HLA-B*51:03,KERHTMPAD,75.0,79.917,46171.73
HLA-B*51:03,ERHTMPADL,19.5,48.172,42723.86
HLA-B*51:03,RHTMPADLY,26.267,53.209,43390.97
HLA-B*51:03,HTMPADLYA,5.043,5.19,26322.13
HLA-B*51:03,TMPADLYAE,60.714,71.66,45414.68
HLA-B*51:03,MPADLYAER,3.52,6.173,27660.57
HLA-B*51:03,PADLYAERD,93.333,93.385,47498.3
HLA-B*51:03,ADLYAERDW,39.647,58.14,43994.19
HLA-B*51:03,DLYAERDWR,37.211,60.989,44323.86
HLA-B*51:03,LYAERDWRK,51.111,68.799,45139.36
HLA-B*51:03,YAERDWRKN,59.75,56.108,43753.04
HLA-B*51:03,AERDWRKNS,56.25,86.979,46827.8
HLA-B*51:03,ERDWRKNSD,85.0,94.73,47649.62
HLA-B*51:03,RDWRKNSDL,32.968,49.027,42845.62
HLA-B*51:03,DWRKNSDLG,74.286,67.938,45053.97
HLA-B*51:03,WRKNSDLGA,40.875,62.469,44485.77
HLA-B*51:03,RKNSDLGAP,72.143,87.2,46849.07
HLA-B*51:03,KNSDLGAPG,83.75,73.883,45624.49
HLA-B*51:03,NSDLGAPGG,53.148,55.424,43672.16
HLA-B*51:03,SDLGAPGGD,90.0,94.497,47623.36
HLA-B*51:03,DLGAPGGDL,23.517,31.137,39675.28
HLA-B*51:03,LGAPGGDLR,42.308,68.13,45072.98
HLA-B*51:03,GAPGGDLRP,40.688,72.296,45474.65
HLA-B*51:03,APGGDLRPK,39.235,66.531,44914.75
HLA-B*51:03,PGGDLRPKK,69.545,96.247,48248.31
HLA-B*51:03,GGDLRPKKR,65.909,96.987,48588.82
HLA-B*51:03,GDLRPKKRV,25.97,60.387,44258.21
HLA-B*51:03,DLRPKKRVE,45.5,78.87,46077.41
HLA-B*51:03,LRPKKRVEQ,78.333,96.516,48371.69
HLA-B*51:03,RPKKRVEQA,2.989,13.436,33597.45
HLA-B*51:03,PKKRVEQAS,88.333,96.83,48516.34
HLA-B*51:03,KKRVEQAST,67.727,91.134,47246.11
HLA-B*51:03,KRVEQASTT,57.75,83.308,46482.0
HLA-B*51:03,RVEQASTTL,10.479,29.544,39300.17
HLA-B*51:03,VEQASTTLL,5.455,12.027,32781.27
HLA-B*51:03,EQASTTLLS,17.477,22.424,37308.8
HLA-B*51:03,QASTTLLSI,0.373,0.509,10485.95
HLA-B*51:03,ASTTLLSIL,9.916,19.601,36335.94
HLA-B*51:03,STTLLSILK,27.333,37.754,41039.71
HLA-B*51:03,TTLLSILKT,10.407,14.931,34362.14
HLA-B*51:03,TLLSILKTV,1.983,3.612,23542.17
HLA-B*51:03,LLSILKTVE,47.5,71.868,45434.34
HLA-B*51:03,LSILKTVEP,8.692,13.221,33479.87
HLA-B*51:03,SILKTVEPA,21.789,18.884,36067.24
HLA-B*51:03,ILKTVEPAV,3.831,8.582,30233.39
HLA-B*51:03,LKTVEPAVI,13.435,16.067,34895.3
HLA-B*51:03,KTVEPAVIA,10.497,23.89,37772.25
HLA-B*51:03,TVEPAVIAN,44.182,66.954,44956.57
HLA-B*51:03,VEPAVIANA,16.507,31.642,39790.51
HLA-B*51:03,EPAVIANAY,1.367,4.259,24802.51
HLA-B*51:03,PAVIANAYP,35.042,31.48,39753.5
HLA-B*51:03,AVIANAYPE,59.25,65.226,44786.18
HLA-B*51:03,VIANAYPEE,55.75,67.392,44999.88
HLA-B*51:03,IANAYPEED,41.833,43.961,42087.95
HLA-B*51:03,ANAYPEEDE,90.0,96.837,48519.5
HLA-B*51:03,NAYPEEDEA,2.72,5.237,26388.86
HLA-B*51:03,AYPEEDEAD,88.333,96.904,48550.48
HLA-B*51:03,YPEEDEADA,10.885,17.904,35689.9
HLA-B*51:03,PEEDEADAG,93.333,97.395,48777.42
HLA-B*51:03,EEDEADAGL,4.847,22.741,37409.02
HLA-B*51:03,EDEADAGLT,63.571,77.403,45945.48
HLA-B*51:03,DEADAGLTM,1.459,5.922,27337.16
HLA-B*51:03,EADAGLTMG,17.881,34.328,40364.63
HLA-B*51:03,ADAGLTMGA,35.458,46.561,42485.99
HLA-B*51:03,DAGLTMGAP,11.393,6.844,28488.57
HLA-B*51:03,AGLTMGAPA,26.633,17.299,35437.11
HLA-B*51:03,GLTMGAPAV,15.168,33.56,40205.96
HLA-B*51:03,LTMGAPAVF,3.498,2.761,21507.34
HLA-B*51:03,TMGAPAVFP,40.562,41.162,41639.51
HLA-B*51:03,MGAPAVFPL,3.887,1.168,15346.75
HLA-B*51:03,GAPAVFPLL,1.694,4.102,24503.49
HLA-B*51:03,APAVFPLLV,0.084,0.157,5214.46
HLA-B*51:03,PAVFPLLVE,39.235,60.813,44304.68
HLA-B*51:03,AVFPLLVEF,1.948,7.947,29660.22
HLA-B*51:03,VFPLLVEFM,14.089,23.945,37789.4
HLA-B*51:03,FPLLVEFML,0.265,0.195,5998.89
HLA-B*51:03,PLLVEFMLM,23.437,21.83,37118.75
HLA-B*51:03,LLVEFMLML,12.389,18.036,35743.62
HLA-B*51:03,LVEFMLMLD,81.25,46.37,42457.97
HLA-B*51:03,VEFMLMLDT,42.846,28.717,39099.54
HLA-B*51:03,EFMLMLDTV,6.685,2.427,20598.61
HLA-B*51:03,FMLMLDTVA,23.782,8.525,30183.69
HLA-B*51:03,MLMLDTVAN,48.25,27.31,38731.97
HLA-B*51:03,LMLDTVANE,42.154,56.396,43787.14
HLA-B*51:03,MLDTVANEK,31.441,49.694,42937.48
HLA-B*51:03,LDTVANEKI,15.022,16.714,35184.18
HLA-B*51:03,DTVANEKIL,3.047,9.052,30641.08
HLA-B*51:03,TVANEKILD,56.5,78.101,46008.16
HLA-B*51:03,VANEKILDA,2.819,6.658,28265.96
HLA-B*51:03,ANEKILDAA,41.0,60.25,44243.38
HLA-B*51:03,NEKILDAAA,19.845,27.198,38701.39
HLA-B*51:03,EKILDAAAC,28.531,47.582,42637.04
HLA-B*51:03,KILDAAACS,67.273,74.483,45681.29
HLA-B*51:03,ILDAAACSI,17.041,8.45,30116.82
HLA-B*51:03,LDAAACSIY,34.692,27.39,38753.76
HLA-B*51:03,DAAACSIYK,17.181,18.486,35914.98
HLA-B*51:03,AAACSIYKF,3.034,5.091,26180.68
HLA-B*51:03,AACSIYKFL,4.33,10.026,31398.21
HLA-B*51:03,ACSIYKFLA,46.0,44.02,42097.07
HLA-B*51:03,CSIYKFLAK,36.81,22.284,37264.82
HLA-B*51:03,SIYKFLAKV,1.702,2.487,20795.66
HLA-B*51:03,IYKFLAKVL,16.658,31.625,39786.64
HLA-B*51:03,YKFLAKVLL,5.08,9.801,31235.56
HLA-B*51:03,KFLAKVLLT,42.231,59.572,44164.93
HLA-B*51:03,FLAKVLLTL,4.268,7.911,29625.25
HLA-B*51:03,LAKVLLTLS,14.035,17.2,35395.72
HLA-B*51:03,AKVLLTLSL,11.955,28.246,38982.11
HLA-B*51:03,KVLLTLSLD,75.833,60.888,44312.82
HLA-B*51:03,VLLTLSLDH,47.125,61.7,44401.62
HLA-B*51:03,LLTLSLDHS,63.571,64.956,44759.04
HLA-B*51:03,LTLSLDHSE,32.387,46.567,42486.93
HLA-B*51:03,TLSLDHSED,85.0,83.614,46510.18
HLA-B*51:03,LSLDHSEDV,6.363,7.483,29210.51
HLA-B*51:03,SLDHSEDVA,40.25,64.117,44666.65
HLA-B*51:03,LDHSEDVAT,57.75,67.938,45053.97
HLA-B*51:03,DHSEDVATP,14.239,29.458,39279.77
HLA-B*51:03,HSEDVATPE,47.5,78.433,46038.05
HLA-B*51:03,SEDVATPEA,10.234,22.092,37204.38
HLA-B*51:03,EDVATPEAM,10.33,29.956,39398.93
HLA-B*51:03,DVATPEAMR,21.991,60.62,44283.6
HLA-B*51:03,VATPEAMRR,19.73,49.084,42853.5
HLA-B*51:03,ATPEAMRRK,29.932,69.242,45183.34
HLA-B*51:03,TPEAMRRKN,44.273,46.79,42519.57
HLA-B*51:03,PEAMRRKNR,83.75,97.008,48598.29
HLA-B*51:03,EAMRRKNRA,2.968,6.296,27816.33
HLA-B*51:03,AMRRKNRAY,35.0,61.661,44397.29
HLA-B*51:03,MRRKNRAYQ,83.75,89.721,47092.52
HLA-B*51:03,RRKNRAYQE,83.75,96.223,48237.36
HLA-B*51:03,RKNRAYQEL,25.119,49.209,42870.66
HLA-B*51:03,KNRAYQELI,21.009,20.099,36520.4
HLA-B*51:03,NRAYQELIQ,73.571,92.521,47401.27
HLA-B*51:03,RAYQELIQI,0.387,0.88,13578.07
HLA-B*51:03,AYQELIQIK,52.593,80.208,46198.21
HLA-B*51:03,YQELIQIKD,56.75,60.259,44244.32
HLA-B*51:03,QELIQIKDT,51.481,71.362,45386.66
HLA-B*51:03,ELIQIKDTP,14.532,25.388,38210.42
HLA-B*51:03,LIQIKDTPK,68.636,76.617,45874.95
HLA-B*51:03,IQIKDTPKT,22.41,45.345,42304.8
HLA-B*51:03,QIKDTPKTN,48.75,91.038,47235.39
HLA-B*51:03,IKDTPKTNI,4.107,25.645,38282.41
HLA-B*51:03,KDTPKTNIL,18.299,57.592,43929.01
HLA-B*51:03,DTPKTNILG,17.285,25.462,38231.1
HLA-B*51:03,TPKTNILGV,0.167,0.462,9918.06
HLA-B*51:03,PKTNILGVK,91.667,96.382,48310.49
HLA-B*51:03,KTNILGVKT,36.429,59.78,44189.8
HLA-B*51:03,TNILGVKTL,2.978,10.616,31822.65
HLA-B*51:03,NILGVKTLL,5.722,12.399,33001.19
HLA-B*51:03,ILGVKTLLD,86.667,67.274,44988.21
HLA-B*51:03,LGVKTLLDV,5.44,4.68,25546.04
HLA-B*51:03,GVKTLLDVW,18.683,34.082,40314.0
HLA-B*51:03,VKTLLDVWG,95.0,80.476,46222.71
HLA-B*51:03,KTLLDVWGL,18.744,22.296,37268.45
HLA-B*51:03,TLLDVWGLN,67.273,49.875,42962.58
HLA-B*51:03,LLDVWGLNA,30.135,27.521,38789.84
HLA-B*51:03,LDVWGLNAP,48.375,45.2,42282.85
HLA-B*51:03,DVWGLNAPF,4.828,2.602,21097.08
HLA-B*51:03,VWGLNAPFG,91.667,73.58,45595.87
HLA-B*51:03,WGLNAPFGQ,72.143,68.086,45068.59
HLA-B*51:03,GLNAPFGQV,16.413,26.465,38505.09
HLA-B*51:03,LNAPFGQVL,3.736,6.897,28552.43
HLA-B*51:03,NAPFGQVLY,3.775,9.727,31182.55
HLA-B*51:03,APFGQVLYF,0.179,0.497,10362.0
HLA-B*51:03,PFGQVLYFL,47.75,56.26,43771.04
HLA-B*51:03,FGQVLYFLP,33.071,9.86,31278.87
HLA-B*51:03,GQVLYFLPA,30.838,22.419,37307.18
HLA-B*51:03,QVLYFLPAD,69.545,46.122,42421.68
HLA-B*51:03,VLYFLPADL,9.844,7.961,29673.69
HLA-B*51:03,LYFLPADLA,16.387,13.94,33874.12
HLA-B*51:03,YFLPADLAF,4.363,5.665,26990.06
HLA-B*51:03,FLPADLAFV,13.859,11.118,32179.62
HLA-B*51:03,LPADLAFVM,0.168,0.11,4297.35
HLA-B*51:03,PADLAFVMR,46.111,80.225,46199.73
HLA-B*51:03,ADLAFVMRV,5.883,9.54,31047.88
HLA-B*51:03,DLAFVMRVL,2.476,3.912,24134.85
HLA-B*51:03,LAFVMRVLM,2.383,0.778,12729.83
HLA-B*51:03,AFVMRVLMS,66.364,78.599,46052.98
HLA-B*51:03,FVMRVLMSN,44.455,14.593,34196.34
HLA-B*51:03,VMRVLMSNT,40.812,38.32,41145.08
HLA-B*51:03,MRVLMSNTP,33.929,26.942,38631.94
HLA-B*51:03,RVLMSNTPE,78.333,75.698,45792.63
HLA-B*51:03,VLMSNTPES,34.462,32.155,39906.05
HLA-B*51:03,LMSNTPESK,34.077,62.627,44503.1
HLA-B*51:03,MSNTPESKE,39.471,59.688,44178.8
HLA-B*51:03,SNTPESKEK,57.75,93.124,47469.03
HLA-B*51:03,NTPESKEKT,25.358,62.478,44486.75
HLA-B*51:03,TPESKEKTL,0.764,8.418,30088.17
HLA-B*51:03,PESKEKTLS,78.333,95.508,47910.71
HLA-B*51:03,ESKEKTLSA,1.444,4.895,25884.1
HLA-B*51:03,SKEKTLSAV,10.836,23.901,37775.51
HLA-B*51:03,KEKTLSAVE,59.25,87.847,46911.46
HLA-B*51:03,EKTLSAVEE,54.815,87.568,46884.58
HLA-B*51:03,KTLSAVEEE,59.25,82.377,46396.58
HLA-B*51:03,TLSAVEEEI,5.256,12.339,32965.86
HLA-B*51:03,LSAVEEEIK,62.857,79.33,46118.82
HLA-B*51:03,SAVEEEIKI,0.433,1.91,18882.02
HLA-B*51:03,AVEEEIKIL,12.727,46.931,42540.28
HLA-B*51:03,VEEEIKILP,27.389,48.526,42774.28
HLA-B*51:03,EEEIKILPM,6.954,14.676,34237.08
HLA-B*51:03,EEIKILPMD,37.737,43.173,41967.44
HLA-B*51:03,EIKILPMDI,3.262,5.069,26148.69
HLA-B*51:03,IKILPMDII,10.814,9.213,30776.64
HLA-B*51:03,KILPMDIIG,69.091,58.636,44053.24
HLA-B*51:03,ILPMDIIGE,69.545,86.847,46815.12
HLA-B*51:03,LPMDIIGEW,0.21,0.174,5554.34
HLA-B*51:03,PMDIIGEWG,93.333,88.663,46990.19
HLA-B*51:03,MDIIGEWGA,35.542,21.65,37058.95
HLA-B*51:03,DIIGEWGAF,7.486,8.748,30377.0
HLA-B*51:03,IIGEWGAFK,55.5,56.908,43847.8
HLA-B*51:03,IGEWGAFKA,26.4,30.281,39475.31
HLA-B*51:03,GEWGAFKAI,6.214,8.923,30530.54
HLA-B*51:03,EWGAFKAIT,72.857,78.97,46086.38
HLA-B*51:03,WGAFKAITA,12.94,7.048,28729.7
HLA-B*51:03,GAFKAITAD,52.037,48.159,42722.01
HLA-B*51:03,AFKAITADS,85.0,88.926,47015.62
HLA-B*51:03,FKAITADST,52.778,54.438,43549.48
HLA-B*51:03,KAITADSTK,43.273,63.04,44548.39
HLA-B*51:03,AITADSTKK,75.833,95.296,47814.38
HLA-B*51:03,ITADSTKKN,57.25,75.055,45735.2
HLA-B*51:03,TADSTKKNA,5.156,18.859,36057.87
HLA-B*51:03,ADSTKKNAG,76.667,95.496,47905.52
HLA-B*51:03,DSTKKNAGG,50.741,61.494,44379.06
HLA-B*51:03,STKKNAGGG,80.0,79.491,46133.27
HLA-B*51:03,TKKNAGGGM,39.941,74.034,45638.79
HLA-B*51:03,KKNAGGGMG,93.333,95.5,47907.06
HLA-B*51:03,KNAGGGMGD,95.0,95.697,47996.84
HLA-B*51:03,NAGGGMGDI,16.458,12.055,32797.93
HLA-B*51:03,AGGGMGDII,21.588,23.073,37514.02
HLA-B*51:03,GGGMGDIIK,91.667,96.439,48336.64
HLA-B*51:03,GGMGDIIKQ,74.286,94.918,47670.77
HLA-B*51:03,GMGDIIKQA,28.714,54.938,43614.09
HLA-B*51:03,MGDIIKQAG,29.068,34.165,40331.01
HLA-B*51:03,GDIIKQAGR,74.286,95.853,48068.02
HLA-B*51:03,DIIKQAGRP,23.54,27.376,38749.99
HLA-B*51:03,IIKQAGRPP,32.355,43.271,41982.44
HLA-B*51:03,IKQAGRPPY,41.333,63.651,44615.43
HLA-B*51:03,KQAGRPPYW,8.74,28.612,39073.33
HLA-B*51:03,QAGRPPYWF,5.587,13.572,33671.7
HLA-B*51:03,AGRPPYWFV,4.217,5.497,26765.55
HLA-B*51:03,GRPPYWFVL,13.948,32.274,39931.98
HLA-B*51:03,RPPYWFVLT,4.882,4.284,24850.85
HLA-B*51:03,PPYWFVLTQ,10.228,14.718,34257.46
HLA-B*51:03,PYWFVLTQQ,82.5,90.718,47199.64
HLA-B*51:03,YWFVLTQQN,60.0,47.929,42688.74
HLA-B*51:03,WFVLTQQNL,16.889,14.519,34160.11
HLA-B*51:03,FVLTQQNLL,3.201,3.839,23990.36
HLA-B*51:03,VLTQQNLLT,32.935,45.348,42305.27
HLA-B*51:03,LTQQNLLTD,58.5,35.453,40593.68
HLA-B*51:03,TQQNLLTDD,93.333,88.168,46942.43
HLA-B*51:03,QQNLLTDDG,86.667,72.14,45459.9
HLA-B*51:03,QNLLTDDGN,93.333,91.084,47240.5
HLA-B*51:03,NLLTDDGNF,35.625,32.567,39995.97
HLA-B*51:03,LLTDDGNFQ,79.167,92.132,47357.7
HLA-B*51:03,LTDDGNFQI,3.696,6.781,28413.46
HLA-B*51:03,TDDGNFQIS,49.857,70.835,45337.11
HLA-B*51:03,DDGNFQIST,19.845,38.029,41091.7
HLA-B*51:03,DGNFQISTC,3.194,6.385,27930.33
HLA-B*51:03,GNFQISTCQ,70.714,83.987,46544.42
HLA-B*51:03,NFQISTCQH,54.63,73.523,45590.43
HLA-B*51:03,FQISTCQHP,16.973,18.905,36075.43
HLA-B*51:03,QISTCQHPL,31.971,30.73,39580.54
HLA-B*51:03,ISTCQHPLS,53.704,31.104,39667.55
HLA-B*51:03,STCQHPLSH,27.556,58.66,44056.11
HLA-B*51:03,TCQHPLSHT,18.707,62.039,44438.63
HLA-B*51:03,CQHPLSHTF,2.675,3.622,23562.05
HLA-B*51:03,QHPLSHTFE,62.857,77.785,45979.8
HLA-B*51:03,HPLSHTFEQ,6.36,14.93,34361.77
HLA-B*51:03,PLSHTFEQP,54.815,75.199,45748.06
HLA-B*51:03,LSHTFEQPS,33.571,30.06,39423.66
HLA-B*51:03,SHTFEQPSV,7.773,12.097,32822.43
HLA-B*51:03,HTFEQPSVR,11.891,36.732,40844.8
HLA-B*51:03,TFEQPSVRR,41.25,89.516,47072.63
HLA-B*51:03,FEQPSVRRA,5.809,14.054,33933.55
HLA-B*51:03,EQPSVRRAY,12.046,43.747,42055.17
HLA-B*51:03,QPSVRRAYL,1.25,4.257,24797.94
HLA-B*51:03,PSVRRAYLD,95.0,73.93,45628.93
HLA-B*51:03,SVRRAYLDR,65.909,77.813,45982.29
HLA-B*51:03,VRRAYLDRI,27.63,27.613,38815.04
HLA-B*51:03,RRAYLDRIL,40.125,56.496,43798.97
HLA-B*51:03,RAYLDRILI,1.114,0.856,13373.37
HLA-B*51:03,AYLDRILIL,8.763,27.845,38878.5
HLA-B*51:03,YLDRILILE,28.163,56.9,43846.87
HLA-B*51:03,LDRILILEV,5.062,4.563,25364.82
HLA-B*51:03,DRILILEVA,13.644,14.785,34290.84
HLA-B*51:03,RILILEVAT,46.889,59.748,44185.95
HLA-B*51:03,ILILEVATV,3.003,3.969,24248.98
HLA-B*51:03,LILEVATVA,10.122,9.596,31088.22
HLA-B*51:03,ILEVATVAQ,69.091,84.102,46554.99
HLA-B*51:03,LEVATVAQG,59.25,41.922,41762.25
HLA-B*51:03,EVATVAQGI,1.191,2.204,19887.06
HLA-B*51:03,VATVAQGIG,58.75,36.25,40751.24
HLA-B*51:03,ATVAQGIGA,28.449,37.302,40954.11
HLA-B*51:03,TVAQGIGAK,41.667,60.681,44290.31
HLA-B*51:03,VAQGIGAKP,7.645,13.862,33831.27
HLA-B*51:03,AQGIGAKPD,95.0,95.433,47876.52
HLA-B*51:03,QGIGAKPDG,74.286,84.535,46594.79
HLA-B*51:03,GIGAKPDGV,46.778,75.786,45800.55
HLA-B*51:03,IGAKPDGVV,6.201,8.643,30286.41
HLA-B*51:03,GAKPDGVVE,44.182,87.121,46841.48
HLA-B*51:03,AKPDGVVER,42.077,95.555,47931.97
HLA-B*51:03,KPDGVVERR,16.231,64.332,44690.34
HLA-B*51:03,PDGVVERRM,52.593,86.968,46826.77
HLA-B*51:03,DGVVERRMD,61.786,62.43,44481.44
HLA-B*51:03,GVVERRMDF,26.35,47.133,42570.19
HLA-B*51:03,VVERRMDFF,28.592,38.45,41169.13
HLA-B*51:03,VERRMDFFG,79.167,40.181,41474.95
HLA-B*51:03,ERRMDFFGT,49.286,56.704,43823.64
HLA-B*51:03,RRMDFFGTR,49.286,66.427,44904.55
HLA-B*51:03,RMDFFGTRD,86.667,81.254,46293.8
HLA-B*51:03,MDFFGTRDK,53.519,54.409,43545.71
HLA-B*51:03,DFFGTRDKN,48.875,58.404,44025.61
HLA-B*51:03,FFGTRDKNR,82.5,93.458,47506.52
HLA-B*51:03,FGTRDKNRK,48.375,78.76,46067.45
HLA-B*51:03,GTRDKNRKH,58.75,96.377,48307.87
HLA-B*51:03,TRDKNRKHR,66.364,96.982,48586.73
HLA-B*51:03,RDKNRKHRK,77.5,96.828,48515.3
HLA-B*51:03,DKNRKHRKV,6.964,26.75,38580.97
HLA-B*51:03,KNRKHRKVV,37.0,60.641,44286.0
HLA-B*51:03,NRKHRKVVA,16.764,63.941,44647.3
HLA-B*51:03,RKHRKVVAV,14.035,29.751,39349.95
HLA-B*51:03,KHRKVVAVR,58.5,80.581,46232.21
HLA-B*51:03,HRKVVAVRY,36.0,70.668,45321.41
HLA-B*51:03,RKVVAVRYA,39.941,51.579,43181.63
HLA-B*51:03,KVVAVRYAG,72.857,59.284,44130.53
HLA-B*51:03,VVAVRYAGK,48.5,59.316,44134.34
HLA-B*51:03,VAVRYAGKI,1.876,0.891,13672.72
HLA-B*51:03,AVRYAGKIR,74.286,93.253,47483.39
HLA-B*51:03,VRYAGKIRV,12.303,20.324,36601.09
HLA-B*51:03,RYAGKIRVV,16.902,36.73,40844.38
HLA-B*51:03,YAGKIRVVT,10.501,16.19,34950.07
HLA-B*51:03,AGKIRVVTV,2.057,7.007,28685.28
HLA-B*51:03,GKIRVVTVN,88.333,93.335,47492.64
HLA-B*51:03,KIRVVTVNG,72.143,68.666,45126.18
HLA-B*51:03,IRVVTVNGL,15.81,32.802,40047.05
HLA-B*51:03,RVVTVNGLN,82.5,67.8,45040.32
HLA-B*51:03,VVTVNGLNA,22.73,21.341,36956.44
HLA-B*51:03,VTVNGLNAG,62.5,58.42,44027.51
HLA-B*51:03,TVNGLNAGG,74.286,64.315,44688.38
HLA-B*51:03,VNGLNAGGR,91.667,95.461,47889.46
HLA-B*51:03,NGLNAGGRQ,79.167,86.021,46735.66
HLA-B*51:03,HETDATANGA,25.0,43.208,41972.88
HLA-B*51:03,ETDATANGAL,19.426,22.335,37280.95
HLA-B*51:03,TDATANGALC,44.909,28.842,39130.88
HLA-B*51:03,DATANGALCF,3.527,2.588,21059.92
HLA-B*51:03,ATANGALCFL,37.158,23.898,37774.68
HLA-B*51:03,TANGALCFLL,19.48,4.074,24450.8
HLA-B*51:03,ANGALCFLLK,81.25,59.264,44128.14
HLA-B*51:03,NGALCFLLKK,63.571,33.451,40183.34
HLA-B*51:03,GALCFLLKKS,91.667,63.436,44591.79
HLA-B*51:03,ALCFLLKKSQ,85.0,93.001,47455.16
HLA-B*51:03,LCFLLKKSQD,97.5,84.786,46617.99
HLA-B*51:03,CFLLKKSQDE,97.5,94.113,47580.07
HLA-B*51:03,FLLKKSQDEK,53.704,68.888,45148.15
HLA-B*51:03,LLKKSQDEKS,83.75,91.51,47288.05
HLA-B*51:03,LKKSQDEKSR,88.333,96.787,48496.41
HLA-B*51:03,KKSQDEKSRL,26.617,82.169,46377.53
HLA-B*51:03,KSQDEKSRLG,54.815,78.843,46074.91
HLA-B*51:03,SQDEKSRLGL,17.394,40.888,41594.5
HLA-B*51:03,QDEKSRLGLK,66.364,85.684,46703.3
HLA-B*51:03,DEKSRLGLKD,67.273,66.811,44942.48
HLA-B*51:03,EKSRLGLKDM,41.5,48.279,42739.12
HLA-B*51:03,KSRLGLKDMF,39.353,51.156,43127.47
HLA-B*51:03,SRLGLKDMFA,50.556,42.134,41797.06
HLA-B*51:03,RLGLKDMFAL,39.706,31.832,39834.0
HLA-B*51:03,LGLKDMFALR,50.185,36.868,40871.34
HLA-B*51:03,GLKDMFALRL,35.542,36.793,40856.73
HLA-B*51:03,LKDMFALRLP,64.286,25.625,38276.61
HLA-B*51:03,KDMFALRLPK,72.857,36.736,40845.7
HLA-B*51:03,DMFALRLPKT,26.667,11.812,32639.7
HLA-B*51:03,MFALRLPKTG,60.714,30.659,39563.82
HLA-B*51:03,FALRLPKTGA,10.654,7.266,28970.36
HLA-B*51:03,ALRLPKTGAV,33.821,32.24,39924.61
HLA-B*51:03,LRLPKTGAVI,23.92,11.763,32606.52
HLA-B*51:03,RLPKTGAVIR,45.9,57.72,43944.23
HLA-B*51:03,LPKTGAVIRK,27.333,34.81,40464.32
HLA-B*51:03,PKTGAVIRKK,93.333,96.323,48283.3
HLA-B*51:03,KTGAVIRKKK,77.5,95.049,47702.26
HLA-B*51:03,TGAVIRKKKA,44.818,56.012,43741.67
HLA-B*51:03,GAVIRKKKAN,93.333,96.841,48521.59
HLA-B*51:03,AVIRKKKANG,95.0,95.927,48101.86
HLA-B*51:03,VIRKKKANGW,37.737,56.048,43745.93
HLA-B*51:03,IRKKKANGWT,91.667,95.183,47763.18
HLA-B*51:03,RKKKANGWTR,88.333,95.319,47824.73
HLA-B*51:03,KKKANGWTRA,64.286,81.446,46311.32
HLA-B*51:03,KKANGWTRAD,97.5,91.203,47253.79
HLA-B*51:03,KANGWTRADD,97.5,89.595,47080.28
HLA-B*51:03,ANGWTRADDN,100.0,95.175,47759.58
HLA-B*51:03,NGWTRADDNI,19.649,7.636,29360.07
HLA-B*51:03,GWTRADDNIH,88.333,95.237,47787.49
HLA-B*51:03,WTRADDNIHP,53.704,49.704,42938.89
HLA-B*51:03,TRADDNIHPD,73.571,71.367,45387.16
HLA-B*51:03,RADDNIHPDD,85.0,83.571,46506.16
HLA-B*51:03,ADDNIHPDDP,83.75,95.046,47700.7
HLA-B*51:03,DDNIHPDDPT,70.0,65.886,44851.16
HLA-B*51:03,DNIHPDDPTE,49.857,74.259,45660.05
HLA-B*51:03,NIHPDDPTES,64.286,82.568,46414.15
HLA-B*51:03,IHPDDPTESV,0.818,4.477,25223.33
HLA-B*51:03,HPDDPTESVP,5.02,21.04,36856.62
HLA-B*51:03,PDDPTESVPL,37.316,65.896,44852.11
HLA-B*51:03,DDPTESVPLT,6.336,9.186,30754.0
HLA-B*51:03,DPTESVPLTA,0.882,1.27,15890.84
HLA-B*51:03,PTESVPLTAG,90.0,80.318,46208.22
HLA-B*51:03,TESVPLTAGG,71.429,46.774,42517.27
HLA-B*51:03,ESVPLTAGGK,29.432,52.735,43329.98
HLA-B*51:03,SVPLTAGGKM,11.865,14.17,33989.78
HLA-B*51:03,VPLTAGGKMF,3.126,3.154,22497.98
HLA-B*51:03,PLTAGGKMFS,93.333,91.258,47259.91
HLA-B*51:03,LTAGGKMFSA,37.526,27.755,38853.69
HLA-B*51:03,TAGGKMFSAA,27.815,20.078,36512.89
HLA-B*51:03,AGGKMFSAAS,90.0,69.68,45226.87
HLA-B*51:03,GGKMFSAAST,80.0,61.261,44353.59
HLA-B*51:03,GKMFSAASTQ,81.25,81.878,46350.91
HLA-B*51:03,KMFSAASTQD,91.667,67.992,45059.32
HLA-B*51:03,MFSAASTQDG,93.333,54.599,43570.21
HLA-B*51:03,FSAASTQDGF,15.519,10.974,32082.98
HLA-B*51:03,SAASTQDGFQ,54.074,57.428,43909.55
HLA-B*51:03,AASTQDGFQK,64.643,82.251,46385.04
HLA-B*51:03,ASTQDGFQKY,24.87,60.888,44312.82
HLA-B*51:03,STQDGFQKYP,30.459,41.978,41771.27
HLA-B*51:03,TQDGFQKYPS,73.571,60.641,44286.0
HLA-B*51:03,QDGFQKYPSE,59.75,68.105,45070.54
HLA-B*51:03,DGFQKYPSEL,1.82,2.604,21102.33
HLA-B*51:03,GFQKYPSELL,39.353,44.158,42118.93
HLA-B*51:03,FQKYPSELLG,41.333,22.405,37302.73
HLA-B*51:03,QKYPSELLGV,15.06,16.621,35142.7
HLA-B*51:03,KYPSELLGVG,61.429,22.682,37390.43
HLA-B*51:03,YPSELLGVGI,0.544,0.115,4397.4
HLA-B*51:03,PSELLGVGII,53.889,22.849,37443.05
HLA-B*51:03,SELLGVGIIT,43.818,34.389,40377.28
HLA-B*51:03,ELLGVGIITT,35.708,44.221,42128.95
HLA-B*51:03,LLGVGIITTF,19.493,15.506,34633.12
HLA-B*51:03,LGVGIITTFF,24.377,14.517,34159.0
HLA-B*51:03,GVGIITTFFG,95.0,56.492,43798.52
HLA-B*51:03,VGIITTFFGV,35.042,6.016,27463.15
HLA-B*51:03,GIITTFFGVA,75.833,45.239,42288.79
HLA-B*51:03,IITTFFGVAS,83.75,53.552,43435.12
HLA-B*51:03,ITTFFGVASA,34.385,14.613,34206.34
HLA-B*51:03,TTFFGVASAA,24.455,9.315,30862.67
HLA-B*51:03,TFFGVASAAK,63.571,50.153,42999.33
HLA-B*51:03,FFGVASAAKG,88.333,52.042,43240.99
HLA-B*51:03,FGVASAAKGS,81.25,63.308,44577.81
HLA-B*51:03,GVASAAKGSL,38.278,49.912,42967.7
HLA-B*51:03,VASAAKGSLL,10.722,10.71,31890.55
HLA-B*51:03,ASAAKGSLLE,58.5,68.912,45150.6
HLA-B*51:03,SAAKGSLLES,39.471,46.292,42446.47
HLA-B*51:03,AAKGSLLESI,7.652,8.85,30466.21
HLA-B*51:03,AKGSLLESIA,69.091,57.932,43969.43
HLA-B*51:03,KGSLLESIAN,97.5,80.893,46260.73
HLA-B*51:03,GSLLESIAND,97.5,85.989,46732.64
HLA-B*51:03,SLLESIANDL,30.216,31.365,39727.28
HLA-B*51:03,LLESIANDLG,83.75,51.645,43190.04
HLA-B*51:03,LESIANDLGK,66.364,54.041,43498.14
HLA-B*51:03,ESIANDLGKC,31.529,31.763,39818.08
HLA-B*51:03,SIANDLGKCH,40.5,81.314,46299.29
HLA-B*51:03,IANDLGKCHY,18.299,22.438,37313.22
HLA-B*51:03,ANDLGKCHYP,71.429,77.951,45994.72
HLA-B*51:03,NDLGKCHYPD,97.5,76.91,45901.26
HLA-B*51:03,DLGKCHYPDI,34.385,8.763,30390.15
HLA-B*51:03,LGKCHYPDIN,95.0,64.196,44675.35
HLA-B*51:03,GKCHYPDINS,93.333,95.446,47882.72
HLA-B*51:03,KCHYPDINSD,80.0,80.756,46248.23
HLA-B*51:03,CHYPDINSDG,58.5,46.455,42470.38
HLA-B*51:03,HYPDINSDGA,37.316,26.653,38555.11
HLA-B*51:03,YPDINSDGAE,33.643,23.995,37805.37
HLA-B*51:03,PDINSDGAEE,95.0,96.749,48479.09
HLA-B*51:03,DINSDGAEEW,16.422,26.111,38411.46
HLA-B*51:03,INSDGAEEWI,26.633,30.394,39501.82
HLA-B*51:03,NSDGAEEWIA,39.941,40.678,41558.95
HLA-B*51:03,SDGAEEWIAT,52.222,64.007,44654.55
HLA-B*51:03,DGAEEWIATG,38.944,21.44,36989.25
HLA-B*51:03,GAEEWIATGK,60.714,76.645,45877.44
HLA-B*51:03,AEEWIATGKN,91.667,79.673,46149.76
HLA-B*51:03,EEWIATGKNM,16.951,15.981,34856.43
HLA-B*51:03,EWIATGKNME,76.667,86.389,46771.09
HLA-B*51:03,WIATGKNMEL,23.529,19.8,36410.32
HLA-B*51:03,IATGKNMELE,36.19,51.586,43182.55
HLA-B*51:03,ATGKNMELED,97.5,92.836,47436.68
HLA-B*51:03,TGKNMELEDW,34.308,43.131,41961.08
HLA-B*51:03,GKNMELEDWV,78.333,50.842,43087.36
HLA-B*51:03,KNMELEDWVQ,83.75,71.221,45373.41
HLA-B*51:03,NMELEDWVQN,81.25,65.974,44859.89
HLA-B*51:03,MELEDWVQNF,11.385,6.849,28495.04
HLA-B*51:03,ELEDWVQNFY,21.316,29.753,39350.38
HLA-B*51:03,LEDWVQNFYS,58.5,31.39,39732.87
HLA-B*51:03,EDWVQNFYSL,16.836,9.526,31038.15
HLA-B*51:03,DWVQNFYSLL,14.325,6.698,28313.11
HLA-B*51:03,WVQNFYSLLM,40.312,5.676,27004.96
HLA-B*51:03,VQNFYSLLMG,76.667,29.996,39408.74
HLA-B*51:03,QNFYSLLMGG,91.667,44.552,42181.39
HLA-B*51:03,NFYSLLMGGC,73.571,52.283,43271.9
HLA-B*51:03,FYSLLMGGCF,53.333,12.555,33093.79
HLA-B*51:03,YSLLMGGCFV,34.654,3.194,22591.41
HLA-B*51:03,SLLMGGCFVM,48.5,18.862,36058.66
HLA-B*51:03,LLMGGCFVMN,93.333,39.725,41396.5
HLA-B*51:03,LMGGCFVMNS,91.667,50.693,43068.24
HLA-B*51:03,MGGCFVMNSF,44.727,6.285,27802.79
HLA-B*51:03,GGCFVMNSFF,65.455,31.842,39836.16
HLA-B*51:03,GCFVMNSFFV,61.071,24.018,37812.32
HLA-B*51:03,CFVMNSFFVC,88.333,30.703,39574.11
HLA-B*51:03,FVMNSFFVCA,39.941,6.302,27823.87
HLA-B*51:03,VMNSFFVCAY,51.852,16.588,35127.89
HLA-B*51:03,MNSFFVCAYE,79.167,15.346,34557.89
HLA-B*51:03,NSFFVCAYEE,64.643,24.955,38088.66
HLA-B*51:03,SFFVCAYEEV,44.909,14.234,34021.05
HLA-B*51:03,FFVCAYEEVE,86.667,48.698,42798.81
HLA-B*51:03,FVCAYEEVEF,35.5,22.703,37396.89
HLA-B*51:03,VCAYEEVEFH,38.833,54.81,43597.56
HLA-B*51:03,CAYEEVEFHL,5.282,1.854,18629.78
HLA-B*51:03,AYEEVEFHLQ,67.727,87.505,46878.47
HLA-B*51:03,YEEVEFHLQN,71.429,48.662,42793.73
HLA-B*51:03,EEVEFHLQNE,42.769,62.074,44442.47
HLA-B*51:03,EVEFHLQNER,29.545,47.161,42574.34
HLA-B*51:03,VEFHLQNERD,80.0,69.026,45161.84
HLA-B*51:03,EFHLQNERDQ,75.833,93.44,47504.46
HLA-B*51:03,FHLQNERDQK,65.455,73.857,45622.02
HLA-B*51:03,HLQNERDQKS,72.143,91.825,47323.38
HLA-B*51:03,LQNERDQKSL,18.122,37.323,40958.09
HLA-B*51:03,QNERDQKSLF,27.778,52.257,43268.61
HLA-B*51:03,NERDQKSLFT,41.25,44.647,42196.46
HLA-B*51:03,ERDQKSLFTS,52.963,60.874,44311.39
HLA-B*51:03,RDQKSLFTST,53.704,59.256,44127.2
HLA-B*51:03,DQKSLFTSTF,8.864,7.073,28757.37
HLA-B*51:03,QKSLFTSTFQ,74.286,62.658,44506.46
HLA-B*51:03,KSLFTSTFQL,18.5,14.575,34187.48
HLA-B*51:03,SLFTSTFQLH,37.316,30.874,39614.38
HLA-B*51:03,LFTSTFQLHH,66.818,56.064,43747.82
HLA-B*51:03,FTSTFQLHHK,45.6,39.465,41351.3
HLA-B*51:03,TSTFQLHHKF,12.319,8.849,30465.87
HLA-B*51:03,STFQLHHKFR,28.633,28.285,38991.82
HLA-B*51:03,TFQLHHKFRR,79.167,78.632,46055.98
HLA-B*51:03,FQLHHKFRRD,93.333,72.662,45509.12
HLA-B*51:03,QLHHKFRRDA,68.636,59.964,44211.77
HLA-B*51:03,LHHKFRRDAC,74.286,63.3,44576.84
HLA-B*51:03,HHKFRRDACV,38.333,24.889,38068.86
HLA-B*51:03,HKFRRDACVR,77.5,67.151,44976.03
HLA-B*51:03,KFRRDACVRN,100.0,93.074,47463.37
HLA-B*51:03,FRRDACVRNL,41.583,31.273,39706.2
HLA-B*51:03,RRDACVRNLK,85.0,75.914,45811.95
HLA-B*51:03,RDACVRNLKK,83.75,76.872,45897.8
HLA-B*51:03,DACVRNLKKD,73.571,57.756,43948.5
HLA-B*51:03,ACVRNLKKDA,86.667,87.426,46870.88
HLA-B*51:03,CVRNLKKDAL,54.815,38.937,41258.78
HLA-B*51:03,VRNLKKDALR,79.167,90.709,47198.6
HLA-B*51:03,RNLKKDALRL,35.042,45.742,42364.81
HLA-B*51:03,NLKKDALRLN,62.5,70.042,45262.61
HLA-B*51:03,LKKDALRLNR,90.0,94.392,47611.5
HLA-B*51:03,KKDALRLNRS,93.333,95.19,47766.29
HLA-B*51:03,KDALRLNRSA,27.222,26.435,38497.16
HLA-B*51:03,DALRLNRSAK,22.74,24.794,38040.89
HLA-B*51:03,ALRLNRSAKQ,85.0,92.603,47410.5
HLA-B*51:03,LRLNRSAKQH,74.286,89.084,47030.91
HLA-B*51:03,RLNRSAKQHA,58.25,69.355,45194.59
HLA-B*51:03,LNRSAKQHAS,79.167,82.306,46390.06
HLA-B*51:03,NRSAKQHASP,46.444,54.325,43534.88
HLA-B*51:03,RSAKQHASPV,23.253,15.081,34433.98
HLA-B*51:03,SAKQHASPVI,3.17,2.567,21007.8
HLA-B*51:03,AKQHASPVIL,33.5,51.24,43138.18
HLA-B*51:03,KQHASPVILP,41.0,52.75,43331.86
HLA-B*51:03,QHASPVILPI,5.667,1.359,16355.02
HLA-B*51:03,HASPVILPIR,12.023,6.628,28229.29
HLA-B*51:03,ASPVILPIRW,9.687,11.163,32209.23
HLA-B*51:03,SPVILPIRWY,6.834,8.142,29838.53
HLA-B*51:03,PVILPIRWYM,32.452,24.932,38081.66
HLA-B*51:03,VILPIRWYMV,19.257,6.572,28162.78
HLA-B*51:03,ILPIRWYMVK,41.0,15.03,34410.51
HLA-B*51:03,LPIRWYMVKK,29.682,10.478,31722.95
HLA-B*51:03,PIRWYMVKKT,95.0,82.503,46408.13
HLA-B*51:03,IRWYMVKKTA,54.259,35.766,40656.11
HLA-B*51:03,RWYMVKKTAL,43.909,43.018,41943.85
HLA-B*51:03,WYMVKKTALF,35.292,10.572,31790.98
HLA-B*51:03,YMVKKTALFG,67.273,24.695,38011.66
HLA-B*51:03,MVKKTALFGQ,75.0,57.752,43948.02
HLA-B*51:03,VKKTALFGQV,46.778,35.985,40699.68
HLA-B*51:03,KKTALFGQVV,31.5,19.159,36170.8
HLA-B*51:03,KTALFGQVVR,62.857,47.715,42656.87
HLA-B*51:03,TALFGQVVRE,39.588,47.898,42684.11
HLA-B*51:03,ALFGQVVREV,20.447,18.763,36020.82
HLA-B*51:03,LFGQVVREVQ,80.0,63.018,44545.97
HLA-B*51:03,FGQVVREVQT,65.909,45.039,42258.61
HLA-B*51:03,GQVVREVQTG,91.667,88.053,46931.26
HLA-B*51:03,QVVREVQTGG,77.5,77.287,45935.05
HLA-B*51:03,VVREVQTGGD,93.333,90.444,47168.99
HLA-B*51:03,VREVQTGGDD,100.0,94.675,47643.45
HLA-B*51:03,REVQTGGDDE,95.0,95.621,47962.06
HLA-B*51:03,EVQTGGDDEF,24.325,45.521,42331.36
HLA-B*51:03,VQTGGDDEFP,81.25,86.379,46770.06
HLA-B*51:03,QTGGDDEFPP,88.333,86.468,46778.66
HLA-B*51:03,TGGDDEFPPR,70.0,93.051,47460.8
HLA-B*51:03,GGDDEFPPRL,18.39,55.992,43739.3
HLA-B*51:03,GDDEFPPRLP,40.375,83.373,46488.05
HLA-B*51:03,DDEFPPRLPT,22.68,21.185,36904.5
HLA-B*51:03,DEFPPRLPTS,14.787,17.729,35616.62
HLA-B*51:03,EFPPRLPTSL,1.103,5.052,26124.1
HLA-B*51:03,FPPRLPTSLV,0.238,0.095,3972.71
HLA-B*51:03,PPRLPTSLVG,24.922,16.435,35059.54
HLA-B*51:03,PRLPTSLVGC,82.5,84.469,46588.75
HLA-B*51:03,RLPTSLVGCS,73.571,47.91,42685.96
HLA-B*51:03,LPTSLVGCSD,66.818,14.434,34118.36
HLA-B*51:03,PTSLVGCSDA,86.667,60.527,44273.55
HLA-B*51:03,TSLVGCSDAL,31.471,16.133,34924.75
HLA-B*51:03,SLVGCSDALG,88.333,56.816,43836.92
HLA-B*51:03,LVGCSDALGL,57.75,25.114,38133.59
HLA-B*51:03,VGCSDALGLV,23.379,14.353,34079.26
HLA-B*51:03,GCSDALGLVL,36.286,28.192,38968.62
HLA-B*51:03,CSDALGLVLN,72.857,34.516,40403.51
HLA-B*51:03,SDALGLVLNF,10.473,5.935,27354.62
HLA-B*51:03,DALGLVLNFD,14.637,7.013,28691.48
HLA-B*51:03,ALGLVLNFDR,95.0,90.924,47222.62
HLA-B*51:03,LGLVLNFDRN,97.5,67.928,45052.98
HLA-B*51:03,GLVLNFDRND,100.0,93.728,47536.86
HLA-B*51:03,LVLNFDRNDP,86.667,58.168,43997.51
HLA-B*51:03,VLNFDRNDPT,85.0,62.654,44506.0
HLA-B*51:03,LNFDRNDPTS,64.286,56.196,43763.45
HLA-B*51:03,NFDRNDPTSL,19.074,32.736,40032.77
HLA-B*51:03,FDRNDPTSLN,61.429,66.191,44881.25
HLA-B*51:03,DRNDPTSLNN,69.545,76.6,45873.47
HLA-B*51:03,RNDPTSLNNF,30.514,52.283,43271.9
HLA-B*51:03,NDPTSLNNFV,3.853,1.368,16401.09
HLA-B*51:03,DPTSLNNFVK,8.607,5.815,27191.73
HLA-B*51:03,PTSLNNFVKL,27.833,29.025,39176.2
HLA-B*51:03,TSLNNFVKLD,28.612,35.234,40550.21
HLA-B*51:03,SLNNFVKLDD,100.0,84.836,46622.53
HLA-B*51:03,LNNFVKLDDQ,97.5,94.382,47610.46
HLA-B*51:03,NNFVKLDDQG,91.667,68.583,45117.88
HLA-B*51:03,NFVKLDDQGF,38.667,41.617,41713.02
HLA-B*51:03,FVKLDDQGFL,28.469,19.542,36313.54
HLA-B*51:03,VKLDDQGFLL,24.039,22.324,37277.32
HLA-B*51:03,KLDDQGFLLK,48.875,69.321,45191.15
HLA-B*51:03,LDDQGFLLKN,93.333,81.61,46326.35
HLA-B*51:03,DDQGFLLKNM,23.218,20.524,36672.44
HLA-B*51:03,DQGFLLKNMD,62.857,39.941,41434.13
HLA-B*51:03,QGFLLKNMDS,82.5,60.707,44293.17
HLA-B*51:03,GFLLKNMDSA,66.818,57.588,43928.56
HLA-B*51:03,FLLKNMDSAQ,74.286,63.146,44559.96
HLA-B*51:03,LLKNMDSAQE,65.455,82.136,46374.51
HLA-B*51:03,LKNMDSAQEV,12.558,13.354,33552.41
HLA-B*51:03,KNMDSAQEVI,19.149,15.471,34616.64
HLA-B*51:03,NMDSAQEVIG,50.185,49.515,42912.87
HLA-B*51:03,MDSAQEVIGP,60.714,45.964,42398.3
HLA-B*51:03,DSAQEVIGPY,15.44,11.464,32408.13
HLA-B*51:03,SAQEVIGPYA,9.163,6.512,28091.27
HLA-B*51:03,AQEVIGPYAR,65.0,78.577,46051.0
HLA-B*51:03,QEVIGPYARV,13.232,13.951,33880.0
HLA-B*51:03,EVIGPYARVV,3.339,2.626,21159.04
HLA-B*51:03,VIGPYARVVP,53.889,48.084,42711.38
HLA-B*51:03,IGPYARVVPE,34.154,19.136,36162.2
HLA-B*51:03,GPYARVVPES,30.432,21.274,36934.07
HLA-B*51:03,PYARVVPESL,19.946,23.82,37749.77
HLA-B*51:03,YARVVPESLS,20.341,18.473,35909.93
HLA-B*51:03,ARVVPESLSF,16.787,36.005,40703.64
HLA-B*51:03,RVVPESLSFS,49.286,60.07,44223.75
HLA-B*51:03,VVPESLSFSM,7.538,4.866,25837.65
HLA-B*51:03,VPESLSFSMI,1.36,0.256,6991.35
HLA-B*51:03,PESLSFSMII,30.973,4.118,24533.47
HLA-B*51:03,ESLSFSMIIN,34.962,7.391,29108.93
HLA-B*51:03,SLSFSMIINL,16.013,9.916,31319.15
HLA-B*51:03,LSFSMIINLA,22.06,6.179,27667.75
HLA-B*51:03,SFSMIINLAI,21.36,2.146,19708.2
HLA-B*51:03,FSMIINLAIF,29.659,2.739,21448.08
HLA-B*51:03,SMIINLAIFM,38.0,14.65,34224.12
HLA-B*51:03,MIINLAIFML,31.912,7.833,29549.71
HLA-B*51:03,IINLAIFMLI,22.65,2.587,21059.22
HLA-B*51:03,INLAIFMLIP,69.091,16.776,35211.99
HLA-B*51:03,NLAIFMLIPL,19.811,4.417,25105.98
HLA-B*51:03,LAIFMLIPLS,30.919,9.721,31178.51
HLA-B*51:03,AIFMLIPLSA,35.583,16.45,35065.98
HLA-B*51:03,IFMLIPLSAY,32.355,17.506,35523.46
HLA-B*51:03,FMLIPLSAYR,52.593,30.818,39601.09
HLA-B*51:03,MLIPLSAYRD,68.636,29.629,39320.58
HLA-B*51:03,LIPLSAYRDR,52.593,55.664,43700.53
HLA-B*51:03,IPLSAYRDRN,65.909,27.868,38884.82
HLA-B*51:03,PLSAYRDRNN,100.0,96.849,48525.25
HLA-B*51:03,LSAYRDRNNI,11.857,4.084,24469.58
HLA-B*51:03,SAYRDRNNIS,27.556,23.809,37746.51
HLA-B*51:03,AYRDRNNISQ,85.0,95.255,47795.75
HLA-B*51:03,YRDRNNISQF,11.838,30.266,39471.9
HLA-B*51:03,RDRNNISQFS,76.667,76.772,45888.86
HLA-B*51:03,DRNNISQFST,49.857,49.3,42883.19
HLA-B*51:03,RNNISQFSTI,17.736,9.511,31027.07
HLA-B*51:03,NNISQFSTIE,23.678,22.229,37247.49
HLA-B*51:03,NISQFSTIEA,34.462,21.647,37057.75
HLA-B*51:03,ISQFSTIEAR,38.889,42.191,41806.55
HLA-B*51:03,SQFSTIEARP,36.19,35.371,40577.42
HLA-B*51:03,QFSTIEARPA,69.545,44.511,42175.0
HLA-B*51:03,FSTIEARPAA,24.0,14.131,33970.67
HLA-B*51:03,STIEARPAAT,39.882,47.077,42561.9
HLA-B*51:03,TIEARPAATD,81.25,69.469,45205.81
HLA-B*51:03,IEARPAATDR,39.0,68.548,45114.45
HLA-B*51:03,EARPAATDRF,4.897,9.064,30651.36
HLA-B*51:03,ARPAATDRFT,47.0,50.237,43010.04
HLA-B*51:03,RPAATDRFTI,3.015,1.352,16317.89
HLA-B*51:03,PAATDRFTIK,66.364,59.032,44100.46
HLA-B*51:03,AATDRFTIKT,39.765,52.199,43261.12
HLA-B*51:03,ATDRFTIKTR,53.889,77.78,45979.3
HLA-B*51:03,TDRFTIKTRT,56.5,60.492,44269.69
HLA-B*51:03,DRFTIKTRTL,11.985,15.073,34430.25
HLA-B*51:03,RFTIKTRTLS,82.5,69.459,45204.85
HLA-B*51:03,FTIKTRTLSK,35.042,31.356,39725.13
HLA-B*51:03,TIKTRTLSKS,72.857,72.871,45528.82
HLA-B*51:03,IKTRTLSKSA,41.25,44.402,42157.68
HLA-B*51:03,KTRTLSKSAK,75.0,84.403,46582.71
HLA-B*51:03,TRTLSKSAKA,39.824,41.372,41673.33
HLA-B*51:03,RTLSKSAKAK,64.643,73.095,45549.99
HLA-B*51:03,TLSKSAKAKP,55.25,67.982,45058.36
HLA-B*51:03,LSKSAKAKPV,27.315,16.806,35225.32
HLA-B*51:03,SKSAKAKPVK,69.091,83.877,46534.34
HLA-B*51:03,KSAKAKPVKQ,82.5,96.013,48141.42
HLA-B*51:03,SAKAKPVKQE,45.3,81.314,46299.29
HLA-B*51:03,AKAKPVKQEA,16.418,49.754,42945.84
HLA-B*51:03,KAKPVKQEAQ,50.0,88.747,46998.34
HLA-B*51:03,AKPVKQEAQP,33.821,61.147,44341.12
HLA-B*51:03,KPVKQEAQPN,65.455,67.441,45004.75
HLA-B*51:03,PVKQEAQPNL,31.265,59.088,44107.14
HLA-B*51:03,VKQEAQPNLR,59.25,82.174,46378.0
HLA-B*51:03,KQEAQPNLRE,75.833,94.62,47637.27
HLA-B*51:03,QEAQPNLRED,66.818,71.425,45392.57
HLA-B*51:03,EAQPNLREDN,48.75,59.744,44185.49
HLA-B*51:03,AQPNLREDNI,16.8,17.555,35543.86
HLA-B*51:03,QPNLREDNII,4.711,3.37,23009.31
HLA-B*51:03,PNLREDNIIP,88.333,85.979,46731.62
HLA-B*51:03,NLREDNIIPR,57.5,69.636,45222.46
HLA-B*51:03,LREDNIIPRD,91.667,82.426,46401.1
HLA-B*51:03,REDNIIPRDQ,79.167,95.481,47898.26
HLA-B*51:03,EDNIIPRDQE,68.636,88.368,46961.75
HLA-B*51:03,DNIIPRDQEK,38.167,62.377,44475.67
HLA-B*51:03,NIIPRDQEKI,9.497,11.675,32548.34
HLA-B*51:03,IIPRDQEKII,2.854,6.118,27591.52
HLA-B*51:03,IPRDQEKIIV,1.072,1.579,17434.05
HLA-B*51:03,PRDQEKIIVA,53.333,79.396,46124.8
HLA-B*51:03,RDQEKIIVAK,52.222,77.785,45979.8
HLA-B*51:03,DQEKIIVAKS,35.667,44.158,42118.93
HLA-B*51:03,QEKIIVAKSR,60.714,84.704,46610.41
HLA-B*51:03,EKIIVAKSRL,21.5,29.838,39370.82
HLA-B*51:03,KIIVAKSRLA,63.929,58.252,44007.53
HLA-B*51:03,IIVAKSRLAI,22.84,10.573,31791.68
HLA-B*51:03,IVAKSRLAIT,53.333,40.324,41499.19
HLA-B*51:03,VAKSRLAITH,39.824,51.532,43175.56
HLA-B*51:03,AKSRLAITHQ,86.667,90.586,47184.82
HLA-B*51:03,KSRLAITHQE,67.273,77.564,45959.91
HLA-B*51:03,SRLAITHQED,88.333,81.577,46323.36
HLA-B*51:03,RLAITHQEDE,93.333,92.543,47403.84
HLA-B*51:03,LAITHQEDEV,6.133,6.357,27894.1
HLA-B*51:03,AITHQEDEVE,95.0,96.101,48181.55
HLA-B*51:03,ITHQEDEVEK,64.643,83.395,46490.06
HLA-B*51:03,THQEDEVEKS,68.182,87.868,46913.49
HLA-B*51:03,HQEDEVEKSI,8.394,23.182,37548.12
HLA-B*51:03,QEDEVEKSIR,23.897,61.815,44414.11
HLA-B*51:03,EDEVEKSIRL,11.585,29.183,39213.94
HLA-B*51:03,DEVEKSIRLK,26.35,43.119,41959.27
HLA-B*51:03,EVEKSIRLKF,13.365,23.021,37497.38
HLA-B*51:03,VEKSIRLKFQ,58.5,76.24,45841.21
HLA-B*51:03,EKSIRLKFQD,81.25,62.847,44527.19
HLA-B*51:03,KSIRLKFQDA,57.25,45.091,42266.38
HLA-B*51:03,SIRLKFQDAM,36.381,25.796,38324.71
HLA-B*51:03,IRLKFQDAMF,42.154,26.482,38509.66
HLA-B*51:03,RLKFQDAMFK,65.455,55.052,43628.24
HLA-B*51:03,LKFQDAMFKK,70.714,61.999,44434.3
HLA-B*51:03,KFQDAMFKKA,60.714,53.363,43410.7
HLA-B*51:03,FQDAMFKKAG,80.0,48.753,42806.68
HLA-B*51:03,QDAMFKKAGD,93.333,74.259,45660.05
HLA-B*51:03,DAMFKKAGDA,20.276,9.059,30647.38
HLA-B*51:03,AMFKKAGDAD,97.5,82.147,46375.49
HLA-B*51:03,MFKKAGDADL,41.417,40.051,41452.97
HLA-B*51:03,FKKAGDADLG,90.0,80.383,46214.21
HLA-B*51:03,KKAGDADLGG,93.333,93.554,47517.33
HLA-B*51:03,KAGDADLGGA,57.5,66.093,44871.52
HLA-B*51:03,AGDADLGGAV,26.7,28.229,38977.92
HLA-B*51:03,GDADLGGAVN,72.857,73.539,45591.9
HLA-B*51:03,DADLGGAVNT,16.609,18.845,36052.4
HLA-B*51:03,ADLGGAVNTH,70.714,92.447,47393.08
HLA-B*51:03,DLGGAVNTHC,49.286,56.188,43762.52
HLA-B*51:03,LGGAVNTHCA,34.038,40.737,41568.84
HLA-B*51:03,GGAVNTHCAS,90.0,77.287,45935.05
HLA-B*51:03,GAVNTHCASV,16.222,12.872,33283.04
HLA-B*51:03,AVNTHCASVD,86.667,72.062,45452.51
HLA-B*51:03,VNTHCASVDK,95.0,82.678,46424.21
HLA-B*51:03,NTHCASVDKG,91.667,57.464,43913.83
HLA-B*51:03,THCASVDKGG,91.667,80.405,46216.21
HLA-B*51:03,HCASVDKGGM,47.75,53.439,43420.56
HLA-B*51:03,CASVDKGGML,28.673,15.783,34763.02
HLA-B*51:03,ASVDKGGMLF,17.86,24.486,37950.03
HLA-B*51:03,SVDKGGMLFA,27.981,32.52,39985.58
HLA-B*51:03,VDKGGMLFAH,67.727,79.889,46169.23
HLA-B*51:03,DKGGMLFAHL,18.872,14.347,34076.32
HLA-B*51:03,KGGMLFAHLL,35.333,18.926,36083.22
HLA-B*51:03,GGMLFAHLLD,63.571,41.735,41731.99
HLA-B*51:03,GMLFAHLLDE,95.0,79.867,46167.23
HLA-B*51:03,MLFAHLLDEI,13.405,1.709,18014.3
HLA-B*51:03,LFAHLLDEIA,52.037,22.196,37237.0
HLA-B*51:03,FAHLLDEIAT,39.0,17.587,35557.32
HLA-B*51:03,AHLLDEIATA,33.464,38.99,41268.6
HLA-B*51:03,HLLDEIATAN,66.818,70.976,45350.35
HLA-B*51:03,LLDEIATANN,86.667,79.867,46167.23
HLA-B*51:03,LDEIATANNK,71.429,73.513,45589.43
HLA-B*51:03,DEIATANNKA,24.195,25.818,38330.91
HLA-B*51:03,EIATANNKAV,13.879,14.423,34113.21
HLA-B*51:03,IATANNKAVS,46.0,57.116,43872.5
HLA-B*51:03,ATANNKAVSL,18.994,37.813,41050.83
HLA-B*51:03,TANNKAVSLN,26.233,43.937,42084.31
HLA-B*51:03,ANNKAVSLNN,97.5,90.215,47143.48
HLA-B*51:03,NNKAVSLNNS,78.333,76.213,45838.73
HLA-B*51:03,NKAVSLNNSL,8.469,12.479,33048.7
HLA-B*51:03,KAVSLNNSLP,41.417,37.468,40985.57
HLA-B*51:03,AVSLNNSLPD,95.0,73.142,45554.43
HLA-B*51:03,VSLNNSLPDM,41.583,16.846,35243.23
HLA-B*51:03,SLNNSLPDMF,32.677,34.125,40322.71
HLA-B*51:03,LNNSLPDMFY,49.0,30.219,39460.8
HLA-B*51:03,NNSLPDMFYA,32.419,14.46,34131.3
HLA-B*51:03,NSLPDMFYAV,5.423,1.554,17336.24
HLA-B*51:03,SLPDMFYAVE,49.143,28.944,39156.3
HLA-B*51:03,LPDMFYAVEK,25.045,8.132,29829.81
HLA-B*51:03,PDMFYAVEKG,93.333,59.64,44173.04
HLA-B*51:03,DMFYAVEKGS,51.481,34.666,40434.55
HLA-B*51:03,MFYAVEKGSG,77.5,43.5,42017.41
HLA-B*51:03,FYAVEKGSGN,80.0,71.133,45365.07
HLA-B*51:03,YAVEKGSGNK,35.833,50.616,43058.47
HLA-B*51:03,AVEKGSGNKE,80.0,96.059,48162.26
HLA-B*51:03,VEKGSGNKED,91.667,95.263,47799.39
HLA-B*51:03,EKGSGNKEDF,50.185,75.072,45736.67
HLA-B*51:03,KGSGNKEDFY,72.857,85.042,46641.72
HLA-B*51:03,GSGNKEDFYT,95.0,91.473,47283.97
HLA-B*51:03,SGNKEDFYTG,77.5,60.233,44241.44
HLA-B*51:03,GNKEDFYTGI,35.583,39.537,41363.8
HLA-B*51:03,NKEDFYTGIT,74.286,49.889,42964.46
HLA-B*51:03,KEDFYTGITS,65.909,55.356,43664.13
HLA-B*51:03,EDFYTGITSL,7.511,9.471,30994.85
HLA-B*51:03,DFYTGITSLA,13.659,8.877,30489.62
HLA-B*51:03,FYTGITSLAK,58.0,44.422,42160.86
HLA-B*51:03,YTGITSLAKY,25.881,19.508,36300.96
HLA-B*51:03,TGITSLAKYM,19.534,19.406,36262.88
HLA-B*51:03,GITSLAKYMQ,93.333,91.761,47316.21
HLA-B*51:03,ITSLAKYMQG,76.667,39.332,41328.02
HLA-B*51:03,TSLAKYMQGE,72.857,62.175,44453.54
HLA-B*51:03,SLAKYMQGEY,42.923,35.982,40699.23
HLA-B*51:03,LAKYMQGEYL,9.42,3.01,22161.92
HLA-B*51:03,AKYMQGEYLL,29.523,30.44,39512.5
HLA-B*51:03,KYMQGEYLLF,23.08,13.638,33708.16
HLA-B*51:03,YMQGEYLLFI,20.846,3.516,23354.94
HLA-B*51:03,MQGEYLLFIV,31.088,4.518,25294.94
HLA-B*51:03,QGEYLLFIVM,23.77,16.274,34987.53
HLA-B*51:03,GEYLLFIVME,74.286,72.244,45469.75
HLA-B*51:03,EYLLFIVMEI,19.182,5.975,27408.83
HLA-B*51:03,YLLFIVMEIA,55.75,25.905,38355.39
HLA-B*51:03,LLFIVMEIAE,90.0,69.04,45163.3
HLA-B*51:03,LFIVMEIAET,72.143,60.321,44251.02
HLA-B*51:03,FIVMEIAETS,44.727,31.844,39836.6
HLA-B*51:03,IVMEIAETSN,57.75,47.325,42598.78
HLA-B*51:03,VMEIAETSNF,20.724,19.616,36341.44
HLA-B*51:03,MEIAETSNFF,11.141,5.805,27178.79
HLA-B*51:03,EIAETSNFFV,11.566,5.518,26794.83
HLA-B*51:03,IAETSNFFVV,11.211,1.891,18797.02
HLA-B*51:03,AETSNFFVVH,49.429,42.346,41832.33
HLA-B*51:03,ETSNFFVVHG,64.643,35.684,40639.83
HLA-B*51:03,TSNFFVVHGD,90.0,44.509,42174.57
HLA-B*51:03,SNFFVVHGDM,37.895,21.001,36843.86
HLA-B*51:03,NFFVVHGDMH,75.833,60.637,44285.51
HLA-B*51:03,FFVVHGDMHD,95.0,68.095,45069.58
HLA-B*51:03,FVVHGDMHDT,77.5,65.29,44792.48
HLA-B*51:03,VVHGDMHDTF,17.777,19.95,36466.29
HLA-B*51:03,VHGDMHDTFT,59.0,53.815,43468.97
HLA-B*51:03,HGDMHDTFTK,54.63,56.388,43786.18
HLA-B*51:03,GDMHDTFTKG,82.5,69.882,45246.94
HLA-B*51:03,DMHDTFTKGP,29.25,30.057,39422.83
HLA-B*51:03,MHDTFTKGPP,72.143,32.498,39980.81
HLA-B*51:03,HDTFTKGPPL,17.44,12.798,33238.77
HLA-B*51:03,DTFTKGPPLG,20.122,13.182,33458.52
HLA-B*51:03,TFTKGPPLGL,18.634,32.704,40025.82
HLA-B*51:03,FTKGPPLGLR,29.045,40.46,41522.11
HLA-B*51:03,TKGPPLGLRG,60.357,69.818,45240.58
HLA-B*51:03,KGPPLGLRGL,13.684,27.661,38828.06
HLA-B*51:03,GPPLGLRGLR,36.095,55.584,43691.06
HLA-B*51:03,PPLGLRGLRP,29.568,29.064,39185.52
HLA-B*51:03,PLGLRGLRPS,100.0,90.512,47176.66
HLA-B*51:03,LGLRGLRPSF,27.593,17.018,35320.36
HLA-B*51:03,GLRGLRPSFS,80.0,84.441,46586.22
HLA-B*51:03,LRGLRPSFSG,91.667,53.778,43464.27
HLA-B*51:03,RGLRPSFSGA,41.583,36.268,40754.76
HLA-B*51:03,GLRPSFSGAL,38.278,39.386,41337.4
HLA-B*51:03,LRPSFSGALE,46.333,20.946,36823.93
HLA-B*51:03,RPSFSGALEA,8.285,5.024,26084.84
HLA-B*51:03,PSFSGALEAT,67.273,60.062,44222.78
HLA-B*51:03,SFSGALEATG,80.0,65.527,44815.74
HLA-B*51:03,FSGALEATGM,37.053,20.392,36625.27
HLA-B*51:03,SGALEATGMN,81.25,59.4,44144.39
HLA-B*51:03,GALEATGMNP,43.909,42.049,41783.05
HLA-B*51:03,ALEATGMNPE,90.0,91.519,47289.09
HLA-B*51:03,LEATGMNPED,93.333,64.912,44754.19
HLA-B*51:03,EATGMNPEDM,12.273,18.579,35950.73
HLA-B*51:03,ATGMNPEDMK,66.818,86.3,46762.46
HLA-B*51:03,TGMNPEDMKA,28.673,32.266,39930.25
HLA-B*51:03,GMNPEDMKAT,76.667,87.947,46921.12
HLA-B*51:03,MNPEDMKATT,18.854,15.098,34442.17
HLA-B*51:03,NPEDMKATTK,23.31,42.469,41852.71
HLA-B*51:03,PEDMKATTKG,91.667,88.9,47013.08
HLA-B*51:03,EDMKATTKGG,73.571,72.657,45508.62
HLA-B*51:03,DMKATTKGGA,46.778,42.463,41851.82
HLA-B*51:03,MKATTKGGAM,33.464,24.481,37948.39
HLA-B*51:03,KATTKGGAMG,76.667,79.037,46092.38
HLA-B*51:03,ATTKGGAMGV,31.706,39.828,41414.41
HLA-B*51:03,TTKGGAMGVM,26.867,32.706,40026.27
HLA-B*51:03,TKGGAMGVMV,35.833,29.005,39171.55
HLA-B*51:03,KGGAMGVMVK,74.286,69.833,45242.04
HLA-B*51:03,GGAMGVMVKA,35.292,31.021,39648.68
HLA-B*51:03,GAMGVMVKAE,64.286,60.738,44296.54
HLA-B*51:03,AMGVMVKAEH,79.167,79.037,46092.38
HLA-B*51:03,MGVMVKAEHG,79.167,25.759,38314.33
HLA-B*51:03,GVMVKAEHGT,82.5,82.722,46428.22
HLA-B*51:03,VMVKAEHGTH,64.643,74.368,45670.41
HLA-B*51:03,MVKAEHGTHT,39.118,42.899,41924.32
HLA-B*51:03,VKAEHGTHTY,15.996,42.76,41901.18
HLA-B*51:03,KAEHGTHTYV,10.814,12.181,32872.19
HLA-B*51:03,AEHGTHTYVQ,55.5,64.618,44721.76
HLA-B*51:03,EHGTHTYVQF,17.736,19.018,36118.38
HLA-B*51:03,HGTHTYVQFY,37.053,28.537,39054.73
HLA-B*51:03,GTHTYVQFYE,81.25,66.978,44959.0
HLA-B*51:03,THTYVQFYEY,19.784,11.284,32288.78
HLA-B*51:03,HTYVQFYEYK,45.4,25.301,38186.03
HLA-B*51:03,TYVQFYEYKL,29.25,23.677,37704.46
HLA-B*51:03,YVQFYEYKLD,78.333,38.722,41219.05
HLA-B*51:03,VQFYEYKLDQ,80.0,72.213,45466.79
HLA-B*51:03,QFYEYKLDQP,45.7,53.658,43448.77
HLA-B*51:03,FYEYKLDQPT,69.091,37.403,40973.18
HLA-B*51:03,YEYKLDQPTK,32.258,36.793,40856.73
HLA-B*51:03,EYKLDQPTKV,10.49,19.952,36467.09
HLA-B*51:03,YKLDQPTKVN,42.154,63.928,44645.86
HLA-B*51:03,KLDQPTKVNL,22.61,51.517,43173.7
HLA-B*51:03,LDQPTKVNLK,46.444,68.371,45096.88
HLA-B*51:03,DQPTKVNLKK,26.683,43.717,42050.61
HLA-B*51:03,QPTKVNLKKW,6.471,9.398,30932.88
HLA-B*51:03,PTKVNLKKWR,91.667,95.824,48055.04
HLA-B*51:03,TKVNLKKWRG,91.667,83.275,46479.0
HLA-B*51:03,KVNLKKWRGR,85.0,95.261,47798.34
HLA-B*51:03,VNLKKWRGRS,95.0,92.113,47355.65
HLA-B*51:03,NLKKWRGRSS,74.286,78.81,46071.94
HLA-B*51:03,LKKWRGRSST,80.0,80.493,46224.23
HLA-B*51:03,KKWRGRSSTA,58.75,58.648,44054.69
HLA-B*51:03,KWRGRSSTAD,97.5,95.217,47778.71
HLA-B*51:03,WRGRSSTADP,86.667,70.731,45327.28
HLA-B*51:03,RGRSSTADPL,54.815,34.199,40337.98
HLA-B*51:03,GRSSTADPLR,82.5,88.868,47010.05
HLA-B*51:03,RSSTADPLRQ,90.0,94.428,47615.62
HLA-B*51:03,SSTADPLRQD,74.286,80.383,46214.21
HLA-B*51:03,STADPLRQDE,60.357,84.655,46605.88
HLA-B*51:03,TADPLRQDEV,3.254,5.756,27112.7
HLA-B*51:03,ADPLRQDEVA,24.961,31.659,39794.39
HLA-B*51:03,DPLRQDEVAK,24.026,34.66,40433.25
HLA-B*51:03,PLRQDEVAKY,48.75,81.698,46334.39
HLA-B*51:03,LRQDEVAKYP,55.0,57.14,43875.36
HLA-B*51:03,RQDEVAKYPK,49.286,74.045,45639.79
HLA-B*51:03,QDEVAKYPKT,56.5,78.926,46082.4
HLA-B*51:03,DEVAKYPKTM,5.991,11.993,32760.34
HLA-B*51:03,EVAKYPKTMI,5.228,7.243,28944.37
HLA-B*51:03,VAKYPKTMIQ,28.122,37.005,40897.89
HLA-B*51:03,AKYPKTMIQS,52.593,77.386,45944.0
HLA-B*51:03,KYPKTMIQSE,37.737,53.964,43488.27
HLA-B*51:03,YPKTMIQSEG,16.284,5.983,27420.11
HLA-B*51:03,PKTMIQSEGA,79.167,69.35,45194.09
HLA-B*51:03,KTMIQSEGAG,93.333,67.141,44975.07
HLA-B*51:03,TMIQSEGAGT,65.909,61.494,44379.06
HLA-B*51:03,MIQSEGAGTM,20.0,16.722,35187.61
HLA-B*51:03,IQSEGAGTMR,56.25,67.279,44988.7
HLA-B*51:03,QSEGAGTMRH,58.75,88.237,46949.03
HLA-B*51:03,SEGAGTMRHQ,67.727,89.789,47099.14
HLA-B*51:03,EGAGTMRHQE,54.63,75.997,45819.39
HLA-B*51:03,GAGTMRHQEG,90.0,84.639,46604.38
HLA-B*51:03,AGTMRHQEGF,44.818,42.64,41881.25
HLA-B*51:03,GTMRHQEGFT,82.5,71.086,45360.65
HLA-B*51:03,TMRHQEGFTL,20.463,17.725,35614.69
HLA-B*51:03,MRHQEGFTLT,48.5,31.734,39811.61
HLA-B*51:03,RHQEGFTLTQ,62.5,73.043,45545.09
HLA-B*51:03,HQEGFTLTQD,85.0,77.176,45925.1
HLA-B*51:03,QEGFTLTQDK,48.75,68.627,45122.28
HLA-B*51:03,EGFTLTQDKV,5.593,2.881,21822.15
HLA-B*51:03,GFTLTQDKVG,95.0,86.784,46809.05
HLA-B*51:03,FTLTQDKVGP,56.0,44.374,42153.11
HLA-B*51:03,TLTQDKVGPI,36.0,20.765,36759.03
HLA-B*51:03,LTQDKVGPIP,46.333,32.629,40009.39
HLA-B*51:03,TQDKVGPIPA,36.905,37.642,41018.41
HLA-B*51:03,QDKVGPIPAR,52.593,87.305,46859.22
HLA-B*51:03,DKVGPIPARR,32.581,70.068,45265.06
HLA-B*51:03,KVGPIPARRK,69.091,89.563,47077.21
HLA-B*51:03,VGPIPARRKF,2.5,6.885,28538.85
HLA-B*51:03,GPIPARRKFE,26.417,53.125,43380.17
HLA-B*51:03,PIPARRKFEI,14.427,8.427,30095.97
HLA-B*51:03,IPARRKFEIM,7.124,3.113,22399.86
HLA-B*51:03,PARRKFEIMM,47.875,47.706,42655.5
HLA-B*51:03,ARRKFEIMMQ,82.5,93.742,47538.42
HLA-B*51:03,RRKFEIMMQS,65.0,70.971,45349.86
HLA-B*51:03,RKFEIMMQSA,40.312,38.334,41147.76
HLA-B*51:03,KFEIMMQSAK,75.0,63.598,44609.65
HLA-B*51:03,FEIMMQSAKK,49.571,35.777,40658.31
HLA-B*51:03,EIMMQSAKKL,13.427,16.538,35105.46
HLA-B*51:03,IMMQSAKKLG,55.25,42.945,41932.03
HLA-B*51:03,MMQSAKKLGA,46.667,27.656,38826.81
HLA-B*51:03,MQSAKKLGAG,71.429,50.46,43038.42
HLA-B*51:03,QSAKKLGAGT,52.037,67.785,45038.87
HLA-B*51:03,SAKKLGAGTS,49.143,56.108,43753.04
HLA-B*51:03,AKKLGAGTSI,29.409,37.972,41081.05
HLA-B*51:03,KKLGAGTSIN,60.714,74.233,45657.57
HLA-B*51:03,KLGAGTSINA,63.571,67.362,44996.97
HLA-B*51:03,LGAGTSINAH,59.0,69.788,45237.63
HLA-B*51:03,GAGTSINAHK,64.643,80.931,46264.25
HLA-B*51:03,AGTSINAHKE,78.333,88.584,46982.59
HLA-B*51:03,GTSINAHKEM,41.417,51.831,43213.86
HLA-B*51:03,TSINAHKEMR,49.714,63.133,44558.5
HLA-B*51:03,SINAHKEMRT,77.5,82.306,46390.06
HLA-B*51:03,INAHKEMRTD,93.333,79.806,46161.76
HLA-B*51:03,NAHKEMRTDW,9.718,13.552,33660.75
HLA-B*51:03,AHKEMRTDWR,72.857,90.087,47129.22
HLA-B*51:03,HKEMRTDWRS,76.667,60.312,44250.05
HLA-B*51:03,KEMRTDWRSS,81.25,59.68,44177.83
HLA-B*51:03,EMRTDWRSSS,68.182,60.004,44216.56
HLA-B*51:03,MRTDWRSSSN,80.0,61.542,44384.32
HLA-B*51:03,RTDWRSSSNL,25.328,23.348,37600.56
HLA-B*51:03,TDWRSSSNLI,16.151,7.659,29382.33
HLA-B*51:03,DWRSSSNLIA,39.412,31.736,39812.05
HLA-B*51:03,WRSSSNLIAA,47.0,22.896,37458.05
HLA-B*51:03,RSSSNLIAAI,27.13,12.895,33297.08
HLA-B*51:03,SSSNLIAAIL,24.143,14.924,34359.18
HLA-B*51:03,SSNLIAAILG,63.929,26.954,38635.28
HLA-B*51:03,SNLIAAILGA,43.909,31.902,39849.96
HLA-B*51:03,NLIAAILGAG,80.0,44.963,42246.7
HLA-B*51:03,LIAAILGAGD,97.5,59.46,44151.54
HLA-B*51:03,IAAILGAGDY,37.947,25.433,38222.82
HLA-B*51:03,AAILGAGDYL,15.601,13.974,33892.83
HLA-B*51:03,AILGAGDYLS,81.25,79.718,46153.75
HLA-B*51:03,ILGAGDYLSL,28.469,23.165,37542.84
HLA-B*51:03,LGAGDYLSLV,18.762,6.042,27495.26
HLA-B*51:03,GAGDYLSLVL,23.138,20.658,36720.48
HLA-B*51:03,AGDYLSLVLP,48.875,35.166,40536.62
HLA-B*51:03,GDYLSLVLPV,38.667,9.961,31351.71
HLA-B*51:03,DYLSLVLPVG,54.815,16.965,35297.04
HLA-B*51:03,YLSLVLPVGK,41.167,40.878,41592.7
HLA-B*51:03,LSLVLPVGKP,49.286,27.902,38894.07
HLA-B*51:03,SLVLPVGKPD,91.667,69.493,45208.26
HLA-B*51:03,LVLPVGKPDG,75.833,53.563,43436.55
HLA-B*51:03,VLPVGKPDGD,71.429,80.444,46219.73
HLA-B*51:03,LPVGKPDGDN,66.364,55.856,43723.22
HLA-B*51:03,PVGKPDGDND,100.0,97.985,49051.55
HLA-B*51:03,VGKPDGDNDA,55.5,74.238,45658.05
HLA-B*51:03,GKPDGDNDAS,73.571,91.967,47339.25
HLA-B*51:03,KPDGDNDASK,35.542,77.962,45995.73
HLA-B*51:03,PDGDNDASKA,65.0,90.727,47200.64
HLA-B*51:03,DGDNDASKAA,17.632,30.575,39544.16
HLA-B*51:03,GDNDASKAAL,33.036,59.028,44099.98
HLA-B*51:03,DNDASKAALY,20.528,29.869,39378.05
HLA-B*51:03,NDASKAALYE,58.5,54.351,43538.16
HLA-B*51:03,DASKAALYET,15.974,13.805,33799.45
HLA-B*51:03,ASKAALYETR,60.357,77.94,45993.74
HLA-B*51:03,SKAALYETRF,32.29,25.682,38292.79
HLA-B*51:03,KAALYETRFE,72.143,66.102,44872.51
HLA-B*51:03,AALYETRFEL,7.761,8.24,29926.48
HLA-B*51:03,ALYETRFELG,48.125,36.861,40870.02
HLA-B*51:03,LYETRFELGV,42.231,21.615,37047.34
HLA-B*51:03,YETRFELGVV,29.114,7.968,29679.79
HLA-B*51:03,ETRFELGVVA,10.755,8.121,29819.81
HLA-B*51:03,TRFELGVVAM,21.553,25.622,38275.8
HLA-B*51:03,RFELGVVAMY,32.581,41.168,41640.42
HLA-B*51:03,FELGVVAMYG,59.5,26.37,38480.09
HLA-B*51:03,ELGVVAMYGI,24.571,8.435,30102.82
HLA-B*51:03,LGVVAMYGIV,43.545,8.231,29918.38
HLA-B*51:03,GVVAMYGIVV,58.0,34.355,40370.3
HLA-B*51:03,VVAMYGIVVA,16.827,10.593,31805.79
HLA-B*51:03,VAMYGIVVAV,3.071,1.131,15117.83
HLA-B*51:03,AMYGIVVAVN,65.0,53.767,43462.86
HLA-B*51:03,MYGIVVAVNS,79.167,36.514,40802.41
HLA-B*51:03,YGIVVAVNSC,34.769,30.412,39506.08
HLA-B*51:03,GIVVAVNSCA,83.75,64.873,44749.83
HLA-B*51:03,IVVAVNSCAL,39.471,17.37,35466.63
HLA-B*51:03,VVAVNSCALH,68.636,52.177,43258.31
HLA-B*51:03,VAVNSCALHI,8.156,1.182,15432.5
HLA-B*51:03,AVNSCALHIA,57.75,36.782,40854.52
HLA-B*51:03,VNSCALHIAS,86.667,55.784,43714.71
HLA-B*51:03,NSCALHIASH,41.0,51.707,43197.98
HLA-B*51:03,SCALHIASHH,46.556,63.585,44608.18
HLA-B*51:03,CALHIASHHA,32.871,8.43,30098.9
HLA-B*51:03,ALHIASHHAV,23.747,17.939,35704.59
HLA-B*51:03,LHIASHHAVR,43.636,35.265,40556.36
HLA-B*51:03,HIASHHAVRV,8.894,9.587,31081.84
HLA-B*51:03,IASHHAVRVL,7.173,8.254,29939.11
HLA-B*51:03,ASHHAVRVLQ,60.357,72.187,45464.32
HLA-B*51:03,SHHAVRVLQA,31.206,27.258,38717.71
HLA-B*51:03,HHAVRVLQAY,21.667,25.926,38361.2
HLA-B*51:03,HAVRVLQAYS,43.636,30.405,39504.37
HLA-B*51:03,AVRVLQAYSH,71.429,79.546,46138.27
HLA-B*51:03,VRVLQAYSHE,77.5,72.505,45494.33
HLA-B*51:03,RVLQAYSHEF,29.068,25.725,38304.79
HLA-B*51:03,VLQAYSHEFF,36.857,20.846,36788.09
HLA-B*51:03,LQAYSHEFFR,37.105,24.17,37856.92
HLA-B*51:03,QAYSHEFFRV,3.293,0.92,13874.49
HLA-B*51:03,AYSHEFFRVG,72.143,46.545,42483.69
HLA-B*51:03,YSHEFFRVGR,38.0,31.972,39865.93
HLA-B*51:03,SHEFFRVGRE,81.25,67.018,44962.89
HLA-B*51:03,HEFFRVGREM,16.493,12.543,33086.64
HLA-B*51:03,EFFRVGREMR,52.407,48.123,42716.94
HLA-B*51:03,FFRVGREMRL,38.5,28.736,39104.21
HLA-B*51:03,FRVGREMRLD,82.5,76.855,45896.29
HLA-B*51:03,RVGREMRLDQ,97.5,94.68,47643.97
HLA-B*51:03,VGREMRLDQK,57.75,80.23,46200.21
HLA-B*51:03,GREMRLDQKA,64.286,63.106,44555.62
HLA-B*51:03,REMRLDQKAC,52.778,52.323,43277.03
HLA-B*51:03,EMRLDQKACG,80.0,64.143,44669.53
HLA-B*51:03,MRLDQKACGF,41.167,30.162,39447.57
HLA-B*51:03,RLDQKACGFH,85.0,84.053,46550.45
HLA-B*51:03,LDQKACGFHR,73.571,76.434,45858.57
HLA-B*51:03,DQKACGFHRG,63.929,50.175,43002.13
HLA-B*51:03,QKACGFHRGS,75.833,72.719,45514.52
HLA-B*51:03,KACGFHRGSS,85.0,80.137,46191.71
HLA-B*51:03,ACGFHRGSSI,19.899,9.997,31377.84
HLA-B*51:03,CGFHRGSSID,49.714,24.368,37915.14
HLA-B*51:03,GFHRGSSIDV,63.214,51.754,43204.05
HLA-B*51:03,FHRGSSIDVT,63.571,46.52,42480.02
HLA-B*51:03,HRGSSIDVTA,43.727,42.46,41851.36
HLA-B*51:03,RGSSIDVTAA,36.333,49.758,42946.32
HLA-B*51:03,GSSIDVTAAY,26.2,45.636,42348.78
HLA-B*51:03,SSIDVTAAYA,18.817,12.788,33232.66
HLA-B*51:03,SIDVTAAYAE,78.333,72.636,45506.65
HLA-B*51:03,IDVTAAYAEI,26.8,7.273,28977.57
HLA-B*51:03,DVTAAYAEIQ,44.727,23.238,37566.0
HLA-B*51:03,VTAAYAEIQE,71.429,73.591,45596.84
HLA-B*51:03,TAAYAEIQEY,9.412,14.943,34368.46
HLA-B*51:03,AAYAEIQEYT,17.658,24.033,37816.8
HLA-B*51:03,AYAEIQEYTV,18.78,16.339,35016.31
HLA-B*51:03,YAEIQEYTVL,6.349,5.272,26439.44
HLA-B*51:03,AEIQEYTVLA,25.463,26.856,38608.95
HLA-B*51:03,EIQEYTVLAS,40.562,42.733,41896.67
HLA-B*51:03,IQEYTVLAST,50.0,33.819,40259.49
HLA-B*51:03,QEYTVLASTV,7.4,5.768,27128.55
HLA-B*51:03,EYTVLASTVK,42.846,40.359,41505.03
HLA-B*51:03,YTVLASTVKQ,66.364,64.196,44675.35
HLA-B*51:03,TVLASTVKQP,49.286,47.895,42683.67
HLA-B*51:03,VLASTVKQPL,17.435,19.385,36255.04
HLA-B*51:03,LASTVKQPLV,7.236,2.278,20120.6
HLA-B*51:03,ASTVKQPLVG,62.5,61.92,44425.65
HLA-B*51:03,STVKQPLVGV,13.385,14.026,33919.62
HLA-B*51:03,TVKQPLVGVR,36.524,52.272,43270.47
HLA-B*51:03,VKQPLVGVRR,65.909,87.542,46882.04
HLA-B*51:03,KQPLVGVRRC,31.294,45.503,42328.63
HLA-B*51:03,QPLVGVRRCG,36.952,32.657,40015.45
HLA-B*51:03,PLVGVRRCGI,65.909,57.476,43915.24
HLA-B*51:03,LVGVRRCGIR,95.0,73.043,45545.09
HLA-B*51:03,VGVRRCGIRE,97.5,87.268,46855.65
HLA-B*51:03,GVRRCGIRED,100.0,95.766,48028.51
HLA-B*51:03,VRRCGIREDV,75.0,54.158,43513.2
HLA-B*51:03,RRCGIREDVT,95.0,94.849,47663.05
HLA-B*51:03,RCGIREDVTS,78.333,89.005,47023.27
HLA-B*51:03,CGIREDVTSV,21.763,8.464,30129.86
HLA-B*51:03,GIREDVTSVG,65.455,79.463,46130.78
HLA-B*51:03,IREDVTSVGK,67.727,82.645,46421.18
HLA-B*51:03,REDVTSVGKE,81.25,91.002,47231.3
HLA-B*51:03,EDVTSVGKEG,59.75,68.529,45112.5
HLA-B*51:03,DVTSVGKEGF,12.361,21.814,37113.53
HLA-B*51:03,VTSVGKEGFS,72.143,77.519,45955.94
HLA-B*51:03,TSVGKEGFSP,44.636,45.297,42297.49
HLA-B*51:03,SVGKEGFSPT,55.5,54.099,43505.68
HLA-B*51:03,VGKEGFSPTT,39.235,47.257,42588.62
HLA-B*51:03,GKEGFSPTTK,76.667,95.219,47779.2
HLA-B*51:03,KEGFSPTTKA,25.463,37.466,40985.15
HLA-B*51:03,EGFSPTTKAE,26.583,42.142,41798.41
HLA-B*51:03,GFSPTTKAEA,57.0,66.27,44889.01
HLA-B*51:03,FSPTTKAEAA,13.373,8.239,29925.5
HLA-B*51:03,SPTTKAEAAN,50.556,51.619,43186.75
HLA-B*51:03,PTTKAEAANT,95.0,94.68,47643.97
HLA-B*51:03,TTKAEAANTE,63.929,78.882,46078.41
HLA-B*51:03,TKAEAANTEK,70.0,86.489,46780.68
HLA-B*51:03,KAEAANTEKE,86.667,93.358,47495.21
HLA-B*51:03,AEAANTEKES,72.857,83.543,46503.64
HLA-B*51:03,EAANTEKESP,31.441,47.381,42607.08
HLA-B*51:03,AANTEKESPF,22.49,45.764,42368.01
HLA-B*51:03,ANTEKESPFW,40.75,51.856,43217.15
HLA-B*51:03,NTEKESPFWE,54.815,66.865,44947.81
HLA-B*51:03,TEKESPFWEK,39.235,62.79,44520.93
HLA-B*51:03,EKESPFWEKG,70.0,66.55,44916.72
HLA-B*51:03,KESPFWEKGI,21.053,25.541,38253.02
HLA-B*51:03,ESPFWEKGIG,41.333,16.306,35001.93
HLA-B*51:03,SPFWEKGIGL,1.126,1.633,17669.54
HLA-B*51:03,PFWEKGIGLN,86.667,87.979,46924.14
HLA-B*51:03,FWEKGIGLNF,22.91,21.983,37169.79
HLA-B*51:03,WEKGIGLNFV,25.284,15.181,34480.57
HLA-B*51:03,EKGIGLNFVR,54.815,56.136,43756.34
HLA-B*51:03,KGIGLNFVRE,71.429,79.275,46113.82
HLA-B*51:03,GIGLNFVREG,95.0,76.849,45895.82
HLA-B*51:03,IGLNFVREGP,67.727,44.282,42138.52
HLA-B*51:03,GLNFVREGPV,67.727,29.874,39379.35
HLA-B*51:03,LNFVREGPVR,66.818,44.957,42245.8
HLA-B*51:03,NFVREGPVRE,70.714,86.611,46792.33
HLA-B*51:03,FVREGPVREH,41.583,64.556,44714.98
HLA-B*51:03,VREGPVREHS,75.833,87.863,46912.98
HLA-B*51:03,REGPVREHSQ,72.857,93.413,47501.4
HLA-B*51:03,EGPVREHSQH,29.977,60.031,44219.45
HLA-B*51:03,GPVREHSQHT,26.95,48.039,42704.9
HLA-B*51:03,PVREHSQHTA,44.273,61.437,44372.79
HLA-B*51:03,VREHSQHTAA,38.167,44.126,42113.9
HLA-B*51:03,REHSQHTAAQ,64.643,78.787,46069.95
HLA-B*51:03,EHSQHTAAQI,8.765,6.762,28390.71
HLA-B*51:03,HSQHTAAQIL,16.28,18.958,36095.72
HLA-B*51:03,SQHTAAQILL,20.789,19.216,36191.94
HLA-B*51:03,QHTAAQILLK,45.5,48.338,42747.45
HLA-B*51:03,HTAAQILLKD,73.571,49.933,42970.5
HLA-B*51:03,TAAQILLKDQ,59.0,64.662,44726.61
HLA-B*51:03,AAQILLKDQT,48.625,56.656,43817.95
HLA-B*51:03,AQILLKDQTT,50.926,64.134,44668.58
HLA-B*51:03,QILLKDQTTP,53.889,65.733,44836.12
HLA-B*51:03,ILLKDQTTPK,49.857,67.244,44985.28
HLA-B*51:03,LLKDQTTPKK,40.0,72.255,45470.72
HLA-B*51:03,LKDQTTPKKN,95.0,96.076,48170.09
HLA-B*51:03,KDQTTPKKNV,38.056,65.723,44835.14
HLA-B*51:03,DQTTPKKNVD,47.625,73.549,45592.9
HLA-B*51:03,QTTPKKNVDM,36.714,63.37,44584.54
HLA-B*51:03,TTPKKNVDMP,27.278,36.577,40814.76
HLA-B*51:03,TPKKNVDMPS,32.935,23.497,37647.8
HLA-B*51:03,PKKNVDMPSL,60.357,80.444,46219.73
HLA-B*51:03,KKNVDMPSLS,82.5,88.421,46966.83
HLA-B*51:03,KNVDMPSLSV,15.765,17.352,35458.96
HLA-B*51:03,NVDMPSLSVN,35.0,34.059,40309.19
HLA-B*51:03,VDMPSLSVNR,54.815,68.164,45076.41
HLA-B*51:03,DMPSLSVNRG,29.023,18.411,35886.61
HLA-B*51:03,MPSLSVNRGR,20.683,16.834,35237.91
HLA-B*51:03,PSLSVNRGRE,97.5,95.602,47953.74
HLA-B*51:03,SLSVNRGREL,33.25,39.319,41325.78
HLA-B*51:03,LSVNRGRELG,66.818,55.74,43709.52
HLA-B*51:03,SVNRGRELGS,86.667,85.579,46693.21
HLA-B*51:03,VNRGRELGSD,100.0,95.588,47947.0
HLA-B*51:03,NRGRELGSDS,83.75,87.026,46832.36
HLA-B*51:03,RGRELGSDSQ,82.5,93.577,47519.91
HLA-B*51:03,GRELGSDSQQ,91.667,97.011,48599.89
HLA-B*51:03,RELGSDSQQR,75.833,95.359,47842.84
HLA-B*51:03,ELGSDSQQRL,16.933,38.838,41240.48
HLA-B*51:03,LGSDSQQRLE,44.455,70.198,45277.29
HLA-B*51:03,GSDSQQRLER,79.167,95.182,47762.69
HLA-B*51:03,SDSQQRLERT,68.636,76.75,45886.88
HLA-B*51:03,DSQQRLERTE,46.444,61.907,44424.21
HLA-B*51:03,SQQRLERTEA,41.583,52.166,43256.91
HLA-B*51:03,QQRLERTEAR,53.519,83.291,46480.5
HLA-B*51:03,QRLERTEARV,35.333,42.839,41914.34
HLA-B*51:03,RLERTEARVH,67.727,79.922,46172.24
HLA-B*51:03,LERTEARVHA,39.647,39.895,41426.06
HLA-B*51:03,ERTEARVHAV,15.743,17.707,35607.37
HLA-B*51:03,RTEARVHAVS,71.429,54.373,43541.0
HLA-B*51:03,TEARVHAVSV,4.481,3.629,23575.06
HLA-B*51:03,EARVHAVSVG,16.124,14.529,34165.29
HLA-B*51:03,ARVHAVSVGM,45.9,42.482,41854.97
HLA-B*51:03,RVHAVSVGMV,30.378,17.45,35500.04
HLA-B*51:03,VHAVSVGMVQ,48.625,42.477,41854.08
HLA-B*51:03,HAVSVGMVQP,23.195,20.262,36578.93
HLA-B*51:03,AVSVGMVQPI,29.932,10.508,31744.25
HLA-B*51:03,VSVGMVQPIN,63.214,23.165,37542.84
HLA-B*51:03,SVGMVQPINA,34.115,26.675,38560.95
HLA-B*51:03,VGMVQPINAV,8.587,4.702,25581.18
HLA-B*51:03,GMVQPINAVQ,60.0,61.437,44372.79
HLA-B*51:03,MVQPINAVQD,52.963,38.508,41179.83
HLA-B*51:03,VQPINAVQDG,59.5,40.995,41612.5
HLA-B*51:03,QPINAVQDGL,4.777,7.09,28776.37
HLA-B*51:03,PINAVQDGLK,95.0,93.518,47513.2
HLA-B*51:03,INAVQDGLKN,88.333,78.278,46024.1
HLA-B*51:03,NAVQDGLKNP,19.973,33.634,40221.19
HLA-B*51:03,AVQDGLKNPG,88.333,85.989,46732.64
HLA-B*51:03,VQDGLKNPGC,57.75,76.091,45827.82
HLA-B*51:03,QDGLKNPGCA,70.714,61.999,44434.3
HLA-B*51:03,DGLKNPGCAI,5.648,2.434,20622.01
HLA-B*51:03,GLKNPGCAIL,42.154,49.552,42917.99
HLA-B*51:03,LKNPGCAILV,23.069,15.738,34741.95
HLA-B*51:03,KNPGCAILVY,28.041,17.223,35405.29
HLA-B*51:03,NPGCAILVYG,36.952,6.282,27798.29
HLA-B*51:03,PGCAILVYGE,100.0,95.715,48005.13
HLA-B*51:03,GCAILVYGEP,81.25,46.887,42533.83
HLA-B*51:03,CAILVYGEPQ,83.75,35.119,40527.42
HLA-B*51:03,AILVYGEPQP,78.333,70.59,45314.04
HLA-B*51:03,ILVYGEPQPG,71.429,53.326,43406.0
HLA-B*51:03,LVYGEPQPGR,25.866,49.65,42931.45
HLA-B*51:03,VYGEPQPGRP,59.75,76.257,45842.69
HLA-B*51:03,YGEPQPGRPQ,63.571,81.566,46322.35
HLA-B*51:03,GEPQPGRPQA,13.664,31.418,39739.3
HLA-B*51:03,EPQPGRPQAE,16.644,37.054,40907.17
HLA-B*51:03,PQPGRPQAEM,30.162,44.807,42222.03
HLA-B*51:03,QPGRPQAEMI,2.186,2.984,22094.16
HLA-B*51:03,PGRPQAEMIW,51.667,51.24,43138.18
HLA-B*51:03,GRPQAEMIWT,70.714,59.176,44117.64
HLA-B*51:03,RPQAEMIWTL,2.063,1.575,17419.72
HLA-B*51:03,PQAEMIWTLK,55.0,48.688,42797.43
HLA-B*51:03,QAEMIWTLKE,63.929,38.99,41268.6
HLA-B*51:03,AEMIWTLKEL,21.421,11.629,32517.37
HLA-B*51:03,EMIWTLKELM,19.27,8.934,30539.46
HLA-B*51:03,MIWTLKELMR,25.657,22.335,37280.95
HLA-B*51:03,IWTLKELMRF,33.214,19.396,36259.34
HLA-B*51:03,WTLKELMRFE,55.5,40.372,41507.27
HLA-B*51:03,TLKELMRFEV,20.22,11.719,32577.24
HLA-B*51:03,LKELMRFEVN,93.333,55.248,43651.38
HLA-B*51:03,KELMRFEVNV,38.111,17.963,35714.63
HLA-B*51:03,ELMRFEVNVL,16.209,12.171,32866.13
HLA-B*51:03,LMRFEVNVLP,41.667,17.948,35708.43
HLA-B*51:03,MRFEVNVLPA,37.368,10.577,31794.08
HLA-B*51:03,RFEVNVLPAA,60.357,40.293,41493.81
HLA-B*51:03,FEVNVLPAAA,34.769,14.761,34278.59
HLA-B*51:03,EVNVLPAAAR,45.3,51.244,43138.66
HLA-B*51:03,VNVLPAAARE,75.0,74.243,45658.55
HLA-B*51:03,NVLPAAAREG,59.75,49.643,42930.53
HLA-B*51:03,VLPAAAREGE,67.727,74.264,45660.52
HLA-B*51:03,LPAAAREGED,75.833,39.098,41287.34
HLA-B*51:03,PAAAREGEDH,88.333,96.291,48268.7
HLA-B*51:03,AAAREGEDHR,63.929,94.3,47601.19
HLA-B*51:03,AAREGEDHRE,63.929,95.077,47715.15
HLA-B*51:03,AREGEDHRET,67.273,91.02,47233.34
HLA-B*51:03,REGEDHRETM,29.977,53.173,43386.27
HLA-B*51:03,EGEDHRETMI,13.074,17.933,35701.87
HLA-B*51:03,GEDHRETMII,31.235,26.462,38504.24
HLA-B*51:03,EDHRETMIIG,41.167,38.777,41229.31
HLA-B*51:03,DHRETMIIGS,44.909,44.322,42144.9
HLA-B*51:03,HRETMIIGSV,28.082,19.329,36234.24
HLA-B*51:03,RETMIIGSVE,71.429,46.019,42406.55
HLA-B*51:03,ETMIIGSVEG,57.5,23.015,37495.76
HLA-B*51:03,TMIIGSVEGL,28.531,26.622,38546.78
HLA-B*51:03,MIIGSVEGLP,39.529,28.273,38988.88
HLA-B*51:03,IIGSVEGLPT,77.5,57.084,43868.71
HLA-B*51:03,IGSVEGLPTE,57.75,67.628,45023.27
HLA-B*51:03,GSVEGLPTEC,45.8,73.236,45563.3
HLA-B*51:03,SVEGLPTECC,45.6,68.878,45147.16
HLA-B*51:03,VEGLPTECCF,33.857,21.66,37062.15
HLA-B*51:03,EGLPTECCFH,59.25,52.673,43322.02
HLA-B*51:03,GLPTECCFHR,71.429,59.8,44192.16
HLA-B*51:03,LPTECCFHRG,46.0,9.586,31080.82
HLA-B*51:03,PTECCFHRGF,81.25,47.755,42662.89
HLA-B*51:03,TECCFHRGFK,88.333,49.293,42882.25
HLA-B*51:03,ECCFHRGFKQ,73.571,82.979,46451.85
HLA-B*51:03,CCFHRGFKQA,62.143,34.803,40463.02
HLA-B*51:03,CFHRGFKQAG,95.0,66.58,44919.62
HLA-B*51:03,FHRGFKQAGS,76.667,66.358,44897.75
HLA-B*51:03,HRGFKQAGST,70.0,63.251,44571.52
HLA-B*51:03,RGFKQAGSTG,56.25,47.573,42635.66
HLA-B*51:03,GFKQAGSTGL,47.25,68.809,45140.32
HLA-B*51:03,FKQAGSTGLA,31.118,34.106,40318.79
HLA-B*51:03,KQAGSTGLAI,18.604,12.371,32984.76
HLA-B*51:03,QAGSTGLAIY,23.897,21.774,37100.27
HLA-B*51:03,AGSTGLAIYM,41.75,40.516,41531.54
HLA-B*51:03,GSTGLAIYML,44.727,40.386,41509.52
HLA-B*51:03,STGLAIYMLG,78.333,21.468,36998.46
HLA-B*51:03,TGLAIYMLGK,52.222,38.809,41235.11
HLA-B*51:03,GLAIYMLGKK,75.833,73.68,45605.22
HLA-B*51:03,LAIYMLGKKE,60.0,47.836,42674.89
HLA-B*51:03,AIYMLGKKEP,66.364,60.628,44284.54
HLA-B*51:03,IYMLGKKEPH,75.833,81.692,46333.88
HLA-B*51:03,YMLGKKEPHR,65.909,76.368,45852.62
HLA-B*51:03,MLGKKEPHRV,17.472,21.496,37007.67
HLA-B*51:03,LGKKEPHRVK,49.0,74.499,45682.76
HLA-B*51:03,GKKEPHRVKQ,91.667,97.801,48966.18
HLA-B*51:03,KKEPHRVKQE,90.0,97.539,48844.47
HLA-B*51:03,KEPHRVKQEP,31.294,46.467,42472.21
HLA-B*51:03,EPHRVKQEPT,17.632,18.068,35756.0
HLA-B*51:03,PHRVKQEPTG,97.5,95.337,47833.0
HLA-B*51:03,HRVKQEPTGA,46.889,70.162,45273.85
HLA-B*51:03,RVKQEPTGAA,38.556,48.458,42764.57
HLA-B*51:03,VKQEPTGAAL,22.55,36.643,40827.58
HLA-B*51:03,KQEPTGAALI,21.974,23.098,37521.74
HLA-B*51:03,QEPTGAALIG,43.818,25.467,38232.33
HLA-B*51:03,EPTGAALIGG,36.619,19.469,36286.43
HLA-B*51:03,PTGAALIGGV,81.25,46.997,42549.94
HLA-B*51:03,TGAALIGGVS,70.0,40.109,41462.84
HLA-B*51:03,GAALIGGVSA,29.477,30.792,39595.09
HLA-B*51:03,AALIGGVSAK,42.846,55.664,43700.53
HLA-B*51:03,ALIGGVSAKF,29.182,43.11,41957.91
HLA-B*51:03,LIGGVSAKFF,46.667,26.058,38397.34
HLA-B*51:03,IGGVSAKFFA,62.857,32.696,40024.09
HLA-B*51:03,GGVSAKFFAF,50.0,34.586,40417.95
HLA-B*51:03,GVSAKFFAFQ,90.0,72.98,45539.15
HLA-B*51:03,VSAKFFAFQI,12.769,1.829,18517.84
HLA-B*51:03,SAKFFAFQIR,31.647,11.396,32362.94
HLA-B*51:03,AKFFAFQIRS,80.0,68.233,45083.21
HLA-B*51:03,KFFAFQIRSL,27.056,30.363,39494.54
HLA-B*51:03,FFAFQIRSLE,36.333,24.325,37902.43
HLA-B*51:03,FAFQIRSLEK,14.592,9.74,31192.0
HLA-B*51:03,AFQIRSLEKE,86.667,92.095,47353.61
HLA-B*51:03,FQIRSLEKEE,68.636,75.188,45747.05
HLA-B*51:03,QIRSLEKEEW,31.235,48.117,42716.0
HLA-B*51:03,IRSLEKEEWY,48.625,62.605,44500.69
HLA-B*51:03,RSLEKEEWYI,15.377,12.164,32862.23
HLA-B*51:03,SLEKEEWYIA,44.0,38.191,41121.5
HLA-B*51:03,LEKEEWYIAS,63.571,50.879,43092.02
HLA-B*51:03,EKEEWYIASG,69.545,59.48,44153.93
HLA-B*51:03,KEEWYIASGQ,83.75,79.147,46102.34
HLA-B*51:03,EEWYIASGQP,34.231,21.706,37077.4
HLA-B*51:03,EWYIASGQPT,68.636,49.471,42906.84
HLA-B*51:03,WYIASGQPTK,55.25,51.689,43195.64
HLA-B*51:03,YIASGQPTKK,38.667,64.293,44685.98
HLA-B*51:03,IASGQPTKKV,4.101,8.199,29889.58
HLA-B*51:03,ASGQPTKKVL,16.631,51.973,43232.12
HLA-B*51:03,SGQPTKKVLV,14.567,22.808,37430.09
HLA-B*51:03,GQPTKKVLVI,7.487,6.96,28628.55
HLA-B*51:03,QPTKKVLVIL,2.81,4.017,24344.4
HLA-B*51:03,PTKKVLVILR,78.333,84.814,46620.52
HLA-B*51:03,TKKVLVILRE,91.667,92.804,47433.07
HLA-B*51:03,KKVLVILREL,41.917,37.838,41055.7
HLA-B*51:03,KVLVILRELR,69.545,65.802,44842.89
HLA-B*51:03,VLVILRELRD,88.333,76.75,45886.88
HLA-B*51:03,LVILRELRDG,90.0,67.908,45051.04
HLA-B*51:03,VILRELRDGN,97.5,91.313,47266.07
HLA-B*51:03,ILRELRDGNS,93.333,83.204,46472.44
HLA-B*51:03,LRELRDGNST,76.667,71.367,45387.16
HLA-B*51:03,RELRDGNSTP,40.75,57.944,43970.88
HLA-B*51:03,ELRDGNSTPK,42.385,61.375,44366.1
HLA-B*51:03,LRDGNSTPKT,62.5,78.223,46019.11
HLA-B*51:03,RDGNSTPKTI,6.125,21.601,37042.51
HLA-B*51:03,DGNSTPKTII,2.592,4.549,25343.7
HLA-B*51:03,GNSTPKTIIE,81.25,91.757,47315.69
HLA-B*51:03,NSTPKTIIES,38.167,51.838,43214.81
HLA-B*51:03,STPKTIIESA,6.808,11.497,32429.88
HLA-B*51:03,TPKTIIESAP,10.657,11.576,32482.56
HLA-B*51:03,PKTIIESAPN,100.0,92.859,47439.25
HLA-B*51:03,KTIIESAPNF,22.96,27.095,38673.34
HLA-B*51:03,TIIESAPNFF,13.684,14.687,34242.27
HLA-B*51:03,IIESAPNFFG,69.091,44.784,42218.38
HLA-B*51:03,IESAPNFFGR,29.136,41.852,41750.94
HLA-B*51:03,ESAPNFFGRG,43.636,27.172,38694.27
HLA-B*51:03,SAPNFFGRGL,7.479,5.779,27144.11
HLA-B*51:03,APNFFGRGLI,3.344,0.795,12872.08
HLA-B*51:03,PNFFGRGLIL,35.042,29.444,39276.38
HLA-B*51:03,NFFGRGLILA,30.027,17.738,35620.46
HLA-B*51:03,FFGRGLILAP,47.25,29.579,39308.68
HLA-B*51:03,FGRGLILAPE,54.815,47.885,42682.27
HLA-B*51:03,GRGLILAPEY,67.727,60.931,44317.62
HLA-B*51:03,RGLILAPEYM,39.176,28.127,38952.61
HLA-B*51:03,GLILAPEYMG,86.667,76.816,45892.82
HLA-B*51:03,LILAPEYMGV,21.281,10.536,31764.51
HLA-B*51:03,ILAPEYMGVP,49.857,30.089,39430.5
HLA-B*51:03,LAPEYMGVPG,71.429,14.591,34195.61
HLA-B*51:03,APEYMGVPGL,3.809,4.992,26038.59
HLA-B*51:03,PEYMGVPGLP,68.636,45.555,42336.41
HLA-B*51:03,EYMGVPGLPD,81.25,43.747,42055.17
HLA-B*51:03,YMGVPGLPDA,45.6,25.272,38177.78
HLA-B*51:03,MGVPGLPDAE,58.5,53.727,43457.68
HLA-B*51:03,GVPGLPDAEM,24.857,33.145,40120.36
HLA-B*51:03,VPGLPDAEMD,37.684,32.256,39928.09
HLA-B*51:03,PGLPDAEMDI,44.091,44.802,42221.13
HLA-B*51:03,GLPDAEMDII,24.065,11.952,32733.42
HLA-B*51:03,LPDAEMDIIA,11.004,3.513,23349.88
HLA-B*51:03,PDAEMDIIAL,27.796,31.497,39757.37
HLA-B*51:03,DAEMDIIALV,0.308,0.122,4549.07
HLA-B*51:03,AEMDIIALVI,4.953,3.428,23150.89
HLA-B*51:03,EMDIIALVIF,25.194,14.83,34312.72
HLA-B*51:03,MDIIALVIFC,68.182,36.605,40820.07
HLA-B*51:03,DIIALVIFCQ,71.429,56.028,43743.59
HLA-B*51:03,IIALVIFCQF,35.167,9.516,31031.09
HLA-B*51:03,IALVIFCQFT,48.875,13.908,33856.17
HLA-B*51:03,ALVIFCQFTN,100.0,75.227,45750.54
HLA-B*51:03,LVIFCQFTNL,24.701,6.287,27804.6
HLA-B*51:03,VIFCQFTNLQ,53.704,28.086,38942.49
HLA-B*51:03,IFCQFTNLQL,33.536,20.815,36776.93
HLA-B*51:03,FCQFTNLQLE,56.5,39.206,41306.12
HLA-B*51:03,CQFTNLQLET,66.818,29.44,39275.52
HLA-B*51:03,QFTNLQLETS,82.5,71.435,45393.54
HLA-B*51:03,FTNLQLETSL,17.668,11.471,32412.69
HLA-B*51:03,TNLQLETSLE,60.0,70.057,45264.07
HLA-B*51:03,NLQLETSLEM,16.689,12.804,33242.73
HLA-B*51:03,LQLETSLEMT,45.4,32.792,40044.91
HLA-B*51:03,QLETSLEMTD,91.667,74.4,45673.39
HLA-B*51:03,LETSLEMTDD,95.0,70.632,45317.96
HLA-B*51:03,ETSLEMTDDS,85.0,68.115,45071.53
HLA-B*51:03,TSLEMTDDSE,76.667,74.081,45643.24
HLA-B*51:03,SLEMTDDSEP,57.0,57.624,43932.84
HLA-B*51:03,LEMTDDSEPP,62.5,39.738,41398.74
HLA-B*51:03,EMTDDSEPPT,53.148,64.64,44724.18
HLA-B*51:03,MTDDSEPPTI,4.561,5.517,26793.08
HLA-B*51:03,TDDSEPPTIL,11.506,43.199,41971.53
HLA-B*51:03,DDSEPPTILA,8.135,13.118,33424.15
HLA-B*51:03,DSEPPTILAA,3.212,5.422,26657.46
HLA-B*51:03,SEPPTILAAG,39.882,25.066,38120.41
HLA-B*51:03,EPPTILAAGP,11.216,9.63,31112.79
HLA-B*51:03,PPTILAAGPC,56.25,32.077,39889.22
HLA-B*51:03,PTILAAGPCR,91.667,84.863,46625.05
HLA-B*51:03,TILAAGPCRL,30.946,22.526,37341.1
HLA-B*51:03,ILAAGPCRLI,9.78,3.715,23745.04
HLA-B*51:03,LAAGPCRLIV,7.462,2.031,19352.99
HLA-B*51:03,AAGPCRLIVI,10.225,7.365,29079.96
HLA-B*51:03,AGPCRLIVIP,40.125,26.203,38435.57
HLA-B*51:03,GPCRLIVIPT,46.778,19.735,36385.88
HLA-B*51:03,PCRLIVIPTS,95.0,77.901,45990.24
HLA-B*51:03,CRLIVIPTSH,63.571,61.806,44413.16
HLA-B*51:03,RLIVIPTSHV,27.667,20.601,36700.22
HLA-B*51:03,LIVIPTSHVP,25.806,26.366,38478.85
HLA-B*51:03,IVIPTSHVPE,47.5,51.185,43131.2
HLA-B*51:03,VIPTSHVPES,28.735,32.125,39899.57
HLA-B*51:03,IPTSHVPESL,0.711,1.128,15099.52
HLA-B*51:03,PTSHVPESLE,69.545,90.723,47200.15
HLA-B*51:03,TSHVPESLEL,7.536,12.525,33075.89
HLA-B*51:03,SHVPESLELG,40.75,40.521,41532.45
HLA-B*51:03,HVPESLELGL,7.21,11.138,32192.51
HLA-B*51:03,VPESLELGLE,31.735,27.857,38881.86
HLA-B*51:03,PESLELGLEP,47.625,47.009,42551.78
HLA-B*51:03,ESLELGLEPK,30.703,35.938,40690.42
HLA-B*51:03,SLELGLEPKS,76.667,79.324,46118.31
HLA-B*51:03,LELGLEPKSA,41.0,42.15,41799.75
HLA-B*51:03,ELGLEPKSAA,17.016,26.246,38447.22
HLA-B*51:03,LGLEPKSAAV,11.637,7.521,29250.04
HLA-B*51:03,GLEPKSAAVG,75.0,81.457,46312.34
HLA-B*51:03,LEPKSAAVGD,63.571,39.46,41350.39
HLA-B*51:03,EPKSAAVGDF,4.601,8.402,30072.86
HLA-B*51:03,PKSAAVGDFR,90.0,93.303,47489.05
HLA-B*51:03,KSAAVGDFRR,70.0,79.895,46169.73
HLA-B*51:03,SAAVGDFRRL,9.268,14.82,34307.89
HLA-B*51:03,AAVGDFRRLA,28.102,26.3,38461.36
HLA-B*51:03,AVGDFRRLAK,73.571,77.32,45938.04
HLA-B*51:03,VGDFRRLAKF,27.722,16.806,35225.32
HLA-B*51:03,GDFRRLAKFL,42.692,39.853,41418.9
HLA-B*51:03,DFRRLAKFLM,32.484,16.166,34939.12
HLA-B*51:03,FRRLAKFLMP,70.714,41.587,41708.07
HLA-B*51:03,RRLAKFLMPN,97.5,62.623,44502.61
HLA-B*51:03,RLAKFLMPNS,88.333,60.189,44236.67
HLA-B*51:03,LAKFLMPNSA,10.081,3.536,23393.38
HLA-B*51:03,AKFLMPNSAR,67.727,72.437,45487.93
HLA-B*51:03,KFLMPNSARY,34.231,30.442,39512.93
HLA-B*51:03,FLMPNSARYG,52.963,19.313,36228.37
HLA-B*51:03,LMPNSARYGL,12.243,5.531,26811.06
HLA-B*51:03,MPNSARYGLY,6.192,1.486,17048.11
HLA-B*51:03,PNSARYGLYD,100.0,83.45,46495.07
HLA-B*51:03,NSARYGLYDD,97.5,61.195,44346.41
HLA-B*51:03,SARYGLYDDR,67.727,70.381,45294.44
HLA-B*51:03,ARYGLYDDRI,46.0,36.327,40766.22
HLA-B*51:03,RYGLYDDRIT,93.333,80.57,46231.23
HLA-B*51:03,YGLYDDRITD,63.929,52.684,43323.41
HLA-B*51:03,GLYDDRITDL,20.911,40.926,41600.8
HLA-B*51:03,LYDDRITDLA,33.536,36.17,40735.79
HLA-B*51:03,YDDRITDLAM,23.379,17.861,35671.77
HLA-B*51:03,DDRITDLAMG,54.444,47.353,42602.93
HLA-B*51:03,DRITDLAMGN,86.667,69.483,45207.3
HLA-B*51:03,RITDLAMGNL,42.385,39.157,41297.62
HLA-B*51:03,ITDLAMGNLI,14.191,2.904,21883.38
HLA-B*51:03,TDLAMGNLII,24.481,8.78,30404.95
HLA-B*51:03,DLAMGNLIIK,22.03,18.967,36099.23
HLA-B*51:03,LAMGNLIIKQ,52.593,40.338,41501.44
HLA-B*51:03,AMGNLIIKQM,22.06,30.885,39616.96
HLA-B*51:03,MGNLIIKQML,10.458,9.37,30909.46
HLA-B*51:03,GNLIIKQMLV,37.684,24.487,37950.44
HLA-B*51:03,NLIIKQMLVR,50.185,39.64,41381.71
HLA-B*51:03,LIIKQMLVRE,91.667,78.627,46055.48
HLA-B*51:03,IIKQMLVREP,54.63,48.568,42780.29
HLA-B*51:03,IKQMLVREPC,70.0,44.807,42222.03
HLA-B*51:03,KQMLVREPCG,91.667,54.475,43554.2
HLA-B*51:03,QMLVREPCGE,90.0,86.205,46753.36
HLA-B*51:03,MLVREPCGEK,57.75,55.652,43699.09
HLA-B*51:03,LVREPCGEKA,33.857,33.794,40254.27
HLA-B*51:03,VREPCGEKAH,68.636,93.811,47546.12
HLA-B*51:03,REPCGEKAHS,65.909,80.701,46243.22
HLA-B*51:03,EPCGEKAHSR,23.747,55.244,43650.9
HLA-B*51:03,PCGEKAHSRD,100.0,97.708,48922.75
HLA-B*51:03,CGEKAHSRDR,88.333,89.858,47105.76
HLA-B*51:03,GEKAHSRDRN,95.0,96.067,48165.89
HLA-B*51:03,EKAHSRDRNM,18.335,32.873,40062.65
HLA-B*51:03,KAHSRDRNMQ,81.25,91.066,47238.46
HLA-B*51:03,AHSRDRNMQC,53.704,67.387,44999.41
HLA-B*51:03,HSRDRNMQCV,18.665,17.256,35419.08
HLA-B*51:03,SRDRNMQCVK,60.714,71.592,45408.27
HLA-B*51:03,RDRNMQCVKV,54.63,31.829,39833.16
HLA-B*51:03,DRNMQCVKVP,47.625,32.792,40044.91
HLA-B*51:03,RNMQCVKVPL,46.333,18.058,35752.12
HLA-B*51:03,NMQCVKVPLS,72.143,35.371,40577.42
HLA-B*51:03,MQCVKVPLST,45.5,28.341,39005.75
HLA-B*51:03,QCVKVPLSTV,12.424,11.738,32590.29
HLA-B*51:03,CVKVPLSTVT,59.0,34.839,40470.45
HLA-B*51:03,VKVPLSTVTT,46.0,57.232,43886.25
HLA-B*51:03,KVPLSTVTTG,37.474,28.136,38954.72
HLA-B*51:03,VPLSTVTTGN,33.857,19.247,36203.68
HLA-B*51:03,PLSTVTTGNP,95.0,84.14,46558.5
HLA-B*51:03,LSTVTTGNPA,61.429,25.134,38139.37
HLA-B*51:03,STVTTGNPAN,88.333,69.469,45205.81
HLA-B*51:03,TVTTGNPANM,33.0,41.084,41626.91
HLA-B*51:03,VTTGNPANML,21.579,29.293,39240.25
HLA-B*51:03,TTGNPANMLA,28.082,21.142,36890.53
HLA-B*51:03,TGNPANMLAP,49.286,39.851,41418.45
HLA-B*51:03,GNPANMLAPI,16.822,2.154,19732.31
HLA-B*51:03,NPANMLAPIA,9.401,1.471,16964.94
HLA-B*51:03,PANMLAPIAH,67.273,68.469,45106.65
HLA-B*51:03,ANMLAPIAHN,90.0,68.74,45133.48
HLA-B*51:03,NMLAPIAHNI,8.332,3.207,22620.76
HLA-B*51:03,MLAPIAHNIK,23.759,12.377,32987.98
HLA-B*51:03,LAPIAHNIKT,14.866,10.968,32078.47
HLA-B*51:03,APIAHNIKTS,25.239,30.261,39470.63
HLA-B*51:03,PIAHNIKTSV,16.92,22.411,37304.75
HLA-B*51:03,IAHNIKTSVS,19.736,28.575,39064.03
HLA-B*51:03,AHNIKTSVSS,52.593,72.693,45512.05
HLA-B*51:03,HNIKTSVSSK,48.25,73.883,45624.49
HLA-B*51:03,NIKTSVSSKT,51.296,62.856,44528.14
HLA-B*51:03,IKTSVSSKTI,21.009,11.612,32506.47
HLA-B*51:03,KTSVSSKTIH,65.0,71.54,45403.38
HLA-B*51:03,TSVSSKTIHA,29.977,28.461,39035.73
HLA-B*51:03,SVSSKTIHAN,77.5,71.534,45402.88
HLA-B*51:03,VSSKTIHANN,91.667,68.917,45151.07
HLA-B*51:03,SSKTIHANNK,60.357,73.246,45564.3
HLA-B*51:03,SKTIHANNKF,27.704,41.919,41761.79
HLA-B*51:03,KTIHANNKFN,75.0,83.122,46464.91
HLA-B*51:03,TIHANNKFNS,83.75,77.243,45931.08
HLA-B*51:03,IHANNKFNSL,9.442,12.267,32923.09
HLA-B*51:03,HANNKFNSLF,13.523,10.52,31753.18
HLA-B*51:03,ANNKFNSLFE,80.0,76.235,45840.71
HLA-B*51:03,NNKFNSLFEF,18.159,12.187,32875.39
HLA-B*51:03,NKFNSLFEFY,39.176,25.871,38345.84
HLA-B*51:03,KFNSLFEFYK,79.167,54.858,43603.69
HLA-B*51:03,FNSLFEFYKS,78.333,30.854,39609.68
HLA-B*51:03,NSLFEFYKSI,3.756,1.063,14720.91
HLA-B*51:03,SLFEFYKSIS,28.122,19.661,36358.34
HLA-B*51:03,LFEFYKSISN,86.667,53.647,43447.34
HLA-B*51:03,FEFYKSISNC,34.462,23.321,37592.03
HLA-B*51:03,EFYKSISNCI,10.609,4.653,25504.07
HLA-B*51:03,FYKSISNCII,32.548,11.597,32496.26
HLA-B*51:03,YKSISNCIIT,65.909,31.254,39701.93
HLA-B*51:03,KSISNCIITG,65.0,47.065,42560.06
HLA-B*51:03,SISNCIITGE,91.667,75.332,45759.95
HLA-B*51:03,ISNCIITGEL,21.482,10.343,31625.63
HLA-B*51:03,SNCIITGELD,93.333,63.928,44645.86
HLA-B*51:03,NCIITGELDV,28.735,17.134,35368.52
HLA-B*51:03,CIITGELDVR,85.0,70.042,45262.61
HLA-B*51:03,IITGELDVRS,85.0,85.979,46731.62
HLA-B*51:03,ITGELDVRSI,15.362,11.146,32197.72
HLA-B*51:03,TGELDVRSIR,52.222,60.439,44263.95
HLA-B*51:03,GELDVRSIRS,70.714,78.317,46027.6
HLA-B*51:03,ELDVRSIRSC,38.833,44.466,42167.71
HLA-B*51:03,LDVRSIRSCI,30.324,11.125,32183.79
HLA-B*51:03,DVRSIRSCIN,44.727,30.226,39462.51
HLA-B*51:03,VRSIRSCINL,45.3,22.641,37377.48
HLA-B*51:03,RSIRSCINLN,85.0,48.74,42804.83
HLA-B*51:03,SIRSCINLND,95.0,65.65,44827.85
HLA-B*51:03,IRSCINLNDT,95.0,67.224,44983.34
HLA-B*51:03,RSCINLNDTY,44.636,46.52,42480.02
HLA-B*51:03,SCINLNDTYI,24.208,12.094,32821.01
HLA-B*51:03,CINLNDTYIW,52.778,15.551,34654.12
HLA-B*51:03,INLNDTYIWV,31.647,14.559,34179.7
HLA-B*51:03,NLNDTYIWVY,29.068,21.407,36978.04
HLA-B*51:03,LNDTYIWVYP,72.143,36.07,40716.41
HLA-B*51:03,NDTYIWVYPI,19.574,1.438,16779.28
HLA-B*51:03,DTYIWVYPIG,33.786,4.341,24959.18
HLA-B*51:03,TYIWVYPIGM,34.577,12.844,33266.11
HLA-B*51:03,YIWVYPIGMI,29.318,3.691,23696.79
HLA-B*51:03,IWVYPIGMIK,41.833,29.423,39271.26
HLA-B*51:03,WVYPIGMIKN,69.545,35.645,40631.91
HLA-B*51:03,VYPIGMIKNL,3.007,3.415,23118.35
HLA-B*51:03,YPIGMIKNLF,0.677,0.314,7960.57
HLA-B*51:03,PIGMIKNLFG,97.5,68.957,45155.0
HLA-B*51:03,IGMIKNLFGI,30.432,4.318,24915.75
HLA-B*51:03,GMIKNLFGID,95.0,57.636,43934.25
HLA-B*51:03,MIKNLFGIDK,65.0,57.472,43914.76
HLA-B*51:03,IKNLFGIDKL,41.667,35.212,40545.85
HLA-B*51:03,KNLFGIDKLE,77.5,80.296,46206.22
HLA-B*51:03,NLFGIDKLET,36.762,36.907,40878.85
HLA-B*51:03,LFGIDKLETN,93.333,80.323,46208.73
HLA-B*51:03,FGIDKLETNI,8.067,4.924,25930.06
HLA-B*51:03,GIDKLETNIS,86.667,92.786,47431.02
HLA-B*51:03,IDKLETNIST,61.071,61.867,44419.89
HLA-B*51:03,DKLETNISTA,22.4,21.563,37030.09
HLA-B*51:03,KLETNISTAP,67.727,72.077,45454.0
HLA-B*51:03,LETNISTAPA,46.889,20.452,36646.65
HLA-B*51:03,ETNISTAPAA,19.547,14.294,34050.16
HLA-B*51:03,TNISTAPAAS,71.429,62.926,44535.86
HLA-B*51:03,NISTAPAASD,86.667,65.463,44809.44
HLA-B*51:03,ISTAPAASDW,17.741,16.532,35102.82
HLA-B*51:03,STAPAASDWI,20.65,7.397,29114.92
HLA-B*51:03,TAPAASDWIL,5.664,2.909,21895.93
HLA-B*51:03,APAASDWILK,24.753,23.893,37773.05
HLA-B*51:03,PAASDWILKA,28.837,32.401,39959.62
HLA-B*51:03,AASDWILKAL,6.659,13.887,33844.82
HLA-B*51:03,ASDWILKALP,50.926,29.261,39232.61
HLA-B*51:03,SDWILKALPI,27.963,4.278,24837.68
HLA-B*51:03,DWILKALPIL,9.232,8.927,30533.52
HLA-B*51:03,WILKALPILA,46.444,16.525,35099.4
HLA-B*51:03,ILKALPILAG,73.571,44.463,42167.25
HLA-B*51:03,LKALPILAGL,12.498,6.52,28101.0
HLA-B*51:03,KALPILAGLQ,39.647,38.855,41243.59
HLA-B*51:03,ALPILAGLQV,1.909,0.927,13917.2
HLA-B*51:03,LPILAGLQVA,3.021,0.856,13377.42
HLA-B*51:03,PILAGLQVAK,77.5,87.137,46842.99
HLA-B*51:03,ILAGLQVAKV,10.698,9.326,30871.68
HLA-B*51:03,LAGLQVAKVP,23.989,17.475,35510.41
HLA-B*51:03,AGLQVAKVPI,16.609,12.791,33234.46
HLA-B*51:03,GLQVAKVPIL,41.083,47.087,42563.3
HLA-B*51:03,LQVAKVPILD,48.625,43.054,41949.29
HLA-B*51:03,QVAKVPILDI,11.586,8.378,30051.73
HLA-B*51:03,VAKVPILDIT,25.851,20.898,36806.81
HLA-B*51:03,AKVPILDITF,26.467,39.992,41443.11
HLA-B*51:03,KVPILDITFD,57.75,42.084,41788.92
HLA-B*51:03,VPILDITFDL,2.147,1.184,15444.86
HLA-B*51:03,PILDITFDLA,59.25,43.818,42066.1
HLA-B*51:03,ILDITFDLAA,53.519,24.838,38054.04
HLA-B*51:03,LDITFDLAAD,95.0,58.248,44007.04
HLA-B*51:03,DITFDLAADS,58.0,40.362,41505.48
HLA-B*51:03,ITFDLAADSV,8.181,2.546,20953.08
HLA-B*51:03,TFDLAADSVR,62.5,61.142,44340.64
HLA-B*51:03,FDLAADSVRR,61.071,74.389,45672.39
HLA-B*51:03,DLAADSVRRG,34.654,46.342,42453.84
HLA-B*51:03,LAADSVRRGR,35.375,63.585,44608.18
HLA-B*51:03,AADSVRRGRD,88.333,88.284,46953.6
HLA-B*51:03,ADSVRRGRDT,95.0,93.797,47544.58
HLA-B*51:03,DSVRRGRDTN,85.0,72.385,45483.04
HLA-B*51:03,SVRRGRDTNE,93.333,95.187,47764.75
HLA-B*51:03,VRRGRDTNEE,93.333,96.751,48480.15
HLA-B*51:03,RRGRDTNEEL,32.29,66.501,44911.85
HLA-B*51:03,RGRDTNEELM,38.389,51.021,43110.2
HLA-B*51:03,GRDTNEELMD,93.333,95.894,48086.75
HLA-B*51:03,RDTNEELMDA,69.091,64.877,44750.32
HLA-B*51:03,DTNEELMDAP,29.705,29.813,39364.85
HLA-B*51:03,TNEELMDAPF,48.875,30.318,39483.87
HLA-B*51:03,NEELMDAPFA,47.0,21.186,36904.9
HLA-B*51:03,EELMDAPFAS,27.241,31.84,39835.73
HLA-B*51:03,ELMDAPFASE,29.955,43.384,41999.69
HLA-B*51:03,LMDAPFASET,54.444,37.126,40920.89
HLA-B*51:03,MDAPFASETR,32.806,37.513,40994.0
HLA-B*51:03,DAPFASETRK,20.187,26.721,38573.06
HLA-B*51:03,APFASETRKA,7.481,10.581,31797.18
HLA-B*51:03,PFASETRKAE,78.333,91.235,47257.39
HLA-B*51:03,FASETRKAER,29.591,51.907,43223.7
HLA-B*51:03,ASETRKAERK,88.333,95.547,47928.32
HLA-B*51:03,SETRKAERKK,74.286,90.755,47203.71
HLA-B*51:03,ETRKAERKKT,67.727,87.905,46917.04
HLA-B*51:03,TRKAERKKTR,88.333,97.145,48661.98
HLA-B*51:03,RKAERKKTRK,93.333,96.926,48560.47
HLA-B*51:03,KAERKKTRKM,41.417,67.584,45018.89
HLA-B*51:03,AERKKTRKMG,63.571,92.484,47397.18
HLA-B*51:03,ERKKTRKMGY,65.909,90.874,47216.99
HLA-B*51:03,RKKTRKMGYR,97.5,96.675,48445.02
HLA-B*51:03,KKTRKMGYRE,95.0,95.073,47713.09
HLA-B*51:03,KTRKMGYREG,95.0,82.837,46438.76
HLA-B*51:03,TRKMGYREGE,88.333,95.44,47879.61
HLA-B*51:03,RKMGYREGEA,66.364,69.139,45173.05
HLA-B*51:03,KMGYREGEAH,60.714,77.807,45981.79
HLA-B*51:03,MGYREGEAHT,42.846,28.392,39018.41
HLA-B*51:03,GYREGEAHTD,95.0,95.585,47945.98
HLA-B*51:03,YREGEAHTDA,48.0,52.98,43361.4
HLA-B*51:03,REGEAHTDAS,81.25,84.6,46600.86
HLA-B*51:03,EGEAHTDASK,50.0,70.386,45294.93
HLA-B*51:03,GEAHTDASKI,13.069,15.688,34718.28
HLA-B*51:03,EAHTDASKIF,3.862,8.341,30017.93
HLA-B*51:03,AHTDASKIFE,69.091,78.405,46035.55
HLA-B*51:03,HTDASKIFEQ,64.643,79.003,46089.38
HLA-B*51:03,TDASKIFEQE,54.63,59.884,44202.22
HLA-B*51:03,DASKIFEQEL,1.323,2.049,19407.51
HLA-B*51:03,ASKIFEQELL,25.239,30.788,39594.25
HLA-B*51:03,SKIFEQELLV,8.142,6.696,28311.57
HLA-B*51:03,KIFEQELLVD,47.75,46.94,42541.65
HLA-B*51:03,IFEQELLVDG,91.667,71.482,45397.96
HLA-B*51:03,FEQELLVDGN,88.333,58.548,44042.76
HLA-B*51:03,EQELLVDGNF,28.837,23.787,37739.55
HLA-B*51:03,QELLVDGNFS,64.643,54.497,43557.0
HLA-B*51:03,ELLVDGNFSH,40.312,67.618,45022.29
HLA-B*51:03,LLVDGNFSHK,54.63,60.075,44224.21
HLA-B*51:03,LVDGNFSHKK,61.429,69.695,45228.32
HLA-B*51:03,VDGNFSHKKG,93.333,88.595,46983.59
HLA-B*51:03,DGNFSHKKGG,71.429,69.587,45217.56
HLA-B*51:03,GNFSHKKGGA,81.25,87.353,46863.78
HLA-B*51:03,NFSHKKGGAC,66.818,65.979,44860.36
HLA-B*51:03,FSHKKGGACE,59.5,66.777,44939.06
HLA-B*51:03,SHKKGGACEA,42.385,57.56,43925.21
HLA-B*51:03,HKKGGACEAT,81.25,95.072,47712.57
HLA-B*51:03,KKGGACEATS,97.5,94.131,47582.16
HLA-B*51:03,KGGACEATSE,95.0,95.869,48075.31
HLA-B*51:03,GGACEATSEG,91.667,87.026,46832.36
HLA-B*51:03,GACEATSEGQ,81.25,95.378,47851.64
HLA-B*51:03,ACEATSEGQE,93.333,96.225,48238.42
HLA-B*51:03,CEATSEGQEA,41.917,30.102,39433.48
HLA-B*51:03,EATSEGQEAR,34.808,63.379,44585.52
HLA-B*51:03,ATSEGQEARE,81.25,95.987,48129.44
HLA-B*51:03,TSEGQEARED,95.0,92.74,47425.89
HLA-B*51:03,SEGQEAREDR,68.636,94.803,47657.89
HLA-B*51:03,EGQEAREDRK,65.455,92.543,47403.84
HLA-B*51:03,GQEAREDRKK,91.667,96.921,48558.34
HLA-B*51:03,QEAREDRKKC,53.704,85.242,46660.88
HLA-B*51:03,EAREDRKKCN,76.667,91.231,47256.87
HLA-B*51:03,AREDRKKCND,97.5,96.962,48577.26
HLA-B*51:03,REDRKKCNDR,88.333,96.337,48289.59
HLA-B*51:03,EDRKKCNDRN,97.5,96.462,48347.08
HLA-B*51:03,DRKKCNDRNL,49.0,62.724,44513.69
HLA-B*51:03,RKKCNDRNLA,80.0,83.242,46475.97
HLA-B*51:03,KKCNDRNLAR,90.0,96.043,48154.96
HLA-B*51:03,KCNDRNLARM,54.815,61.178,44344.5
HLA-B*51:03,CNDRNLARMV,46.556,20.705,36737.56
HLA-B*51:03,NDRNLARMVF,31.059,22.056,37193.12
HLA-B*51:03,DRNLARMVFF,23.207,15.185,34482.82
HLA-B*51:03,RNLARMVFFL,52.963,20.909,36810.77
HLA-B*51:03,NLARMVFFLY,31.882,9.596,31088.56
HLA-B*51:03,LARMVFFLYR,56.75,23.744,37725.68
HLA-B*51:03,ARMVFFLYRD,95.0,68.317,45091.53
HLA-B*51:03,RMVFFLYRDK,90.0,60.703,44292.71
HLA-B*51:03,MVFFLYRDKM,23.759,4.355,24987.29
HLA-B*51:03,VFFLYRDKML,43.545,27.776,38859.57
HLA-B*51:03,FFLYRDKMLI,20.0,3.555,23430.11
HLA-B*51:03,FLYRDKMLIP,35.625,15.98,34856.05
HLA-B*51:03,LYRDKMLIPL,40.812,23.691,37708.94
HLA-B*51:03,YRDKMLIPLP,56.75,32.744,40034.5
HLA-B*51:03,RDKMLIPLPL,34.692,14.033,33923.27
HLA-B*51:03,DKMLIPLPLR,40.438,26.03,38389.86
HLA-B*51:03,KMLIPLPLRI,14.898,4.619,25451.14
HLA-B*51:03,MLIPLPLRIY,12.424,5.206,26344.92
HLA-B*51:03,LIPLPLRIYE,22.76,18.419,35889.32
HLA-B*51:03,IPLPLRIYEY,1.908,1.701,17979.64
HLA-B*51:03,PLPLRIYEYA,38.333,10.068,31428.13
HLA-B*51:03,LPLRIYEYAE,37.842,9.337,30881.38
HLA-B*51:03,PLRIYEYAEH,91.667,90.823,47211.39
HLA-B*51:03,LRIYEYAEHL,17.834,12.131,32842.31
HLA-B*51:03,RIYEYAEHLD,47.75,48.857,42821.5
HLA-B*51:03,IYEYAEHLDV,22.99,12.425,33016.54
HLA-B*51:03,YEYAEHLDVV,8.873,3.604,23526.9
HLA-B*51:03,EYAEHLDVVV,9.939,8.011,29721.24
HLA-B*51:03,YAEHLDVVVG,49.286,21.074,36867.79
HLA-B*51:03,AEHLDVVVGT,36.714,55.484,43679.25
HLA-B*51:03,EHLDVVVGTH,24.416,54.464,43552.79
HLA-B*51:03,HLDVVVGTHY,39.941,47.288,42593.23
HLA-B*51:03,LDVVVGTHYK,59.75,56.72,43825.53
HLA-B*51:03,DVVVGTHYKT,31.735,32.125,39899.57
HLA-B*51:03,VVVGTHYKTG,79.167,57.34,43899.07
HLA-B*51:03,VVGTHYKTGT,86.667,86.532,46784.75
HLA-B*51:03,VGTHYKTGTA,49.429,37.834,41054.83
HLA-B*51:03,GTHYKTGTAN,81.25,73.466,45584.99
HLA-B*51:03,THYKTGTANW,15.522,14.913,34353.59
HLA-B*51:03,HYKTGTANWS,69.091,76.65,45877.94
HLA-B*51:03,YKTGTANWSE,79.167,71.08,45360.15
HLA-B*51:03,KTGTANWSEY,53.889,54.88,43606.53
HLA-B*51:03,TGTANWSEYE,80.0,72.949,45536.21
HLA-B*51:03,GTANWSEYEQ,91.667,92.699,47421.27
HLA-B*51:03,TANWSEYEQD,77.5,50.686,43067.3
HLA-B*51:03,ANWSEYEQDV,43.273,35.607,40624.45
HLA-B*51:03,NWSEYEQDVN,97.5,89.005,47023.27
HLA-B*51:03,WSEYEQDVND,90.0,56.128,43755.41
HLA-B*51:03,SEYEQDVNDR,53.148,80.663,46239.73
HLA-B*51:03,EYEQDVNDRL,15.489,31.87,39842.64
HLA-B*51:03,YEQDVNDRLA,24.442,23.035,37501.83
HLA-B*51:03,EQDVNDRLAA,27.611,30.673,39567.27
HLA-B*51:03,QDVNDRLAAY,31.265,42.935,41930.21
HLA-B*51:03,DVNDRLAAYN,35.583,40.782,41576.5
HLA-B*51:03,VNDRLAAYNT,83.75,64.073,44661.81
HLA-B*51:03,NDRLAAYNTQ,77.5,77.27,45933.57
HLA-B*51:03,DRLAAYNTQY,30.27,35.417,40586.66
HLA-B*51:03,RLAAYNTQYL,21.193,15.986,34859.06
HLA-B*51:03,LAAYNTQYLF,6.804,1.088,14860.46
HLA-B*51:03,AAYNTQYLFV,6.107,1.637,17687.52
HLA-B*51:03,AYNTQYLFVP,76.667,51.809,43211.08
HLA-B*51:03,YNTQYLFVPA,47.0,11.906,32702.25
HLA-B*51:03,NTQYLFVPAP,32.613,11.001,32102.08
HLA-B*51:03,TQYLFVPAPK,37.842,27.88,38888.18
HLA-B*51:03,QYLFVPAPKR,57.25,68.292,45089.09
HLA-B*51:03,YLFVPAPKRV,7.207,5.172,26295.95
HLA-B*51:03,LFVPAPKRVS,53.333,60.475,44267.78
HLA-B*51:03,FVPAPKRVSF,1.012,2.162,19756.24
HLA-B*51:03,VPAPKRVSFK,5.924,15.788,34765.64
HLA-B*51:03,PAPKRVSFKS,58.0,56.248,43769.6
HLA-B*51:03,APKRVSFKSL,6.393,10.643,31841.93
HLA-B*51:03,PKRVSFKSLL,65.455,70.381,45294.44
HLA-B*51:03,KRVSFKSLLS,81.25,68.1,45070.04
HLA-B*51:03,RVSFKSLLSI,15.384,4.253,24790.17
HLA-B*51:03,VSFKSLLSIK,28.408,10.111,31459.42
HLA-B*51:03,SFKSLLSIKP,62.143,56.88,43844.5
HLA-B*51:03,FKSLLSIKPH,62.5,50.5,43043.56
HLA-B*51:03,KSLLSIKPHM,35.708,31.701,39803.86
HLA-B*51:03,SLLSIKPHMV,17.699,16.919,35276.43
HLA-B*51:03,LLSIKPHMVS,52.778,37.319,40957.22
HLA-B*51:03,LSIKPHMVSN,70.0,44.195,42124.85
HLA-B*51:03,SIKPHMVSNR,51.481,74.875,45718.36
HLA-B*51:03,IKPHMVSNRF,2.039,1.738,18133.01
HLA-B*51:03,KPHMVSNRFV,4.494,2.344,20330.46
HLA-B*51:03,PHMVSNRFVL,53.519,27.081,38669.58
HLA-B*51:03,HMVSNRFVLT,59.75,34.522,40404.81
HLA-B*51:03,MVSNRFVLTI,7.753,0.841,13249.94
HLA-B*51:03,VSNRFVLTIA,33.75,11.064,32143.78
HLA-B*51:03,SNRFVLTIAP,53.704,32.931,40075.23
HLA-B*51:03,NRFVLTIAPP,61.071,32.355,39949.7
HLA-B*51:03,RFVLTIAPPQ,95.0,73.575,45595.37
HLA-B*51:03,FVLTIAPPQD,72.143,45.148,42275.07
HLA-B*51:03,VLTIAPPQDD,95.0,90.142,47135.33
HLA-B*51:03,LTIAPPQDDV,21.588,15.752,34748.36
HLA-B*51:03,TIAPPQDDVR,42.077,70.986,45351.32
HLA-B*51:03,IAPPQDDVRR,36.286,77.115,45919.65
HLA-B*51:03,APPQDDVRRV,2.009,8.931,30537.49
HLA-B*51:03,PPQDDVRRVE,34.154,70.428,45298.85
HLA-B*51:03,PQDDVRRVEA,59.5,83.171,46469.44
HLA-B*51:03,QDDVRRVEAS,81.25,89.958,47115.46
HLA-B*51:03,DDVRRVEAST,36.048,41.972,41770.38
HLA-B*51:03,DVRRVEASTE,45.2,59.376,44141.52
HLA-B*51:03,VRRVEASTEE,85.0,95.067,47710.51
HLA-B*51:03,RRVEASTEEV,41.417,49.333,42887.8
HLA-B*51:03,RVEASTEEVE,80.0,88.237,46949.03
HLA-B*51:03,VEASTEEVEK,64.643,82.788,46434.24
HLA-B*51:03,EASTEEVEKP,28.816,51.765,43205.45
HLA-B*51:03,ASTEEVEKPA,47.0,59.248,44126.23
HLA-B*51:03,STEEVEKPAQ,67.273,87.605,46888.12
HLA-B*51:03,TEEVEKPAQV,13.321,28.471,39038.27
HLA-B*51:03,EEVEKPAQVV,4.184,8.791,30415.14
HLA-B*51:03,EVEKPAQVVA,13.368,19.707,36375.28
HLA-B*51:03,VEKPAQVVAL,9.968,26.047,38394.42
HLA-B*51:03,EKPAQVVALF,1.207,1.285,15965.47
HLA-B*51:03,KPAQVVALFV,2.866,1.231,15699.61
HLA-B*51:03,PAQVVALFVL,35.833,17.262,35421.76
HLA-B*51:03,AQVVALFVLS,65.909,52.396,43286.41
HLA-B*51:03,QVVALFVLSE,69.545,71.769,45424.99
HLA-B*51:03,VVALFVLSEN,85.0,43.786,42061.08
HLA-B*51:03,VALFVLSENY,26.383,11.317,32310.8
HLA-B*51:03,ALFVLSENYF,33.643,24.228,37874.14
HLA-B*51:03,LFVLSENYFR,70.0,50.58,43053.8
HLA-B*51:03,FVLSENYFRW,22.22,5.114,26213.27
HLA-B*51:03,VLSENYFRWA,60.357,32.27,39931.1
HLA-B*51:03,LSENYFRWAI,24.26,3.713,23739.89
HLA-B*51:03,SENYFRWAIL,22.72,8.26,29944.94
HLA-B*51:03,ENYFRWAILF,20.675,3.925,24160.98
HLA-B*51:03,NYFRWAILFL,33.036,7.926,29640.0
HLA-B*51:03,YFRWAILFLV,48.75,9.467,30991.51
HLA-B*51:03,FRWAILFLVD,86.667,32.812,40049.22
HLA-B*51:03,RWAILFLVDI,39.294,12.358,32976.91
HLA-B*51:03,WAILFLVDIL,27.685,6.229,27730.98
HLA-B*51:03,AILFLVDILR,64.643,61.547,44384.81
HLA-B*51:03,ILFLVDILRL,21.947,12.673,33164.06
HLA-B*51:03,LFLVDILRLA,38.556,26.454,38502.16
HLA-B*51:03,FLVDILRLAL,16.773,11.277,32283.89
HLA-B*51:03,LVDILRLALG,57.75,32.492,39979.52
HLA-B*51:03,VDILRLALGG,93.333,49.586,42922.64
HLA-B*51:03,DILRLALGGA,30.838,19.842,36426.08
HLA-B*51:03,ILRLALGGAA,61.429,34.063,40310.07
HLA-B*51:03,LRLALGGAAL,46.778,28.569,39062.77
HLA-B*51:03,RLALGGAALR,63.571,59.784,44190.25
HLA-B*51:03,LALGGAALRH,52.222,50.274,43014.67
HLA-B*51:03,ALGGAALRHD,97.5,95.268,47801.45
HLA-B*51:03,LGGAALRHDW,59.5,35.74,40650.81
HLA-B*51:03,GGAALRHDWG,95.0,80.235,46200.71
HLA-B*51:03,GAALRHDWGN,97.5,77.121,45920.15
HLA-B*51:03,AALRHDWGND,97.5,80.717,46244.74
HLA-B*51:03,ALRHDWGNDE,85.0,95.325,47827.33
HLA-B*51:03,LRHDWGNDEL,24.831,33.764,40248.18
HLA-B*51:03,RHDWGNDELC,58.0,58.56,44044.18
HLA-B*51:03,HDWGNDELCP,59.0,61.555,44385.76
HLA-B*51:03,DWGNDELCPT,76.667,65.241,44787.62
HLA-B*51:03,WGNDELCPTR,57.0,66.634,44924.98
HLA-B*51:03,GNDELCPTRP,79.167,89.732,47093.52
HLA-B*51:03,NDELCPTRPE,82.5,66.57,44918.66
HLA-B*51:03,DELCPTRPEV,5.067,3.378,23028.24
HLA-B*51:03,ELCPTRPEVS,50.556,56.256,43770.56
HLA-B*51:03,LCPTRPEVSS,37.368,34.825,40467.38
HLA-B*51:03,CPTRPEVSSK,27.593,26.658,38556.35
HLA-B*51:03,PTRPEVSSKP,53.704,71.383,45388.62
HLA-B*51:03,TRPEVSSKPG,75.833,54.282,43529.23
HLA-B*51:03,RPEVSSKPGY,18.604,38.547,41186.98
HLA-B*51:03,PEVSSKPGYL,40.875,51.236,43137.73
HLA-B*51:03,EVSSKPGYLI,6.574,4.614,25443.71
HLA-B*51:03,VSSKPGYLID,52.593,31.65,39792.23
HLA-B*51:03,SSKPGYLIDA,24.909,30.763,39588.25
HLA-B*51:03,SKPGYLIDAP,51.111,34.222,40342.79
HLA-B*51:03,KPGYLIDAPG,61.429,16.992,35309.27
HLA-B*51:03,PGYLIDAPGK,78.333,81.774,46341.41
HLA-B*51:03,GYLIDAPGKS,91.667,90.389,47162.88
HLA-B*51:03,YLIDAPGKSD,68.182,67.884,45048.6
HLA-B*51:03,LIDAPGKSDP,48.875,75.814,45803.03
HLA-B*51:03,IDAPGKSDPF,22.43,30.226,39462.51
HLA-B*51:03,DAPGKSDPFH,21.684,42.166,41802.48
HLA-B*51:03,APGKSDPFHY,10.525,38.596,41195.88
HLA-B*51:03,PGKSDPFHYD,93.333,92.539,47403.32
HLA-B*51:03,GKSDPFHYDW,34.846,50.532,43047.75
HLA-B*51:03,KSDPFHYDWE,74.286,67.49,45009.62
HLA-B*51:03,SDPFHYDWEQ,39.882,32.147,39904.33
HLA-B*51:03,DPFHYDWEQR,14.497,19.621,36343.41
HLA-B*51:03,PFHYDWEQRA,55.0,47.836,42674.89
HLA-B*51:03,FHYDWEQRAD,59.0,36.239,40749.03
HLA-B*51:03,HYDWEQRADI,27.667,19.875,36438.3
HLA-B*51:03,YDWEQRADIA,35.0,21.697,37074.58
HLA-B*51:03,DWEQRADIAN,88.333,76.451,45860.07
HLA-B*51:03,WEQRADIANA,34.269,31.237,39698.06
HLA-B*51:03,EQRADIANAG,52.222,51.55,43177.87
HLA-B*51:03,QRADIANAGF,26.017,34.121,40321.86
HLA-B*51:03,RADIANAGFF,26.967,11.479,32417.96
HLA-B*51:03,ADIANAGFFV,34.654,13.637,33707.42
HLA-B*51:03,DIANAGFFVY,15.328,7.248,28950.32
HLA-B*51:03,IANAGFFVYA,21.246,6.314,27838.93
HLA-B*51:03,ANAGFFVYAD,93.333,58.624,44051.82
HLA-B*51:03,NAGFFVYADA,30.703,5.571,26864.49
HLA-B*51:03,AGFFVYADAV,27.426,7.408,29127.84
HLA-B*51:03,GFFVYADAVT,90.0,65.679,44830.77
HLA-B*51:03,FFVYADAVTV,8.512,3.509,23342.05
HLA-B*51:03,FVYADAVTVT,32.29,16.482,35080.41
HLA-B*51:03,VYADAVTVTP,26.717,27.534,38793.2
HLA-B*51:03,YADAVTVTPM,4.974,3.001,22141.3
HLA-B*51:03,ADAVTVTPMI,3.116,1.315,16121.0
HLA-B*51:03,DAVTVTPMIA,2.89,1.234,15713.54
HLA-B*51:03,AVTVTPMIAV,21.947,19.994,36482.88
HLA-B*51:03,VTVTPMIAVA,29.568,19.983,36478.93
HLA-B*51:03,TVTPMIAVAE,54.63,52.05,43241.94
HLA-B*51:03,VTPMIAVAEY,9.406,5.165,26286.56
HLA-B*51:03,TPMIAVAEYI,0.854,0.095,3977.83
HLA-B*51:03,PMIAVAEYIR,85.0,60.365,44255.82
HLA-B*51:03,MIAVAEYIRA,31.735,13.481,33621.81
HLA-B*51:03,IAVAEYIRAR,34.731,41.464,41688.2
HLA-B*51:03,AVAEYIRARD,83.75,79.657,46148.27
HLA-B*51:03,VAEYIRARDH,62.857,56.444,43792.81
HLA-B*51:03,AEYIRARDHT,61.786,58.28,44010.85
HLA-B*51:03,EYIRARDHTL,11.991,22.081,37200.75
HLA-B*51:03,YIRARDHTLE,44.636,52.057,43242.88
HLA-B*51:03,IRARDHTLED,78.333,66.89,44950.25
HLA-B*51:03,RARDHTLEDL,17.337,25.012,38105.14
HLA-B*51:03,ARDHTLEDLA,58.0,62.091,44444.39
HLA-B*51:03,RDHTLEDLAQ,88.333,89.884,47108.32
HLA-B*51:03,DHTLEDLAQV,4.383,4.176,24643.34
HLA-B*51:03,HTLEDLAQVF,9.854,12.898,33298.89
HLA-B*51:03,TLEDLAQVFL,15.093,23.451,37633.14
HLA-B*51:03,LEDLAQVFLG,46.0,30.314,39483.0
HLA-B*51:03,EDLAQVFLGR,52.963,61.612,44392.03
HLA-B*51:03,DLAQVFLGRV,5.59,1.575,17418.78
HLA-B*51:03,LAQVFLGRVS,52.593,20.798,36770.98
HLA-B*51:03,AQVFLGRVSE,71.429,77.165,45924.12
HLA-B*51:03,QVFLGRVSEN,67.273,62.214,44457.86
HLA-B*51:03,VFLGRVSENL,35.5,35.627,40628.4
HLA-B*51:03,FLGRVSENLP,65.0,40.846,41587.28
HLA-B*51:03,LGRVSENLPE,86.667,71.284,45379.32
HLA-B*51:03,GRVSENLPEI,29.773,29.964,39401.07
HLA-B*51:03,RVSENLPEIP,51.296,51.721,43199.85
HLA-B*51:03,VSENLPEIPA,43.818,28.053,38934.08
HLA-B*51:03,SENLPEIPAK,34.692,51.324,43148.92
HLA-B*51:03,ENLPEIPAKV,3.642,6.167,27653.08
HLA-B*51:03,NLPEIPAKVF,5.302,12.353,32973.7
HLA-B*51:03,LPEIPAKVFD,18.915,11.776,32615.33
HLA-B*51:03,PEIPAKVFDK,77.5,91.016,47232.83
HLA-B*51:03,EIPAKVFDKL,2.113,2.906,21886.92
HLA-B*51:03,IPAKVFDKLV,0.612,0.196,6014.87
HLA-B*51:03,PAKVFDKLVP,61.786,53.91,43481.2
HLA-B*51:03,AKVFDKLVPL,22.74,26.611,38543.84
HLA-B*51:03,KVFDKLVPLS,35.833,45.564,42337.77
HLA-B*51:03,VFDKLVPLSI,12.491,8.006,29717.06
HLA-B*51:03,FDKLVPLSIE,41.25,32.147,39904.33
HLA-B*51:03,DKLVPLSIEG,50.0,37.941,41075.25
HLA-B*51:03,KLVPLSIEGG,88.333,79.086,46096.88
HLA-B*51:03,LVPLSIEGGL,10.21,5.427,26664.1
HLA-B*51:03,VPLSIEGGLQ,26.433,22.786,37423.21
HLA-B*51:03,PLSIEGGLQG,85.0,76.351,45851.14
HLA-B*51:03,LSIEGGLQGK,44.0,56.488,43798.04
HLA-B*51:03,SIEGGLQGKI,27.481,30.819,39601.53
HLA-B*51:03,IEGGLQGKIS,70.714,65.502,44813.31
HLA-B*51:03,EGGLQGKISS,71.429,78.97,46086.38
HLA-B*51:03,GGLQGKISSQ,83.75,95.84,48062.32
HLA-B*51:03,GLQGKISSQR,68.636,93.413,47501.4
HLA-B*51:03,LQGKISSQRG,82.5,74.703,45702.06
HLA-B*51:03,QGKISSQRGK,63.929,91.94,47336.17
HLA-B*51:03,GKISSQRGKG,95.0,95.884,48082.07
HLA-B*51:03,KISSQRGKGQ,97.5,97.355,48758.96
HLA-B*51:03,ISSQRGKGQS,86.667,90.746,47202.68
HLA-B*51:03,SSQRGKGQSC,40.562,61.863,44419.4
HLA-B*51:03,SQRGKGQSCA,38.944,57.516,43920.0
HLA-B*51:03,QRGKGQSCAV,49.714,47.533,42629.67
HLA-B*51:03,RGKGQSCAVI,37.789,20.919,36814.36
HLA-B*51:03,GKGQSCAVIV,70.0,50.547,43049.61
HLA-B*51:03,KGQSCAVIVF,37.211,29.426,39272.12
HLA-B*51:03,GQSCAVIVFA,60.714,39.077,41283.77
HLA-B*51:03,QSCAVIVFAG,86.667,38.133,41110.84
HLA-B*51:03,SCAVIVFAGE,78.333,58.66,44056.11
HLA-B*51:03,CAVIVFAGEN,97.5,39.283,41319.52
HLA-B*51:03,AVIVFAGENA,61.429,45.279,42294.74
HLA-B*51:03,VIVFAGENAS,74.286,72.928,45534.22
HLA-B*51:03,IVFAGENASR,47.75,58.244,44006.56
HLA-B*51:03,VFAGENASRH,56.5,82.552,46412.65
HLA-B*51:03,FAGENASRHK,40.188,49.246,42875.75
HLA-B*51:03,AGENASRHKT,73.571,88.579,46982.07
HLA-B*51:03,GENASRHKTV,30.919,42.158,41801.13
HLA-B*51:03,ENASRHKTVQ,40.562,68.632,45122.74
HLA-B*51:03,NASRHKTVQA,15.802,19.346,36240.52
HLA-B*51:03,ASRHKTVQAY,30.0,51.495,43170.88
HLA-B*51:03,SRHKTVQAYD,69.545,75.781,45800.07
HLA-B*51:03,RHKTVQAYDL,43.0,51.018,43109.73
HLA-B*51:03,HKTVQAYDLI,33.964,10.416,31678.36
HLA-B*51:03,KTVQAYDLIL,37.895,22.887,37455.2
HLA-B*51:03,TVQAYDLILQ,72.143,58.02,43979.92
HLA-B*51:03,VQAYDLILQY,7.065,8.46,30126.28
HLA-B*51:03,QAYDLILQYK,11.63,18.65,35977.59
HLA-B*51:03,AYDLILQYKK,61.071,81.243,46292.78
HLA-B*51:03,YDLILQYKKE,72.143,71.148,45366.53
HLA-B*51:03,DLILQYKKES,51.111,54.023,43495.78
HLA-B*51:03,LILQYKKESV,28.327,22.758,37414.31
HLA-B*51:03,ILQYKKESVG,69.091,60.431,44262.98
HLA-B*51:03,LQYKKESVGN,90.0,72.276,45472.68
HLA-B*51:03,QYKKESVGNT,81.25,92.351,47382.29
HLA-B*51:03,YKKESVGNTI,9.268,15.434,34599.03
HLA-B*51:03,KKESVGNTIQ,68.182,86.874,46817.65
HLA-B*51:03,KESVGNTIQW,19.108,25.806,38327.6
HLA-B*51:03,ESVGNTIQWL,9.048,12.979,33347.2
HLA-B*51:03,SVGNTIQWLS,45.9,43.533,42022.42
HLA-B*51:03,VGNTIQWLSS,66.818,50.759,43076.63
HLA-B*51:03,GNTIQWLSSL,35.083,21.725,37083.81
HLA-B*51:03,NTIQWLSSLP,31.176,12.704,33182.72
HLA-B*51:03,TIQWLSSLPK,51.667,28.385,39016.72
HLA-B*51:03,IQWLSSLPKK,40.938,36.236,40748.59
HLA-B*51:03,QWLSSLPKKR,62.143,93.115,47467.99
HLA-B*51:03,WLSSLPKKRH,71.429,85.763,46710.89
HLA-B*51:03,LSSLPKKRHG,90.0,84.578,46598.84
HLA-B*51:03,SSLPKKRHGE,72.857,91.862,47327.47
HLA-B*51:03,SLPKKRHGEA,28.776,31.589,39778.45
HLA-B*51:03,LPKKRHGEAA,8.305,10.286,31584.93
HLA-B*51:03,PKKRHGEAAN,100.0,97.836,48982.61
HLA-B*51:03,KKRHGEAANV,61.786,69.69,45227.83
HLA-B*51:03,KRHGEAANVL,44.818,57.944,43970.88
HLA-B*51:03,RHGEAANVLQ,69.091,74.123,45647.18
HLA-B*51:03,HGEAANVLQY,25.06,37.96,41078.82
HLA-B*51:03,GEAANVLQYW,13.081,13.404,33580.01
HLA-B*51:03,EAANVLQYWR,14.917,19.475,36288.8
HLA-B*51:03,AANVLQYWRS,75.0,49.327,42886.89
HLA-B*51:03,ANVLQYWRSG,93.333,68.007,45060.8
HLA-B*51:03,NVLQYWRSGC,59.5,41.986,41772.64
HLA-B*51:03,VLQYWRSGCF,45.8,15.716,34731.45
HLA-B*51:03,LQYWRSGCFP,58.75,18.546,35937.91
HLA-B*51:03,QYWRSGCFPA,68.182,22.635,37375.46
HLA-B*51:03,YWRSGCFPAQ,88.333,66.481,44909.91
HLA-B*51:03,WRSGCFPAQG,95.0,46.586,42489.66
HLA-B*51:03,RSGCFPAQGD,97.5,75.343,45760.93
HLA-B*51:03,SGCFPAQGDE,83.75,85.984,46732.13
HLA-B*51:03,GCFPAQGDED,97.5,94.511,47624.89
HLA-B*51:03,CFPAQGDEDP,60.357,54.201,43518.88
HLA-B*51:03,FPAQGDEDPD,69.091,34.949,40493.22
HLA-B*51:03,PAQGDEDPDT,95.0,96.667,48441.33
HLA-B*51:03,AQGDEDPDTL,19.196,58.444,44030.38
HLA-B*51:03,QGDEDPDTLY,28.776,71.018,45354.27
HLA-B*51:03,GDEDPDTLYK,57.75,87.458,46873.91
HLA-B*51:03,DEDPDTLYKV,2.837,6.929,28591.7
HLA-B*51:03,EDPDTLYKVG,26.817,34.019,40300.9
HLA-B*51:03,DPDTLYKVGY,5.865,11.469,32410.93
HLA-B*51:03,PDTLYKVGYW,52.037,28.146,38957.26
HLA-B*51:03,DTLYKVGYWA,19.27,7.105,28792.56
HLA-B*51:03,TLYKVGYWAY,33.5,22.786,37423.21
HLA-B*51:03,LYKVGYWAYR,80.0,69.547,45213.66
HLA-B*51:03,YKVGYWAYRR,79.167,64.31,44687.91
HLA-B*51:03,KVGYWAYRRE,95.0,82.349,46394.07
HLA-B*51:03,VGYWAYRREV,19.75,6.732,28353.87
HLA-B*51:03,GYWAYRREVI,65.909,38.206,41124.18
HLA-B*51:03,YWAYRREVIL,8.185,4.974,26008.75
HLA-B*51:03,WAYRREVILM,11.299,1.959,19084.96
HLA-B*51:03,AYRREVILMA,51.296,43.586,42030.61
HLA-B*51:03,YRREVILMAE,76.667,64.442,44702.41
HLA-B*51:03,RREVILMAER,83.75,87.479,46875.93
HLA-B*51:03,REVILMAERI,30.622,11.132,32188.67
HLA-B*51:03,EVILMAERIV,10.945,4.857,25824.79
HLA-B*51:03,VILMAERIVI,29.409,10.888,32020.2
HLA-B*51:03,ILMAERIVIP,45.9,30.602,39550.56
HLA-B*51:03,LMAERIVIPL,14.758,6.928,28589.84
HLA-B*51:03,MAERIVIPLK,31.324,14.708,34252.62
HLA-B*51:03,AERIVIPLKD,85.0,72.871,45528.82
HLA-B*51:03,ERIVIPLKDM,35.833,35.649,40632.78
HLA-B*51:03,RIVIPLKDMD,91.667,84.08,46552.98
HLA-B*51:03,IVIPLKDMDD,81.25,71.874,45434.81
HLA-B*51:03,VIPLKDMDDA,53.519,37.016,40900.07
HLA-B*51:03,IPLKDMDDAY,8.735,11.108,32172.65
HLA-B*51:03,PLKDMDDAYI,63.214,42.417,41844.12
HLA-B*51:03,LKDMDDAYIR,68.182,62.917,44534.88
HLA-B*51:03,KDMDDAYIRQ,82.5,93.339,47493.16
HLA-B*51:03,DMDDAYIRQL,6.939,13.818,33807.12
HLA-B*51:03,MDDAYIRQLV,12.558,7.543,29270.63
HLA-B*51:03,DDAYIRQLVR,20.943,20.076,36512.49
HLA-B*51:03,DAYIRQLVRN,30.189,14.549,34174.89
HLA-B*51:03,AYIRQLVRNN,97.5,92.159,47360.79
HLA-B*51:03,YIRQLVRNNG,82.5,57.056,43865.37
HLA-B*51:03,IRQLVRNNGL,49.0,45.094,42266.84
HLA-B*51:03,RQLVRNNGLE,78.333,78.267,46023.12
HLA-B*51:03,QLVRNNGLEG,88.333,76.916,45901.77
HLA-B*51:03,LVRNNGLEGT,81.25,68.046,45064.7
HLA-B*51:03,VRNNGLEGTH,75.833,94.643,47639.85
HLA-B*51:03,RNNGLEGTHE,91.667,95.925,48100.8
HLA-B*51:03,NNGLEGTHEA,26.883,37.143,40923.98
HLA-B*51:03,NGLEGTHEAH,44.0,69.026,45161.84
HLA-B*51:03,GLEGTHEAHY,59.25,76.949,45904.75
HLA-B*51:03,LEGTHEAHYK,59.0,60.909,44315.22
HLA-B*51:03,EGTHEAHYKF,10.884,13.316,33532.08
HLA-B*51:03,GTHEAHYKFF,29.977,32.337,39945.81
HLA-B*51:03,THEAHYKFFP,65.0,37.557,41002.44
HLA-B*51:03,HEAHYKFFPP,43.909,17.89,35683.73
HLA-B*51:03,EAHYKFFPPG,42.923,9.292,30843.3
HLA-B*51:03,AHYKFFPPGE,80.0,64.433,44701.43
HLA-B*51:03,HYKFFPPGET,62.5,49.697,42937.95
HLA-B*51:03,YKFFPPGETL,5.487,8.518,30177.5
HLA-B*51:03,KFFPPGETLP,31.912,47.647,42646.72
HLA-B*51:03,FFPPGETLPG,46.333,16.38,35034.9
HLA-B*51:03,FPPGETLPGV,0.653,0.405,9237.21
HLA-B*51:03,PPGETLPGVI,7.384,5.356,26561.6
HLA-B*51:03,PGETLPGVIH,79.167,89.332,47054.82
HLA-B*51:03,GETLPGVIHW,13.074,22.544,37346.76
HLA-B*51:03,ETLPGVIHWI,3.516,2.156,19736.38
HLA-B*51:03,TLPGVIHWIA,21.57,5.612,26919.19
HLA-B*51:03,LPGVIHWIAS,35.208,6.368,27907.99
HLA-B*51:03,PGVIHWIASS,95.0,78.001,45999.2
HLA-B*51:03,GVIHWIASSA,59.0,42.022,41778.52
HLA-B*51:03,VIHWIASSAK,64.643,38.688,41212.83
HLA-B*51:03,IHWIASSAKK,68.636,54.311,43532.99
HLA-B*51:03,HWIASSAKKL,34.269,41.291,41660.24
HLA-B*51:03,WIASSAKKLT,59.25,52.593,43311.71
HLA-B*51:03,IASSAKKLTF,10.458,9.773,31215.63
HLA-B*51:03,ASSAKKLTFL,32.903,50.85,43088.27
HLA-B*51:03,SSAKKLTFLS,50.926,36.936,40884.59
HLA-B*51:03,SAKKLTFLSK,31.647,43.622,42036.05
HLA-B*51:03,AKKLTFLSKP,70.714,71.169,45368.49
HLA-B*51:03,KKLTFLSKPL,61.429,44.075,42105.7
HLA-B*51:03,KLTFLSKPLH,53.148,61.74,44405.94
HLA-B*51:03,LTFLSKPLHY,11.771,7.017,28696.14
HLA-B*51:03,TFLSKPLHYL,17.798,20.157,36541.34
HLA-B*51:03,FLSKPLHYLL,10.198,3.961,24232.72
HLA-B*51:03,LSKPLHYLLT,31.882,16.9,35267.64
HLA-B*51:03,SKPLHYLLTV,1.41,0.454,9826.31
HLA-B*51:03,KPLHYLLTVL,3.673,2.684,21307.45
HLA-B*51:03,PLHYLLTVLD,93.333,53.093,43375.95
HLA-B*51:03,LHYLLTVLDY,30.757,20.023,36493.54
HLA-B*51:03,HYLLTVLDYD,82.5,59.768,44188.34
HLA-B*51:03,YLLTVLDYDF,52.778,18.992,36108.62
HLA-B*51:03,LLTVLDYDFP,90.0,44.236,42131.23
HLA-B*51:03,LTVLDYDFPV,41.583,5.273,26441.74
HLA-B*51:03,TVLDYDFPVT,39.176,29.925,39391.7
HLA-B*51:03,VLDYDFPVTA,12.748,16.682,35169.71
HLA-B*51:03,LDYDFPVTAW,6.38,9.819,31248.74
HLA-B*51:03,DYDFPVTAWI,4.981,2.03,19350.9
HLA-B*51:03,YDFPVTAWIL,10.545,4.272,24827.48
HLA-B*51:03,DFPVTAWILI,1.013,0.137,4837.62
HLA-B*51:03,FPVTAWILIR,5.989,0.627,11512.62
HLA-B*51:03,PVTAWILIRH,85.0,87.026,46832.36
HLA-B*51:03,VTAWILIRHN,80.0,46.219,42435.91
HLA-B*51:03,TAWILIRHNA,14.172,4.826,25774.83
HLA-B*51:03,AWILIRHNAQ,91.667,86.189,46751.85
HLA-B*51:03,WILIRHNAQI,29.727,8.384,30056.92
HLA-B*51:03,ILIRHNAQII,26.1,11.65,32531.8
HLA-B*51:03,LIRHNAQIIL,31.853,23.847,37758.34
HLA-B*51:03,IRHNAQIILT,67.727,53.18,43387.22
HLA-B*51:03,RHNAQIILTG,55.75,44.032,42098.88
HLA-B*51:03,HNAQIILTGL,7.334,12.856,33273.68
HLA-B*51:03,NAQIILTGLA,19.534,5.347,26547.52
HLA-B*51:03,AQIILTGLAV,26.267,13.429,33593.46
HLA-B*51:03,QIILTGLAVD,60.0,39.105,41288.7
HLA-B*51:03,IILTGLAVDA,66.364,46.26,42441.9
HLA-B*51:03,ILTGLAVDAI,39.941,15.248,34511.92
HLA-B*51:03,LTGLAVDAIE,80.0,45.755,42366.64
HLA-B*51:03,TGLAVDAIEG,91.667,51.05,43113.93
HLA-B*51:03,GLAVDAIEGE,86.667,95.117,47733.22
HLA-B*51:03,LAVDAIEGEL,7.385,8.883,30494.89
HLA-B*51:03,AVDAIEGELQ,72.857,87.695,46896.73
HLA-B*51:03,VDAIEGELQL,3.401,10.243,31553.84
HLA-B*51:03,DAIEGELQLL,0.498,1.247,15775.72
HLA-B*51:03,AIEGELQLLV,21.719,19.802,36411.09
HLA-B*51:03,IEGELQLLVS,46.444,34.163,40330.57
HLA-B*51:03,EGELQLLVSA,20.179,12.01,32771.33
HLA-B*51:03,GELQLLVSAI,23.0,13.562,33666.23
HLA-B*51:03,ELQLLVSAIL,19.378,11.105,32170.93
HLA-B*51:03,LQLLVSAILA,54.444,19.476,36289.17
HLA-B*51:03,QLLVSAILAA,52.037,35.762,40655.21
HLA-B*51:03,LLVSAILAAD,91.667,55.224,43648.54
HLA-B*51:03,LVSAILAADK,73.571,56.436,43791.88
HLA-B*51:03,VSAILAADKP,46.222,33.747,40244.7
HLA-B*51:03,SAILAADKPI,6.98,1.34,16249.36
HLA-B*51:03,AILAADKPIC,78.333,66.939,44955.12
HLA-B*51:03,ILAADKPICT,23.793,58.752,44067.08
HLA-B*51:03,LAADKPICTP,14.239,18.95,36092.6
HLA-B*51:03,AADKPICTPT,32.645,38.574,41191.86
HLA-B*51:03,ADKPICTPTQ,74.286,92.493,47398.18
HLA-B*51:03,DKPICTPTQI,0.302,0.174,5552.78
HLA-B*51:03,KPICTPTQIL,2.603,3.241,22701.18
HLA-B*51:03,PICTPTQILH,68.182,89.321,47053.79
HLA-B*51:03,ICTPTQILHI,9.803,6.156,27638.73
HLA-B*51:03,CTPTQILHIL,4.164,1.133,15128.3
HLA-B*51:03,TPTQILHILQ,8.109,8.186,29878.27
HLA-B*51:03,PTQILHILQG,93.333,64.561,44715.47
HLA-B*51:03,TQILHILQGD,90.0,60.413,44261.07
HLA-B*51:03,QILHILQGDI,31.0,19.438,36275.04
HLA-B*51:03,ILHILQGDIS,86.667,53.363,43410.7
HLA-B*51:03,LHILQGDISP,49.571,38.576,41192.32
HLA-B*51:03,HILQGDISPE,75.0,83.253,46476.96
HLA-B*51:03,ILQGDISPEV,19.5,16.209,34958.41
HLA-B*51:03,LQGDISPEVC,43.182,50.164,43000.72
HLA-B*51:03,QGDISPEVCA,30.946,44.138,42115.72
HLA-B*51:03,GDISPEVCAC,61.429,71.394,45389.62
HLA-B*51:03,DISPEVCACL,11.447,7.616,29340.71
HLA-B*51:03,ISPEVCACLY,27.815,8.649,30291.33
HLA-B*51:03,SPEVCACLYG,65.0,8.245,29931.65
HLA-B*51:03,PEVCACLYGS,97.5,77.398,45944.97
HLA-B*51:03,EVCACLYGSL,33.429,10.964,32075.34
HLA-B*51:03,VCACLYGSLN,95.0,50.565,43051.94
HLA-B*51:03,CACLYGSLNM,36.857,6.923,28583.66
HLA-B*51:03,ACLYGSLNMD,91.667,83.226,46474.47
HLA-B*51:03,CLYGSLNMDH,62.5,56.772,43831.69
HLA-B*51:03,LYGSLNMDHL,46.222,25.394,38212.07
HLA-B*51:03,YGSLNMDHLM,21.465,7.581,29307.39
HLA-B*51:03,GSLNMDHLMK,69.091,66.924,44953.67
HLA-B*51:03,SLNMDHLMKD,91.667,70.626,45317.49
HLA-B*51:03,LNMDHLMKDL,24.545,19.727,36382.74
HLA-B*51:03,NMDHLMKDLI,29.909,8.687,30324.46
HLA-B*51:03,MDHLMKDLIA,37.053,13.245,33492.91
HLA-B*51:03,DHLMKDLIAV,8.232,3.58,23480.61
HLA-B*51:03,HLMKDLIAVD,61.071,41.743,41733.33
HLA-B*51:03,LMKDLIAVDV,15.246,11.01,32107.98
HLA-B*51:03,MKDLIAVDVE,77.5,61.511,44380.98
HLA-B*51:03,KDLIAVDVEI,26.4,14.735,34265.97
HLA-B*51:03,DLIAVDVEIL,12.764,12.553,33092.73
HLA-B*51:03,LIAVDVEILG,55.25,34.273,40353.28
HLA-B*51:03,IAVDVEILGA,16.164,11.996,32762.81
HLA-B*51:03,AVDVEILGAA,48.875,37.642,41018.41
HLA-B*51:03,VDVEILGAAI,19.912,9.304,30853.33
HLA-B*51:03,DVEILGAAIT,36.19,22.761,37415.11
HLA-B*51:03,VEILGAAITD,81.25,56.172,43760.6
HLA-B*51:03,EILGAAITDK,56.0,69.188,45177.95
HLA-B*51:03,ILGAAITDKY,47.25,45.567,42338.24
HLA-B*51:03,LGAAITDKYP,60.0,33.069,40104.73
HLA-B*51:03,GAAITDKYPF,36.286,27.258,38717.71
HLA-B*51:03,AAITDKYPFA,21.693,19.617,36341.82
HLA-B*51:03,AITDKYPFAA,46.778,46.266,42442.8
HLA-B*51:03,ITDKYPFAAT,47.625,36.675,40833.77
HLA-B*51:03,TDKYPFAATS,52.963,38.179,41119.27
HLA-B*51:03,DKYPFAATSV,4.412,3.891,24093.11
HLA-B*51:03,KYPFAATSVF,2.663,0.651,11701.37
HLA-B*51:03,YPFAATSVFY,1.657,0.391,9043.77
HLA-B*51:03,PFAATSVFYA,52.222,15.347,34558.62
HLA-B*51:03,FAATSVFYAR,30.162,12.735,33201.38
HLA-B*51:03,AATSVFYARA,35.25,18.587,35953.47
HLA-B*51:03,ATSVFYARAW,43.727,20.998,36842.67
HLA-B*51:03,TSVFYARAWF,39.941,9.838,31262.27
HLA-B*51:03,SVFYARAWFE,75.0,33.291,40150.31
HLA-B*51:03,VFYARAWFEE,88.333,60.712,44293.65
HLA-B*51:03,FYARAWFEEP,40.875,21.124,36884.54
HLA-B*51:03,YARAWFEEPS,62.5,22.803,37428.47
HLA-B*51:03,ARAWFEEPSL,17.254,19.466,36285.26
HLA-B*51:03,RAWFEEPSLV,2.844,2.384,20458.89
HLA-B*51:03,AWFEEPSLVL,19.108,23.8,37743.64
HLA-B*51:03,WFEEPSLVLM,18.951,10.482,31725.71
HLA-B*51:03,FEEPSLVLMR,31.235,38.024,41090.83
HLA-B*51:03,EEPSLVLMRR,23.322,33.924,40281.28
HLA-B*51:03,EPSLVLMRRK,26.117,25.719,38303.14
HLA-B*51:03,PSLVLMRRKP,90.0,75.006,45730.75
HLA-B*51:03,SLVLMRRKPG,97.5,67.815,45041.77
HLA-B*51:03,LVLMRRKPGP,85.0,60.848,44308.51
HLA-B*51:03,VLMRRKPGPW,42.615,26.65,38554.29
HLA-B*51:03,LMRRKPGPWV,32.806,18.082,35761.42
HLA-B*51:03,MRRKPGPWVN,86.667,66.831,44944.42
HLA-B*51:03,RRKPGPWVNY,46.444,77.165,45924.12
HLA-B*51:03,RKPGPWVNYQ,57.0,67.958,45055.92
HLA-B*51:03,KPGPWVNYQQ,43.182,56.572,43807.98
HLA-B*51:03,PGPWVNYQQV,8.281,4.204,24697.53
HLA-B*51:03,GPWVNYQQVV,3.161,1.509,17160.63
HLA-B*51:03,PWVNYQQVVL,63.214,42.782,41904.83
HLA-B*51:03,WVNYQQVVLQ,70.714,44.489,42171.36
HLA-B*51:03,VNYQQVVLQI,10.178,5.532,26813.1
HLA-B*51:03,NYQQVVLQIV,19.142,9.916,31318.81
HLA-B*51:03,YQQVVLQIVQ,56.0,38.741,41222.64
HLA-B*51:03,QQVVLQIVQK,48.5,72.025,45449.08
HLA-B*51:03,QVVLQIVQKI,11.509,10.249,31558.28
HLA-B*51:03,VVLQIVQKIK,30.676,28.539,39055.16
HLA-B*51:03,VLQIVQKIKE,85.0,89.779,47098.11
HLA-B*51:03,LQIVQKIKED,93.333,81.303,46298.3
HLA-B*51:03,QIVQKIKEDE,88.333,96.235,48243.11
HLA-B*51:03,IVQKIKEDEH,69.545,94.511,47624.89
HLA-B*51:03,VQKIKEDEHK,69.545,92.031,47346.43
HLA-B*51:03,QKIKEDEHKL,25.179,67.126,44973.62
HLA-B*51:03,KIKEDEHKLY,38.722,77.337,45939.52
HLA-B*51:03,IKEDEHKLYS,65.0,70.397,45295.9
HLA-B*51:03,KEDEHKLYSL,13.963,37.768,41042.39
HLA-B*51:03,EDEHKLYSLV,16.969,12.407,33005.83
HLA-B*51:03,DEHKLYSLVI,4.012,1.842,18579.26
HLA-B*51:03,EHKLYSLVIL,14.901,13.301,33523.73
HLA-B*51:03,HKLYSLVILL,20.992,14.989,34390.79
HLA-B*51:03,KLYSLVILLI,32.613,11.665,32541.31
HLA-B*51:03,LYSLVILLIL,40.5,16.447,35064.85
HLA-B*51:03,YSLVILLILN,65.455,30.65,39561.71
HLA-B*51:03,SLVILLILNL,36.429,32.601,40003.32
HLA-B*51:03,LVILLILNLI,26.5,6.598,28193.58
HLA-B*51:03,VILLILNLIP,69.091,40.122,41465.08
HLA-B*51:03,ILLILNLIPQ,95.0,74.734,45705.0
HLA-B*51:03,LLILNLIPQH,55.75,64.477,44706.27
HLA-B*51:03,LILNLIPQHA,32.903,24.426,37932.36
HLA-B*51:03,ILNLIPQHAM,25.552,18.587,35953.47
HLA-B*51:03,LNLIPQHAMA,33.357,23.186,37549.34
HLA-B*51:03,NLIPQHAMAN,66.364,52.341,43279.38
HLA-B*51:03,LIPQHAMANV,3.673,0.981,14245.67
HLA-B*51:03,IPQHAMANVY,4.956,2.684,21306.06
HLA-B*51:03,PQHAMANVYL,48.375,37.539,40998.9
HLA-B*51:03,QHAMANVYLK,46.222,28.207,38972.44
HLA-B*51:03,HAMANVYLKD,65.909,19.37,36249.55
HLA-B*51:03,AMANVYLKDL,34.115,22.48,37326.56
HLA-B*51:03,MANVYLKDLG,43.909,14.365,34084.8
HLA-B*51:03,ANVYLKDLGD,97.5,81.829,46346.4
HLA-B*51:03,NVYLKDLGDC,46.778,37.07,40910.26
HLA-B*51:03,VYLKDLGDCR,74.286,82.623,46419.18
HLA-B*51:03,YLKDLGDCRT,53.704,53.501,43428.54
HLA-B*51:03,LKDLGDCRTI,27.889,15.992,34861.71
HLA-B*51:03,KDLGDCRTIV,52.037,46.455,42470.38
HLA-B*51:03,DLGDCRTIVH,57.0,57.388,43904.79
HLA-B*51:03,LGDCRTIVHE,91.667,77.564,45959.91
HLA-B*51:03,GDCRTIVHEG,91.667,85.479,46683.61
HLA-B*51:03,DCRTIVHEGT,44.182,50.303,43018.41
HLA-B*51:03,CRTIVHEGTY,54.815,31.563,39772.43
HLA-B*51:03,RTIVHEGTYW,29.455,23.89,37772.25
HLA-B*51:03,TIVHEGTYWM,30.676,25.151,38143.92
HLA-B*51:03,IVHEGTYWMK,35.583,38.85,41242.71
HLA-B*51:03,VHEGTYWMKL,27.444,19.688,36368.2
HLA-B*51:03,HEGTYWMKLS,75.0,47.505,42625.52
HLA-B*51:03,EGTYWMKLST,31.941,14.167,33988.31
HLA-B*51:03,GTYWMKLSTI,23.448,6.888,28542.56
HLA-B*51:03,TYWMKLSTIL,28.184,14.06,33936.14
HLA-B*51:03,YWMKLSTILY,33.107,13.629,33703.05
HLA-B*51:03,WMKLSTILYA,39.0,11.021,32115.62
HLA-B*51:03,MKLSTILYAL,23.839,7.166,28859.3
HLA-B*51:03,KLSTILYALV,48.625,11.875,32681.38
HLA-B*51:03,LSTILYALVK,70.714,18.728,36007.58
HLA-B*51:03,STILYALVKT,57.75,37.562,41003.34
HLA-B*51:03,TILYALVKTL,10.863,13.102,33415.09
HLA-B*51:03,ILYALVKTLR,33.393,33.057,40102.12
HLA-B*51:03,LYALVKTLRE,67.727,51.802,43210.13
HLA-B*51:03,YALVKTLREA,10.057,4.574,25381.56
HLA-B*51:03,ALVKTLREAN,93.333,87.084,46837.92
HLA-B*51:03,LVKTLREANL,41.417,32.726,40030.6
HLA-B*51:03,VKTLREANLL,33.179,26.524,38520.91
HLA-B*51:03,KTLREANLLD,75.833,58.284,44011.33
HLA-B*51:03,TLREANLLDY,33.571,35.06,40515.58
HLA-B*51:03,LREANLLDYI,27.056,10.965,32076.03
HLA-B*51:03,REANLLDYIY,33.821,23.541,37661.64
HLA-B*51:03,EANLLDYIYQ,39.176,34.854,40473.51
HLA-B*51:03,ANLLDYIYQA,49.286,41.902,41759.07
HLA-B*51:03,NLLDYIYQAS,56.0,45.958,42397.37
HLA-B*51:03,LLDYIYQASY,36.714,17.4,35478.91
HLA-B*51:03,LDYIYQASYS,68.636,39.188,41303.0
HLA-B*51:03,DYIYQASYSS,30.486,22.704,37397.3
HLA-B*51:03,YIYQASYSSL,10.177,5.485,26748.47
HLA-B*51:03,IYQASYSSLG,70.714,37.164,40927.96
HLA-B*51:03,YQASYSSLGS,59.25,34.296,40358.07
HLA-B*51:03,QASYSSLGSR,40.5,54.034,43497.21
HLA-B*51:03,ASYSSLGSRK,53.889,58.336,44017.52
HLA-B*51:03,SYSSLGSRKG,88.333,74.896,45720.34
HLA-B*51:03,YSSLGSRKGM,32.968,33.469,40187.25
HLA-B*51:03,SSLGSRKGMM,40.188,42.433,41846.82
HLA-B*51:03,SLGSRKGMMS,86.667,80.997,46270.25
HLA-B*51:03,LGSRKGMMSE,63.929,76.163,45834.26
HLA-B*51:03,GSRKGMMSEL,39.235,47.789,42667.96
HLA-B*51:03,SRKGMMSELD,90.0,81.375,46304.81
HLA-B*51:03,RKGMMSELDV,58.25,26.7,38567.61
HLA-B*51:03,KGMMSELDVE,85.0,63.133,44558.5
HLA-B*51:03,GMMSELDVEE,88.333,83.494,46499.12
HLA-B*51:03,MMSELDVEES,69.545,50.54,43048.66
HLA-B*51:03,MSELDVEESI,6.633,3.286,22809.76
HLA-B*51:03,SELDVEESIK,28.122,46.429,42466.68
HLA-B*51:03,ELDVEESIKI,10.381,14.16,33985.0
HLA-B*51:03,LDVEESIKIA,38.5,41.606,41711.21
HLA-B*51:03,DVEESIKIAS,37.579,49.63,42928.68
HLA-B*51:03,VEESIKIASR,47.5,82.755,46431.25
HLA-B*51:03,EESIKIASRR,36.619,57.052,43864.89
HLA-B*51:03,ESIKIASRRT,35.833,41.927,41763.14
HLA-B*51:03,SIKIASRRTY,37.947,49.892,42964.91
HLA-B*51:03,IKIASRRTYM,35.458,36.452,40790.5
HLA-B*51:03,KIASRRTYMA,60.714,48.526,42774.28
HLA-B*51:03,IASRRTYMAW,15.325,6.35,27884.75
HLA-B*51:03,ASRRTYMAWY,54.815,35.923,40687.35
HLA-B*51:03,SRRTYMAWYQ,95.0,83.204,46472.44
HLA-B*51:03,RRTYMAWYQI,37.632,6.89,28544.41
HLA-B*51:03,RTYMAWYQIE,64.643,23.039,37503.06
HLA-B*51:03,TYMAWYQIEL,33.036,10.49,31731.89
HLA-B*51:03,YMAWYQIELD,66.364,20.969,36832.29
HLA-B*51:03,MAWYQIELDG,60.0,8.944,30548.72
HLA-B*51:03,AWYQIELDGR,81.25,90.444,47168.99
HLA-B*51:03,WYQIELDGRR,74.286,77.276,45934.04
HLA-B*51:03,YQIELDGRRV,13.435,12.015,32774.16
HLA-B*51:03,QIELDGRRVI,19.142,24.117,37841.37
HLA-B*51:03,IELDGRRVIS,46.667,53.811,43468.5
HLA-B*51:03,ELDGRRVISW,23.333,33.895,40275.18
HLA-B*51:03,LDGRRVISWY,59.25,40.923,41600.35
HLA-B*51:03,DGRRVISWYY,27.037,15.303,34537.7
HLA-B*51:03,GRRVISWYYY,82.5,76.296,45846.18
HLA-B*51:03,RRVISWYYYT,83.75,50.346,43023.99
HLA-B*51:03,RVISWYYYTD,97.5,55.564,43688.69
HLA-B*51:03,VISWYYYTDV,42.154,10.966,32077.08
HLA-B*51:03,ISWYYYTDVT,75.833,26.292,38459.27
HLA-B*51:03,SWYYYTDVTF,21.061,12.426,33017.26
HLA-B*51:03,WYYYTDVTFR,59.5,28.383,39016.3
HLA-B*51:03,YYYTDVTFRD,81.25,54.664,43578.7
HLA-B*51:03,YYTDVTFRDH,55.0,62.583,44498.28
HLA-B*51:03,YTDVTFRDHS,69.091,47.306,42596.01
HLA-B*51:03,TDVTFRDHSK,64.643,69.203,45179.41
HLA-B*51:03,DVTFRDHSKL,6.381,7.324,29033.75
HLA-B*51:03,VTFRDHSKLG,46.778,37.3,40953.66
HLA-B*51:03,TFRDHSKLGD,97.5,91.77,47317.25
HLA-B*51:03,FRDHSKLGDR,85.0,88.074,46933.29
HLA-B*51:03,RDHSKLGDRL,38.056,48.938,42833.11
HLA-B*51:03,DHSKLGDRLQ,57.0,68.43,45102.73
HLA-B*51:03,HSKLGDRLQR,53.333,82.722,46428.22
HLA-B*51:03,SKLGDRLQRE,79.167,95.528,47920.04
HLA-B*51:03,KLGDRLQREE,91.667,95.646,47973.47
HLA-B*51:03,LGDRLQREEV,31.147,22.795,37426.04
HLA-B*51:03,GDRLQREEVN,97.5,95.068,47711.03
HLA-B*51:03,DRLQREEVNI,19.5,20.966,36831.1
HLA-B*51:03,RLQREEVNIE,81.25,86.237,46756.4
HLA-B*51:03,LQREEVNIEM,26.283,24.664,38002.61
HLA-B*51:03,QREEVNIEML,33.429,54.413,43546.19
HLA-B*51:03,REEVNIEMLL,23.23,25.241,38169.09
HLA-B*51:03,EEVNIEMLLV,7.779,4.881,25862.26
HLA-B*51:03,EVNIEMLLVE,45.6,33.579,40209.88
HLA-B*51:03,VNIEMLLVEL,21.86,15.506,34632.74
HLA-B*51:03,NIEMLLVELE,67.727,45.148,42275.07
HLA-B*51:03,IEMLLVELEA,38.778,11.662,32539.19
HLA-B*51:03,EMLLVELEAP,41.583,29.652,39326.11
HLA-B*51:03,MLLVELEAPQ,82.5,60.075,44224.21
HLA-B*51:03,LLVELEAPQF,23.103,17.268,35424.06
HLA-B*51:03,LVELEAPQFN,65.909,51.623,43187.23
HLA-B*51:03,VELEAPQFNA,30.486,31.582,39776.73
HLA-B*51:03,ELEAPQFNAP,18.622,35.512,40605.54
HLA-B*51:03,LEAPQFNAPE,58.5,46.044,42410.22
HLA-B*51:03,EAPQFNAPEK,23.322,28.532,39053.48
HLA-B*51:03,APQFNAPEKD,46.889,49.249,42876.22
HLA-B*51:03,PQFNAPEKDF,42.308,63.699,44620.76
HLA-B*51:03,QFNAPEKDFS,62.143,88.395,46964.29
HLA-B*51:03,FNAPEKDFSV,6.902,6.091,27556.61
HLA-B*51:03,NAPEKDFSVE,23.793,35.998,40702.31
HLA-B*51:03,APEKDFSVEG,31.676,37.361,40965.2
HLA-B*51:03,PEKDFSVEGS,85.0,94.231,47593.48
HLA-B*51:03,EKDFSVEGSN,85.0,74.462,45679.31
HLA-B*51:03,KDFSVEGSNS,83.75,84.107,46555.5
HLA-B*51:03,DFSVEGSNSL,3.614,10.058,31420.97
HLA-B*51:03,FSVEGSNSLL,10.061,9.299,30848.97
HLA-B*51:03,SVEGSNSLLY,33.714,30.113,39436.05
HLA-B*51:03,VEGSNSLLYT,63.929,44.299,42141.26
HLA-B*51:03,EGSNSLLYTM,15.694,9.394,30929.2
HLA-B*51:03,GSNSLLYTMG,79.167,57.744,43947.09
HLA-B*51:03,SNSLLYTMGS,88.333,49.081,42853.02
HLA-B*51:03,NSLLYTMGSH,61.071,45.512,42329.99
HLA-B*51:03,SLLYTMGSHG,82.5,46.652,42499.34
HLA-B*51:03,LLYTMGSHGG,80.0,40.59,41544.12
HLA-B*51:03,LYTMGSHGGK,62.5,57.416,43908.11
HLA-B*51:03,YTMGSHGGKP,35.625,26.111,38411.46
HLA-B*51:03,TMGSHGGKPM,52.593,45.712,42360.22
HLA-B*51:03,MGSHGGKPMS,65.0,56.328,43779.09
HLA-B*51:03,GSHGGKPMSM,35.25,55.86,43723.7
HLA-B*51:03,SHGGKPMSML,27.241,41.039,41619.7
HLA-B*51:03,HGGKPMSMLE,43.364,65.955,44857.95
HLA-B*51:03,GGKPMSMLEY,49.0,57.124,43873.43
HLA-B*51:03,GKPMSMLEYI,5.009,1.32,16145.26
HLA-B*51:03,KPMSMLEYIQ,18.207,4.433,25138.06
HLA-B*51:03,PMSMLEYIQS,91.667,53.694,43453.47
HLA-B*51:03,MSMLEYIQSI,3.9,0.344,8375.13
HLA-B*51:03,SMLEYIQSIV,12.655,6.644,28248.85
HLA-B*51:03,MLEYIQSIVD,77.5,26.466,38505.51
HLA-B*51:03,LEYIQSIVDV,14.051,6.634,28236.92
HLA-B*51:03,EYIQSIVDVS,40.062,41.994,41773.99
HLA-B*51:03,YIQSIVDVSL,16.8,13.838,33817.74
HLA-B*51:03,IQSIVDVSLV,17.86,5.48,26740.95
HLA-B*51:03,QSIVDVSLVS,38.833,29.073,39187.64
HLA-B*51:03,SIVDVSLVSK,47.875,59.456,44151.08
HLA-B*51:03,IVDVSLVSKM,15.646,18.63,35970.19
HLA-B*51:03,VDVSLVSKMK,60.357,63.203,44566.23
HLA-B*51:03,DVSLVSKMKG,43.818,30.276,39474.04
HLA-B*51:03,VSLVSKMKGT,75.0,60.83,44306.59
HLA-B*51:03,SLVSKMKGTF,35.208,33.486,40190.75
HLA-B*51:03,LVSKMKGTFP,66.364,44.233,42130.77
HLA-B*51:03,VSKMKGTFPN,93.333,48.11,42715.07
HLA-B*51:03,SKMKGTFPNN,93.333,72.328,45477.61
HLA-B*51:03,KMKGTFPNNE,83.75,93.962,47563.11
HLA-B*51:03,MKGTFPNNEP,67.727,49.38,42894.3
HLA-B*51:03,KGTFPNNEPR,56.5,77.458,45950.46
HLA-B*51:03,GTFPNNEPRE,77.5,87.511,46878.98
HLA-B*51:03,TFPNNEPREF,4.392,13.104,33416.54
HLA-B*51:03,FPNNEPREFG,8.859,7.766,29485.2
HLA-B*51:03,PNNEPREFGF,59.25,80.893,46260.73
HLA-B*51:03,NNEPREFGFS,75.833,70.621,45317.0
HLA-B*51:03,NEPREFGFST,14.331,8.924,30530.88
HLA-B*51:03,EPREFGFSTL,0.483,0.823,13095.44
HLA-B*51:03,PREFGFSTLA,61.786,42.989,41939.3
HLA-B*51:03,REFGFSTLAS,59.5,38.215,41125.95
HLA-B*51:03,EFGFSTLAST,32.645,20.138,36534.63
HLA-B*51:03,FGFSTLASTG,56.25,14.547,34173.79
HLA-B*51:03,GFSTLASTGV,52.593,30.296,39478.75
HLA-B*51:03,FSTLASTGVI,24.532,2.46,20706.53
HLA-B*51:03,STLASTGVIS,70.0,34.224,40343.23
HLA-B*51:03,TLASTGVISM,12.229,17.359,35462.03
HLA-B*51:03,LASTGVISMV,5.587,2.33,20287.84
HLA-B*51:03,ASTGVISMVK,48.5,53.873,43476.52
HLA-B*51:03,STGVISMVKG,90.0,53.213,43391.45
HLA-B*51:03,TGVISMVKGS,83.75,65.039,44767.76
HLA-B*51:03,GVISMVKGSA,59.5,53.873,43476.52
HLA-B*51:03,VISMVKGSAF,25.09,16.537,35105.08
HLA-B*51:03,ISMVKGSAFT,42.154,23.969,37797.18
HLA-B*51:03,SMVKGSAFTH,52.963,57.704,43942.33
HLA-B*51:03,MVKGSAFTHG,65.455,32.536,39989.03
HLA-B*51:03,VKGSAFTHGC,58.0,60.228,44240.98
HLA-B*51:03,KGSAFTHGCL,50.0,35.6,40623.11
HLA-B*51:03,GSAFTHGCLS,75.833,45.088,42265.91
HLA-B*51:03,SAFTHGCLSV,1.481,0.436,9601.09
HLA-B*51:03,AFTHGCLSVG,95.0,69.409,45199.95
HLA-B*51:03,FTHGCLSVGG,88.333,33.983,40293.49
HLA-B*51:03,THGCLSVGGK,76.667,76.556,45869.48
HLA-B*51:03,HGCLSVGGKK,64.286,80.082,46186.71
HLA-B*51:03,GCLSVGGKKD,100.0,96.78,48493.25
HLA-B*51:03,CLSVGGKKDY,69.545,72.871,45528.82
HLA-B*51:03,LSVGGKKDYD,93.333,86.011,46734.66
HLA-B*51:03,SVGGKKDYDM,72.857,77.641,45966.88
HLA-B*51:03,VGGKKDYDMF,57.25,50.376,43027.71
HLA-B*51:03,GGKKDYDMFL,46.444,57.204,43882.94
HLA-B*51:03,GKKDYDMFLI,48.625,39.956,41436.83
HLA-B*51:03,KKDYDMFLIT,69.091,48.386,42754.37
HLA-B*51:03,KDYDMFLITT,54.63,45.406,42313.97
HLA-B*51:03,DYDMFLITTI,3.974,0.967,14159.92
HLA-B*51:03,YDMFLITTIT,37.579,8.978,30578.15
HLA-B*51:03,DMFLITTITT,23.598,10.061,31423.69
HLA-B*51:03,MFLITTITTD,70.0,41.961,41768.58
HLA-B*51:03,FLITTITTDT,62.5,47.306,42596.01
HLA-B*51:03,LITTITTDTQ,72.143,79.142,46101.84
HLA-B*51:03,ITTITTDTQT,68.636,59.892,44203.16
HLA-B*51:03,TTITTDTQTV,7.736,6.256,27765.83
HLA-B*51:03,TITTDTQTVK,56.0,68.986,45157.91
HLA-B*51:03,ITTDTQTVKI,10.949,9.63,31112.79
HLA-B*51:03,TTDTQTVKIR,30.432,54.993,43621.15
HLA-B*51:03,TDTQTVKIRM,27.907,35.117,40526.97
HLA-B*51:03,DTQTVKIRMV,4.691,4.404,25080.73
HLA-B*51:03,TQTVKIRMVW,26.15,15.308,34540.31
HLA-B*51:03,QTVKIRMVWA,46.444,28.859,39135.11
HLA-B*51:03,TVKIRMVWAF,32.0,15.174,34477.59
HLA-B*51:03,VKIRMVWAFQ,79.167,52.352,43280.8
HLA-B*51:03,KIRMVWAFQS,91.667,54.278,43528.75
HLA-B*51:03,IRMVWAFQSR,62.143,45.339,42303.9
HLA-B*51:03,RMVWAFQSRD,95.0,54.643,43575.88
HLA-B*51:03,MVWAFQSRDR,56.75,33.964,40289.57
HLA-B*51:03,VWAFQSRDRV,8.902,5.067,26145.59
HLA-B*51:03,WAFQSRDRVG,40.625,12.181,32871.83
HLA-B*51:03,AFQSRDRVGT,85.0,92.415,47389.47
HLA-B*51:03,FQSRDRVGTA,26.683,23.321,37592.03
HLA-B*51:03,QSRDRVGTAT,41.583,56.272,43772.45
HLA-B*51:03,SRDRVGTATH,55.5,83.604,46509.16
HLA-B*51:03,RDRVGTATHI,28.122,23.058,37509.13
HLA-B*51:03,DRVGTATHID,49.571,59.628,44171.62
HLA-B*51:03,RVGTATHIDQ,95.0,95.683,47990.62
HLA-B*51:03,VGTATHIDQM,30.297,28.695,39094.05
HLA-B*51:03,GTATHIDQML,26.55,39.46,41350.39
HLA-B*51:03,TATHIDQMLS,33.5,25.994,38380.31
HLA-B*51:03,ATHIDQMLSP,35.208,43.661,42041.96
HLA-B*51:03,THIDQMLSPG,59.25,38.726,41219.95
HLA-B*51:03,HIDQMLSPGI,25.299,14.054,33933.55
HLA-B*51:03,IDQMLSPGIL,30.811,16.343,35018.21
HLA-B*51:03,DQMLSPGILE,33.929,26.837,38603.95
HLA-B*51:03,QMLSPGILES,55.75,53.158,43384.39
HLA-B*51:03,MLSPGILESL,8.924,8.556,30210.49
HLA-B*51:03,LSPGILESLF,8.848,3.049,22250.82
HLA-B*51:03,SPGILESLFS,28.041,15.207,34492.89
HLA-B*51:03,PGILESLFSN,97.5,85.411,46677.04
HLA-B*51:03,GILESLFSNT,83.75,74.765,45707.98
HLA-B*51:03,ILESLFSNTR,55.75,64.917,44754.68
HLA-B*51:03,LESLFSNTRK,51.296,45.294,42297.03
HLA-B*51:03,ESLFSNTRKL,4.465,7.531,29259.23
HLA-B*51:03,SLFSNTRKLV,17.979,10.929,32050.01
HLA-B*51:03,LFSNTRKLVL,27.741,20.958,36828.32
HLA-B*51:03,FSNTRKLVLE,47.75,43.432,42006.97
HLA-B*51:03,SNTRKLVLEV,14.032,11.762,32606.16
HLA-B*51:03,NTRKLVLEVL,14.051,13.219,33479.16
HLA-B*51:03,TRKLVLEVLQ,70.714,77.281,45934.55
HLA-B*51:03,RKLVLEVLQM,46.444,43.098,41956.1
HLA-B*51:03,KLVLEVLQML,24.844,26.281,38456.37
HLA-B*51:03,LVLEVLQMLG,35.833,20.359,36613.36
HLA-B*51:03,VLEVLQMLGA,63.214,36.993,40895.67
HLA-B*51:03,LEVLQMLGAK,66.364,46.596,42491.06
HLA-B*51:03,EVLQMLGAKR,46.222,61.837,44416.51
HLA-B*51:03,VLQMLGAKRI,13.652,11.691,32558.56
HLA-B*51:03,LQMLGAKRID,45.1,35.85,40672.81
HLA-B*51:03,QMLGAKRIDG,95.0,84.524,46593.8
HLA-B*51:03,MLGAKRIDGS,93.333,75.753,45797.59
HLA-B*51:03,LGAKRIDGSA,35.292,33.973,40291.31
HLA-B*51:03,GAKRIDGSAE,70.0,90.627,47189.41
HLA-B*51:03,AKRIDGSAED,93.333,95.913,48095.62
HLA-B*51:03,KRIDGSAEDA,65.0,81.785,46342.4
HLA-B*51:03,RIDGSAEDAY,69.545,86.753,46806.0
HLA-B*51:03,IDGSAEDAYA,69.545,53.917,43482.15
HLA-B*51:03,DGSAEDAYAT,39.118,42.965,41935.22
HLA-B*51:03,GSAEDAYATE,75.0,87.037,46833.36
HLA-B*51:03,SAEDAYATEI,4.301,3.964,24239.02
HLA-B*51:03,AEDAYATEIA,34.692,41.05,41621.49
HLA-B*51:03,EDAYATEIAV,1.826,1.035,14558.87
HLA-B*51:03,DAYATEIAVG,5.423,2.734,21436.01
HLA-B*51:03,AYATEIAVGA,30.081,30.184,39452.69
HLA-B*51:03,YATEIAVGAK,25.328,28.224,38976.64
HLA-B*51:03,ATEIAVGAKE,73.571,81.643,46329.37
HLA-B*51:03,TEIAVGAKEV,10.688,10.686,31873.65
HLA-B*51:03,EIAVGAKEVL,7.584,19.563,36321.39
HLA-B*51:03,IAVGAKEVLY,17.42,20.794,36769.39
HLA-B*51:03,AVGAKEVLYA,49.429,49.539,42916.14
HLA-B*51:03,VGAKEVLYAG,65.909,39.059,41280.66
HLA-B*51:03,GAKEVLYAGM,27.037,31.164,39681.29
HLA-B*51:03,AKEVLYAGMR,91.667,88.616,46985.62
HLA-B*51:03,KEVLYAGMRK,65.909,64.534,44712.56
HLA-B*51:03,EVLYAGMRKN,81.25,66.275,44889.5
HLA-B*51:03,VLYAGMRKNQ,82.5,88.2,46945.48
HLA-B*51:03,LYAGMRKNQK,66.364,82.174,46378.0
HLA-B*51:03,YAGMRKNQKR,44.182,63.647,44614.95
HLA-B*51:03,AGMRKNQKRN,93.333,95.132,47739.93
HLA-B*51:03,GMRKNQKRNS,97.5,96.434,48334.02
HLA-B*51:03,MRKNQKRNSG,86.667,92.868,47440.26
HLA-B*51:03,RKNQKRNSGE,97.5,97.332,48748.39
HLA-B*51:03,KNQKRNSGET,85.0,95.023,47690.39
HLA-B*51:03,NQKRNSGETE,69.545,88.363,46961.23
HLA-B*51:03,QKRNSGETEN,97.5,96.787,48496.41
HLA-B*51:03,KRNSGETENG,97.5,96.592,48406.76
HLA-B*51:03,RNSGETENGL,42.385,68.952,45154.5
HLA-B*51:03,NSGETENGLI,21.491,14.412,34108.04
HLA-B*51:03,SGETENGLIN,82.5,64.697,44730.47
HLA-B*51:03,GETENGLIND,95.0,92.804,47433.07
HLA-B*51:03,ETENGLINDI,13.919,14.083,33947.52
HLA-B*51:03,TENGLINDIA,38.889,31.787,39823.68
HLA-B*51:03,ENGLINDIAE,72.857,74.149,45649.65
HLA-B*51:03,NGLINDIAEE,71.429,74.436,45676.84
HLA-B*51:03,GLINDIAEEA,59.25,67.116,44972.63
HLA-B*51:03,LINDIAEEAV,22.89,20.868,36796.06
HLA-B*51:03,INDIAEEAVT,72.143,74.509,45683.76
HLA-B*51:03,NDIAEEAVTL,12.85,21.238,36922.07
HLA-B*51:03,DIAEEAVTLT,16.276,24.049,37821.32
HLA-B*51:03,IAEEAVTLTF,5.108,6.081,27544.69
HLA-B*51:03,AEEAVTLTFK,48.25,59.904,44204.62
HLA-B*51:03,EEAVTLTFKV,3.697,1.462,16912.34
HLA-B*51:03,EAVTLTFKVK,14.166,9.88,31293.07
HLA-B*51:03,AVTLTFKVKL,27.519,32.841,40055.73
HLA-B*51:03,VTLTFKVKLG,50.926,43.336,41992.43
HLA-B*51:03,TLTFKVKLGL,21.386,17.498,35520.01
HLA-B*51:03,LTFKVKLGLT,42.846,20.877,36799.24
HLA-B*51:03,TFKVKLGLTD,91.667,74.828,45713.91
HLA-B*51:03,FKVKLGLTDQ,80.0,84.715,46611.44
HLA-B*51:03,KVKLGLTDQN,95.0,93.317,47490.59
HLA-B*51:03,VKLGLTDQNK,78.333,90.599,47186.37
HLA-B*51:03,KLGLTDQNKQ,91.667,96.748,48478.55
HLA-B*51:03,LGLTDQNKQE,81.25,91.83,47323.9
HLA-B*51:03,GLTDQNKQEY,50.926,79.319,46117.8
HLA-B*51:03,LTDQNKQEYE,74.286,81.188,46287.77
HLA-B*51:03,TDQNKQEYEV,29.727,32.179,39911.23
HLA-B*51:03,DQNKQEYEVT,40.812,49.724,42941.66
HLA-B*51:03,QNKQEYEVTQ,72.143,95.106,47728.08
HLA-B*51:03,NKQEYEVTQT,59.25,76.816,45892.82
HLA-B*51:03,KQEYEVTQTA,17.171,27.997,38920.17
HLA-B*51:03,QEYEVTQTAA,14.318,18.188,35801.68
HLA-B*51:03,EYEVTQTAAA,31.676,28.558,39059.8
HLA-B*51:03,YEVTQTAAAS,63.571,45.236,42288.33
HLA-B*51:03,EVTQTAAASE,59.0,76.772,45888.86
HLA-B*51:03,VTQTAAASEE,86.667,85.484,46684.12
HLA-B*51:03,TQTAAASEES,80.0,77.398,45944.97
HLA-B*51:03,QTAAASEESR,45.6,83.483,46498.1
HLA-B*51:03,TAAASEESRL,14.194,26.163,38425.18
HLA-B*51:03,AAASEESRLS,56.5,71.404,45390.59
HLA-B*51:03,AASEESRLSA,17.684,30.133,39440.75
HLA-B*51:03,ASEESRLSAE,68.182,83.702,46518.22
HLA-B*51:03,SEESRLSAED,90.0,77.364,45942.01
HLA-B*51:03,EESRLSAEDA,41.25,33.482,40189.87
HLA-B*51:03,ESRLSAEDAE,70.714,74.384,45671.89
HLA-B*51:03,SRLSAEDAEQ,91.667,95.733,48013.46
HLA-B*51:03,RLSAEDAEQM,27.407,52.856,43345.46
HLA-B*51:03,LSAEDAEQMT,43.545,64.104,44665.18
HLA-B*51:03,SAEDAEQMTD,69.545,70.783,45332.2
HLA-B*51:03,AEDAEQMTDN,86.667,91.29,47263.51
HLA-B*51:03,EDAEQMTDNV,13.926,12.788,33233.02
HLA-B*51:03,DAEQMTDNVR,24.338,30.474,39520.63
HLA-B*51:03,AEQMTDNVRF,28.898,37.892,41065.93
HLA-B*51:03,EQMTDNVRFA,20.333,15.494,34627.49
HLA-B*51:03,QMTDNVRFAC,54.815,47.771,42665.18
HLA-B*51:03,MTDNVRFACR,58.5,38.334,41147.76
HLA-B*51:03,TDNVRFACRS,91.667,65.979,44860.36
HLA-B*51:03,DNVRFACRSP,44.273,22.877,37451.97
HLA-B*51:03,NVRFACRSPQ,91.667,57.964,43973.26
HLA-B*51:03,VRFACRSPQT,77.5,55.256,43652.34
HLA-B*51:03,RFACRSPQTL,23.471,25.332,38194.72
HLA-B*51:03,FACRSPQTLT,23.172,19.065,36135.97
HLA-B*51:03,ACRSPQTLTG,73.571,74.322,45665.96
HLA-B*51:03,CRSPQTLTGQ,83.75,81.49,46315.33
HLA-B*51:03,RSPQTLTGQY,21.447,34.091,40315.74
HLA-B*51:03,SPQTLTGQYN,27.611,26.471,38506.75
HLA-B*51:03,PQTLTGQYNG,97.5,87.111,46840.45
HLA-B*51:03,QTLTGQYNGL,28.918,34.199,40337.98
HLA-B*51:03,TLTGQYNGLE,86.667,80.203,46197.73
HLA-B*51:03,LTGQYNGLET,83.75,53.352,43409.27
HLA-B*51:03,TGQYNGLETT,47.5,44.397,42156.75
HLA-B*51:03,GQYNGLETTQ,74.286,91.112,47243.58
HLA-B*51:03,QYNGLETTQS,88.333,91.02,47233.34
HLA-B*51:03,YNGLETTQSI,5.686,2.987,22102.06
HLA-B*51:03,NGLETTQSIT,17.762,25.223,38164.14
HLA-B*51:03,GLETTQSITQ,88.333,95.212,47776.12
HLA-B*51:03,LETTQSITQL,14.389,21.912,37146.07
HLA-B*51:03,ETTQSITQLQ,24.844,54.398,43544.31
HLA-B*51:03,TTQSITQLQR,44.364,63.44,44592.28
HLA-B*51:03,TQSITQLQRW,18.128,17.53,35533.48
HLA-B*51:03,QSITQLQRWR,42.154,56.796,43834.55
HLA-B*51:03,SITQLQRWRR,76.667,80.142,46192.22
HLA-B*51:03,ITQLQRWRRF,40.938,22.618,37370.2
HLA-B*51:03,TQLQRWRRFS,83.75,62.531,44492.51
HLA-B*51:03,QLQRWRRFSL,42.385,30.179,39451.41
HLA-B*51:03,LQRWRRFSLA,41.083,17.395,35476.99
HLA-B*51:03,QRWRRFSLAP,65.909,35.377,40578.75
HLA-B*51:03,RWRRFSLAPR,91.667,71.242,45375.37
HLA-B*51:03,WRRFSLAPRC,58.75,51.455,43165.73
HLA-B*51:03,RRFSLAPRCH,69.091,74.494,45682.29
HLA-B*51:03,RFSLAPRCHP,68.182,44.572,42184.6
HLA-B*51:03,FSLAPRCHPS,59.5,21.964,37163.34
HLA-B*51:03,SLAPRCHPSA,21.272,23.562,37668.16
HLA-B*51:03,LAPRCHPSAT,27.185,15.307,34539.57
HLA-B*51:03,APRCHPSATS,31.294,25.352,38200.09
HLA-B*51:03,PRCHPSATSI,32.355,40.944,41603.94
HLA-B*51:03,RCHPSATSIL,22.34,31.446,39745.76
HLA-B*51:03,CHPSATSILG,54.815,7.678,29400.45
HLA-B*51:03,HPSATSILGE,27.87,21.051,36860.21
HLA-B*51:03,PSATSILGEG,97.5,76.899,45900.29
HLA-B*51:03,SATSILGEGP,45.7,35.316,40566.46
HLA-B*51:03,ATSILGEGPV,48.0,22.891,37456.41
HLA-B*51:03,TSILGEGPVL,10.725,13.632,33704.5
HLA-B*51:03,SILGEGPVLD,58.0,71.795,45427.45
HLA-B*51:03,ILGEGPVLDL,30.027,40.013,41446.69
HLA-B*51:03,LGEGPVLDLD,79.167,59.444,44149.63
HLA-B*51:03,GEGPVLDLDE,93.333,92.946,47448.98
HLA-B*51:03,EGPVLDLDEN,74.286,59.024,44099.52
HLA-B*51:03,GPVLDLDENS,53.889,60.918,44316.2
HLA-B*51:03,PVLDLDENSV,36.667,45.245,42289.69
HLA-B*51:03,VLDLDENSVS,80.0,82.311,46390.57
HLA-B*51:03,LDLDENSVSG,72.857,61.116,44337.78
HLA-B*51:03,DLDENSVSGG,55.25,67.357,44996.48
HLA-B*51:03,LDENSVSGGA,59.75,44.032,42098.88
HLA-B*51:03,DENSVSGGAA,22.66,24.483,37949.2
HLA-B*51:03,ENSVSGGAAL,15.642,24.508,37956.59
HLA-B*51:03,NSVSGGAALQ,56.75,58.664,44056.6
HLA-B*51:03,SVSGGAALQI,17.373,14.049,33930.99
HLA-B*51:03,VSGGAALQIE,60.0,53.191,43388.62
HLA-B*51:03,SGGAALQIEW,33.393,33.194,40130.35
HLA-B*51:03,GGAALQIEWP,72.857,66.014,44863.77
HLA-B*51:03,GAALQIEWPV,28.449,8.666,30306.42
HLA-B*51:03,AALQIEWPVI,7.674,2.995,22123.83
HLA-B*51:03,ALQIEWPVIV,17.974,18.019,35737.44
HLA-B*51:03,LQIEWPVIVG,42.615,25.3,38185.61
HLA-B*51:03,QIEWPVIVGI,6.414,7.645,29368.33
HLA-B*51:03,IEWPVIVGIL,8.584,8.26,29944.94
HLA-B*51:03,EWPVIVGILL,1.857,1.844,18585.09
HLA-B*51:03,WPVIVGILLQ,21.149,8.07,29774.04
HLA-B*51:03,PVIVGILLQR,78.333,90.014,47121.05
HLA-B*51:03,VIVGILLQRK,63.929,72.062,45452.51
HLA-B*51:03,IVGILLQRKI,11.592,7.157,28850.25
HLA-B*51:03,VGILLQRKII,13.141,8.262,29946.56
HLA-B*51:03,GILLQRKIIK,83.75,89.316,47053.3
HLA-B*51:03,ILLQRKIIKG,83.75,73.852,45621.52
HLA-B*51:03,LLQRKIIKGN,91.667,83.751,46522.75
HLA-B*51:03,LQRKIIKGNT,75.0,70.245,45281.7
HLA-B*51:03,QRKIIKGNTN,95.0,95.383,47853.71
HLA-B*51:03,RKIIKGNTNN,97.5,95.379,47852.16
HLA-B*51:03,KIIKGNTNNL,31.971,52.75,43331.86
HLA-B*51:03,IIKGNTNNLV,23.379,21.952,37159.32
HLA-B*51:03,IKGNTNNLVS,85.0,74.233,45657.57
HLA-B*51:03,KGNTNNLVST,86.667,87.416,46869.86
HLA-B*51:03,GNTNNLVSTP,70.0,71.707,45419.11
HLA-B*51:03,NTNNLVSTPS,75.833,48.977,42838.66
HLA-B*51:03,TNNLVSTPSK,58.25,70.438,45299.84
HLA-B*51:03,NNLVSTPSKD,86.667,79.612,46144.25
HLA-B*51:03,NLVSTPSKDR,71.429,90.869,47216.47
HLA-B*51:03,LVSTPSKDRF,27.093,33.314,40155.1
HLA-B*51:03,VSTPSKDRFL,16.444,30.602,39550.56
HLA-B*51:03,STPSKDRFLT,36.286,32.298,39937.15
HLA-B*51:03,TPSKDRFLTN,31.382,20.258,36577.32
HLA-B*51:03,PSKDRFLTNG,93.333,84.945,46632.63
HLA-B*51:03,SKDRFLTNGN,97.5,87.105,46839.94
HLA-B*51:03,KDRFLTNGNK,88.333,85.932,46727.07
HLA-B*51:03,DRFLTNGNKG,67.727,55.336,43661.77
HLA-B*51:03,RFLTNGNKGR,90.0,94.758,47652.73
HLA-B*51:03,FLTNGNKGRV,45.8,30.002,39410.04
HLA-B*51:03,LTNGNKGRVK,76.667,74.812,45712.43
HLA-B*51:03,TNGNKGRVKD,97.5,96.184,48219.63
HLA-B*51:03,NGNKGRVKDP,76.667,86.237,46756.4
HLA-B*51:03,GNKGRVKDPI,66.818,59.928,44207.47
HLA-B*51:03,NKGRVKDPII,37.526,28.697,39094.48
HLA-B*51:03,KGRVKDPIIK,81.25,86.668,46797.91
HLA-B*51:03,GRVKDPIIKA,30.108,60.066,44223.27
HLA-B*51:03,RVKDPIIKAS,48.25,70.725,45326.79
HLA-B*51:03,VKDPIIKASA,27.074,47.656,42648.12
HLA-B*51:03,KDPIIKASAT,29.841,29.716,39341.43
HLA-B*51:03,DPIIKASATY,2.729,4.095,24491.04
HLA-B*51:03,PIIKASATYF,53.889,44.328,42145.82
HLA-B*51:03,IIKASATYFL,24.182,17.222,35404.9
HLA-B*51:03,IKASATYFLV,18.774,1.342,16264.84
HLA-B*51:03,KASATYFLVR,61.071,24.252,37881.1
HLA-B*51:03,ASATYFLVRM,34.654,19.877,36439.07
HLA-B*51:03,SATYFLVRME,61.786,36.968,40890.79
HLA-B*51:03,ATYFLVRMEP,52.222,25.675,38290.71
HLA-B*51:03,TYFLVRMEPE,65.455,54.147,43511.8
HLA-B*51:03,YFLVRMEPEA,62.857,33.558,40205.52
HLA-B*51:03,FLVRMEPEAK,49.429,58.284,44011.33
HLA-B*51:03,LVRMEPEAKL,17.705,19.107,36151.61
HLA-B*51:03,VRMEPEAKLV,19.797,18.463,35906.43
HLA-B*51:03,RMEPEAKLVM,26.467,29.391,39263.61
HLA-B*51:03,MEPEAKLVME,27.463,30.369,39495.84
HLA-B*51:03,EPEAKLVMED,43.818,27.785,38862.11
HLA-B*51:03,PEAKLVMEDP,72.857,69.144,45173.55
HLA-B*51:03,EAKLVMEDPA,26.983,9.172,30741.69
HLA-B*51:03,AKLVMEDPAA,63.929,62.715,44512.75
HLA-B*51:03,KLVMEDPAAN,93.333,83.779,46525.27
HLA-B*51:03,LVMEDPAANV,10.609,5.226,26373.74
HLA-B*51:03,VMEDPAANVD,63.929,60.773,44300.37
HLA-B*51:03,MEDPAANVDS,51.111,51.415,43160.61
HLA-B*51:03,EDPAANVDSN,66.364,56.716,43825.05
HLA-B*51:03,DPAANVDSNN,45.2,38.186,41120.62
HLA-B*51:03,PAANVDSNND,100.0,95.326,47827.85
HLA-B*51:03,AANVDSNNDR,76.667,95.19,47766.29
HLA-B*51:03,ANVDSNNDRH,82.5,96.213,48232.66
HLA-B*51:03,NVDSNNDRHR,47.875,90.229,47145.03
HLA-B*51:03,VDSNNDRHRD,95.0,95.278,47806.11
HLA-B*51:03,DSNNDRHRDY,22.4,45.552,42335.95
HLA-B*51:03,SNNDRHRDYL,37.263,54.555,43564.56
HLA-B*51:03,NNDRHRDYLW,24.87,24.078,37829.9
HLA-B*51:03,NDRHRDYLWS,78.333,65.246,44788.12
HLA-B*51:03,DRHRDYLWSN,74.286,52.381,43284.54
HLA-B*51:03,RHRDYLWSNI,34.692,15.554,34655.24
HLA-B*51:03,HRDYLWSNII,23.184,5.645,26963.22
HLA-B*51:03,RDYLWSNIIG,69.545,30.905,39621.66
HLA-B*51:03,DYLWSNIIGG,64.286,34.526,40405.7
HLA-B*51:03,YLWSNIIGGP,47.125,32.907,40070.04
HLA-B*51:03,LWSNIIGGPP,91.667,42.256,41817.42
HLA-B*51:03,WSNIIGGPPN,97.5,45.412,42314.87
HLA-B*51:03,SNIIGGPPNK,54.815,77.996,45998.7
HLA-B*51:03,NIIGGPPNKF,14.166,28.717,39099.54
HLA-B*51:03,IIGGPPNKFD,67.273,82.607,46417.68
HLA-B*51:03,IGGPPNKFDE,91.667,93.774,47542.01
HLA-B*51:03,GGPPNKFDEF,15.616,35.572,40617.4
HLA-B*51:03,GPPNKFDEFS,42.538,50.16,43000.25
HLA-B*51:03,PPNKFDEFSI,11.021,5.474,26732.55
HLA-B*51:03,PNKFDEFSIP,76.667,73.852,45621.52
HLA-B*51:03,NKFDEFSIPG,66.818,40.702,41562.99
HLA-B*51:03,KFDEFSIPGC,72.143,76.667,45879.42
HLA-B*51:03,FDEFSIPGCT,61.429,30.403,39503.96
HLA-B*51:03,DEFSIPGCTW,4.488,3.815,23941.88
HLA-B*51:03,EFSIPGCTWI,13.681,5.33,26523.12
HLA-B*51:03,FSIPGCTWIP,26.433,9.913,31316.79
HLA-B*51:03,SIPGCTWIPV,30.622,3.4,23081.12
HLA-B*51:03,IPGCTWIPVR,34.077,8.421,30090.11
HLA-B*51:03,PGCTWIPVRF,45.7,55.028,43625.4
HLA-B*51:03,GCTWIPVRFP,72.857,51.313,43147.53
HLA-B*51:03,CTWIPVRFPL,39.118,5.034,26098.94
HLA-B*51:03,TWIPVRFPLR,40.812,42.719,41894.4
HLA-B*51:03,WIPVRFPLRG,45.4,9.531,31041.84
HLA-B*51:03,IPVRFPLRGL,1.401,0.991,14304.82
HLA-B*51:03,PVRFPLRGLG,88.333,68.027,45062.75
HLA-B*51:03,VRFPLRGLGV,26.517,16.679,35168.57
HLA-B*51:03,RFPLRGLGVL,11.524,4.9,25891.93
HLA-B*51:03,FPLRGLGVLT,5.342,1.615,17584.47
HLA-B*51:03,PLRGLGVLTG,95.0,82.284,46388.05
HLA-B*51:03,LRGLGVLTGR,56.25,70.511,45306.71
HLA-B*51:03,RGLGVLTGRD,83.75,83.992,46544.9
HLA-B*51:03,GLGVLTGRDP,93.333,90.325,47155.73
HLA-B*51:03,LGVLTGRDPV,33.75,7.565,29291.86
HLA-B*51:03,GVLTGRDPVI,35.458,32.339,39946.22
HLA-B*51:03,VLTGRDPVIE,78.333,77.004,45909.7
HLA-B*51:03,LTGRDPVIEP,29.5,46.536,42482.32
HLA-B*51:03,TGRDPVIEPT,43.273,46.213,42435.0
HLA-B*51:03,GRDPVIEPTL,20.715,49.061,42850.23
HLA-B*51:03,RDPVIEPTLE,51.852,61.45,44374.25
HLA-B*51:03,DPVIEPTLEV,0.058,0.169,5452.47
HLA-B*51:03,PVIEPTLEVF,15.463,31.42,39739.73
HLA-B*51:03,VIEPTLEVFD,50.556,69.508,45209.75
HLA-B*51:03,IEPTLEVFDT,53.519,27.868,38884.82
HLA-B*51:03,EPTLEVFDTI,0.28,0.093,3930.98
HLA-B*51:03,PTLEVFDTIP,53.519,35.907,40684.25
HLA-B*51:03,TLEVFDTIPT,73.571,45.482,42325.41
HLA-B*51:03,LEVFDTIPTD,58.75,39.635,41380.83
HLA-B*51:03,EVFDTIPTDR,17.948,43.054,41949.29
HLA-B*51:03,VFDTIPTDRM,19.257,33.678,40230.32
HLA-B*51:03,FDTIPTDRMQ,51.481,65.374,44800.71
HLA-B*51:03,DTIPTDRMQG,31.735,25.431,38222.42
HLA-B*51:03,TIPTDRMQGR,40.25,71.738,45422.04
HLA-B*51:03,IPTDRMQGRN,52.963,39.411,41341.88
HLA-B*51:03,PTDRMQGRNF,55.0,65.059,44769.69
HLA-B*51:03,TDRMQGRNFQ,65.909,81.61,46326.35
HLA-B*51:03,DRMQGRNFQA,25.239,22.682,37390.43
HLA-B*51:03,RMQGRNFQAP,72.143,52.053,43242.41
HLA-B*51:03,MQGRNFQAPK,33.607,31.761,39817.64
HLA-B*51:03,QGRNFQAPKV,24.0,15.9,34818.35
HLA-B*51:03,GRNFQAPKVE,86.667,92.036,47346.95
HLA-B*51:03,RNFQAPKVEL,24.571,35.664,40635.87
HLA-B*51:03,NFQAPKVELT,48.5,52.655,43319.67
HLA-B*51:03,FQAPKVELTT,27.981,25.4,38213.72
HLA-B*51:03,QAPKVELTTS,23.161,39.648,41383.07
HLA-B*51:03,APKVELTTSA,6.39,9.921,31322.89
HLA-B*51:03,PKVELTTSAR,91.667,95.263,47799.39
HLA-B*51:03,KVELTTSARP,66.364,62.355,44473.26
HLA-B*51:03,VELTTSARPS,82.5,58.04,43982.27
HLA-B*51:03,ELTTSARPSA,31.971,33.558,40205.52
HLA-B*51:03,LTTSARPSAY,35.5,35.892,40681.18
HLA-B*51:03,TTSARPSAYS,55.75,51.699,43197.04
HLA-B*51:03,TSARPSAYSG,52.222,33.688,40232.5
HLA-B*51:03,SARPSAYSGP,24.325,26.3,38461.36
HLA-B*51:03,ARPSAYSGPV,29.591,8.67,30309.7
HLA-B*51:03,RPSAYSGPVG,43.818,17.699,35603.9
HLA-B*51:03,PSAYSGPVGL,13.741,23.924,37782.87
HLA-B*51:03,SAYSGPVGLH,15.556,23.982,37801.27
HLA-B*51:03,AYSGPVGLHK,51.111,71.091,45361.14
HLA-B*51:03,YSGPVGLHKL,6.975,10.599,31810.61
HLA-B*51:03,SGPVGLHKLV,2.107,2.163,19760.52
HLA-B*51:03,GPVGLHKLVR,23.678,30.712,39576.25
HLA-B*51:03,PVGLHKLVRP,90.0,87.405,46868.86
HLA-B*51:03,VGLHKLVRPS,85.0,61.156,44342.1
HLA-B*51:03,GLHKLVRPSI,30.595,24.387,37920.89
HLA-B*51:03,LHKLVRPSIL,27.407,20.517,36670.05
HLA-B*51:03,HKLVRPSILF,27.204,25.097,38129.06
HLA-B*51:03,KLVRPSILFN,70.714,65.315,44794.88
HLA-B*51:03,LVRPSILFNL,12.345,8.027,29735.41
HLA-B*51:03,VRPSILFNLD,51.667,14.991,34391.9
HLA-B*51:03,RPSILFNLDA,19.432,6.626,28227.45
HLA-B*51:03,PSILFNLDAA,76.667,35.645,40631.91
HLA-B*51:03,SILFNLDAAG,80.0,44.974,42248.55
HLA-B*51:03,ILFNLDAAGK,64.643,53.282,43400.38
HLA-B*51:03,LFNLDAAGKS,91.667,78.953,46084.89
HLA-B*51:03,FNLDAAGKST,51.111,49.737,42943.55
HLA-B*51:03,NLDAAGKSTN,86.667,84.956,46633.62
HLA-B*51:03,LDAAGKSTNW,15.343,20.123,36529.09
HLA-B*51:03,DAAGKSTNWY,9.06,17.263,35422.14
HLA-B*51:03,AAGKSTNWYF,18.104,17.116,35360.88
HLA-B*51:03,AGKSTNWYFK,66.364,63.801,44631.87
HLA-B*51:03,GKSTNWYFKM,72.143,41.592,41708.96
HLA-B*51:03,KSTNWYFKMI,45.8,11.447,32396.91
HLA-B*51:03,STNWYFKMIL,19.905,8.2,29890.88
HLA-B*51:03,TNWYFKMILE,73.571,36.28,40756.97
HLA-B*51:03,NWYFKMILEA,42.231,18.21,35809.81
HLA-B*51:03,WYFKMILEAE,90.0,53.95,43486.39
HLA-B*51:03,YFKMILEAEW,33.75,13.122,33425.96
HLA-B*51:03,FKMILEAEWI,29.432,6.895,28550.28
HLA-B*51:03,KMILEAEWIV,32.419,16.542,35106.98
HLA-B*51:03,MILEAEWIVK,49.714,24.464,37943.45
HLA-B*51:03,ILEAEWIVKG,58.25,53.578,43438.43
HLA-B*51:03,LEAEWIVKGK,40.562,50.263,43013.28
HLA-B*51:03,EAEWIVKGKL,6.607,6.881,28533.91
HLA-B*51:03,AEWIVKGKLE,66.364,65.659,44828.83
HLA-B*51:03,EWIVKGKLEA,40.0,45.003,42253.11
HLA-B*51:03,WIVKGKLEAL,38.278,31.996,39871.53
HLA-B*51:03,IVKGKLEALV,19.939,18.702,35997.46
HLA-B*51:03,VKGKLEALVH,74.286,76.323,45848.66
HLA-B*51:03,KGKLEALVHC,51.111,61.788,44411.24
HLA-B*51:03,GKLEALVHCK,75.0,87.421,46870.37
HLA-B*51:03,KLEALVHCKN,97.5,79.74,46155.74
HLA-B*51:03,LEALVHCKNL,15.549,9.766,31210.9
HLA-B*51:03,EALVHCKNLR,27.019,34.488,40397.83
HLA-B*51:03,ALVHCKNLRA,69.091,58.464,44032.77
HLA-B*51:03,LVHCKNLRAG,90.0,51.568,43180.21
HLA-B*51:03,VHCKNLRAGV,51.481,34.14,40325.78
HLA-B*51:03,HCKNLRAGVG,93.333,82.629,46419.69
HLA-B*51:03,CKNLRAGVGR,93.333,86.184,46751.34
HLA-B*51:03,KNLRAGVGRG,97.5,91.349,47270.16
HLA-B*51:03,NLRAGVGRGS,73.571,76.03,45822.38
HLA-B*51:03,LRAGVGRGSG,86.667,79.85,46165.75
HLA-B*51:03,RAGVGRGSGV,29.068,28.346,39007.01
HLA-B*51:03,AGVGRGSGVE,71.429,87.721,46899.28
HLA-B*51:03,GVGRGSGVEL,39.118,58.052,43983.72
HLA-B*51:03,VGRGSGVELH,51.481,71.654,45414.18
HLA-B*51:03,GRGSGVELHV,39.529,41.464,41688.2
HLA-B*51:03,RGSGVELHVA,45.3,43.75,42055.63
HLA-B*51:03,GSGVELHVAL,29.977,34.228,40344.09
HLA-B*51:03,SGVELHVALL,14.487,13.487,33625.09
HLA-B*51:03,GVELHVALLG,82.5,51.12,43122.8
HLA-B*51:03,VELHVALLGG,86.667,40.566,41540.08
HLA-B*51:03,ELHVALLGGP,60.714,45.961,42397.83
HLA-B*51:03,LHVALLGGPS,93.333,46.699,42506.22
HLA-B*51:03,HVALLGGPSM,13.156,12.399,33001.19
HLA-B*51:03,VALLGGPSMR,25.761,37.386,40970.06
HLA-B*51:03,ALLGGPSMRS,77.5,86.774,46808.02
HLA-B*51:03,LLGGPSMRSL,18.963,26.859,38609.8
HLA-B*51:03,LGGPSMRSLT,40.312,54.077,43502.85
HLA-B*51:03,GGPSMRSLTG,55.75,42.997,41940.65
HLA-B*51:03,GPSMRSLTGH,41.667,58.772,44069.47
HLA-B*51:03,PSMRSLTGHE,95.0,88.974,47020.2
HLA-B*51:03,SMRSLTGHEY,27.852,31.836,39834.88
HLA-B*51:03,MRSLTGHEYV,22.95,6.868,28517.86
HLA-B*51:03,RSLTGHEYVA,41.5,34.178,40333.64
HLA-B*51:03,SLTGHEYVAR,68.182,79.059,46094.38
HLA-B*51:03,LTGHEYVARV,12.523,7.77,29488.37
HLA-B*51:03,TGHEYVARVL,10.276,12.668,33161.18
HLA-B*51:03,GHEYVARVLE,77.5,64.165,44671.95
HLA-B*51:03,HEYVARVLEI,5.354,3.068,22296.13
HLA-B*51:03,EYVARVLEIY,21.14,24.514,37958.23
HLA-B*51:03,YVARVLEIYQ,61.071,47.851,42677.21
HLA-B*51:03,VARVLEIYQN,80.0,53.388,43413.98
HLA-B*51:03,ARVLEIYQND,91.667,82.442,46402.6
HLA-B*51:03,RVLEIYQNDF,32.742,30.536,39535.16
HLA-B*51:03,VLEIYQNDFS,91.667,69.552,45214.15
HLA-B*51:03,LEIYQNDFSN,86.667,45.348,42305.27
HLA-B*51:03,EIYQNDFSNS,39.412,38.184,41120.17
HLA-B*51:03,IYQNDFSNSY,21.886,36.745,40847.46
HLA-B*51:03,YQNDFSNSYK,23.184,39.442,41347.27
HLA-B*51:03,QNDFSNSYKS,68.636,65.694,44832.21
HLA-B*51:03,NDFSNSYKSK,50.741,58.996,44096.16
HLA-B*51:03,DFSNSYKSKR,41.833,73.1,45550.49
HLA-B*51:03,FSNSYKSKRP,58.75,51.849,43216.2
HLA-B*51:03,SNSYKSKRPQ,83.75,91.208,47254.31
HLA-B*51:03,NSYKSKRPQL,7.096,12.989,33352.98
HLA-B*51:03,SYKSKRPQLG,80.0,87.516,46879.5
HLA-B*51:03,YKSKRPQLGS,65.455,67.618,45022.29
HLA-B*51:03,KSKRPQLGSL,26.817,44.247,42133.05
HLA-B*51:03,SKRPQLGSLS,58.25,77.597,45962.88
HLA-B*51:03,KRPQLGSLSQ,58.5,77.791,45980.31
HLA-B*51:03,RPQLGSLSQM,6.425,7.973,29685.25
HLA-B*51:03,PQLGSLSQMK,79.167,85.411,46677.04
HLA-B*51:03,QLGSLSQMKT,65.909,69.69,45227.83
HLA-B*51:03,LGSLSQMKTG,88.333,50.584,43054.27
HLA-B*51:03,GSLSQMKTGQ,93.333,95.703,47999.44
HLA-B*51:03,SLSQMKTGQW,33.393,33.528,40199.43
HLA-B*51:03,LSQMKTGQWM,36.667,13.389,33571.65
HLA-B*51:03,SQMKTGQWMN,62.143,41.628,41714.82
HLA-B*51:03,QMKTGQWMNA,49.857,39.856,41419.36
HLA-B*51:03,MKTGQWMNAG,95.0,54.592,43569.28
HLA-B*51:03,KTGQWMNAGG,100.0,77.957,45995.23
HLA-B*51:03,TGQWMNAGGN,97.5,63.48,44596.62
HLA-B*51:03,GQWMNAGGNY,59.0,51.459,43166.21
HLA-B*51:03,QWMNAGGNYA,60.0,42.174,41803.83
HLA-B*51:03,WMNAGGNYAI,33.75,6.809,28446.68
HLA-B*51:03,MNAGGNYAIA,44.455,18.948,36091.83
HLA-B*51:03,NAGGNYAIAS,66.364,47.297,42594.63
HLA-B*51:03,AGGNYAIASA,58.25,52.199,43261.12
HLA-B*51:03,GGNYAIASAH,69.091,77.547,45958.4
HLA-B*51:03,GNYAIASAHA,49.571,40.59,41544.12
HLA-B*51:03,NYAIASAHAE,41.417,46.473,42473.12
HLA-B*51:03,YAIASAHAEG,44.545,16.647,35154.13
HLA-B*51:03,AIASAHAEGP,72.143,70.094,45267.48
HLA-B*51:03,IASAHAEGPI,13.257,4.313,24905.22
HLA-B*51:03,ASAHAEGPIG,85.0,63.348,44582.16
HLA-B*51:03,SAHAEGPIGA,13.388,20.62,36706.99
HLA-B*51:03,AHAEGPIGAL,16.111,30.018,39413.88
HLA-B*51:03,HAEGPIGALD,36.905,38.23,41128.63
HLA-B*51:03,AEGPIGALDQ,76.667,89.763,47096.59
HLA-B*51:03,EGPIGALDQK,31.206,48.403,42756.68
HLA-B*51:03,GPIGALDQKG,46.0,49.444,42903.13
HLA-B*51:03,PIGALDQKGE,97.5,97.772,48952.41
HLA-B*51:03,IGALDQKGEI,8.506,9.972,31359.52
HLA-B*51:03,GALDQKGEII,13.998,17.692,35601.19
HLA-B*51:03,ALDQKGEIII,32.097,44.336,42147.18
HLA-B*51:03,LDQKGEIIIM,28.612,33.171,40125.56
HLA-B*51:03,DQKGEIIIML,4.219,10.692,31877.79
HLA-B*51:03,QKGEIIIMLS,66.364,63.08,44552.72
HLA-B*51:03,KGEIIIMLSG,90.0,53.166,43385.35
HLA-B*51:03,GEIIIMLSGQ,88.333,83.154,46467.91
HLA-B*51:03,EIIIMLSGQD,82.5,70.715,45325.82
HLA-B*51:03,IIIMLSGQDS,85.0,66.58,44919.62
HLA-B*51:03,IIMLSGQDSQ,78.333,77.53,45956.92
HLA-B*51:03,IMLSGQDSQP,59.5,55.304,43657.99
HLA-B*51:03,MLSGQDSQPT,66.364,54.052,43499.57
HLA-B*51:03,LSGQDSQPTA,23.299,28.256,38984.65
HLA-B*51:03,SGQDSQPTAL,11.447,33.32,40156.39
HLA-B*51:03,GQDSQPTALK,48.25,78.394,46034.55
HLA-B*51:03,QDSQPTALKL,6.744,14.36,34082.58
HLA-B*51:03,DSQPTALKLK,8.207,17.128,35365.86
HLA-B*51:03,SQPTALKLKF,8.307,10.281,31580.84
HLA-B*51:03,QPTALKLKFM,7.222,5.291,26467.79
HLA-B*51:03,PTALKLKFMY,48.0,39.846,41417.56
HLA-B*51:03,TALKLKFMYL,7.27,3.065,22288.65
HLA-B*51:03,ALKLKFMYLY,47.625,45.655,42351.51
HLA-B*51:03,LKLKFMYLYS,82.5,47.638,42645.35
HLA-B*51:03,KLKFMYLYSY,53.333,40.452,41520.74
HLA-B*51:03,LKFMYLYSYK,75.0,37.225,40939.5
HLA-B*51:03,KFMYLYSYKK,63.571,46.034,42408.85
HLA-B*51:03,FMYLYSYKKT,55.25,23.964,37795.54
HLA-B*51:03,MYLYSYKKTL,14.347,8.956,30558.97
HLA-B*51:03,YLYSYKKTLM,17.943,9.249,30807.28
HLA-B*51:03,LYSYKKTLMM,20.122,8.367,30041.32
HLA-B*51:03,YSYKKTLMMA,13.412,4.486,25239.16
HLA-B*51:03,SYKKTLMMAG,86.667,65.581,44821.05
HLA-B*51:03,YKKTLMMAGG,97.5,70.183,45275.84
HLA-B*51:03,KKTLMMAGGC,97.5,75.72,45794.61
HLA-B*51:03,KTLMMAGGCV,69.545,18.57,35947.23
HLA-B*51:03,TLMMAGGCVQ,79.167,38.893,41250.75
HLA-B*51:03,LMMAGGCVQN,95.0,50.15,42998.86
HLA-B*51:03,MMAGGCVQNV,22.36,6.575,28166.44
HLA-B*51:03,MAGGCVQNVG,61.071,24.546,37967.68
HLA-B*51:03,AGGCVQNVGL,48.0,48.201,42728.02
HLA-B*51:03,GGCVQNVGLH,83.75,91.523,47289.61
HLA-B*51:03,GCVQNVGLHQ,88.333,94.378,47609.97
HLA-B*51:03,CVQNVGLHQG,88.333,57.664,43937.57
HLA-B*51:03,VQNVGLHQGQ,76.667,90.645,47191.45
HLA-B*51:03,QNVGLHQGQS,80.0,86.674,46798.43
HLA-B*51:03,NVGLHQGQSA,29.409,32.74,40033.62
HLA-B*51:03,VGLHQGQSAA,31.176,36.336,40767.98
HLA-B*51:03,GLHQGQSAAD,93.333,88.516,46975.98
HLA-B*51:03,LHQGQSAADI,35.875,16.098,34908.89
HLA-B*51:03,HQGQSAADIV,32.548,22.429,37310.41
HLA-B*51:03,QGQSAADIVR,68.182,65.714,44834.15
HLA-B*51:03,GQSAADIVRV,22.94,36.384,40777.24
HLA-B*51:03,QSAADIVRVF,6.908,12.022,32778.07
HLA-B*51:03,SAADIVRVFG,18.555,19.118,36155.53
HLA-B*51:03,AADIVRVFGV,16.804,9.585,31080.5
HLA-B*51:03,ADIVRVFGVR,74.286,61.327,44360.8
HLA-B*51:03,DIVRVFGVRE,60.0,57.236,43886.73
HLA-B*51:03,IVRVFGVREG,88.333,60.268,44245.29
HLA-B*51:03,VRVFGVREGG,86.667,67.347,44995.49
HLA-B*51:03,RVFGVREGGE,86.667,87.411,46869.34
HLA-B*51:03,VFGVREGGER,83.75,92.809,47433.59
HLA-B*51:03,FGVREGGERT,54.074,58.872,44081.38
HLA-B*51:03,GVREGGERTL,34.0,59.716,44182.13
HLA-B*51:03,VREGGERTLS,81.25,93.047,47460.28
HLA-B*51:03,REGGERTLSF,25.537,31.815,39830.12
HLA-B*51:03,EGGERTLSFK,48.75,54.891,43607.93
HLA-B*51:03,GGERTLSFKL,44.818,43.676,42044.24
HLA-B*51:03,GERTLSFKLC,65.0,56.412,43789.03
HLA-B*51:03,ERTLSFKLCK,56.5,50.894,43093.89
HLA-B*51:03,RTLSFKLCKI,22.95,8.314,29993.89
HLA-B*51:03,TLSFKLCKIR,77.5,51.926,43226.04
HLA-B*51:03,LSFKLCKIRI,13.899,2.561,20992.35
HLA-B*51:03,SFKLCKIRIA,55.0,38.121,41108.61
HLA-B*51:03,FKLCKIRIAL,37.947,18.644,35975.25
HLA-B*51:03,KLCKIRIALT,79.167,77.674,45969.84
HLA-B*51:03,LCKIRIALTT,66.818,43.586,42030.61
HLA-B*51:03,CKIRIALTTF,50.556,18.678,35988.5
HLA-B*51:03,KIRIALTTFL,40.5,32.069,39887.5
HLA-B*51:03,IRIALTTFLV,23.954,6.085,27549.77
HLA-B*51:03,RIALTTFLVK,57.25,31.593,39779.32
HLA-B*51:03,IALTTFLVKG,58.0,16.105,34912.29
HLA-B*51:03,ALTTFLVKGM,60.0,50.536,43048.2
HLA-B*51:03,LTTFLVKGMT,69.091,40.441,41518.95
HLA-B*51:03,TTFLVKGMTR,29.455,32.859,40059.63
HLA-B*51:03,TFLVKGMTRV,31.912,21.03,36853.43
HLA-B*51:03,FLVKGMTRVP,51.111,37.621,41014.42
HLA-B*51:03,LVKGMTRVPK,63.929,59.756,44186.92
HLA-B*51:03,VKGMTRVPKL,8.528,18.669,35984.99
HLA-B*51:03,KGMTRVPKLG,39.118,54.664,43578.7
HLA-B*51:03,GMTRVPKLGS,95.0,85.889,46723.04
HLA-B*51:03,MTRVPKLGSN,86.667,55.08,43631.54
HLA-B*51:03,TRVPKLGSNG,72.857,78.848,46075.41
HLA-B*51:03,RVPKLGSNGM,19.486,31.36,39725.97
HLA-B*51:03,VPKLGSNGMF,3.347,4.785,25711.04
HLA-B*51:03,PKLGSNGMFP,91.667,84.244,46568.08
HLA-B*51:03,KLGSNGMFPC,90.0,75.039,45733.7
HLA-B*51:03,LGSNGMFPCP,81.25,39.188,41303.0
HLA-B*51:03,GSNGMFPCPI,56.0,11.232,32254.57
HLA-B*51:03,SNGMFPCPIA,51.852,12.636,33142.17
HLA-B*51:03,NGMFPCPIAL,12.565,4.286,24854.89
HLA-B*51:03,GMFPCPIALK,51.296,36.875,40872.65
HLA-B*51:03,MFPCPIALKL,0.756,0.354,8509.5
HLA-B*51:03,FPCPIALKLE,3.12,1.704,17994.44
HLA-B*51:03,PCPIALKLEK,45.4,48.279,42739.12
HLA-B*51:03,CPIALKLEKL,3.009,0.961,14119.98
HLA-B*51:03,PIALKLEKLK,86.667,87.521,46880.01
HLA-B*51:03,IALKLEKLKL,11.789,8.839,30456.97
HLA-B*51:03,ALKLEKLKLT,65.909,76.855,45896.29
HLA-B*51:03,LKLEKLKLTS,66.818,57.568,43926.18
HLA-B*51:03,KLEKLKLTSQ,75.833,95.072,47712.57
HLA-B*51:03,LEKLKLTSQD,85.0,73.925,45628.43
HLA-B*51:03,EKLKLTSQDS,79.167,79.823,46163.25
HLA-B*51:03,KLKLTSQDSK,74.286,88.632,46987.16
HLA-B*51:03,LKLTSQDSKT,81.25,80.608,46234.72
HLA-B*51:03,KLTSQDSKTL,34.077,61.52,44381.92
HLA-B*51:03,LTSQDSKTLI,9.891,9.964,31354.08
HLA-B*51:03,TSQDSKTLIT,24.87,43.193,41970.61
HLA-B*51:03,SQDSKTLITN,76.667,71.555,45404.84
HLA-B*51:03,QDSKTLITNH,54.444,86.584,46789.79
HLA-B*51:03,DSKTLITNHI,2.818,1.382,16477.58
HLA-B*51:03,SKTLITNHIY,37.789,37.436,40979.39
HLA-B*51:03,KTLITNHIYA,48.875,35.185,40540.57
HLA-B*51:03,TLITNHIYAE,69.091,61.577,44388.16
HLA-B*51:03,LITNHIYAED,97.5,63.414,44589.37
HLA-B*51:03,ITNHIYAEDS,81.25,61.938,44427.57
HLA-B*51:03,TNHIYAEDSM,29.023,26.788,38591.0
HLA-B*51:03,NHIYAEDSMQ,71.429,68.371,45096.88
HLA-B*51:03,HIYAEDSMQI,5.14,5.111,26208.74
HLA-B*51:03,IYAEDSMQIN,55.0,52.031,43239.59
HLA-B*51:03,YAEDSMQINV,4.3,3.881,24073.84
HLA-B*51:03,AEDSMQINVL,14.745,29.654,39326.54
HLA-B*51:03,EDSMQINVLR,26.8,36.145,40730.95
HLA-B*51:03,DSMQINVLRN,42.385,19.961,36470.64
HLA-B*51:03,SMQINVLRNG,85.0,48.656,42792.79
HLA-B*51:03,MQINVLRNGL,22.77,10.707,31888.83
HLA-B*51:03,QINVLRNGLN,91.667,78.522,46046.01
HLA-B*51:03,INVLRNGLNI,24.273,8.159,29854.35
HLA-B*51:03,NVLRNGLNIG,56.25,36.948,40886.81
HLA-B*51:03,VLRNGLNIGQ,79.167,89.711,47091.49
HLA-B*51:03,LRNGLNIGQA,67.727,53.348,43408.83
HLA-B*51:03,RNGLNIGQAY,47.125,54.894,43608.41
HLA-B*51:03,NGLNIGQAYH,49.714,63.809,44632.82
HLA-B*51:03,GLNIGQAYHK,79.167,87.216,46850.61
HLA-B*51:03,LNIGQAYHKN,90.0,76.611,45874.45
HLA-B*51:03,NIGQAYHKNH,69.091,83.472,46497.11
HLA-B*51:03,IGQAYHKNHN,95.0,88.363,46961.23
HLA-B*51:03,GQAYHKNHNL,22.05,38.637,41203.45
HLA-B*51:03,QAYHKNHNLK,18.945,30.505,39527.89
HLA-B*51:03,AYHKNHNLKI,34.731,29.369,39258.52
HLA-B*51:03,YHKNHNLKIK,53.333,49.242,42875.28
HLA-B*51:03,HKNHNLKIKS,79.167,93.033,47458.75
HLA-B*51:03,KNHNLKIKSK,76.667,94.941,47673.35
HLA-B*51:03,NHNLKIKSKE,77.5,81.572,46322.86
HLA-B*51:03,HNLKIKSKEV,22.65,29.945,39396.39
HLA-B*51:03,NLKIKSKEVT,67.273,69.975,45256.25
HLA-B*51:03,LKIKSKEVTG,78.333,78.333,46029.08
HLA-B*51:03,KIKSKEVTGM,41.917,71.842,45431.88
HLA-B*51:03,IKSKEVTGML,20.528,23.554,37665.73
HLA-B*51:03,KSKEVTGMLV,15.616,11.502,32433.39
HLA-B*51:03,SKEVTGMLVS,67.273,57.052,43864.89
HLA-B*51:03,KEVTGMLVSF,28.796,28.751,39108.02
HLA-B*51:03,EVTGMLVSFA,27.833,19.085,36143.4
HLA-B*51:03,VTGMLVSFAS,73.571,25.484,38237.31
HLA-B*51:03,TGMLVSFAST,57.25,15.299,34535.83
HLA-B*51:03,GMLVSFASTD,97.5,72.808,45522.91
HLA-B*51:03,MLVSFASTDD,95.0,58.84,44077.57
HLA-B*51:03,LVSFASTDDN,97.5,77.198,45927.11
HLA-B*51:03,VSFASTDDNK,72.143,64.064,44660.83
HLA-B*51:03,SFASTDDNKG,88.333,83.215,46473.46
HLA-B*51:03,FASTDDNKGL,14.844,23.374,37608.71
HLA-B*51:03,ASTDDNKGLD,75.833,93.294,47488.02
HLA-B*51:03,STDDNKGLDM,30.432,43.848,42070.63
HLA-B*51:03,TDDNKGLDMC,59.5,82.207,46381.03
HLA-B*51:03,DDNKGLDMCQ,74.286,85.2,46656.85
HLA-B*51:03,DNKGLDMCQY,26.683,36.582,40815.65
HLA-B*51:03,NKGLDMCQYL,33.25,20.206,36558.74
HLA-B*51:03,KGLDMCQYLR,64.286,60.901,44314.28
HLA-B*51:03,GLDMCQYLRV,53.333,19.45,36279.36
HLA-B*51:03,LDMCQYLRVS,75.0,27.462,38773.48
HLA-B*51:03,DMCQYLRVSQ,59.5,60.176,44235.22
HLA-B*51:03,MCQYLRVSQS,51.296,31.203,39690.33
HLA-B*51:03,CQYLRVSQSL,20.715,7.087,28772.31
HLA-B*51:03,QYLRVSQSLP,55.75,44.0,42093.86
HLA-B*51:03,YLRVSQSLPD,88.333,47.786,42667.49
HLA-B*51:03,LRVSQSLPDP,70.714,60.404,44260.13
HLA-B*51:03,RVSQSLPDPD,97.5,79.286,46114.83
HLA-B*51:03,VSQSLPDPDE,88.333,85.842,46718.48
HLA-B*51:03,SQSLPDPDEG,72.857,73.069,45547.52
HLA-B*51:03,QSLPDPDEGV,12.039,21.843,37123.15
HLA-B*51:03,SLPDPDEGVW,11.959,23.022,37497.79
HLA-B*51:03,LPDPDEGVWC,13.857,15.894,34815.34
HLA-B*51:03,PDPDEGVWCE,82.5,88.126,46938.37
HLA-B*51:03,DPDEGVWCEN,40.625,34.243,40347.16
HLA-B*51:03,PDEGVWCENA,91.667,73.079,45548.52
HLA-B*51:03,DEGVWCENAK,54.815,44.552,42181.39
HLA-B*51:03,EGVWCENAKI,13.738,3.328,22908.45
HLA-B*51:03,GVWCENAKIL,35.292,37.581,41006.88
HLA-B*51:03,VWCENAKILE,91.667,88.232,46948.54
HLA-B*51:03,WCENAKILEN,93.333,70.037,45262.11
HLA-B*51:03,CENAKILENT,77.5,52.505,43300.46
HLA-B*51:03,ENAKILENTE,36.667,64.521,44711.12
HLA-B*51:03,NAKILENTEV,6.162,3.961,24233.77
HLA-B*51:03,AKILENTEVF,29.659,40.83,41584.6
HLA-B*51:03,KILENTEVFE,63.571,77.519,45955.94
HLA-B*51:03,ILENTEVFER,71.429,81.643,46329.37
HLA-B*51:03,LENTEVFERA,35.0,29.005,39171.55
HLA-B*51:03,ENTEVFERAG,70.0,58.684,44058.98
HLA-B*51:03,NTEVFERAGN,97.5,80.203,46197.73
HLA-B*51:03,TEVFERAGNL,16.951,13.588,33680.43
HLA-B*51:03,EVFERAGNLI,1.558,1.215,15620.14
HLA-B*51:03,VFERAGNLIP,60.714,46.652,42499.34
HLA-B*51:03,FERAGNLIPC,44.818,31.719,39808.17
HLA-B*51:03,ERAGNLIPCG,75.833,56.98,43856.35
HLA-B*51:03,RAGNLIPCGD,97.5,72.39,45483.5
HLA-B*51:03,AGNLIPCGDF,63.929,41.318,41664.76
HLA-B*51:03,GNLIPCGDFL,56.75,39.293,41321.3
HLA-B*51:03,NLIPCGDFLD,58.75,41.796,41741.92
HLA-B*51:03,LIPCGDFLDL,11.94,4.885,25868.98
HLA-B*51:03,IPCGDFLDLK,22.57,16.516,35095.59
HLA-B*51:03,PCGDFLDLKR,93.333,95.67,47984.36
HLA-B*51:03,CGDFLDLKRA,60.714,29.671,39330.8
HLA-B*51:03,GDFLDLKRAR,68.182,85.579,46693.21
HLA-B*51:03,DFLDLKRARA,28.469,28.429,39027.7
HLA-B*51:03,FLDLKRARAT,62.143,49.024,42845.15
HLA-B*51:03,LDLKRARATE,82.5,79.945,46174.23
HLA-B*51:03,DLKRARATED,85.0,83.932,46539.38
HLA-B*51:03,LKRARATEDN,100.0,95.86,48071.15
HLA-B*51:03,KRARATEDNF,51.296,56.496,43798.97
HLA-B*51:03,RARATEDNFG,75.833,56.876,43844.02
HLA-B*51:03,ARATEDNFGT,83.75,89.842,47104.21
HLA-B*51:03,RATEDNFGTG,78.333,53.822,43469.93
HLA-B*51:03,ATEDNFGTGR,60.0,85.684,46703.3
HLA-B*51:03,TEDNFGTGRN,83.75,76.589,45872.47
HLA-B*51:03,EDNFGTGRND,82.5,77.863,45986.77
HLA-B*51:03,DNFGTGRNDR,43.818,73.053,45546.05
HLA-B*51:03,NFGTGRNDRP,86.667,87.547,46882.55
HLA-B*51:03,FGTGRNDRPS,95.0,77.326,45938.52
HLA-B*51:03,GTGRNDRPSL,48.375,73.617,45599.31
HLA-B*51:03,TGRNDRPSLN,67.273,85.379,46674.0
HLA-B*51:03,GRNDRPSLNH,56.25,95.791,48039.95
HLA-B*51:03,RNDRPSLNHK,71.429,90.435,47167.99
HLA-B*51:03,NDRPSLNHKY,26.033,52.626,43315.93
HLA-B*51:03,DRPSLNHKYW,5.273,5.744,27096.87
HLA-B*51:03,RPSLNHKYWA,24.662,13.546,33657.48
HLA-B*51:03,PSLNHKYWAI,45.9,17.227,35406.82
HLA-B*51:03,SLNHKYWAIK,62.5,48.185,42725.7
HLA-B*51:03,LNHKYWAIKD,97.5,73.883,45624.49
HLA-B*51:03,NHKYWAIKDG,91.667,60.097,44226.6
HLA-B*51:03,HKYWAIKDGD,97.5,83.406,46491.05
HLA-B*51:03,KYWAIKDGDP,86.667,78.948,46084.39
HLA-B*51:03,YWAIKDGDPT,65.909,44.184,42123.03
HLA-B*51:03,WAIKDGDPTG,44.091,32.946,40078.7
HLA-B*51:03,AIKDGDPTGE,88.333,96.934,48564.14
HLA-B*51:03,IKDGDPTGEI,18.195,31.61,39783.2
HLA-B*51:03,KDGDPTGEIT,63.214,82.558,46413.16
HLA-B*51:03,DGDPTGEITE,41.667,74.87,45717.89
HLA-B*51:03,GDPTGEITEQ,67.273,94.881,47666.65
HLA-B*51:03,DPTGEITEQV,0.264,0.767,12635.02
HLA-B*51:03,PTGEITEQVD,86.667,92.187,47363.84
HLA-B*51:03,TGEITEQVDN,93.333,89.653,47085.87
HLA-B*51:03,GEITEQVDND,97.5,95.553,47931.45
HLA-B*51:03,EITEQVDNDT,78.333,84.031,46548.45
HLA-B*51:03,ITEQVDNDTM,30.73,31.795,39825.4
HLA-B*51:03,TEQVDNDTMT,57.75,69.07,45166.21
HLA-B*51:03,EQVDNDTMTP,19.777,37.253,40944.81
HLA-B*51:03,QVDNDTMTPV,23.379,19.991,36481.68
HLA-B*51:03,VDNDTMTPVL,14.389,20.67,36724.86
HLA-B*51:03,DNDTMTPVLL,6.793,9.041,30631.79
HLA-B*51:03,NDTMTPVLLY,17.72,10.655,31850.56
HLA-B*51:03,DTMTPVLLYS,16.667,7.48,29207.35
HLA-B*51:03,TMTPVLLYSP,40.75,24.053,37822.54
HLA-B*51:03,MTPVLLYSPQ,60.0,14.721,34259.3
HLA-B*51:03,TPVLLYSPQS,25.478,11.336,32323.03
HLA-B*51:03,PVLLYSPQSA,62.5,53.078,43374.07
HLA-B*51:03,VLLYSPQSAL,12.787,15.72,34733.33
HLA-B*51:03,LLYSPQSALS,26.483,23.924,37782.87
HLA-B*51:03,LYSPQSALSG,75.0,46.213,42435.0
HLA-B*51:03,YSPQSALSGI,1.91,0.514,10531.2
HLA-B*51:03,SPQSALSGIG,20.171,10.024,31396.85
HLA-B*51:03,PQSALSGIGL,51.296,47.594,42638.88
HLA-B*51:03,QSALSGIGLF,16.676,10.59,31803.72
HLA-B*51:03,SALSGIGLFR,32.839,27.88,38888.18
HLA-B*51:03,ALSGIGLFRE,88.333,87.237,46852.63
HLA-B*51:03,LSGIGLFRED,91.667,52.958,43358.61
HLA-B*51:03,SGIGLFREDT,61.786,55.068,43630.13
HLA-B*51:03,GIGLFREDTR,90.0,94.799,47657.37
HLA-B*51:03,IGLFREDTRC,50.0,52.203,43261.6
HLA-B*51:03,GLFREDTRCE,85.0,92.813,47434.11
HLA-B*51:03,LFREDTRCEE,95.0,91.281,47262.48
HLA-B*51:03,FREDTRCEEM,33.857,31.74,39812.89
HLA-B*51:03,REDTRCEEMV,42.0,47.511,42626.43
HLA-B*51:03,EDTRCEEMVR,72.857,75.299,45756.97
HLA-B*51:03,DTRCEEMVRW,18.037,11.572,32479.4
HLA-B*51:03,TRCEEMVRWA,59.5,56.472,43796.14
HLA-B*51:03,RCEEMVRWAL,44.727,34.679,40437.19
HLA-B*51:03,CEEMVRWALI,33.821,4.283,24848.43
HLA-B*51:03,EEMVRWALIS,41.667,14.73,34263.76
HLA-B*51:03,EMVRWALISF,22.97,8.651,30293.3
HLA-B*51:03,MVRWALISFG,50.185,13.972,33891.74
HLA-B*51:03,VRWALISFGI,39.471,10.532,31761.76
HLA-B*51:03,RWALISFGID,95.0,50.434,43035.18
HLA-B*51:03,WALISFGIDL,23.241,4.472,25213.51
HLA-B*51:03,ALISFGIDLG,80.0,59.88,44201.74
HLA-B*51:03,LISFGIDLGG,71.429,30.87,39613.54
HLA-B*51:03,ISFGIDLGGR,37.368,45.755,42366.64
HLA-B*51:03,SFGIDLGGRS,71.429,74.515,45684.26
HLA-B*51:03,FGIDLGGRSM,13.348,11.286,32289.84
HLA-B*51:03,GIDLGGRSMR,74.286,93.564,47518.34
HLA-B*51:03,IDLGGRSMRT,70.0,77.564,45959.91
HLA-B*51:03,DLGGRSMRTR,52.037,79.69,46151.25
HLA-B*51:03,LGGRSMRTRL,38.944,37.995,41085.48
HLA-B*51:03,GGRSMRTRLP,82.5,75.836,45805.01
HLA-B*51:03,GRSMRTRLPY,68.636,39.149,41296.29
HLA-B*51:03,RSMRTRLPYI,16.876,3.38,23033.72
HLA-B*51:03,SMRTRLPYIR,54.074,39.111,41289.58
HLA-B*51:03,MRTRLPYIRP,49.0,30.686,39570.26
HLA-B*51:03,RTRLPYIRPS,79.167,53.618,43443.58
HLA-B*51:03,TRLPYIRPSF,20.854,24.206,37867.59
HLA-B*51:03,RLPYIRPSFG,39.824,14.536,34168.61
HLA-B*51:03,LPYIRPSFGG,21.728,2.905,21885.98
HLA-B*51:03,PYIRPSFGGM,63.929,42.951,41932.95
HLA-B*51:03,YIRPSFGGMQ,67.727,55.108,43634.86
HLA-B*51:03,IRPSFGGMQG,38.5,19.693,36370.14
HLA-B*51:03,RPSFGGMQGA,13.341,11.096,32164.66
HLA-B*51:03,PSFGGMQGAE,86.667,86.711,46801.96
HLA-B*51:03,SFGGMQGAET,83.75,80.548,46229.23
HLA-B*51:03,FGGMQGAETS,63.571,52.352,43280.8
HLA-B*51:03,GGMQGAETSN,95.0,93.518,47513.2
HLA-B*51:03,GMQGAETSNY,58.0,72.557,45499.26
HLA-B*51:03,MQGAETSNYE,61.786,52.279,43271.42
HLA-B*51:03,QGAETSNYEL,17.332,27.808,38868.42
HLA-B*51:03,GAETSNYELC,63.571,63.484,44597.11
HLA-B*51:03,AETSNYELCP,72.857,55.604,43693.43
HLA-B*51:03,ETSNYELCPV,36.048,8.023,29732.19
HLA-B*51:03,TSNYELCPVS,46.667,29.963,39400.64
HLA-B*51:03,SNYELCPVSV,5.915,4.86,25828.42
HLA-B*51:03,NYELCPVSVI,14.347,3.706,23726.03
HLA-B*51:03,YELCPVSVIG,36.762,12.717,33190.25
HLA-B*51:03,ELCPVSVIGR,47.625,66.363,44898.24
HLA-B*51:03,LCPVSVIGRL,3.169,1.623,17621.23
HLA-B*51:03,CPVSVIGRLQ,26.2,7.577,29303.27
HLA-B*51:03,PVSVIGRLQL,40.812,44.523,42176.85
HLA-B*51:03,VSVIGRLQLI,13.183,5.622,26933.46
HLA-B*51:03,SVIGRLQLIA,28.204,20.176,36548.06
HLA-B*51:03,VIGRLQLIAV,28.98,12.378,32988.7
HLA-B*51:03,IGRLQLIAVD,69.091,39.961,41437.73
HLA-B*51:03,GRLQLIAVDA,76.667,67.702,45030.56
HLA-B*51:03,RLQLIAVDAW,41.417,32.544,39990.76
HLA-B*51:03,LQLIAVDAWI,38.444,6.67,28279.73
HLA-B*51:03,QLIAVDAWIR,74.286,46.05,42411.12
HLA-B*51:03,LIAVDAWIRD,91.667,57.66,43937.11
HLA-B*51:03,IAVDAWIRDI,7.073,1.959,19086.41
HLA-B*51:03,AVDAWIRDIS,82.5,69.38,45197.01
HLA-B*51:03,VDAWIRDISP,37.0,18.21,35809.81
HLA-B*51:03,DAWIRDISPC,9.929,4.117,24532.93
HLA-B*51:03,AWIRDISPCT,79.167,65.896,44852.11
HLA-B*51:03,WIRDISPCTY,36.238,22.926,37467.36
HLA-B*51:03,IRDISPCTYT,65.0,54.037,43497.69
HLA-B*51:03,RDISPCTYTS,76.667,60.756,44298.45
HLA-B*51:03,DISPCTYTSI,3.194,1.156,15270.38
HLA-B*51:03,ISPCTYTSIA,26.467,6.454,28018.1
HLA-B*51:03,SPCTYTSIAD,60.357,23.318,37591.2
HLA-B*51:03,PCTYTSIADP,93.333,72.74,45516.48
HLA-B*51:03,CTYTSIADPA,66.818,10.812,31964.82
HLA-B*51:03,TYTSIADPAL,27.315,25.285,38181.5
HLA-B*51:03,YTSIADPALV,15.183,4.687,25558.22
HLA-B*51:03,TSIADPALVQ,37.789,32.317,39941.48
HLA-B*51:03,SIADPALVQS,33.429,54.723,43586.25
HLA-B*51:03,IADPALVQSF,2.642,5.52,26797.44
HLA-B*51:03,ADPALVQSFP,24.636,10.843,31987.65
HLA-B*51:03,DPALVQSFPG,26.417,4.052,24408.76
HLA-B*51:03,PALVQSFPGA,57.0,31.277,39707.07
HLA-B*51:03,ALVQSFPGAF,35.583,27.716,38843.19
HLA-B*51:03,LVQSFPGAFV,16.173,5.515,26789.89
HLA-B*51:03,VQSFPGAFVL,7.665,4.106,24511.19
HLA-B*51:03,QSFPGAFVLH,17.813,17.931,35701.11
HLA-B*51:03,SFPGAFVLHA,12.81,5.054,26128.06
HLA-B*51:03,FPGAFVLHAP,8.788,1.712,18026.39
HLA-B*51:03,PGAFVLHAPL,38.611,14.746,34271.54
HLA-B*51:03,GAFVLHAPLL,13.202,7.586,29312.46
HLA-B*51:03,AFVLHAPLLG,82.5,47.489,42623.21
HLA-B*51:03,FVLHAPLLGL,16.244,6.792,28426.67
HLA-B*51:03,VLHAPLLGLE,64.643,53.687,43452.52
HLA-B*51:03,LHAPLLGLEL,13.128,6.858,28505.52
HLA-B*51:03,HAPLLGLELA,7.724,4.975,26010.99
HLA-B*51:03,APLLGLELAF,6.785,6.094,27560.79
HLA-B*51:03,PLLGLELAFP,85.0,70.386,45294.93
HLA-B*51:03,LLGLELAFPS,91.667,37.461,40984.25
HLA-B*51:03,LGLELAFPSR,38.5,42.044,41782.13
HLA-B*51:03,GLELAFPSRL,37.368,36.211,40743.72
HLA-B*51:03,LELAFPSRLR,46.0,39.116,41290.48
HLA-B*51:03,ELAFPSRLRV,0.531,0.553,10874.88
HLA-B*51:03,LAFPSRLRVS,9.814,5.391,26612.21
HLA-B*51:03,AFPSRLRVSE,52.407,46.395,42461.64
HLA-B*51:03,FPSRLRVSEP,9.278,3.666,23648.38
HLA-B*51:03,PSRLRVSEPT,93.333,74.676,45699.58
HLA-B*51:03,SRLRVSEPTV,33.357,21.569,37032.09
HLA-B*51:03,RLRVSEPTVL,25.418,39.702,41392.46
HLA-B*51:03,LRVSEPTVLF,13.383,14.692,34244.85
HLA-B*51:03,RVSEPTVLFL,15.019,16.646,35153.74
HLA-B*51:03,VSEPTVLFLN,33.107,30.754,39586.11
HLA-B*51:03,SEPTVLFLNV,3.824,0.631,11546.3
HLA-B*51:03,EPTVLFLNVL,1.519,0.582,11136.61
HLA-B*51:03,PTVLFLNVLA,73.571,37.906,41068.6
HLA-B*51:03,TVLFLNVLAS,57.5,31.983,39868.5
HLA-B*51:03,VLFLNVLASA,42.231,21.257,36928.47
HLA-B*51:03,LFLNVLASAR,82.5,56.488,43798.04
HLA-B*51:03,FLNVLASARY,41.5,20.443,36643.48
HLA-B*51:03,LNVLASARYP,75.833,35.26,40555.5
HLA-B*51:03,NVLASARYPH,72.857,60.237,44241.92
HLA-B*51:03,VLASARYPHF,21.719,11.278,32284.95
HLA-B*51:03,LASARYPHFV,7.072,1.863,18673.37
HLA-B*51:03,ASARYPHFVL,19.459,13.061,33393.06
HLA-B*51:03,SARYPHFVLE,21.193,19.448,36278.57
HLA-B*51:03,ARYPHFVLET,36.524,45.555,42336.41
HLA-B*51:03,RYPHFVLETC,19.899,10.217,31535.41
HLA-B*51:03,YPHFVLETCE,17.301,6.662,28270.25
HLA-B*51:03,PHFVLETCEI,48.125,22.036,37186.67
HLA-B*51:03,HFVLETCEIN,75.0,54.438,43549.48
HLA-B*51:03,FVLETCEINE,65.909,59.64,44173.04
HLA-B*51:03,VLETCEINEA,69.545,55.756,43711.41
HLA-B*51:03,LETCEINEAG,82.5,53.29,43401.3
HLA-B*51:03,ETCEINEAGA,31.647,30.266,39471.9
HLA-B*51:03,TCEINEAGAT,62.5,64.67,44727.56
HLA-B*51:03,CEINEAGATR,54.63,54.179,43516.04
HLA-B*51:03,EINEAGATRR,58.0,82.886,46443.29
HLA-B*51:03,INEAGATRRF,26.867,40.851,41588.2
HLA-B*51:03,NEAGATRRFS,49.571,55.212,43647.12
HLA-B*51:03,EAGATRRFSL,13.247,13.123,33426.67
HLA-B*51:03,AGATRRFSLE,75.833,74.551,45687.71
HLA-B*51:03,GATRRFSLEY,41.333,37.693,41028.18
HLA-B*51:03,ATRRFSLEYF,40.938,28.859,39135.11
HLA-B*51:03,TRRFSLEYFK,79.167,65.517,44814.75
HLA-B*51:03,RRFSLEYFKR,66.818,73.982,45633.85
HLA-B*51:03,RFSLEYFKRD,95.0,74.593,45691.66
HLA-B*51:03,FSLEYFKRDF,22.75,9.738,31190.66
HLA-B*51:03,SLEYFKRDFR,67.727,57.66,43937.11
HLA-B*51:03,LEYFKRDFRL,22.29,10.118,31464.53
HLA-B*51:03,EYFKRDFRLI,18.543,7.154,28846.49
HLA-B*51:03,YFKRDFRLIT,68.636,48.782,42810.84
HLA-B*51:03,FKRDFRLITL,21.763,18.283,35837.72
HLA-B*51:03,KRDFRLITLL,37.632,27.569,38802.85
HLA-B*51:03,RDFRLITLLM,32.323,16.587,35127.5
HLA-B*51:03,DFRLITLLME,54.259,38.283,41138.42
HLA-B*51:03,FRLITLLMEM,40.375,17.102,35355.14
HLA-B*51:03,RLITLLMEMG,83.75,52.859,43345.94
HLA-B*51:03,LITLLMEMGV,44.182,10.457,31707.51
HLA-B*51:03,ITLLMEMGVG,90.0,31.67,39796.95
HLA-B*51:03,TLLMEMGVGA,48.5,32.78,40042.3
HLA-B*51:03,LLMEMGVGAC,69.545,40.824,41583.69
HLA-B*51:03,LMEMGVGACV,28.857,5.861,27253.88
HLA-B*51:03,MEMGVGACVL,16.04,3.883,24076.96
HLA-B*51:03,EMGVGACVLL,23.483,12.926,33315.47
HLA-B*51:03,MGVGACVLLT,61.786,16.419,35052.32
HLA-B*51:03,GVGACVLLTS,95.0,65.497,44812.82
HLA-B*51:03,VGACVLLTSG,86.667,38.818,41236.91
HLA-B*51:03,GACVLLTSGD,100.0,83.598,46508.66
HLA-B*51:03,ACVLLTSGDL,64.286,48.347,42748.82
HLA-B*51:03,CVLLTSGDLS,88.333,47.282,42592.33
HLA-B*51:03,VLLTSGDLSE,85.0,85.389,46675.03
HLA-B*51:03,LLTSGDLSET,79.167,71.769,45424.99
HLA-B*51:03,LTSGDLSETN,88.333,70.783,45332.2
HLA-B*51:03,TSGDLSETND,93.333,85.616,46696.73
HLA-B*51:03,SGDLSETNDA,41.167,52.772,43334.68
HLA-B*51:03,GDLSETNDAY,59.25,73.403,45579.08
HLA-B*51:03,DLSETNDAYS,61.786,59.528,44159.68
HLA-B*51:03,LSETNDAYSR,65.909,74.551,45687.71
HLA-B*51:03,SETNDAYSRI,9.862,11.476,32416.2
HLA-B*51:03,ETNDAYSRIS,35.875,39.817,41412.62
HLA-B*51:03,TNDAYSRISD,95.0,83.237,46475.46
HLA-B*51:03,NDAYSRISDA,19.243,12.516,33070.88
HLA-B*51:03,DAYSRISDAP,4.505,2.986,22101.59
HLA-B*51:03,AYSRISDAPL,51.852,27.248,38715.22
HLA-B*51:03,YSRISDAPLA,25.328,8.422,30091.74
HLA-B*51:03,SRISDAPLAA,28.898,38.729,41220.4
HLA-B*51:03,RISDAPLAAW,25.896,32.937,40076.53
HLA-B*51:03,ISDAPLAAWA,28.551,17.072,35342.53
HLA-B*51:03,SDAPLAAWAF,11.915,8.574,30225.86
HLA-B*51:03,DAPLAAWAFN,19.939,8.448,30115.19
HLA-B*51:03,APLAAWAFNA,16.982,5.754,27109.77
HLA-B*51:03,PLAAWAFNAN,100.0,71.002,45352.81
HLA-B*51:03,LAAWAFNANQ,62.5,37.59,41008.66
HLA-B*51:03,AAWAFNANQS,50.741,32.405,39960.49
HLA-B*51:03,AWAFNANQSE,57.5,65.34,44797.3
HLA-B*51:03,WAFNANQSEG,61.429,17.053,35334.88
HLA-B*51:03,AFNANQSEGK,68.182,94.177,47587.29
HLA-B*51:03,FNANQSEGKI,12.694,7.573,29299.15
HLA-B*51:03,NANQSEGKIG,46.889,48.104,42714.16
HLA-B*51:03,ANQSEGKIGN,93.333,96.405,48320.93
HLA-B*51:03,NQSEGKIGNV,19.426,24.269,37886.03
HLA-B*51:03,QSEGKIGNVL,19.041,35.945,40691.76
HLA-B*51:03,SEGKIGNVLR,36.524,63.141,44559.48
HLA-B*51:03,EGKIGNVLRA,23.805,22.109,37209.63
HLA-B*51:03,GKIGNVLRAA,43.455,67.047,44965.82
HLA-B*51:03,KIGNVLRAAD,97.5,91.258,47259.91
HLA-B*51:03,IGNVLRAADH,85.0,84.02,46547.42
HLA-B*51:03,GNVLRAADHE,97.5,95.736,48014.48
HLA-B*51:03,NVLRAADHEA,35.208,30.568,39542.45
HLA-B*51:03,VLRAADHEAV,40.75,26.79,38591.43
HLA-B*51:03,LRAADHEAVE,65.0,73.085,45549.02
HLA-B*51:03,RAADHEAVEY,20.358,39.789,41407.68
HLA-B*51:03,AADHEAVEYN,61.786,67.51,45011.57
HLA-B*51:03,ADHEAVEYNS,72.857,85.042,46641.72
HLA-B*51:03,DHEAVEYNSC,34.077,44.537,42179.11
HLA-B*51:03,HEAVEYNSCV,13.538,7.267,28970.68
HLA-B*51:03,EAVEYNSCVT,25.91,14.901,34347.66
HLA-B*51:03,AVEYNSCVTE,70.714,74.65,45697.11
HLA-B*51:03,VEYNSCVTEV,6.871,7.448,29171.98
HLA-B*51:03,EYNSCVTEVR,39.353,50.711,43070.57
HLA-B*51:03,YNSCVTEVRY,37.211,24.28,37889.3
HLA-B*51:03,NSCVTEVRYQ,66.364,71.086,45360.65
HLA-B*51:03,SCVTEVRYQA,37.789,39.154,41297.2
HLA-B*51:03,CVTEVRYQAY,43.091,28.392,39018.41
HLA-B*51:03,VTEVRYQAYL,30.973,17.738,35620.46
HLA-B*51:03,TEVRYQAYLY,25.119,17.127,35365.47
HLA-B*51:03,EVRYQAYLYI,8.574,1.772,18276.0
HLA-B*51:03,VRYQAYLYIL,27.741,13.318,33533.18
HLA-B*51:03,RYQAYLYILP,75.0,37.311,40955.88
HLA-B*51:03,YQAYLYILPS,54.815,10.093,31446.48
HLA-B*51:03,QAYLYILPSG,47.0,13.335,33542.24
HLA-B*51:03,AYLYILPSGE,80.0,77.741,45975.83
HLA-B*51:03,YLYILPSGEL,14.831,6.766,28394.71
HLA-B*51:03,LYILPSGELP,44.818,30.044,39419.83
HLA-B*51:03,YILPSGELPS,50.556,40.309,41496.49
HLA-B*51:03,ILPSGELPSE,39.0,54.902,43609.37
HLA-B*51:03,LPSGELPSEP,11.451,10.961,32073.25
HLA-B*51:03,PSGELPSEPG,97.5,89.005,47023.27
HLA-B*51:03,SGELPSEPGN,82.5,84.578,46598.84
HLA-B*51:03,GELPSEPGNV,29.932,41.483,41691.37
HLA-B*51:03,ELPSEPGNVF,1.15,4.328,24933.81
HLA-B*51:03,LPSEPGNVFI,0.18,0.143,4960.1
HLA-B*51:03,PSEPGNVFIT,72.857,75.332,45759.95
HLA-B*51:03,SEPGNVFITA,8.368,6.816,28455.59
HLA-B*51:03,EPGNVFITAE,22.0,15.216,34496.99
HLA-B*51:03,PGNVFITAEL,47.75,42.965,41935.22
HLA-B*51:03,GNVFITAELK,75.0,63.902,44642.95
HLA-B*51:03,NVFITAELKK,49.0,45.07,42263.16
HLA-B*51:03,VFITAELKKH,74.286,90.746,47202.68
HLA-B*51:03,FITAELKKHN,90.0,82.377,46396.58
HLA-B*51:03,ITAELKKHNN,88.333,86.537,46785.24
HLA-B*51:03,TAELKKHNNF,19.541,25.009,38104.31
HLA-B*51:03,AELKKHNNFY,39.588,57.028,43862.06
HLA-B*51:03,ELKKHNNFYI,22.75,15.363,34566.11
HLA-B*51:03,LKKHNNFYIS,86.667,67.569,45017.41
HLA-B*51:03,KKHNNFYISL,43.545,38.978,41266.37
HLA-B*51:03,KHNNFYISLG,72.143,48.357,42750.2
HLA-B*51:03,HNNFYISLGK,68.182,52.192,43260.18
HLA-B*51:03,NNFYISLGKL,18.463,7.444,29167.88
HLA-B*51:03,NFYISLGKLT,62.857,42.401,41841.4
HLA-B*51:03,FYISLGKLTS,60.714,42.259,41817.88
HLA-B*51:03,YISLGKLTSC,33.357,38.274,41136.64
HLA-B*51:03,ISLGKLTSCG,70.0,49.296,42882.72
HLA-B*51:03,SLGKLTSCGK,66.818,74.139,45648.68
HLA-B*51:03,LGKLTSCGKV,41.25,13.886,33844.45
HLA-B*51:03,GKLTSCGKVA,75.833,77.436,45948.47
HLA-B*51:03,KLTSCGKVAL,48.25,49.754,42945.84
HLA-B*51:03,LTSCGKVALS,76.667,46.113,42420.31
HLA-B*51:03,TSCGKVALSF,19.858,15.177,34479.09
HLA-B*51:03,SCGKVALSFP,59.75,47.882,42681.8
HLA-B*51:03,CGKVALSFPV,61.071,5.651,26971.37
HLA-B*51:03,GKVALSFPVY,61.429,52.516,43301.85
HLA-B*51:03,KVALSFPVYS,64.286,46.618,42494.27
HLA-B*51:03,VALSFPVYSF,7.138,2.782,21561.63
HLA-B*51:03,ALSFPVYSFT,46.444,30.142,39442.87
HLA-B*51:03,LSFPVYSFTL,4.459,1.071,14766.38
HLA-B*51:03,SFPVYSFTLE,32.097,18.945,36090.65
HLA-B*51:03,FPVYSFTLED,26.567,1.846,18596.76
HLA-B*51:03,PVYSFTLEDK,86.667,77.375,45942.99
HLA-B*51:03,VYSFTLEDKE,77.5,76.545,45868.5
HLA-B*51:03,YSFTLEDKEV,10.561,3.708,23731.17
HLA-B*51:03,SFTLEDKEVA,42.462,50.179,43002.58
HLA-B*51:03,FTLEDKEVAA,15.213,20.525,36672.84
HLA-B*51:03,TLEDKEVAAW,19.736,38.293,41140.2
HLA-B*51:03,LEDKEVAAWG,44.727,44.945,42243.98
HLA-B*51:03,EDKEVAAWGV,21.623,19.405,36262.48
HLA-B*51:03,DKEVAAWGVS,76.667,49.603,42924.94
HLA-B*51:03,KEVAAWGVSC,57.75,55.544,43686.33
HLA-B*51:03,EVAAWGVSCL,14.143,9.806,31239.61
HLA-B*51:03,VAAWGVSCLG,31.471,14.741,34268.95
HLA-B*51:03,AAWGVSCLGA,32.0,10.352,31631.79
HLA-B*51:03,AWGVSCLGAR,88.333,82.508,46408.64
HLA-B*51:03,WGVSCLGARG,95.0,42.248,41816.04
HLA-B*51:03,GVSCLGARGS,97.5,89.158,47038.01
HLA-B*51:03,VSCLGARGSK,71.429,76.75,45886.88
HLA-B*51:03,SCLGARGSKS,82.5,88.579,46982.07
HLA-B*51:03,CLGARGSKSG,97.5,85.358,46671.99
HLA-B*51:03,LGARGSKSGM,31.559,39.517,41360.23
HLA-B*51:03,GARGSKSGME,81.25,95.156,47750.8
HLA-B*51:03,ARGSKSGMEG,86.667,86.889,46819.16
HLA-B*51:03,RGSKSGMEGL,37.474,54.241,43524.04
HLA-B*51:03,GSKSGMEGLL,42.0,51.112,43121.86
HLA-B*51:03,SKSGMEGLLE,82.5,79.291,46115.31
HLA-B*51:03,KSGMEGLLEI,13.156,8.418,30087.51
HLA-B*51:03,SGMEGLLEIG,27.815,25.321,38191.4
HLA-B*51:03,GMEGLLEIGS,95.0,80.893,46260.73
HLA-B*51:03,MEGLLEIGSK,44.273,42.15,41799.75
HLA-B*51:03,EGLLEIGSKN,65.455,65.182,44781.79
HLA-B*51:03,GLLEIGSKNP,69.545,79.612,46144.25
HLA-B*51:03,LLEIGSKNPP,63.929,55.212,43647.12
HLA-B*51:03,LEIGSKNPPF,27.5,21.456,36994.45
HLA-B*51:03,EIGSKNPPFV,18.463,15.845,34792.38
HLA-B*51:03,IGSKNPPFVR,44.909,55.448,43675.0
HLA-B*51:03,GSKNPPFVRN,86.667,90.819,47210.87
HLA-B*51:03,SKNPPFVRNT,45.3,69.97,45255.75
HLA-B*51:03,KNPPFVRNTK,32.129,52.294,43273.29
HLA-B*51:03,NPPFVRNTKH,18.366,36.15,40731.82
HLA-B*51:03,PPFVRNTKHR,42.308,76.368,45852.62
HLA-B*51:03,PFVRNTKHRS,97.5,95.529,47920.57
HLA-B*51:03,FVRNTKHRST,50.741,55.536,43685.4
HLA-B*51:03,VRNTKHRSTE,86.667,95.693,47995.29
HLA-B*51:03,RNTKHRSTEL,39.0,56.432,43791.4
HLA-B*51:03,NTKHRSTELS,55.25,62.522,44491.54
HLA-B*51:03,TKHRSTELSS,59.0,70.819,45335.61
HLA-B*51:03,KHRSTELSSD,93.333,85.611,46696.25
HLA-B*51:03,HRSTELSSDT,79.167,85.963,46730.11
HLA-B*51:03,RSTELSSDTA,30.892,38.395,41158.91
HLA-B*51:03,STELSSDTAV,22.04,15.979,34855.67
HLA-B*51:03,TELSSDTAVD,63.929,52.998,43363.75
HLA-B*51:03,ELSSDTAVDF,19.669,26.758,38583.06
HLA-B*51:03,LSSDTAVDFR,48.625,54.788,43594.75
HLA-B*51:03,SSDTAVDFRS,77.5,66.777,44939.06
HLA-B*51:03,SDTAVDFRSQ,74.286,81.829,46346.4
HLA-B*51:03,DTAVDFRSQE,30.054,46.288,42446.01
HLA-B*51:03,TAVDFRSQET,24.286,30.772,39590.39
HLA-B*51:03,AVDFRSQETV,17.886,14.235,34021.42
HLA-B*51:03,VDFRSQETVL,23.69,23.825,37751.4
HLA-B*51:03,DFRSQETVLS,55.5,56.124,43754.93
HLA-B*51:03,FRSQETVLSV,6.803,3.505,23334.48
HLA-B*51:03,RSQETVLSVQ,35.833,41.003,41613.84
HLA-B*51:03,SQETVLSVQP,49.286,49.62,42927.27
HLA-B*51:03,QETVLSVQPE,70.714,73.184,45558.39
HLA-B*51:03,ETVLSVQPED,52.222,54.416,43546.64
HLA-B*51:03,TVLSVQPEDD,69.545,78.162,46013.65
HLA-B*51:03,VLSVQPEDDQ,95.0,96.394,48315.72
HLA-B*51:03,LSVQPEDDQG,82.5,76.423,45857.59
HLA-B*51:03,SVQPEDDQGQ,85.0,96.645,48431.37
HLA-B*51:03,VQPEDDQGQA,27.148,43.104,41957.0
HLA-B*51:03,QPEDDQGQAA,9.71,28.827,39127.06
HLA-B*51:03,PEDDQGQAAY,49.714,85.895,46723.55
HLA-B*51:03,EDDQGQAAYI,15.832,18.745,36014.2
HLA-B*51:03,DDQGQAAYIQ,52.778,54.489,43556.08
HLA-B*51:03,DQGQAAYIQL,7.415,10.545,31771.04
HLA-B*51:03,QGQAAYIQLS,55.0,49.909,42967.23
HLA-B*51:03,GQAAYIQLSG,83.75,54.048,43499.09
HLA-B*51:03,QAAYIQLSGK,37.0,40.58,41542.33
HLA-B*51:03,AAYIQLSGKK,55.75,56.468,43795.66
HLA-B*51:03,AYIQLSGKKG,82.5,84.852,46624.04
HLA-B*51:03,YIQLSGKKGE,83.75,89.863,47106.28
HLA-B*51:03,IQLSGKKGEK,72.143,88.947,47017.66
HLA-B*51:03,QLSGKKGEKS,85.0,95.494,47904.5
HLA-B*51:03,LSGKKGEKSS,90.0,93.893,47555.38
HLA-B*51:03,SGKKGEKSSL,32.613,69.557,45214.62
HLA-B*51:03,GKKGEKSSLE,91.667,97.621,48882.54
HLA-B*51:03,KKGEKSSLEE,90.0,96.574,48398.37
HLA-B*51:03,KGEKSSLEEA,52.222,71.921,45439.23
HLA-B*51:03,GEKSSLEEAD,91.667,94.538,47628.0
HLA-B*51:03,EKSSLEEADK,82.5,92.562,47405.89
HLA-B*51:03,KSSLEEADKQ,91.667,96.858,48529.48
HLA-B*51:03,SSLEEADKQE,76.667,90.933,47223.63
HLA-B*51:03,SLEEADKQES,76.667,92.338,47380.76
HLA-B*51:03,LEEADKQESE,71.429,93.541,47515.77
HLA-B*51:03,EEADKQESED,67.273,87.0,46829.82
HLA-B*51:03,EADKQESEDV,9.868,16.108,34913.42
HLA-B*51:03,ADKQESEDVL,38.333,67.594,45019.84
HLA-B*51:03,DKQESEDVLR,56.5,81.446,46311.32
HLA-B*51:03,KQESEDVLRP,52.407,77.763,45977.82
HLA-B*51:03,QESEDVLRPH,40.188,70.986,45351.32
HLA-B*51:03,ESEDVLRPHV,7.658,8.527,30185.66
HLA-B*51:03,SEDVLRPHVG,43.0,46.335,42452.91
HLA-B*51:03,EDVLRPHVGV,11.746,10.242,31552.82
HLA-B*51:03,DVLRPHVGVT,16.138,17.205,35398.01
HLA-B*51:03,VLRPHVGVTI,7.516,6.683,28295.95
HLA-B*51:03,LRPHVGVTIE,31.559,32.623,40008.07
HLA-B*51:03,RPHVGVTIEL,2.722,4.906,25901.75
HLA-B*51:03,PHVGVTIELQ,76.667,82.327,46392.07
HLA-B*51:03,HVGVTIELQR,45.8,72.244,45469.75
HLA-B*51:03,VGVTIELQRA,25.881,35.517,40606.43
HLA-B*51:03,GVTIELQRAD,93.333,91.555,47293.18
HLA-B*51:03,VTIELQRADD,88.333,73.372,45576.11
HLA-B*51:03,TIELQRADDR,81.25,93.545,47516.29
HLA-B*51:03,IELQRADDRL,30.243,34.985,40500.66
HLA-B*51:03,ELQRADDRLV,27.611,23.79,37740.38
HLA-B*51:03,LQRADDRLVE,68.636,69.365,45195.55
HLA-B*51:03,QRADDRLVEV,5.934,15.55,34653.74
HLA-B*51:03,RADDRLVEVG,24.221,46.326,42451.54
HLA-B*51:03,ADDRLVEVGL,36.952,50.354,43024.93
HLA-B*51:03,DDRLVEVGLL,20.098,16.424,35054.22
HLA-B*51:03,DRLVEVGLLI,6.626,2.773,21539.0
HLA-B*51:03,RLVEVGLLIE,55.5,40.564,41539.62
HLA-B*51:03,LVEVGLLIEA,42.538,28.563,39061.08
HLA-B*51:03,VEVGLLIEAL,18.585,21.027,36852.22
HLA-B*51:03,EVGLLIEALI,13.704,2.919,21922.24
HLA-B*51:03,VGLLIEALIV,33.036,7.512,29240.88
HLA-B*51:03,GLLIEALIVP,70.714,66.531,44914.75
HLA-B*51:03,LLIEALIVPF,31.824,15.137,34460.43
HLA-B*51:03,LIEALIVPFI,12.194,4.073,24448.94
HLA-B*51:03,IEALIVPFIQ,31.765,19.7,36372.91
HLA-B*51:03,EALIVPFIQK,18.085,28.344,39006.58
HLA-B*51:03,ALIVPFIQKE,66.364,83.423,46492.58
HLA-B*51:03,LIVPFIQKEG,65.0,52.086,43246.62
HLA-B*51:03,IVPFIQKEGK,37.737,43.711,42049.72
HLA-B*51:03,VPFIQKEGKV,0.848,0.726,12305.01
HLA-B*51:03,PFIQKEGKVS,95.0,95.206,47773.54
HLA-B*51:03,FIQKEGKVSE,57.5,77.896,45989.74
HLA-B*51:03,IQKEGKVSEE,58.25,94.03,47570.8
HLA-B*51:03,QKEGKVSEES,74.286,92.607,47411.02
HLA-B*51:03,KEGKVSEESL,33.286,60.053,44221.84
HLA-B*51:03,EGKVSEESLA,35.75,36.575,40814.34
HLA-B*51:03,GKVSEESLAA,54.63,69.98,45256.71
HLA-B*51:03,KVSEESLAAV,26.467,30.566,39542.02
HLA-B*51:03,VSEESLAAVE,52.407,55.144,43639.11
HLA-B*51:03,SEESLAAVEK,56.5,74.41,45674.36
HLA-B*51:03,EESLAAVEKK,38.778,58.516,44038.96
HLA-B*51:03,ESLAAVEKKG,66.364,56.964,43854.45
HLA-B*51:03,SLAAVEKKGK,75.0,90.576,47183.81
HLA-B*51:03,LAAVEKKGKL,18.659,28.934,39153.75
HLA-B*51:03,AAVEKKGKLK,46.778,79.662,46148.75
HLA-B*51:03,AVEKKGKLKI,28.714,45.264,42292.45
HLA-B*51:03,VEKKGKLKIA,49.143,67.352,44995.98
HLA-B*51:03,EKKGKLKIAG,83.75,93.866,47552.28
HLA-B*51:03,KKGKLKIAGA,75.833,83.56,46505.14
HLA-B*51:03,KGKLKIAGAV,46.111,31.983,39868.5
HLA-B*51:03,GKLKIAGAVL,52.222,53.68,43451.57
HLA-B*51:03,KLKIAGAVLV,36.333,30.239,39465.51
HLA-B*51:03,LKIAGAVLVT,63.214,48.636,42790.0
HLA-B*51:03,KIAGAVLVTD,88.333,70.825,45336.11
HLA-B*51:03,IAGAVLVTDS,59.25,48.0,42699.37
HLA-B*51:03,AGAVLVTDSE,79.167,77.647,45967.35
HLA-B*51:03,GAVLVTDSEV,18.896,12.942,33325.2
HLA-B*51:03,AVLVTDSEVT,68.182,66.383,44900.18
HLA-B*51:03,VLVTDSEVTI,13.435,15.337,34553.77
HLA-B*51:03,LVTDSEVTIS,53.704,51.984,43233.52
HLA-B*51:03,VTDSEVTISS,44.455,52.648,43318.72
HLA-B*51:03,TDSEVTISSP,42.923,44.787,42218.84
HLA-B*51:03,DSEVTISSPN,73.571,38.683,41211.93
HLA-B*51:03,SEVTISSPNV,9.89,8.639,30282.48
HLA-B*51:03,EVTISSPNVG,52.407,42.485,41855.43
HLA-B*51:03,VTISSPNVGL,13.825,18.521,35928.57
HLA-B*51:03,TISSPNVGLH,50.926,60.022,44218.48
HLA-B*51:03,ISSPNVGLHD,72.143,45.552,42335.95
HLA-B*51:03,SSPNVGLHDP,32.871,34.994,40502.44
HLA-B*51:03,SPNVGLHDPV,5.343,1.734,18116.53
HLA-B*51:03,PNVGLHDPVS,95.0,88.247,46950.05
HLA-B*51:03,NVGLHDPVSC,40.625,55.396,43668.86
HLA-B*51:03,VGLHDPVSCQ,73.571,83.91,46537.37
HLA-B*51:03,GLHDPVSCQG,77.5,69.424,45201.41
HLA-B*51:03,LHDPVSCQGG,79.167,55.264,43653.26
HLA-B*51:03,HDPVSCQGGA,42.308,26.013,38385.29
HLA-B*51:03,DPVSCQGGAR,33.893,33.815,40258.64
HLA-B*51:03,PVSCQGGARV,45.7,48.906,42828.46
HLA-B*51:03,VSCQGGARVV,22.89,19.392,36257.78
HLA-B*51:03,SCQGGARVVQ,75.0,85.368,46673.01
HLA-B*51:03,CQGGARVVQI,35.333,19.389,36256.61
HLA-B*51:03,QGGARVVQIN,46.889,73.038,45544.59
HLA-B*51:03,GGARVVQING,93.333,76.75,45886.88
HLA-B*51:03,GARVVQINGR,55.0,82.853,46440.29
HLA-B*51:03,ARVVQINGRG,93.333,88.095,46935.31
HLA-B*51:03,RVVQINGRGA,57.5,56.62,43813.69
HLA-B*51:03,VVQINGRGAS,83.75,78.472,46041.52
HLA-B*51:03,VQINGRGASE,65.909,85.805,46714.93
HLA-B*51:03,QINGRGASET,75.0,84.66,46606.39
HLA-B*51:03,INGRGASETQ,85.0,93.243,47482.38
HLA-B*51:03,NGRGASETQV,20.593,19.531,36309.61
HLA-B*51:03,GRGASETQVA,65.455,80.509,46225.72
HLA-B*51:03,RGASETQVAD,75.833,76.035,45822.85
HLA-B*51:03,GASETQVADI,13.798,16.563,35116.49
HLA-B*51:03,ASETQVADIF,31.794,38.269,41135.74
HLA-B*51:03,SETQVADIFA,33.214,24.727,38021.12
HLA-B*51:03,ETQVADIFAN,78.333,47.127,42569.29
HLA-B*51:03,TQVADIFANG,70.714,41.131,41634.57
HLA-B*51:03,QVADIFANGV,12.062,8.868,30482.36
HLA-B*51:03,VADIFANGVI,10.824,1.824,18495.82
HLA-B*51:03,ADIFANGVIG,77.5,44.457,42166.35
HLA-B*51:03,DIFANGVIGG,52.222,32.615,40006.34
HLA-B*51:03,IFANGVIGGR,56.25,69.272,45186.25
HLA-B*51:03,FANGVIGGRK,32.839,40.0,41444.45
HLA-B*51:03,ANGVIGGRKA,52.222,70.752,45329.24
HLA-B*51:03,NGVIGGRKAP,46.111,59.024,44099.52
HLA-B*51:03,GVIGGRKAPY,50.556,72.364,45481.04
HLA-B*51:03,VIGGRKAPYD,95.0,88.595,46983.59
HLA-B*51:03,IGGRKAPYDV,23.149,29.815,39365.28
HLA-B*51:03,GGRKAPYDVA,58.75,60.83,44306.59
HLA-B*51:03,GRKAPYDVAV,49.429,56.008,43741.21
HLA-B*51:03,RKAPYDVAVE,68.182,75.149,45743.61
HLA-B*51:03,KAPYDVAVER,19.223,46.125,42422.14
HLA-B*51:03,APYDVAVERK,17.767,33.272,40146.4
HLA-B*51:03,PYDVAVERKE,95.0,96.311,48277.57
HLA-B*51:03,YDVAVERKEE,80.0,86.763,46807.03
HLA-B*51:03,DVAVERKEER,38.5,75.083,45737.68
HLA-B*51:03,VAVERKEERS,64.286,80.378,46213.7
HLA-B*51:03,AVERKEERSF,39.471,67.879,45048.11
HLA-B*51:03,VERKEERSFL,31.588,45.579,42340.07
HLA-B*51:03,ERKEERSFLL,26.217,35.7,40642.89
HLA-B*51:03,RKEERSFLLV,39.118,27.475,38777.26
HLA-B*51:03,KEERSFLLVA,44.636,33.135,40118.19
HLA-B*51:03,EERSFLLVAC,23.839,29.517,39293.78
HLA-B*51:03,ERSFLLVACP,52.037,17.298,35436.72
HLA-B*51:03,RSFLLVACPK,69.545,34.786,40459.49
HLA-B*51:03,SFLLVACPKQ,85.0,80.367,46212.72
HLA-B*51:03,FLLVACPKQA,55.75,31.443,39744.89
HLA-B*51:03,LLVACPKQAD,97.5,79.767,46158.24
HLA-B*51:03,LVACPKQADR,61.071,78.117,46009.67
HLA-B*51:03,VACPKQADRL,16.604,19.184,36180.18
HLA-B*51:03,ACPKQADRLE,63.571,77.785,45979.8
HLA-B*51:03,CPKQADRLEA,11.154,5.28,26452.04
HLA-B*51:03,PKQADRLEAL,42.308,75.078,45737.18
HLA-B*51:03,KQADRLEALQ,56.25,82.004,46362.45
HLA-B*51:03,QADRLEALQR,47.125,69.611,45220.01
HLA-B*51:03,ADRLEALQRI,18.177,20.282,36586.05
HLA-B*51:03,DRLEALQRID,32.032,43.518,42020.14
HLA-B*51:03,RLEALQRIDH,80.0,88.842,47007.5
HLA-B*51:03,LEALQRIDHG,79.167,45.942,42395.07
HLA-B*51:03,EALQRIDHGA,8.701,10.147,31484.95
HLA-B*51:03,ALQRIDHGAS,83.75,81.429,46309.83
HLA-B*51:03,LQRIDHGAST,41.667,49.741,42943.99
HLA-B*51:03,QRIDHGASTL,18.341,37.981,41082.82
HLA-B*51:03,RIDHGASTLF,29.318,35.053,40514.27
HLA-B*51:03,IDHGASTLFT,54.63,46.639,42497.5
HLA-B*51:03,DHGASTLFTS,42.692,25.374,38206.28
HLA-B*51:03,HGASTLFTSQ,48.25,63.058,44550.31
HLA-B*51:03,GASTLFTSQE,69.545,81.648,46329.88
HLA-B*51:03,ASTLFTSQEY,32.194,40.239,41484.82
HLA-B*51:03,STLFTSQEYL,14.777,11.542,32459.73
HLA-B*51:03,TLFTSQEYLS,44.364,34.131,40324.01
HLA-B*51:03,LFTSQEYLSW,29.5,15.002,34397.11
HLA-B*51:03,FTSQEYLSWL,23.149,9.484,31005.92
HLA-B*51:03,TSQEYLSWLA,28.51,10.678,31867.78
HLA-B*51:03,SQEYLSWLAR,53.519,43.131,41961.08
HLA-B*51:03,QEYLSWLARM,22.19,9.636,31117.16
HLA-B*51:03,EYLSWLARMQ,61.429,54.61,43571.64
HLA-B*51:03,YLSWLARMQP,47.625,13.628,33702.68
HLA-B*51:03,LSWLARMQPR,58.25,27.422,38762.59
HLA-B*51:03,SWLARMQPRN,97.5,82.136,46374.51
HLA-B*51:03,WLARMQPRNF,36.619,17.796,35644.36
HLA-B*51:03,LARMQPRNFD,70.714,36.175,40736.68
HLA-B*51:03,ARMQPRNFDL,45.9,44.037,42099.78
HLA-B*51:03,RMQPRNFDLH,71.429,62.535,44493.0
HLA-B*51:03,MQPRNFDLHT,21.632,6.763,28391.02
HLA-B*51:03,QPRNFDLHTS,22.91,21.961,37162.55
HLA-B*51:03,PRNFDLHTSE,80.0,92.475,47396.14
HLA-B*51:03,RNFDLHTSER,53.704,72.15,45460.89
HLA-B*51:03,NFDLHTSERF,19.912,23.411,37620.5
HLA-B*51:03,FDLHTSERFV,29.386,12.561,33097.74
HLA-B*51:03,DLHTSERFVI,8.861,4.554,25351.1
HLA-B*51:03,LHTSERFVIR,63.929,43.321,41990.15
HLA-B*51:03,HTSERFVIRR,36.762,61.305,44358.4
HLA-B*51:03,TSERFVIRRG,83.75,58.944,44089.96
HLA-B*51:03,SERFVIRRGA,45.1,36.509,40801.52
HLA-B*51:03,ERFVIRRGAA,53.333,40.923,41600.35
HLA-B*51:03,RFVIRRGAAR,81.25,79.457,46130.3
HLA-B*51:03,FVIRRGAARL,30.216,17.574,35551.54
HLA-B*51:03,VIRRGAARLV,33.929,23.571,37671.02
HLA-B*51:03,IRRGAARLVS,86.667,78.25,46021.6
HLA-B*51:03,RRGAARLVSL,34.577,43.497,42016.97
HLA-B*51:03,RGAARLVSLM,21.64,19.977,36476.55
HLA-B*51:03,GAARLVSLMK,59.0,58.136,43993.71
HLA-B*51:03,AARLVSLMKS,68.182,48.003,42699.84
HLA-B*51:03,ARLVSLMKSR,73.571,84.611,46601.85
HLA-B*51:03,RLVSLMKSRT,81.25,76.816,45892.82
HLA-B*51:03,LVSLMKSRTL,19.797,12.816,33249.57
HLA-B*51:03,VSLMKSRTLG,42.615,32.599,40002.88
HLA-B*51:03,SLMKSRTLGR,59.75,60.646,44286.48
HLA-B*51:03,LMKSRTLGRF,35.417,19.512,36302.54
HLA-B*51:03,MKSRTLGRFQ,80.0,65.999,44862.32
HLA-B*51:03,KSRTLGRFQE,85.0,88.321,46957.17
HLA-B*51:03,SRTLGRFQEF,23.552,22.658,37382.74
HLA-B*51:03,RTLGRFQEFD,65.0,52.815,43340.29
HLA-B*51:03,TLGRFQEFDN,97.5,90.366,47160.32
HLA-B*51:03,LGRFQEFDNC,48.625,42.357,41834.14
HLA-B*51:03,GRFQEFDNCT,76.667,76.772,45888.86
HLA-B*51:03,RFQEFDNCTV,30.432,28.759,39110.14
HLA-B*51:03,FQEFDNCTVS,54.259,31.499,39757.8
HLA-B*51:03,QEFDNCTVSA,20.114,19.841,36425.68
HLA-B*51:03,EFDNCTVSAV,17.845,9.865,31282.23
HLA-B*51:03,FDNCTVSAVS,70.714,31.056,39656.84
HLA-B*51:03,DNCTVSAVSN,82.5,64.815,44743.54
HLA-B*51:03,NCTVSAVSNI,21.658,7.347,29059.52
HLA-B*51:03,CTVSAVSNIV,35.292,7.884,29599.3
HLA-B*51:03,TVSAVSNIVD,72.143,43.533,42022.42
HLA-B*51:03,VSAVSNIVDA,25.269,27.655,38826.38
HLA-B*51:03,SAVSNIVDAN,61.429,42.695,41890.32
HLA-B*51:03,AVSNIVDANH,74.286,88.337,46958.69
HLA-B*51:03,VSNIVDANHF,20.569,19.17,36175.09
HLA-B*51:03,SNIVDANHFG,69.091,58.024,43980.38
HLA-B*51:03,NIVDANHFGR,45.3,57.844,43958.96
HLA-B*51:03,IVDANHFGRK,74.286,63.12,44557.06
HLA-B*51:03,VDANHFGRKY,18.268,31.501,39758.21
HLA-B*51:03,DANHFGRKYI,1.352,0.776,12712.22
HLA-B*51:03,ANHFGRKYIN,81.25,77.58,45961.39
HLA-B*51:03,NHFGRKYINH,59.0,70.303,45287.08
HLA-B*51:03,HFGRKYINHI,23.989,17.994,35727.39
HLA-B*51:03,FGRKYINHIC,40.438,25.781,38320.55
HLA-B*51:03,GRKYINHICG,97.5,85.263,46662.9
HLA-B*51:03,RKYINHICGV,53.889,28.959,39160.11
HLA-B*51:03,KYINHICGVS,93.333,71.487,45398.46
HLA-B*51:03,YINHICGVSD,90.0,58.16,43996.57
HLA-B*51:03,INHICGVSDN,100.0,79.651,46147.77
HLA-B*51:03,NHICGVSDNQ,79.167,78.798,46070.93
HLA-B*51:03,HICGVSDNQV,26.45,29.943,39395.96
HLA-B*51:03,ICGVSDNQVF,36.571,37.45,40982.03
HLA-B*51:03,CGVSDNQVFP,60.714,40.316,41497.86
HLA-B*51:03,GVSDNQVFPP,75.833,65.458,44808.95
HLA-B*51:03,VSDNQVFPPV,22.62,5.323,26513.94
HLA-B*51:03,SDNQVFPPVI,11.88,7.533,29261.14
HLA-B*51:03,DNQVFPPVIS,17.358,22.571,37355.24
HLA-B*51:03,NQVFPPVIST,12.324,19.564,36321.79
HLA-B*51:03,QVFPPVISTC,9.127,21.263,36930.47
HLA-B*51:03,VFPPVISTCQ,50.926,51.736,43201.71
HLA-B*51:03,FPPVISTCQS,11.814,6.434,27992.35
HLA-B*51:03,PPVISTCQSH,44.545,67.47,45007.68
HLA-B*51:03,PVISTCQSHA,63.929,58.248,44007.04
HLA-B*51:03,VISTCQSHAK,72.857,71.414,45391.58
HLA-B*51:03,ISTCQSHAKS,80.0,59.424,44147.24
HLA-B*51:03,STCQSHAKSL,27.389,32.28,39933.26
HLA-B*51:03,TCQSHAKSLP,55.75,60.365,44255.82
HLA-B*51:03,CQSHAKSLPE,88.333,62.245,44461.22
HLA-B*51:03,QSHAKSLPER,52.407,77.065,45915.18
HLA-B*51:03,SHAKSLPERS,52.593,63.919,44644.91
HLA-B*51:03,HAKSLPERSI,4.266,6.697,28312.48
HLA-B*51:03,AKSLPERSII,22.32,23.733,37722.41
HLA-B*51:03,KSLPERSIIE,59.75,57.228,43885.8
HLA-B*51:03,SLPERSIIEG,59.75,50.492,43042.61
HLA-B*51:03,LPERSIIEGT,24.052,14.276,34041.3
HLA-B*51:03,PERSIIEGTA,70.0,66.102,44872.51
HLA-B*51:03,ERSIIEGTAL,12.188,24.695,38011.66
HLA-B*51:03,RSIIEGTALI,11.479,7.079,28764.22
HLA-B*51:03,SIIEGTALIA,29.455,23.952,37791.86
HLA-B*51:03,IIEGTALIAL,28.102,26.046,38394.0
HLA-B*51:03,IEGTALIALS,67.273,38.855,41243.59
HLA-B*51:03,EGTALIALSQ,52.778,52.874,43347.81
HLA-B*51:03,GTALIALSQK,59.0,69.326,45191.64
HLA-B*51:03,TALIALSQKA,12.861,9.076,30661.64
HLA-B*51:03,ALIALSQKAQ,78.333,85.426,46678.55
HLA-B*51:03,LIALSQKAQD,90.0,69.144,45173.55
HLA-B*51:03,IALSQKAQDS,62.857,64.605,44720.32
HLA-B*51:03,ALSQKAQDSW,32.871,44.75,42212.91
HLA-B*51:03,LSQKAQDSWE,59.5,60.053,44221.84
HLA-B*51:03,SQKAQDSWEN,88.333,82.481,46406.13
HLA-B*51:03,QKAQDSWENE,75.0,92.53,47402.31
HLA-B*51:03,KAQDSWENEK,59.25,84.042,46549.43
HLA-B*51:03,AQDSWENEKS,75.833,93.266,47484.95
HLA-B*51:03,QDSWENEKSV,9.249,9.696,31160.3
HLA-B*51:03,DSWENEKSVK,11.179,13.722,33754.12
HLA-B*51:03,SWENEKSVKG,72.143,78.549,46048.5
HLA-B*51:03,WENEKSVKGG,78.333,68.804,45139.86
HLA-B*51:03,ENEKSVKGGY,37.947,64.416,44699.5
HLA-B*51:03,NEKSVKGGYE,66.364,81.342,46301.8
HLA-B*51:03,EKSVKGGYEC,37.105,57.484,43916.18
HLA-B*51:03,KSVKGGYECK,82.5,87.179,46847.04
HLA-B*51:03,SVKGGYECKS,83.75,86.189,46751.85
HLA-B*51:03,VKGGYECKSK,93.333,95.318,47824.21
HLA-B*51:03,KGGYECKSKK,71.429,92.758,47427.93
HLA-B*51:03,GGYECKSKKG,81.25,88.205,46946.0
HLA-B*51:03,GYECKSKKGV,70.0,79.064,46094.85
HLA-B*51:03,YECKSKKGVG,79.167,74.661,45698.08
HLA-B*51:03,ECKSKKGVGL,34.115,58.368,44021.32
HLA-B*51:03,CKSKKGVGLQ,93.333,88.321,46957.17
HLA-B*51:03,KSKKGVGLQN,90.0,90.521,47177.66
HLA-B*51:03,SKKGVGLQNK,78.333,95.522,47916.92
HLA-B*51:03,KKGVGLQNKG,95.0,95.457,47887.39
HLA-B*51:03,KGVGLQNKGN,97.5,96.467,48349.17
HLA-B*51:03,GVGLQNKGNP,91.667,91.629,47301.35
HLA-B*51:03,VGLQNKGNPS,86.667,75.0,45730.24
HLA-B*51:03,GLQNKGNPSI,32.581,37.496,40990.91
HLA-B*51:03,LQNKGNPSIY,37.0,40.79,41577.84
HLA-B*51:03,QNKGNPSIYL,30.486,50.263,43013.28
HLA-B*51:03,NKGNPSIYLG,72.143,53.282,43400.38
HLA-B*51:03,KGNPSIYLGP,64.643,57.552,43924.28
HLA-B*51:03,GNPSIYLGPG,93.333,44.267,42136.23
HLA-B*51:03,NPSIYLGPGA,11.085,4.018,24345.72
HLA-B*51:03,PSIYLGPGAA,62.857,44.727,42209.26
HLA-B*51:03,SIYLGPGAAQ,57.75,59.888,44202.71
HLA-B*51:03,IYLGPGAAQR,68.636,81.637,46328.86
HLA-B*51:03,YLGPGAAQRL,16.578,25.756,38313.51
HLA-B*51:03,LGPGAAQRLP,30.459,20.586,36694.68
HLA-B*51:03,GPGAAQRLPF,20.553,16.703,35179.23
HLA-B*51:03,PGAAQRLPFH,81.25,85.232,46659.89
HLA-B*51:03,GAAQRLPFHQ,79.167,88.363,46961.23
HLA-B*51:03,AAQRLPFHQG,50.185,51.689,43195.64
HLA-B*51:03,AQRLPFHQGC,43.182,60.299,44248.63
HLA-B*51:03,QRLPFHQGCP,52.407,57.236,43886.73
HLA-B*51:03,RLPFHQGCPV,11.808,1.402,16584.17
HLA-B*51:03,LPFHQGCPVF,0.682,0.15,5089.77
HLA-B*51:03,PFHQGCPVFD,95.0,81.424,46309.32
HLA-B*51:03,FHQGCPVFDR,79.167,61.182,44344.96
HLA-B*51:03,HQGCPVFDRV,22.79,14.036,33924.76
HLA-B*51:03,QGCPVFDRVG,80.0,53.333,43406.95
HLA-B*51:03,GCPVFDRVGG,83.75,60.075,44224.21
HLA-B*51:03,CPVFDRVGGE,43.455,27.951,38907.55
HLA-B*51:03,PVFDRVGGEK,74.286,85.863,46720.5
HLA-B*51:03,VFDRVGGEKS,83.75,81.249,46293.29
HLA-B*51:03,FDRVGGEKSS,80.0,80.668,46240.24
HLA-B*51:03,DRVGGEKSSI,18.488,26.49,38511.74
HLA-B*51:03,RVGGEKSSIQ,81.25,94.863,47664.59
HLA-B*51:03,VGGEKSSIQW,26.9,46.053,42411.59
HLA-B*51:03,GGEKSSIQWL,33.786,58.14,43994.19
HLA-B*51:03,GEKSSIQWLD,73.571,63.554,44604.82
HLA-B*51:03,EKSSIQWLDT,73.571,53.749,43460.51
HLA-B*51:03,KSSIQWLDTY,38.667,35.675,40638.07
HLA-B*51:03,SSIQWLDTYD,69.545,39.612,41376.8
HLA-B*51:03,SIQWLDTYDA,56.5,30.772,39590.39
HLA-B*51:03,IQWLDTYDAA,39.529,22.622,37371.41
HLA-B*51:03,QWLDTYDAAA,63.571,46.987,42548.57
HLA-B*51:03,WLDTYDAAAL,47.625,20.589,36695.86
HLA-B*51:03,LDTYDAAALG,64.286,23.149,37537.98
HLA-B*51:03,DTYDAAALGI,1.752,0.64,11619.24
HLA-B*51:03,TYDAAALGIN,75.0,50.23,43009.09
HLA-B*51:03,YDAAALGINE,59.25,52.681,43322.94
HLA-B*51:03,DAAALGINEV,0.732,0.606,11348.38
HLA-B*51:03,AAALGINEVS,24.338,44.078,42106.16
HLA-B*51:03,AALGINEVSY,20.374,35.669,40636.74
HLA-B*51:03,ALGINEVSYL,25.284,33.101,40111.23
HLA-B*51:03,LGINEVSYLR,37.684,32.002,39872.82
HLA-B*51:03,GINEVSYLRL,39.529,41.098,41629.17
HLA-B*51:03,INEVSYLRLK,69.091,57.988,43976.09
HLA-B*51:03,NEVSYLRLKG,72.857,40.322,41498.74
HLA-B*51:03,EVSYLRLKGL,17.959,15.071,34429.49
HLA-B*51:03,VSYLRLKGLA,28.735,12.644,33147.19
HLA-B*51:03,SYLRLKGLAQ,76.667,73.038,45544.59
HLA-B*51:03,YLRLKGLAQV,22.48,11.683,32553.63
HLA-B*51:03,LRLKGLAQVG,64.286,56.584,43809.42
HLA-B*51:03,RLKGLAQVGL,38.167,51.24,43138.18
HLA-B*51:03,LKGLAQVGLG,95.0,61.529,44382.89
HLA-B*51:03,KGLAQVGLGS,85.0,78.079,46006.17
HLA-B*51:03,GLAQVGLGSK,61.786,76.207,45838.22
HLA-B*51:03,LAQVGLGSKK,52.037,54.034,43497.21
HLA-B*51:03,AQVGLGSKKA,45.8,67.028,44963.88
HLA-B*51:03,QVGLGSKKAP,65.455,84.277,46571.11
HLA-B*51:03,VGLGSKKAPA,46.0,55.36,43664.61
HLA-B*51:03,GLGSKKAPAQ,95.0,96.478,48354.41
HLA-B*51:03,LGSKKAPAQQ,74.286,91.322,47267.08
HLA-B*51:03,GSKKAPAQQV,16.142,41.355,41670.62
HLA-B*51:03,SKKAPAQQVF,26.45,55.408,43670.27
HLA-B*51:03,KKAPAQQVFK,55.25,72.484,45492.36
HLA-B*51:03,KAPAQQVFKP,27.574,32.327,39943.64
HLA-B*51:03,APAQQVFKPD,53.519,35.901,40682.94
HLA-B*51:03,PAQQVFKPDL,31.853,37.304,40954.55
HLA-B*51:03,AQQVFKPDLI,28.02,21.191,36906.5
HLA-B*51:03,QQVFKPDLIV,10.717,9.897,31304.92
HLA-B*51:03,QVFKPDLIVY,15.91,22.858,37445.88
HLA-B*51:03,VFKPDLIVYP,42.154,47.765,42664.27
HLA-B*51:03,FKPDLIVYPK,31.412,11.755,32601.57
HLA-B*51:03,KPDLIVYPKT,23.184,22.813,37431.71
HLA-B*51:03,PDLIVYPKTP,61.786,63.286,44575.4
HLA-B*51:03,DLIVYPKTPM,13.61,11.394,32361.89
HLA-B*51:03,LIVYPKTPML,4.903,6.427,27984.17
HLA-B*51:03,IVYPKTPMLQ,13.417,18.757,36018.47
HLA-B*51:03,VYPKTPMLQH,20.089,47.13,42569.75
HLA-B*51:03,YPKTPMLQHS,5.432,6.02,27468.22
HLA-B*51:03,PKTPMLQHSR,67.273,91.747,47314.69
HLA-B*51:03,KTPMLQHSRL,6.443,6.52,28100.69
HLA-B*51:03,TPMLQHSRLV,0.594,0.179,5646.69
HLA-B*51:03,PMLQHSRLVA,66.364,44.348,42149.01
HLA-B*51:03,MLQHSRLVAF,22.75,9.517,31031.77
HLA-B*51:03,LQHSRLVAFY,38.167,24.021,37813.12
HLA-B*51:03,QHSRLVAFYF,28.286,13.156,33444.76
HLA-B*51:03,HSRLVAFYFQ,67.273,40.133,41466.88
HLA-B*51:03,SRLVAFYFQV,38.944,14.74,34268.58
HLA-B*51:03,RLVAFYFQVA,58.25,33.907,40277.8
HLA-B*51:03,LVAFYFQVAR,42.923,27.261,38718.56
HLA-B*51:03,VAFYFQVARD,67.727,24.245,37879.04
HLA-B*51:03,AFYFQVARDR,90.0,85.047,46642.2
HLA-B*51:03,FYFQVARDRL,27.833,15.367,34567.99
HLA-B*51:03,YFQVARDRLG,86.667,53.563,43436.55
HLA-B*51:03,FQVARDRLGI,15.187,8.69,30326.75
HLA-B*51:03,QVARDRLGIQ,70.714,74.097,45644.74
HLA-B*51:03,VARDRLGIQS,40.75,48.731,42803.45
HLA-B*51:03,ARDRLGIQSP,48.25,72.208,45466.29
HLA-B*51:03,RDRLGIQSPE,85.0,83.127,46465.42
HLA-B*51:03,DRLGIQSPEH,58.25,80.422,46217.73
HLA-B*51:03,RLGIQSPEHL,25.731,44.075,42105.7
HLA-B*51:03,LGIQSPEHLE,41.25,55.152,43640.04
HLA-B*51:03,GIQSPEHLEL,24.688,41.084,41626.91
HLA-B*51:03,IQSPEHLELP,32.194,34.873,40477.45
HLA-B*51:03,QSPEHLELPT,36.619,32.752,40036.23
HLA-B*51:03,SPEHLELPTE,24.961,36.891,40875.76
HLA-B*51:03,PEHLELPTEF,20.715,37.485,40988.69
HLA-B*51:03,EHLELPTEFH,27.056,52.257,43268.61
HLA-B*51:03,HLELPTEFHE,63.214,73.554,45593.4
HLA-B*51:03,LELPTEFHEE,55.5,65.408,44804.09
HLA-B*51:03,ELPTEFHEEV,1.026,1.165,15325.84
HLA-B*51:03,LPTEFHEEVL,1.604,1.183,15437.51
HLA-B*51:03,PTEFHEEVLA,58.0,50.715,43071.05
HLA-B*51:03,TEFHEEVLAS,39.824,37.468,40985.57
HLA-B*51:03,EFHEEVLASF,8.95,13.717,33751.2
HLA-B*51:03,FHEEVLASFA,29.818,15.579,34667.25
HLA-B*51:03,HEEVLASFAV,21.728,10.761,31927.84
HLA-B*51:03,EEVLASFAVR,36.905,25.366,38204.21
HLA-B*51:03,EVLASFAVRS,52.222,40.21,41479.9
HLA-B*51:03,VLASFAVRSL,10.887,10.179,31508.13
HLA-B*51:03,LASFAVRSLP,23.506,6.444,28005.38
HLA-B*51:03,ASFAVRSLPD,85.0,39.308,41324.0
HLA-B*51:03,SFAVRSLPDI,20.87,7.47,29195.97
HLA-B*51:03,FAVRSLPDIN,36.238,16.699,35177.71
HLA-B*51:03,AVRSLPDINN,93.333,89.247,47046.68
HLA-B*51:03,VRSLPDINNR,57.0,85.068,46644.21
HLA-B*51:03,RSLPDINNRL,12.035,24.085,37831.95
HLA-B*51:03,SLPDINNRLG,39.471,37.916,41070.38
HLA-B*51:03,LPDINNRLGA,13.901,4.95,25970.5
HLA-B*51:03,PDINNRLGAE,95.0,95.451,47884.79
HLA-B*51:03,DINNRLGAEG,58.75,57.888,43964.21
HLA-B*51:03,INNRLGAEGI,32.613,23.952,37791.86
HLA-B*51:03,NNRLGAEGIT,79.167,68.061,45066.15
HLA-B*51:03,NRLGAEGITE,85.0,90.933,47223.63
HLA-B*51:03,RLGAEGITER,69.545,92.095,47353.61
HLA-B*51:03,LGAEGITERI,8.219,7.26,28963.79
HLA-B*51:03,GAEGITERID,54.444,77.027,45911.68
HLA-B*51:03,AEGITERIDI,35.375,31.397,39734.58
HLA-B*51:03,EGITERIDIE,58.75,64.354,44692.75
HLA-B*51:03,GITERIDIER,79.167,95.233,47785.95
HLA-B*51:03,ITERIDIERE,79.167,86.963,46826.26
HLA-B*51:03,TERIDIEREH,34.346,77.73,45974.82
HLA-B*51:03,ERIDIEREHH,55.5,91.821,47322.86
HLA-B*51:03,RIDIEREHHL,27.519,46.376,42458.88
HLA-B*51:03,IDIEREHHLR,44.636,67.559,45016.45
HLA-B*51:03,DIEREHHLRK,45.4,55.544,43686.33
HLA-B*51:03,IEREHHLRKE,67.727,81.32,46299.8
HLA-B*51:03,EREHHLRKED,90.0,91.052,47236.94
HLA-B*51:03,REHHLRKEDT,80.0,86.268,46759.45
HLA-B*51:03,EHHLRKEDTR,65.0,89.374,47058.88
HLA-B*51:03,HHLRKEDTRD,93.333,91.665,47305.47
HLA-B*51:03,HLRKEDTRDL,45.8,61.494,44379.06
HLA-B*51:03,LRKEDTRDLH,80.0,94.488,47622.31
HLA-B*51:03,RKEDTRDLHD,95.0,95.396,47859.94
HLA-B*51:03,KEDTRDLHDL,34.423,62.25,44461.71
HLA-B*51:03,EDTRDLHDLE,58.5,68.947,45154.01
HLA-B*51:03,DTRDLHDLED,55.5,51.506,43172.27
HLA-B*51:03,TRDLHDLEDR,69.545,95.096,47723.43
HLA-B*51:03,RDLHDLEDRH,77.5,95.38,47852.69
HLA-B*51:03,DLHDLEDRHQ,67.273,88.189,46944.45
HLA-B*51:03,LHDLEDRHQA,39.647,41.475,41690.02
HLA-B*51:03,HDLEDRHQAT,48.25,70.637,45318.46
HLA-B*51:03,DLEDRHQATQ,56.75,75.377,45763.91
HLA-B*51:03,LEDRHQATQR,52.963,79.806,46161.76
HLA-B*51:03,EDRHQATQRI,16.467,20.787,36767.0
HLA-B*51:03,DRHQATQRIL,18.28,23.941,37788.18
HLA-B*51:03,RHQATQRILY,39.588,44.937,42242.59
HLA-B*51:03,HQATQRILYN,76.667,53.136,43381.6
HLA-B*51:03,QATQRILYNG,78.333,42.54,41864.5
HLA-B*51:03,ATQRILYNGQ,85.0,85.974,46731.11
HLA-B*51:03,TQRILYNGQP,62.143,49.788,42950.5
HLA-B*51:03,QRILYNGQPT,85.0,62.627,44503.1
HLA-B*51:03,RILYNGQPTV,13.99,13.189,33462.5
HLA-B*51:03,ILYNGQPTVT,30.432,32.258,39928.5
HLA-B*51:03,LYNGQPTVTD,85.0,76.705,45882.88
HLA-B*51:03,YNGQPTVTDE,72.143,85.763,46710.89
HLA-B*51:03,NGQPTVTDEY,25.716,42.619,41877.62
HLA-B*51:03,GQPTVTDEYA,48.125,42.379,41837.78
HLA-B*51:03,QPTVTDEYAC,22.95,27.635,38820.93
HLA-B*51:03,PTVTDEYACS,97.5,95.087,47719.28
HLA-B*51:03,TVTDEYACSQ,82.5,82.656,46422.2
HLA-B*51:03,VTDEYACSQD,95.0,77.47,45951.46
HLA-B*51:03,TDEYACSQDQ,83.75,83.226,46474.47
HLA-B*51:03,DEYACSQDQD,75.0,52.691,43324.37
HLA-B*51:03,EYACSQDQDG,93.333,80.148,46192.73
HLA-B*51:03,YACSQDQDGL,21.939,20.483,36657.76
HLA-B*51:03,ACSQDQDGLY,44.727,56.412,43789.03
HLA-B*51:03,CSQDQDGLYS,76.667,47.529,42629.2
HLA-B*51:03,SQDQDGLYSA,23.092,37.55,41001.12
HLA-B*51:03,QDQDGLYSAP,49.0,60.334,44252.45
HLA-B*51:03,DQDGLYSAPR,42.692,53.206,43390.5
HLA-B*51:03,QDGLYSAPRE,76.667,87.395,46867.83
HLA-B*51:03,DGLYSAPREI,1.341,0.943,14013.6
HLA-B*51:03,GLYSAPREIR,55.75,62.957,44539.22
HLA-B*51:03,LYSAPREIRT,69.091,60.874,44311.39
HLA-B*51:03,YSAPREIRTL,5.284,7.454,29178.3
HLA-B*51:03,SAPREIRTLT,17.337,22.478,37325.74
HLA-B*51:03,APREIRTLTH,16.689,38.172,41117.95
HLA-B*51:03,PREIRTLTHD,97.5,92.136,47358.22
HLA-B*51:03,REIRTLTHDP,70.714,56.46,43794.7
HLA-B*51:03,EIRTLTHDPY,36.952,32.792,40044.91
HLA-B*51:03,IRTLTHDPYD,95.0,69.774,45236.17
HLA-B*51:03,RTLTHDPYDT,78.333,71.273,45378.32
HLA-B*51:03,TLTHDPYDTV,9.558,12.494,33057.66
HLA-B*51:03,LTHDPYDTVQ,32.871,37.913,41069.93
HLA-B*51:03,THDPYDTVQS,48.625,66.718,44933.23
HLA-B*51:03,HDPYDTVQSP,2.788,6.583,28176.2
HLA-B*51:03,DPYDTVQSPL,0.072,0.289,7571.27
HLA-B*51:03,PYDTVQSPLQ,91.667,90.764,47204.75
HLA-B*51:03,YDTVQSPLQD,83.75,63.836,44635.72
HLA-B*51:03,DTVQSPLQDI,2.801,3.027,22201.76
HLA-B*51:03,TVQSPLQDII,11.998,8.048,29754.38
HLA-B*51:03,VQSPLQDIIF,22.02,20.299,36591.98
HLA-B*51:03,QSPLQDIIFH,22.27,51.451,43165.29
HLA-B*51:03,SPLQDIIFHQ,20.984,36.568,40812.99
HLA-B*51:03,PLQDIIFHQK,65.0,82.486,46406.64
HLA-B*51:03,LQDIIFHQKS,68.182,55.372,43666.02
HLA-B*51:03,QDIIFHQKSD,91.667,80.586,46232.72
HLA-B*51:03,DIIFHQKSDV,8.542,6.867,28516.94
HLA-B*51:03,IIFHQKSDVE,76.667,65.034,44767.27
HLA-B*51:03,IFHQKSDVED,95.0,84.786,46617.99
HLA-B*51:03,FHQKSDVEDR,70.714,85.568,46692.19
HLA-B*51:03,HQKSDVEDRK,61.071,92.04,47347.44
HLA-B*51:03,QKSDVEDRKR,76.667,96.472,48351.79
HLA-B*51:03,KSDVEDRKRL,33.893,65.6,44823.02
HLA-B*51:03,SDVEDRKRLL,24.909,47.82,42672.58
HLA-B*51:03,DVEDRKRLLD,38.722,66.944,44955.61
HLA-B*51:03,VEDRKRLLDS,83.75,76.357,45851.62
HLA-B*51:03,EDRKRLLDSL,22.31,33.695,40233.82
HLA-B*51:03,DRKRLLDSLV,29.909,20.274,36582.87
HLA-B*51:03,RKRLLDSLVI,36.524,18.181,35798.96
HLA-B*51:03,KRLLDSLVID,79.167,66.772,44938.59
HLA-B*51:03,RLLDSLVIDT,81.25,77.121,45920.15
HLA-B*51:03,LLDSLVIDTV,23.713,11.457,32403.22
HLA-B*51:03,LDSLVIDTVT,60.714,33.164,40124.27
HLA-B*51:03,DSLVIDTVTL,2.567,2.543,20945.61
HLA-B*51:03,SLVIDTVTLV,8.002,8.865,30479.39
HLA-B*51:03,LVIDTVTLVF,12.058,6.477,28047.84
HLA-B*51:03,VIDTVTLVFT,28.265,45.091,42266.38
HLA-B*51:03,IDTVTLVFTR,57.75,52.312,43275.64
HLA-B*51:03,DTVTLVFTRE,42.923,40.83,41584.6
HLA-B*51:03,TVTLVFTREL,22.02,12.751,33210.74
HLA-B*51:03,VTLVFTRELA,43.273,17.761,35629.72
HLA-B*51:03,TLVFTRELAI,12.972,4.409,25090.78
HLA-B*51:03,LVFTRELAIP,32.645,14.18,33994.55
HLA-B*51:03,VFTRELAIPS,79.167,50.839,43086.88
HLA-B*51:03,FTRELAIPSS,43.455,28.744,39106.33
HLA-B*51:03,TRELAIPSSF,16.809,24.701,38013.32
HLA-B*51:03,RELAIPSSFA,42.077,33.728,40240.78
HLA-B*51:03,ELAIPSSFAD,48.25,28.542,39056.0
HLA-B*51:03,LAIPSSFADQ,45.0,41.453,41686.39
HLA-B*51:03,AIPSSFADQG,63.929,45.994,42402.86
HLA-B*51:03,IPSSFADQGY,8.463,8.525,30183.38
HLA-B*51:03,PSSFADQGYS,95.0,81.572,46322.86
HLA-B*51:03,SSFADQGYSV,4.883,3.299,22839.16
HLA-B*51:03,SFADQGYSVY,18.585,28.239,38980.43
HLA-B*51:03,FADQGYSVYN,45.1,27.612,38814.62
HLA-B*51:03,ADQGYSVYNN,97.5,90.261,47148.59
HLA-B*51:03,DQGYSVYNNA,12.5,7.334,29045.7
HLA-B*51:03,QGYSVYNNAE,59.25,54.617,43572.57
HLA-B*51:03,GYSVYNNAEK,88.333,84.113,46555.98
HLA-B*51:03,YSVYNNAEKF,13.077,8.554,30208.85
HLA-B*51:03,SVYNNAEKFV,11.889,8.477,30141.27
HLA-B*51:03,VYNNAEKFVR,72.857,76.528,45867.0
HLA-B*51:03,YNNAEKFVRP,55.0,53.858,43474.61
HLA-B*51:03,NNAEKFVRPL,11.6,11.684,32554.35
HLA-B*51:03,NAEKFVRPLE,32.806,31.738,39812.46
HLA-B*51:03,AEKFVRPLEL,16.382,23.272,37576.59
HLA-B*51:03,EKFVRPLELP,33.357,30.611,39552.7
HLA-B*51:03,KFVRPLELPG,90.0,58.252,44007.53
HLA-B*51:03,FVRPLELPGR,51.667,48.86,42821.97
HLA-B*51:03,VRPLELPGRV,1.154,1.051,14648.62
HLA-B*51:03,RPLELPGRVE,15.302,20.558,36684.74
HLA-B*51:03,PLELPGRVEN,93.333,93.047,47460.28
HLA-B*51:03,LELPGRVENG,76.667,64.613,44721.27
HLA-B*51:03,ELPGRVENGV,8.987,9.829,31255.86
HLA-B*51:03,LPGRVENGVW,11.077,4.0,24312.3
HLA-B*51:03,PGRVENGVWE,97.5,93.188,47476.2
HLA-B*51:03,GRVENGVWEM,34.269,53.053,43370.8
HLA-B*51:03,RVENGVWEME,83.75,81.911,46353.93
HLA-B*51:03,VENGVWEMEP,57.25,43.994,42092.94
HLA-B*51:03,ENGVWEMEPG,97.5,67.603,45020.83
HLA-B*51:03,NGVWEMEPGI,17.202,5.762,27121.2
HLA-B*51:03,GVWEMEPGID,70.714,65.438,44807.01
HLA-B*51:03,VWEMEPGIDE,66.818,75.205,45748.56
HLA-B*51:03,WEMEPGIDEA,19.98,13.955,33882.56
HLA-B*51:03,EMEPGIDEAP,47.75,61.986,44432.87
HLA-B*51:03,MEPGIDEAPM,26.583,7.772,29490.29
HLA-B*51:03,EPGIDEAPMS,19.831,28.253,38983.8
HLA-B*51:03,PGIDEAPMSP,53.704,76.667,45879.42
HLA-B*51:03,GIDEAPMSPF,37.526,52.338,43278.9
HLA-B*51:03,IDEAPMSPFI,8.535,4.132,24560.3
HLA-B*51:03,DEAPMSPFIS,12.924,10.236,31549.06
HLA-B*51:03,EAPMSPFISL,0.354,0.535,10715.45
HLA-B*51:03,APMSPFISLA,2.484,1.555,17340.75
HLA-B*51:03,PMSPFISLAT,49.286,38.69,41213.25
HLA-B*51:03,MSPFISLATY,3.853,0.858,13394.51
HLA-B*51:03,SPFISLATYN,18.713,7.178,28873.35
HLA-B*51:03,PFISLATYNF,62.143,31.356,39725.13
HLA-B*51:03,FISLATYNFF,28.429,5.122,26224.62
HLA-B*51:03,ISLATYNFFW,34.308,5.212,26354.05
HLA-B*51:03,SLATYNFFWK,69.091,29.911,39388.29
HLA-B*51:03,LATYNFFWKT,35.125,10.817,31968.62
HLA-B*51:03,ATYNFFWKTV,15.433,4.642,25487.25
HLA-B*51:03,TYNFFWKTVT,63.929,31.77,39819.8
HLA-B*51:03,YNFFWKTVTH,46.778,31.791,39824.53
HLA-B*51:03,NFFWKTVTHD,86.667,57.756,43948.5
HLA-B*51:03,FFWKTVTHDA,48.25,25.323,38192.23
HLA-B*51:03,FWKTVTHDAG,93.333,66.841,44945.38
HLA-B*51:03,WKTVTHDAGI,54.259,13.251,33496.18
HLA-B*51:03,KTVTHDAGIS,82.5,77.287,45935.05
HLA-B*51:03,TVTHDAGISK,45.2,70.24,45281.21
HLA-B*51:03,VTHDAGISKL,8.168,19.266,36210.74
HLA-B*51:03,THDAGISKLV,14.003,12.608,33125.67
HLA-B*51:03,HDAGISKLVP,43.636,39.424,41344.12
HLA-B*51:03,DAGISKLVPI,1.86,0.496,10360.21
HLA-B*51:03,AGISKLVPIP,41.917,39.458,41349.93
HLA-B*51:03,GISKLVPIPG,95.0,71.467,45396.5
HLA-B*51:03,ISKLVPIPGA,32.484,20.948,36824.73
HLA-B*51:03,SKLVPIPGAM,30.27,30.9,39620.38
HLA-B*51:03,KLVPIPGAMR,48.5,68.332,45092.98
HLA-B*51:03,LVPIPGAMRG,15.892,8.203,29893.15
HLA-B*51:03,VPIPGAMRGV,0.198,0.272,7271.48
HLA-B*51:03,PIPGAMRGVR,85.0,84.754,46614.95
HLA-B*51:03,IPGAMRGVRK,35.667,38.036,41093.05
HLA-B*51:03,PGAMRGVRKE,91.667,95.077,47715.15
HLA-B*51:03,GAMRGVRKEI,10.191,11.737,32589.57
HLA-B*51:03,AMRGVRKEID,78.333,84.491,46590.76
HLA-B*51:03,MRGVRKEIDD,100.0,94.158,47585.23
HLA-B*51:03,RGVRKEIDDG,100.0,95.432,47875.99
HLA-B*51:03,GVRKEIDDGV,48.0,54.573,43566.92
HLA-B*51:03,VRKEIDDGVD,91.667,92.96,47450.54
HLA-B*51:03,RKEIDDGVDK,86.667,95.904,48091.43
HLA-B*51:03,KEIDDGVDKD,90.0,95.386,47855.28
HLA-B*51:03,EIDDGVDKDH,75.0,96.193,48223.8
HLA-B*51:03,IDDGVDKDHG,71.429,95.321,47825.75
HLA-B*51:03,DDGVDKDHGL,18.5,44.448,42164.96
HLA-B*51:03,DGVDKDHGLL,7.963,11.91,32704.74
HLA-B*51:03,GVDKDHGLLA,35.542,49.108,42856.73
HLA-B*51:03,VDKDHGLLAE,76.667,84.036,46548.95
HLA-B*51:03,DKDHGLLAEK,52.963,68.661,45125.68
HLA-B*51:03,KDHGLLAEKK,83.75,90.631,47189.93
HLA-B*51:03,DHGLLAEKKG,74.286,64.561,44715.47
HLA-B*51:03,HGLLAEKKGE,78.333,95.138,47742.52
HLA-B*51:03,GLLAEKKGEL,60.714,75.094,45738.65
HLA-B*51:03,LLAEKKGELD,80.0,74.65,45697.11
HLA-B*51:03,LAEKKGELDV,22.25,19.067,36136.76
HLA-B*51:03,AEKKGELDVN,85.0,92.123,47356.66
HLA-B*51:03,EKKGELDVNS,76.667,93.824,47547.68
HLA-B*51:03,KKGELDVNSA,65.0,82.043,46365.98
HLA-B*51:03,KGELDVNSAR,60.714,89.547,47075.7
HLA-B*51:03,GELDVNSARY,32.871,53.231,43393.8
HLA-B*51:03,ELDVNSARYQ,68.182,74.671,45699.08
HLA-B*51:03,LDVNSARYQQ,82.5,84.14,46558.5
HLA-B*51:03,DVNSARYQQY,17.627,30.923,39625.95
HLA-B*51:03,VNSARYQQYA,53.148,37.752,41039.27
HLA-B*51:03,NSARYQQYAE,70.714,54.329,43535.35
HLA-B*51:03,SARYQQYAER,45.0,51.725,43200.32
HLA-B*51:03,ARYQQYAERK,68.636,83.538,46503.14
HLA-B*51:03,RYQQYAERKL,48.125,51.63,43188.18
HLA-B*51:03,YQQYAERKLH,59.75,66.959,44957.06
HLA-B*51:03,QQYAERKLHT,38.556,53.68,43451.57
HLA-B*51:03,QYAERKLHTL,12.843,27.46,38773.06
HLA-B*51:03,YAERKLHTLP,14.086,13.862,33830.92
HLA-B*51:03,AERKLHTLPF,36.429,30.409,39505.23
HLA-B*51:03,ERKLHTLPFE,82.5,77.525,45956.41
HLA-B*51:03,RKLHTLPFEP,73.571,62.733,44514.67
HLA-B*51:03,KLHTLPFEPL,41.75,29.874,39379.35
HLA-B*51:03,LHTLPFEPLS,50.0,28.744,39106.33
HLA-B*51:03,HTLPFEPLSN,65.0,45.794,42372.6
HLA-B*51:03,TLPFEPLSNV,0.224,0.278,7386.3
HLA-B*51:03,LPFEPLSNVL,0.115,0.104,4171.91
HLA-B*51:03,PFEPLSNVLM,41.833,42.218,41811.08
HLA-B*51:03,FEPLSNVLMI,0.736,0.05,2828.08
HLA-B*51:03,EPLSNVLMID,3.164,1.542,17289.78
HLA-B*51:03,PLSNVLMIDT,97.5,85.653,46700.29
HLA-B*51:03,LSNVLMIDTI,24.714,2.628,21163.84
HLA-B*51:03,SNVLMIDTIL,26.517,17.327,35448.61
HLA-B*51:03,NVLMIDTILR,36.714,32.861,40060.07
HLA-B*51:03,VLMIDTILRG,58.0,38.395,41158.91
HLA-B*51:03,LMIDTILRGA,31.647,20.06,36506.55
HLA-B*51:03,MIDTILRGAW,31.706,11.774,32614.28
HLA-B*51:03,IDTILRGAWQ,86.667,59.744,44185.49
HLA-B*51:03,DTILRGAWQS,36.81,27.385,38752.51
HLA-B*51:03,TILRGAWQSE,69.091,76.451,45860.07
HLA-B*51:03,ILRGAWQSEK,58.0,69.331,45192.14
HLA-B*51:03,LRGAWQSEKE,88.333,87.153,46844.5
HLA-B*51:03,RGAWQSEKEL,17.062,30.785,39593.38
HLA-B*51:03,GAWQSEKELL,16.489,24.606,37985.36
HLA-B*51:03,AWQSEKELLE,79.167,91.432,47279.36
HLA-B*51:03,WQSEKELLEE,72.143,74.087,45643.74
HLA-B*51:03,QSEKELLEEY,19.669,49.428,42900.81
HLA-B*51:03,SEKELLEEYA,30.73,40.471,41523.9
HLA-B*51:03,EKELLEEYAK,58.5,75.604,45784.21
HLA-B*51:03,KELLEEYAKT,71.429,80.728,46245.73
HLA-B*51:03,ELLEEYAKTR,45.1,68.666,45126.18
HLA-B*51:03,LLEEYAKTRE,86.667,92.017,47344.88
HLA-B*51:03,LEEYAKTRER,65.909,81.002,46270.75
HLA-B*51:03,EEYAKTRERF,10.926,16.396,35042.09
HLA-B*51:03,EYAKTRERFT,58.5,64.78,44739.68
HLA-B*51:03,YAKTRERFTS,55.5,41.274,41657.56
HLA-B*51:03,AKTRERFTSA,29.818,40.101,41461.5
HLA-B*51:03,KTRERFTSAA,32.871,35.748,40652.57
HLA-B*51:03,TRERFTSAAH,58.75,62.254,44462.2
HLA-B*51:03,RERFTSAAHN,81.25,66.767,44938.1
HLA-B*51:03,ERFTSAAHNG,77.5,64.038,44657.95
HLA-B*51:03,RFTSAAHNGV,40.25,29.783,39357.62
HLA-B*51:03,FTSAAHNGVS,68.182,39.023,41274.4
HLA-B*51:03,TSAAHNGVST,35.5,49.562,42919.38
HLA-B*51:03,SAAHNGVSTL,4.672,11.331,32319.55
HLA-B*51:03,AAHNGVSTLL,7.308,16.147,34930.8
HLA-B*51:03,AHNGVSTLLK,51.667,58.532,44040.86
HLA-B*51:03,HNGVSTLLKI,15.97,7.973,29684.62
HLA-B*51:03,NGVSTLLKIT,26.7,24.351,37910.2
HLA-B*51:03,GVSTLLKITQ,85.0,92.251,47371.02
HLA-B*51:03,VSTLLKITQI,10.089,5.355,26559.58
HLA-B*51:03,STLLKITQIR,27.315,34.106,40318.79
HLA-B*51:03,TLLKITQIRL,27.685,26.515,38518.42
HLA-B*51:03,LLKITQIRLK,50.926,49.545,42917.05
HLA-B*51:03,LKITQIRLKD,93.333,71.822,45429.91
HLA-B*51:03,KITQIRLKDD,100.0,95.618,47961.01
HLA-B*51:03,ITQIRLKDDR,95.0,93.248,47482.9
HLA-B*51:03,TQIRLKDDRS,85.0,82.749,46430.73
HLA-B*51:03,QIRLKDDRSL,39.294,53.293,43401.77
HLA-B*51:03,IRLKDDRSLQ,77.5,89.247,47046.68
HLA-B*51:03,RLKDDRSLQR,47.375,89.042,47026.81
HLA-B*51:03,LKDDRSLQRM,33.5,49.842,42957.95
HLA-B*51:03,KDDRSLQRMV,41.0,43.062,41950.64
HLA-B*51:03,DDRSLQRMVL,14.682,15.895,34816.11
HLA-B*51:03,DRSLQRMVLP,29.432,18.159,35790.44
HLA-B*51:03,RSLQRMVLPG,91.667,32.548,39991.64
HLA-B*51:03,SLQRMVLPGD,97.5,70.976,45350.35
HLA-B*51:03,LQRMVLPGDL,43.364,21.136,36888.53
HLA-B*51:03,QRMVLPGDLA,48.125,32.276,39932.39
HLA-B*51:03,RMVLPGDLAG,75.0,49.582,42922.17
HLA-B*51:03,MVLPGDLAGG,64.286,36.85,40867.8
HLA-B*51:03,VLPGDLAGGR,61.429,76.711,45883.38
HLA-B*51:03,LPGDLAGGRG,55.5,25.963,38371.57
HLA-B*51:03,PGDLAGGRGK,85.0,96.385,48311.52
HLA-B*51:03,GDLAGGRGKE,93.333,96.311,48277.57
HLA-B*51:03,DLAGGRGKEE,62.5,86.779,46808.54
HLA-B*51:03,LAGGRGKEEI,15.347,21.498,37008.46
HLA-B*51:03,AGGRGKEEIS,79.167,94.726,47649.13
HLA-B*51:03,GGRGKEEISI,45.6,58.316,44015.13
HLA-B*51:03,GRGKEEISIE,85.0,96.026,48147.17
HLA-B*51:03,RGKEEISIEI,19.561,21.2,36909.68
HLA-B*51:03,GKEEISIEIK,72.857,91.098,47242.03
HLA-B*51:03,KEEISIEIKV,17.409,28.576,39064.46
HLA-B*51:03,EEISIEIKVH,18.317,36.78,40854.1
HLA-B*51:03,EISIEIKVHD,53.333,57.416,43908.11
HLA-B*51:03,ISIEIKVHDH,41.0,65.96,44858.42
HLA-B*51:03,SIEIKVHDHT,62.5,59.124,44111.44
HLA-B*51:03,IEIKVHDHTS,57.75,52.958,43358.61
HLA-B*51:03,EIKVHDHTSL,16.929,29.224,39223.7
HLA-B*51:03,IKVHDHTSLE,64.286,75.692,45792.13
HLA-B*51:03,KVHDHTSLEF,16.12,25.941,38365.36
HLA-B*51:03,VHDHTSLEFY,26.0,33.181,40127.73
HLA-B*51:03,HDHTSLEFYA,46.778,33.682,40231.2
HLA-B*51:03,DHTSLEFYAN,73.571,42.174,41803.83
HLA-B*51:03,HTSLEFYANL,22.16,9.401,30935.56
HLA-B*51:03,TSLEFYANLR,31.176,23.524,37656.35
HLA-B*51:03,SLEFYANLRV,16.218,8.358,30033.19
HLA-B*51:03,LEFYANLRVA,40.375,12.773,33223.68
HLA-B*51:03,EFYANLRVAP,32.387,29.018,39174.51
HLA-B*51:03,FYANLRVAPK,60.714,33.438,40180.74
HLA-B*51:03,YANLRVAPKI,2.253,0.679,11925.3
HLA-B*51:03,ANLRVAPKIL,39.471,41.936,41764.51
HLA-B*51:03,NLRVAPKILK,58.25,63.427,44590.84
HLA-B*51:03,LRVAPKILKP,31.441,40.779,41576.05
HLA-B*51:03,RVAPKILKPF,16.516,24.234,37875.77
HLA-B*51:03,VAPKILKPFE,44.091,38.363,41153.1
HLA-B*51:03,APKILKPFEI,2.358,2.258,20058.87
HLA-B*51:03,PKILKPFEID,91.667,90.75,47203.2
HLA-B*51:03,KILKPFEIDY,39.588,62.355,44473.26
HLA-B*51:03,ILKPFEIDYF,22.29,19.752,36392.2
HLA-B*51:03,LKPFEIDYFP,11.571,2.47,20739.49
HLA-B*51:03,KPFEIDYFPD,44.727,14.504,34152.73
HLA-B*51:03,PFEIDYFPDA,82.5,57.324,43897.18
HLA-B*51:03,FEIDYFPDAY,12.905,16.581,35124.46
HLA-B*51:03,EIDYFPDAYL,12.782,9.681,31149.17
HLA-B*51:03,IDYFPDAYLE,43.182,41.997,41774.45
HLA-B*51:03,DYFPDAYLEV,4.527,2.844,21725.07
HLA-B*51:03,YFPDAYLEVI,2.174,0.65,11694.03
HLA-B*51:03,FPDAYLEVIQ,6.851,3.272,22775.0
HLA-B*51:03,PDAYLEVIQS,39.647,36.945,40886.36
HLA-B*51:03,DAYLEVIQST,2.241,2.202,19880.18
HLA-B*51:03,AYLEVIQSTA,39.235,34.736,40449.0
HLA-B*51:03,YLEVIQSTAN,80.0,56.952,43853.04
HLA-B*51:03,LEVIQSTANH,43.909,64.675,44728.05
HLA-B*51:03,EVIQSTANHN,73.571,68.73,45132.52
HLA-B*51:03,VIQSTANHND,95.0,86.9,46820.19
HLA-B*51:03,IQSTANHNDS,86.667,83.828,46529.8
HLA-B*51:03,QSTANHNDSL,28.714,38.39,41158.01
HLA-B*51:03,STANHNDSLI,17.979,8.286,29967.95
HLA-B*51:03,TANHNDSLIY,18.598,17.307,35440.17
HLA-B*51:03,ANHNDSLIYK,51.111,76.296,45846.18
HLA-B*51:03,NHNDSLIYKY,11.248,33.029,40096.48
HLA-B*51:03,HNDSLIYKYD,76.667,68.15,45074.93
HLA-B*51:03,NDSLIYKYDC,70.714,48.377,42752.99
HLA-B*51:03,DSLIYKYDCR,60.357,49.717,42940.75
HLA-B*51:03,SLIYKYDCRP,80.0,48.929,42831.7
HLA-B*51:03,LIYKYDCRPA,52.963,18.014,35735.5
HLA-B*51:03,IYKYDCRPAP,65.455,53.559,43436.07
HLA-B*51:03,YKYDCRPAPE,70.714,56.028,43743.59
HLA-B*51:03,KYDCRPAPEH,66.818,92.525,47401.79
HLA-B*51:03,YDCRPAPEHY,23.483,42.488,41855.89
HLA-B*51:03,DCRPAPEHYE,42.385,72.041,45450.55
HLA-B*51:03,CRPAPEHYEK,25.925,27.698,38838.15
HLA-B*51:03,RPAPEHYEKV,1.25,2.282,20134.1
HLA-B*51:03,PAPEHYEKVK,59.5,71.722,45420.57
HLA-B*51:03,APEHYEKVKF,7.822,23.142,37535.54
HLA-B*51:03,PEHYEKVKFA,45.7,50.5,43043.56
HLA-B*51:03,EHYEKVKFAI,5.93,4.166,24625.49
HLA-B*51:03,HYEKVKFAIT,69.545,61.801,44412.67
HLA-B*51:03,YEKVKFAITS,54.63,40.263,41488.86
HLA-B*51:03,EKVKFAITSN,78.333,69.847,45243.49
HLA-B*51:03,KVKFAITSNN,93.333,76.124,45830.8
HLA-B*51:03,VKFAITSNNK,75.833,77.004,45909.7
HLA-B*51:03,KFAITSNNKR,59.0,79.623,46145.27
HLA-B*51:03,FAITSNNKRP,27.741,23.334,37596.1
HLA-B*51:03,AITSNNKRPK,86.667,94.812,47658.91
HLA-B*51:03,ITSNNKRPKN,95.0,93.884,47554.37
HLA-B*51:03,TSNNKRPKNT,74.286,92.109,47355.13
HLA-B*51:03,SNNKRPKNTD,95.0,95.86,48071.15
HLA-B*51:03,NNKRPKNTDA,38.667,68.174,45077.37
HLA-B*51:03,NKRPKNTDAF,37.684,56.228,43767.23
HLA-B*51:03,KRPKNTDAFD,81.25,72.328,45477.61
HLA-B*51:03,RPKNTDAFDL,10.987,13.624,33700.48
HLA-B*51:03,PKNTDAFDLA,78.333,82.026,46364.46
HLA-B*51:03,KNTDAFDLAE,81.25,84.058,46550.96
HLA-B*51:03,NTDAFDLAEH,54.074,64.363,44693.71
HLA-B*51:03,TDAFDLAEHQ,31.794,54.46,43552.31
HLA-B*51:03,DAFDLAEHQI,0.051,0.056,2990.53
HLA-B*51:03,AFDLAEHQIV,30.838,30.568,39542.45
HLA-B*51:03,FDLAEHQIVE,62.143,51.579,43181.63
HLA-B*51:03,DLAEHQIVEE,48.25,65.994,44861.83
HLA-B*51:03,LAEHQIVEEI,4.892,2.89,21845.76
HLA-B*51:03,AEHQIVEEIT,36.476,50.948,43100.86
HLA-B*51:03,EHQIVEEITD,79.167,67.052,44966.31
HLA-B*51:03,HQIVEEITDR,62.143,86.163,46749.32
HLA-B*51:03,QIVEEITDRS,81.25,88.989,47021.75
HLA-B*51:03,IVEEITDRSK,54.63,76.672,45879.92
HLA-B*51:03,VEEITDRSKD,93.333,92.516,47400.75
HLA-B*51:03,EEITDRSKDA,35.875,47.04,42556.39
HLA-B*51:03,EITDRSKDAL,23.483,38.315,41144.21
HLA-B*51:03,ITDRSKDALY,35.583,35.702,40643.34
HLA-B*51:03,TDRSKDALYS,72.857,70.95,45347.89
HLA-B*51:03,DRSKDALYSP,17.415,27.626,38818.4
HLA-B*51:03,RSKDALYSPT,59.5,52.826,43341.72
HLA-B*51:03,SKDALYSPTP,52.407,49.377,42893.84
HLA-B*51:03,KDALYSPTPE,79.167,69.621,45221.0
HLA-B*51:03,DALYSPTPEP,2.975,3.377,23026.25
HLA-B*51:03,ALYSPTPEPL,17.109,19.19,36182.54
HLA-B*51:03,LYSPTPEPLG,63.571,41.335,41667.47
HLA-B*51:03,YSPTPEPLGN,36.143,29.488,39286.99
HLA-B*51:03,SPTPEPLGND,43.091,40.412,41514.02
HLA-B*51:03,PTPEPLGNDR,64.286,89.505,47071.63
HLA-B*51:03,TPEPLGNDRL,2.315,7.405,29123.72
HLA-B*51:03,PEPLGNDRLP,44.727,49.832,42956.54
HLA-B*51:03,EPLGNDRLPL,2.86,2.652,21225.53
HLA-B*51:03,PLGNDRLPLL,37.421,51.601,43184.41
HLA-B*51:03,LGNDRLPLLE,38.833,51.524,43174.61
HLA-B*51:03,GNDRLPLLEK,75.0,90.124,47133.29
HLA-B*51:03,NDRLPLLEKA,34.192,30.109,39435.18
HLA-B*51:03,DRLPLLEKAV,11.679,11.662,32539.19
HLA-B*51:03,RLPLLEKAVI,5.012,2.538,20932.69
HLA-B*51:03,LPLLEKAVIY,4.332,2.57,21015.75
HLA-B*51:03,PLLEKAVIYK,69.545,88.647,46988.68
HLA-B*51:03,LLEKAVIYKL,22.06,22.467,37322.52
HLA-B*51:03,LEKAVIYKLG,58.5,43.152,41964.27
HLA-B*51:03,EKAVIYKLGL,16.92,16.305,35001.16
HLA-B*51:03,KAVIYKLGLC,66.818,40.513,41531.08
HLA-B*51:03,AVIYKLGLCR,76.667,71.237,45374.9
HLA-B*51:03,VIYKLGLCRG,73.571,48.549,42777.51
HLA-B*51:03,IYKLGLCRGN,100.0,88.332,46958.17
HLA-B*51:03,YKLGLCRGNP,85.0,55.74,43709.52
HLA-B*51:03,KLGLCRGNPV,65.909,27.63,38819.65
HLA-B*51:03,LGLCRGNPVA,56.0,21.277,36935.26
HLA-B*51:03,GLCRGNPVAV,45.9,53.694,43453.47
HLA-B*51:03,LCRGNPVAVN,76.667,68.661,45125.68
HLA-B*51:03,CRGNPVAVNG,93.333,61.81,44413.62
HLA-B*51:03,RGNPVAVNGA,39.647,54.209,43519.8
HLA-B*51:03,GNPVAVNGAQ,74.286,81.32,46299.8
HLA-B*51:03,NPVAVNGAQP,16.396,11.319,32311.86
HLA-B*51:03,PVAVNGAQPN,100.0,92.045,47347.96
HLA-B*51:03,VAVNGAQPNA,19.311,22.771,37418.34
HLA-B*51:03,AVNGAQPNAI,26.483,31.273,39706.2
HLA-B*51:03,VNGAQPNAIG,75.833,66.801,44941.49
HLA-B*51:03,NGAQPNAIGA,19.412,18.624,35967.85
HLA-B*51:03,GAQPNAIGAL,15.239,28.049,38933.22
HLA-B*51:03,AQPNAIGALP,24.779,20.584,36693.88
HLA-B*51:03,QPNAIGALPI,1.899,0.455,9833.65
HLA-B*51:03,PNAIGALPIT,67.273,51.769,43205.92
HLA-B*51:03,NAIGALPITK,17.845,26.491,38512.16
HLA-B*51:03,AIGALPITKT,62.5,74.854,45716.38
HLA-B*51:03,IGALPITKTF,3.682,3.955,24221.97
HLA-B*51:03,GALPITKTFL,7.51,16.657,35158.69
HLA-B*51:03,ALPITKTFLA,12.535,5.434,26674.21
HLA-B*51:03,LPITKTFLAA,3.407,0.525,10620.35
HLA-B*51:03,PITKTFLAAG,97.5,78.638,46056.49
HLA-B*51:03,ITKTFLAAGQ,73.571,70.026,45261.12
HLA-B*51:03,TKTFLAAGQK,62.5,53.6,43441.23
HLA-B*51:03,KTFLAAGQKL,17.881,20.694,36733.61
HLA-B*51:03,TFLAAGQKLR,58.0,67.8,45040.32
HLA-B*51:03,FLAAGQKLRK,38.833,54.212,43520.28
HLA-B*51:03,LAAGQKLRKM,14.404,18.894,36071.12
HLA-B*51:03,AAGQKLRKME,52.778,86.737,46804.49
HLA-B*51:03,AGQKLRKMEL,39.824,53.428,43419.16
HLA-B*51:03,GQKLRKMELV,47.875,50.777,43078.96
HLA-B*51:03,QKLRKMELVG,81.25,62.588,44498.77
HLA-B*51:03,KLRKMELVGR,77.5,86.289,46761.47
HLA-B*51:03,LRKMELVGRL,38.111,29.68,39332.93
HLA-B*51:03,RKMELVGRLL,33.357,23.939,37787.77
HLA-B*51:03,KMELVGRLLV,40.125,15.313,34542.56
HLA-B*51:03,MELVGRLLVE,56.0,24.217,37870.86
HLA-B*51:03,ELVGRLLVEG,70.0,57.788,43952.3
HLA-B*51:03,LVGRLLVEGG,97.5,66.437,44905.54
HLA-B*51:03,VGRLLVEGGK,68.182,80.591,46233.23
HLA-B*51:03,GRLLVEGGKT,93.333,93.262,47484.43
HLA-B*51:03,RLLVEGGKTN,91.667,90.416,47165.92
HLA-B*51:03,LLVEGGKTNA,37.211,53.705,43454.88
HLA-B*51:03,LVEGGKTNAD,95.0,92.489,47397.7
HLA-B*51:03,VEGGKTNADE,79.167,95.534,47922.64
HLA-B*51:03,EGGKTNADES,86.667,84.463,46588.23
HLA-B*51:03,GGKTNADESA,68.182,74.823,45713.44
HLA-B*51:03,GKTNADESAA,83.75,88.553,46979.53
HLA-B*51:03,KTNADESAAP,63.929,80.57,46231.23
HLA-B*51:03,TNADESAAPR,46.889,67.082,44969.21
HLA-B*51:03,NADESAAPRM,7.548,12.13,32841.97
HLA-B*51:03,ADESAAPRMQ,72.857,94.387,47610.98
HLA-B*51:03,DESAAPRMQA,9.801,14.702,34249.66
HLA-B*51:03,ESAAPRMQAD,46.444,45.494,42327.23
HLA-B*51:03,SAAPRMQADA,17.44,20.131,36531.85
HLA-B*51:03,AAPRMQADAH,56.25,70.553,45310.62
HLA-B*51:03,APRMQADAHL,5.295,8.232,29919.67
HLA-B*51:03,PRMQADAHLK,82.5,80.093,46187.72
HLA-B*51:03,RMQADAHLKE,81.25,78.045,46003.18
HLA-B*51:03,MQADAHLKER,34.846,48.224,42731.27
HLA-B*51:03,QADAHLKERI,7.469,9.332,30877.38
HLA-B*51:03,ADAHLKERIE,68.636,84.496,46591.27
HLA-B*51:03,DAHLKERIEN,45.4,42.45,41849.55
HLA-B*51:03,AHLKERIENI,22.75,25.185,38153.41
HLA-B*51:03,HLKERIENIW,22.47,33.16,40123.39
HLA-B*51:03,LKERIENIWV,57.5,29.421,39270.83
HLA-B*51:03,KERIENIWVL,17.0,18.309,35847.43
HLA-B*51:03,ERIENIWVLV,10.05,7.992,29703.25
HLA-B*51:03,RIENIWVLVP,63.929,42.804,41908.45
HLA-B*51:03,IENIWVLVPG,88.333,27.727,38846.12
HLA-B*51:03,ENIWVLVPGH,52.963,52.185,43259.26
HLA-B*51:03,NIWVLVPGHV,16.809,4.585,25399.15
HLA-B*51:03,IWVLVPGHVF,17.865,13.736,33761.8
HLA-B*51:03,WVLVPGHVFD,58.5,31.275,39706.64
HLA-B*51:03,VLVPGHVFDA,47.125,39.049,41278.88
HLA-B*51:03,LVPGHVFDAC,39.588,19.729,36383.54
HLA-B*51:03,VPGHVFDACN,68.182,29.986,39406.2
HLA-B*51:03,PGHVFDACNC,97.5,82.306,46390.06
HLA-B*51:03,GHVFDACNCK,72.857,67.313,44992.1
HLA-B*51:03,HVFDACNCKE,54.63,62.293,44466.52
HLA-B*51:03,VFDACNCKEL,50.185,29.647,39324.84
HLA-B*51:03,FDACNCKELD,95.0,51.189,43131.67
HLA-B*51:03,DACNCKELDP,55.0,36.893,40876.18
HLA-B*51:03,ACNCKELDPI,72.857,35.804,40663.58
HLA-B*51:03,CNCKELDPII,31.147,14.175,33992.36
HLA-B*51:03,NCKELDPIII,15.31,18.302,35845.09
HLA-B*51:03,CKELDPIIIE,75.833,69.104,45169.65
HLA-B*51:03,KELDPIIIEL,8.584,24.714,38017.41
HLA-B*51:03,ELDPIIIELL,9.891,18.153,35788.13
HLA-B*51:03,LDPIIIELLG,23.471,4.495,25257.46
HLA-B*51:03,DPIIIELLGA,2.761,0.884,13611.91
HLA-B*51:03,PIIIELLGAF,55.75,38.429,41165.12
HLA-B*51:03,IIIELLGAFV,23.046,8.223,29911.91
HLA-B*51:03,IIELLGAFVI,24.727,5.52,26796.85
HLA-B*51:03,IELLGAFVIL,22.76,11.318,32311.51
HLA-B*51:03,ELLGAFVILD,49.857,43.878,42075.19
HLA-B*51:03,LLGAFVILDK,86.667,68.361,45095.92
HLA-B*51:03,LGAFVILDKA,29.091,9.68,31148.5
HLA-B*51:03,GAFVILDKAR,56.5,56.532,43803.23
HLA-B*51:03,AFVILDKARG,93.333,83.773,46524.77
HLA-B*51:03,FVILDKARGG,73.571,57.16,43877.71
HLA-B*51:03,VILDKARGGD,97.5,95.368,47846.98
HLA-B*51:03,ILDKARGGDW,56.5,43.47,42012.88
HLA-B*51:03,LDKARGGDWQ,95.0,94.007,47568.26
HLA-B*51:03,DKARGGDWQD,68.182,65.714,44834.15
HLA-B*51:03,KARGGDWQDI,15.806,20.408,36630.79
HLA-B*51:03,ARGGDWQDIL,51.852,60.747,44297.48
HLA-B*51:03,RGGDWQDILL,37.684,39.609,41376.34
HLA-B*51:03,GGDWQDILLG,73.571,59.616,44170.2
HLA-B*51:03,GDWQDILLGK,65.909,75.941,45814.43
HLA-B*51:03,DWQDILLGKR,53.333,78.14,46011.66
HLA-B*51:03,WQDILLGKRL,31.412,23.769,37733.85
HLA-B*51:03,QDILLGKRLV,20.317,15.95,34841.71
HLA-B*51:03,DILLGKRLVG,29.977,32.78,40042.3
HLA-B*51:03,ILLGKRLVGF,35.708,30.257,39469.76
HLA-B*51:03,LLGKRLVGFD,93.333,76.207,45838.22
HLA-B*51:03,LGKRLVGFDM,62.5,31.569,39773.71
HLA-B*51:03,GKRLVGFDMR,91.667,92.649,47415.64
HLA-B*51:03,KRLVGFDMRQ,88.333,92.919,47445.92
HLA-B*51:03,RLVGFDMRQI,33.571,22.853,37444.27
HLA-B*51:03,LVGFDMRQIL,13.644,9.21,30774.3
HLA-B*51:03,VGFDMRQILL,9.877,6.369,27909.2
HLA-B*51:03,GFDMRQILLV,33.964,13.678,33729.66
HLA-B*51:03,FDMRQILLVV,17.819,2.755,21490.12
HLA-B*51:03,DMRQILLVVG,29.705,14.622,34210.79
HLA-B*51:03,MRQILLVVGK,47.875,45.706,42359.32
HLA-B*51:03,RQILLVVGKS,80.0,73.126,45552.96
HLA-B*51:03,QILLVVGKSL,30.946,28.988,39167.31
HLA-B*51:03,ILLVVGKSLA,55.25,36.332,40767.12
HLA-B*51:03,LLVVGKSLAE,81.25,77.442,45948.98
HLA-B*51:03,LVVGKSLAEV,24.143,12.61,33126.76
HLA-B*51:03,VVGKSLAEVS,75.0,66.737,44935.18
HLA-B*51:03,VGKSLAEVSI,19.311,11.254,32268.88
HLA-B*51:03,GKSLAEVSIT,88.333,80.936,46264.76
HLA-B*51:03,KSLAEVSITY,23.241,35.839,40670.61
HLA-B*51:03,SLAEVSITYL,12.0,14.786,34291.2
HLA-B*51:03,LAEVSITYLQ,28.327,27.764,38856.22
HLA-B*51:03,AEVSITYLQS,63.214,55.088,43632.49
HLA-B*51:03,EVSITYLQSH,39.353,52.567,43308.41
HLA-B*51:03,VSITYLQSHI,11.321,2.658,21240.0
HLA-B*51:03,SITYLQSHIS,54.444,38.375,41155.32
HLA-B*51:03,ITYLQSHISG,55.25,26.722,38573.46
HLA-B*51:03,TYLQSHISGC,52.407,52.327,43277.51
HLA-B*51:03,YLQSHISGCD,91.667,63.163,44561.89
HLA-B*51:03,LQSHISGCDR,80.0,75.382,45764.41
HLA-B*51:03,QSHISGCDRE,86.667,84.606,46601.34
HLA-B*51:03,SHISGCDREE,80.0,84.721,46611.95
HLA-B*51:03,HISGCDREET,85.0,88.968,47019.69
HLA-B*51:03,ISGCDREETW,34.962,35.212,40545.85
HLA-B*51:03,SGCDREETWK,76.667,90.906,47220.58
HLA-B*51:03,GCDREETWKH,75.0,95.662,47980.75
HLA-B*51:03,CDREETWKHP,69.545,63.234,44569.59
HLA-B*51:03,DREETWKHPQ,68.182,78.339,46029.59
HLA-B*51:03,REETWKHPQT,74.286,76.8,45891.34
HLA-B*51:03,EETWKHPQTV,2.748,2.944,21987.57
HLA-B*51:03,ETWKHPQTVH,13.007,16.309,35003.05
HLA-B*51:03,TWKHPQTVHI,15.966,18.663,35982.65
HLA-B*51:03,WKHPQTVHIL,14.57,17.684,35597.72
HLA-B*51:03,KHPQTVHILQ,45.2,45.276,42294.27
HLA-B*51:03,HPQTVHILQG,21.237,9.912,31316.1
HLA-B*51:03,PQTVHILQGA,74.286,63.005,44544.54
HLA-B*51:03,QTVHILQGAF,34.077,23.84,37756.3
HLA-B*51:03,TVHILQGAFQ,69.545,55.08,43631.54
HLA-B*51:03,VHILQGAFQM,20.228,15.479,34620.39
HLA-B*51:03,HILQGAFQMR,44.0,53.745,43460.03
HLA-B*51:03,ILQGAFQMRL,27.722,19.9,36447.77
HLA-B*51:03,LQGAFQMRLE,71.429,50.16,43000.25
HLA-B*51:03,QGAFQMRLEP,33.429,19.385,36255.04
HLA-B*51:03,GAFQMRLEPT,55.75,30.527,39533.02
HLA-B*51:03,AFQMRLEPTN,95.0,72.709,45513.55
HLA-B*51:03,FQMRLEPTNF,19.507,8.204,29894.44
HLA-B*51:03,QMRLEPTNFI,13.321,8.714,30347.43
HLA-B*51:03,MRLEPTNFIN,44.0,30.951,39632.39
HLA-B*51:03,RLEPTNFINA,50.185,48.526,42774.28
HLA-B*51:03,LEPTNFINAI,1.344,0.257,7022.97
HLA-B*51:03,EPTNFINAIC,4.518,2.774,21540.17
HLA-B*51:03,PTNFINAICV,48.875,19.527,36308.04
HLA-B*51:03,TNFINAICVV,18.671,4.216,24719.99
HLA-B*51:03,NFINAICVVE,65.0,38.344,41149.54
HLA-B*51:03,FINAICVVET,56.5,41.162,41639.51
HLA-B*51:03,INAICVVETL,6.728,3.129,22437.46
HLA-B*51:03,NAICVVETLS,13.563,8.057,29762.11
HLA-B*51:03,AICVVETLSA,63.571,48.916,42829.84
HLA-B*51:03,ICVVETLSAA,42.538,29.613,39316.75
HLA-B*51:03,CVVETLSAAQ,88.333,58.304,44013.71
HLA-B*51:03,VVETLSAAQA,49.857,38.814,41236.01
HLA-B*51:03,VETLSAAQAT,55.75,47.511,42626.43
HLA-B*51:03,ETLSAAQATT,32.29,32.234,39923.32
HLA-B*51:03,TLSAAQATTS,71.429,71.096,45361.64
HLA-B*51:03,LSAAQATTSV,5.564,4.605,25429.12
HLA-B*51:03,SAAQATTSVS,15.612,26.862,38610.64
HLA-B*51:03,AAQATTSVSK,44.909,62.922,44535.37
HLA-B*51:03,AQATTSVSKS,68.636,79.391,46124.29
HLA-B*51:03,QATTSVSKSV,7.842,9.591,31084.87
HLA-B*51:03,ATTSVSKSVT,59.0,67.037,44964.86
HLA-B*51:03,TTSVSKSVTV,10.752,8.832,30451.04
HLA-B*51:03,TSVSKSVTVW,13.511,15.409,34587.43
HLA-B*51:03,SVSKSVTVWI,20.821,9.546,31052.25
HLA-B*51:03,VSKSVTVWIS,59.0,34.159,40329.71
HLA-B*51:03,SKSVTVWISS,76.667,50.959,43102.28
HLA-B*51:03,KSVTVWISSN,95.0,68.652,45124.69
HLA-B*51:03,SVTVWISSNF,32.774,17.126,35365.08
HLA-B*51:03,VTVWISSNFA,29.705,13.505,33634.91
HLA-B*51:03,TVWISSNFAA,19.439,11.839,32657.36
HLA-B*51:03,VWISSNFAAV,31.088,11.792,32626.27
HLA-B*51:03,WISSNFAAVA,59.25,14.807,34301.59
HLA-B*51:03,ISSNFAAVAF,26.633,12.634,33141.1
HLA-B*51:03,SSNFAAVAFC,51.296,23.411,37620.5
HLA-B*51:03,SNFAAVAFCF,35.708,10.631,31833.68
HLA-B*51:03,NFAAVAFCFI,19.791,0.898,13732.61
HLA-B*51:03,FAAVAFCFIK,37.737,5.83,27212.62
HLA-B*51:03,AAVAFCFIKI,16.831,4.456,25181.88
HLA-B*51:03,AVAFCFIKIP,53.704,22.725,37403.77
HLA-B*51:03,VAFCFIKIPL,9.741,1.743,18154.79
HLA-B*51:03,AFCFIKIPLA,54.074,37.656,41021.09
HLA-B*51:03,FCFIKIPLAV,10.242,3.869,24049.62
HLA-B*51:03,CFIKIPLAVA,56.25,23.079,37515.64
HLA-B*51:03,FIKIPLAVAR,38.444,42.42,41844.55
HLA-B*51:03,IKIPLAVARR,70.0,78.583,46051.5
HLA-B*51:03,KIPLAVARRV,5.809,2.765,21516.41
HLA-B*51:03,IPLAVARRVN,8.08,4.155,24603.64
HLA-B*51:03,PLAVARRVNT,97.5,87.742,46901.3
HLA-B*51:03,LAVARRVNTN,85.0,56.404,43788.09
HLA-B*51:03,AVARRVNTNQ,86.667,92.607,47411.02
HLA-B*51:03,VARRVNTNQP,36.476,39.396,41339.21
HLA-B*51:03,ARRVNTNQPP,72.143,84.003,46545.92
HLA-B*51:03,RRVNTNQPPG,95.0,83.965,46542.38
HLA-B*51:03,RVNTNQPPGL,44.091,55.088,43632.49
HLA-B*51:03,VNTNQPPGLV,17.016,17.984,35723.52
HLA-B*51:03,NTNQPPGLVD,45.3,44.063,42103.88
HLA-B*51:03,TNQPPGLVDK,54.815,80.63,46236.72
HLA-B*51:03,NQPPGLVDKV,2.15,4.119,24535.86
HLA-B*51:03,QPPGLVDKVY,5.392,16.843,35242.09
HLA-B*51:03,PPGLVDKVYE,70.0,74.41,45674.36
HLA-B*51:03,PGLVDKVYEV,35.708,41.874,41754.57
HLA-B*51:03,GLVDKVYEVY,48.0,59.704,44180.71
HLA-B*51:03,LVDKVYEVYE,64.286,67.913,45051.53
HLA-B*51:03,VDKVYEVYEA,54.815,48.805,42814.1
HLA-B*51:03,DKVYEVYEAG,41.25,27.548,38796.97
HLA-B*51:03,KVYEVYEAGT,53.704,58.028,43980.86
HLA-B*51:03,VYEVYEAGTG,86.667,66.442,44906.0
HLA-B*51:03,YEVYEAGTGL,8.718,9.428,30958.65
HLA-B*51:03,EVYEAGTGLD,24.857,30.867,39612.67
HLA-B*51:03,VYEAGTGLDA,57.25,41.419,41680.99
HLA-B*51:03,YEAGTGLDAR,45.9,53.592,43440.3
HLA-B*51:03,EAGTGLDARA,32.548,29.56,39304.0
HLA-B*51:03,AGTGLDARAM,46.444,53.37,43411.62
HLA-B*51:03,GTGLDARAMK,71.429,87.142,46843.5
HLA-B*51:03,TGLDARAMKQ,66.364,82.459,46404.12
HLA-B*51:03,GLDARAMKQE,91.667,96.352,48296.38
HLA-B*51:03,LDARAMKQES,75.0,65.989,44861.34
HLA-B*51:03,DARAMKQESA,7.989,7.964,29676.25
HLA-B*51:03,ARAMKQESAP,49.143,60.088,44225.66
HLA-B*51:03,RAMKQESAPN,90.0,57.24,43887.21
HLA-B*51:03,AMKQESAPNN,93.333,89.189,47041.07
HLA-B*51:03,MKQESAPNNS,62.143,72.416,45485.97
HLA-B*51:03,KQESAPNNSM,28.633,59.364,44140.09
HLA-B*51:03,QESAPNNSMA,26.85,36.08,40718.16
HLA-B*51:03,ESAPNNSMAI,2.358,2.566,21004.62
HLA-B*51:03,SAPNNSMAIP,23.253,18.08,35760.63
HLA-B*51:03,APNNSMAIPE,56.75,46.013,42405.62
HLA-B*51:03,PNNSMAIPED,100.0,95.555,47931.97
HLA-B*51:03,NNSMAIPEDA,47.625,31.736,39812.05
HLA-B*51:03,NSMAIPEDAA,24.052,13.441,33600.35
HLA-B*51:03,SMAIPEDAAR,50.556,60.923,44316.65
HLA-B*51:03,MAIPEDAARP,23.678,15.219,34498.48
HLA-B*51:03,AIPEDAARPS,59.0,67.003,44961.44
HLA-B*51:03,IPEDAARPSP,14.067,19.286,36218.19
HLA-B*51:03,PEDAARPSPV,27.241,44.73,42209.7
HLA-B*51:03,EDAARPSPVA,10.814,12.734,33200.68
HLA-B*51:03,DAARPSPVAN,19.257,22.962,37478.71
HLA-B*51:03,AARPSPVANS,42.538,57.008,43859.68
HLA-B*51:03,ARPSPVANSV,1.154,2.87,21793.6
HLA-B*51:03,RPSPVANSVV,1.098,1.525,17222.76
HLA-B*51:03,PSPVANSVVM,19.48,14.606,34202.65
HLA-B*51:03,SPVANSVVMI,1.151,0.724,12287.32
HLA-B*51:03,PVANSVVMID,91.667,65.187,44782.28
HLA-B*51:03,VANSVVMIDH,52.222,51.944,43228.36
HLA-B*51:03,ANSVVMIDHT,85.0,70.198,45277.29
HLA-B*51:03,NSVVMIDHTQ,53.704,52.491,43298.59
HLA-B*51:03,SVVMIDHTQV,12.938,9.465,30989.83
HLA-B*51:03,VVMIDHTQVR,39.529,40.149,41469.57
HLA-B*51:03,VMIDHTQVRH,45.0,64.051,44659.39
HLA-B*51:03,MIDHTQVRHS,59.25,56.988,43857.31
HLA-B*51:03,IDHTQVRHSL,19.716,24.756,38029.77
HLA-B*51:03,DHTQVRHSLH,30.243,40.662,41556.26
HLA-B*51:03,HTQVRHSLHV,17.953,9.945,31340.17
HLA-B*51:03,TQVRHSLHVI,13.763,8.209,29898.97
HLA-B*51:03,QVRHSLHVIN,46.222,51.083,43118.13
HLA-B*51:03,VRHSLHVING,91.667,66.663,44927.88
HLA-B*51:03,RHSLHVINGG,86.667,59.024,44099.52
HLA-B*51:03,HSLHVINGGP,52.037,44.859,42230.25
HLA-B*51:03,SLHVINGGPN,95.0,75.393,45765.38
HLA-B*51:03,LHVINGGPNK,66.364,63.282,44574.91
HLA-B*51:03,HVINGGPNKA,33.036,48.302,42742.35
HLA-B*51:03,VINGGPNKAI,23.207,33.8,40255.57
HLA-B*51:03,INGGPNKAIK,71.429,87.468,46874.93
HLA-B*51:03,NGGPNKAIKG,88.333,85.142,46651.29
HLA-B*51:03,GGPNKAIKGE,76.667,95.203,47771.99
HLA-B*51:03,GPNKAIKGEE,68.636,83.757,46523.27
HLA-B*51:03,PNKAIKGEEF,63.571,84.578,46598.84
HLA-B*51:03,NKAIKGEEFT,45.4,57.82,43956.13
HLA-B*51:03,KAIKGEEFTG,71.429,65.778,44840.48
HLA-B*51:03,AIKGEEFTGI,35.292,39.344,41330.26
HLA-B*51:03,IKGEEFTGIF,44.455,32.815,40050.1
HLA-B*51:03,KGEEFTGIFA,45.1,43.807,42064.28
HLA-B*51:03,GEEFTGIFAI,16.289,9.894,31302.9
HLA-B*51:03,EEFTGIFAII,5.576,2.123,19635.84
HLA-B*51:03,EFTGIFAIIE,63.929,39.159,41298.07
HLA-B*51:03,FTGIFAIIEV,13.415,4.999,26048.73
HLA-B*51:03,TGIFAIIEVP,30.865,17.578,35553.46
HLA-B*51:03,GIFAIIEVPK,74.286,68.612,45120.79
HLA-B*51:03,IFAIIEVPKP,32.71,29.982,39405.34
HLA-B*51:03,FAIIEVPKPR,30.081,29.545,39300.6
HLA-B*51:03,AIIEVPKPRL,16.622,34.975,40498.5
HLA-B*51:03,IIEVPKPRLE,59.25,78.001,45999.2
HLA-B*51:03,IEVPKPRLEA,21.526,28.334,39004.07
HLA-B*51:03,EVPKPRLEAK,20.789,44.359,42150.83
HLA-B*51:03,VPKPRLEAKL,1.287,3.919,24149.49
HLA-B*51:03,PKPRLEAKLA,41.25,40.862,41589.99
HLA-B*51:03,KPRLEAKLAY,10.922,22.901,37459.67
HLA-B*51:03,PRLEAKLAYI,47.0,39.067,41281.99
HLA-B*51:03,RLEAKLAYIF,41.0,28.402,39020.95
HLA-B*51:03,LEAKLAYIFD,75.0,32.571,39996.82
HLA-B*51:03,EAKLAYIFDD,75.0,37.119,40919.57
HLA-B*51:03,AKLAYIFDDG,100.0,85.084,46645.75
HLA-B*51:03,KLAYIFDDGQ,90.0,80.794,46251.72
HLA-B*51:03,LAYIFDDGQL,11.269,4.123,24543.82
HLA-B*51:03,AYIFDDGQLA,30.162,30.774,39590.8
HLA-B*51:03,YIFDDGQLAV,4.762,3.013,22167.68
HLA-B*51:03,IFDDGQLAVL,15.097,25.16,38146.4
HLA-B*51:03,FDDGQLAVLS,60.357,49.852,42959.34
HLA-B*51:03,DDGQLAVLSN,77.5,50.346,43023.99
HLA-B*51:03,DGQLAVLSNV,4.574,1.707,18003.39
HLA-B*51:03,GQLAVLSNVT,76.667,63.212,44567.18
HLA-B*51:03,QLAVLSNVTN,83.75,60.8,44303.25
HLA-B*51:03,LAVLSNVTND,90.0,46.871,42531.53
HLA-B*51:03,AVLSNVTNDI,28.347,20.348,36609.39
HLA-B*51:03,VLSNVTNDIL,35.0,25.951,38368.25
HLA-B*51:03,LSNVTNDILM,36.048,13.983,33897.59
HLA-B*51:03,SNVTNDILMD,81.25,74.055,45640.77
HLA-B*51:03,NVTNDILMDS,78.333,67.874,45047.64
HLA-B*51:03,VTNDILMDSA,28.102,23.916,37780.41
HLA-B*51:03,TNDILMDSAT,72.857,53.512,43429.97
HLA-B*51:03,NDILMDSATQ,77.5,71.722,45420.57
HLA-B*51:03,DILMDSATQK,47.25,57.44,43910.97
HLA-B*51:03,ILMDSATQKR,54.815,71.962,45443.19
HLA-B*51:03,LMDSATQKRS,77.5,74.139,45648.68
HLA-B*51:03,MDSATQKRSN,91.667,74.609,45693.16
HLA-B*51:03,DSATQKRSNM,13.622,26.523,38520.51
HLA-B*51:03,SATQKRSNMG,64.286,66.993,44960.48
HLA-B*51:03,ATQKRSNMGN,95.0,91.766,47316.73
HLA-B*51:03,TQKRSNMGNH,76.667,90.947,47225.18
HLA-B*51:03,QKRSNMGNHM,49.571,66.983,44959.5
HLA-B*51:03,KRSNMGNHMG,93.333,84.628,46603.38
HLA-B*51:03,RSNMGNHMGL,37.421,27.02,38652.85
HLA-B*51:03,SNMGNHMGLA,44.091,26.992,38645.32
HLA-B*51:03,NMGNHMGLAP,62.857,37.005,40897.89
HLA-B*51:03,MGNHMGLAPA,44.0,10.084,31440.03
HLA-B*51:03,GNHMGLAPAM,40.125,29.693,39335.89
HLA-B*51:03,NHMGLAPAMI,18.75,3.805,23921.15
HLA-B*51:03,HMGLAPAMIE,65.455,46.473,42473.12
HLA-B*51:03,MGLAPAMIED,91.667,36.325,40765.77
HLA-B*51:03,GLAPAMIEDE,86.667,93.916,47557.95
HLA-B*51:03,LAPAMIEDEL,6.237,3.99,24291.52
HLA-B*51:03,APAMIEDELD,34.923,29.247,39229.21
HLA-B*51:03,PAMIEDELDL,40.0,38.729,41220.4
HLA-B*51:03,AMIEDELDLH,59.0,75.504,45775.3
HLA-B*51:03,MIEDELDLHV,9.86,7.963,29675.29
HLA-B*51:03,IEDELDLHVL,7.294,17.356,35460.89
HLA-B*51:03,EDELDLHVLT,33.071,35.945,40691.76
HLA-B*51:03,DELDLHVLTG,32.774,22.165,37227.34
HLA-B*51:03,ELDLHVLTGV,10.537,11.169,32212.72
HLA-B*51:03,LDLHVLTGVK,41.583,48.516,42772.9
HLA-B*51:03,DLHVLTGVKT,28.98,30.411,39505.67
HLA-B*51:03,LHVLTGVKTL,17.679,15.567,34661.61
HLA-B*51:03,HVLTGVKTLK,32.548,54.227,43522.16
HLA-B*51:03,VLTGVKTLKI,20.675,14.633,34215.98
HLA-B*51:03,LTGVKTLKIH,59.0,48.627,42788.62
HLA-B*51:03,TGVKTLKIHS,77.5,70.908,45343.98
HLA-B*51:03,GVKTLKIHSL,29.25,53.479,43425.74
HLA-B*51:03,VKTLKIHSLT,48.625,42.82,41911.18
HLA-B*51:03,KTLKIHSLTP,46.111,35.896,40682.07
HLA-B*51:03,TLKIHSLTPD,83.75,66.137,44875.89
HLA-B*51:03,LKIHSLTPDW,32.419,22.286,37265.22
HLA-B*51:03,KIHSLTPDWF,46.444,37.171,40929.31
HLA-B*51:03,IHSLTPDWFL,24.987,11.595,32494.86
HLA-B*51:03,HSLTPDWFLE,45.5,33.781,40251.65
HLA-B*51:03,SLTPDWFLEL,11.93,11.023,32116.66
HLA-B*51:03,LTPDWFLELM,9.189,2.323,20264.58
HLA-B*51:03,TPDWFLELMD,27.852,8.487,30150.4
HLA-B*51:03,PDWFLELMDG,97.5,75.952,45815.44
HLA-B*51:03,DWFLELMDGE,65.455,73.606,45598.31
HLA-B*51:03,WFLELMDGEL,55.25,17.56,35545.76
HLA-B*51:03,FLELMDGELA,52.407,24.957,38089.07
HLA-B*51:03,LELMDGELAQ,66.818,56.752,43829.32
HLA-B*51:03,ELMDGELAQF,13.501,15.555,34656.0
HLA-B*51:03,LMDGELAQFE,66.364,63.001,44544.05
HLA-B*51:03,MDGELAQFEN,93.333,62.939,44537.3
HLA-B*51:03,DGELAQFENP,41.083,32.45,39970.44
HLA-B*51:03,GELAQFENPK,64.643,76.96,45905.73
HLA-B*51:03,ELAQFENPKN,73.571,71.879,45435.31
HLA-B*51:03,LAQFENPKNA,8.153,11.54,32458.67
HLA-B*51:03,AQFENPKNAE,34.808,77.171,45924.62
HLA-B*51:03,QFENPKNAEA,36.714,48.244,42734.02
HLA-B*51:03,FENPKNAEAT,37.421,41.927,41763.14
HLA-B*51:03,ENPKNAEATA,10.072,16.493,35085.34
HLA-B*51:03,NPKNAEATAI,1.363,1.554,17336.24
HLA-B*51:03,PKNAEATAIL,54.074,64.016,44655.53
HLA-B*51:03,KNAEATAILQ,75.833,80.005,46179.74
HLA-B*51:03,NAEATAILQV,2.781,2.086,19520.18
HLA-B*51:03,AEATAILQVG,33.321,38.586,41194.09
HLA-B*51:03,EATAILQVGM,7.486,6.75,28375.35
HLA-B*51:03,ATAILQVGMD,88.333,66.644,44925.93
HLA-B*51:03,TAILQVGMDK,56.25,49.135,42860.43
HLA-B*51:03,AILQVGMDKK,75.0,86.168,46749.83
HLA-B*51:03,ILQVGMDKKF,39.353,40.785,41576.93
HLA-B*51:03,LQVGMDKKFI,23.977,20.456,36648.25
HLA-B*51:03,QVGMDKKFIQ,82.5,87.1,46839.46
HLA-B*51:03,VGMDKKFIQV,9.661,7.259,28962.21
HLA-B*51:03,GMDKKFIQVI,23.172,20.77,36760.64
HLA-B*51:03,MDKKFIQVIA,37.842,18.813,36039.92
HLA-B*51:03,DKKFIQVIAF,23.736,24.451,37939.75
HLA-B*51:03,KKFIQVIAFV,39.824,24.976,38094.82
HLA-B*51:03,KFIQVIAFVI,46.333,16.766,35207.4
HLA-B*51:03,FIQVIAFVIN,75.833,30.325,39485.57
HLA-B*51:03,IQVIAFVINT,66.818,50.485,43041.7
HLA-B*51:03,QVIAFVINTS,60.0,49.199,42869.25
HLA-B*51:03,VIAFVINTSS,44.091,30.907,39622.09
HLA-B*51:03,IAFVINTSSW,5.575,1.546,17303.26
HLA-B*51:03,AFVINTSSWS,75.0,66.599,44921.56
HLA-B*51:03,FVINTSSWSS,60.0,29.721,39342.72
HLA-B*51:03,VINTSSWSSR,70.714,73.058,45546.55
HLA-B*51:03,INTSSWSSRF,36.19,19.845,36427.25
HLA-B*51:03,NTSSWSSRFF,18.116,10.382,31654.04
HLA-B*51:03,TSSWSSRFFR,49.429,31.252,39701.49
HLA-B*51:03,SSWSSRFFRT,54.63,20.745,36751.88
HLA-B*51:03,SWSSRFFRTH,67.273,63.853,44637.65
HLA-B*51:03,WSSRFFRTHV,15.836,3.866,24043.89
HLA-B*51:03,SSRFFRTHVF,18.823,8.286,29968.28
HLA-B*51:03,SRFFRTHVFL,31.647,15.896,34816.46
HLA-B*51:03,RFFRTHVFLA,59.0,28.893,39143.57
HLA-B*51:03,FFRTHVFLAQ,83.75,51.557,43178.82
HLA-B*51:03,FRTHVFLAQT,62.143,32.585,39999.87
HLA-B*51:03,RTHVFLAQTC,51.111,31.921,39854.28
HLA-B*51:03,THVFLAQTCR,45.2,42.223,41811.97
HLA-B*51:03,HVFLAQTCRE,56.25,58.128,43992.77
HLA-B*51:03,VFLAQTCREE,91.667,82.623,46419.18
HLA-B*51:03,FLAQTCREEY,42.462,22.914,37463.71
HLA-B*51:03,LAQTCREEYV,20.593,7.13,28819.98
HLA-B*51:03,AQTCREEYVK,83.75,82.662,46422.71
HLA-B*51:03,QTCREEYVKF,25.507,37.377,40968.29
HLA-B*51:03,TCREEYVKFW,27.685,36.618,40822.71
HLA-B*51:03,CREEYVKFWP,91.667,59.52,44158.71
HLA-B*51:03,REEYVKFWPT,75.0,42.834,41913.45
HLA-B*51:03,EEYVKFWPTD,66.818,37.611,41012.65
HLA-B*51:03,EYVKFWPTDP,58.5,43.464,42011.96
HLA-B*51:03,YVKFWPTDPA,40.125,9.29,30841.32
HLA-B*51:03,VKFWPTDPAA,30.324,26.116,38412.7
HLA-B*51:03,KFWPTDPAAE,73.571,83.001,46453.86
HLA-B*51:03,FWPTDPAAEE,19.993,30.538,39535.59
HLA-B*51:03,WPTDPAAEET,15.552,12.096,32822.07
HLA-B*51:03,PTDPAAEETS,91.667,95.537,47924.18
HLA-B*51:03,TDPAAEETSA,19.432,30.445,39513.77
HLA-B*51:03,DPAAEETSAD,34.385,43.911,42080.21
HLA-B*51:03,PAAEETSADL,22.42,40.604,41546.38
HLA-B*51:03,AAEETSADLK,44.455,63.528,44601.91
HLA-B*51:03,AEETSADLKL,27.296,47.118,42567.89
HLA-B*51:03,EETSADLKLR,39.118,61.661,44397.29
HLA-B*51:03,ETSADLKLRV,6.359,8.391,30063.44
HLA-B*51:03,TSADLKLRVG,26.1,40.58,41542.33
HLA-B*51:03,SADLKLRVGV,7.444,6.813,28451.91
HLA-B*51:03,ADLKLRVGVL,31.206,34.552,40410.94
HLA-B*51:03,DLKLRVGVLG,38.667,34.125,40322.71
HLA-B*51:03,LKLRVGVLGC,73.571,58.136,43993.71
HLA-B*51:03,KLRVGVLGCQ,90.0,89.853,47105.25
HLA-B*51:03,LRVGVLGCQY,61.071,43.149,41963.81
HLA-B*51:03,RVGVLGCQYV,46.778,21.918,37148.08
HLA-B*51:03,VGVLGCQYVS,69.091,45.864,42383.15
HLA-B*51:03,GVLGCQYVSQ,93.333,93.591,47521.44
HLA-B*51:03,VLGCQYVSQS,93.333,76.118,45830.3
HLA-B*51:03,LGCQYVSQSV,24.221,9.359,30899.77
HLA-B*51:03,GCQYVSQSVK,67.273,62.935,44536.81
HLA-B*51:03,CQYVSQSVKQ,72.857,65.379,44801.2
HLA-B*51:03,QYVSQSVKQG,86.667,88.426,46967.32
HLA-B*51:03,YVSQSVKQGQ,70.0,82.974,46451.34
HLA-B*51:03,VSQSVKQGQK,61.071,79.291,46115.31
HLA-B*51:03,SQSVKQGQKF,25.209,41.919,41761.79
HLA-B*51:03,QSVKQGQKFP,47.75,63.392,44586.96
HLA-B*51:03,SVKQGQKFPN,91.667,84.89,46627.58
HLA-B*51:03,VKQGQKFPNR,80.0,92.47,47395.62
HLA-B*51:03,KQGQKFPNRV,36.429,42.123,41795.25
HLA-B*51:03,QGQKFPNRVW,26.133,35.236,40550.66
HLA-B*51:03,GQKFPNRVWQ,67.273,90.014,47121.05
HLA-B*51:03,QKFPNRVWQI,6.622,8.967,30568.57
HLA-B*51:03,KFPNRVWQIG,69.545,24.478,37947.55
HLA-B*51:03,FPNRVWQIGT,12.41,2.742,21456.9
HLA-B*51:03,PNRVWQIGTY,71.429,69.05,45164.26
HLA-B*51:03,NRVWQIGTYI,8.914,3.727,23767.65
HLA-B*51:03,RVWQIGTYIN,46.667,33.44,40181.18
HLA-B*51:03,VWQIGTYING,91.667,62.531,44492.51
HLA-B*51:03,WQIGTYINGQ,72.857,66.422,44904.06
HLA-B*51:03,QIGTYINGQN,97.5,90.677,47195.04
HLA-B*51:03,IGTYINGQNH,49.714,61.024,44327.69
HLA-B*51:03,GTYINGQNHF,22.24,28.631,39077.99
HLA-B*51:03,TYINGQNHFM,16.973,26.609,38543.42
HLA-B*51:03,YINGQNHFMG,69.545,43.574,42028.79
HLA-B*51:03,INGQNHFMGS,95.0,76.633,45876.43
HLA-B*51:03,NGQNHFMGSN,90.0,68.524,45112.0
HLA-B*51:03,GQNHFMGSNK,46.0,78.865,46076.9
HLA-B*51:03,QNHFMGSNKA,33.857,30.339,39488.98
HLA-B*51:03,NHFMGSNKAS,54.259,40.601,41545.92
HLA-B*51:03,HFMGSNKASY,19.554,40.516,41531.54
HLA-B*51:03,FMGSNKASYI,18.744,6.436,27994.79
HLA-B*51:03,MGSNKASYIR,36.619,27.465,38774.31
HLA-B*51:03,GSNKASYIRR,82.5,94.968,47676.46
HLA-B*51:03,SNKASYIRRE,73.571,93.568,47518.86
HLA-B*51:03,NKASYIRREG,76.667,53.373,43412.1
HLA-B*51:03,KASYIRREGS,85.0,76.063,45825.34
HLA-B*51:03,ASYIRREGSQ,85.0,86.489,46780.68
HLA-B*51:03,SYIRREGSQV,34.115,28.651,39083.05
HLA-B*51:03,YIRREGSQVR,59.0,59.388,44142.94
HLA-B*51:03,IRREGSQVRY,51.481,73.653,45602.75
HLA-B*51:03,RREGSQVRYT,75.833,86.589,46790.3
HLA-B*51:03,REGSQVRYTE,75.0,78.654,46057.98
HLA-B*51:03,EGSQVRYTET,48.875,43.69,42046.52
HLA-B*51:03,GSQVRYTETQ,90.0,92.919,47445.92
HLA-B*51:03,SQVRYTETQA,42.077,41.712,41728.38
HLA-B*51:03,QVRYTETQAG,66.364,60.47,44267.29
HLA-B*51:03,VRYTETQAGV,26.917,26.162,38424.76
HLA-B*51:03,RYTETQAGVV,47.375,33.491,40191.6
HLA-B*51:03,YTETQAGVVT,49.286,41.427,41682.34
HLA-B*51:03,TETQAGVVTS,46.778,58.944,44089.96
HLA-B*51:03,ETQAGVVTSE,32.065,64.508,44709.68
HLA-B*51:03,TQAGVVTSEI,6.234,4.226,24738.46
HLA-B*51:03,QAGVVTSEIL,17.187,14.304,34054.94
HLA-B*51:03,AGVVTSEILT,59.5,57.128,43873.91
HLA-B*51:03,GVVTSEILTA,56.0,56.212,43765.34
HLA-B*51:03,VVTSEILTAL,17.425,19.632,36347.33
HLA-B*51:03,VTSEILTALA,25.194,18.16,35790.84
HLA-B*51:03,TSEILTALAL,13.054,6.77,28400.25
HLA-B*51:03,SEILTALALL,13.985,7.88,29594.81
HLA-B*51:03,EILTALALLE,49.429,37.651,41020.19
HLA-B*51:03,ILTALALLEL,28.551,14.835,34314.95
HLA-B*51:03,LTALALLELA,38.333,10.913,32038.23
HLA-B*51:03,TALALLELAL,10.96,4.217,24722.94
HLA-B*51:03,ALALLELALY,37.789,28.514,39048.82
HLA-B*51:03,LALLELALYM,15.022,2.904,21881.96
HLA-B*51:03,ALLELALYMS,71.429,58.016,43979.44
HLA-B*51:03,LLELALYMSL,25.687,9.071,30656.99
HLA-B*51:03,LELALYMSLN,53.889,23.107,37524.57
HLA-B*51:03,ELALYMSLNA,28.143,6.446,28008.11
HLA-B*51:03,LALYMSLNAD,75.0,19.903,36448.94
HLA-B*51:03,ALYMSLNADL,39.0,26.548,38527.17
HLA-B*51:03,LYMSLNADLE,85.0,49.141,42861.37
HLA-B*51:03,YMSLNADLED,95.0,43.732,42052.89
HLA-B*51:03,MSLNADLEDF,29.25,9.764,31209.21
HLA-B*51:03,SLNADLEDFT,81.25,72.928,45534.22
HLA-B*51:03,LNADLEDFTG,83.75,52.352,43280.8
HLA-B*51:03,NADLEDFTGG,55.5,43.11,41957.91
HLA-B*51:03,ADLEDFTGGV,36.905,31.706,39805.14
HLA-B*51:03,DLEDFTGGVA,27.426,20.576,36691.08
HLA-B*51:03,LEDFTGGVAG,67.273,39.697,41391.55
HLA-B*51:03,EDFTGGVAGP,38.5,45.452,42320.82
HLA-B*51:03,DFTGGVAGPR,80.0,78.206,46017.62
HLA-B*51:03,FTGGVAGPRC,58.75,46.897,42535.2
HLA-B*51:03,TGGVAGPRCA,54.63,55.424,43672.16
HLA-B*51:03,GGVAGPRCAR,75.833,91.436,47279.88
HLA-B*51:03,GVAGPRCARE,93.333,95.527,47919.52
HLA-B*51:03,VAGPRCAREQ,82.5,82.207,46381.03
HLA-B*51:03,AGPRCAREQD,91.667,77.542,45957.93
HLA-B*51:03,GPRCAREQDL,26.867,28.459,39035.3
HLA-B*51:03,PRCAREQDLV,75.0,73.706,45607.69
HLA-B*51:03,RCAREQDLVH,56.5,66.737,44935.18
HLA-B*51:03,CAREQDLVHM,22.05,9.906,31311.7
HLA-B*51:03,AREQDLVHMS,57.75,79.812,46162.23
HLA-B*51:03,REQDLVHMSV,13.504,11.677,32549.77
HLA-B*51:03,EQDLVHMSVS,28.837,25.99,38379.05
HLA-B*51:03,QDLVHMSVSL,26.183,22.024,37183.05
HLA-B*51:03,DLVHMSVSLF,9.511,5.5,26769.91
HLA-B*51:03,LVHMSVSLFM,20.033,3.401,23084.11
HLA-B*51:03,VHMSVSLFMP,45.5,14.727,34261.91
HLA-B*51:03,HMSVSLFMPK,49.857,24.258,37882.73
HLA-B*51:03,MSVSLFMPKG,59.0,10.099,31450.92
HLA-B*51:03,SVSLFMPKGD,95.0,76.766,45888.36
HLA-B*51:03,VSLFMPKGDG,95.0,61.863,44419.4
HLA-B*51:03,SLFMPKGDGI,22.73,11.03,32121.17
HLA-B*51:03,LFMPKGDGID,72.857,52.797,43337.95
HLA-B*51:03,FMPKGDGIDP,21.184,25.071,38121.64
HLA-B*51:03,MPKGDGIDPL,2.706,1.831,18530.27
HLA-B*51:03,PKGDGIDPLF,39.882,64.236,44679.7
HLA-B*51:03,KGDGIDPLFP,51.852,67.623,45022.78
HLA-B*51:03,GDGIDPLFPE,75.0,75.963,45816.41
HLA-B*51:03,DGIDPLFPEY,6.309,8.72,30353.01
HLA-B*51:03,GIDPLFPEYV,17.782,30.735,39581.82
HLA-B*51:03,IDPLFPEYVE,33.821,29.355,39255.13
HLA-B*51:03,DPLFPEYVEV,0.051,0.071,3308.47
HLA-B*51:03,PLFPEYVEVD,76.667,70.303,45287.08
HLA-B*51:03,LFPEYVEVDC,55.0,40.92,41599.89
HLA-B*51:03,FPEYVEVDCK,30.243,15.369,34568.72
HLA-B*51:03,PEYVEVDCKV,44.727,33.069,40104.73
HLA-B*51:03,EYVEVDCKVS,59.5,56.672,43819.85
HLA-B*51:03,YVEVDCKVSR,47.0,65.61,44823.98
HLA-B*51:03,VEVDCKVSRR,60.357,79.169,46104.34
HLA-B*51:03,EVDCKVSRRI,13.617,10.127,31470.99
HLA-B*51:03,VDCKVSRRIV,48.25,44.497,42172.71
HLA-B*51:03,DCKVSRRIVK,57.75,77.01,45910.2
HLA-B*51:03,CKVSRRIVKG,95.0,73.267,45566.27
HLA-B*51:03,KVSRRIVKGD,100.0,95.629,47965.68
HLA-B*51:03,VSRRIVKGDI,50.556,27.877,38887.33
HLA-B*51:03,SRRIVKGDIT,91.667,85.416,46677.55
HLA-B*51:03,RRIVKGDITP,58.5,68.637,45123.24
HLA-B*51:03,RIVKGDITPN,95.0,89.784,47098.62
HLA-B*51:03,IVKGDITPNI,9.135,7.5,29229.81
HLA-B*51:03,VKGDITPNIF,26.6,35.523,40607.73
HLA-B*51:03,KGDITPNIFT,55.25,72.651,45508.12
HLA-B*51:03,GDITPNIFTM,21.605,19.288,36218.96
HLA-B*51:03,DITPNIFTME,25.642,26.121,38413.96
HLA-B*51:03,ITPNIFTMEC,13.049,5.115,26214.69
HLA-B*51:03,TPNIFTMECA,10.908,2.35,20352.04
HLA-B*51:03,PNIFTMECAK,93.333,74.943,45724.79
HLA-B*51:03,NIFTMECAKT,53.704,40.316,41497.86
HLA-B*51:03,IFTMECAKTS,90.0,52.363,43282.2
HLA-B*51:03,FTMECAKTSE,54.63,41.483,41691.37
HLA-B*51:03,TMECAKTSEL,33.214,28.468,39037.41
HLA-B*51:03,MECAKTSELI,13.035,4.454,25177.53
HLA-B*51:03,ECAKTSELIW,10.932,13.92,33863.14
HLA-B*51:03,CAKTSELIWD,75.0,41.779,41739.2
HLA-B*51:03,AKTSELIWDI,35.667,22.013,37179.43
HLA-B*51:03,KTSELIWDIE,73.571,56.168,43760.15
HLA-B*51:03,TSELIWDIEM,31.588,15.559,34657.86
HLA-B*51:03,SELIWDIEMD,63.571,48.526,42774.28
HLA-B*51:03,ELIWDIEMDL,20.642,18.798,36034.46
HLA-B*51:03,LIWDIEMDLG,36.095,27.675,38831.84
HLA-B*51:03,IWDIEMDLGA,64.286,41.606,41711.21
HLA-B*51:03,WDIEMDLGAD,93.333,57.048,43864.44
HLA-B*51:03,DIEMDLGADC,34.115,35.358,40574.8
HLA-B*51:03,IEMDLGADCR,45.7,51.627,43187.7
HLA-B*51:03,EMDLGADCRA,48.125,36.064,40715.09
HLA-B*51:03,MDLGADCRAR,77.5,73.721,45609.19
HLA-B*51:03,DLGADCRARH,69.545,82.497,46407.62
HLA-B*51:03,LGADCRARHQ,88.333,81.079,46277.77
HLA-B*51:03,GADCRARHQI,19.784,14.821,34308.27
HLA-B*51:03,ADCRARHQIN,91.667,87.989,46925.17
HLA-B*51:03,DCRARHQING,83.75,71.874,45434.81
HLA-B*51:03,CRARHQINGY,46.444,38.671,41209.69
HLA-B*51:03,RARHQINGYA,32.903,25.573,38262.13
HLA-B*51:03,ARHQINGYAI,39.588,27.282,38724.43
HLA-B*51:03,RHQINGYAIC,65.0,47.817,42672.11
HLA-B*51:03,HQINGYAICQ,79.167,76.484,45863.03
HLA-B*51:03,QINGYAICQD,97.5,86.884,46818.68
HLA-B*51:03,INGYAICQDG,97.5,56.848,43840.71
HLA-B*51:03,NGYAICQDGQ,73.571,68.514,45111.05
HLA-B*51:03,GYAICQDGQR,93.333,87.547,46882.55
HLA-B*51:03,YAICQDGQRS,37.368,35.819,40666.65
HLA-B*51:03,AICQDGQRSK,53.704,93.696,47533.27
HLA-B*51:03,ICQDGQRSKH,68.636,95.196,47768.88
HLA-B*51:03,CQDGQRSKHR,72.143,92.388,47386.39
HLA-B*51:03,QDGQRSKHRW,41.5,61.933,44427.08
HLA-B*51:03,DGQRSKHRWN,58.5,74.254,45659.55
HLA-B*51:03,GQRSKHRWNE,86.667,95.705,48000.46
HLA-B*51:03,QRSKHRWNEY,52.407,65.423,44805.57
HLA-B*51:03,RSKHRWNEYI,31.559,17.546,35540.01
HLA-B*51:03,SKHRWNEYIE,83.75,66.324,44894.36
HLA-B*51:03,KHRWNEYIET,64.286,69.286,45187.74
HLA-B*51:03,HRWNEYIETS,65.909,66.142,44876.39
HLA-B*51:03,RWNEYIETSA,62.143,61.841,44417.0
HLA-B*51:03,WNEYIETSAK,53.704,49.148,42862.31
HLA-B*51:03,NEYIETSAKL,7.126,9.466,30990.15
HLA-B*51:03,EYIETSAKLQ,37.895,53.833,43471.33
HLA-B*51:03,YIETSAKLQA,26.417,33.385,40169.86
HLA-B*51:03,IETSAKLQAY,22.06,36.405,40781.21
HLA-B*51:03,ETSAKLQAYM,20.033,15.868,34803.29
HLA-B*51:03,TSAKLQAYMG,64.643,36.605,40820.07
HLA-B*51:03,SAKLQAYMGG,76.667,37.382,40969.19
HLA-B*51:03,AKLQAYMGGI,62.857,34.072,40311.82
HLA-B*51:03,KLQAYMGGIM,74.286,43.863,42072.91
HLA-B*51:03,LQAYMGGIMI,6.161,1.191,15487.87
HLA-B*51:03,QAYMGGIMIP,13.904,7.008,28685.89
HLA-B*51:03,AYMGGIMIPF,36.905,25.021,38107.62
HLA-B*51:03,YMGGIMIPFV,24.974,8.689,30326.09
HLA-B*51:03,MGGIMIPFVA,33.143,5.967,27398.16
HLA-B*51:03,GGIMIPFVAG,85.0,51.506,43172.27
HLA-B*51:03,RNGFEGMVPI,24.338,7.43,29151.8
HLA-B*51:03,NGFEGMVPID,40.625,18.442,35898.26
HLA-B*51:03,GFEGMVPIDK,82.5,90.448,47169.51
HLA-B*51:03,FEGMVPIDKA,26.817,13.184,33459.6
HLA-B*51:03,EGMVPIDKAD,63.929,47.384,42607.52
HLA-B*51:03,GMVPIDKADA,67.273,71.707,45419.11
HLA-B*51:03,MVPIDKADAE,27.204,32.024,39877.57
HLA-B*51:03,VPIDKADAEL,0.944,2.665,21258.17
HLA-B*51:03,PIDKADAELA,78.333,81.035,46273.77
HLA-B*51:03,IDKADAELAK,70.714,83.061,46459.37
HLA-B*51:03,DKADAELAKM,8.052,18.927,36083.62
HLA-B*51:03,KADAELAKMD,63.214,69.749,45233.72
HLA-B*51:03,ADAELAKMDS,78.333,81.336,46301.29
HLA-B*51:03,DAELAKMDSA,9.788,6.577,28169.19
HLA-B*51:03,AELAKMDSAT,70.0,66.511,44912.81
HLA-B*51:03,ELAKMDSATG,44.727,42.297,41824.19
HLA-B*51:03,LAKMDSATGS,49.286,40.689,41560.74
HLA-B*51:03,AKMDSATGSL,23.322,37.033,40903.19
HLA-B*51:03,KMDSATGSLE,70.0,69.823,45241.04
HLA-B*51:03,MDSATGSLET,52.037,37.005,40897.89
HLA-B*51:03,DSATGSLETA,8.878,10.853,31994.91
HLA-B*51:03,SATGSLETAA,28.265,29.831,39369.12
HLA-B*51:03,ATGSLETAAL,42.154,43.461,42011.5
HLA-B*51:03,TGSLETAALY,23.966,17.297,35436.33
HLA-B*51:03,GSLETAALYA,42.846,33.019,40094.31
HLA-B*51:03,SLETAALYAK,59.75,62.75,44516.59
HLA-B*51:03,LETAALYAKR,51.296,55.056,43628.72
HLA-B*51:03,ETAALYAKRV,8.069,4.289,24860.28
HLA-B*51:03,TAALYAKRVN,24.481,27.066,38665.39
HLA-B*51:03,AALYAKRVNV,12.708,10.794,31951.68
HLA-B*51:03,ALYAKRVNVQ,67.273,71.853,45432.84
HLA-B*51:03,LYAKRVNVQL,14.838,15.865,34801.78
HLA-B*51:03,YAKRVNVQLP,22.26,12.273,32926.63
HLA-B*51:03,AKRVNVQLPR,85.0,88.689,46992.74
HLA-B*51:03,KRVNVQLPRH,76.667,92.452,47393.57
HLA-B*51:03,RVNVQLPRHV,22.96,24.66,38001.38
HLA-B*51:03,VNVQLPRHVS,59.5,63.168,44562.38
HLA-B*51:03,NVQLPRHVSG,43.545,43.533,42022.42
HLA-B*51:03,VQLPRHVSGE,63.929,70.866,45340.03
HLA-B*51:03,QLPRHVSGEL,13.728,12.152,32854.77
HLA-B*51:03,LPRHVSGELS,21.614,8.821,30441.17
HLA-B*51:03,PRHVSGELSI,45.6,36.518,40803.28
HLA-B*51:03,RHVSGELSIS,58.5,59.128,44111.92
HLA-B*51:03,HVSGELSISQ,60.0,82.913,46445.8
HLA-B*51:03,VSGELSISQQ,67.727,87.626,46890.14
HLA-B*51:03,SGELSISQQA,20.13,25.56,38258.4
HLA-B*51:03,GELSISQQAA,43.0,51.189,43131.67
HLA-B*51:03,ELSISQQAAA,24.792,22.474,37324.54
HLA-B*51:03,LSISQQAAAN,82.5,56.332,43779.57
HLA-B*51:03,SISQQAAAND,97.5,84.074,46552.46
HLA-B*51:03,ISQQAAANDD,97.5,79.391,46124.29
HLA-B*51:03,SQQAAANDDT,93.333,88.811,47004.44
HLA-B*51:03,QQAAANDDTN,95.0,85.3,46666.45
HLA-B*51:03,QAAANDDTNK,70.714,84.814,46620.52
HLA-B*51:03,AAANDDTNKR,59.25,95.222,47780.77
HLA-B*51:03,AANDDTNKRL,11.4,40.965,41607.54
HLA-B*51:03,ANDDTNKRLE,65.0,95.294,47813.36
HLA-B*51:03,NDDTNKRLES,77.5,87.953,46921.6
HLA-B*51:03,DDTNKRLESA,29.682,32.748,40035.35
HLA-B*51:03,DTNKRLESAI,9.531,5.896,27301.09
HLA-B*51:03,TNKRLESAIT,72.857,70.986,45351.32
HLA-B*51:03,NKRLESAITH,62.143,83.209,46472.95
HLA-B*51:03,KRLESAITHL,29.75,45.561,42337.31
HLA-B*51:03,RLESAITHLG,68.182,48.731,42803.45
HLA-B*51:03,LESAITHLGE,63.571,48.101,42713.69
HLA-B*51:03,ESAITHLGEL,6.983,6.787,28420.53
HLA-B*51:03,SAITHLGELR,21.904,34.729,40447.68
HLA-B*51:03,AITHLGELRL,38.611,44.351,42149.47
HLA-B*51:03,ITHLGELRLM,23.92,15.532,34645.12
HLA-B*51:03,THLGELRLMI,19.662,8.26,29945.27
HLA-B*51:03,HLGELRLMIA,51.667,33.867,40269.52
HLA-B*51:03,LGELRLMIAK,71.429,47.359,42603.84
HLA-B*51:03,GELRLMIAKW,45.3,32.393,39957.89
HLA-B*51:03,ELRLMIAKWP,59.0,40.112,41463.29
HLA-B*51:03,LRLMIAKWPI,48.625,4.967,25998.33
HLA-B*51:03,RLMIAKWPIG,91.667,33.602,40214.65
HLA-B*51:03,LMIAKWPIGV,29.477,7.612,29336.89
HLA-B*51:03,MIAKWPIGVI,7.436,1.209,15590.77
HLA-B*51:03,IAKWPIGVIR,18.921,15.219,34498.48
HLA-B*51:03,AKWPIGVIRE,74.286,87.9,46916.55
HLA-B*51:03,KWPIGVIREI,2.004,0.853,13351.53
HLA-B*51:03,WPIGVIREID,5.488,1.516,17187.95
HLA-B*51:03,PIGVIREIDD,100.0,97.37,48765.82
HLA-B*51:03,IGVIREIDDK,91.667,91.972,47339.77
HLA-B*51:03,GVIREIDDKL,40.0,55.7,43704.79
HLA-B*51:03,VIREIDDKLM,33.536,34.161,40330.12
HLA-B*51:03,IREIDDKLMM,24.442,37.201,40935.07
HLA-B*51:03,REIDDKLMMA,34.846,41.953,41767.2
HLA-B*51:03,EIDDKLMMAP,34.346,51.791,43208.73
HLA-B*51:03,IDDKLMMAPM,40.062,22.088,37203.18
HLA-B*51:03,DDKLMMAPMA,38.611,15.661,34705.9
HLA-B*51:03,DKLMMAPMAP,35.542,17.573,35551.15
HLA-B*51:03,KLMMAPMAPR,78.333,53.738,43459.11
HLA-B*51:03,LMMAPMAPRL,14.812,5.068,26147.85
HLA-B*51:03,MMAPMAPRLK,20.846,13.586,33679.34
HLA-B*51:03,MAPMAPRLKP,7.661,2.434,20621.57
HLA-B*51:03,APMAPRLKPS,23.736,20.333,36604.25
HLA-B*51:03,PMAPRLKPSM,22.59,32.228,39922.04
HLA-B*51:03,MAPRLKPSMH,22.19,28.659,39085.17
HLA-B*51:03,APRLKPSMHC,11.047,19.878,36439.47
HLA-B*51:03,PRLKPSMHCL,34.577,52.56,43307.49
HLA-B*51:03,RLKPSMHCLL,26.283,23.276,37577.8
HLA-B*51:03,LKPSMHCLLF,10.13,0.59,11207.57
HLA-B*51:03,KPSMHCLLFV,7.495,1.031,14534.63
HLA-B*51:03,PSMHCLLFVS,97.5,39.697,41391.55
HLA-B*51:03,SMHCLLFVSV,23.299,4.987,26030.14
HLA-B*51:03,MHCLLFVSVS,73.571,20.318,36598.7
HLA-B*51:03,HCLLFVSVSR,47.625,55.08,43631.54
HLA-B*51:03,CLLFVSVSRE,91.667,72.291,45474.18
HLA-B*51:03,LLFVSVSRER,61.429,54.365,43540.07
HLA-B*51:03,LFVSVSRERQ,90.0,85.547,46690.17
HLA-B*51:03,FVSVSRERQV,20.057,12.468,33042.27
HLA-B*51:03,VSVSRERQVI,16.76,14.506,34153.83
HLA-B*51:03,SVSRERQVIV,17.699,16.781,35214.26
HLA-B*51:03,VSRERQVIVA,30.703,26.46,38503.84
HLA-B*51:03,SRERQVIVAL,14.968,23.3,37585.53
HLA-B*51:03,RERQVIVALM,28.02,25.276,38179.01
HLA-B*51:03,ERQVIVALMF,27.204,19.926,36457.62
HLA-B*51:03,RQVIVALMFS,82.5,54.012,43494.38
HLA-B*51:03,QVIVALMFSR,47.375,54.602,43570.69
HLA-B*51:03,VIVALMFSRS,88.333,63.12,44557.06
HLA-B*51:03,IVALMFSRSN,88.333,36.282,40757.39
HLA-B*51:03,VALMFSRSNI,5.212,0.662,11787.4
HLA-B*51:03,ALMFSRSNIL,29.0,17.064,35339.09
HLA-B*51:03,LMFSRSNILP,41.333,12.108,32829.18
HLA-B*51:03,MFSRSNILPM,27.407,5.358,26563.6
HLA-B*51:03,FSRSNILPMG,69.091,19.629,36346.15
HLA-B*51:03,SRSNILPMGY,42.154,38.508,41179.83
HLA-B*51:03,RSNILPMGYK,69.091,59.756,44186.92
HLA-B*51:03,SNILPMGYKK,57.75,64.372,44694.69
HLA-B*51:03,NILPMGYKKK,58.0,64.921,44755.17
HLA-B*51:03,ILPMGYKKKL,3.535,6.499,28075.77
HLA-B*51:03,LPMGYKKKLD,13.632,16.419,35051.96
HLA-B*51:03,PMGYKKKLDL,50.926,49.391,42895.72
HLA-B*51:03,MGYKKKLDLA,30.135,12.572,33103.82
HLA-B*51:03,GYKKKLDLAG,93.333,90.878,47217.51
HLA-B*51:03,YKKKLDLAGK,73.571,87.584,46886.09
HLA-B*51:03,KKKLDLAGKT,93.333,95.634,47968.28
HLA-B*51:03,KKLDLAGKTK,70.714,91.258,47259.91
HLA-B*51:03,KLDLAGKTKR,70.0,95.428,47874.42
HLA-B*51:03,LDLAGKTKRM,42.231,48.107,42714.62
HLA-B*51:03,DLAGKTKRMI,7.798,9.119,30697.49
HLA-B*51:03,LAGKTKRMIR,41.833,56.816,43836.92
HLA-B*51:03,AGKTKRMIRA,67.727,72.855,45527.35
HLA-B*51:03,GKTKRMIRAQ,93.333,96.043,48154.96
HLA-B*51:03,KTKRMIRAQR,75.833,88.789,47002.41
HLA-B*51:03,TKRMIRAQRD,97.5,89.837,47103.73
HLA-B*51:03,KRMIRAQRDG,97.5,89.895,47109.32
HLA-B*51:03,RMIRAQRDGL,61.429,44.546,42180.5
HLA-B*51:03,MIRAQRDGLA,55.5,31.906,39850.84
HLA-B*51:03,IRAQRDGLAM,27.463,22.922,37466.15
HLA-B*51:03,RAQRDGLAMP,32.0,38.416,41162.92
HLA-B*51:03,AQRDGLAMPN,74.286,72.432,45487.46
HLA-B*51:03,QRDGLAMPNK,69.545,86.921,46822.21
HLA-B*51:03,RDGLAMPNKQ,91.667,95.206,47773.54
HLA-B*51:03,DGLAMPNKQP,26.917,28.381,39015.89
HLA-B*51:03,GLAMPNKQPG,71.429,57.036,43862.99
HLA-B*51:03,LAMPNKQPGR,17.933,37.215,40937.73
HLA-B*51:03,AMPNKQPGRG,69.545,69.395,45198.5
HLA-B*51:03,MPNKQPGRGL,1.401,2.468,20732.76
HLA-B*51:03,PNKQPGRGLY,71.429,86.405,46772.6
HLA-B*51:03,NKQPGRGLYL,21.447,32.365,39951.84
HLA-B*51:03,KQPGRGLYLV,17.492,11.596,32495.57
HLA-B*51:03,QPGRGLYLVA,10.103,4.741,25641.86
HLA-B*51:03,PGRGLYLVAA,79.167,56.076,43749.25
HLA-B*51:03,GRGLYLVAAA,77.5,43.589,42031.07
HLA-B*51:03,RGLYLVAAAR,69.091,52.057,43242.88
HLA-B*51:03,GLYLVAAARG,88.333,71.555,45404.84
HLA-B*51:03,LYLVAAARGL,49.0,25.353,38200.49
HLA-B*51:03,YLVAAARGLY,46.333,22.986,37486.43
HLA-B*51:03,LVAAARGLYV,12.845,3.383,23040.95
HLA-B*51:03,VAAARGLYVN,23.506,20.318,36598.7
HLA-B*51:03,AAARGLYVNS,67.273,62.219,44458.35
HLA-B*51:03,AARGLYVNSF,19.622,21.548,37024.88
HLA-B*51:03,ARGLYVNSFL,49.0,28.876,39139.33
HLA-B*51:03,RGLYVNSFLG,80.0,23.552,37664.9
HLA-B*51:03,GLYVNSFLGR,72.857,70.005,45259.16
HLA-B*51:03,LYVNSFLGRE,81.25,75.166,45745.08
HLA-B*51:03,YVNSFLGRER,62.5,58.348,44018.94
HLA-B*51:03,VNSFLGRERA,37.316,28.659,39085.17
HLA-B*51:03,NSFLGRERAV,7.168,3.349,22960.32
HLA-B*51:03,SFLGRERAVN,91.667,83.954,46541.39
HLA-B*51:03,FLGRERAVNI,18.378,8.39,30062.12
HLA-B*51:03,LGRERAVNIA,42.0,28.732,39103.35
HLA-B*51:03,GRERAVNIAV,43.818,41.788,41740.57
HLA-B*51:03,RERAVNIAVS,63.929,53.41,43416.8
HLA-B*51:03,ERAVNIAVSL,3.744,6.482,28054.81
HLA-B*51:03,RAVNIAVSLV,8.131,4.086,24474.35
HLA-B*51:03,AVNIAVSLVD,75.833,49.104,42856.26
HLA-B*51:03,VNIAVSLVDG,93.333,49.906,42966.76
HLA-B*51:03,NIAVSLVDGP,58.75,39.434,41345.91
HLA-B*51:03,IAVSLVDGPS,77.5,35.773,40657.42
HLA-B*51:03,AVSLVDGPSY,37.263,47.944,42691.05
HLA-B*51:03,VSLVDGPSYL,10.429,13.128,33429.56
HLA-B*51:03,SLVDGPSYLS,41.917,60.558,44276.89
HLA-B*51:03,LVDGPSYLSR,35.25,61.09,44334.89
HLA-B*51:03,VDGPSYLSRS,75.833,72.996,45540.65
HLA-B*51:03,DGPSYLSRSL,2.087,2.552,20968.97
HLA-B*51:03,GPSYLSRSLK,33.25,28.439,39030.24
HLA-B*51:03,PSYLSRSLKE,88.333,80.717,46244.74
HLA-B*51:03,SYLSRSLKEQ,77.5,91.414,47277.32
HLA-B*51:03,YLSRSLKEQE,69.091,80.197,46197.23
HLA-B*51:03,LSRSLKEQEP,64.643,61.674,44398.73
HLA-B*51:03,SRSLKEQEPH,73.571,92.164,47361.27
HLA-B*51:03,RSLKEQEPHK,56.0,85.232,46659.89
HLA-B*51:03,SLKEQEPHKK,56.0,91.619,47300.35
HLA-B*51:03,LKEQEPHKKI,13.133,20.754,36755.07
HLA-B*51:03,KEQEPHKKIY,28.673,67.751,45035.44
HLA-B*51:03,EQEPHKKIYS,42.154,70.428,45298.85
HLA-B*51:03,QEPHKKIYSG,31.912,43.762,42057.45
HLA-B*51:03,EPHKKIYSGY,5.408,11.04,32127.78
HLA-B*51:03,PHKKIYSGYR,95.0,95.868,48074.78
HLA-B*51:03,HKKIYSGYRG,95.0,89.268,47048.71
HLA-B*51:03,KKIYSGYRGD,97.5,94.671,47642.93
HLA-B*51:03,KIYSGYRGDD,100.0,95.21,47775.07
HLA-B*51:03,IYSGYRGDDI,61.429,33.406,40174.21
HLA-B*51:03,YSGYRGDDID,83.75,56.476,43796.62
HLA-B*51:03,SGYRGDDIDL,37.526,35.214,40546.27
HLA-B*51:03,GYRGDDIDLM,61.786,70.955,45348.39
HLA-B*51:03,YRGDDIDLMK,50.556,69.07,45166.21
HLA-B*51:03,RGDDIDLMKR,65.455,93.161,47473.13
HLA-B*51:03,GDDIDLMKRP,74.286,89.526,47073.66
HLA-B*51:03,DDIDLMKRPT,43.636,39.442,41347.27
HLA-B*51:03,DIDLMKRPTH,40.562,66.836,44944.91
HLA-B*51:03,IDLMKRPTHK,67.727,72.871,45528.82
HLA-B*51:03,DLMKRPTHKC,18.732,25.558,38257.98
HLA-B*51:03,LMKRPTHKCK,59.5,63.273,44573.93
HLA-B*51:03,MKRPTHKCKA,44.727,51.167,43128.86
HLA-B*51:03,KRPTHKCKAH,81.25,94.62,47637.27
HLA-B*51:03,RPTHKCKAHK,58.5,68.15,45074.93
HLA-B*51:03,PTHKCKAHKE,97.5,95.894,48086.75
HLA-B*51:03,THKCKAHKED,97.5,91.651,47303.91
HLA-B*51:03,HKCKAHKEDK,95.0,96.755,48481.71
HLA-B*51:03,KCKAHKEDKA,93.333,95.557,47932.99
HLA-B*51:03,CKAHKEDKAS,83.75,85.174,46654.32
HLA-B*51:03,KAHKEDKAST,43.909,84.447,46586.73
HLA-B*51:03,AHKEDKASTN,80.0,93.838,47549.21
HLA-B*51:03,HKEDKASTNE,74.286,95.848,48065.95
HLA-B*51:03,KEDKASTNEN,90.0,95.262,47798.87
HLA-B*51:03,EDKASTNENT,66.818,84.589,46599.84
HLA-B*51:03,DKASTNENTT,27.815,42.144,41798.87
HLA-B*51:03,KASTNENTTH,62.5,91.821,47322.86
HLA-B*51:03,ASTNENTTHS,58.5,86.647,46795.89
HLA-B*51:03,STNENTTHSE,45.8,81.566,46322.35
HLA-B*51:03,TNENTTHSES,62.857,68.243,45084.2
HLA-B*51:03,NENTTHSESV,10.524,13.145,33438.61
HLA-B*51:03,ENTTHSESVM,29.409,37.492,40990.01
HLA-B*51:03,NTTHSESVMD,82.5,74.452,45678.31
HLA-B*51:03,TTHSESVMDL,18.165,22.378,37294.27
HLA-B*51:03,THSESVMDLA,34.615,26.507,38516.34
HLA-B*51:03,HSESVMDLAT,61.786,41.804,41743.27
HLA-B*51:03,SESVMDLATI,14.013,4.085,24472.22
HLA-B*51:03,ESVMDLATID,44.273,18.115,35773.8
HLA-B*51:03,SVMDLATIDN,83.75,63.502,44599.04
HLA-B*51:03,VMDLATIDNK,71.429,72.156,45461.36
HLA-B*51:03,MDLATIDNKP,52.778,41.279,41658.45
HLA-B*51:03,DLATIDNKPV,8.525,6.99,28665.42
HLA-B*51:03,LATIDNKPVI,2.962,2.459,20702.27
HLA-B*51:03,ATIDNKPVIT,37.526,59.36,44139.61
HLA-B*51:03,TIDNKPVITV,7.186,13.536,33652.03
HLA-B*51:03,IDNKPVITVV,6.96,9.914,31317.8
HLA-B*51:03,DNKPVITVVM,5.532,9.815,31246.04
HLA-B*51:03,NKPVITVVMS,32.097,22.484,37327.76
HLA-B*51:03,KPVITVVMSV,2.256,1.441,16800.0
HLA-B*51:03,PVITVVMSVD,69.091,55.252,43651.86
HLA-B*51:03,VITVVMSVDR,91.667,83.916,46537.88
HLA-B*51:03,ITVVMSVDRA,54.074,29.856,39375.08
HLA-B*51:03,TVVMSVDRAH,64.643,69.06,45165.25
HLA-B*51:03,VVMSVDRAHR,58.5,57.356,43901.0
HLA-B*51:03,VMSVDRAHRG,79.167,63.401,44587.93
HLA-B*51:03,MSVDRAHRGV,10.997,5.423,26658.9
HLA-B*51:03,SVDRAHRGVL,31.824,31.868,39842.2
HLA-B*51:03,VDRAHRGVLW,26.183,27.672,38830.99
HLA-B*51:03,DRAHRGVLWF,8.52,6.323,27850.67
HLA-B*51:03,RAHRGVLWFA,35.5,13.171,33452.72
HLA-B*51:03,AHRGVLWFAK,63.929,59.876,44201.25
HLA-B*51:03,HRGVLWFAKK,75.0,59.132,44112.41
HLA-B*51:03,RGVLWFAKKT,85.0,59.376,44141.52
HLA-B*51:03,GVLWFAKKTT,85.0,78.051,46003.68
HLA-B*51:03,VLWFAKKTTV,18.14,11.034,32123.97
HLA-B*51:03,LWFAKKTTVL,29.136,26.245,38446.8
HLA-B*51:03,WFAKKTTVLI,10.693,2.18,19811.69
HLA-B*51:03,FAKKTTVLIA,13.919,5.63,26943.96
HLA-B*51:03,AKKTTVLIAS,80.0,90.503,47175.62
HLA-B*51:03,KKTTVLIASF,43.545,39.476,41353.08
HLA-B*51:03,KTTVLIASFF,43.545,24.664,38002.61
HLA-B*51:03,TTVLIASFFI,31.0,3.973,24258.17
HLA-B*51:03,TVLIASFFIG,78.333,22.955,37476.68
HLA-B*51:03,VLIASFFIGK,63.214,48.081,42710.91
HLA-B*51:03,LIASFFIGKT,56.5,34.611,40423.19
HLA-B*51:03,IASFFIGKTK,37.0,26.122,38414.36
HLA-B*51:03,ASFFIGKTKP,39.235,33.358,40164.21
HLA-B*51:03,SFFIGKTKPR,62.5,74.776,45708.98
HLA-B*51:03,FFIGKTKPRM,26.117,22.364,37289.82
HLA-B*51:03,FIGKTKPRML,21.518,30.686,39570.26
HLA-B*51:03,IGKTKPRMLS,65.0,71.968,45443.66
HLA-B*51:03,GKTKPRMLSQ,79.167,95.17,47756.99
HLA-B*51:03,KTKPRMLSQD,90.0,84.288,46572.11
HLA-B*51:03,TKPRMLSQDY,23.586,28.417,39024.75
HLA-B*51:03,KPRMLSQDYH,38.167,50.646,43062.19
HLA-B*51:03,PRMLSQDYHT,93.333,83.078,46460.9
HLA-B*51:03,RMLSQDYHTR,64.286,68.824,45141.8
HLA-B*51:03,MLSQDYHTRD,76.667,52.009,43236.78
HLA-B*51:03,LSQDYHTRDV,20.854,14.073,33942.38
HLA-B*51:03,SQDYHTRDVL,26.117,23.804,37744.85
HLA-B*51:03,QDYHTRDVLE,54.259,67.116,44972.63
HLA-B*51:03,DYHTRDVLEG,65.455,55.216,43647.61
HLA-B*51:03,YHTRDVLEGK,48.5,59.76,44187.4
HLA-B*51:03,HTRDVLEGKN,85.0,80.142,46192.22
HLA-B*51:03,TRDVLEGKNK,80.0,92.356,47382.81
HLA-B*51:03,RDVLEGKNKT,61.429,83.56,46505.14
HLA-B*51:03,DVLEGKNKTR,35.0,70.819,45335.61
HLA-B*51:03,VLEGKNKTRD,97.5,96.126,48193.02
HLA-B*51:03,LEGKNKTRDF,41.167,54.384,43542.4
HLA-B*51:03,EGKNKTRDFQ,79.167,91.148,47247.66
HLA-B*51:03,GKNKTRDFQR,93.333,97.125,48652.51
HLA-B*51:03,KNKTRDFQRT,90.0,95.4,47861.48
HLA-B*51:03,NKTRDFQRTL,16.36,23.7,37711.81
HLA-B*51:03,KTRDFQRTLN,64.643,73.34,45573.18
HLA-B*51:03,TRDFQRTLNT,52.778,47.3,42595.07
HLA-B*51:03,RDFQRTLNTM,23.931,22.946,37473.86
HLA-B*51:03,DFQRTLNTML,16.622,13.945,33877.07
HLA-B*51:03,FQRTLNTMLQ,52.222,43.491,42016.05
HLA-B*51:03,QRTLNTMLQD,91.667,69.296,45188.7
HLA-B*51:03,RTLNTMLQDA,53.333,42.687,41888.97
HLA-B*51:03,TLNTMLQDAL,38.944,30.385,39499.68
HLA-B*51:03,LNTMLQDALG,83.75,31.375,39729.41
HLA-B*51:03,NTMLQDALGE,72.143,53.527,43431.84
HLA-B*51:03,TMLQDALGEP,66.818,47.17,42575.74
HLA-B*51:03,MLQDALGEPH,58.75,59.276,44129.59
HLA-B*51:03,LQDALGEPHS,80.0,67.234,44984.32
HLA-B*51:03,QDALGEPHSI,1.723,3.856,24022.83
HLA-B*51:03,DALGEPHSIE,2.499,6.704,28320.45
HLA-B*51:03,ALGEPHSIEE,80.0,93.71,47534.8
HLA-B*51:03,LGEPHSIEED,95.0,87.447,46872.91
HLA-B*51:03,GEPHSIEEDG,80.0,80.942,46265.23
HLA-B*51:03,EPHSIEEDGD,57.0,58.868,44080.89
HLA-B*51:03,PHSIEEDGDW,67.273,70.125,45270.43
HLA-B*51:03,HSIEEDGDWI,24.494,15.975,34853.78
HLA-B*51:03,SIEEDGDWIL,29.045,38.906,41252.98
HLA-B*51:03,IEEDGDWILS,67.727,64.996,44763.4
HLA-B*51:03,EEDGDWILSF,8.152,13.291,33517.94
HLA-B*51:03,EDGDWILSFA,33.571,17.808,35649.76
HLA-B*51:03,DGDWILSFAV,9.63,1.348,16294.96
HLA-B*51:03,GDWILSFAVD,90.0,51.105,43120.94
HLA-B*51:03,DWILSFAVDE,80.0,65.871,44849.68
HLA-B*51:03,WILSFAVDEP,81.25,39.694,41391.13
HLA-B*51:03,ILSFAVDEPV,33.393,5.895,27300.51
HLA-B*51:03,LSFAVDEPVL,13.277,5.385,26603.88
HLA-B*51:03,SFAVDEPVLL,4.643,16.17,34941.01
HLA-B*51:03,FAVDEPVLLE,15.985,19.913,36452.49
HLA-B*51:03,AVDEPVLLEN,38.944,83.647,46513.18
HLA-B*51:03,VDEPVLLENA,47.375,51.565,43179.77
HLA-B*51:03,DEPVLLENAF,3.872,5.008,26062.26
HLA-B*51:03,EPVLLENAFP,13.97,5.973,27405.86
HLA-B*51:03,PVLLENAFPQ,95.0,90.188,47140.44
HLA-B*51:03,VLLENAFPQT,55.0,47.755,42662.89
HLA-B*51:03,LLENAFPQTV,11.603,7.397,29115.24
HLA-B*51:03,LENAFPQTVP,29.886,27.331,38737.84
HLA-B*51:03,ENAFPQTVPP,10.017,8.878,30490.93
HLA-B*51:03,NAFPQTVPPC,11.863,6.17,27656.69
HLA-B*51:03,AFPQTVPPCT,37.421,22.415,37305.96
HLA-B*51:03,FPQTVPPCTA,1.409,0.752,12510.55
HLA-B*51:03,PQTVPPCTAS,83.75,82.755,46431.25
HLA-B*51:03,QTVPPCTASN,69.091,60.391,44258.67
HLA-B*51:03,TVPPCTASNH,46.333,55.744,43709.97
HLA-B*51:03,VPPCTASNHG,47.375,19.86,36432.77
HLA-B*51:03,PPCTASNHGI,10.749,11.72,32578.29
HLA-B*51:03,PCTASNHGII,67.273,33.653,40225.11
HLA-B*51:03,CTASNHGIIM,40.75,13.784,33788.12
HLA-B*51:03,TASNHGIIMQ,47.125,57.852,43959.93
HLA-B*51:03,ASNHGIIMQF,19.318,29.377,39260.22
HLA-B*51:03,SNHGIIMQFN,51.667,57.24,43887.21
HLA-B*51:03,NHGIIMQFNQ,86.667,68.661,45125.68
HLA-B*51:03,HGIIMQFNQN,90.0,63.533,44602.4
HLA-B*51:03,GIIMQFNQNK,83.75,83.543,46503.64
HLA-B*51:03,IIMQFNQNKF,24.883,12.329,32959.44
HLA-B*51:03,IMQFNQNKFA,51.667,29.822,39366.98
HLA-B*51:03,MQFNQNKFAA,24.273,10.704,31886.4
HLA-B*51:03,QFNQNKFAAS,85.0,77.353,45941.0
HLA-B*51:03,FNQNKFAASF,27.907,12.708,33185.22
HLA-B*51:03,NQNKFAASFK,31.382,36.884,40874.42
HLA-B*51:03,QNKFAASFKK,68.636,66.609,44922.54
HLA-B*51:03,NKFAASFKKA,44.818,36.064,40715.09
HLA-B*51:03,KFAASFKKAS,68.636,73.387,45577.61
HLA-B*51:03,FAASFKKAST,25.537,27.248,38715.22
HLA-B*51:03,AASFKKASTP,23.943,31.721,39808.58
HLA-B*51:03,ASFKKASTPY,26.95,32.163,39907.78
HLA-B*51:03,SFKKASTPYQ,79.167,88.005,46926.69
HLA-B*51:03,FKKASTPYQD,95.0,85.342,46670.48
HLA-B*51:03,KKASTPYQDY,46.556,71.55,45404.34
HLA-B*51:03,KASTPYQDYL,14.296,19.442,36276.23
HLA-B*51:03,ASTPYQDYLD,61.429,55.272,43654.22
HLA-B*51:03,STPYQDYLDN,62.143,36.782,40854.52
HLA-B*51:03,TPYQDYLDNS,20.447,10.757,31925.08
HLA-B*51:03,PYQDYLDNSS,91.667,85.437,46679.57
HLA-B*51:03,YQDYLDNSSG,67.727,41.52,41697.23
HLA-B*51:03,QDYLDNSSGD,93.333,86.742,46805.0
HLA-B*51:03,DYLDNSSGDL,29.045,30.246,39467.21
HLA-B*51:03,YLDNSSGDLR,60.714,63.528,44601.91
HLA-B*51:03,LDNSSGDLRN,93.333,84.173,46561.54
HLA-B*51:03,DNSSGDLRNG,79.167,78.942,46083.88
HLA-B*51:03,NSSGDLRNGL,26.683,38.622,41200.79
HLA-B*51:03,SSGDLRNGLR,59.75,78.588,46052.0
HLA-B*51:03,SGDLRNGLRY,42.769,47.198,42579.89
HLA-B*51:03,GDLRNGLRYL,39.471,43.438,42007.87
HLA-B*51:03,DLRNGLRYLS,44.636,40.989,41611.59
HLA-B*51:03,LRNGLRYLSQ,90.0,77.115,45919.65
HLA-B*51:03,RNGLRYLSQL,39.588,32.823,40051.83
HLA-B*51:03,NGLRYLSQLM,26.383,10.373,31647.53
HLA-B*51:03,GLRYLSQLMA,51.111,31.672,39797.39
HLA-B*51:03,LRYLSQLMAR,64.286,48.039,42704.9
HLA-B*51:03,RYLSQLMARM,50.0,33.699,40234.68
HLA-B*51:03,YLSQLMARMK,63.214,40.795,41578.75
HLA-B*51:03,LSQLMARMKT,75.0,31.452,39747.04
HLA-B*51:03,SQLMARMKTG,79.167,41.022,41617.01
HLA-B*51:03,QLMARMKTGP,80.0,60.325,44251.51
HLA-B*51:03,LMARMKTGPE,57.75,64.139,44669.04
HLA-B*51:03,MARMKTGPET,24.545,11.464,32407.8
HLA-B*51:03,ARMKTGPETK,65.909,84.228,46566.58
HLA-B*51:03,RMKTGPETKM,39.059,62.034,44438.14
HLA-B*51:03,MKTGPETKMH,58.5,83.428,46493.06
HLA-B*51:03,KTGPETKMHW,25.567,39.535,41363.35
HLA-B*51:03,TGPETKMHWA,26.733,21.879,37135.22
HLA-B*51:03,GPETKMHWAE,59.25,49.704,42938.89
HLA-B*51:03,PETKMHWAEG,95.0,73.429,45581.55
HLA-B*51:03,ETKMHWAEGK,53.889,55.004,43622.59
HLA-B*51:03,TKMHWAEGKE,90.0,83.943,46540.37
HLA-B*51:03,KMHWAEGKEA,56.75,42.828,41912.54
HLA-B*51:03,MHWAEGKEAI,16.618,6.627,28228.98
HLA-B*51:03,HWAEGKEAII,18.945,23.923,37782.46
HLA-B*51:03,WAEGKEAIIQ,61.071,48.442,42762.25
HLA-B*51:03,AEGKEAIIQY,22.66,51.612,43185.84
HLA-B*51:03,EGKEAIIQYA,12.706,16.699,35177.71
HLA-B*51:03,GKEAIIQYAT,78.333,77.702,45972.33
HLA-B*51:03,KEAIIQYATD,91.667,53.125,43380.17
HLA-B*51:03,EAIIQYATDA,11.701,7.393,29110.5
HLA-B*51:03,AIIQYATDAA,65.0,50.416,43032.84
HLA-B*51:03,IIQYATDAAG,66.818,40.035,41450.27
HLA-B*51:03,IQYATDAAGS,71.429,56.104,43752.56
HLA-B*51:03,QYATDAAGSA,40.125,42.289,41822.84
HLA-B*51:03,YATDAAGSAR,38.222,45.588,42341.43
HLA-B*51:03,ATDAAGSARR,73.571,90.188,47140.44
HLA-B*51:03,TDAAGSARRP,48.375,53.169,43385.82
HLA-B*51:03,DAAGSARRPD,57.5,46.056,42412.05
HLA-B*51:03,AAGSARRPDA,67.727,65.172,44780.84
HLA-B*51:03,AGSARRPDAF,42.077,54.143,43511.32
HLA-B*51:03,GSARRPDAFV,36.238,24.655,37999.74
HLA-B*51:03,SARRPDAFVE,49.571,36.809,40859.84
HLA-B*51:03,ARRPDAFVEP,54.259,74.833,45714.41
HLA-B*51:03,RRPDAFVEPE,72.143,69.838,45242.53
HLA-B*51:03,RPDAFVEPEE,47.875,53.337,43407.4
HLA-B*51:03,PDAFVEPEEG,63.571,55.304,43657.99
HLA-B*51:03,DAFVEPEEGL,1.075,2.211,19910.11
HLA-B*51:03,AFVEPEEGLR,76.667,92.077,47351.56
HLA-B*51:03,FVEPEEGLRC,36.238,55.308,43658.47
HLA-B*51:03,VEPEEGLRCT,37.632,42.439,41847.74
HLA-B*51:03,EPEEGLRCTV,0.632,1.371,16416.71
HLA-B*51:03,PEEGLRCTVH,70.0,86.979,46827.8
HLA-B*51:03,EEGLRCTVHE,67.727,70.605,45315.54
HLA-B*51:03,EGLRCTVHEW,19.291,8.598,30247.12
HLA-B*51:03,GLRCTVHEWK,75.833,72.479,45491.89
HLA-B*51:03,LRCTVHEWKQ,93.333,90.082,47128.71
HLA-B*51:03,RCTVHEWKQK,88.333,94.199,47589.86
HLA-B*51:03,CTVHEWKQKT,77.5,63.418,44589.86
HLA-B*51:03,TVHEWKQKTI,6.854,7.445,29168.2
HLA-B*51:03,VHEWKQKTIS,69.091,58.228,44004.66
HLA-B*51:03,HEWKQKTISQ,52.778,68.342,45093.94
HLA-B*51:03,EWKQKTISQK,58.0,88.737,46997.31
HLA-B*51:03,WKQKTISQKE,77.5,89.521,47073.15
HLA-B*51:03,KQKTISQKEG,81.25,91.647,47303.43
HLA-B*51:03,QKTISQKEGD,97.5,95.86,48071.15
HLA-B*51:03,KTISQKEGDG,95.0,95.944,48109.67
HLA-B*51:03,TISQKEGDGF,34.269,56.648,43816.99
HLA-B*51:03,ISQKEGDGFV,28.878,19.044,36128.16
HLA-B*51:03,SQKEGDGFVE,63.214,74.332,45666.94
HLA-B*51:03,QKEGDGFVEH,48.75,92.626,47413.07
HLA-B*51:03,KEGDGFVEHT,63.214,79.994,46178.73
HLA-B*51:03,EGDGFVEHTY,17.306,30.619,39554.41
HLA-B*51:03,GDGFVEHTYL,19.588,16.218,34962.56
HLA-B*51:03,DGFVEHTYLS,16.978,8.327,30005.25
HLA-B*51:03,GFVEHTYLSE,91.667,89.389,47060.43
HLA-B*51:03,FVEHTYLSEV,13.973,4.688,25559.04
HLA-B*51:03,VEHTYLSEVR,44.091,42.796,41907.1
HLA-B*51:03,EHTYLSEVRL,6.623,9.108,30688.19
HLA-B*51:03,HTYLSEVRLD,32.903,35.139,40531.36
HLA-B*51:03,TYLSEVRLDT,72.857,61.924,44426.14
HLA-B*51:03,YLSEVRLDTD,76.667,54.183,43516.52
HLA-B*51:03,LSEVRLDTDG,97.5,73.935,45629.4
HLA-B*51:03,SEVRLDTDGY,42.308,49.0,42841.89
HLA-B*51:03,EVRLDTDGYL,20.179,17.654,35585.03
HLA-B*51:03,VRLDTDGYLG,76.667,62.434,44481.93
HLA-B*51:03,RLDTDGYLGV,33.393,41.413,41680.07
HLA-B*51:03,LDTDGYLGVD,77.5,75.288,45755.97
HLA-B*51:03,DTDGYLGVDG,80.0,62.9,44532.96
HLA-B*51:03,TDGYLGVDGL,24.714,23.387,37612.79
HLA-B*51:03,DGYLGVDGLH,33.75,30.036,39418.12
HLA-B*51:03,GYLGVDGLHA,61.429,54.796,43595.67
HLA-B*51:03,YLGVDGLHAQ,54.074,67.16,44977.01
HLA-B*51:03,LGVDGLHAQS,48.125,53.111,43378.3
HLA-B*51:03,GVDGLHAQSP,65.0,76.124,45830.8
HLA-B*51:03,VDGLHAQSPD,97.5,80.761,46248.74
HLA-B*51:03,DGLHAQSPDV,13.326,4.72,25609.7
HLA-B*51:03,GLHAQSPDVC,80.0,76.556,45869.48
HLA-B*51:03,LHAQSPDVCK,59.0,62.232,44459.79
HLA-B*51:03,HAQSPDVCKV,3.944,6.127,27602.57
HLA-B*51:03,AQSPDVCKVT,50.926,66.727,44934.22
HLA-B*51:03,QSPDVCKVTF,6.588,12.454,33034.04
HLA-B*51:03,SPDVCKVTFI,2.335,0.652,11713.78
HLA-B*51:03,PDVCKVTFIT,76.667,61.068,44332.49
HLA-B*51:03,DVCKVTFITF,6.674,4.645,25492.21
HLA-B*51:03,VCKVTFITFK,63.929,63.357,44583.11
HLA-B*51:03,CKVTFITFKK,88.333,61.555,44385.76
HLA-B*51:03,KVTFITFKKE,81.25,79.718,46153.75
HLA-B*51:03,VTFITFKKEK,47.25,52.287,43272.37
HLA-B*51:03,TFITFKKEKV,37.263,31.038,39652.54
HLA-B*51:03,FITFKKEKVQ,67.727,67.702,45030.56
HLA-B*51:03,ITFKKEKVQV,9.984,9.891,31300.86
HLA-B*51:03,TFKKEKVQVI,21.781,31.471,39751.34
HLA-B*51:03,FKKEKVQVIL,21.167,31.164,39681.29
HLA-B*51:03,KKEKVQVILE,83.75,92.388,47386.39
HLA-B*51:03,KEKVQVILEN,88.333,80.624,46236.21
HLA-B*51:03,EKVQVILENI,11.276,8.463,30128.55
HLA-B*51:03,KVQVILENIS,80.0,69.838,45242.53
HLA-B*51:03,VQVILENISL,26.9,24.429,37933.19
HLA-B*51:03,QVILENISLV,11.391,8.173,29866.96
HLA-B*51:03,VILENISLVI,13.738,4.111,24521.0
HLA-B*51:03,ILENISLVIH,61.429,41.022,41617.01
HLA-B*51:03,LENISLVIHS,66.818,47.056,42558.69
HLA-B*51:03,ENISLVIHSE,45.0,55.876,43725.59
HLA-B*51:03,NISLVIHSEE,64.286,56.992,43857.79
HLA-B*51:03,ISLVIHSEEG,83.75,42.828,41912.54
HLA-B*51:03,SLVIHSEEGR,75.0,87.663,46893.71
HLA-B*51:03,LVIHSEEGRK,88.333,86.105,46743.77
HLA-B*51:03,VIHSEEGRKF,22.23,37.529,40997.12
HLA-B*51:03,IHSEEGRKFK,56.75,73.043,45545.09
HLA-B*51:03,HSEEGRKFKY,28.306,60.496,44270.18
HLA-B*51:03,SEEGRKFKYL,26.867,43.798,42062.9
HLA-B*51:03,EEGRKFKYLD,63.214,57.744,43947.09
HLA-B*51:03,EGRKFKYLDR,75.0,77.027,45911.68
HLA-B*51:03,GRKFKYLDRA,75.0,77.53,45956.92
HLA-B*51:03,RKFKYLDRAK,78.333,78.793,46070.42
HLA-B*51:03,KFKYLDRAKV,46.889,37.874,41062.38
HLA-B*51:03,FKYLDRAKVD,77.5,57.08,43868.23
HLA-B*51:03,KYLDRAKVDD,100.0,96.049,48157.57
HLA-B*51:03,YLDRAKVDDG,97.5,76.788,45890.34
HLA-B*51:03,LDRAKVDDGL,53.704,48.529,42774.75
HLA-B*51:03,DRAKVDDGLP,38.944,38.15,41113.94
HLA-B*51:03,RAKVDDGLPM,25.03,19.987,36480.5
HLA-B*51:03,AKVDDGLPMQ,75.0,91.235,47257.39
HLA-B*51:03,KVDDGLPMQG,63.929,88.226,46948.03
HLA-B*51:03,VDDGLPMQGL,22.58,45.473,42324.04
HLA-B*51:03,DDGLPMQGLS,51.296,38.044,41094.38
HLA-B*51:03,DGLPMQGLSE,40.938,41.975,41770.84
HLA-B*51:03,GLPMQGLSEA,16.476,8.717,30350.72
HLA-B*51:03,LPMQGLSEAL,1.476,0.785,12781.87
HLA-B*51:03,PMQGLSEALV,64.286,33.825,40260.82
HLA-B*51:03,MQGLSEALVH,49.714,37.049,40906.27
HLA-B*51:03,QGLSEALVHE,67.727,81.249,46293.29
HLA-B*51:03,GLSEALVHEG,85.0,80.619,46235.73
HLA-B*51:03,LSEALVHEGV,23.0,10.37,31645.14
HLA-B*51:03,SEALVHEGVA,34.808,21.413,36980.04
HLA-B*51:03,EALVHEGVAT,23.575,22.163,37226.53
HLA-B*51:03,ALVHEGVATL,18.457,29.856,39375.08
HLA-B*51:03,LVHEGVATLA,22.76,18.727,36007.18
HLA-B*51:03,VHEGVATLAI,22.82,9.238,30797.29
HLA-B*51:03,HEGVATLAIL,22.5,17.346,35456.66
HLA-B*51:03,EGVATLAILY,19.304,14.917,34355.45
HLA-B*51:03,GVATLAILYM,40.188,22.734,37406.61
HLA-B*51:03,VATLAILYME,52.222,26.17,38426.84
HLA-B*51:03,ATLAILYMEV,22.37,10.116,31462.83
HLA-B*51:03,TLAILYMEVS,41.333,32.3,39937.59
HLA-B*51:03,LAILYMEVSL,10.576,4.481,25230.98
HLA-B*51:03,AILYMEVSLR,67.273,63.15,44560.45
HLA-B*51:03,ILYMEVSLRN,69.091,42.992,41939.76
HLA-B*51:03,LYMEVSLRNA,43.455,18.829,36046.17
HLA-B*51:03,YMEVSLRNAI,17.834,5.604,26909.29
HLA-B*51:03,MEVSLRNAIR,42.923,25.575,38262.55
HLA-B*51:03,EVSLRNAIRP,44.091,37.054,40907.17
HLA-B*51:03,VSLRNAIRPD,95.0,56.872,43843.54
HLA-B*51:03,SLRNAIRPDE,78.333,87.753,46902.33
HLA-B*51:03,LRNAIRPDEL,38.667,41.539,41700.38
HLA-B*51:03,RNAIRPDELA,25.493,32.938,40076.97
HLA-B*51:03,NAIRPDELAP,16.271,19.646,36352.44
HLA-B*51:03,AIRPDELAPI,30.0,21.601,37042.51
HLA-B*51:03,IRPDELAPID,53.519,35.837,40670.16
HLA-B*51:03,RPDELAPIDK,36.714,59.26,44127.66
HLA-B*51:03,PDELAPIDKE,86.667,95.831,48058.16
HLA-B*51:03,DELAPIDKEI,2.981,4.038,24383.42
HLA-B*51:03,ELAPIDKEIV,10.878,14.215,34011.86
HLA-B*51:03,LAPIDKEIVE,23.529,34.52,40404.4
HLA-B*51:03,APIDKEIVEP,7.394,22.58,37358.08
HLA-B*51:03,PIDKEIVEPA,67.273,67.318,44992.59
HLA-B*51:03,IDKEIVEPAF,19.162,35.375,40578.31
HLA-B*51:03,DKEIVEPAFE,64.286,72.025,45449.08
HLA-B*51:03,KEIVEPAFEK,48.625,72.599,45503.19
HLA-B*51:03,EIVEPAFEKV,7.02,7.851,29566.98
HLA-B*51:03,IVEPAFEKVA,34.846,36.925,40882.38
HLA-B*51:03,VEPAFEKVAT,31.0,31.237,39698.06
HLA-B*51:03,EPAFEKVATQ,13.091,23.798,37742.83
HLA-B*51:03,PAFEKVATQT,30.459,39.211,41307.02
HLA-B*51:03,AFEKVATQTV,22.79,27.282,38724.43
HLA-B*51:03,FEKVATQTVS,42.769,41.201,41645.82
HLA-B*51:03,EKVATQTVSD,82.5,78.544,46048.0
HLA-B*51:03,KVATQTVSDL,32.774,38.918,41255.19
HLA-B*51:03,VATQTVSDLV,8.735,2.816,21651.15
HLA-B*51:03,ATQTVSDLVL,27.13,27.271,38721.51
HLA-B*51:03,TQTVSDLVLV,19.392,10.37,31644.79
HLA-B*51:03,QTVSDLVLVD,51.481,40.657,41555.35
HLA-B*51:03,TVSDLVLVDA,27.981,26.383,38483.41
HLA-B*51:03,VSDLVLVDAV,22.76,7.367,29081.53
HLA-B*51:03,SDLVLVDAVK,68.636,50.193,43004.43
HLA-B*51:03,DLVLVDAVKP,33.893,30.392,39501.39
HLA-B*51:03,LVLVDAVKPN,93.333,70.329,45289.53
HLA-B*51:03,VLVDAVKPND,90.0,88.479,46972.41
HLA-B*51:03,LVDAVKPNDG,73.571,76.285,45845.17
HLA-B*51:03,VDAVKPNDGS,77.5,82.596,46416.66
HLA-B*51:03,DAVKPNDGSQ,36.762,62.096,44444.88
HLA-B*51:03,AVKPNDGSQS,70.714,92.374,47384.86
HLA-B*51:03,VKPNDGSQSL,1.517,9.294,30844.64
HLA-B*51:03,KPNDGSQSLN,17.373,45.709,42359.76
HLA-B*51:03,PNDGSQSLNG,97.5,95.884,48082.07
HLA-B*51:03,NDGSQSLNGG,93.333,85.384,46674.52
HLA-B*51:03,DGSQSLNGGF,19.419,20.872,36797.24
HLA-B*51:03,GSQSLNGGFN,91.667,81.648,46329.88
HLA-B*51:03,SQSLNGGFNV,22.64,13.18,33457.79
HLA-B*51:03,QSLNGGFNVE,45.4,53.432,43419.63
HLA-B*51:03,SLNGGFNVEF,28.776,33.389,40170.74
HLA-B*51:03,LNGGFNVEFV,47.75,24.882,38066.83
HLA-B*51:03,NGGFNVEFVI,15.504,3.163,22518.45
HLA-B*51:03,GGFNVEFVIP,59.75,38.697,41214.61
HLA-B*51:03,GFNVEFVIPL,45.6,24.897,38071.34
HLA-B*51:03,FNVEFVIPLN,53.519,25.988,38378.65
HLA-B*51:03,NVEFVIPLNT,30.973,22.012,37179.05
HLA-B*51:03,VEFVIPLNTK,38.5,41.159,41639.08
HLA-B*51:03,EFVIPLNTKG,47.625,51.16,43127.92
HLA-B*51:03,FVIPLNTKGI,6.236,3.22,22651.87
HLA-B*51:03,VIPLNTKGIC,31.971,29.513,39292.95
HLA-B*51:03,IPLNTKGICA,8.755,4.549,25343.42
HLA-B*51:03,PLNTKGICAE,97.5,96.309,48277.04
HLA-B*51:03,LNTKGICAEL,28.347,23.008,37493.32
HLA-B*51:03,NTKGICAELI,18.591,6.187,27678.53
HLA-B*51:03,TKGICAELIP,80.0,43.44,42008.33
HLA-B*51:03,KGICAELIPR,82.5,73.935,45629.4
HLA-B*51:03,GICAELIPRD,97.5,95.32,47825.26
HLA-B*51:03,ICAELIPRDT,75.0,69.665,45225.41
HLA-B*51:03,CAELIPRDTK,63.929,47.471,42620.44
HLA-B*51:03,AELIPRDTKE,69.545,90.993,47230.27
HLA-B*51:03,ELIPRDTKET,36.333,54.099,43505.68
HLA-B*51:03,LIPRDTKETE,41.5,63.774,44628.96
HLA-B*51:03,IPRDTKETER,19.216,56.092,43751.14
HLA-B*51:03,PRDTKETERP,93.333,97.07,48627.23
HLA-B*51:03,RDTKETERPA,48.0,59.636,44172.59
HLA-B*51:03,DTKETERPAL,4.318,15.012,34401.95
HLA-B*51:03,TKETERPALA,31.176,48.367,42751.61
HLA-B*51:03,KETERPALAQ,63.571,86.916,46821.7
HLA-B*51:03,ETERPALAQC,23.747,34.315,40362.0
HLA-B*51:03,TERPALAQCD,69.545,63.489,44597.57
HLA-B*51:03,ERPALAQCDE,72.857,66.535,44915.24
HLA-B*51:03,RPALAQCDEE,64.286,58.704,44061.34
HLA-B*51:03,PALAQCDEEG,97.5,91.436,47279.88
HLA-B*51:03,ALAQCDEEGI,52.407,37.424,40977.17
HLA-B*51:03,LAQCDEEGIK,76.667,57.468,43914.28
HLA-B*51:03,AQCDEEGIKD,90.0,95.551,47930.39
HLA-B*51:03,QCDEEGIKDF,28.571,73.528,45590.93
HLA-B*51:03,CDEEGIKDFT,86.667,75.886,45809.47
HLA-B*51:03,DEEGIKDFTV,11.491,12.729,33197.81
HLA-B*51:03,EEGIKDFTVN,66.364,58.536,44041.34
HLA-B*51:03,EGIKDFTVNN,65.0,58.388,44023.71
HLA-B*51:03,GIKDFTVNND,97.5,95.36,47843.37
HLA-B*51:03,IKDFTVNNDL,38.278,32.448,39970.0
HLA-B*51:03,KDFTVNNDLT,72.143,72.568,45500.26
HLA-B*51:03,DFTVNNDLTD,80.0,67.136,44974.57
HLA-B*51:03,FTVNNDLTDI,23.425,6.987,28661.71
HLA-B*51:03,TVNNDLTDIR,65.455,71.748,45423.03
HLA-B*51:03,VNNDLTDIRI,21.211,17.934,35702.27
HLA-B*51:03,NNDLTDIRIP,54.074,49.178,42866.48
HLA-B*51:03,NDLTDIRIPE,77.5,75.155,45744.11
HLA-B*51:03,DLTDIRIPES,35.583,44.264,42135.8
HLA-B*51:03,LTDIRIPESV,10.857,6.95,28617.08
HLA-B*51:03,TDIRIPESVA,38.056,34.359,40371.16
HLA-B*51:03,DIRIPESVAD,55.5,54.584,43568.32
HLA-B*51:03,IRIPESVADS,79.167,76.346,45850.64
HLA-B*51:03,RIPESVADSV,9.007,8.084,29786.27
HLA-B*51:03,IPESVADSVR,15.403,15.331,34551.16
HLA-B*51:03,PESVADSVRG,95.0,90.21,47142.99
HLA-B*51:03,ESVADSVRGS,53.519,64.279,44684.51
HLA-B*51:03,SVADSVRGSA,25.299,26.455,38502.58
HLA-B*51:03,VADSVRGSAG,54.815,42.837,41913.89
HLA-B*51:03,ADSVRGSAGQ,90.0,94.739,47650.67
HLA-B*51:03,DSVRGSAGQK,41.333,61.99,44433.33
HLA-B*51:03,SVRGSAGQKR,68.636,89.032,47025.81
HLA-B*51:03,VRGSAGQKRE,85.0,96.024,48146.11
HLA-B*51:03,RGSAGQKREI,28.653,38.472,41173.14
HLA-B*51:03,GSAGQKREIS,80.0,95.033,47695.04
HLA-B*51:03,SAGQKREISY,29.295,48.844,42819.65
HLA-B*51:03,AGQKREISYV,30.811,32.927,40074.36
HLA-B*51:03,GQKREISYVV,33.214,31.753,39815.92
HLA-B*51:03,QKREISYVVT,60.357,67.229,44983.83
HLA-B*51:03,KREISYVVTN,88.333,73.231,45562.8
HLA-B*51:03,REISYVVTNY,26.7,34.994,40502.44
HLA-B*51:03,EISYVVTNYN,51.852,34.615,40424.05
HLA-B*51:03,ISYVVTNYNE,61.071,43.899,42078.39
HLA-B*51:03,SYVVTNYNEK,73.571,75.864,45807.49
HLA-B*51:03,YVVTNYNEKS,83.75,67.628,45023.27
HLA-B*51:03,VVTNYNEKSG,97.5,91.478,47284.49
HLA-B*51:03,VTNYNEKSGN,97.5,91.116,47244.07
HLA-B*51:03,TNYNEKSGNG,90.0,83.883,46534.85
HLA-B*51:03,NYNEKSGNGV,32.613,36.702,40839.06
HLA-B*51:03,YNEKSGNGVW,26.183,26.289,38458.45
HLA-B*51:03,NEKSGNGVWD,68.636,71.112,45363.11
HLA-B*51:03,EKSGNGVWDK,86.667,89.379,47059.4
HLA-B*51:03,KSGNGVWDKC,77.5,81.008,46271.26
HLA-B*51:03,SGNGVWDKCG,95.0,79.291,46115.31
HLA-B*51:03,GNGVWDKCGG,100.0,95.726,48010.34
HLA-B*51:03,NGVWDKCGGK,63.929,71.08,45360.15
HLA-B*51:03,GVWDKCGGKK,76.667,87.295,46858.19
HLA-B*51:03,VWDKCGGKKA,65.909,72.672,45510.09
HLA-B*51:03,WDKCGGKKAV,45.7,46.1,42418.48
HLA-B*51:03,DKCGGKKAVD,79.167,95.699,47997.86
HLA-B*51:03,KCGGKKAVDS,100.0,97.675,48907.42
HLA-B*51:03,CGGKKAVDST,93.333,83.352,46486.02
HLA-B*51:03,GGKKAVDSTH,72.857,95.455,47886.86
HLA-B*51:03,GKKAVDSTHS,95.0,97.003,48596.19
HLA-B*51:03,KKAVDSTHSS,47.5,83.171,46469.44
HLA-B*51:03,KAVDSTHSST,28.673,51.652,43190.96
HLA-B*51:03,AVDSTHSSTI,15.537,15.109,34447.39
HLA-B*51:03,VDSTHSSTIL,27.278,31.075,39661.13
HLA-B*51:03,DSTHSSTILC,15.317,16.89,35263.46
HLA-B*51:03,STHSSTILCS,60.357,47.988,42697.52
HLA-B*51:03,THSSTILCSL,18.104,11.905,32701.55
HLA-B*51:03,HSSTILCSLQ,61.071,47.415,42612.14
HLA-B*51:03,SSTILCSLQG,90.0,33.996,40296.12
HLA-B*51:03,STILCSLQGL,31.794,16.525,35099.4
HLA-B*51:03,TILCSLQGLD,82.5,49.673,42934.71
HLA-B*51:03,ILCSLQGLDS,93.333,73.429,45581.55
HLA-B*51:03,LCSLQGLDSK,69.091,71.049,45357.23
HLA-B*51:03,CSLQGLDSKD,95.0,66.777,44939.06
HLA-B*51:03,SLQGLDSKDK,82.5,94.03,47570.8
HLA-B*51:03,LQGLDSKDKL,27.667,41.511,41695.88
HLA-B*51:03,QGLDSKDKLP,50.185,70.59,45314.04
HLA-B*51:03,GLDSKDKLPR,79.167,95.353,47840.25
HLA-B*51:03,LDSKDKLPRF,22.06,34.805,40463.43
HLA-B*51:03,DSKDKLPRFD,28.898,46.74,42512.2
HLA-B*51:03,SKDKLPRFDQ,93.333,96.191,48222.74
HLA-B*51:03,KDKLPRFDQL,27.296,43.958,42087.48
HLA-B*51:03,DKLPRFDQLL,7.987,10.201,31523.47
HLA-B*51:03,KLPRFDQLLT,36.952,24.805,38044.18
HLA-B*51:03,LPRFDQLLTV,0.094,0.033,2157.58
HLA-B*51:03,PRFDQLLTVG,68.182,67.904,45050.54
HLA-B*51:03,RFDQLLTVGK,71.429,80.23,46200.21
HLA-B*51:03,FDQLLTVGKV,21.921,7.501,29230.43
HLA-B*51:03,DQLLTVGKVG,36.524,24.432,37934.02
HLA-B*51:03,QLLTVGKVGL,34.769,39.877,41422.93
HLA-B*51:03,LLTVGKVGLP,72.143,45.597,42342.82
HLA-B*51:03,LTVGKVGLPK,61.786,46.561,42485.99
HLA-B*51:03,TVGKVGLPKG,82.5,71.013,45353.77
HLA-B*51:03,VGKVGLPKGI,17.554,24.836,38053.23
HLA-B*51:03,GKVGLPKGIW,59.75,65.866,44849.22
HLA-B*51:03,KVGLPKGIWD,91.667,85.053,46642.71
HLA-B*51:03,VGLPKGIWDL,21.149,24.457,37941.41
HLA-B*51:03,GLPKGIWDLG,59.75,31.315,39715.65
HLA-B*51:03,LPKGIWDLGE,31.529,20.846,36788.09
HLA-B*51:03,PKGIWDLGEP,97.5,90.636,47190.45
HLA-B*51:03,KGIWDLGEPA,48.75,33.783,40252.09
HLA-B*51:03,GIWDLGEPAR,54.444,70.449,45300.8
HLA-B*51:03,IWDLGEPARR,44.182,87.979,46924.14
HLA-B*51:03,WDLGEPARRD,95.0,86.384,46770.57
HLA-B*51:03,DLGEPARRDR,67.273,90.435,47167.99
HLA-B*51:03,LGEPARRDRC,75.0,78.571,46050.49
HLA-B*51:03,GEPARRDRCA,52.963,53.913,43481.68
HLA-B*51:03,EPARRDRCAK,38.611,40.614,41548.17
HLA-B*51:03,PARRDRCAKC,90.0,86.811,46811.59
HLA-B*51:03,ARRDRCAKCE,95.0,95.756,48023.84
HLA-B*51:03,RRDRCAKCEC,91.667,80.63,46236.72
HLA-B*51:03,RDRCAKCECK,97.5,90.851,47214.43
HLA-B*51:03,DRCAKCECKM,69.545,47.724,42658.27
HLA-B*51:03,RCAKCECKMY,70.0,58.86,44079.96
HLA-B*51:03,CAKCECKMYE,86.667,50.74,43074.3
HLA-B*51:03,AKCECKMYEQ,95.0,96.044,48155.49
HLA-B*51:03,KCECKMYEQQ,95.0,95.782,48035.79
HLA-B*51:03,CECKMYEQQN,97.5,81.265,46294.78
HLA-B*51:03,ECKMYEQQNV,14.5,18.341,35859.82
HLA-B*51:03,CKMYEQQNVQ,72.857,52.994,43363.28
HLA-B*51:03,KMYEQQNVQG,65.455,62.707,44511.77
HLA-B*51:03,MYEQQNVQGK,50.185,65.103,44774.05
HLA-B*51:03,YEQQNVQGKI,8.597,8.491,30154.0
HLA-B*51:03,EQQNVQGKIA,30.054,35.294,40562.06
HLA-B*51:03,QQNVQGKIAD,91.667,90.686,47196.05
HLA-B*51:03,QNVQGKIADP,67.727,80.613,46235.23
HLA-B*51:03,NVQGKIADPC,55.75,48.526,42774.28
HLA-B*51:03,VQGKIADPCK,82.5,76.578,45871.46
HLA-B*51:03,QGKIADPCKL,34.154,44.874,42232.54
HLA-B*51:03,GKIADPCKLP,65.455,79.64,46146.75
HLA-B*51:03,KIADPCKLPP,63.929,52.195,43260.65
HLA-B*51:03,IADPCKLPPC,23.207,26.1,38408.56
HLA-B*51:03,ADPCKLPPCV,5.445,7.184,28879.29
HLA-B*51:03,DPCKLPPCVC,3.728,5.12,26222.08
HLA-B*51:03,PCKLPPCVCI,54.63,33.457,40184.66
HLA-B*51:03,CKLPPCVCIS,81.25,44.572,42184.6
HLA-B*51:03,KLPPCVCISH,57.25,50.452,43037.51
HLA-B*51:03,LPPCVCISHY,8.75,2.067,19461.76
HLA-B*51:03,PPCVCISHYV,7.417,1.478,17000.58
HLA-B*51:03,PCVCISHYVS,97.5,79.878,46168.25
HLA-B*51:03,CVCISHYVSA,57.0,21.346,36958.04
HLA-B*51:03,VCISHYVSAL,21.904,22.581,37358.47
HLA-B*51:03,CISHYVSALW,45.4,6.266,27778.44
HLA-B*51:03,ISHYVSALWA,37.947,7.879,29594.49
HLA-B*51:03,SHYVSALWAK,47.875,35.978,40698.34
HLA-B*51:03,HYVSALWAKA,41.083,27.354,38744.12
HLA-B*51:03,YVSALWAKAH,57.25,44.218,42128.49
HLA-B*51:03,VSALWAKAHV,15.22,4.047,24400.31
HLA-B*51:03,SALWAKAHVG,47.375,19.227,36196.24
HLA-B*51:03,ALWAKAHVGF,36.381,30.577,39544.57
HLA-B*51:03,LWAKAHVGFC,58.25,40.051,41452.97
HLA-B*51:03,WAKAHVGFCL,21.281,5.383,26600.43
HLA-B*51:03,AKAHVGFCLW,34.115,16.797,35221.5
HLA-B*51:03,KAHVGFCLWT,62.5,28.495,39044.18
HLA-B*51:03,AHVGFCLWTV,26.667,11.432,32386.4
HLA-B*51:03,HVGFCLWTVG,90.0,21.357,36961.64
HLA-B*51:03,VGFCLWTVGG,91.667,29.513,39292.95
HLA-B*51:03,GFCLWTVGGE,97.5,95.246,47791.62
HLA-B*51:03,FCLWTVGGEF,31.5,10.846,31989.74
HLA-B*51:03,CLWTVGGEFD,86.667,43.595,42031.96
HLA-B*51:03,LWTVGGEFDQ,95.0,93.866,47552.28
HLA-B*51:03,WTVGGEFDQA,50.185,35.519,40606.87
HLA-B*51:03,TVGGEFDQAY,38.111,53.986,43491.1
HLA-B*51:03,VGGEFDQAYD,90.0,80.602,46234.21
HLA-B*51:03,GGEFDQAYDK,65.0,84.836,46622.53
HLA-B*51:03,GEFDQAYDKE,79.167,90.339,47157.25
HLA-B*51:03,EFDQAYDKEK,46.556,84.951,46633.12
HLA-B*51:03,FDQAYDKEKD,97.5,92.008,47343.87
HLA-B*51:03,DQAYDKEKDG,50.37,70.522,45307.67
HLA-B*51:03,QAYDKEKDGK,42.769,79.075,46095.86
HLA-B*51:03,AYDKEKDGKT,86.667,95.41,47866.14
HLA-B*51:03,YDKEKDGKTT,59.25,80.947,46265.74
HLA-B*51:03,DKEKDGKTTM,14.755,48.945,42834.02
HLA-B*51:03,KEKDGKTTMP,46.333,86.211,46753.87
HLA-B*51:03,EKDGKTTMPV,26.383,18.626,35968.64
HLA-B*51:03,KDGKTTMPVA,56.5,47.226,42584.03
HLA-B*51:03,DGKTTMPVAI,3.874,2.406,20532.07
HLA-B*51:03,GKTTMPVAIK,83.75,82.629,46419.69
HLA-B*51:03,KTTMPVAIKK,33.143,55.036,43626.36
HLA-B*51:03,TTMPVAIKKQ,42.154,57.072,43867.27
HLA-B*51:03,TMPVAIKKQF,4.88,9.631,31113.47
HLA-B*51:03,MPVAIKKQFT,8.191,4.71,25593.07
HLA-B*51:03,PVAIKKQFTL,10.48,18.385,35876.52
HLA-B*51:03,VAIKKQFTLR,11.639,23.304,37586.74
HLA-B*51:03,AIKKQFTLRW,33.536,42.065,41785.74
HLA-B*51:03,IKKQFTLRWL,41.583,43.551,42025.16
HLA-B*51:03,KKQFTLRWLV,34.308,12.944,33326.28
HLA-B*51:03,KQFTLRWLVE,70.0,35.667,40636.32
HLA-B*51:03,QFTLRWLVEF,41.833,17.921,35696.85
HLA-B*51:03,FTLRWLVEFY,42.077,14.773,34284.89
HLA-B*51:03,TLRWLVEFYM,41.833,17.287,35432.11
HLA-B*51:03,LRWLVEFYMT,86.667,43.28,41983.79
HLA-B*51:03,RWLVEFYMTT,69.545,49.879,42963.05
HLA-B*51:03,WLVEFYMTTD,97.5,63.581,44607.72
HLA-B*51:03,LVEFYMTTDG,97.5,47.796,42668.89
HLA-B*51:03,VEFYMTTDGE,82.5,61.898,44423.24
HLA-B*51:03,EFYMTTDGEK,58.5,59.708,44181.19
HLA-B*51:03,FYMTTDGEKI,23.851,6.955,28622.97
HLA-B*51:03,YMTTDGEKIS,67.727,61.331,44361.29
HLA-B*51:03,MTTDGEKISI,11.047,11.281,32286.7
HLA-B*51:03,TTDGEKISIG,51.852,66.727,44934.22
HLA-B*51:03,TDGEKISIGM,33.036,48.188,42726.17
HLA-B*51:03,DGEKISIGMA,27.167,21.776,37100.68
HLA-B*51:03,GEKISIGMAG,75.0,63.524,44601.45
HLA-B*51:03,EKISIGMAGF,24.455,25.538,38252.21
HLA-B*51:03,KISIGMAGFV,57.0,18.397,35881.18
HLA-B*51:03,ISIGMAGFVS,65.909,24.06,37824.58
HLA-B*51:03,SIGMAGFVSW,22.65,12.045,32791.9
HLA-B*51:03,IGMAGFVSWA,34.231,10.962,32073.96
HLA-B*51:03,GMAGFVSWAS,83.75,33.238,40139.46
HLA-B*51:03,MAGFVSWASF,13.832,0.773,12685.7
HLA-B*51:03,AGFVSWASFL,27.278,10.623,31827.81
HLA-B*51:03,GFVSWASFLA,75.0,33.438,40180.74
HLA-B*51:03,FVSWASFLAA,28.592,3.652,23621.02
HLA-B*51:03,VSWASFLAAD,74.286,20.013,36489.98
HLA-B*51:03,SWASFLAADH,79.167,63.159,44561.4
HLA-B*51:03,WASFLAADHL,17.109,2.247,20022.01
HLA-B*51:03,ASFLAADHLS,48.25,29.494,39288.26
HLA-B*51:03,SFLAADHLSE,75.0,75.925,45812.95
HLA-B*51:03,FLAADHLSEE,40.938,55.696,43704.3
HLA-B*51:03,LAADHLSEEE,51.296,64.574,44716.91
HLA-B*51:03,AADHLSEEEI,11.949,15.679,34714.16
HLA-B*51:03,ADHLSEEEIP,62.143,75.891,45809.97
HLA-B*51:03,DHLSEEEIPH,44.455,78.66,46058.48
HLA-B*51:03,HLSEEEIPHT,61.071,74.327,45666.47
HLA-B*51:03,LSEEEIPHTI,4.731,5.895,27299.91
HLA-B*51:03,SEEEIPHTIE,16.289,42.997,41940.65
HLA-B*51:03,EEEIPHTIEA,13.736,20.464,36651.02
HLA-B*51:03,EEIPHTIEAV,2.895,4.925,25930.9
HLA-B*51:03,EIPHTIEAVD,34.731,28.237,38980.0
HLA-B*51:03,IPHTIEAVDH,22.19,33.326,40157.71
HLA-B*51:03,PHTIEAVDHK,80.0,90.622,47188.89
HLA-B*51:03,HTIEAVDHKV,5.372,6.937,28601.6
HLA-B*51:03,TIEAVDHKVE,62.143,74.661,45698.08
HLA-B*51:03,IEAVDHKVED,79.167,70.402,45296.39
HLA-B*51:03,EAVDHKVEDG,34.192,52.206,43262.05
HLA-B*51:03,AVDHKVEDGV,37.263,52.02,43238.2
HLA-B*51:03,VDHKVEDGVM,42.923,44.526,42177.29
HLA-B*51:03,DHKVEDGVMD,72.857,68.228,45082.75
HLA-B*51:03,HKVEDGVMDI,21.36,32.333,39944.93
HLA-B*51:03,KVEDGVMDIM,32.968,48.153,42721.07
HLA-B*51:03,VEDGVMDIMV,13.709,19.87,36436.32
HLA-B*51:03,EDGVMDIMVQ,68.636,72.093,45455.47
HLA-B*51:03,DGVMDIMVQS,22.8,19.873,36437.5
HLA-B*51:03,GVMDIMVQSL,15.567,25.508,38243.92
HLA-B*51:03,VMDIMVQSLF,23.23,6.274,27788.06
HLA-B*51:03,MDIMVQSLFL,20.065,3.164,22521.62
HLA-B*51:03,DIMVQSLFLA,19.561,4.633,25472.64
HLA-B*51:03,IMVQSLFLAR,63.571,38.976,41265.91
HLA-B*51:03,MVQSLFLARR,52.593,35.53,40609.05
HLA-B*51:03,VQSLFLARRQ,85.0,75.061,45735.7
HLA-B*51:03,QSLFLARRQQ,75.0,76.384,45854.1
HLA-B*51:03,SLFLARRQQR,59.25,70.684,45322.87
HLA-B*51:03,LFLARRQQRG,93.333,80.717,46244.74
HLA-B*51:03,FLARRQQRGY,43.091,40.441,41518.95
HLA-B*51:03,LARRQQRGYS,86.667,75.664,45789.65
HLA-B*51:03,ARRQQRGYSA,60.0,74.635,45695.63
HLA-B*51:03,RRQQRGYSAL,43.273,50.755,43076.16
HLA-B*51:03,RQQRGYSALG,65.909,55.056,43628.72
HLA-B*51:03,QQRGYSALGI,35.5,16.414,35050.06
HLA-B*51:03,QRGYSALGIG,86.667,50.098,42992.34
HLA-B*51:03,RGYSALGIGQ,74.286,73.972,45632.88
HLA-B*51:03,GYSALGIGQR,83.75,92.251,47371.02
HLA-B*51:03,YSALGIGQRR,33.107,52.338,43278.9
HLA-B*51:03,SALGIGQRRD,63.929,60.022,44218.48
HLA-B*51:03,ALGIGQRRDI,42.0,53.636,43445.94
HLA-B*51:03,LGIGQRRDIY,51.296,48.438,42761.79
HLA-B*51:03,GIGQRRDIYD,100.0,95.863,48072.7
HLA-B*51:03,IGQRRDIYDA,70.0,53.91,43481.2
HLA-B*51:03,GQRRDIYDAL,41.917,54.657,43577.77
HLA-B*51:03,QRRDIYDALW,39.235,38.969,41264.58
HLA-B*51:03,RRDIYDALWA,59.75,47.582,42637.04
HLA-B*51:03,RDIYDALWAH,47.75,55.252,43651.86
HLA-B*51:03,DIYDALWAHV,2.105,1.068,14748.17
HLA-B*51:03,IYDALWAHVR,63.929,46.216,42435.47
HLA-B*51:03,YDALWAHVRQ,56.0,45.973,42399.66
HLA-B*51:03,DALWAHVRQA,2.71,1.842,18576.44
HLA-B*51:03,ALWAHVRQAH,61.071,67.372,44997.93
HLA-B*51:03,LWAHVRQAHT,64.286,48.825,42816.86
HLA-B*51:03,WAHVRQAHTE,55.25,40.191,41476.74
HLA-B*51:03,AHVRQAHTEG,72.857,70.694,45323.86
HLA-B*51:03,HVRQAHTEGD,93.333,86.395,46771.57
HLA-B*51:03,VRQAHTEGDQ,95.0,96.259,48254.07
HLA-B*51:03,RQAHTEGDQT,68.182,81.555,46321.36
HLA-B*51:03,QAHTEGDQTA,15.575,27.311,38732.4
HLA-B*51:03,AHTEGDQTAG,82.5,87.195,46848.55
HLA-B*51:03,HTEGDQTAGK,58.75,84.053,46550.45
HLA-B*51:03,TEGDQTAGKC,42.154,58.856,44079.47
HLA-B*51:03,EGDQTAGKCV,16.338,17.205,35398.01
HLA-B*51:03,GDQTAGKCVM,57.0,63.344,44581.67
HLA-B*51:03,DQTAGKCVMA,23.414,27.506,38785.64
HLA-B*51:03,QTAGKCVMAE,69.545,75.066,45736.17
HLA-B*51:03,TAGKCVMAEA,31.824,11.355,32335.98
HLA-B*51:03,AGKCVMAEAK,79.167,70.83,45336.61
HLA-B*51:03,GKCVMAEAKI,64.643,53.6,43441.23
HLA-B*51:03,KCVMAEAKIS,93.333,82.475,46405.62
HLA-B*51:03,CVMAEAKISL,22.69,10.753,31921.96
HLA-B*51:03,VMAEAKISLI,9.372,3.9,24110.58
HLA-B*51:03,MAEAKISLIA,13.968,3.124,22425.81
HLA-B*51:03,AEAKISLIAK,39.824,51.189,43131.67
HLA-B*51:03,EAKISLIAKL,2.67,4.34,24956.75
HLA-B*51:03,AKISLIAKLD,71.429,72.74,45516.48
HLA-B*51:03,KISLIAKLDF,51.296,43.622,42036.05
HLA-B*51:03,ISLIAKLDFG,86.667,40.207,41479.45
HLA-B*51:03,SLIAKLDFGL,42.538,28.158,38960.2
HLA-B*51:03,LIAKLDFGLV,23.138,5.012,26067.06
HLA-B*51:03,IAKLDFGLVE,41.333,23.557,37666.53
HLA-B*51:03,AKLDFGLVET,65.909,69.882,45246.94
HLA-B*51:03,KLDFGLVETT,60.714,64.952,44758.55
HLA-B*51:03,LDFGLVETTG,69.091,43.72,42051.07
HLA-B*51:03,DFGLVETTGE,68.182,78.344,46030.06
HLA-B*51:03,FGLVETTGEA,33.893,20.689,36731.61
HLA-B*51:03,GLVETTGEAE,90.0,94.602,47635.21
HLA-B*51:03,LVETTGEAEA,49.429,50.146,42998.39
HLA-B*51:03,VETTGEAEAI,25.582,24.806,38044.59
HLA-B*51:03,ETTGEAEAIS,64.643,66.339,44895.81
HLA-B*51:03,TTGEAEAIST,64.286,71.832,45430.88
HLA-B*51:03,TGEAEAISTE,50.185,72.599,45503.19
HLA-B*51:03,GEAEAISTEE,65.0,87.747,46901.82
HLA-B*51:03,EAEAISTEEG,45.8,45.139,42273.68
HLA-B*51:03,AEAISTEEGV,17.166,21.434,36987.25
HLA-B*51:03,EAISTEEGVE,29.364,35.442,40591.48
HLA-B*51:03,AISTEEGVEV,20.049,40.782,41576.5
HLA-B*51:03,ISTEEGVEVR,36.714,63.866,44639.09
HLA-B*51:03,STEEGVEVRY,28.898,63.888,44641.51
HLA-B*51:03,TEEGVEVRYS,61.786,72.38,45482.54
HLA-B*51:03,EEGVEVRYSV,6.633,4.393,25059.04
HLA-B*51:03,EGVEVRYSVI,4.561,1.671,17843.6
HLA-B*51:03,GVEVRYSVID,93.333,80.646,46238.24
HLA-B*51:03,VEVRYSVIDL,34.5,23.233,37564.38
HLA-B*51:03,EVRYSVIDLP,33.25,20.662,36722.07
HLA-B*51:03,VRYSVIDLPF,28.592,12.184,32873.61
HLA-B*51:03,RYSVIDLPFI,37.632,11.65,32531.45
HLA-B*51:03,YSVIDLPFIV,9.15,2.253,20041.51
HLA-B*51:03,SVIDLPFIVQ,32.161,31.838,39835.32
HLA-B*51:03,VIDLPFIVQR,32.935,65.344,44797.79
HLA-B*51:03,IDLPFIVQRA,23.931,26.845,38606.04
HLA-B*51:03,DLPFIVQRAD,25.806,12.145,32850.85
HLA-B*51:03,LPFIVQRADG,25.194,5.566,26858.39
HLA-B*51:03,PFIVQRADGF,79.167,58.972,44093.32
HLA-B*51:03,FIVQRADGFR,78.333,57.188,43881.05
HLA-B*51:03,IVQRADGFRF,36.381,24.535,37964.39
HLA-B*51:03,VQRADGFRFD,78.333,65.492,44812.33
HLA-B*51:03,QRADGFRFDP,61.429,57.948,43971.36
HLA-B*51:03,RADGFRFDPW,31.706,15.101,34443.66
HLA-B*51:03,ADGFRFDPWR,77.5,64.495,44708.21
HLA-B*51:03,DGFRFDPWRL,4.375,2.22,19937.48
HLA-B*51:03,GFRFDPWRLI,26.567,17.567,35548.86
HLA-B*51:03,FRFDPWRLIP,32.226,17.042,35330.29
HLA-B*51:03,RFDPWRLIPA,51.296,34.981,40499.8
HLA-B*51:03,FDPWRLIPAA,5.22,0.727,12313.41
HLA-B*51:03,DPWRLIPAAP,4.44,1.445,16821.63
HLA-B*51:03,PWRLIPAAPQ,100.0,93.056,47461.32
HLA-B*51:03,WRLIPAAPQV,18.701,8.177,29869.87
HLA-B*51:03,RLIPAAPQVG,42.769,47.341,42601.06
HLA-B*51:03,LIPAAPQVGQ,38.389,48.994,42840.98
HLA-B*51:03,IPAAPQVGQT,9.256,11.559,32471.31
HLA-B*51:03,PAAPQVGQTS,44.364,67.308,44991.61
HLA-B*51:03,AAPQVGQTSK,35.542,62.021,44436.71
HLA-B*51:03,APQVGQTSKG,40.688,53.84,43472.28
HLA-B*51:03,PQVGQTSKGT,93.333,96.093,48177.89
HLA-B*51:03,QVGQTSKGTE,83.75,95.286,47809.72
HLA-B*51:03,VGQTSKGTES,75.833,88.095,46935.31
HLA-B*51:03,GQTSKGTESL,38.389,67.628,45023.27
HLA-B*51:03,QTSKGTESLE,62.143,82.651,46421.7
HLA-B*51:03,TSKGTESLEH,48.625,82.223,46382.52
HLA-B*51:03,SKGTESLEHY,50.0,74.979,45728.27
HLA-B*51:03,KGTESLEHYG,81.25,80.225,46199.73
HLA-B*51:03,GTESLEHYGT,83.75,82.919,46446.31
HLA-B*51:03,TESLEHYGTE,63.571,55.104,43634.38
HLA-B*51:03,ESLEHYGTEH,36.095,57.74,43946.61
HLA-B*51:03,SLEHYGTEHR,64.643,87.016,46831.33
HLA-B*51:03,LEHYGTEHRS,65.0,58.044,43982.76
HLA-B*51:03,EHYGTEHRSS,44.545,46.837,42526.48
HLA-B*51:03,HYGTEHRSSL,33.714,47.409,42611.23
HLA-B*51:03,YGTEHRSSLL,17.192,15.342,34556.02
HLA-B*51:03,GTEHRSSLLK,74.286,72.182,45463.82
HLA-B*51:03,TEHRSSLLKV,13.76,10.627,31830.58
HLA-B*51:03,EHRSSLLKVS,43.182,39.368,41334.29
HLA-B*51:03,HRSSLLKVSY,33.857,44.891,42235.29
HLA-B*51:03,RSSLLKVSYE,76.667,65.157,44779.39
HLA-B*51:03,SSLLKVSYEI,12.5,3.753,23819.66
HLA-B*51:03,SLLKVSYEIH,58.0,37.438,40979.81
HLA-B*51:03,LLKVSYEIHE,78.333,80.882,46259.75
HLA-B*51:03,LKVSYEIHEM,37.526,30.874,39614.38
HLA-B*51:03,KVSYEIHEMI,14.029,8.053,29758.58
HLA-B*51:03,VSYEIHEMIV,6.134,1.692,17938.45
HLA-B*51:03,SYEIHEMIVS,64.286,57.46,43913.35
HLA-B*51:03,YEIHEMIVSQ,44.545,52.666,43321.07
HLA-B*51:03,EIHEMIVSQP,23.011,27.551,38797.82
HLA-B*51:03,IHEMIVSQPK,59.25,43.182,41968.79
HLA-B*51:03,HEMIVSQPKI,6.612,3.232,22680.31
HLA-B*51:03,EMIVSQPKIT,34.846,31.049,39655.12
HLA-B*51:03,MIVSQPKITL,11.643,12.125,32838.75
HLA-B*51:03,IVSQPKITLA,11.791,20.357,36612.58
HLA-B*51:03,VSQPKITLAR,37.526,49.788,42950.5
HLA-B*51:03,SQPKITLARV,4.366,3.489,23297.14
HLA-B*51:03,QPKITLARVI,1.836,0.807,12969.38
HLA-B*51:03,PKITLARVIW,70.714,55.808,43717.55
HLA-B*51:03,KITLARVIWK,85.0,69.419,45200.94
HLA-B*51:03,ITLARVIWKE,66.818,47.505,42625.52
HLA-B*51:03,TLARVIWKEN,79.167,58.736,44065.18
HLA-B*51:03,LARVIWKENM,23.609,10.828,31976.25
HLA-B*51:03,ARVIWKENMG,93.333,88.8,47003.44
HLA-B*51:03,RVIWKENMGE,90.0,89.384,47059.91
HLA-B*51:03,VIWKENMGEN,93.333,77.215,45928.59
HLA-B*51:03,IWKENMGENQ,91.667,95.172,47758.04
HLA-B*51:03,WKENMGENQG,93.333,83.883,46534.85
HLA-B*51:03,KENMGENQGN,97.5,95.861,48071.68
HLA-B*51:03,ENMGENQGNM,26.45,31.002,39644.41
HLA-B*51:03,NMGENQGNMM,42.077,39.293,41321.3
HLA-B*51:03,MGENQGNMME,67.273,59.248,44126.23
HLA-B*51:03,GENQGNMMEN,93.333,89.616,47082.32
HLA-B*51:03,ENQGNMMENK,65.455,82.289,46388.57
HLA-B*51:03,NQGNMMENKQ,86.667,89.895,47109.32
HLA-B*51:03,QGNMMENKQI,23.632,18.409,35885.83
HLA-B*51:03,GNMMENKQIL,32.29,37.953,41077.47
HLA-B*51:03,NMMENKQILA,27.167,15.094,34440.3
HLA-B*51:03,MMENKQILAD,82.5,47.254,42588.18
HLA-B*51:03,MENKQILADF,21.175,14.824,34309.75
HLA-B*51:03,ENKQILADFL,26.567,23.964,37795.54
HLA-B*51:03,NKQILADFLL,28.265,12.014,32773.8
HLA-B*51:03,KQILADFLLV,25.582,10.163,31496.55
HLA-B*51:03,QILADFLLVL,23.563,14.547,34173.79
HLA-B*51:03,ILADFLLVLP,41.25,24.316,37899.96
HLA-B*51:03,LADFLLVLPF,27.593,3.262,22752.83
HLA-B*51:03,ADFLLVLPFI,23.184,6.328,27857.61
HLA-B*51:03,DFLLVLPFIQ,46.0,20.13,36531.45
HLA-B*51:03,FLLVLPFIQL,28.082,16.132,34924.0
HLA-B*51:03,LLVLPFIQLP,34.654,22.844,37441.44
HLA-B*51:03,LVLPFIQLPS,51.296,23.737,37723.63
HLA-B*51:03,VLPFIQLPSF,1.365,0.793,12853.15
HLA-B*51:03,LPFIQLPSFE,6.598,2.156,19737.01
HLA-B*51:03,PFIQLPSFET,70.714,65.901,44852.6
HLA-B*51:03,FIQLPSFETI,6.581,1.976,19156.33
HLA-B*51:03,IQLPSFETIH,27.463,22.446,37315.66
HLA-B*51:03,QLPSFETIHK,40.5,47.762,42663.8
HLA-B*51:03,LPSFETIHKI,0.046,0.025,1868.42
HLA-B*51:03,PSFETIHKIT,21.719,36.943,40885.94
HLA-B*51:03,SFETIHKITG,81.25,70.819,45335.61
HLA-B*51:03,FETIHKITGT,57.5,45.152,42275.51
HLA-B*51:03,ETIHKITGTI,5.709,2.796,21597.57
HLA-B*51:03,TIHKITGTIR,51.852,37.703,41029.95
HLA-B*51:03,IHKITGTIRD,91.667,77.697,45971.83
HLA-B*51:03,HKITGTIRDE,88.333,95.359,47842.84
HLA-B*51:03,KITGTIRDEA,74.286,73.304,45569.71
HLA-B*51:03,ITGTIRDEAH,74.286,82.147,46375.49
HLA-B*51:03,TGTIRDEAHA,52.407,48.542,42776.6
HLA-B*51:03,GTIRDEAHAA,42.538,59.172,44117.16
HLA-B*51:03,TIRDEAHAAR,50.37,67.712,45031.55
HLA-B*51:03,IRDEAHAARS,73.571,80.465,46221.72
HLA-B*51:03,RDEAHAARSN,95.0,86.537,46785.24
HLA-B*51:03,DEAHAARSNS,39.765,41.391,41676.47
HLA-B*51:03,EAHAARSNSQ,37.789,61.366,44365.12
HLA-B*51:03,AHAARSNSQM,24.455,41.187,41643.59
HLA-B*51:03,HAARSNSQMI,6.304,4.874,25850.79
HLA-B*51:03,AARSNSQMIQ,23.908,44.718,42207.87
HLA-B*51:03,ARSNSQMIQN,91.667,89.695,47089.97
HLA-B*51:03,RSNSQMIQNG,93.333,67.111,44972.14
HLA-B*51:03,SNSQMIQNGY,36.333,46.633,42496.57
HLA-B*51:03,NSQMIQNGYN,73.571,45.618,42346.02
HLA-B*51:03,SQMIQNGYNL,27.574,18.091,35764.51
HLA-B*51:03,QMIQNGYNLI,15.851,6.704,28320.45
HLA-B*51:03,MIQNGYNLIA,37.632,15.878,34807.82
HLA-B*51:03,IQNGYNLIAT,65.455,50.85,43088.27
HLA-B*51:03,QNGYNLIATR,55.0,67.269,44987.71
HLA-B*51:03,NGYNLIATRA,19.149,8.767,30394.09
HLA-B*51:03,GYNLIATRAR,86.667,82.558,46413.16
HLA-B*51:03,YNLIATRARP,65.909,39.627,41379.46
HLA-B*51:03,NLIATRARPP,69.545,42.308,41826.02
HLA-B*51:03,LIATRARPPE,93.333,74.833,45714.41
HLA-B*51:03,IATRARPPEV,5.634,4.997,26045.62
HLA-B*51:03,ATRARPPEVK,46.778,73.434,45582.05
HLA-B*51:03,TRARPPEVKI,2.448,6.629,28230.82
HLA-B*51:03,RARPPEVKIF,6.773,23.832,37753.86
HLA-B*51:03,ARPPEVKIFL,2.746,10.314,31604.76
HLA-B*51:03,RPPEVKIFLT,7.909,9.473,30996.19
HLA-B*51:03,PPEVKIFLTL,4.878,3.645,23607.46
HLA-B*51:03,PEVKIFLTLF,37.947,30.876,39614.81
HLA-B*51:03,EVKIFLTLFK,42.154,30.226,39462.51
HLA-B*51:03,VKIFLTLFKN,95.0,59.416,44146.3
HLA-B*51:03,KIFLTLFKNF,43.545,27.943,38905.44
HLA-B*51:03,IFLTLFKNFV,33.857,14.754,34275.25
HLA-B*51:03,FLTLFKNFVA,45.0,14.285,34045.72
HLA-B*51:03,LTLFKNFVAY,28.98,11.636,32522.3
HLA-B*51:03,TLFKNFVAYN,67.273,41.123,41633.22
HLA-B*51:03,LFKNFVAYNN,100.0,72.025,45449.08
HLA-B*51:03,FKNFVAYNNM,41.833,14.721,34258.95
HLA-B*51:03,KNFVAYNNMS,91.667,72.599,45503.19
HLA-B*51:03,NFVAYNNMSG,93.333,57.66,43937.11
HLA-B*51:03,FVAYNNMSGV,12.324,2.451,20676.76
HLA-B*51:03,VAYNNMSGVG,25.299,16.82,35231.8
HLA-B*51:03,AYNNMSGVGQ,91.667,91.569,47294.7
HLA-B*51:03,YNNMSGVGQK,57.75,73.038,45544.59
HLA-B*51:03,NNMSGVGQKT,44.455,52.093,43247.54
HLA-B*51:03,NMSGVGQKTQ,68.182,82.552,46412.65
HLA-B*51:03,MSGVGQKTQF,18.098,21.524,37016.88
HLA-B*51:03,SGVGQKTQFN,64.286,81.878,46350.91
HLA-B*51:03,GVGQKTQFNT,91.667,87.916,46918.06
HLA-B*51:03,VGQKTQFNTC,41.083,44.003,42094.32
HLA-B*51:03,GQKTQFNTCA,51.111,61.731,44405.0
HLA-B*51:03,QKTQFNTCAL,53.519,34.385,40376.42
HLA-B*51:03,KTQFNTCALG,91.667,30.887,39617.39
HLA-B*51:03,TQFNTCALGT,61.071,30.898,39619.95
HLA-B*51:03,QFNTCALGTQ,93.333,85.105,46647.77
HLA-B*51:03,FNTCALGTQR,60.714,62.597,44499.74
HLA-B*51:03,NTCALGTQRP,52.037,48.321,42745.13
HLA-B*51:03,TCALGTQRPY,26.767,32.99,40088.24
HLA-B*51:03,CALGTQRPYL,16.618,4.422,25116.31
HLA-B*51:03,ALGTQRPYLN,93.333,87.132,46842.48
HLA-B*51:03,LGTQRPYLNI,18.5,6.218,27717.5
HLA-B*51:03,GTQRPYLNII,26.65,18.427,35892.45
HLA-B*51:03,TQRPYLNIIG,50.926,34.854,40473.51
HLA-B*51:03,QRPYLNIIGY,9.612,10.599,31810.26
HLA-B*51:03,RPYLNIIGYL,3.135,1.885,18770.0
HLA-B*51:03,PYLNIIGYLH,85.0,71.394,45389.62
HLA-B*51:03,YLNIIGYLHD,91.667,48.773,42809.46
HLA-B*51:03,LNIIGYLHDL,38.556,20.936,36820.34
HLA-B*51:03,NIIGYLHDLF,26.4,11.914,32707.57
HLA-B*51:03,IIGYLHDLFE,80.0,42.548,41865.85
HLA-B*51:03,IGYLHDLFET,52.778,26.463,38504.66
HLA-B*51:03,GYLHDLFETT,72.143,67.303,44991.11
HLA-B*51:03,YLHDLFETTK,34.423,43.747,42055.17
HLA-B*51:03,LHDLFETTKG,80.0,56.536,43803.71
HLA-B*51:03,HDLFETTKGA,30.865,33.716,40238.16
HLA-B*51:03,DLFETTKGAV,4.159,3.213,22635.21
HLA-B*51:03,LFETTKGAVG,83.75,61.015,44326.74
HLA-B*51:03,FETTKGAVGV,23.345,15.581,34668.36
HLA-B*51:03,ETTKGAVGVT,49.714,52.33,43277.98
HLA-B*51:03,TTKGAVGVTY,20.724,35.0,40503.75
HLA-B*51:03,TKGAVGVTYP,64.643,56.248,43769.6
HLA-B*51:03,KGAVGVTYPG,93.333,50.635,43060.77
HLA-B*51:03,GAVGVTYPGV,28.245,13.579,33675.69
HLA-B*51:03,AVGVTYPGVS,93.333,76.063,45825.34
HLA-B*51:03,VGVTYPGVST,48.875,52.236,43265.81
HLA-B*51:03,GVTYPGVSTA,18.982,25.442,38225.3
HLA-B*51:03,VTYPGVSTAE,26.167,35.521,40607.29
HLA-B*51:03,TYPGVSTAEE,56.75,57.704,43942.33
HLA-B*51:03,YPGVSTAEEP,17.43,11.767,32609.33
HLA-B*51:03,PGVSTAEEPK,93.333,95.952,48113.3
HLA-B*51:03,GVSTAEEPKA,81.25,87.116,46840.97
HLA-B*51:03,VSTAEEPKAM,21.772,47.706,42655.5
HLA-B*51:03,STAEEPKAMY,19.432,45.252,42290.62
HLA-B*51:03,TAEEPKAMYI,2.762,3.376,23024.49
HLA-B*51:03,AEEPKAMYIP,43.364,56.256,43770.56
HLA-B*51:03,EEPKAMYIPR,40.312,43.438,42007.87
HLA-B*51:03,EPKAMYIPRE,25.119,23.727,37720.37
HLA-B*51:03,PKAMYIPREK,76.667,77.785,45979.8
HLA-B*51:03,KAMYIPREKS,57.5,49.771,42948.17
HLA-B*51:03,AMYIPREKSA,24.961,34.903,40483.58
HLA-B*51:03,MYIPREKSAR,54.63,63.941,44647.3
HLA-B*51:03,YIPREKSARK,20.268,40.104,41461.95
HLA-B*51:03,IPREKSARKV,1.237,1.523,17215.68
HLA-B*51:03,PREKSARKVA,81.25,93.403,47500.36
HLA-B*51:03,REKSARKVAP,64.643,79.585,46141.79
HLA-B*51:03,EKSARKVAPK,56.0,74.64,45696.11
HLA-B*51:03,KSARKVAPKS,83.75,78.272,46023.59
HLA-B*51:03,SARKVAPKSL,6.435,12.794,33236.26
HLA-B*51:03,ARKVAPKSLK,73.571,93.321,47491.11
HLA-B*51:03,RKVAPKSLKI,19.23,21.369,36965.64
HLA-B*51:03,KVAPKSLKIY,31.029,49.222,42872.51
HLA-B*51:03,VAPKSLKIYE,37.632,44.233,42130.77
HLA-B*51:03,APKSLKIYES,29.136,34.315,40362.0
HLA-B*51:03,PKSLKIYESP,79.167,68.809,45140.32
HLA-B*51:03,KSLKIYESPL,33.036,23.293,37583.08
HLA-B*51:03,SLKIYESPLP,61.429,44.103,42110.26
HLA-B*51:03,LKIYESPLPT,46.111,28.107,38947.56
HLA-B*51:03,KIYESPLPTN,72.857,71.352,45385.7
HLA-B*51:03,IYESPLPTNI,6.934,7.197,28894.29
HLA-B*51:03,YESPLPTNIN,18.933,24.933,38082.05
HLA-B*51:03,ESPLPTNINL,0.62,2.04,19380.23
HLA-B*51:03,SPLPTNINLW,1.025,1.213,15608.49
HLA-B*51:03,PLPTNINLWA,45.0,12.252,32913.81
HLA-B*51:03,LPTNINLWAI,1.175,0.073,3379.02
HLA-B*51:03,PTNINLWAIK,91.667,66.211,44883.19
HLA-B*51:03,TNINLWAIKI,18.037,6.169,27655.49
HLA-B*51:03,NINLWAIKIY,45.5,28.973,39163.49
HLA-B*51:03,INLWAIKIYL,22.87,17.075,35343.67
HLA-B*51:03,NLWAIKIYLA,32.968,14.846,34320.53
HLA-B*51:03,LWAIKIYLAV,10.052,2.462,20713.02
HLA-B*51:03,WAIKIYLAVN,35.292,12.08,32812.48
HLA-B*51:03,AIKIYLAVNK,75.0,73.408,45579.58
HLA-B*51:03,IKIYLAVNKE,81.25,75.814,45803.03
HLA-B*51:03,KIYLAVNKEG,85.0,69.552,45214.15
HLA-B*51:03,IYLAVNKEGL,48.375,40.258,41487.98
HLA-B*51:03,YLAVNKEGLL,21.184,18.377,35873.43
HLA-B*51:03,LAVNKEGLLP,33.714,22.592,37361.72
HLA-B*51:03,AVNKEGLLPL,32.484,32.722,40029.72
HLA-B*51:03,VNKEGLLPLT,61.071,60.483,44268.75
HLA-B*51:03,NKEGLLPLTN,86.667,63.401,44587.93
HLA-B*51:03,KEGLLPLTNV,23.92,17.801,35646.68
HLA-B*51:03,EGLLPLTNVG,31.324,23.285,37580.63
HLA-B*51:03,GLLPLTNVGE,81.25,90.489,47174.11
HLA-B*51:03,LLPLTNVGEL,5.164,3.413,23114.35
HLA-B*51:03,LPLTNVGELN,14.793,7.839,29555.46
HLA-B*51:03,PLTNVGELNV,63.214,44.994,42251.75
HLA-B*51:03,LTNVGELNVA,54.444,34.495,40399.13
HLA-B*51:03,TNVGELNVAF,23.276,27.267,38720.23
HLA-B*51:03,NVGELNVAFE,63.929,58.412,44026.57
HLA-B*51:03,VGELNVAFEM,21.789,13.909,33856.91
HLA-B*51:03,GELNVAFEMG,79.167,57.796,43953.27
HLA-B*51:03,ELNVAFEMGT,69.091,53.494,43427.62
HLA-B*51:03,LNVAFEMGTE,85.0,68.41,45100.78
HLA-B*51:03,NVAFEMGTEL,2.921,2.909,21894.5
HLA-B*51:03,VAFEMGTELY,6.196,4.206,24700.21
HLA-B*51:03,AFEMGTELYV,23.759,12.124,32838.42
HLA-B*51:03,FEMGTELYVS,47.5,17.303,35438.64
HLA-B*51:03,EMGTELYVSY,23.644,20.132,36532.25
HLA-B*51:03,MGTELYVSYD,66.818,28.181,38966.11
HLA-B*51:03,GTELYVSYDQ,95.0,91.139,47246.63
HLA-B*51:03,TELYVSYDQF,24.117,13.054,33389.07
HLA-B*51:03,ELYVSYDQFV,12.447,4.743,25645.46
HLA-B*51:03,LYVSYDQFVY,40.125,23.865,37764.06
HLA-B*51:03,YVSYDQFVYV,3.12,1.48,17013.28
HLA-B*51:03,VSYDQFVYVS,25.657,12.422,33014.75
HLA-B*51:03,SYDQFVYVSQ,59.25,74.405,45673.86
HLA-B*51:03,YDQFVYVSQE,45.6,54.015,43494.86
HLA-B*51:03,DQFVYVSQEA,12.044,6.435,27993.56
HLA-B*51:03,QFVYVSQEAF,23.126,17.517,35527.7
HLA-B*51:03,FVYVSQEAFI,11.85,1.738,18132.81
HLA-B*51:03,VYVSQEAFIG,85.0,51.222,43135.87
HLA-B*51:03,YVSQEAFIGC,38.111,35.815,40665.79
HLA-B*51:03,VSQEAFIGCM,28.51,19.055,36132.08
HLA-B*51:03,SQEAFIGCMF,32.581,18.906,36075.82
HLA-B*51:03,QEAFIGCMFD,74.286,24.249,37880.29
HLA-B*51:03,EAFIGCMFDN,72.143,21.083,36870.98
HLA-B*51:03,AFIGCMFDNY,74.286,47.056,42558.69
HLA-B*51:03,FIGCMFDNYK,71.429,39.545,41365.16
HLA-B*51:03,IGCMFDNYKG,95.0,55.928,43731.74
HLA-B*51:03,GCMFDNYKGL,47.125,38.656,41207.01
HLA-B*51:03,CMFDNYKGLG,78.333,26.331,38469.69
HLA-B*51:03,MFDNYKGLGQ,67.727,70.783,45332.2
HLA-B*51:03,FDNYKGLGQA,31.618,27.054,38662.05
HLA-B*51:03,DNYKGLGQAW,5.188,8.599,30247.78
HLA-B*51:03,NYKGLGQAWG,50.556,69.031,45162.3
HLA-B*51:03,YKGLGQAWGI,27.352,8.609,30256.29
HLA-B*51:03,KGLGQAWGIP,67.727,46.589,42490.13
HLA-B*51:03,GLGQAWGIPD,100.0,89.679,47088.42
HLA-B*51:03,LGQAWGIPDY,59.0,33.545,40202.91
HLA-B*51:03,GQAWGIPDYD,81.25,58.62,44051.34
HLA-B*51:03,QAWGIPDYDL,9.091,6.973,28645.28
HLA-B*51:03,AWGIPDYDLF,33.75,27.88,38888.18
HLA-B*51:03,WGIPDYDLFL,23.31,6.287,27805.19
HLA-B*51:03,GIPDYDLFLF,17.047,8.912,30520.97
HLA-B*51:03,IPDYDLFLFT,5.523,0.981,14246.28
HLA-B*51:03,PDYDLFLFTD,93.333,75.227,45750.54
HLA-B*51:03,DYDLFLFTDK,55.0,52.21,43262.52
HLA-B*51:03,YDLFLFTDKV,21.36,4.867,25839.6
HLA-B*51:03,DLFLFTDKVV,5.702,1.981,19178.94
HLA-B*51:03,LFLFTDKVVE,75.833,51.937,43227.44
HLA-B*51:03,FLFTDKVVER,24.312,47.731,42659.18
HLA-B*51:03,LFTDKVVERC,56.0,60.431,44262.98
HLA-B*51:03,FTDKVVERCI,17.907,8.855,30470.49
HLA-B*51:03,TDKVVERCIP,78.333,63.502,44599.04
HLA-B*51:03,DKVVERCIPS,68.636,49.919,42968.64
HLA-B*51:03,KVVERCIPSP,54.815,52.885,43349.21
HLA-B*51:03,VVERCIPSPA,65.455,22.035,37186.27
HLA-B*51:03,VERCIPSPAE,51.296,58.32,44015.62
HLA-B*51:03,ERCIPSPAEI,5.234,8.21,29899.61
HLA-B*51:03,RCIPSPAEIN,49.429,63.893,44642.0
HLA-B*51:03,CIPSPAEING,48.125,26.089,38405.64
HLA-B*51:03,IPSPAEINGL,0.858,2.076,19491.69
HLA-B*51:03,PSPAEINGLG,53.519,36.207,40742.86
HLA-B*51:03,SPAEINGLGL,1.988,3.092,22351.69
HLA-B*51:03,PAEINGLGLP,61.786,55.436,43673.57
HLA-B*51:03,AEINGLGLPV,24.377,10.977,32084.71
HLA-B*51:03,EINGLGLPVP,38.833,33.263,40144.66
HLA-B*51:03,INGLGLPVPD,97.5,67.205,44981.39
HLA-B*51:03,NGLGLPVPDG,90.0,53.107,43377.82
HLA-B*51:03,GLGLPVPDGQ,85.0,95.526,47918.99
HLA-B*51:03,LGLPVPDGQA,28.184,30.491,39524.48
HLA-B*51:03,GLPVPDGQAQ,50.185,84.058,46550.96
HLA-B*51:03,LPVPDGQAQY,2.39,6.894,28549.65
HLA-B*51:03,PVPDGQAQYL,10.511,21.72,37082.21
HLA-B*51:03,VPDGQAQYLR,12.331,22.182,37232.58
HLA-B*51:03,PDGQAQYLRG,97.5,91.976,47340.29
HLA-B*51:03,DGQAQYLRGT,46.222,47.378,42606.61
HLA-B*51:03,GQAQYLRGTE,78.333,87.163,46845.53
HLA-B*51:03,QAQYLRGTEG,49.714,34.495,40399.13
HLA-B*51:03,AQYLRGTEGD,88.333,80.876,46259.24
HLA-B*51:03,QYLRGTEGDL,54.815,58.364,44020.84
HLA-B*51:03,YLRGTEGDLR,75.833,73.074,45548.02
HLA-B*51:03,LRGTEGDLRR,81.25,93.792,47544.06
HLA-B*51:03,RGTEGDLRRQ,91.667,96.766,48486.96
HLA-B*51:03,GTEGDLRRQL,37.474,68.745,45133.98
HLA-B*51:03,TEGDLRRQLV,18.854,18.666,35983.81
HLA-B*51:03,EGDLRRQLVL,14.602,15.129,34456.7
HLA-B*51:03,GDLRRQLVLS,72.143,73.137,45553.93
HLA-B*51:03,DLRRQLVLSD,72.143,51.32,43148.48
HLA-B*51:03,LRRQLVLSDL,53.889,38.692,41213.71
HLA-B*51:03,RRQLVLSDLA,70.0,39.769,41404.11
HLA-B*51:03,RQLVLSDLAV,33.036,13.846,33822.13
HLA-B*51:03,QLVLSDLAVD,80.0,56.656,43817.95
HLA-B*51:03,LVLSDLAVDN,95.0,70.402,45296.39
HLA-B*51:03,VLSDLAVDNE,83.75,91.308,47265.55
HLA-B*51:03,LSDLAVDNEG,85.0,52.976,43360.93
HLA-B*51:03,SDLAVDNEGR,80.0,92.26,47372.05
HLA-B*51:03,DLAVDNEGRD,78.333,84.529,46594.3
HLA-B*51:03,LAVDNEGRDN,95.0,85.984,46732.13
HLA-B*51:03,AVDNEGRDNS,82.5,95.116,47732.73
HLA-B*51:03,VDNEGRDNSI,22.96,31.508,39759.96
HLA-B*51:03,DNEGRDNSIS,63.571,76.672,45879.92
HLA-B*51:03,NEGRDNSISL,11.767,18.886,36068.01
HLA-B*51:03,EGRDNSISLV,8.301,6.23,27732.79
HLA-B*51:03,GRDNSISLVR,69.545,85.268,46663.41
HLA-B*51:03,RDNSISLVRV,27.296,22.978,37483.98
HLA-B*51:03,DNSISLVRVG,32.677,20.563,36686.33
HLA-B*51:03,NSISLVRVGS,53.704,35.925,40687.79
HLA-B*51:03,SISLVRVGSR,68.636,66.875,44948.8
HLA-B*51:03,ISLVRVGSRV,15.119,5.2,26336.38
HLA-B*51:03,SLVRVGSRVI,21.991,14.841,34318.3
HLA-B*51:03,LVRVGSRVIM,42.769,26.923,38626.93
HLA-B*51:03,VRVGSRVIMV,27.13,24.007,37809.02
HLA-B*51:03,RVGSRVIMVL,30.892,20.66,36721.29
HLA-B*51:03,VGSRVIMVLT,54.074,32.637,40011.11
HLA-B*51:03,GSRVIMVLTL,31.412,25.476,38234.82
HLA-B*51:03,SRVIMVLTLI,24.234,6.98,28653.65
HLA-B*51:03,RVIMVLTLIE,72.857,41.117,41632.31
HLA-B*51:03,VIMVLTLIEP,68.182,35.06,40515.58
HLA-B*51:03,IMVLTLIEPI,31.059,4.277,24836.35
HLA-B*51:03,MVLTLIEPIG,59.25,11.311,32306.96
HLA-B*51:03,VLTLIEPIGK,54.815,74.154,45650.16
HLA-B*51:03,LTLIEPIGKG,57.5,39.434,41345.91
HLA-B*51:03,TLIEPIGKGV,13.351,14.729,34263.01
HLA-B*51:03,LIEPIGKGVG,55.5,57.692,43940.91
HLA-B*51:03,IEPIGKGVGV,1.411,2.178,19805.04
HLA-B*51:03,EPIGKGVGVI,0.348,0.457,9855.38
HLA-B*51:03,PIGKGVGVIR,88.333,94.529,47626.95
HLA-B*51:03,IGKGVGVIRD,83.75,83.614,46510.18
HLA-B*51:03,GKGVGVIRDL,61.429,72.453,45489.43
HLA-B*51:03,KGVGVIRDLL,36.238,32.321,39942.33
HLA-B*51:03,GVGVIRDLLA,65.455,48.114,42715.54
HLA-B*51:03,VGVIRDLLAP,61.786,36.705,40839.51
HLA-B*51:03,GVIRDLLAPA,62.5,39.681,41388.89
HLA-B*51:03,VIRDLLAPAL,21.842,17.605,35564.64
HLA-B*51:03,IRDLLAPALK,69.091,59.792,44191.22
HLA-B*51:03,RDLLAPALKA,42.692,38.496,41177.6
HLA-B*51:03,DLLAPALKAS,38.833,40.524,41532.88
HLA-B*51:03,LLAPALKASK,35.75,51.481,43169.02
HLA-B*51:03,LAPALKASKD,56.75,36.177,40737.13
HLA-B*51:03,APALKASKDL,6.968,18.373,35871.85
HLA-B*51:03,PALKASKDLK,82.5,85.816,46715.95
HLA-B*51:03,ALKASKDLKT,75.0,88.337,46958.69
HLA-B*51:03,LKASKDLKTK,64.643,81.21,46289.8
HLA-B*51:03,KASKDLKTKY,29.5,65.049,44768.74
HLA-B*51:03,ASKDLKTKYG,68.636,81.95,46357.43
HLA-B*51:03,SKDLKTKYGH,75.833,95.369,47847.5
HLA-B*51:03,KDLKTKYGHL,39.765,48.568,42780.29
HLA-B*51:03,DLKTKYGHLS,48.625,46.727,42510.36
HLA-B*51:03,LKTKYGHLSH,59.5,69.134,45172.59
HLA-B*51:03,KTKYGHLSHD,80.0,80.958,46266.75
HLA-B*51:03,TKYGHLSHDV,27.222,21.989,37171.8
HLA-B*51:03,KYGHLSHDVC,81.25,65.192,44782.77
HLA-B*51:03,YGHLSHDVCN,91.667,53.665,43449.69
HLA-B*51:03,GHLSHDVCNG,93.333,80.181,46195.71
HLA-B*51:03,HLSHDVCNGR,55.5,76.849,45895.82
HLA-B*51:03,LSHDVCNGRL,19.432,16.488,35083.06
HLA-B*51:03,SHDVCNGRLL,27.074,17.46,35504.27
HLA-B*51:03,HDVCNGRLLT,66.364,47.749,42661.96
HLA-B*51:03,DVCNGRLLTM,9.635,8.822,30441.81
HLA-B*51:03,VCNGRLLTMT,79.167,71.623,45411.23
HLA-B*51:03,CNGRLLTMTV,29.182,6.317,27843.43
HLA-B*51:03,NGRLLTMTVG,35.458,22.079,37200.37
HLA-B*51:03,GRLLTMTVGV,62.143,42.973,41936.57
HLA-B*51:03,RLLTMTVGVL,42.615,28.068,38937.87
HLA-B*51:03,LLTMTVGVLD,79.167,30.892,39618.67
HLA-B*51:03,LTMTVGVLDI,18.543,1.996,19240.05
HLA-B*51:03,TMTVGVLDIQ,74.286,56.496,43798.97
HLA-B*51:03,MTVGVLDIQE,54.259,52.991,43362.83
HLA-B*51:03,TVGVLDIQEG,85.0,69.203,45179.41
HLA-B*51:03,VGVLDIQEGQ,67.273,87.868,46913.49
HLA-B*51:03,GVLDIQEGQE,88.333,95.895,48087.28
HLA-B*51:03,VLDIQEGQEN,90.0,90.293,47152.14
HLA-B*51:03,LDIQEGQEND,95.0,92.077,47351.56
HLA-B*51:03,DIQEGQENDG,74.286,89.095,47031.91
HLA-B*51:03,IQEGQENDGK,90.0,95.66,47980.22
HLA-B*51:03,QEGQENDGKL,34.462,55.82,43718.96
HLA-B*51:03,EGQENDGKLF,15.481,25.216,38162.07
HLA-B*51:03,GQENDGKLFA,48.875,67.534,45014.01
HLA-B*51:03,QENDGKLFAI,12.692,14.972,34382.61
HLA-B*51:03,ENDGKLFAIV,16.222,12.812,33247.41
HLA-B*51:03,NDGKLFAIVP,53.148,30.223,39461.67
HLA-B*51:03,DGKLFAIVPP,29.386,11.839,32657.36
HLA-B*51:03,GKLFAIVPPL,46.333,28.486,39042.07
HLA-B*51:03,KLFAIVPPLY,22.75,23.945,37789.4
HLA-B*51:03,LFAIVPPLYR,34.731,37.375,40967.84
HLA-B*51:03,FAIVPPLYRP,9.487,7.53,29258.59
HLA-B*51:03,AIVPPLYRPH,65.455,79.563,46139.76
HLA-B*51:03,IVPPLYRPHY,11.545,15.628,34690.12
HLA-B*51:03,VPPLYRPHYI,0.519,0.231,6588.15
HLA-B*51:03,PPLYRPHYIE,24.091,23.951,37791.45
HLA-B*51:03,PLYRPHYIEE,91.667,86.447,46776.64
HLA-B*51:03,LYRPHYIEEI,24.61,15.695,34721.68
HLA-B*51:03,YRPHYIEEIS,30.514,13.901,33852.5
HLA-B*51:03,RPHYIEEISE,39.765,48.127,42717.38
HLA-B*51:03,PHYIEEISEM,29.955,41.017,41616.1
HLA-B*51:03,HYIEEISEMV,14.933,19.662,36358.74
HLA-B*51:03,YIEEISEMVS,47.25,47.328,42599.22
HLA-B*51:03,IEEISEMVSM,18.439,24.485,37949.61
HLA-B*51:03,EEISEMVSMA,19.034,15.412,34588.93
HLA-B*51:03,EISEMVSMAC,27.241,29.89,39383.18
HLA-B*51:03,ISEMVSMACI,28.388,2.548,20957.85
HLA-B*51:03,SEMVSMACIC,50.741,14.597,34198.57
HLA-B*51:03,EMVSMACICK,75.0,44.635,42194.64
HLA-B*51:03,MVSMACICKF,43.818,4.225,24736.84
HLA-B*51:03,VSMACICKFF,42.769,5.119,26220.38
HLA-B*51:03,SMACICKFFQ,90.0,37.597,41009.98
HLA-B*51:03,MACICKFFQP,38.833,4.815,25758.38
HLA-B*51:03,ACICKFFQPE,95.0,79.612,46144.25
HLA-B*51:03,CICKFFQPEI,26.883,7.101,28788.2
HLA-B*51:03,ICKFFQPEIG,59.5,49.054,42849.32
HLA-B*51:03,CKFFQPEIGC,62.857,49.414,42898.95
HLA-B*51:03,KFFQPEIGCS,74.286,84.863,46625.05
HLA-B*51:03,FFQPEIGCSK,45.0,45.4,42313.04
HLA-B*51:03,FQPEIGCSKT,29.727,17.286,35431.74
HLA-B*51:03,QPEIGCSKTK,39.235,52.469,43295.77
HLA-B*51:03,PEIGCSKTKA,78.333,82.026,46364.46
HLA-B*51:03,EIGCSKTKAA,43.636,48.591,42783.52
HLA-B*51:03,IGCSKTKAAS,93.333,89.816,47101.69
HLA-B*51:03,GCSKTKAASE,83.75,95.785,48036.85
HLA-B*51:03,CSKTKAASEL,38.5,23.671,37702.81
HLA-B*51:03,SKTKAASELE,75.833,81.709,46335.38
HLA-B*51:03,KTKAASELED,95.0,86.037,46737.17
HLA-B*51:03,TKAASELEDA,43.455,55.504,43681.62
HLA-B*51:03,KAASELEDAN,91.667,87.221,46851.09
HLA-B*51:03,AASELEDANI,14.436,11.875,32681.74
HLA-B*51:03,ASELEDANIK,71.429,73.899,45625.96
HLA-B*51:03,SELEDANIKD,75.833,79.391,46124.29
HLA-B*51:03,ELEDANIKDI,17.088,23.214,37558.3
HLA-B*51:03,LEDANIKDIE,59.5,58.56,44044.18
HLA-B*51:03,EDANIKDIEC,32.0,44.037,42099.78
HLA-B*51:03,DANIKDIECT,26.467,28.753,39108.45
HLA-B*51:03,ANIKDIECTT,63.571,68.967,45155.96
HLA-B*51:03,NIKDIECTTI,11.049,9.316,30863.34
HLA-B*51:03,IKDIECTTIC,65.0,54.646,43576.34
HLA-B*51:03,KDIECTTICE,93.333,88.174,46942.94
HLA-B*51:03,DIECTTICEL,19.108,9.813,31244.35
HLA-B*51:03,IECTTICELR,70.0,53.589,43439.83
HLA-B*51:03,ECTTICELRE,81.25,78.605,46053.49
HLA-B*51:03,CTTICELRER,95.0,73.137,45553.93
HLA-B*51:03,TTICELRERP,53.889,39.383,41336.98
HLA-B*51:03,TICELRERPH,79.167,87.421,46870.37
HLA-B*51:03,ICELRERPHW,33.036,31.621,39785.77
HLA-B*51:03,CELRERPHWP,67.273,40.596,41545.01
HLA-B*51:03,ELRERPHWPE,63.214,63.194,44565.25
HLA-B*51:03,LRERPHWPER,67.273,77.231,45930.07
HLA-B*51:03,RERPHWPERA,44.545,49.744,42944.46
HLA-B*51:03,ERPHWPERAL,2.703,7.784,29502.41
HLA-B*51:03,RPHWPERALI,1.436,0.891,13678.34
HLA-B*51:03,PHWPERALIS,68.636,52.812,43339.82
HLA-B*51:03,HWPERALISG,57.75,37.457,40983.38
HLA-B*51:03,WPERALISGL,7.565,1.951,19051.32
HLA-B*51:03,PERALISGLR,83.75,84.294,46572.62
HLA-B*51:03,ERALISGLRM,9.055,7.999,29710.32
HLA-B*51:03,RALISGLRMA,25.716,16.535,35103.95
HLA-B*51:03,ALISGLRMAD,91.667,79.048,46093.37
HLA-B*51:03,LISGLRMADT,76.667,61.687,44400.19
HLA-B*51:03,ISGLRMADTL,27.741,11.776,32615.33
HLA-B*51:03,SGLRMADTLD,63.929,45.067,42262.73
HLA-B*51:03,GLRMADTLDD,97.5,91.45,47281.41
HLA-B*51:03,LRMADTLDDS,90.0,76.091,45827.82
HLA-B*51:03,RMADTLDDSP,65.455,56.004,43740.73
HLA-B*51:03,MADTLDDSPQ,72.143,60.207,44238.58
HLA-B*51:03,ADTLDDSPQE,82.5,95.576,47941.83
HLA-B*51:03,DTLDDSPQET,18.03,42.978,41937.49
HLA-B*51:03,TLDDSPQETV,12.884,26.38,38482.59
HLA-B*51:03,LDDSPQETVN,43.545,69.818,45240.58
HLA-B*51:03,DDSPQETVNE,58.25,86.753,46806.0
HLA-B*51:03,DSPQETVNEI,0.173,0.404,9226.92
HLA-B*51:03,SPQETVNEIG,3.647,7.283,28989.18
HLA-B*51:03,PQETVNEIGV,68.182,66.181,44880.27
HLA-B*51:03,QETVNEIGVV,25.418,23.205,37555.44
HLA-B*51:03,ETVNEIGVVT,24.156,28.403,39021.38
HLA-B*51:03,TVNEIGVVTG,46.778,45.912,42390.48
HLA-B*51:03,VNEIGVVTGG,88.333,68.814,45140.82
HLA-B*51:03,NEIGVVTGGV,15.362,13.42,33588.37
HLA-B*51:03,EIGVVTGGVK,73.571,61.898,44423.24
HLA-B*51:03,IGVVTGGVKA,35.958,34.93,40489.28
HLA-B*51:03,GVVTGGVKAS,90.0,95.778,48033.72
HLA-B*51:03,VVTGGVKASR,67.273,85.237,46660.37
HLA-B*51:03,VTGGVKASRM,37.632,42.654,41883.52
HLA-B*51:03,TGGVKASRMA,59.75,56.704,43823.64
HLA-B*51:03,GGVKASRMAG,95.0,86.489,46780.68
HLA-B*51:03,GVKASRMAGD,97.5,95.615,47959.46
HLA-B*51:03,VKASRMAGDT,95.0,81.627,46327.88
HLA-B*51:03,KASRMAGDTH,66.818,77.027,45911.68
HLA-B*51:03,ASRMAGDTHA,39.941,33.821,40259.93
HLA-B*51:03,SRMAGDTHAG,70.714,69.326,45191.64
HLA-B*51:03,RMAGDTHAGL,24.156,28.844,39131.3
HLA-B*51:03,MAGDTHAGLR,31.706,29.314,39245.36
HLA-B*51:03,AGDTHAGLRR,74.286,92.498,47398.7
HLA-B*51:03,GDTHAGLRRG,93.333,90.965,47227.22
HLA-B*51:03,DTHAGLRRGI,8.89,6.944,28609.65
HLA-B*51:03,THAGLRRGIA,58.5,42.035,41780.78
HLA-B*51:03,HAGLRRGIAA,21.746,21.131,36886.94
HLA-B*51:03,AGLRRGIAAG,90.0,73.205,45560.36
HLA-B*51:03,GLRRGIAAGF,53.889,55.164,43641.47
HLA-B*51:03,LRRGIAAGFS,91.667,79.856,46166.25
HLA-B*51:03,RRGIAAGFSG,83.75,54.61,43571.64
HLA-B*51:03,RGIAAGFSGQ,76.667,73.168,45556.89
HLA-B*51:03,GIAAGFSGQK,75.833,81.577,46323.36
HLA-B*51:03,IAAGFSGQKH,31.324,55.392,43668.38
HLA-B*51:03,AAGFSGQKHG,57.75,60.852,44309.0
HLA-B*51:03,AGFSGQKHGL,23.736,45.7,42358.39
HLA-B*51:03,GFSGQKHGLT,93.333,89.779,47098.11
HLA-B*51:03,FSGQKHGLTY,21.57,18.155,35788.89
HLA-B*51:03,SGQKHGLTYA,25.776,30.307,39481.29
HLA-B*51:03,GQKHGLTYAD,83.75,90.416,47165.92
HLA-B*51:03,QKHGLTYADP,82.5,78.926,46082.4
HLA-B*51:03,KHGLTYADPM,80.0,33.589,40212.06
HLA-B*51:03,HGLTYADPMM,35.0,22.43,37310.82
HLA-B*51:03,GLTYADPMMS,77.5,61.872,44420.35
HLA-B*51:03,LTYADPMMSE,31.206,36.639,40826.68
HLA-B*51:03,TYADPMMSEL,6.355,9.78,31221.04
HLA-B*51:03,YADPMMSELV,3.812,1.315,16119.08
HLA-B*51:03,ADPMMSELVA,13.664,3.674,23663.99
HLA-B*51:03,DPMMSELVAS,13.319,3.185,22570.4
HLA-B*51:03,PMMSELVASY,45.2,27.813,38869.68
HLA-B*51:03,MMSELVASYQ,59.25,34.397,40379.02
HLA-B*51:03,MSELVASYQN,85.0,32.865,40060.92
HLA-B*51:03,SELVASYQNS,72.143,61.103,44336.32
HLA-B*51:03,ELVASYQNSM,20.114,18.881,36066.05
HLA-B*51:03,LVASYQNSMK,56.5,48.221,42730.8
HLA-B*51:03,VASYQNSMKH,36.762,43.574,42028.79
HLA-B*51:03,ASYQNSMKHI,9.11,5.576,26871.47
HLA-B*51:03,SYQNSMKHIE,65.909,70.371,45293.47
HLA-B*51:03,YQNSMKHIER,56.5,63.366,44584.08
HLA-B*51:03,QNSMKHIERK,63.929,80.63,46236.72
HLA-B*51:03,NSMKHIERKS,58.75,46.332,42452.44
HLA-B*51:03,SMKHIERKSI,26.65,24.823,38049.52
HLA-B*51:03,MKHIERKSIR,65.909,66.447,44906.5
HLA-B*51:03,KHIERKSIRA,45.8,59.716,44182.13
HLA-B*51:03,HIERKSIRAV,20.659,23.326,37593.65
HLA-B*51:03,IERKSIRAVE,58.25,61.428,44371.85
HLA-B*51:03,ERKSIRAVEL,31.5,47.783,42667.05
HLA-B*51:03,RKSIRAVELV,36.238,18.732,36009.14
HLA-B*51:03,KSIRAVELVI,25.672,7.964,29675.94
HLA-B*51:03,SIRAVELVIL,28.061,26.192,38432.67
HLA-B*51:03,IRAVELVILR,34.308,44.672,42200.57
HLA-B*51:03,RAVELVILRL,7.027,8.586,30236.98
HLA-B*51:03,AVELVILRLN,74.286,66.156,44877.83
HLA-B*51:03,VELVILRLNV,24.104,10.962,32073.96
HLA-B*51:03,ELVILRLNVS,55.75,43.92,42081.57
HLA-B*51:03,LVILRLNVSP,58.0,34.353,40369.86
HLA-B*51:03,VILRLNVSPH,72.857,68.848,45144.25
HLA-B*51:03,ILRLNVSPHA,46.111,27.298,38728.63
HLA-B*51:03,LRLNVSPHAI,20.748,9.304,30853.33
HLA-B*51:03,RLNVSPHAIF,31.5,28.873,39138.5
HLA-B*51:03,LNVSPHAIFS,58.0,44.779,42217.48
HLA-B*51:03,NVSPHAIFSV,4.981,2.952,22009.47
HLA-B*51:03,VSPHAIFSVS,23.207,8.47,30135.08
HLA-B*51:03,SPHAIFSVSR,19.088,21.756,37094.27
HLA-B*51:03,PHAIFSVSRP,66.818,45.588,42341.43
HLA-B*51:03,HAIFSVSRPG,58.25,18.272,35833.47
HLA-B*51:03,AIFSVSRPGD,95.0,75.432,45768.86
HLA-B*51:03,IFSVSRPGDI,42.538,21.361,36962.85
HLA-B*51:03,FSVSRPGDIM,25.687,13.211,33474.8
HLA-B*51:03,SVSRPGDIML,18.28,29.877,39380.19
HLA-B*51:03,VSRPGDIMLT,35.458,38.46,41170.93
HLA-B*51:03,SRPGDIMLTE,27.426,47.622,42643.04
HLA-B*51:03,RPGDIMLTEL,2.914,5.576,26871.18
HLA-B*51:03,PGDIMLTELQ,63.571,89.226,47044.65
HLA-B*51:03,GDIMLTELQL,24.818,18.511,35924.68
HLA-B*51:03,DIMLTELQLD,26.4,21.505,37010.87
HLA-B*51:03,IMLTELQLDD,97.5,71.013,45353.77
HLA-B*51:03,MLTELQLDDY,54.259,34.106,40318.79
HLA-B*51:03,LTELQLDDYY,51.296,35.744,40651.7
HLA-B*51:03,TELQLDDYYD,77.5,58.924,44087.58
HLA-B*51:03,ELQLDDYYDQ,82.5,89.495,47070.6
HLA-B*51:03,LQLDDYYDQF,27.759,22.695,37394.48
HLA-B*51:03,QLDDYYDQFA,52.593,48.692,42797.9
HLA-B*51:03,LDDYYDQFAS,85.0,54.322,43534.4
HLA-B*51:03,DDYYDQFASA,14.548,9.111,30691.18
HLA-B*51:03,DYYDQFASAE,41.917,38.768,41227.53
HLA-B*51:03,YYDQFASAEG,73.571,41.682,41723.4
HLA-B*51:03,YDQFASAEGF,26.3,14.792,34294.18
HLA-B*51:03,DQFASAEGFT,29.136,21.823,37116.33
HLA-B*51:03,QFASAEGFTV,12.197,7.68,29402.04
HLA-B*51:03,FASAEGFTVA,13.674,6.994,28670.39
HLA-B*51:03,ASAEGFTVAW,16.587,23.356,37603.01
HLA-B*51:03,SAEGFTVAWE,43.182,47.848,42676.74
HLA-B*51:03,AEGFTVAWEL,11.408,10.867,32004.96
HLA-B*51:03,EGFTVAWELP,24.208,8.942,30547.07
HLA-B*51:03,GFTVAWELPW,68.182,17.994,35727.39
HLA-B*51:03,FTVAWELPWR,71.429,19.666,36359.92
HLA-B*51:03,TVAWELPWRY,10.176,7.051,28733.12
HLA-B*51:03,VAWELPWRYG,21.193,6.925,28586.13
HLA-B*51:03,AWELPWRYGG,93.333,73.909,45626.96
HLA-B*51:03,WELPWRYGGL,38.111,12.186,32875.03
HLA-B*51:03,ELPWRYGGLE,43.727,23.135,37533.5
HLA-B*51:03,LPWRYGGLEG,25.731,2.733,21434.39
HLA-B*51:03,PWRYGGLEGV,63.571,53.249,43396.15
HLA-B*51:03,WRYGGLEGVD,83.75,66.634,44924.98
HLA-B*51:03,RYGGLEGVDF,58.25,57.516,43920.0
HLA-B*51:03,YGGLEGVDFA,35.0,28.886,39141.88
HLA-B*51:03,GGLEGVDFAL,31.824,38.019,41089.93
HLA-B*51:03,GLEGVDFALT,79.167,73.591,45596.84
HLA-B*51:03,LEGVDFALTA,19.122,10.371,31645.81
HLA-B*51:03,EGVDFALTAE,36.524,34.934,40490.16
HLA-B*51:03,GVDFALTAEE,86.667,83.697,46517.71
HLA-B*51:03,VDFALTAEES,79.167,59.26,44127.66
HLA-B*51:03,DFALTAEESD,66.364,58.572,44045.63
HLA-B*51:03,FALTAEESDE,55.75,65.217,44785.2
HLA-B*51:03,ALTAEESDEL,24.961,55.68,43702.42
HLA-B*51:03,LTAEESDELA,38.5,37.337,40960.76
HLA-B*51:03,TAEESDELAK,58.5,74.541,45686.73
HLA-B*51:03,AEESDELAKV,18.872,39.658,41384.86
HLA-B*51:03,EESDELAKVA,15.205,22.333,37280.15
HLA-B*51:03,ESDELAKVAK,29.886,53.399,43415.41
HLA-B*51:03,SDELAKVAKK,63.214,84.233,46567.09
HLA-B*51:03,DELAKVAKKE,55.5,76.827,45893.8
HLA-B*51:03,ELAKVAKKEW,22.95,31.452,39747.04
HLA-B*51:03,LAKVAKKEWL,21.175,27.324,38735.75
HLA-B*51:03,AKVAKKEWLT,86.667,86.263,46758.93
HLA-B*51:03,KVAKKEWLTS,78.333,72.328,45477.61
HLA-B*51:03,VAKKEWLTSI,3.709,2.646,21209.91
HLA-B*51:03,AKKEWLTSIA,27.148,59.876,44201.25
HLA-B*51:03,KKEWLTSIAR,70.714,81.84,46347.42
HLA-B*51:03,KEWLTSIARD,85.0,64.222,44678.23
HLA-B*51:03,EWLTSIARDT,83.75,73.267,45566.27
HLA-B*51:03,WLTSIARDTR,68.636,63.383,44586.01
HLA-B*51:03,LTSIARDTRE,90.0,80.104,46188.73
HLA-B*51:03,TSIARDTREN,91.667,77.669,45969.37
HLA-B*51:03,SIARDTRENH,54.074,86.7,46800.93
HLA-B*51:03,IARDTRENHT,38.833,61.072,44332.98
HLA-B*51:03,ARDTRENHTR,65.909,95.807,48047.23
HLA-B*51:03,RDTRENHTRH,69.545,87.774,46904.36
HLA-B*51:03,DTRENHTRHR,37.211,68.445,45104.21
HLA-B*51:03,TRENHTRHRQ,80.0,95.462,47889.98
HLA-B*51:03,RENHTRHRQL,32.871,52.403,43287.33
HLA-B*51:03,ENHTRHRQLL,27.407,30.807,39598.52
HLA-B*51:03,NHTRHRQLLA,37.316,23.311,37588.78
HLA-B*51:03,HTRHRQLLAA,31.235,24.064,37825.8
HLA-B*51:03,TRHRQLLAAE,62.857,69.99,45257.71
HLA-B*51:03,RHRQLLAAEV,46.444,25.911,38357.05
HLA-B*51:03,HRQLLAAEVM,32.903,31.066,39658.98
HLA-B*51:03,RQLLAAEVMS,78.333,64.495,44708.21
HLA-B*51:03,QLLAAEVMSR,64.286,77.597,45962.88
HLA-B*51:03,LLAAEVMSRE,67.273,61.134,44339.7
HLA-B*51:03,LAAEVMSREL,6.112,4.53,25313.28
HLA-B*51:03,AAEVMSRELV,15.433,9.43,30960.33
HLA-B*51:03,AEVMSRELVD,75.833,57.628,43933.29
HLA-B*51:03,EVMSRELVDV,12.697,5.782,27147.33
HLA-B*51:03,VMSRELVDVK,72.857,60.791,44302.28
HLA-B*51:03,MSRELVDVKS,56.5,34.463,40392.59
HLA-B*51:03,SRELVDVKSL,21.474,38.036,41093.05
HLA-B*51:03,RELVDVKSLF,16.213,23.206,37555.85
HLA-B*51:03,ELVDVKSLFQ,36.429,46.282,42445.11
HLA-B*51:03,LVDVKSLFQP,43.364,39.072,41282.89
HLA-B*51:03,VDVKSLFQPD,93.333,61.678,44399.21
HLA-B*51:03,DVKSLFQPDG,47.625,35.086,40520.83
HLA-B*51:03,VKSLFQPDGE,93.333,88.516,46975.98
HLA-B*51:03,KSLFQPDGEW,25.97,25.514,38245.57
HLA-B*51:03,SLFQPDGEWD,64.286,53.851,43473.68
HLA-B*51:03,LFQPDGEWDA,64.286,53.275,43399.42
HLA-B*51:03,FQPDGEWDAD,81.25,47.251,42587.71
HLA-B*51:03,QPDGEWDADV,16.489,11.079,32153.86
HLA-B*51:03,PDGEWDADVQ,100.0,96.93,48562.57
HLA-B*51:03,DGEWDADVQA,13.585,15.644,34697.64
HLA-B*51:03,GEWDADVQAV,12.35,23.375,37609.12
HLA-B*51:03,EWDADVQAVM,19.716,22.516,37337.88
HLA-B*51:03,WDADVQAVMG,65.909,36.58,40815.2
HLA-B*51:03,DADVQAVMGV,1.514,0.964,14138.18
HLA-B*51:03,ADVQAVMGVA,54.815,34.554,40411.38
HLA-B*51:03,DVQAVMGVAD,61.071,37.131,40921.79
HLA-B*51:03,VQAVMGVADN,97.5,69.232,45182.35
HLA-B*51:03,QAVMGVADND,90.0,55.824,43719.44
HLA-B*51:03,AVMGVADNDM,52.222,41.913,41760.9
HLA-B*51:03,VMGVADNDMG,97.5,76.827,45893.8
HLA-B*51:03,MGVADNDMGL,30.0,16.235,34970.14
HLA-B*51:03,GVADNDMGLG,86.667,78.804,46071.43
HLA-B*51:03,VADNDMGLGP,33.821,38.63,41202.12
HLA-B*51:03,ADNDMGLGPF,42.231,39.023,41274.4
HLA-B*51:03,DNDMGLGPFS,52.037,33.057,40102.12
HLA-B*51:03,NDMGLGPFSR,54.815,59.268,44128.62
HLA-B*51:03,DMGLGPFSRR,40.188,52.356,43281.25
HLA-B*51:03,MGLGPFSRRE,58.75,49.98,42977.02
HLA-B*51:03,GLGPFSRREV,42.769,48.468,42765.95
HLA-B*51:03,LGPFSRREVR,29.818,35.188,40541.01
HLA-B*51:03,GPFSRREVRS,33.571,37.068,40909.84
HLA-B*51:03,PFSRREVRSP,90.0,83.138,46466.41
HLA-B*51:03,FSRREVRSPS,76.667,51.805,43210.6
HLA-B*51:03,SRREVRSPSL,33.429,46.665,42501.18
HLA-B*51:03,RREVRSPSLE,85.0,90.059,47126.15
HLA-B*51:03,REVRSPSLEI,13.916,11.111,32174.75
HLA-B*51:03,EVRSPSLEIA,15.575,16.505,35090.66
HLA-B*51:03,VRSPSLEIAS,70.0,70.736,45327.78
HLA-B*51:03,RSPSLEIASM,11.353,13.258,33500.17
HLA-B*51:03,SPSLEIASMP,10.704,7.559,29286.47
HLA-B*51:03,PSLEIASMPW,29.795,22.085,37201.98
HLA-B*51:03,SLEIASMPWP,66.364,39.275,41318.19
HLA-B*51:03,LEIASMPWPL,23.644,4.974,26009.58
HLA-B*51:03,EIASMPWPLV,4.109,1.488,17058.62
HLA-B*51:03,IASMPWPLVL,2.446,0.607,11360.17
HLA-B*51:03,ASMPWPLVLY,13.746,9.494,31014.64
HLA-B*51:03,SMPWPLVLYA,3.205,0.457,9853.89
HLA-B*51:03,MPWPLVLYAS,5.178,0.399,9157.3
HLA-B*51:03,PWPLVLYASV,13.101,1.721,18060.95
HLA-B*51:03,WPLVLYASVK,23.816,2.976,22073.38
HLA-B*51:03,PLVLYASVKL,57.75,41.372,41673.33
HLA-B*51:03,LVLYASVKLA,28.816,15.69,34719.42
HLA-B*51:03,VLYASVKLAA,30.649,18.15,35786.96
HLA-B*51:03,LYASVKLAAL,15.108,14.312,34058.98
HLA-B*51:03,YASVKLAALP,18.14,8.153,29848.23
HLA-B*51:03,ASVKLAALPL,31.765,18.291,35840.82
HLA-B*51:03,SVKLAALPLH,64.643,49.027,42845.62
HLA-B*51:03,VKLAALPLHN,93.333,71.639,45412.69
HLA-B*51:03,KLAALPLHNA,24.636,29.069,39186.81
HLA-B*51:03,LAALPLHNAI,2.492,0.597,11279.34
HLA-B*51:03,AALPLHNAIK,13.59,16.64,35151.07
HLA-B*51:03,ALPLHNAIKD,71.429,60.795,44302.77
HLA-B*51:03,LPLHNAIKDT,24.078,12.488,33054.07
HLA-B*51:03,PLHNAIKDTS,91.667,88.863,47009.53
HLA-B*51:03,LHNAIKDTSV,27.222,18.698,35995.88
HLA-B*51:03,HNAIKDTSVM,16.302,20.384,36622.48
HLA-B*51:03,NAIKDTSVML,2.902,5.289,26464.63
HLA-B*51:03,AIKDTSVMLE,54.63,77.979,45997.21
HLA-B*51:03,IKDTSVMLEG,88.333,60.945,44319.05
HLA-B*51:03,KDTSVMLEGL,42.846,38.4,41159.79
HLA-B*51:03,DTSVMLEGLR,45.8,39.632,41380.38
HLA-B*51:03,TSVMLEGLRT,43.273,34.19,40336.24
HLA-B*51:03,SVMLEGLRTA,17.435,13.053,33388.36
HLA-B*51:03,VMLEGLRTAQ,69.545,69.621,45221.0
HLA-B*51:03,MLEGLRTAQS,74.286,53.191,43388.62
HLA-B*51:03,LEGLRTAQSA,39.176,25.495,38240.2
HLA-B*51:03,EGLRTAQSAA,26.4,22.625,37372.23
HLA-B*51:03,GLRTAQSAAQ,88.333,94.3,47601.19
HLA-B*51:03,LRTAQSAAQP,65.0,53.457,43422.91
HLA-B*51:03,RTAQSAAQPK,69.091,68.652,45124.69
HLA-B*51:03,TAQSAAQPKS,41.583,49.013,42843.74
HLA-B*51:03,AQSAAQPKSI,17.456,25.805,38327.18
HLA-B*51:03,QSAAQPKSIP,27.444,50.481,43041.23
HLA-B*51:03,SAAQPKSIPK,28.143,52.283,43271.9
HLA-B*51:03,AAQPKSIPKD,58.75,70.866,45340.03
HLA-B*51:03,AQPKSIPKDG,59.0,80.657,46239.22
HLA-B*51:03,QPKSIPKDGS,32.194,58.664,44056.6
HLA-B*51:03,PKSIPKDGSF,41.25,58.644,44054.21
HLA-B*51:03,KSIPKDGSFG,65.0,60.98,44322.91
HLA-B*51:03,SIPKDGSFGS,34.808,52.177,43258.31
HLA-B*51:03,IPKDGSFGSH,12.894,34.099,40317.48
HLA-B*51:03,PKDGSFGSHF,53.889,68.617,45121.29
HLA-B*51:03,KDGSFGSHFG,73.571,69.134,45172.59
HLA-B*51:03,DGSFGSHFGA,15.821,6.055,27511.33
HLA-B*51:03,GSFGSHFGAI,25.03,7.373,29088.46
HLA-B*51:03,SFGSHFGAIA,50.926,30.613,39553.14
HLA-B*51:03,FGSHFGAIAL,15.966,8.901,30510.74
HLA-B*51:03,GSHFGAIALT,60.357,40.098,41461.05
HLA-B*51:03,SHFGAIALTI,9.225,2.981,22088.19
HLA-B*51:03,HFGAIALTIG,69.545,45.145,42274.61
HLA-B*51:03,FGAIALTIGE,43.455,34.918,40486.66
HLA-B*51:03,GAIALTIGES,73.571,61.88,44421.32
HLA-B*51:03,AIALTIGESN,75.833,68.007,45060.8
HLA-B*51:03,IALTIGESNI,5.595,1.468,16945.49
HLA-B*51:03,ALTIGESNIK,77.5,86.005,46734.15
HLA-B*51:03,LTIGESNIKV,12.19,10.255,31562.73
HLA-B*51:03,TIGESNIKVV,23.966,25.069,38121.22
HLA-B*51:03,IGESNIKVVG,39.941,49.471,42906.84
HLA-B*51:03,GESNIKVVGA,43.545,55.052,43628.24
HLA-B*51:03,ESNIKVVGAG,70.714,41.187,41643.59
HLA-B*51:03,SNIKVVGAGT,60.357,56.56,43806.57
HLA-B*51:03,NIKVVGAGTI,17.808,8.437,30104.76
HLA-B*51:03,IKVVGAGTIA,53.148,46.32,42450.61
HLA-B*51:03,KVVGAGTIAK,72.143,83.97,46542.89
HLA-B*51:03,VVGAGTIAKI,17.596,9.434,30963.02
HLA-B*51:03,VGAGTIAKIE,44.273,39.393,41338.76
HLA-B*51:03,GAGTIAKIER,76.667,93.806,47545.59
HLA-B*51:03,AGTIAKIERD,90.0,92.081,47352.05
HLA-B*51:03,GTIAKIERDE,95.0,96.193,48223.8
HLA-B*51:03,TIAKIERDEG,90.0,78.045,46003.18
HLA-B*51:03,IAKIERDEGV,18.561,14.082,33946.77
HLA-B*51:03,AKIERDEGVE,85.0,95.481,47898.26
HLA-B*51:03,KIERDEGVEQ,81.25,96.073,48168.5
HLA-B*51:03,IERDEGVEQR,48.25,84.743,46613.96
HLA-B*51:03,ERDEGVEQRA,26.283,61.309,44358.89
HLA-B*51:03,RDEGVEQRAR,82.5,96.023,48145.58
HLA-B*51:03,DEGVEQRARC,36.143,47.164,42574.8
HLA-B*51:03,EGVEQRARCS,70.714,68.647,45124.23
HLA-B*51:03,GVEQRARCSG,95.0,87.474,46875.45
HLA-B*51:03,VEQRARCSGL,46.0,36.382,40776.82
HLA-B*51:03,EQRARCSGLA,42.538,30.962,39634.95
HLA-B*51:03,QRARCSGLAK,65.909,58.676,44058.02
HLA-B*51:03,RARCSGLAKQ,79.167,74.713,45703.03
HLA-B*51:03,ARCSGLAKQG,93.333,93.788,47543.54
HLA-B*51:03,RCSGLAKQGP,81.25,86.342,46766.54
HLA-B*51:03,CSGLAKQGPI,65.909,12.312,32949.45
HLA-B*51:03,SGLAKQGPIF,26.883,25.433,38222.82
HLA-B*51:03,GLAKQGPIFT,57.25,76.805,45891.82
HLA-B*51:03,LAKQGPIFTA,6.605,6.956,28624.5
HLA-B*51:03,AKQGPIFTAA,32.613,45.912,42390.48
HLA-B*51:03,KQGPIFTAAI,26.25,15.752,34748.36
HLA-B*51:03,QGPIFTAAIL,6.68,2.229,19965.98
HLA-B*51:03,GPIFTAAILK,30.486,17.316,35443.99
HLA-B*51:03,PIFTAAILKP,73.571,63.137,44558.99
HLA-B*51:03,IFTAAILKPL,28.918,17.388,35473.93
HLA-B*51:03,FTAAILKPLE,40.312,26.672,38560.13
HLA-B*51:03,TAAILKPLEH,36.286,50.689,43067.77
HLA-B*51:03,AAILKPLEHQ,57.5,78.527,46046.51
HLA-B*51:03,AILKPLEHQQ,75.0,95.459,47888.41
HLA-B*51:03,ILKPLEHQQM,21.123,26.334,38470.51
HLA-B*51:03,LKPLEHQQMG,27.037,18.432,35894.39
HLA-B*51:03,KPLEHQQMGS,27.704,43.833,42068.38
HLA-B*51:03,PLEHQQMGSR,85.0,95.116,47732.73
HLA-B*51:03,LEHQQMGSRF,20.285,19.261,36208.77
HLA-B*51:03,EHQQMGSRFI,14.14,7.86,29575.29
HLA-B*51:03,HQQMGSRFIA,38.667,29.336,39250.45
HLA-B*51:03,QQMGSRFIAV,16.013,6.175,27663.27
HLA-B*51:03,QMGSRFIAVL,31.853,15.053,34420.94
HLA-B*51:03,MGSRFIAVLI,16.16,0.757,12555.16
HLA-B*51:03,GSRFIAVLIN,81.25,46.163,42427.64
HLA-B*51:03,SRFIAVLINP,59.5,47.241,42586.34
HLA-B*51:03,RFIAVLINPP,78.333,49.923,42969.09
HLA-B*51:03,FIAVLINPPM,28.184,4.629,25466.58
HLA-B*51:03,IAVLINPPMP,32.419,14.765,34280.82
HLA-B*51:03,AVLINPPMPN,93.333,79.369,46122.3
HLA-B*51:03,VLINPPMPNM,19.514,17.507,35523.86
HLA-B*51:03,LINPPMPNMG,48.0,45.058,42261.34
HLA-B*51:03,INPPMPNMGL,2.439,3.86,24030.62
HLA-B*51:03,NPPMPNMGLS,13.738,7.147,28838.38
HLA-B*51:03,PPMPNMGLSS,26.3,16.244,34974.29
HLA-B*51:03,PMPNMGLSSL,9.35,4.922,25926.13
HLA-B*51:03,MPNMGLSSLP,6.919,0.829,13146.55
HLA-B*51:03,PNMGLSSLPT,93.333,65.364,44799.73
HLA-B*51:03,NMGLSSLPTV,9.691,3.903,24116.85
HLA-B*51:03,MGLSSLPTVI,6.798,1.018,14466.22
HLA-B*51:03,GLSSLPTVIE,75.0,72.056,45452.04
HLA-B*51:03,LSSLPTVIES,54.444,40.223,41482.12
HLA-B*51:03,SSLPTVIESV,3.885,4.025,24359.16
HLA-B*51:03,SLPTVIESVL,6.258,5.977,27410.92
HLA-B*51:03,LPTVIESVLE,12.688,6.431,27989.33
HLA-B*51:03,PTVIESVLES,75.0,75.537,45778.25
HLA-B*51:03,TVIESVLESK,37.316,50.044,42985.39
HLA-B*51:03,VIESVLESKT,67.273,71.884,45435.8
HLA-B*51:03,IESVLESKTW,13.358,14.319,34062.3
HLA-B*51:03,ESVLESKTWI,6.413,5.338,26534.87
HLA-B*51:03,SVLESKTWIL,16.022,16.07,34896.42
HLA-B*51:03,VLESKTWILA,48.125,30.0,39409.61
HLA-B*51:03,LESKTWILAN,82.5,36.673,40833.32
HLA-B*51:03,ESKTWILANH,36.667,51.028,43111.12
HLA-B*51:03,SKTWILANHL,26.733,14.833,34314.22
HLA-B*51:03,KTWILANHLV,25.567,8.439,30107.05
HLA-B*51:03,TWILANHLVN,69.091,47.232,42584.94
HLA-B*51:03,WILANHLVNF,41.083,11.039,32127.1
HLA-B*51:03,ILANHLVNFR,40.312,49.0,42841.89
HLA-B*51:03,LANHLVNFRS,59.25,29.895,39384.45
HLA-B*51:03,ANHLVNFRSR,77.5,81.117,46281.26
HLA-B*51:03,NHLVNFRSRA,37.789,22.474,37324.54
HLA-B*51:03,HLVNFRSRAV,28.714,19.021,36119.57
HLA-B*51:03,LVNFRSRAVA,40.0,20.076,36512.49
HLA-B*51:03,VNFRSRAVAR,68.182,60.923,44316.65
HLA-B*51:03,NFRSRAVARV,38.611,22.003,37176.22
HLA-B*51:03,FRSRAVARVA,46.444,22.108,37209.22
HLA-B*51:03,RSRAVARVAP,58.0,43.464,42011.96
HLA-B*51:03,SRAVARVAPG,88.333,44.078,42106.16
HLA-B*51:03,RAVARVAPGY,39.647,32.286,39934.55
HLA-B*51:03,AVARVAPGYP,58.25,48.536,42775.66
HLA-B*51:03,VARVAPGYPC,41.083,23.86,37762.43
HLA-B*51:03,ARVAPGYPCR,63.929,76.318,45848.16
HLA-B*51:03,RVAPGYPCRF,20.967,25.368,38204.63
HLA-B*51:03,VAPGYPCRFP,25.388,17.96,35713.48
HLA-B*51:03,APGYPCRFPF,13.091,2.595,21079.06
HLA-B*51:03,PGYPCRFPFG,88.333,51.003,43107.87
HLA-B*51:03,GYPCRFPFGG,86.667,34.913,40485.78
HLA-B*51:03,YPCRFPFGGE,34.385,15.294,34533.58
HLA-B*51:03,PCRFPFGGEE,88.333,86.668,46797.91
HLA-B*51:03,CRFPFGGEEQ,77.5,71.879,45435.31
HLA-B*51:03,RFPFGGEEQI,1.468,1.447,16833.11
HLA-B*51:03,FPFGGEEQIT,2.534,2.099,19562.68
HLA-B*51:03,PFGGEEQITN,100.0,96.567,48395.25
HLA-B*51:03,FGGEEQITNN,95.0,89.795,47099.63
HLA-B*51:03,GGEEQITNNA,51.296,70.861,45339.56
HLA-B*51:03,GEEQITNNAR,76.667,94.218,47591.92
HLA-B*51:03,EEQITNNARY,25.597,38.45,41169.13
HLA-B*51:03,EQITNNARYK,34.346,56.028,43743.59
HLA-B*51:03,QITNNARYKK,77.5,88.963,47019.2
HLA-B*51:03,ITNNARYKKL,28.857,32.079,39889.64
HLA-B*51:03,TNNARYKKLF,59.75,56.196,43763.45
HLA-B*51:03,NNARYKKLFP,62.143,45.936,42394.17
HLA-B*51:03,NARYKKLFPT,35.167,14.967,34379.99
HLA-B*51:03,ARYKKLFPTD,93.333,77.049,45913.7
HLA-B*51:03,RYKKLFPTDF,42.231,51.386,43156.88
HLA-B*51:03,YKKLFPTDFL,25.433,27.264,38719.41
HLA-B*51:03,KKLFPTDFLL,17.44,14.509,34155.3
HLA-B*51:03,KLFPTDFLLL,11.212,8.968,30569.89
HLA-B*51:03,LFPTDFLLLP,10.909,2.965,22044.5
HLA-B*51:03,FPTDFLLLPR,11.827,3.501,23326.65
HLA-B*51:03,PTDFLLLPRN,95.0,80.268,46203.72
HLA-B*51:03,TDFLLLPRNF,18.457,15.439,34601.66
HLA-B*51:03,DFLLLPRNFT,44.909,30.137,39441.59
HLA-B*51:03,FLLLPRNFTR,37.474,39.491,41355.75
HLA-B*51:03,LLLPRNFTRI,13.886,4.179,24649.48
HLA-B*51:03,LLPRNFTRIS,40.875,26.253,38448.88
HLA-B*51:03,LPRNFTRISE,30.189,24.365,37914.31
HLA-B*51:03,PRNFTRISEG,97.5,88.253,46950.57
HLA-B*51:03,RNFTRISEGG,91.667,73.596,45597.34
HLA-B*51:03,NFTRISEGGV,59.75,27.334,38738.67
HLA-B*51:03,FTRISEGGVD,91.667,52.619,43314.98
HLA-B*51:03,TRISEGGVDL,37.684,46.909,42537.04
HLA-B*51:03,RISEGGVDLK,72.143,84.567,46597.82
HLA-B*51:03,ISEGGVDLKV,16.107,19.758,36394.57
HLA-B*51:03,SEGGVDLKVA,44.636,48.601,42784.93
HLA-B*51:03,EGGVDLKVAF,12.676,24.125,37843.84
HLA-B*51:03,GGVDLKVAFN,74.286,81.867,46349.93
HLA-B*51:03,GVDLKVAFNF,50.741,39.504,41357.99
HLA-B*51:03,VDLKVAFNFE,70.0,54.085,43503.8
HLA-B*51:03,DLKVAFNFEP,38.556,24.472,37945.91
HLA-B*51:03,LKVAFNFEPT,93.333,46.107,42419.38
HLA-B*51:03,KVAFNFEPTF,10.197,8.924,30531.21
HLA-B*51:03,VAFNFEPTFY,8.041,4.08,24462.17
HLA-B*51:03,AFNFEPTFYV,16.573,7.932,29645.78
HLA-B*51:03,FNFEPTFYVN,36.714,12.047,32792.96
HLA-B*51:03,NFEPTFYVNG,78.333,52.502,43299.98
HLA-B*51:03,FEPTFYVNGW,10.232,1.823,18493.41
HLA-B*51:03,EPTFYVNGWS,27.111,8.282,29965.03
HLA-B*51:03,PTFYVNGWSI,34.038,6.362,27901.04
HLA-B*51:03,TFYVNGWSII,25.104,5.771,27133.24
HLA-B*51:03,FYVNGWSIIK,61.071,35.106,40524.78
HLA-B*51:03,YVNGWSIIKA,30.946,22.681,37390.02
HLA-B*51:03,VNGWSIIKAS,63.214,51.765,43205.45
HLA-B*51:03,NGWSIIKASQ,51.296,55.568,43689.17
HLA-B*51:03,GWSIIKASQY,48.25,51.09,43119.07
HLA-B*51:03,WSIIKASQYG,74.286,28.229,38977.92
HLA-B*51:03,SIIKASQYGA,47.625,41.346,41669.27
HLA-B*51:03,IIKASQYGAI,28.306,11.951,32732.34
HLA-B*51:03,IKASQYGAIE,72.857,52.834,43342.64
HLA-B*51:03,KASQYGAIER,69.091,82.525,46410.14
HLA-B*51:03,ASQYGAIERV,11.983,14.188,33998.61
HLA-B*51:03,SQYGAIERVD,35.625,38.918,41255.19
HLA-B*51:03,QYGAIERVDI,49.571,39.92,41430.55
HLA-B*51:03,YGAIERVDIL,6.117,6.203,27698.01
HLA-B*51:03,GAIERVDILE,43.818,61.05,44330.57
HLA-B*51:03,AIERVDILEY,39.824,51.503,43171.8
HLA-B*51:03,IERVDILEYV,9.99,10.95,32065.27
HLA-B*51:03,ERVDILEYVG,47.125,46.696,42505.78
HLA-B*51:03,RVDILEYVGM,44.364,38.407,41161.11
HLA-B*51:03,VDILEYVGMA,49.857,28.798,39119.88
HLA-B*51:03,DILEYVGMAN,55.5,34.575,40415.76
HLA-B*51:03,ILEYVGMANN,93.333,67.844,45044.7
HLA-B*51:03,LEYVGMANNG,82.5,44.647,42196.46
HLA-B*51:03,EYVGMANNGQ,59.75,88.021,46928.23
HLA-B*51:03,YVGMANNGQN,95.0,64.64,44724.18
HLA-B*51:03,VGMANNGQNG,90.0,65.561,44819.12
HLA-B*51:03,GMANNGQNGV,33.643,34.328,40364.63
HLA-B*51:03,MANNGQNGVR,34.731,40.747,41570.66
HLA-B*51:03,ANNGQNGVRR,77.5,96.494,48361.74
HLA-B*51:03,NNGQNGVRRY,49.714,69.021,45161.34
HLA-B*51:03,NGQNGVRRYE,74.286,83.248,46476.48
HLA-B*51:03,GQNGVRRYEN,97.5,95.662,47980.75
HLA-B*51:03,QNGVRRYENQ,97.5,96.049,48157.57
HLA-B*51:03,NGVRRYENQQ,79.167,87.674,46894.71
HLA-B*51:03,GVRRYENQQV,49.286,53.527,43431.84
HLA-B*51:03,VRRYENQQVR,69.545,86.863,46816.66
HLA-B*51:03,RRYENQQVRN,83.75,86.821,46812.58
HLA-B*51:03,RYENQQVRNY,44.455,60.373,44256.76
HLA-B*51:03,YENQQVRNYS,41.083,48.568,42780.29
HLA-B*51:03,ENQQVRNYSG,77.5,64.974,44760.97
HLA-B*51:03,NQQVRNYSGT,72.857,68.632,45122.74
HLA-B*51:03,QQVRNYSGTG,85.0,63.146,44559.96
HLA-B*51:03,QVRNYSGTGA,54.259,52.079,43245.67
HLA-B*51:03,VRNYSGTGAF,25.627,24.983,38096.89
HLA-B*51:03,RNYSGTGAFD,78.333,56.944,43852.08
HLA-B*51:03,NYSGTGAFDG,95.0,69.483,45207.3
HLA-B*51:03,YSGTGAFDGI,36.0,9.876,31290.37
HLA-B*51:03,SGTGAFDGIA,59.0,37.745,41037.94
HLA-B*51:03,GTGAFDGIAT,90.0,77.53,45956.92
HLA-B*51:03,TGAFDGIATT,13.489,17.341,35454.37
HLA-B*51:03,GAFDGIATTE,40.812,64.104,44665.18
HLA-B*51:03,AFDGIATTEF,22.09,45.491,42326.77
HLA-B*51:03,FDGIATTEFA,50.556,18.927,36083.62
HLA-B*51:03,DGIATTEFAA,19.554,7.428,29149.9
HLA-B*51:03,GIATTEFAAE,90.0,86.974,46827.29
HLA-B*51:03,IATTEFAAEA,20.447,14.761,34278.96
HLA-B*51:03,ATTEFAAEAG,90.0,68.971,45156.45
HLA-B*51:03,TTEFAAEAGC,58.75,46.699,42506.22
HLA-B*51:03,TEFAAEAGCK,55.5,47.474,42620.9
HLA-B*51:03,EFAAEAGCKG,53.889,49.987,42977.93
HLA-B*51:03,FAAEAGCKGT,33.5,33.331,40158.57
HLA-B*51:03,AAEAGCKGTE,85.0,90.027,47122.57
HLA-B*51:03,AEAGCKGTEH,54.815,86.311,46763.49
HLA-B*51:03,EAGCKGTEHY,18.268,31.638,39789.64
HLA-B*51:03,AGCKGTEHYT,76.667,88.537,46978.01
HLA-B*51:03,GCKGTEHYTA,59.5,79.181,46105.35
HLA-B*51:03,CKGTEHYTAI,31.735,12.913,33307.54
HLA-B*51:03,KGTEHYTAIP,67.727,55.648,43698.64
HLA-B*51:03,GTEHYTAIPV,52.222,18.596,35956.97
HLA-B*51:03,TEHYTAIPVP,35.917,18.904,36075.03
HLA-B*51:03,EHYTAIPVPR,45.2,46.85,42528.32
HLA-B*51:03,HYTAIPVPRI,14.825,8.36,30035.14
HLA-B*51:03,YTAIPVPRIL,2.086,2.961,22034.24
HLA-B*51:03,TAIPVPRILE,10.32,16.362,35026.56
HLA-B*51:03,AIPVPRILEK,25.91,44.549,42180.93
HLA-B*51:03,IPVPRILEKL,0.281,0.55,10845.98
HLA-B*51:03,PVPRILEKLS,66.818,69.124,45171.6
HLA-B*51:03,VPRILEKLSI,0.908,0.51,10494.46
HLA-B*51:03,PRILEKLSIG,65.0,84.748,46614.47
HLA-B*51:03,RILEKLSIGL,33.929,35.36,40575.25
HLA-B*51:03,ILEKLSIGLV,33.536,16.475,35077.38
HLA-B*51:03,LEKLSIGLVT,49.714,30.849,39608.38
HLA-B*51:03,EKLSIGLVTL,13.575,17.43,35491.59
HLA-B*51:03,KLSIGLVTLI,19.446,8.814,30434.57
HLA-B*51:03,LSIGLVTLIN,48.5,15.01,34400.84
HLA-B*51:03,SIGLVTLINA,55.0,30.412,39506.08
HLA-B*51:03,IGLVTLINAR,69.545,54.767,43591.91
HLA-B*51:03,GLVTLINARN,95.0,91.976,47340.29
HLA-B*51:03,LVTLINARNV,20.675,8.484,30147.47
HLA-B*51:03,VTLINARNVD,56.25,45.803,42373.97
HLA-B*51:03,TLINARNVDR,79.167,87.647,46892.17
HLA-B*51:03,LINARNVDRV,37.895,24.819,38048.3
HLA-B*51:03,INARNVDRVH,62.143,63.603,44610.14
HLA-B*51:03,NARNVDRVHQ,59.5,72.129,45458.9
HLA-B*51:03,ARNVDRVHQP,46.0,77.99,45998.22
HLA-B*51:03,RNVDRVHQPS,77.5,70.089,45267.02
HLA-B*51:03,NVDRVHQPSS,47.875,48.649,42791.86
HLA-B*51:03,VDRVHQPSSN,91.667,87.853,46911.98
HLA-B*51:03,DRVHQPSSNL,6.298,15.925,34830.03
HLA-B*51:03,RVHQPSSNLY,23.931,38.743,41223.06
HLA-B*51:03,VHQPSSNLYQ,48.25,66.747,44936.16
HLA-B*51:03,HQPSSNLYQL,4.02,4.96,25987.08
HLA-B*51:03,QPSSNLYQLD,19.135,13.606,33690.64
HLA-B*51:03,PSSNLYQLDG,100.0,77.586,45961.9
HLA-B*51:03,SSNLYQLDGP,72.143,46.577,42488.29
HLA-B*51:03,SNLYQLDGPV,42.846,12.033,32784.8
HLA-B*51:03,NLYQLDGPVF,11.617,8.25,29935.86
HLA-B*51:03,LYQLDGPVFT,57.25,48.854,42821.04
HLA-B*51:03,YQLDGPVFTY,7.418,15.249,34512.68
HLA-B*51:03,QLDGPVFTYS,49.714,60.65,44286.94
HLA-B*51:03,LDGPVFTYSV,15.34,5.635,26950.09
HLA-B*51:03,DGPVFTYSVC,11.761,4.237,24760.67
HLA-B*51:03,GPVFTYSVCM,18.274,5.552,26839.79
HLA-B*51:03,PVFTYSVCMG,95.0,57.692,43940.91
HLA-B*51:03,VFTYSVCMGR,72.143,41.52,41697.23
HLA-B*51:03,FTYSVCMGRP,50.926,12.306,32946.24
HLA-B*51:03,TYSVCMGRPE,95.0,62.588,44498.77
HLA-B*51:03,YSVCMGRPEE,79.167,49.875,42962.58
HLA-B*51:03,SVCMGRPEEN,86.667,85.026,46640.18
HLA-B*51:03,VCMGRPEENI,23.356,26.375,38481.36
HLA-B*51:03,CMGRPEENIL,39.235,31.092,39665.0
HLA-B*51:03,MGRPEENILT,47.375,37.719,41033.07
HLA-B*51:03,GRPEENILTT,28.653,42.537,41864.04
HLA-B*51:03,RPEENILTTQ,35.125,54.256,43525.92
HLA-B*51:03,PEENILTTQR,83.75,95.985,48128.41
HLA-B*51:03,EENILTTQRN,70.714,67.49,45009.62
HLA-B*51:03,ENILTTQRNA,29.477,28.169,38963.14
HLA-B*51:03,NILTTQRNAD,90.0,78.682,46060.47
HLA-B*51:03,ILTTQRNADL,58.0,52.538,43304.67
HLA-B*51:03,LTTQRNADLE,90.0,71.315,45382.24
HLA-B*51:03,TTQRNADLES,75.833,65.118,44775.5
HLA-B*51:03,TQRNADLESC,45.2,59.312,44133.89
HLA-B*51:03,QRNADLESCS,86.667,90.714,47199.12
HLA-B*51:03,RNADLESCSD,95.0,83.85,46531.82
HLA-B*51:03,NADLESCSDG,83.75,46.994,42549.47
HLA-B*51:03,ADLESCSDGQ,93.333,95.813,48049.83
HLA-B*51:03,DLESCSDGQN,97.5,85.853,46719.48
HLA-B*51:03,LESCSDGQNP,55.75,51.554,43178.34
HLA-B*51:03,ESCSDGQNPI,11.393,9.734,31187.62
HLA-B*51:03,SCSDGQNPIP,54.074,69.464,45205.34
HLA-B*51:03,CSDGQNPIPA,48.75,30.367,39495.4
HLA-B*51:03,SDGQNPIPAL,8.481,27.087,38671.25
HLA-B*51:03,DGQNPIPALN,9.834,30.392,39501.39
HLA-B*51:03,GQNPIPALNR,57.25,85.679,46702.82
HLA-B*51:03,QNPIPALNRV,0.4,0.825,13112.17
HLA-B*51:03,NPIPALNRVY,1.535,2.075,19487.68
HLA-B*51:03,PIPALNRVYA,32.258,18.279,35836.17
HLA-B*51:03,IPALNRVYAN,40.125,12.245,32909.91
HLA-B*51:03,PALNRVYANL,30.649,24.107,37838.49
HLA-B*51:03,ALNRVYANLK,68.636,64.855,44747.9
HLA-B*51:03,LNRVYANLKP,74.286,52.407,43287.81
HLA-B*51:03,NRVYANLKPV,21.07,7.006,28683.73
HLA-B*51:03,RVYANLKPVP,47.0,30.901,39620.82
HLA-B*51:03,VYANLKPVPD,88.333,62.667,44507.43
HLA-B*51:03,YANLKPVPDD,68.636,41.64,41716.62
HLA-B*51:03,ANLKPVPDDS,85.0,95.033,47695.04
HLA-B*51:03,NLKPVPDDSA,26.783,40.311,41496.95
HLA-B*51:03,LKPVPDDSAG,46.0,40.426,41516.27
HLA-B*51:03,KPVPDDSAGI,3.341,6.771,28401.47
HLA-B*51:03,PVPDDSAGIF,21.175,25.696,38296.52
HLA-B*51:03,VPDDSAGIFV,1.399,1.674,17855.19
HLA-B*51:03,PDDSAGIFVS,91.667,92.338,47380.76
HLA-B*51:03,DDSAGIFVSD,50.37,36.452,40790.5
HLA-B*51:03,DSAGIFVSDC,15.828,16.143,34929.3
HLA-B*51:03,SAGIFVSDCT,52.778,28.839,39130.02
HLA-B*51:03,AGIFVSDCTW,29.432,14.186,33997.52
HLA-B*51:03,GIFVSDCTWY,62.857,48.078,42710.46
HLA-B*51:03,IFVSDCTWYD,95.0,53.534,43432.77
HLA-B*51:03,FVSDCTWYDL,42.538,8.79,30413.83
HLA-B*51:03,VSDCTWYDLF,43.727,8.795,30418.11
HLA-B*51:03,SDCTWYDLFI,49.429,10.944,32060.76
HLA-B*51:03,DCTWYDLFIR,56.5,29.812,39364.42
HLA-B*51:03,CTWYDLFIRD,93.333,40.04,41451.18
HLA-B*51:03,TWYDLFIRDQ,82.5,84.14,46558.5
HLA-B*51:03,WYDLFIRDQL,25.567,19.522,36306.07
HLA-B*51:03,YDLFIRDQLG,60.0,25.383,38208.77
HLA-B*51:03,DLFIRDQLGP,24.234,21.91,37145.25
HLA-B*51:03,LFIRDQLGPK,81.25,62.996,44543.56
HLA-B*51:03,FIRDQLGPKY,22.53,26.579,38535.52
HLA-B*51:03,IRDQLGPKYT,60.0,76.772,45888.86
HLA-B*51:03,RDQLGPKYTD,82.5,83.286,46479.99
HLA-B*51:03,DQLGPKYTDA,12.389,20.429,36638.33
HLA-B*51:03,QLGPKYTDAQ,86.667,92.781,47430.5
HLA-B*51:03,LGPKYTDAQD,70.714,41.93,41763.59
HLA-B*51:03,GPKYTDAQDF,12.671,20.712,36739.95
HLA-B*51:03,PKYTDAQDFV,41.333,47.728,42658.74
HLA-B*51:03,KYTDAQDFVP,71.429,65.635,44826.4
HLA-B*51:03,YTDAQDFVPA,36.667,16.227,34966.35
HLA-B*51:03,TDAQDFVPAI,1.633,1.234,15714.06
HLA-B*51:03,DAQDFVPAIK,2.458,2.801,21609.74
HLA-B*51:03,AQDFVPAIKS,58.75,68.932,45152.55
HLA-B*51:03,QDFVPAIKSI,6.992,8.427,30096.3
HLA-B*51:03,DFVPAIKSIS,23.149,26.163,38425.18
HLA-B*51:03,FVPAIKSISG,20.756,9.425,30955.97
HLA-B*51:03,VPAIKSISGI,0.993,0.608,11363.87
HLA-B*51:03,PAIKSISGIM,35.5,24.401,37924.97
HLA-B*51:03,AIKSISGIMG,83.75,75.017,45731.72
HLA-B*51:03,IKSISGIMGA,29.5,30.343,39489.85
HLA-B*51:03,KSISGIMGAL,17.694,24.061,37825.0
HLA-B*51:03,SISGIMGALG,82.5,45.712,42360.22
HLA-B*51:03,ISGIMGALGV,28.02,6.422,27976.92
HLA-B*51:03,SGIMGALGVR,59.5,42.248,41816.04
HLA-B*51:03,GIMGALGVRS,90.0,83.33,46484.01
HLA-B*51:03,IMGALGVRSL,21.5,23.0,37490.9
HLA-B*51:03,MGALGVRSLK,19.797,21.446,36991.25
HLA-B*51:03,GALGVRSLKP,39.588,40.378,41508.18
HLA-B*51:03,ALGVRSLKPY,66.818,54.551,43564.08
HLA-B*51:03,LGVRSLKPYR,70.714,65.364,44799.73
HLA-B*51:03,GVRSLKPYRG,95.0,89.584,47079.25
HLA-B*51:03,VRSLKPYRGT,78.333,77.381,45943.49
HLA-B*51:03,RSLKPYRGTL,18.732,19.487,36293.1
HLA-B*51:03,SLKPYRGTLA,29.182,33.402,40173.36
HLA-B*51:03,LKPYRGTLAL,1.078,0.472,10044.63
HLA-B*51:03,KPYRGTLALH,12.502,14.39,34097.33
HLA-B*51:03,PYRGTLALHD,100.0,91.441,47280.4
HLA-B*51:03,YRGTLALHDA,56.0,39.342,41329.8
HLA-B*51:03,RGTLALHDAE,90.0,78.754,46066.95
HLA-B*51:03,GTLALHDAEA,61.429,44.543,42180.03
HLA-B*51:03,TLALHDAEAI,14.182,7.449,29173.24
HLA-B*51:03,LALHDAEAID,57.25,29.961,39400.23
HLA-B*51:03,ALHDAEAIDN,95.0,93.724,47536.34
HLA-B*51:03,LHDAEAIDNL,24.792,28.959,39160.11
HLA-B*51:03,HDAEAIDNLS,52.593,58.04,43982.27
HLA-B*51:03,DAEAIDNLSR,34.385,49.387,42895.25
HLA-B*51:03,AEAIDNLSRP,26.65,38.864,41245.38
HLA-B*51:03,EAIDNLSRPM,2.615,2.934,21962.6
HLA-B*51:03,AIDNLSRPMR,77.5,83.949,46540.88
HLA-B*51:03,IDNLSRPMRL,21.263,25.359,38202.16
HLA-B*51:03,DNLSRPMRLV,4.438,3.987,24286.52
HLA-B*51:03,NLSRPMRLVR,48.875,48.422,42759.47
HLA-B*51:03,LSRPMRLVRR,69.545,64.758,44737.25
HLA-B*51:03,SRPMRLVRRA,11.173,6.582,28174.96
HLA-B*51:03,RPMRLVRRAL,8.852,5.427,26664.68
HLA-B*51:03,PMRLVRRALD,95.0,87.568,46884.58
HLA-B*51:03,MRLVRRALDN,97.5,74.744,45706.01
HLA-B*51:03,RLVRRALDNG,97.5,81.632,46328.35
HLA-B*51:03,LVRRALDNGD,100.0,88.595,46983.59
HLA-B*51:03,VRRALDNGDR,95.0,96.492,48360.68
HLA-B*51:03,RRALDNGDRG,82.5,80.471,46222.23
HLA-B*51:03,RALDNGDRGV,12.007,14.248,34028.05
HLA-B*51:03,ALDNGDRGVY,52.593,74.99,45729.24
HLA-B*51:03,LDNGDRGVYI,26.1,21.017,36849.04
HLA-B*51:03,DNGDRGVYID,47.75,60.176,44235.22
HLA-B*51:03,NGDRGVYIDN,95.0,78.095,46007.66
HLA-B*51:03,GDRGVYIDNV,60.0,48.231,42732.18
HLA-B*51:03,DRGVYIDNVS,62.857,43.571,42028.33
HLA-B*51:03,RGVYIDNVSQ,79.167,83.406,46491.05
HLA-B*51:03,GVYIDNVSQR,56.75,82.738,46429.72
HLA-B*51:03,VYIDNVSQRA,32.677,37.817,41051.71
HLA-B*51:03,YIDNVSQRAK,51.667,57.264,43890.07
HLA-B*51:03,IDNVSQRAKS,86.667,84.622,46602.87
HLA-B*51:03,DNVSQRAKST,36.429,55.576,43690.13
HLA-B*51:03,NVSQRAKSTS,67.273,70.099,45267.98
HLA-B*51:03,VSQRAKSTSA,24.403,37.602,41010.88
HLA-B*51:03,SQRAKSTSAH,58.0,81.555,46321.36
HLA-B*51:03,QRAKSTSAHD,83.75,80.75,46247.72
HLA-B*51:03,RAKSTSAHDL,15.821,30.294,39478.32
HLA-B*51:03,AKSTSAHDLM,48.125,47.923,42687.83
HLA-B*51:03,KSTSAHDLMD,88.333,66.885,44949.75
HLA-B*51:03,STSAHDLMDG,93.333,67.411,45001.85
HLA-B*51:03,TSAHDLMDGV,20.22,11.312,32307.3
HLA-B*51:03,SAHDLMDGVF,13.484,9.402,30935.9
HLA-B*51:03,AHDLMDGVFV,30.027,20.627,36709.36
HLA-B*51:03,HDLMDGVFVF,12.988,10.228,31542.91
HLA-B*51:03,DLMDGVFVFT,24.273,15.43,34597.16
HLA-B*51:03,LMDGVFVFTV,25.716,6.506,28084.28
HLA-B*51:03,MDGVFVFTVR,52.037,21.668,37064.97
HLA-B*51:03,DGVFVFTVRG,43.273,12.165,32862.59
HLA-B*51:03,GVFVFTVRGL,44.636,35.36,40575.25
HLA-B*51:03,VFVFTVRGLS,72.143,42.831,41912.99
HLA-B*51:03,FVFTVRGLSI,6.497,1.015,14447.93
HLA-B*51:03,VFTVRGLSIE,78.333,58.588,44047.54
HLA-B*51:03,FTVRGLSIEN,78.333,51.517,43173.7
HLA-B*51:03,TVRGLSIENA,32.903,30.241,39465.92
HLA-B*51:03,VRGLSIENAT,61.429,67.751,45035.44
HLA-B*51:03,RGLSIENATF,18.884,23.265,37574.55
HLA-B*51:03,GLSIENATFS,79.167,69.646,45223.43
HLA-B*51:03,LSIENATFSV,7.09,2.242,20007.72
HLA-B*51:03,SIENATFSVP,52.963,35.541,40611.25
HLA-B*51:03,IENATFSVPT,62.857,33.333,40159.01
HLA-B*51:03,ENATFSVPTQ,44.0,56.36,43782.87
HLA-B*51:03,NATFSVPTQL,1.114,2.055,19425.16
HLA-B*51:03,ATFSVPTQLP,17.383,23.948,37790.64
HLA-B*51:03,TFSVPTQLPM,20.967,10.409,31672.88
HLA-B*51:03,FSVPTQLPMF,8.54,2.698,21342.75
HLA-B*51:03,SVPTQLPMFY,6.723,8.217,29905.76
HLA-B*51:03,VPTQLPMFYV,0.811,0.195,5985.79
HLA-B*51:03,PTQLPMFYVF,38.389,12.558,33095.59
HLA-B*51:03,TQLPMFYVFT,47.0,19.966,36472.62
HLA-B*51:03,QLPMFYVFTT,21.281,2.456,20692.65
HLA-B*51:03,LPMFYVFTTP,8.194,0.572,11046.61
HLA-B*51:03,PMFYVFTTPM,57.75,12.718,33190.98
HLA-B*51:03,MFYVFTTPME,58.0,23.72,37718.33
HLA-B*51:03,FYVFTTPMER,29.682,33.118,40114.72
HLA-B*51:03,YVFTTPMERS,43.727,30.04,39418.99
HLA-B*51:03,VFTTPMERSK,56.5,75.952,45815.44
HLA-B*51:03,FTTPMERSKE,65.0,69.764,45235.18
HLA-B*51:03,TTPMERSKEL,1.937,5.623,26934.35
HLA-B*51:03,TPMERSKELQ,7.012,19.919,36454.84
HLA-B*51:03,PMERSKELQE,88.333,95.21,47775.07
HLA-B*51:03,MERSKELQEL,17.927,21.912,37146.07
HLA-B*51:03,ERSKELQELI,9.166,8.024,29733.14
HLA-B*51:03,RSKELQELII,17.699,13.231,33485.31
HLA-B*51:03,SKELQELIID,82.5,71.686,45417.11
HLA-B*51:03,KELQELIIDA,57.25,52.56,43307.49
HLA-B*51:03,ELQELIIDAS,53.889,53.527,43431.84
HLA-B*51:03,LQELIIDASE,79.167,68.873,45146.67
HLA-B*51:03,QELIIDASER,63.929,81.199,46288.78
HLA-B*51:03,ELIIDASERV,11.722,14.808,34301.96
HLA-B*51:03,LIIDASERVY,31.118,33.777,40250.8
HLA-B*51:03,IIDASERVYT,60.0,68.169,45076.88
HLA-B*51:03,IDASERVYTK,45.5,51.74,43202.19
HLA-B*51:03,DASERVYTKI,0.275,0.279,7393.02
HLA-B*51:03,ASERVYTKIG,69.545,59.128,44111.92
HLA-B*51:03,SERVYTKIGF,36.0,31.348,39723.39
HLA-B*51:03,ERVYTKIGFL,18.72,12.348,32970.85
HLA-B*51:03,RVYTKIGFLP,43.636,25.507,38243.5
HLA-B*51:03,VYTKIGFLPE,77.5,61.147,44341.12
HLA-B*51:03,YTKIGFLPEQ,51.481,53.231,43393.8
HLA-B*51:03,TKIGFLPEQI,18.866,13.383,33568.38
HLA-B*51:03,KIGFLPEQIT,54.074,62.728,44514.18
HLA-B*51:03,IGFLPEQITN,69.091,47.31,42596.47
HLA-B*51:03,GFLPEQITNL,32.29,46.755,42514.5
HLA-B*51:03,FLPEQITNLA,6.291,2.745,21466.19
HLA-B*51:03,LPEQITNLAR,20.146,16.306,35001.54
HLA-B*51:03,PEQITNLARR,82.5,92.425,47390.51
HLA-B*51:03,EQITNLARRS,58.5,58.42,44027.51
HLA-B*51:03,QITNLARRSF,38.667,44.006,42094.79
HLA-B*51:03,ITNLARRSFA,53.889,32.573,39997.26
HLA-B*51:03,TNLARRSFAA,52.222,31.433,39742.73
HLA-B*51:03,NLARRSFAAE,52.407,50.853,43088.75
HLA-B*51:03,LARRSFAAEV,8.724,2.827,21678.12
HLA-B*51:03,ARRSFAAEVM,65.909,52.575,43309.36
HLA-B*51:03,RRSFAAEVMP,56.5,43.137,41962.0
HLA-B*51:03,RSFAAEVMPA,32.742,13.101,33414.75
HLA-B*51:03,SFAAEVMPAN,68.636,49.71,42939.81
HLA-B*51:03,FAAEVMPANL,4.331,2.237,19991.7
HLA-B*51:03,AAEVMPANLV,6.372,5.661,26985.4
HLA-B*51:03,AEVMPANLVN,44.636,38.915,41254.77
HLA-B*51:03,EVMPANLVNI,2.359,1.176,15398.31
HLA-B*51:03,VMPANLVNII,1.342,0.334,8226.67
HLA-B*51:03,MPANLVNIIE,5.887,0.733,12359.85
HLA-B*51:03,PANLVNIIER,71.429,83.954,46541.39
HLA-B*51:03,ANLVNIIERL,28.694,39.589,41372.77
HLA-B*51:03,NLVNIIERLA,35.833,26.424,38494.26
HLA-B*51:03,LVNIIERLAG,83.75,43.964,42088.41
HLA-B*51:03,VNIIERLAGL,29.932,24.178,37859.38
HLA-B*51:03,NIIERLAGLA,33.357,19.809,36413.46
HLA-B*51:03,IIERLAGLAN,90.0,58.744,44066.12
HLA-B*51:03,IERLAGLANM,30.108,22.037,37187.08
HLA-B*51:03,ERLAGLANMY,33.571,39.825,41413.96
HLA-B*51:03,RLAGLANMYW,27.148,16.053,34888.88
HLA-B*51:03,LAGLANMYWS,61.786,22.787,37423.6
HLA-B*51:03,AGLANMYWST,73.571,45.906,42389.57
HLA-B*51:03,GLANMYWSTR,79.167,65.305,44793.92
HLA-B*51:03,LANMYWSTRW,23.701,3.158,22506.75
HLA-B*51:03,ANMYWSTRWE,86.667,58.276,44010.36
HLA-B*51:03,NMYWSTRWEH,47.625,29.776,39355.92
HLA-B*51:03,MYWSTRWEHS,74.286,34.742,40450.31
HLA-B*51:03,YWSTRWEHSL,24.377,17.674,35593.5
HLA-B*51:03,WSTRWEHSLE,73.571,42.384,41838.67
HLA-B*51:03,STRWEHSLEK,30.162,35.369,40577.0
HLA-B*51:03,TRWEHSLEKK,63.214,68.017,45061.76
HLA-B*51:03,RWEHSLEKKL,41.667,59.164,44116.22
HLA-B*51:03,WEHSLEKKLE,50.741,64.952,44758.55
HLA-B*51:03,EHSLEKKLEI,7.381,7.585,29310.89
HLA-B*51:03,HSLEKKLEIV,12.611,13.064,33394.5
HLA-B*51:03,SLEKKLEIVH,54.444,78.533,46047.02
HLA-B*51:03,LEKKLEIVHI,16.671,14.99,34391.52
HLA-B*51:03,EKKLEIVHIQ,52.037,70.188,45276.3
HLA-B*51:03,KKLEIVHIQP,59.75,72.813,45523.38
HLA-B*51:03,KLEIVHIQPF,42.308,31.661,39794.82
HLA-B*51:03,LEIVHIQPFF,17.606,8.485,30148.77
HLA-B*51:03,EIVHIQPFFR,34.731,34.296,40358.07
HLA-B*51:03,IVHIQPFFRL,15.993,8.02,29729.29
HLA-B*51:03,VHIQPFFRLA,21.737,11.677,32549.41
HLA-B*51:03,HIQPFFRLAR,41.667,42.916,41927.05
HLA-B*51:03,IQPFFRLARF,3.986,0.974,14205.34
HLA-B*51:03,QPFFRLARFQ,18.695,8.871,30484.33
HLA-B*51:03,PFFRLARFQF,60.714,35.64,40631.02
HLA-B*51:03,FFRLARFQFG,85.0,39.177,41301.19
HLA-B*51:03,FRLARFQFGA,58.25,22.565,37353.21
HLA-B*51:03,RLARFQFGAR,63.214,61.876,44420.84
HLA-B*51:03,LARFQFGARD,62.143,32.212,39918.59
HLA-B*51:03,ARFQFGARDE,78.333,86.421,46774.11
HLA-B*51:03,RFQFGARDEY,48.125,47.941,42690.58
HLA-B*51:03,FQFGARDEYL,9.46,9.913,31317.11
HLA-B*51:03,QFGARDEYLW,44.727,32.216,39919.44
HLA-B*51:03,FGARDEYLWT,56.5,25.759,38314.33
HLA-B*51:03,GARDEYLWTI,10.139,5.709,27049.71
HLA-B*51:03,ARDEYLWTIR,35.625,57.832,43957.55
HLA-B*51:03,RDEYLWTIRD,93.333,61.779,44410.27
HLA-B*51:03,DEYLWTIRDP,29.318,17.006,35315.01
HLA-B*51:03,EYLWTIRDPL,39.882,12.526,33076.98
HLA-B*51:03,YLWTIRDPLR,39.529,26.022,38387.79
HLA-B*51:03,LWTIRDPLRD,95.0,80.63,46236.72
HLA-B*51:03,WTIRDPLRDL,21.325,16.453,35067.5
HLA-B*51:03,TIRDPLRDLV,14.994,12.467,33041.57
HLA-B*51:03,IRDPLRDLVR,65.455,70.762,45330.23
HLA-B*51:03,RDPLRDLVRA,15.299,15.249,34512.68
HLA-B*51:03,DPLRDLVRAM,0.906,1.428,16727.63
HLA-B*51:03,PLRDLVRAMS,86.667,82.798,46435.26
HLA-B*51:03,LRDLVRAMST,63.571,47.077,42561.9
HLA-B*51:03,RDLVRAMSTV,33.357,16.66,35159.82
HLA-B*51:03,DLVRAMSTVQ,39.353,26.703,38568.46
HLA-B*51:03,LVRAMSTVQK,63.214,55.948,43734.11
HLA-B*51:03,VRAMSTVQKT,20.463,26.022,38387.79
HLA-B*51:03,RAMSTVQKTP,18.116,15.311,34541.45
HLA-B*51:03,AMSTVQKTPA,58.5,47.18,42577.11
HLA-B*51:03,MSTVQKTPAA,28.041,17.834,35660.57
HLA-B*51:03,STVQKTPAAV,16.631,15.215,34496.61
HLA-B*51:03,TVQKTPAAVI,11.592,8.245,29931.33
HLA-B*51:03,VQKTPAAVIR,43.364,51.51,43172.75
HLA-B*51:03,QKTPAAVIRP,46.778,62.557,44495.41
HLA-B*51:03,KTPAAVIRPK,50.185,48.795,42812.7
HLA-B*51:03,TPAAVIRPKS,22.7,16.713,35183.8
HLA-B*51:03,PAAVIRPKSF,29.659,33.686,40232.06
HLA-B*51:03,AAVIRPKSFK,42.692,60.088,44225.66
HLA-B*51:03,AVIRPKSFKS,72.857,76.401,45855.61
HLA-B*51:03,VIRPKSFKSL,14.21,23.593,37677.95
HLA-B*51:03,IRPKSFKSLE,36.095,45.448,42320.38
HLA-B*51:03,RPKSFKSLED,60.0,42.161,41801.59
HLA-B*51:03,PKSFKSLEDI,62.143,38.412,41162.02
HLA-B*51:03,KSFKSLEDIT,69.091,52.356,43281.25
HLA-B*51:03,SFKSLEDITV,26.017,27.344,38741.19
HLA-B*51:03,FKSLEDITVL,12.34,14.031,33922.18
HLA-B*51:03,KSLEDITVLI,11.579,8.48,30144.2
HLA-B*51:03,SLEDITVLIT,49.0,46.082,42415.71
HLA-B*51:03,LEDITVLITL,9.136,9.597,31088.9
HLA-B*51:03,EDITVLITLV,10.15,6.099,27567.65
HLA-B*51:03,DITVLITLVI,6.422,1.135,15141.24
HLA-B*51:03,ITVLITLVIA,50.926,18.439,35897.1
HLA-B*51:03,TVLITLVIAK,58.0,51.532,43175.56
HLA-B*51:03,VLITLVIAKS,71.429,66.599,44921.56
HLA-B*51:03,LITLVIAKSI,18.805,4.804,25741.11
HLA-B*51:03,ITLVIAKSIS,44.636,25.167,38148.44
HLA-B*51:03,TLVIAKSISR,45.8,66.914,44952.68
HLA-B*51:03,LVIAKSISRL,21.395,16.688,35172.77
HLA-B*51:03,VIAKSISRLG,60.0,39.514,41359.78
HLA-B*51:03,IAKSISRLGK,39.235,46.37,42457.97
HLA-B*51:03,AKSISRLGKW,43.091,39.334,41328.47
HLA-B*51:03,KSISRLGKWV,23.552,21.492,37006.45
HLA-B*51:03,SISRLGKWVA,44.182,30.009,39411.74
HLA-B*51:03,ISRLGKWVAV,19.662,8.73,30361.54
HLA-B*51:03,SRLGKWVAVM,45.1,28.454,39034.04
HLA-B*51:03,RLGKWVAVMK,72.143,59.92,44206.53
HLA-B*51:03,LGKWVAVMKR,68.182,57.6,43929.97
HLA-B*51:03,GKWVAVMKRT,90.0,86.979,46827.8
HLA-B*51:03,KWVAVMKRTA,70.714,53.417,43417.73
HLA-B*51:03,WVAVMKRTAS,77.5,48.393,42755.3
HLA-B*51:03,VAVMKRTASV,4.628,2.609,21114.21
HLA-B*51:03,AVMKRTASVT,52.963,42.962,41934.76
HLA-B*51:03,VMKRTASVTE,79.167,78.439,46038.55
HLA-B*51:03,MKRTASVTEC,55.25,55.2,43645.72
HLA-B*51:03,KRTASVTECK,76.667,85.563,46691.71
HLA-B*51:03,RTASVTECKA,41.417,41.578,41706.7
HLA-B*51:03,TASVTECKAM,26.0,17.792,35642.82
HLA-B*51:03,ASVTECKAMH,79.167,85.779,46712.4
HLA-B*51:03,SVTECKAMHK,63.214,71.294,45380.28
HLA-B*51:03,VTECKAMHKQ,83.75,87.205,46849.58
HLA-B*51:03,TECKAMHKQN,91.667,88.0,46926.17
HLA-B*51:03,ECKAMHKQNS,76.667,86.5,46781.71
HLA-B*51:03,CKAMHKQNSL,17.684,11.888,32690.59
HLA-B*51:03,KAMHKQNSLN,28.265,55.264,43653.26
HLA-B*51:03,AMHKQNSLND,95.0,84.507,46592.26
HLA-B*51:03,MHKQNSLNDQ,77.5,83.708,46518.73
HLA-B*51:03,HKQNSLNDQD,95.0,93.847,47550.23
HLA-B*51:03,KQNSLNDQDV,40.688,52.841,43343.59
HLA-B*51:03,QNSLNDQDVL,34.769,44.02,42097.07
HLA-B*51:03,NSLNDQDVLY,22.85,30.741,39583.09
HLA-B*51:03,SLNDQDVLYC,47.125,60.097,44226.6
HLA-B*51:03,LNDQDVLYCF,35.583,25.734,38307.29
HLA-B*51:03,NDQDVLYCFD,63.571,48.143,42719.7
HLA-B*51:03,DQDVLYCFDA,52.593,18.7,35996.67
HLA-B*51:03,QDVLYCFDAL,51.481,20.425,36637.15
HLA-B*51:03,DVLYCFDALD,77.5,26.874,38613.98
HLA-B*51:03,VLYCFDALDQ,95.0,67.766,45036.92
HLA-B*51:03,LYCFDALDQG,80.0,61.516,44381.43
HLA-B*51:03,YCFDALDQGE,57.5,69.774,45236.17
HLA-B*51:03,CFDALDQGEE,95.0,82.141,46375.02
HLA-B*51:03,FDALDQGEEK,39.118,52.834,43342.64
HLA-B*51:03,DALDQGEEKK,32.645,58.928,44088.06
HLA-B*51:03,ALDQGEEKKK,83.75,97.132,48655.64
HLA-B*51:03,LDQGEEKKKR,83.75,97.215,48694.1
HLA-B*51:03,DQGEEKKKRI,14.022,35.219,40547.16
HLA-B*51:03,QGEEKKKRIG,90.0,96.267,48257.71
HLA-B*51:03,GEEKKKRIGM,56.25,86.784,46809.05
HLA-B*51:03,EEKKKRIGML,25.851,52.217,43263.47
HLA-B*51:03,EKKKRIGMLQ,63.214,92.809,47433.59
HLA-B*51:03,KKKRIGMLQH,82.5,96.072,48168.01
HLA-B*51:03,KKRIGMLQHA,65.455,69.897,45248.39
HLA-B*51:03,KRIGMLQHAL,45.1,47.867,42679.52
HLA-B*51:03,RIGMLQHALV,31.294,9.286,30837.97
HLA-B*51:03,IGMLQHALVA,32.065,6.875,28525.89
HLA-B*51:03,GMLQHALVAQ,77.5,73.575,45595.37
HLA-B*51:03,MLQHALVAQN,80.0,51.601,43184.41
HLA-B*51:03,LQHALVAQNE,57.25,64.047,44658.9
HLA-B*51:03,QHALVAQNEA,27.833,25.174,38150.51
HLA-B*51:03,HALVAQNEAP,33.607,31.949,39860.73
HLA-B*51:03,ALVAQNEAPT,91.667,84.014,46546.91
HLA-B*51:03,LVAQNEAPTF,9.405,9.955,31346.96
HLA-B*51:03,VAQNEAPTFV,3.546,3.667,23648.88
HLA-B*51:03,AQNEAPTFVT,43.273,62.939,44537.3
HLA-B*51:03,QNEAPTFVTS,45.9,52.673,43322.02
HLA-B*51:03,NEAPTFVTSQ,34.154,48.737,42804.36
HLA-B*51:03,EAPTFVTSQE,24.779,33.775,40250.36
HLA-B*51:03,APTFVTSQEV,1.639,1.356,16338.39
HLA-B*51:03,PTFVTSQEVY,31.559,38.7,41215.04
HLA-B*51:03,TFVTSQEVYH,67.273,82.864,46441.28
HLA-B*51:03,FVTSQEVYHG,83.75,51.554,43178.34
HLA-B*51:03,VTSQEVYHGS,69.091,63.673,44617.85
HLA-B*51:03,TSQEVYHGSL,8.923,12.69,33174.09
HLA-B*51:03,SQEVYHGSLD,82.5,61.402,44368.96
HLA-B*51:03,QEVYHGSLDK,62.857,64.394,44697.08
HLA-B*51:03,EVYHGSLDKL,6.114,9.023,30616.55
HLA-B*51:03,VYHGSLDKLL,37.158,35.106,40524.78
HLA-B*51:03,YHGSLDKLLN,78.333,46.771,42516.8
HLA-B*51:03,HGSLDKLLNR,35.125,76.041,45823.36
HLA-B*51:03,GSLDKLLNRE,78.333,92.374,47384.86
HLA-B*51:03,SLDKLLNREL,29.477,36.27,40755.18
HLA-B*51:03,LDKLLNRELE,72.143,71.868,45434.34
HLA-B*51:03,DKLLNRELEP,43.0,41.17,41640.88
HLA-B*51:03,KLLNRELEPF,40.625,40.388,41509.98
HLA-B*51:03,LLNRELEPFT,75.833,55.128,43637.22
HLA-B*51:03,LNRELEPFTL,26.35,21.78,37102.28
HLA-B*51:03,NRELEPFTLA,14.172,18.35,35863.32
HLA-B*51:03,RELEPFTLAV,11.462,9.021,30615.22
HLA-B*51:03,ELEPFTLAVP,32.0,26.67,38559.71
HLA-B*51:03,LEPFTLAVPC,19.669,4.054,24414.3
HLA-B*51:03,EPFTLAVPCI,0.418,0.043,2495.42
HLA-B*51:03,PFTLAVPCIE,95.0,63.137,44558.99
HLA-B*51:03,FTLAVPCIEK,34.308,25.957,38369.91
HLA-B*51:03,TLAVPCIEKV,8.777,6.533,28116.19
HLA-B*51:03,LAVPCIEKVD,36.524,25.643,38281.6
HLA-B*51:03,AVPCIEKVDA,58.0,56.028,43743.59
HLA-B*51:03,VPCIEKVDAY,6.085,13.84,33818.84
HLA-B*51:03,PCIEKVDAYL,44.455,51.105,43120.94
HLA-B*51:03,CIEKVDAYLH,79.167,62.149,44450.64
HLA-B*51:03,IEKVDAYLHR,58.0,74.781,45709.46
HLA-B*51:03,EKVDAYLHRN,74.286,80.739,46246.74
HLA-B*51:03,KVDAYLHRNY,52.407,58.692,44059.92
HLA-B*51:03,VDAYLHRNYM,7.707,3.974,24259.21
HLA-B*51:03,DAYLHRNYMS,8.579,4.632,25472.08
HLA-B*51:03,AYLHRNYMSR,70.714,72.818,45523.88
HLA-B*51:03,YLHRNYMSRQ,75.833,65.531,44816.23
HLA-B*51:03,LHRNYMSRQQ,88.333,84.535,46594.79
HLA-B*51:03,HRNYMSRQQN,90.0,82.903,46444.81
HLA-B*51:03,RNYMSRQQNH,67.727,81.791,46342.91
HLA-B*51:03,NYMSRQQNHY,31.676,42.332,41830.07
HLA-B*51:03,YMSRQQNHYL,14.685,12.802,33241.3
HLA-B*51:03,MSRQQNHYLV,13.632,2.8,21607.87
HLA-B*51:03,SRQQNHYLVT,63.571,55.16,43640.99
HLA-B*51:03,RQQNHYLVTR,65.0,73.043,45545.09
HLA-B*51:03,QQNHYLVTRT,58.25,64.099,44664.69
HLA-B*51:03,QNHYLVTRTI,10.897,4.121,24539.85
HLA-B*51:03,NHYLVTRTIQ,37.211,16.223,34964.84
HLA-B*51:03,HYLVTRTIQS,75.0,68.637,45123.24
HLA-B*51:03,YLVTRTIQSA,37.211,23.711,37715.48
HLA-B*51:03,LVTRTIQSAD,88.333,64.899,44752.75
HLA-B*51:03,VTRTIQSADD,95.0,80.761,46248.74
HLA-B*51:03,TRTIQSADDL,44.273,41.128,41634.11
HLA-B*51:03,RTIQSADDLK,80.0,71.926,45439.73
HLA-B*51:03,TIQSADDLKP,64.643,71.994,45446.12
HLA-B*51:03,IQSADDLKPA,41.583,46.458,42470.82
HLA-B*51:03,QSADDLKPAY,16.293,44.106,42110.72
HLA-B*51:03,SADDLKPAYE,35.625,65.664,44829.32
HLA-B*51:03,ADDLKPAYEK,69.091,92.173,47362.31
HLA-B*51:03,DDLKPAYEKF,11.707,17.901,35688.75
HLA-B*51:03,DLKPAYEKFI,8.268,5.814,27190.55
HLA-B*51:03,LKPAYEKFIG,62.857,21.105,36878.16
HLA-B*51:03,KPAYEKFIGL,2.602,5.323,26513.06
HLA-B*51:03,PAYEKFIGLL,10.661,8.004,29714.49
HLA-B*51:03,AYEKFIGLLG,79.167,48.266,42737.27
HLA-B*51:03,YEKFIGLLGV,16.391,6.323,27850.98
HLA-B*51:03,EKFIGLLGVT,53.519,40.652,41554.47
HLA-B*51:03,KFIGLLGVTM,45.7,40.285,41492.45
HLA-B*51:03,FIGLLGVTMA,37.105,23.669,37702.01
HLA-B*51:03,IGLLGVTMAG,75.0,34.858,40474.39
HLA-B*51:03,GLLGVTMAGK,69.091,79.673,46149.76
HLA-B*51:03,LLGVTMAGKT,88.333,64.93,44756.12
HLA-B*51:03,LGVTMAGKTF,19.095,12.794,33236.62
HLA-B*51:03,GVTMAGKTFK,75.0,81.544,46320.34
HLA-B*51:03,VTMAGKTFKP,45.8,29.382,39261.48
HLA-B*51:03,TMAGKTFKPL,14.879,14.672,34235.22
HLA-B*51:03,MAGKTFKPLR,22.36,22.595,37362.93
HLA-B*51:03,AGKTFKPLRL,37.316,48.607,42785.84
HLA-B*51:03,GKTFKPLRLL,26.233,33.747,40244.7
HLA-B*51:03,KTFKPLRLLV,13.842,5.672,27000.0
HLA-B*51:03,TFKPLRLLVS,48.375,47.446,42616.75
HLA-B*51:03,FKPLRLLVST,12.447,3.444,23187.24
HLA-B*51:03,KPLRLLVSTQ,46.556,42.474,41853.62
HLA-B*51:03,PLRLLVSTQT,90.0,76.473,45862.05
HLA-B*51:03,LRLLVSTQTA,45.3,28.375,39014.18
HLA-B*51:03,RLLVSTQTAD,91.667,78.61,46054.0
HLA-B*51:03,LLVSTQTADL,38.667,28.603,39071.21
HLA-B*51:03,LVSTQTADLL,24.792,15.042,34416.08
HLA-B*51:03,VSTQTADLLM,29.705,15.154,34468.26
HLA-B*51:03,STQTADLLMA,40.062,29.474,39283.6
HLA-B*51:03,TQTADLLMAS,47.25,45.839,42379.49
HLA-B*51:03,QTADLLMASH,40.375,62.636,44504.08
HLA-B*51:03,TADLLMASHQ,53.148,55.368,43665.54
HLA-B*51:03,ADLLMASHQQ,81.25,87.111,46840.45
HLA-B*51:03,DLLMASHQQK,44.636,56.776,43832.17
HLA-B*51:03,LLMASHQQKQ,83.75,76.694,45881.91
HLA-B*51:03,LMASHQQKQR,57.25,81.572,46322.86
HLA-B*51:03,MASHQQKQRD,70.0,66.604,44922.05
HLA-B*51:03,ASHQQKQRDK,78.333,95.522,47916.92
HLA-B*51:03,SHQQKQRDKL,37.579,59.32,44134.83
HLA-B*51:03,HQQKQRDKLL,32.903,54.001,43492.98
HLA-B*51:03,QQKQRDKLLL,25.448,47.827,42673.49
HLA-B*51:03,QKQRDKLLLS,58.0,75.332,45759.95
HLA-B*51:03,KQRDKLLLSV,23.655,21.186,36904.9
HLA-B*51:03,QRDKLLLSVQ,69.091,69.867,45245.45
HLA-B*51:03,RDKLLLSVQG,90.0,66.467,44908.44
HLA-B*51:03,DKLLLSVQGT,56.5,47.272,42590.93
HLA-B*51:03,KLLLSVQGTG,83.75,65.915,44854.05
HLA-B*51:03,LLLSVQGTGF,28.143,15.367,34567.99
HLA-B*51:03,LLSVQGTGFL,37.789,22.392,37298.69
HLA-B*51:03,LSVQGTGFLS,67.727,30.648,39561.27
HLA-B*51:03,SVQGTGFLSA,22.02,22.359,37288.21
HLA-B*51:03,VQGTGFLSAE,73.571,66.959,44957.06
HLA-B*51:03,QGTGFLSAER,68.636,78.627,46055.48
HLA-B*51:03,GTGFLSAERT,75.0,66.068,44869.09
HLA-B*51:03,TGFLSAERTA,22.56,11.41,32372.39
HLA-B*51:03,GFLSAERTAG,97.5,92.027,47345.91
HLA-B*51:03,FLSAERTAGM,29.75,20.146,36537.39
HLA-B*51:03,LSAERTAGMA,42.692,26.498,38513.83
HLA-B*51:03,SAERTAGMAA,17.554,13.429,33593.46
HLA-B*51:03,AERTAGMAAE,65.0,77.935,45993.24
HLA-B*51:03,ERTAGMAAED,93.333,73.116,45551.96
HLA-B*51:03,RTAGMAAEDS,93.333,81.435,46310.31
HLA-B*51:03,TAGMAAEDSI,10.188,2.796,21597.35
HLA-B*51:03,AGMAAEDSIL,37.632,27.733,38847.8
HLA-B*51:03,GMAAEDSILG,79.167,54.468,43553.24
HLA-B*51:03,MAAEDSILGV,3.979,1.574,17413.5
HLA-B*51:03,AAEDSILGVE,43.455,62.46,44484.82
HLA-B*51:03,AEDSILGVEK,55.25,79.319,46117.8
HLA-B*51:03,EDSILGVEKA,21.921,24.971,38093.18
HLA-B*51:03,DSILGVEKAG,38.778,32.375,39954.0
HLA-B*51:03,SILGVEKAGA,52.963,56.036,43744.52
HLA-B*51:03,ILGVEKAGAS,90.0,82.092,46370.5
HLA-B*51:03,LGVEKAGASS,69.091,64.543,44713.54
HLA-B*51:03,GVEKAGASSN,95.0,95.166,47755.45
HLA-B*51:03,VEKAGASSNG,81.25,80.843,46256.22
HLA-B*51:03,EKAGASSNGQ,75.833,93.33,47492.15
HLA-B*51:03,KAGASSNGQF,27.444,41.366,41672.42
HLA-B*51:03,AGASSNGQFF,17.223,26.697,38566.79
HLA-B*51:03,GASSNGQFFA,35.875,32.119,39898.28
HLA-B*51:03,ASSNGQFFAT,76.667,65.098,44773.56
HLA-B*51:03,SSNGQFFATV,16.738,4.547,25340.69
HLA-B*51:03,SNGQFFATVP,57.0,26.98,38641.98
HLA-B*51:03,NGQFFATVPP,47.5,12.188,32876.45
HLA-B*51:03,GQFFATVPPD,88.333,63.361,44583.59
HLA-B*51:03,QFFATVPPDA,38.667,34.956,40494.55
HLA-B*51:03,FFATVPPDAL,11.325,10.037,31406.02
HLA-B*51:03,FATVPPDALN,22.02,20.07,36510.11
HLA-B*51:03,ATVPPDALNA,21.64,36.845,40866.91
HLA-B*51:03,TVPPDALNAG,41.333,39.954,41436.37
HLA-B*51:03,VPPDALNAGR,22.42,42.817,41910.72
HLA-B*51:03,PPDALNAGRK,69.545,76.395,45855.11
HLA-B*51:03,PDALNAGRKS,75.833,79.867,46167.23
HLA-B*51:03,DALNAGRKSF,2.364,4.714,25599.45
HLA-B*51:03,ALNAGRKSFI,42.923,45.758,42367.11
HLA-B*51:03,LNAGRKSFIH,77.5,69.277,45186.75
HLA-B*51:03,NAGRKSFIHW,11.173,9.337,30881.38
HLA-B*51:03,AGRKSFIHWV,23.828,23.479,37642.1
HLA-B*51:03,GRKSFIHWVL,48.75,39.563,41368.29
HLA-B*51:03,RKSFIHWVLG,85.0,31.04,39652.97
HLA-B*51:03,KSFIHWVLGK,52.037,43.396,42001.5
HLA-B*51:03,SFIHWVLGKE,90.0,83.028,46456.38
HLA-B*51:03,FIHWVLGKES,68.636,37.473,40986.47
HLA-B*51:03,IHWVLGKESY,29.659,31.09,39664.56
HLA-B*51:03,HWVLGKESYA,47.5,52.108,43249.41
HLA-B*51:03,WVLGKESYAA,47.0,24.025,37814.36
HLA-B*51:03,VLGKESYAAN,95.0,78.239,46020.62
HLA-B*51:03,LGKESYAANH,58.25,72.73,45515.52
HLA-B*51:03,GKESYAANHM,59.5,68.962,45155.46
HLA-B*51:03,KESYAANHMV,15.41,9.258,30814.95
HLA-B*51:03,ESYAANHMVL,3.307,2.306,20209.84
HLA-B*51:03,SYAANHMVLL,11.716,12.064,32802.9
HLA-B*51:03,YAANHMVLLS,24.61,11.844,32660.88
HLA-B*51:03,AANHMVLLSE,57.5,59.568,44164.44
HLA-B*51:03,ANHMVLLSED,95.0,66.713,44932.74
HLA-B*51:03,NHMVLLSEDQ,76.667,65.192,44782.77
HLA-B*51:03,HMVLLSEDQP,63.214,55.796,43716.12
HLA-B*51:03,MVLLSEDQPE,75.0,58.752,44067.08
HLA-B*51:03,VLLSEDQPEI,19.77,14.668,34232.99
HLA-B*51:03,LLSEDQPEIW,20.707,26.884,38616.47
HLA-B*51:03,LSEDQPEIWL,17.218,28.664,39086.43
HLA-B*51:03,SEDQPEIWLT,33.536,40.434,41517.61
HLA-B*51:03,EDQPEIWLTT,27.759,29.464,39281.04
HLA-B*51:03,DQPEIWLTTG,28.653,16.941,35286.35
HLA-B*51:03,QPEIWLTTGG,50.556,19.877,36439.07
HLA-B*51:03,PEIWLTTGGC,90.0,66.368,44898.73
HLA-B*51:03,EIWLTTGGCA,47.0,21.519,37015.26
HLA-B*51:03,IWLTTGGCAF,45.8,27.087,38671.25
HLA-B*51:03,WLTTGGCAFI,49.571,9.271,30825.29
HLA-B*51:03,LTTGGCAFIE,86.667,42.447,41849.09
HLA-B*51:03,TTGGCAFIEP,63.571,47.944,42691.05
HLA-B*51:03,TGGCAFIEPN,97.5,72.98,45539.15
HLA-B*51:03,GGCAFIEPND,100.0,94.149,47584.21
HLA-B*51:03,GCAFIEPNDH,79.167,89.684,47088.94
HLA-B*51:03,CAFIEPNDHN,80.0,38.554,41188.3
HLA-B*51:03,AFIEPNDHNY,35.625,63.796,44631.38
HLA-B*51:03,FIEPNDHNYG,69.091,57.356,43901.0
HLA-B*51:03,IEPNDHNYGC,11.188,25.635,38279.53
HLA-B*51:03,EPNDHNYGCK,25.164,37.792,41046.84
HLA-B*51:03,PNDHNYGCKG,100.0,95.769,48029.57
HLA-B*51:03,NDHNYGCKGH,68.182,86.432,46775.13
HLA-B*51:03,DHNYGCKGHI,17.337,8.738,30369.1
HLA-B*51:03,HNYGCKGHIL,22.53,20.623,36708.17
HLA-B*51:03,NYGCKGHILE,81.25,74.974,45727.77
HLA-B*51:03,YGCKGHILEP,43.091,38.949,41261.02
HLA-B*51:03,GCKGHILEPQ,93.333,95.515,47913.83
HLA-B*51:03,CKGHILEPQL,48.0,31.495,39756.93
HLA-B*51:03,KGHILEPQLG,72.143,65.802,44842.89
HLA-B*51:03,GHILEPQLGR,59.25,81.238,46292.27
HLA-B*51:03,HILEPQLGRR,40.188,72.458,45489.9
HLA-B*51:03,ILEPQLGRRG,79.167,79.491,46133.27
HLA-B*51:03,LEPQLGRRGY,17.746,27.09,38672.1
HLA-B*51:03,EPQLGRRGYF,4.761,6.793,28427.6
HLA-B*51:03,PQLGRRGYFV,64.286,48.192,42726.64
HLA-B*51:03,QLGRRGYFVL,38.667,28.798,39119.88
HLA-B*51:03,LGRRGYFVLL,32.419,14.912,34353.21
HLA-B*51:03,GRRGYFVLLA,73.571,53.133,43381.12
HLA-B*51:03,RRGYFVLLAL,42.769,16.368,35029.21
HLA-B*51:03,RGYFVLLALS,67.273,31.582,39776.73
HLA-B*51:03,GYFVLLALSA,63.929,45.833,42378.56
HLA-B*51:03,YFVLLALSAF,38.444,17.642,35580.03
HLA-B*51:03,FVLLALSAFD,70.0,29.924,39391.26
HLA-B*51:03,VLLALSAFDL,55.75,22.992,37488.46
HLA-B*51:03,LLALSAFDLE,78.333,38.288,41139.3
HLA-B*51:03,LALSAFDLEY,20.228,6.478,28049.05
HLA-B*51:03,ALSAFDLEYH,64.286,75.792,45801.05
HLA-B*51:03,LSAFDLEYHG,51.667,19.781,36403.23
HLA-B*51:03,SAFDLEYHGQ,28.673,42.545,41865.39
HLA-B*51:03,AFDLEYHGQK,47.5,81.676,46332.39
HLA-B*51:03,FDLEYHGQKN,86.667,71.644,45413.19
HLA-B*51:03,DLEYHGQKNE,49.0,75.094,45738.65
HLA-B*51:03,LEYHGQKNEQ,59.0,77.248,45931.58
HLA-B*51:03,EYHGQKNEQG,78.333,89.711,47091.49
HLA-B*51:03,YHGQKNEQGF,28.531,41.654,41718.88
HLA-B*51:03,HGQKNEQGFT,77.5,79.12,46099.85
HLA-B*51:03,GQKNEQGFTG,79.167,85.5,46685.62
HLA-B*51:03,QKNEQGFTGL,23.966,51.951,43229.3
HLA-B*51:03,KNEQGFTGLR,76.667,85.347,46670.99
HLA-B*51:03,NEQGFTGLRY,20.098,25.979,38376.15
HLA-B*51:03,EQGFTGLRYL,6.731,9.2,30765.31
HLA-B*51:03,QGFTGLRYLE,45.3,49.118,42858.14
HLA-B*51:03,GFTGLRYLEP,86.667,64.552,44714.49
HLA-B*51:03,FTGLRYLEPF,40.875,7.868,29583.61
HLA-B*51:03,TGLRYLEPFQ,86.667,56.56,43806.57
HLA-B*51:03,GLRYLEPFQE,75.833,83.384,46489.04
HLA-B*51:03,LRYLEPFQEE,55.5,64.947,44758.06
HLA-B*51:03,RYLEPFQEES,72.143,75.415,45767.36
HLA-B*51:03,YLEPFQEESY,31.882,41.017,41616.1
HLA-B*51:03,LEPFQEESYC,7.923,6.884,28537.61
HLA-B*51:03,EPFQEESYCY,3.557,4.605,25429.12
HLA-B*51:03,PFQEESYCYC,75.833,73.747,45611.63
HLA-B*51:03,FQEESYCYCN,93.333,47.455,42618.13
HLA-B*51:03,QEESYCYCNE,93.333,78.632,46055.98
HLA-B*51:03,EESYCYCNEW,20.813,4.257,24798.75
HLA-B*51:03,ESYCYCNEWG,70.0,14.434,34118.36
HLA-B*51:03,SYCYCNEWGR,82.5,70.042,45262.61
HLA-B*51:03,YCYCNEWGRA,65.0,25.081,38124.51
HLA-B*51:03,CYCNEWGRAV,38.389,18.954,36094.16
HLA-B*51:03,YCNEWGRAVK,45.6,50.095,42991.88
HLA-B*51:03,CNEWGRAVKE,79.167,68.332,45092.98
HLA-B*51:03,NEWGRAVKET,35.208,40.162,41471.82
HLA-B*51:03,EWGRAVKETL,27.481,32.135,39901.73
HLA-B*51:03,WGRAVKETLG,69.091,52.732,43329.51
HLA-B*51:03,GRAVKETLGA,61.429,63.251,44571.52
HLA-B*51:03,RAVKETLGAW,19.588,17.624,35572.71
HLA-B*51:03,AVKETLGAWP,58.0,56.056,43746.89
HLA-B*51:03,VKETLGAWPE,91.667,76.711,45883.38
HLA-B*51:03,KETLGAWPEV,28.673,16.177,34944.41
HLA-B*51:03,ETLGAWPEVV,8.665,4.092,24484.68
HLA-B*51:03,TLGAWPEVVF,24.948,23.347,37600.18
HLA-B*51:03,LGAWPEVVFT,31.5,17.542,35538.47
HLA-B*51:03,GAWPEVVFTP,19.318,19.447,36278.2
HLA-B*51:03,AWPEVVFTPR,44.182,47.068,42560.53
HLA-B*51:03,WPEVVFTPRN,63.929,15.62,34686.37
HLA-B*51:03,PEVVFTPRNT,90.0,81.895,46352.44
HLA-B*51:03,EVVFTPRNTL,5.252,9.778,31219.01
HLA-B*51:03,VVFTPRNTLN,24.416,36.182,40738.0
HLA-B*51:03,VFTPRNTLNK,64.286,67.092,44970.2
HLA-B*51:03,FTPRNTLNKQ,28.367,42.183,41805.2
HLA-B*51:03,TPRNTLNKQG,41.583,36.13,40727.86
HLA-B*51:03,PRNTLNKQGK,95.0,97.256,48713.07
HLA-B*51:03,RNTLNKQGKK,88.333,94.936,47672.83
HLA-B*51:03,NTLNKQGKKL,24.649,37.03,40902.74
HLA-B*51:03,TLNKQGKKLG,72.143,87.253,46854.14
HLA-B*51:03,LNKQGKKLGI,44.545,47.201,42580.32
HLA-B*51:03,NKQGKKLGIL,46.667,63.137,44558.99
HLA-B*51:03,KQGKKLGILA,52.593,58.008,43978.47
HLA-B*51:03,QGKKLGILAR,61.429,80.581,46232.21
HLA-B*51:03,GKKLGILARH,86.667,96.423,48329.31
HLA-B*51:03,KKLGILARHG,93.333,82.563,46413.67
HLA-B*51:03,KLGILARHGS,95.0,86.468,46778.66
HLA-B*51:03,LGILARHGSS,79.167,53.476,43425.26
HLA-B*51:03,GILARHGSSS,86.667,91.176,47250.71
HLA-B*51:03,ILARHGSSSG,83.75,71.148,45366.53
HLA-B*51:03,LARHGSSSGL,16.662,16.003,34866.62
HLA-B*51:03,ARHGSSSGLA,61.786,60.079,44224.69
HLA-B*51:03,RHGSSSGLAE,81.25,77.813,45982.29
HLA-B*51:03,HGSSSGLAEG,85.0,72.557,45499.26
HLA-B*51:03,GSSSGLAEGE,91.667,95.347,47837.66
HLA-B*51:03,SSSGLAEGEK,65.455,80.953,46266.25
HLA-B*51:03,SSGLAEGEKR,68.182,91.77,47317.25
HLA-B*51:03,SGLAEGEKRL,29.341,47.077,42561.9
HLA-B*51:03,GLAEGEKRLL,41.583,65.896,44852.11
HLA-B*51:03,LAEGEKRLLE,63.214,65.719,44834.64
HLA-B*51:03,AEGEKRLLEQ,76.667,94.03,47570.8
HLA-B*51:03,EGEKRLLEQD,85.0,84.781,46617.48
HLA-B*51:03,GEKRLLEQDR,88.333,96.207,48230.05
HLA-B*51:03,EKRLLEQDRR,82.5,95.329,47829.39
HLA-B*51:03,KRLLEQDRRT,86.667,93.609,47523.49
HLA-B*51:03,RLLEQDRRTD,97.5,93.92,47558.48
HLA-B*51:03,LLEQDRRTDK,86.667,93.445,47504.98
HLA-B*51:03,LEQDRRTDKP,54.074,67.8,45040.32
HLA-B*51:03,EQDRRTDKPA,41.083,45.567,42338.24
HLA-B*51:03,QDRRTDKPAG,91.667,92.864,47439.74
HLA-B*51:03,DRRTDKPAGE,83.75,96.485,48357.56
HLA-B*51:03,RRTDKPAGEL,30.081,48.932,42832.16
HLA-B*51:03,RTDKPAGELP,32.548,49.545,42917.05
HLA-B*51:03,TDKPAGELPV,22.45,23.763,37731.81
HLA-B*51:03,DKPAGELPVI,0.288,0.415,9346.18
HLA-B*51:03,KPAGELPVIF,2.624,6.225,27726.5
HLA-B*51:03,PAGELPVIFY,35.875,54.544,43563.16
HLA-B*51:03,AGELPVIFYE,70.714,63.774,44628.96
HLA-B*51:03,GELPVIFYEL,12.326,19.718,36379.59
HLA-B*51:03,ELPVIFYELS,26.033,13.703,33743.54
HLA-B*51:03,LPVIFYELSM,4.458,0.597,11276.04
HLA-B*51:03,PVIFYELSMF,53.519,32.933,40075.68
HLA-B*51:03,VIFYELSMFI,15.937,1.949,19045.35
HLA-B*51:03,IFYELSMFIL,27.574,9.383,30920.5
HLA-B*51:03,FYELSMFILI,20.837,2.77,21529.22
HLA-B*51:03,YELSMFILIR,42.538,11.365,32342.63
HLA-B*51:03,ELSMFILIRN,82.5,37.852,41058.38
HLA-B*51:03,LSMFILIRNN,88.333,36.343,40769.3
HLA-B*51:03,SMFILIRNNI,15.183,5.025,26086.52
HLA-B*51:03,MFILIRNNIT,63.929,28.522,39050.93
HLA-B*51:03,FILIRNNITV,21.561,7.457,29181.78
HLA-B*51:03,ILIRNNITVS,68.636,52.039,43240.54
HLA-B*51:03,LIRNNITVSD,90.0,64.284,44685.0
HLA-B*51:03,IRNNITVSDS,83.75,82.716,46427.71
HLA-B*51:03,RNNITVSDSF,44.273,42.681,41888.05
HLA-B*51:03,NNITVSDSFR,59.75,54.059,43500.5
HLA-B*51:03,NITVSDSFRK,60.714,68.622,45121.78
HLA-B*51:03,ITVSDSFRKG,69.545,52.794,43337.5
HLA-B*51:03,TVSDSFRKGQ,80.0,91.011,47232.34
HLA-B*51:03,VSDSFRKGQC,52.407,64.231,44679.21
HLA-B*51:03,SDSFRKGQCG,82.5,60.773,44300.37
HLA-B*51:03,DSFRKGQCGL,7.977,6.73,28352.34
HLA-B*51:03,SFRKGQCGLP,79.167,64.112,44666.16
HLA-B*51:03,FRKGQCGLPY,61.786,45.061,42261.8
HLA-B*51:03,RKGQCGLPYI,47.75,21.156,36894.91
HLA-B*51:03,KGQCGLPYIV,40.625,25.148,38143.08
HLA-B*51:03,GQCGLPYIVI,32.097,27.426,38763.84
HLA-B*51:03,QCGLPYIVII,19.615,7.286,28992.32
HLA-B*51:03,CGLPYIVIIV,33.286,7.365,29079.66
HLA-B*51:03,GLPYIVIIVL,4.695,3.43,23155.4
HLA-B*51:03,LPYIVIIVLT,4.205,2.31,20222.3
HLA-B*51:03,PYIVIIVLTD,97.5,85.426,46678.55
HLA-B*51:03,YIVIIVLTDS,90.0,70.251,45282.2
HLA-B*51:03,IVIIVLTDSN,85.0,63.73,44624.12
HLA-B*51:03,VIIVLTDSNI,24.636,6.959,28627.61
HLA-B*51:03,IIVLTDSNIE,79.167,51.853,43216.68
HLA-B*51:03,IVLTDSNIEF,20.593,20.611,36703.79
HLA-B*51:03,VLTDSNIEFI,19.108,14.84,34317.57
HLA-B*51:03,LTDSNIEFIL,25.627,12.442,33026.91
HLA-B*51:03,TDSNIEFILF,23.989,13.257,33499.8
HLA-B*51:03,DSNIEFILFA,8.145,3.051,22255.4
HLA-B*51:03,SNIEFILFAE,62.857,46.439,42468.08
HLA-B*51:03,NIEFILFAEM,24.701,7.742,29462.23
HLA-B*51:03,IEFILFAEMI,15.668,3.872,24054.83
HLA-B*51:03,EFILFAEMIM,24.987,14.754,34275.25
HLA-B*51:03,FILFAEMIMK,52.222,31.718,39807.73
HLA-B*51:03,ILFAEMIMKI,12.778,4.259,24802.77
HLA-B*51:03,LFAEMIMKIE,53.704,31.759,39817.21
HLA-B*51:03,FAEMIMKIEP,32.355,9.344,30887.06
HLA-B*51:03,AEMIMKIEPN,91.667,53.793,43466.14
HLA-B*51:03,EMIMKIEPNF,15.608,9.27,30824.97
HLA-B*51:03,MIMKIEPNFG,51.667,19.162,36171.97
HLA-B*51:03,IMKIEPNFGM,32.774,20.529,36674.43
HLA-B*51:03,MKIEPNFGMS,58.75,44.509,42174.57
HLA-B*51:03,KIEPNFGMSL,22.5,31.299,39712.22
HLA-B*51:03,IEPNFGMSLA,14.529,4.49,25247.35
HLA-B*51:03,EPNFGMSLAE,22.71,12.731,33198.88
HLA-B*51:03,PNFGMSLAEV,40.312,22.818,37433.33
HLA-B*51:03,NFGMSLAEVK,63.929,44.784,42218.38
HLA-B*51:03,FGMSLAEVKQ,62.5,52.25,43267.68
HLA-B*51:03,GMSLAEVKQA,62.5,51.404,43159.19
HLA-B*51:03,MSLAEVKQAD,68.636,42.3,41824.64
HLA-B*51:03,SLAEVKQADQ,75.0,91.075,47239.47
HLA-B*51:03,LAEVKQADQD,93.333,77.802,45981.29
HLA-B*51:03,AEVKQADQDQ,83.75,95.887,48083.65
HLA-B*51:03,EVKQADQDQT,41.333,72.552,45498.76
HLA-B*51:03,VKQADQDQTD,90.0,95.224,47781.79
HLA-B*51:03,KQADQDQTDN,95.0,96.365,48302.64
HLA-B*51:03,QADQDQTDNA,26.9,46.176,42429.5
HLA-B*51:03,ADQDQTDNAF,26.8,54.227,43522.16
HLA-B*51:03,DQDQTDNAFE,44.636,62.452,44483.85
HLA-B*51:03,QDQTDNAFEQ,82.5,94.634,47638.81
HLA-B*51:03,DQTDNAFEQR,35.917,66.358,44897.75
HLA-B*51:03,QTDNAFEQRR,49.429,84.786,46617.99
HLA-B*51:03,TDNAFEQRRA,51.667,56.94,43851.62
HLA-B*51:03,DNAFEQRRAL,1.166,2.32,20254.49
HLA-B*51:03,NAFEQRRALL,2.889,2.54,20938.57
HLA-B*51:03,AFEQRRALLY,49.286,39.167,41299.41
HLA-B*51:03,FEQRRALLYL,22.07,7.748,29467.65
HLA-B*51:03,EQRRALLYLV,21.982,7.767,29485.82
HLA-B*51:03,QRRALLYLVE,85.0,66.073,44869.59
HLA-B*51:03,RRALLYLVEF,32.613,22.111,37210.42
HLA-B*51:03,RALLYLVEFN,63.571,39.532,41362.93
HLA-B*51:03,ALLYLVEFNG,91.667,70.715,45325.82
HLA-B*51:03,LLYLVEFNGE,80.0,66.919,44953.18
HLA-B*51:03,LYLVEFNGEG,93.333,60.044,44220.87
HLA-B*51:03,YLVEFNGEGS,82.5,66.289,44890.95
HLA-B*51:03,LVEFNGEGSS,75.833,60.967,44321.45
HLA-B*51:03,VEFNGEGSSL,14.812,20.352,36611.0
HLA-B*51:03,EFNGEGSSLA,31.324,34.188,40335.82
HLA-B*51:03,FNGEGSSLAL,20.61,24.326,37902.82
HLA-B*51:03,NGEGSSLALP,47.0,39.807,41410.83
HLA-B*51:03,GEGSSLALPL,38.0,23.268,37575.35
HLA-B*51:03,EGSSLALPLK,40.312,30.889,39617.8
HLA-B*51:03,GSSLALPLKP,61.786,56.068,43748.3
HLA-B*51:03,SSLALPLKPP,44.727,26.959,38636.55
HLA-B*51:03,SLALPLKPPD,78.333,57.708,43942.81
HLA-B*51:03,LALPLKPPDK,38.778,45.594,42342.36
HLA-B*51:03,ALPLKPPDKD,63.571,79.319,46117.8
HLA-B*51:03,LPLKPPDKDL,1.529,4.036,24380.52
HLA-B*51:03,PLKPPDKDLE,90.0,96.243,48246.75
HLA-B*51:03,LKPPDKDLEL,2.419,9.382,30919.48
HLA-B*51:03,KPPDKDLELA,11.299,23.84,37756.3
HLA-B*51:03,PPDKDLELAL,9.439,20.567,36687.91
HLA-B*51:03,PDKDLELALL,47.75,57.716,43943.75
HLA-B*51:03,DKDLELALLG,60.0,35.0,40503.75
HLA-B*51:03,KDLELALLGK,72.857,75.432,45768.86
HLA-B*51:03,DLELALLGKR,62.857,66.27,44889.01
HLA-B*51:03,LELALLGKRQ,75.0,76.008,45820.37
HLA-B*51:03,ELALLGKRQS,45.1,57.476,43915.24
HLA-B*51:03,LALLGKRQSS,49.714,51.59,43183.02
HLA-B*51:03,ALLGKRQSSL,42.154,59.152,44114.77
HLA-B*51:03,LLGKRQSSLK,69.545,67.884,45048.6
HLA-B*51:03,LGKRQSSLKQ,83.75,91.583,47296.26
HLA-B*51:03,GKRQSSLKQA,59.0,87.126,46841.96
HLA-B*51:03,KRQSSLKQAG,90.0,90.988,47229.78
HLA-B*51:03,RQSSLKQAGE,81.25,89.826,47102.7
HLA-B*51:03,QSSLKQAGEP,60.714,66.093,44871.52
HLA-B*51:03,SSLKQAGEPI,24.831,7.422,29142.96
HLA-B*51:03,SLKQAGEPIG,72.143,59.068,44104.75
HLA-B*51:03,LKQAGEPIGV,33.321,37.475,40986.92
HLA-B*51:03,KQAGEPIGVT,45.6,67.613,45021.79
HLA-B*51:03,QAGEPIGVTP,13.44,29.57,39306.55
HLA-B*51:03,AGEPIGVTPK,52.778,81.583,46323.84
HLA-B*51:03,GEPIGVTPKK,26.933,51.725,43200.32
HLA-B*51:03,EPIGVTPKKA,2.239,3.954,24220.41
HLA-B*51:03,PIGVTPKKAN,100.0,97.333,48748.93
HLA-B*51:03,IGVTPKKANC,58.0,68.932,45152.55
HLA-B*51:03,GVTPKKANCD,97.5,96.642,48429.81
HLA-B*51:03,VTPKKANCDT,60.357,60.365,44255.82
HLA-B*51:03,TPKKANCDTL,4.71,7.716,29436.73
HLA-B*51:03,PKKANCDTLS,97.5,96.541,48383.2
HLA-B*51:03,KKANCDTLSI,32.516,10.525,31756.95
HLA-B*51:03,KANCDTLSID,74.286,38.673,41210.14
HLA-B*51:03,ANCDTLSIDA,71.429,70.569,45312.09
HLA-B*51:03,NCDTLSIDAW,25.463,29.281,39237.29
HLA-B*51:03,CDTLSIDAWL,51.481,14.792,34294.18
HLA-B*51:03,DTLSIDAWLL,6.3,2.838,21706.76
HLA-B*51:03,TLSIDAWLLF,19.297,7.662,29385.17
HLA-B*51:03,LSIDAWLLFR,41.0,18.924,36082.45
HLA-B*51:03,SIDAWLLFRR,72.143,65.153,44778.9
HLA-B*51:03,IDAWLLFRRK,57.25,34.484,40396.95
HLA-B*51:03,DAWLLFRRKH,22.98,24.646,37997.27
HLA-B*51:03,AWLLFRRKHN,100.0,95.126,47737.38
HLA-B*51:03,WLLFRRKHNK,58.75,63.95,44648.27
HLA-B*51:03,LLFRRKHNKK,68.636,68.1,45070.04
HLA-B*51:03,LFRRKHNKKS,95.0,95.622,47962.59
HLA-B*51:03,FRRKHNKKST,90.0,95.527,47919.52
HLA-B*51:03,RRKHNKKSTV,53.148,77.375,45942.99
HLA-B*51:03,RKHNKKSTVH,75.833,94.259,47596.55
HLA-B*51:03,KHNKKSTVHL,31.971,60.888,44312.82
HLA-B*51:03,HNKKSTVHLP,48.5,63.603,44610.14
HLA-B*51:03,NKKSTVHLPP,57.25,53.107,43377.82
HLA-B*51:03,KKSTVHLPPA,72.143,50.977,43104.59
HLA-B*51:03,KSTVHLPPAP,63.571,62.671,44507.92
HLA-B*51:03,STVHLPPAPV,17.653,8.908,30517.33
HLA-B*51:03,TVHLPPAPVE,42.077,38.278,41137.52
HLA-B*51:03,VHLPPAPVEE,51.111,69.7,45228.82
HLA-B*51:03,HLPPAPVEED,42.692,49.232,42873.89
HLA-B*51:03,LPPAPVEEDS,29.432,28.707,39097.02
HLA-B*51:03,PPAPVEEDSS,52.222,76.03,45822.38
HLA-B*51:03,PAPVEEDSSS,59.0,86.779,46808.54
HLA-B*51:03,APVEEDSSSY,6.245,33.107,40112.55
HLA-B*51:03,PVEEDSSSYG,90.0,91.821,47322.86
HLA-B*51:03,VEEDSSSYGS,59.25,79.302,46116.32
HLA-B*51:03,EEDSSSYGSA,21.36,27.337,38739.52
HLA-B*51:03,EDSSSYGSAT,43.091,50.299,43017.95
HLA-B*51:03,DSSSYGSATA,14.287,12.644,33147.19
HLA-B*51:03,SSSYGSATAD,76.667,59.024,44099.52
HLA-B*51:03,SSYGSATADV,10.551,6.306,27829.57
HLA-B*51:03,SYGSATADVF,29.477,23.11,37525.39
HLA-B*51:03,YGSATADVFS,60.357,32.903,40069.16
HLA-B*51:03,GSATADVFST,83.75,71.326,45383.24
HLA-B*51:03,SATADVFSTK,18.622,33.916,40279.54
HLA-B*51:03,ATADVFSTKS,47.0,58.924,44087.58
HLA-B*51:03,TADVFSTKSW,9.24,8.994,30592.05
HLA-B*51:03,ADVFSTKSWR,62.857,66.063,44868.63
HLA-B*51:03,DVFSTKSWRR,16.804,31.998,39871.96
HLA-B*51:03,VFSTKSWRRG,93.333,76.445,45859.57
HLA-B*51:03,FSTKSWRRGH,66.364,70.052,45263.57
HLA-B*51:03,STKSWRRGHP,72.143,69.818,45240.58
HLA-B*51:03,TKSWRRGHPR,62.5,62.21,44457.38
HLA-B*51:03,KSWRRGHPRV,24.61,13.204,33470.82
HLA-B*51:03,SWRRGHPRVP,77.5,76.755,45887.35
HLA-B*51:03,WRRGHPRVPY,81.25,68.032,45063.24
HLA-B*51:03,RRGHPRVPYD,95.0,82.618,46418.67
HLA-B*51:03,RGHPRVPYDF,18.561,28.207,38972.44
HLA-B*51:03,GHPRVPYDFA,34.923,21.118,36882.54
HLA-B*51:03,HPRVPYDFAK,24.857,17.75,35625.1
HLA-B*51:03,PRVPYDFAKE,90.0,94.607,47635.71
HLA-B*51:03,RVPYDFAKEI,0.825,0.739,12406.08
HLA-B*51:03,VPYDFAKEIQ,1.982,1.85,18612.06
HLA-B*51:03,PYDFAKEIQE,90.0,95.381,47853.21
HLA-B*51:03,YDFAKEIQEG,70.0,51.24,43138.18
HLA-B*51:03,DFAKEIQEGR,22.61,62.707,44511.77
HLA-B*51:03,FAKEIQEGRA,14.166,13.111,33420.16
HLA-B*51:03,AKEIQEGRAV,20.52,33.219,40135.55
HLA-B*51:03,KEIQEGRAVT,55.75,68.548,45114.45
HLA-B*51:03,EIQEGRAVTS,45.0,60.598,44281.2
HLA-B*51:03,IQEGRAVTSY,37.053,50.554,43050.53
HLA-B*51:03,QEGRAVTSYE,59.25,66.166,44878.82
HLA-B*51:03,EGRAVTSYES,45.7,45.458,42321.75
HLA-B*51:03,GRAVTSYESI,17.031,15.178,34479.46
HLA-B*51:03,RAVTSYESIR,34.808,29.6,39313.78
HLA-B*51:03,AVTSYESIRF,40.75,48.383,42753.93
HLA-B*51:03,VTSYESIRFE,57.25,52.608,43313.58
HLA-B*51:03,TSYESIRFEN,67.273,36.627,40824.5
HLA-B*51:03,SYESIRFENK,75.833,77.464,45950.96
HLA-B*51:03,YESIRFENKQ,62.5,65.477,44810.88
HLA-B*51:03,ESIRFENKQE,63.214,71.331,45383.73
HLA-B*51:03,SIRFENKQER,52.593,78.494,46043.51
HLA-B*51:03,IRFENKQERL,21.912,36.164,40734.48
HLA-B*51:03,RFENKQERLF,40.312,52.287,43272.37
HLA-B*51:03,FENKQERLFH,43.818,52.086,43246.62
HLA-B*51:03,ENKQERLFHE,77.5,88.316,46956.66
HLA-B*51:03,NKQERLFHEP,46.444,51.368,43154.54
HLA-B*51:03,KQERLFHEPT,68.636,63.467,44595.15
HLA-B*51:03,QERLFHEPTG,74.286,53.282,43400.38
HLA-B*51:03,ERLFHEPTGT,49.429,60.54,44274.97
HLA-B*51:03,RLFHEPTGTV,12.16,13.695,33739.17
HLA-B*51:03,LFHEPTGTVA,29.205,24.182,37860.61
HLA-B*51:03,FHEPTGTVAI,10.353,8.226,29914.5
HLA-B*51:03,HEPTGTVAIQ,35.75,48.64,42790.47
HLA-B*51:03,EPTGTVAIQP,9.922,10.002,31381.57
HLA-B*51:03,PTGTVAIQPI,53.889,25.121,38135.65
HLA-B*51:03,TGTVAIQPIG,66.364,33.044,40099.51
HLA-B*51:03,GTVAIQPIGC,75.0,73.158,45555.93
HLA-B*51:03,TVAIQPIGCD,85.0,57.776,43950.89
HLA-B*51:03,VAIQPIGCDI,6.342,2.047,19402.06
HLA-B*51:03,AIQPIGCDIP,65.909,56.468,43795.66
HLA-B*51:03,IQPIGCDIPA,39.529,7.908,29622.37
HLA-B*51:03,QPIGCDIPAI,0.95,0.529,10658.56
HLA-B*51:03,PIGCDIPAIT,95.0,86.274,46759.93
HLA-B*51:03,IGCDIPAITV,7.761,9.724,31180.52
HLA-B*51:03,GCDIPAITVN,72.143,82.41,46399.61
HLA-B*51:03,CDIPAITVNA,41.333,24.284,37890.53
HLA-B*51:03,DIPAITVNAI,0.591,0.323,8080.14
HLA-B*51:03,IPAITVNAIL,1.496,0.694,12048.12
HLA-B*51:03,PAITVNAILW,22.52,13.697,33740.26
HLA-B*51:03,AITVNAILWL,46.333,34.292,40357.21
HLA-B*51:03,ITVNAILWLH,51.481,37.691,41027.73
HLA-B*51:03,TVNAILWLHD,70.714,44.902,42237.11
HLA-B*51:03,VNAILWLHDP,59.25,30.839,39606.23
HLA-B*51:03,NAILWLHDPL,7.614,1.873,18716.26
HLA-B*51:03,AILWLHDPLH,76.667,62.847,44527.19
HLA-B*51:03,ILWLHDPLHS,63.214,39.553,41366.5
HLA-B*51:03,LWLHDPLHSL,12.366,16.767,35208.17
HLA-B*51:03,WLHDPLHSLH,28.939,31.153,39678.73
HLA-B*51:03,LHDPLHSLHK,49.714,54.606,43571.16
HLA-B*51:03,HDPLHSLHKK,19.892,43.238,41977.43
HLA-B*51:03,DPLHSLHKKI,0.106,0.138,4857.71
HLA-B*51:03,PLHSLHKKID,93.333,92.617,47412.03
HLA-B*51:03,LHSLHKKIDA,72.857,54.26,43526.39
HLA-B*51:03,HSLHKKIDAS,77.5,75.836,45805.01
HLA-B*51:03,SLHKKIDAST,40.938,57.812,43955.17
HLA-B*51:03,LHKKIDASTH,57.5,83.127,46465.42
HLA-B*51:03,HKKIDASTHS,66.364,94.639,47639.33
HLA-B*51:03,KKIDASTHSD,90.0,94.14,47583.17
HLA-B*51:03,KIDASTHSDD,97.5,95.748,48020.21
HLA-B*51:03,IDASTHSDDC,74.286,67.539,45014.5
HLA-B*51:03,DASTHSDDCR,54.444,64.754,44736.76
HLA-B*51:03,ASTHSDDCRR,83.75,95.567,47937.66
HLA-B*51:03,STHSDDCRRV,25.224,25.718,38302.71
HLA-B*51:03,THSDDCRRVP,58.0,53.975,43489.67
HLA-B*51:03,HSDDCRRVPV,25.821,17.485,35514.65
HLA-B*51:03,SDDCRRVPVI,23.851,18.34,35859.45
HLA-B*51:03,DDCRRVPVIE,47.875,53.764,43462.39
HLA-B*51:03,DCRRVPVIEQ,54.074,76.772,45888.86
HLA-B*51:03,CRRVPVIEQK,76.667,81.188,46287.77
HLA-B*51:03,RRVPVIEQKA,43.818,64.706,44731.45
HLA-B*51:03,RVPVIEQKAT,44.364,57.9,43965.63
HLA-B*51:03,VPVIEQKATP,9.363,12.117,32834.5
HLA-B*51:03,PVIEQKATPG,90.0,90.974,47228.23
HLA-B*51:03,VIEQKATPGT,66.818,74.885,45719.36
HLA-B*51:03,IEQKATPGTS,60.714,68.228,45082.75
HLA-B*51:03,EQKATPGTSK,27.0,67.249,44985.77
HLA-B*51:03,QKATPGTSKL,7.133,32.401,39959.62
HLA-B*51:03,KATPGTSKLL,7.474,22.79,37424.42
HLA-B*51:03,ATPGTSKLLL,10.279,17.203,35397.25
HLA-B*51:03,TPGTSKLLLA,8.441,5.188,26319.57
HLA-B*51:03,PGTSKLLLAI,47.875,23.186,37549.34
HLA-B*51:03,GTSKLLLAIE,75.0,61.415,44370.42
HLA-B*51:03,TSKLLLAIEV,16.044,5.549,26835.73
HLA-B*51:03,SKLLLAIEVD,72.857,50.339,43023.05
HLA-B*51:03,KLLLAIEVDQ,91.667,95.457,47887.39
HLA-B*51:03,LLLAIEVDQD,97.5,80.728,46245.73
HLA-B*51:03,LLAIEVDQDA,38.833,33.069,40104.73
HLA-B*51:03,LAIEVDQDAV,4.664,2.505,20850.19
HLA-B*51:03,AIEVDQDAVM,41.167,52.972,43360.48
HLA-B*51:03,IEVDQDAVMS,56.25,63.559,44605.3
HLA-B*51:03,EVDQDAVMSF,7.642,17.502,35521.56
HLA-B*51:03,VDQDAVMSFV,15.052,11.478,32416.91
HLA-B*51:03,DQDAVMSFVS,30.27,18.269,35832.29
HLA-B*51:03,QDAVMSFVSG,69.545,25.129,38137.72
HLA-B*51:03,DAVMSFVSGF,2.867,1.044,14608.26
HLA-B*51:03,AVMSFVSGFN,79.167,41.215,41648.07
HLA-B*51:03,VMSFVSGFNK,55.5,27.658,38827.21
HLA-B*51:03,MSFVSGFNKL,4.617,1.513,17175.3
HLA-B*51:03,SFVSGFNKLG,72.143,59.784,44190.25
HLA-B*51:03,FVSGFNKLGV,26.367,10.025,31397.54
HLA-B*51:03,VSGFNKLGVE,75.833,60.663,44288.39
HLA-B*51:03,SGFNKLGVEK,32.226,56.996,43858.27
HLA-B*51:03,GFNKLGVEKY,51.481,77.597,45962.88
HLA-B*51:03,FNKLGVEKYW,27.87,24.848,38056.93
HLA-B*51:03,NKLGVEKYWC,82.5,78.793,46070.42
HLA-B*51:03,KLGVEKYWCL,47.0,35.592,40621.36
HLA-B*51:03,LGVEKYWCLS,60.357,36.105,40723.02
HLA-B*51:03,GVEKYWCLSA,74.286,41.173,41641.33
HLA-B*51:03,VEKYWCLSAA,55.5,17.817,35653.23
HLA-B*51:03,EKYWCLSAAD,91.667,35.177,40538.81
HLA-B*51:03,KYWCLSAADV,77.5,28.141,38955.98
HLA-B*51:03,YWCLSAADVL,43.273,20.651,36718.09
HLA-B*51:03,WCLSAADVLD,91.667,49.67,42934.24
HLA-B*51:03,CLSAADVLDV,48.0,20.449,36645.46
HLA-B*51:03,LSAADVLDVI,9.452,2.531,20915.94
HLA-B*51:03,SAADVLDVIQ,26.6,18.104,35769.54
HLA-B*51:03,AADVLDVIQD,82.5,79.037,46092.38
HLA-B*51:03,ADVLDVIQDI,16.458,12.159,32859.03
HLA-B*51:03,DVLDVIQDIA,10.963,8.583,30234.36
HLA-B*51:03,VLDVIQDIAE,82.5,83.007,46454.34
HLA-B*51:03,LDVIQDIAEI,13.842,6.652,28258.33
HLA-B*51:03,DVIQDIAEIV,3.076,2.661,21246.67
HLA-B*51:03,VIQDIAEIVG,61.786,55.408,43670.27
HLA-B*51:03,IQDIAEIVGR,54.63,75.078,45737.18
HLA-B*51:03,QDIAEIVGRE,71.429,85.879,46722.01
HLA-B*51:03,DIAEIVGREY,11.165,19.392,36257.78
HLA-B*51:03,IAEIVGREYG,52.593,36.332,40767.12
HLA-B*51:03,AEIVGREYGN,91.667,89.484,47069.6
HLA-B*51:03,EIVGREYGNS,80.0,82.437,46402.12
HLA-B*51:03,IVGREYGNSI,11.479,7.525,29253.86
HLA-B*51:03,VGREYGNSIL,22.19,23.631,37690.17
HLA-B*51:03,GREYGNSILQ,75.0,82.3,46389.55
HLA-B*51:03,REYGNSILQS,60.714,54.522,43560.32
HLA-B*51:03,EYGNSILQSN,58.0,66.142,44876.39
HLA-B*51:03,YGNSILQSNF,21.623,13.872,33836.77
HLA-B*51:03,GNSILQSNFE,90.0,85.784,46712.91
HLA-B*51:03,NSILQSNFEK,49.857,46.42,42465.31
HLA-B*51:03,SILQSNFEKR,65.0,80.778,46250.23
HLA-B*51:03,ILQSNFEKRH,76.667,87.595,46887.12
HLA-B*51:03,LQSNFEKRHV,28.673,22.124,37214.45
HLA-B*51:03,QSNFEKRHVT,47.0,53.063,43372.2
HLA-B*51:03,SNFEKRHVTG,55.75,52.845,43344.04
HLA-B*51:03,NFEKRHVTGA,44.364,45.07,42263.16
HLA-B*51:03,FEKRHVTGAA,31.206,29.107,39195.71
HLA-B*51:03,EKRHVTGAAN,91.667,82.547,46412.14
HLA-B*51:03,KRHVTGAANA,67.727,69.847,45243.49
HLA-B*51:03,RHVTGAANAL,35.875,40.338,41501.44
HLA-B*51:03,HVTGAANALR,56.25,66.442,44906.0
HLA-B*51:03,VTGAANALRG,93.333,59.504,44156.81
HLA-B*51:03,TGAANALRGT,64.643,60.668,44288.85
HLA-B*51:03,GAANALRGTI,14.322,12.579,33108.12
HLA-B*51:03,AANALRGTIR,46.778,50.263,43013.28
HLA-B*51:03,ANALRGTIRP,56.5,57.24,43887.21
HLA-B*51:03,NALRGTIRPS,39.706,30.316,39483.43
HLA-B*51:03,ALRGTIRPSK,58.75,80.257,46202.71
HLA-B*51:03,LRGTIRPSKN,97.5,90.759,47204.23
HLA-B*51:03,RGTIRPSKNK,63.929,87.411,46869.34
HLA-B*51:03,GTIRPSKNKL,20.659,51.492,43170.41
HLA-B*51:03,TIRPSKNKLA,35.125,46.392,42461.18
HLA-B*51:03,IRPSKNKLAI,2.591,2.116,19614.18
HLA-B*51:03,RPSKNKLAIL,9.906,11.545,32461.83
HLA-B*51:03,PSKNKLAILN,95.0,86.105,46743.77
HLA-B*51:03,SKNKLAILNV,25.672,19.82,36417.79
HLA-B*51:03,KNKLAILNVP,72.857,56.796,43834.55
HLA-B*51:03,NKLAILNVPL,39.235,19.992,36482.08
HLA-B*51:03,KLAILNVPLR,65.0,52.841,43343.59
HLA-B*51:03,LAILNVPLRI,2.977,0.428,9510.73
HLA-B*51:03,AILNVPLRIG,45.7,52.316,43276.11
HLA-B*51:03,ILNVPLRIGR,67.727,74.776,45708.98
HLA-B*51:03,LNVPLRIGRF,35.0,23.34,37598.14
HLA-B*51:03,NVPLRIGRFD,56.0,24.567,37973.85
HLA-B*51:03,VPLRIGRFDD,61.786,23.421,37623.78
HLA-B*51:03,PLRIGRFDDL,67.727,66.373,44899.23
HLA-B*51:03,LRIGRFDDLL,45.5,30.73,39580.54
HLA-B*51:03,RIGRFDDLLE,91.667,80.334,46209.71
HLA-B*51:03,IGRFDDLLEY,24.403,25.024,38108.44
HLA-B*51:03,GRFDDLLEYN,74.286,86.868,46817.14
HLA-B*51:03,RFDDLLEYNF,32.645,46.824,42524.62
HLA-B*51:03,FDDLLEYNFS,70.714,52.662,43320.62
HLA-B*51:03,DDLLEYNFSL,11.008,5.777,27140.29
HLA-B*51:03,DLLEYNFSLI,6.894,1.174,15382.15
HLA-B*51:03,LLEYNFSLIE,70.714,35.17,40537.51
HLA-B*51:03,LEYNFSLIES,61.071,30.277,39474.47
HLA-B*51:03,EYNFSLIESG,61.786,38.751,41224.42
HLA-B*51:03,YNFSLIESGN,86.667,48.494,42769.64
HLA-B*51:03,NFSLIESGNL,41.333,21.198,36908.9
HLA-B*51:03,FSLIESGNLF,8.206,4.382,25037.89
HLA-B*51:03,SLIESGNLFL,18.866,22.394,37299.51
HLA-B*51:03,LIESGNLFLV,25.91,9.74,31192.0
HLA-B*51:03,IESGNLFLVA,40.5,15.286,34529.86
HLA-B*51:03,ESGNLFLVAS,54.815,32.052,39883.62
HLA-B*51:03,SGNLFLVASA,40.0,15.942,34837.96
HLA-B*51:03,GNLFLVASAN,95.0,66.737,44935.18
HLA-B*51:03,NLFLVASANR,68.182,52.969,43360.0
HLA-B*51:03,LFLVASANRE,88.333,83.001,46453.86
HLA-B*51:03,FLVASANRET,73.571,57.988,43976.09
HLA-B*51:03,LVASANRETS,76.667,63.528,44601.91
HLA-B*51:03,VASANRETSE,65.455,74.854,45716.38
HLA-B*51:03,ASANRETSEE,80.0,94.231,47593.48
HLA-B*51:03,SANRETSEEL,9.397,18.115,35773.8
HLA-B*51:03,ANRETSEELN,71.429,89.726,47093.01
HLA-B*51:03,NRETSEELNA,49.857,60.316,44250.54
HLA-B*51:03,RETSEELNAK,62.857,83.713,46519.24
HLA-B*51:03,ETSEELNAKY,15.739,34.74,40449.87
HLA-B*51:03,TSEELNAKYT,54.63,55.604,43693.43
HLA-B*51:03,SEELNAKYTP,50.741,51.659,43191.91
HLA-B*51:03,EELNAKYTPV,15.224,10.831,31978.66
HLA-B*51:03,ELNAKYTPVS,57.25,47.913,42686.43
HLA-B*51:03,LNAKYTPVSV,4.743,4.171,24634.54
HLA-B*51:03,NAKYTPVSVK,9.785,17.391,35475.46
HLA-B*51:03,AKYTPVSVKM,20.325,38.523,41182.51
HLA-B*51:03,KYTPVSVKMP,58.75,63.111,44556.11
HLA-B*51:03,YTPVSVKMPN,46.111,9.637,31117.84
HLA-B*51:03,TPVSVKMPNG,26.317,11.755,32601.57
HLA-B*51:03,PVSVKMPNGD,100.0,96.287,48266.61
HLA-B*51:03,VSVKMPNGDL,34.269,29.176,39212.24
HLA-B*51:03,SVKMPNGDLR,61.071,64.938,44757.11
HLA-B*51:03,VKMPNGDLRY,36.81,43.494,42016.51
HLA-B*51:03,KMPNGDLRYP,33.893,29.837,39370.39
HLA-B*51:03,MPNGDLRYPS,29.955,6.389,27935.16
HLA-B*51:03,PNGDLRYPSF,44.455,48.857,42821.5
HLA-B*51:03,NGDLRYPSFS,52.593,47.18,42577.11
HLA-B*51:03,GDLRYPSFSV,29.273,16.798,35221.89
HLA-B*51:03,DLRYPSFSVC,15.858,10.788,31947.53
HLA-B*51:03,LRYPSFSVCV,11.053,8.293,29975.08
HLA-B*51:03,RYPSFSVCVL,15.731,2.927,21942.89
HLA-B*51:03,YPSFSVCVLG,18.463,0.751,12502.84
HLA-B*51:03,PSFSVCVLGI,39.176,9.777,31218.67
HLA-B*51:03,SFSVCVLGIL,54.63,15.034,34412.0
HLA-B*51:03,FSVCVLGILA,45.9,9.251,30808.95
HLA-B*51:03,SVCVLGILAI,22.72,8.615,30262.18
HLA-B*51:03,VCVLGILAIG,72.143,51.131,43124.19
HLA-B*51:03,CVLGILAIGT,91.667,57.612,43931.39
HLA-B*51:03,VLGILAIGTD,97.5,63.093,44554.16
HLA-B*51:03,LGILAIGTDH,74.286,67.087,44969.7
HLA-B*51:03,GILAIGTDHM,49.286,53.581,43438.88
HLA-B*51:03,ILAIGTDHMS,59.75,52.301,43274.24
HLA-B*51:03,LAIGTDHMSF,5.812,2.666,21261.39
HLA-B*51:03,AIGTDHMSFL,42.154,42.828,41912.54
HLA-B*51:03,IGTDHMSFLE,61.786,46.047,42410.68
HLA-B*51:03,GTDHMSFLEY,46.111,40.66,41555.81
HLA-B*51:03,TDHMSFLEYH,46.444,50.649,43062.66
HLA-B*51:03,DHMSFLEYHE,57.0,40.343,41502.32
HLA-B*51:03,HMSFLEYHED,85.0,41.458,41687.31
HLA-B*51:03,MSFLEYHEDV,8.968,1.453,16865.38
HLA-B*51:03,SFLEYHEDVL,37.368,34.833,40469.15
HLA-B*51:03,FLEYHEDVLA,28.041,18.378,35873.79
HLA-B*51:03,LEYHEDVLAS,44.182,35.896,40682.07
HLA-B*51:03,EYHEDVLASN,42.077,65.01,44764.84
HLA-B*51:03,YHEDVLASNL,15.216,13.375,33564.03
HLA-B*51:03,HEDVLASNLK,42.692,53.425,43418.68
HLA-B*51:03,EDVLASNLKR,45.8,69.641,45222.96
HLA-B*51:03,DVLASNLKRE,58.0,68.848,45144.25
HLA-B*51:03,VLASNLKREY,31.176,41.43,41682.79
HLA-B*51:03,LASNLKREYG,64.643,44.756,42213.8
HLA-B*51:03,ASNLKREYGL,52.963,58.684,44058.98
HLA-B*51:03,SNLKREYGLD,88.333,83.05,46458.38
HLA-B*51:03,NLKREYGLDP,66.818,57.52,43920.46
HLA-B*51:03,LKREYGLDPS,86.667,70.564,45311.59
HLA-B*51:03,KREYGLDPSA,45.4,50.478,43040.75
HLA-B*51:03,REYGLDPSAT,49.143,56.444,43792.81
HLA-B*51:03,EYGLDPSATE,32.806,63.467,44595.15
HLA-B*51:03,YGLDPSATET,25.806,38.356,41151.77
HLA-B*51:03,GLDPSATETE,83.75,95.761,48025.91
HLA-B*51:03,LDPSATETEQ,51.481,65.871,44849.68
HLA-B*51:03,DPSATETEQQ,38.167,67.953,45055.43
HLA-B*51:03,PSATETEQQT,63.214,90.837,47212.91
HLA-B*51:03,SATETEQQTS,39.235,62.417,44480.0
HLA-B*51:03,ATETEQQTSG,79.167,88.163,46941.91
HLA-B*51:03,TETEQQTSGI,9.55,17.28,35429.04
HLA-B*51:03,ETEQQTSGIG,54.074,50.113,42994.2
HLA-B*51:03,TEQQTSGIGL,18.476,28.202,38971.16
HLA-B*51:03,EQQTSGIGLA,23.632,27.905,38894.9
HLA-B*51:03,QQTSGIGLAP,41.0,45.485,42325.87
HLA-B*51:03,QTSGIGLAPY,32.419,34.56,40412.68
HLA-B*51:03,TSGIGLAPYG,79.167,37.052,40906.72
HLA-B*51:03,SGIGLAPYGS,67.727,51.608,43185.36
HLA-B*51:03,GIGLAPYGSS,93.333,83.187,46470.94
HLA-B*51:03,IGLAPYGSSK,43.0,50.051,42986.3
HLA-B*51:03,GLAPYGSSKQ,79.167,95.29,47811.79
HLA-B*51:03,LAPYGSSKQT,11.199,12.236,32904.92
HLA-B*51:03,APYGSSKQTF,1.061,3.66,23636.87
HLA-B*51:03,PYGSSKQTFT,88.333,88.258,46951.05
HLA-B*51:03,YGSSKQTFTH,48.75,59.224,44123.36
HLA-B*51:03,GSSKQTFTHA,41.417,48.815,42815.48
HLA-B*51:03,SSKQTFTHAS,50.37,49.926,42969.56
HLA-B*51:03,SKQTFTHASD,93.333,78.904,46080.41
HLA-B*51:03,KQTFTHASDA,60.714,48.37,42752.08
HLA-B*51:03,QTFTHASDAL,22.2,15.868,34803.29
HLA-B*51:03,TFTHASDALC,61.429,47.105,42566.05
HLA-B*51:03,FTHASDALCA,39.353,14.484,34143.1
HLA-B*51:03,THASDALCAR,52.963,58.888,44083.29
HLA-B*51:03,HASDALCARG,59.0,38.223,41127.28
HLA-B*51:03,ASDALCARGF,44.273,35.982,40699.23
HLA-B*51:03,SDALCARGFT,79.167,29.275,39236.02
HLA-B*51:03,DALCARGFTP,12.866,2.708,21368.39
HLA-B*51:03,ALCARGFTPC,86.667,72.714,45514.05
HLA-B*51:03,LCARGFTPCR,60.714,58.388,44023.71
HLA-B*51:03,CARGFTPCRH,58.0,44.859,42230.25
HLA-B*51:03,ARGFTPCRHM,37.526,35.124,40528.28
HLA-B*51:03,RGFTPCRHMV,20.268,11.152,32201.57
HLA-B*51:03,GFTPCRHMVS,91.667,70.428,45298.85
HLA-B*51:03,FTPCRHMVSI,2.767,0.416,9358.33
HLA-B*51:03,TPCRHMVSIL,6.496,2.882,21823.31
HLA-B*51:03,PCRHMVSILR,95.0,88.479,46972.41
HLA-B*51:03,CRHMVSILRY,43.273,21.069,36866.18
HLA-B*51:03,RHMVSILRYN,74.286,46.527,42480.95
HLA-B*51:03,HMVSILRYNN,91.667,58.996,44096.16
HLA-B*51:03,MVSILRYNNV,13.583,2.874,21801.61
HLA-B*51:03,VSILRYNNVN,57.25,33.158,40122.95
HLA-B*51:03,SILRYNNVNI,41.25,16.354,35023.13
HLA-B*51:03,ILRYNNVNIT,70.714,49.892,42964.91
HLA-B*51:03,LRYNNVNITK,66.818,60.659,44287.91
HLA-B*51:03,RYNNVNITKE,88.333,92.054,47349.0
HLA-B*51:03,YNNVNITKEL,18.659,26.458,38503.42
HLA-B*51:03,NNVNITKELV,16.529,12.159,32859.39
HLA-B*51:03,NVNITKELVK,57.0,52.524,43302.8
HLA-B*51:03,VNITKELVKQ,82.5,94.186,47588.33
HLA-B*51:03,NITKELVKQE,54.074,86.263,46758.93
HLA-B*51:03,ITKELVKQEG,69.091,71.649,45413.69
HLA-B*51:03,TKELVKQEGL,35.583,52.159,43255.96
HLA-B*51:03,KELVKQEGLN,79.167,85.947,46728.58
HLA-B*51:03,ELVKQEGLNS,57.0,71.294,45380.28
HLA-B*51:03,LVKQEGLNSN,86.667,80.854,46257.24
HLA-B*51:03,VKQEGLNSNL,27.148,48.597,42784.46
HLA-B*51:03,KQEGLNSNLT,69.545,80.203,46197.73
HLA-B*51:03,QEGLNSNLTH,51.667,73.987,45634.35
HLA-B*51:03,EGLNSNLTHA,24.065,20.519,36670.86
HLA-B*51:03,GLNSNLTHAI,41.167,28.334,39004.07
HLA-B*51:03,LNSNLTHAIF,31.676,12.614,33128.9
HLA-B*51:03,NSNLTHAIFS,59.0,29.105,39195.28
HLA-B*51:03,SNLTHAIFSP,57.75,41.503,41694.51
HLA-B*51:03,NLTHAIFSPD,93.333,45.785,42371.23
HLA-B*51:03,LTHAIFSPDA,42.385,11.21,32240.26
HLA-B*51:03,THAIFSPDAA,28.918,17.062,35338.32
HLA-B*51:03,HAIFSPDAAS,39.941,32.028,39878.42
HLA-B*51:03,AIFSPDAASL,14.793,22.617,37369.79
HLA-B*51:03,IFSPDAASLQ,47.625,58.884,44082.8
HLA-B*51:03,FSPDAASLQR,14.137,26.44,38498.41
HLA-B*51:03,SPDAASLQRW,3.438,5.964,27393.12
HLA-B*51:03,PDAASLQRWL,21.202,20.053,36504.2
HLA-B*51:03,DAASLQRWLA,4.936,1.955,19069.69
HLA-B*51:03,AASLQRWLAV,13.217,5.894,27299.33
HLA-B*51:03,ASLQRWLAVY,39.529,25.411,38216.63
HLA-B*51:03,SLQRWLAVYI,33.643,9.174,30744.03
HLA-B*51:03,LQRWLAVYIM,42.385,12.258,32917.38
HLA-B*51:03,QRWLAVYIMV,40.438,19.54,36313.14
HLA-B*51:03,RWLAVYIMVK,82.5,59.2,44120.52
HLA-B*51:03,WLAVYIMVKA,41.25,22.864,37447.91
HLA-B*51:03,LAVYIMVKAL,6.875,4.128,24552.86
HLA-B*51:03,AVYIMVKALA,45.1,24.56,37971.79
HLA-B*51:03,VYIMVKALAE,83.75,55.732,43708.56
HLA-B*51:03,YIMVKALAEG,76.667,28.783,39116.06
HLA-B*51:03,IMVKALAEGG,91.667,56.976,43855.89
HLA-B*51:03,MVKALAEGGS,81.25,61.845,44417.48
HLA-B*51:03,VKALAEGGSA,40.5,35.494,40602.03
HLA-B*51:03,KALAEGGSAE,44.182,79.518,46135.77
HLA-B*51:03,ALAEGGSAEA,39.706,53.49,43427.14
HLA-B*51:03,LAEGGSAEAK,58.25,65.182,44781.79
HLA-B*51:03,AEGGSAEAKF,32.323,56.892,43845.91
HLA-B*51:03,EGGSAEAKFD,79.167,82.333,46392.57
HLA-B*51:03,GGSAEAKFDI,46.0,39.416,41342.79
HLA-B*51:03,GSAEAKFDIY,37.105,54.865,43604.64
HLA-B*51:03,SAEAKFDIYN,70.0,51.554,43178.34
HLA-B*51:03,AEAKFDIYNL,16.333,22.155,37224.13
HLA-B*51:03,EAKFDIYNLG,17.865,8.612,30259.56
HLA-B*51:03,AKFDIYNLGT,65.455,65.655,44828.34
HLA-B*51:03,KFDIYNLGTF,35.5,26.179,38429.32
HLA-B*51:03,FDIYNLGTFT,50.185,23.338,37597.31
HLA-B*51:03,DIYNLGTFTT,16.36,9.532,31042.52
HLA-B*51:03,IYNLGTFTTV,14.828,6.76,28387.65
HLA-B*51:03,YNLGTFTTVF,17.611,8.507,30168.36
HLA-B*51:03,NLGTFTTVFT,58.0,38.128,41109.94
HLA-B*51:03,LGTFTTVFTK,37.211,25.01,38104.73
HLA-B*51:03,GTFTTVFTKS,75.833,57.632,43933.77
HLA-B*51:03,TFTTVFTKSN,95.0,73.304,45569.71
HLA-B*51:03,FTTVFTKSNA,44.909,22.27,37260.37
HLA-B*51:03,TTVFTKSNAP,31.824,29.817,39365.71
HLA-B*51:03,TVFTKSNAPP,40.75,28.968,39162.2
HLA-B*51:03,VFTKSNAPPY,47.875,37.625,41015.32
HLA-B*51:03,FTKSNAPPYS,53.333,40.274,41490.66
HLA-B*51:03,TKSNAPPYSG,72.857,70.172,45274.84
HLA-B*51:03,KSNAPPYSGG,70.714,73.909,45626.96
HLA-B*51:03,SNAPPYSGGH,56.0,79.729,46154.76
HLA-B*51:03,NAPPYSGGHS,50.37,47.579,42636.57
HLA-B*51:03,APPYSGGHSG,22.84,26.97,38639.46
HLA-B*51:03,PPYSGGHSGN,52.963,53.851,43473.68
HLA-B*51:03,PYSGGHSGNQ,97.5,97.186,48680.95
HLA-B*51:03,YSGGHSGNQG,80.0,71.686,45417.11
HLA-B*51:03,SGGHSGNQGF,36.429,56.476,43796.62
HLA-B*51:03,GGHSGNQGFQ,83.75,95.114,47731.68
HLA-B*51:03,GHSGNQGFQN,95.0,94.922,47671.29
HLA-B*51:03,HSGNQGFQNN,91.667,88.079,46933.8
HLA-B*51:03,SGNQGFQNNI,19.939,13.809,33801.63
HLA-B*51:03,GNQGFQNNIV,60.0,51.258,43140.52
HLA-B*51:03,NQGFQNNIVL,13.225,12.318,32953.38
HLA-B*51:03,QGFQNNIVLV,12.921,6.842,28486.4
HLA-B*51:03,GFQNNIVLVG,83.75,54.5,43557.48
HLA-B*51:03,HGSCVLVRENG,97.5,87.111,46840.45
HLA-B*51:03,GSCVLVRENGE,93.333,96.119,48189.88
HLA-B*51:03,SCVLVRENGEI,53.889,37.625,41015.32
HLA-B*51:03,CVLVRENGEID,95.0,69.011,45160.36
HLA-B*51:03,VLVRENGEIDA,88.333,84.102,46554.99
HLA-B*51:03,LVRENGEIDAA,57.25,50.704,43069.63
HLA-B*51:03,VRENGEIDAAL,49.857,65.561,44819.12
HLA-B*51:03,RENGEIDAALM,41.75,53.629,43445.01
HLA-B*51:03,ENGEIDAALMV,6.477,11.623,32513.85
HLA-B*51:03,NGEIDAALMVT,36.0,43.054,41949.29
HLA-B*51:03,GEIDAALMVTM,21.728,37.639,41017.96
HLA-B*51:03,EIDAALMVTMY,30.135,36.202,40741.96
HLA-B*51:03,IDAALMVTMYA,45.8,13.052,33388.0
HLA-B*51:03,DAALMVTMYAI,2.786,0.523,10605.64
HLA-B*51:03,AALMVTMYAIW,37.053,19.46,36282.9
HLA-B*51:03,ALMVTMYAIWQ,93.333,69.37,45196.05
HLA-B*51:03,LMVTMYAIWQN,88.333,50.088,42990.96
HLA-B*51:03,MVTMYAIWQNN,91.667,52.991,43362.83
HLA-B*51:03,VTMYAIWQNNV,33.536,8.86,30475.11
HLA-B*51:03,TMYAIWQNNVF,19.953,11.338,32324.45
HLA-B*51:03,MYAIWQNNVFT,51.852,28.176,38964.85
HLA-B*51:03,YAIWQNNVFTG,46.556,17.369,35466.26
HLA-B*51:03,AIWQNNVFTGI,39.412,24.653,37999.32
HLA-B*51:03,IWQNNVFTGIV,52.778,25.106,38131.55
HLA-B*51:03,WQNNVFTGIVL,39.412,23.461,37636.39
HLA-B*51:03,QNNVFTGIVLL,24.714,31.307,39713.93
HLA-B*51:03,NNVFTGIVLLR,47.625,48.669,42794.64
HLA-B*51:03,NVFTGIVLLRV,11.25,8.066,29770.48
HLA-B*51:03,VFTGIVLLRVQ,85.0,75.183,45746.59
HLA-B*51:03,FTGIVLLRVQV,37.632,26.52,38519.66
HLA-B*51:03,TGIVLLRVQVN,57.5,56.072,43748.78
HLA-B*51:03,GIVLLRVQVNM,67.727,60.237,44241.92
HLA-B*51:03,IVLLRVQVNMS,70.714,64.02,44655.99
HLA-B*51:03,VLLRVQVNMSE,82.5,81.484,46314.82
HLA-B*51:03,LLRVQVNMSEA,70.714,53.038,43368.93
HLA-B*51:03,LRVQVNMSEAL,45.5,38.31,41143.3
HLA-B*51:03,RVQVNMSEALV,58.75,37.014,40899.65
HLA-B*51:03,VQVNMSEALVP,61.071,43.426,42006.05
HLA-B*51:03,QVNMSEALVPV,39.471,20.189,36552.8
HLA-B*51:03,VNMSEALVPVN,77.5,39.766,41403.65
HLA-B*51:03,NMSEALVPVNM,25.388,27.078,38668.75
HLA-B*51:03,MSEALVPVNMS,46.222,33.718,40238.6
HLA-B*51:03,SEALVPVNMSH,28.612,59.508,44157.29
HLA-B*51:03,EALVPVNMSHL,4.654,7.777,29496.04
HLA-B*51:03,ALVPVNMSHLQ,52.963,60.747,44297.48
HLA-B*51:03,LVPVNMSHLQV,12.539,4.575,25382.66
HLA-B*51:03,VPVNMSHLQVD,12.294,6.707,28324.14
HLA-B*51:03,PVNMSHLQVDD,97.5,95.358,47842.32
HLA-B*51:03,VNMSHLQVDDS,93.333,85.221,46658.87
HLA-B*51:03,NMSHLQVDDSG,90.0,67.008,44961.93
HLA-B*51:03,MSHLQVDDSGG,95.0,68.022,45062.25
HLA-B*51:03,SHLQVDDSGGA,48.75,61.753,44407.38
HLA-B*51:03,HLQVDDSGGAL,30.946,51.12,43122.8
HLA-B*51:03,LQVDDSGGALC,52.037,53.931,43484.03
HLA-B*51:03,QVDDSGGALCL,24.844,51.55,43177.87
HLA-B*51:03,VDDSGGALCLE,53.519,80.674,46240.71
HLA-B*51:03,DDSGGALCLEH,61.429,80.827,46254.73
HLA-B*51:03,DSGGALCLEHG,86.667,68.174,45077.37
HLA-B*51:03,SGGALCLEHGE,91.667,86.579,46789.31
HLA-B*51:03,GGALCLEHGEL,55.5,67.323,44993.09
HLA-B*51:03,GALCLEHGELE,78.333,76.844,45895.31
HLA-B*51:03,ALCLEHGELEL,61.071,69.906,45249.39
HLA-B*51:03,LCLEHGELELK,69.545,73.152,45555.43
HLA-B*51:03,CLEHGELELKG,93.333,83.007,46454.34
HLA-B*51:03,LEHGELELKGD,97.5,94.611,47636.23
HLA-B*51:03,EHGELELKGDQ,70.714,95.344,47836.12
HLA-B*51:03,HGELELKGDQF,48.0,70.585,45313.55
HLA-B*51:03,GELELKGDQFL,29.818,53.293,43401.77
HLA-B*51:03,ELELKGDQFLE,49.571,68.676,45127.14
HLA-B*51:03,LELKGDQFLER,56.75,70.934,45346.43
HLA-B*51:03,ELKGDQFLERL,24.662,36.232,40747.69
HLA-B*51:03,LKGDQFLERLE,51.667,78.832,46073.93
HLA-B*51:03,KGDQFLERLEG,77.5,69.931,45251.84
HLA-B*51:03,GDQFLERLEGT,74.286,76.074,45826.34
HLA-B*51:03,DQFLERLEGTF,13.701,11.991,32759.27
HLA-B*51:03,QFLERLEGTFF,26.8,38.775,41228.88
HLA-B*51:03,FLERLEGTFFE,53.333,57.328,43897.66
HLA-B*51:03,LERLEGTFFES,63.214,57.536,43922.35
HLA-B*51:03,ERLEGTFFESV,17.461,17.83,35658.64
HLA-B*51:03,RLEGTFFESVR,80.0,67.19,44979.94
HLA-B*51:03,LEGTFFESVRD,80.0,59.148,44114.31
HLA-B*51:03,EGTFFESVRDI,12.641,9.0,30597.68
HLA-B*51:03,GTFFESVRDIS,82.5,66.988,44959.99
HLA-B*51:03,TFFESVRDISK,44.364,54.358,43539.11
HLA-B*51:03,FFESVRDISKA,51.667,42.202,41808.36
HLA-B*51:03,FESVRDISKAY,19.784,37.211,40936.84
HLA-B*51:03,ESVRDISKAYL,18.28,27.195,38700.56
HLA-B*51:03,SVRDISKAYLE,53.889,60.431,44262.98
HLA-B*51:03,VRDISKAYLEL,38.222,36.066,40715.54
HLA-B*51:03,RDISKAYLELN,63.929,65.221,44785.69
HLA-B*51:03,DISKAYLELNS,51.852,62.452,44483.85
HLA-B*51:03,ISKAYLELNSS,64.643,52.914,43352.96
HLA-B*51:03,SKAYLELNSSE,70.714,84.321,46575.14
HLA-B*51:03,KAYLELNSSED,86.667,82.579,46415.17
HLA-B*51:03,AYLELNSSEDY,43.273,65.561,44819.12
HLA-B*51:03,YLELNSSEDYI,49.0,21.308,36945.24
HLA-B*51:03,LELNSSEDYIE,76.667,50.875,43091.55
HLA-B*51:03,ELNSSEDYIEP,48.125,64.161,44671.46
HLA-B*51:03,LNSSEDYIEPK,76.667,86.047,46738.19
HLA-B*51:03,NSSEDYIEPKK,50.556,79.485,46132.8
HLA-B*51:03,SSEDYIEPKKV,15.776,22.415,37305.96
HLA-B*51:03,SEDYIEPKKVR,38.278,65.91,44853.59
HLA-B*51:03,EDYIEPKKVRT,42.923,73.68,45605.22
HLA-B*51:03,DYIEPKKVRTV,5.697,12.912,33306.81
HLA-B*51:03,YIEPKKVRTVA,8.887,17.249,35416.02
HLA-B*51:03,IEPKKVRTVAA,23.759,34.607,40422.3
HLA-B*51:03,EPKKVRTVAAV,2.066,2.2,19874.81
HLA-B*51:03,PKKVRTVAAVA,86.667,80.131,46191.21
HLA-B*51:03,KKVRTVAAVAS,95.0,92.054,47349.0
HLA-B*51:03,KVRTVAAVASL,36.476,39.632,41380.38
HLA-B*51:03,VRTVAAVASLG,76.667,55.212,43647.12
HLA-B*51:03,RTVAAVASLGV,40.938,22.329,37278.93
HLA-B*51:03,TVAAVASLGVL,20.569,19.557,36319.42
HLA-B*51:03,VAAVASLGVLA,27.722,20.378,36620.09
HLA-B*51:03,AAVASLGVLAE,64.286,70.788,45332.69
HLA-B*51:03,AVASLGVLAEA,48.25,48.662,42793.73
HLA-B*51:03,VASLGVLAEAL,17.57,24.847,38056.52
HLA-B*51:03,ASLGVLAEALT,70.0,65.527,44815.74
HLA-B*51:03,SLGVLAEALTT,74.286,66.555,44917.18
HLA-B*51:03,LGVLAEALTTC,53.519,61.749,44406.91
HLA-B*51:03,GVLAEALTTCL,48.875,49.158,42863.7
HLA-B*51:03,VLAEALTTCLN,65.455,57.72,43944.23
HLA-B*51:03,LAEALTTCLNN,85.0,60.694,44291.74
HLA-B*51:03,AEALTTCLNNN,97.5,83.478,46497.59
HLA-B*51:03,EALTTCLNNNP,38.611,29.968,39401.93
HLA-B*51:03,ALTTCLNNNPA,93.333,65.945,44856.97
HLA-B*51:03,LTTCLNNNPAS,95.0,71.54,45403.38
HLA-B*51:03,TTCLNNNPASD,97.5,88.889,47012.08
HLA-B*51:03,TCLNNNPASDR,85.0,95.536,47923.66
HLA-B*51:03,CLNNNPASDRN,100.0,95.407,47864.6
HLA-B*51:03,LNNNPASDRNI,27.574,42.845,41915.27
HLA-B*51:03,NNNPASDRNIL,10.54,25.489,38238.54
HLA-B*51:03,NNPASDRNILI,7.894,6.549,28135.07
HLA-B*51:03,NPASDRNILII,1.688,1.008,14408.74
HLA-B*51:03,PASDRNILIIH,68.182,73.967,45632.38
HLA-B*51:03,ASDRNILIIHP,62.857,70.36,45292.48
HLA-B*51:03,SDRNILIIHPK,63.214,66.319,44893.87
HLA-B*51:03,DRNILIIHPKG,73.571,63.045,44548.88
HLA-B*51:03,RNILIIHPKGK,80.0,85.111,46648.27
HLA-B*51:03,NILIIHPKGKV,22.42,21.888,37138.02
HLA-B*51:03,ILIIHPKGKVA,35.167,56.156,43758.71
HLA-B*51:03,LIIHPKGKVAE,78.333,85.811,46715.44
HLA-B*51:03,IIHPKGKVAET,24.597,48.88,42824.76
HLA-B*51:03,IHPKGKVAETN,70.0,76.074,45826.34
HLA-B*51:03,HPKGKVAETNI,3.065,7.966,29678.18
HLA-B*51:03,PKGKVAETNIY,91.667,95.19,47766.29
HLA-B*51:03,KGKVAETNIYI,30.0,28.941,39155.44
HLA-B*51:03,GKVAETNIYIA,67.273,68.061,45066.15
HLA-B*51:03,KVAETNIYIAL,25.821,32.863,40060.51
HLA-B*51:03,VAETNIYIALQ,37.368,48.974,42838.19
HLA-B*51:03,AETNIYIALQI,17.881,15.839,34789.73
HLA-B*51:03,ETNIYIALQIT,46.889,29.512,39292.52
HLA-B*51:03,TNIYIALQITC,52.037,52.826,43341.72
HLA-B*51:03,NIYIALQITCG,85.0,63.141,44559.48
HLA-B*51:03,IYIALQITCGS,85.0,57.664,43937.57
HLA-B*51:03,YIALQITCGSA,57.75,37.794,41047.26
HLA-B*51:03,IALQITCGSAV,10.042,4.56,25360.7
HLA-B*51:03,ALQITCGSAVD,90.0,73.262,45565.77
HLA-B*51:03,LQITCGSAVDA,60.714,47.341,42601.06
HLA-B*51:03,QITCGSAVDAG,100.0,91.281,47262.48
HLA-B*51:03,ITCGSAVDAGG,97.5,79.546,46138.27
HLA-B*51:03,TCGSAVDAGGV,65.909,49.414,42898.95
HLA-B*51:03,CGSAVDAGGVS,90.0,64.477,44706.27
HLA-B*51:03,GSAVDAGGVSA,40.062,61.788,44411.24
HLA-B*51:03,SAVDAGGVSAH,37.842,64.895,44752.26
HLA-B*51:03,AVDAGGVSAHE,73.571,93.001,47455.16
HLA-B*51:03,VDAGGVSAHEL,18.829,38.787,41231.09
HLA-B*51:03,DAGGVSAHELI,2.435,1.598,17508.53
HLA-B*51:03,AGGVSAHELIN,61.071,75.797,45801.55
HLA-B*51:03,GGVSAHELINA,65.455,76.495,45864.04
HLA-B*51:03,GVSAHELINAS,72.143,86.974,46827.29
HLA-B*51:03,VSAHELINAST,61.786,62.478,44486.75
HLA-B*51:03,SAHELINASTA,7.656,10.638,31838.48
HLA-B*51:03,AHELINASTAK,67.273,69.355,45194.59
HLA-B*51:03,HELINASTAKR,55.5,74.541,45686.73
HLA-B*51:03,ELINASTAKRD,86.667,89.342,47055.85
HLA-B*51:03,LINASTAKRDP,86.667,84.628,46603.38
HLA-B*51:03,INASTAKRDPL,40.875,42.482,41854.97
HLA-B*51:03,NASTAKRDPLR,45.4,68.312,45091.04
HLA-B*51:03,ASTAKRDPLRV,25.821,44.589,42187.32
HLA-B*51:03,STAKRDPLRVI,13.363,19.097,36147.71
HLA-B*51:03,TAKRDPLRVII,7.583,9.613,31100.67
HLA-B*51:03,AKRDPLRVIIG,68.182,81.605,46325.87
HLA-B*51:03,KRDPLRVIIGI,7.816,5.083,26169.07
HLA-B*51:03,RDPLRVIIGIQ,32.548,24.529,37962.76
HLA-B*51:03,DPLRVIIGIQH,10.16,12.555,33093.79
HLA-B*51:03,PLRVIIGIQHE,97.5,96.302,48273.4
HLA-B*51:03,LRVIIGIQHEL,24.727,31.371,39728.56
HLA-B*51:03,RVIIGIQHELT,59.75,71.519,45401.42
HLA-B*51:03,VIIGIQHELTL,17.358,25.403,38214.56
HLA-B*51:03,IIGIQHELTLG,57.5,67.067,44967.76
HLA-B*51:03,IGIQHELTLGG,49.0,65.394,44802.65
HLA-B*51:03,GIQHELTLGGD,100.0,96.009,48139.34
HLA-B*51:03,IQHELTLGGDP,62.5,70.157,45273.38
HLA-B*51:03,QHELTLGGDPL,53.148,46.981,42547.63
HLA-B*51:03,HELTLGGDPLP,49.429,46.583,42489.23
HLA-B*51:03,ELTLGGDPLPG,88.333,78.007,45999.7
HLA-B*51:03,LTLGGDPLPGM,28.082,31.102,39667.14
HLA-B*51:03,TLGGDPLPGMR,69.091,85.511,46686.65
HLA-B*51:03,LGGDPLPGMRL,25.97,34.928,40488.86
HLA-B*51:03,GGDPLPGMRLE,44.818,69.66,45224.91
HLA-B*51:03,GDPLPGMRLEG,45.3,50.401,43030.98
HLA-B*51:03,DPLPGMRLEGL,0.536,1.977,19162.75
HLA-B*51:03,PLPGMRLEGLR,83.75,70.136,45271.43
HLA-B*51:03,LPGMRLEGLRK,48.625,48.516,42772.9
HLA-B*51:03,PGMRLEGLRKR,91.667,96.324,48283.83
HLA-B*51:03,GMRLEGLRKRL,44.636,61.99,44433.33
HLA-B*51:03,MRLEGLRKRLL,30.459,35.472,40597.63
HLA-B*51:03,RLEGLRKRLLL,41.5,42.147,41799.32
HLA-B*51:03,LEGLRKRLLLK,75.0,59.368,44140.55
HLA-B*51:03,EGLRKRLLLKV,20.358,16.081,34901.71
HLA-B*51:03,GLRKRLLLKVQ,91.667,90.54,47179.7
HLA-B*51:03,LRKRLLLKVQS,90.0,88.037,46929.74
HLA-B*51:03,RKRLLLKVQSF,51.111,57.744,43947.09
HLA-B*51:03,KRLLLKVQSFH,81.25,81.123,46281.77
HLA-B*51:03,RLLLKVQSFHG,85.0,76.622,45875.46
HLA-B*51:03,LLLKVQSFHGG,93.333,69.247,45183.8
HLA-B*51:03,LLKVQSFHGGI,44.455,19.869,36435.92
HLA-B*51:03,LKVQSFHGGIA,62.5,47.412,42611.67
HLA-B*51:03,KVQSFHGGIAF,27.537,40.242,41485.28
HLA-B*51:03,VQSFHGGIAFP,58.75,51.47,43167.6
HLA-B*51:03,QSFHGGIAFPC,44.727,37.604,41011.3
HLA-B*51:03,SFHGGIAFPCV,44.636,25.815,38330.09
HLA-B*51:03,FHGGIAFPCVN,69.545,40.122,41465.08
HLA-B*51:03,HGGIAFPCVNE,85.0,83.79,46526.29
HLA-B*51:03,GGIAFPCVNEI,14.962,9.429,30958.99
HLA-B*51:03,GIAFPCVNEIA,46.444,29.581,39309.09
HLA-B*51:03,IAFPCVNEIAQ,29.25,19.902,36448.54
HLA-B*51:03,AFPCVNEIAQP,54.815,40.535,41534.67
HLA-B*51:03,FPCVNEIAQPI,1.583,0.261,7084.78
HLA-B*51:03,PCVNEIAQPIL,68.636,54.38,43541.95
HLA-B*51:03,CVNEIAQPILP,65.455,42.093,41790.27
HLA-B*51:03,VNEIAQPILPV,21.439,17.039,35328.77
HLA-B*51:03,NEIAQPILPVK,22.5,27.739,38849.5
HLA-B*51:03,EIAQPILPVKG,49.571,55.104,43634.38
HLA-B*51:03,IAQPILPVKGE,39.235,52.972,43360.48
HLA-B*51:03,AQPILPVKGEE,73.571,89.611,47081.8
HLA-B*51:03,QPILPVKGEEW,5.579,11.869,32677.5
HLA-B*51:03,PILPVKGEEWL,27.981,48.584,42782.61
HLA-B*51:03,ILPVKGEEWLG,35.375,47.201,42580.32
HLA-B*51:03,LPVKGEEWLGQ,38.611,44.063,42103.88
HLA-B*51:03,PVKGEEWLGQS,97.5,95.985,48128.41
HLA-B*51:03,VKGEEWLGQST,69.545,84.923,46630.62
HLA-B*51:03,KGEEWLGQSTK,54.815,76.683,45880.9
HLA-B*51:03,GEEWLGQSTKI,26.333,24.29,37892.16
HLA-B*51:03,EEWLGQSTKIQ,27.093,30.62,39554.85
HLA-B*51:03,EWLGQSTKIQS,72.857,85.937,46727.58
HLA-B*51:03,WLGQSTKIQSK,72.143,85.416,46677.55
HLA-B*51:03,LGQSTKIQSKT,71.429,77.37,45942.52
HLA-B*51:03,GQSTKIQSKTT,81.25,95.42,47870.8
HLA-B*51:03,QSTKIQSKTTY,31.941,64.2,44675.81
HLA-B*51:03,STKIQSKTTYS,64.286,85.126,46649.78
HLA-B*51:03,TKIQSKTTYSL,27.685,42.654,41883.52
HLA-B*51:03,KIQSKTTYSLN,77.5,78.322,46028.07
HLA-B*51:03,IQSKTTYSLNA,52.963,48.386,42754.37
HLA-B*51:03,QSKTTYSLNAY,41.583,58.356,44019.9
HLA-B*51:03,SKTTYSLNAYY,37.737,37.906,41068.6
HLA-B*51:03,KTTYSLNAYYN,93.333,75.615,45785.19
HLA-B*51:03,TTYSLNAYYND,82.5,53.275,43399.42
HLA-B*51:03,TYSLNAYYNDV,52.593,22.939,37471.42
HLA-B*51:03,YSLNAYYNDVV,36.0,7.335,29046.31
HLA-B*51:03,SLNAYYNDVVT,60.0,47.505,42625.52
HLA-B*51:03,LNAYYNDVVTI,15.157,5.68,27010.52
HLA-B*51:03,NAYYNDVVTIL,3.174,3.954,24220.41
HLA-B*51:03,AYYNDVVTILT,59.25,65.502,44813.31
HLA-B*51:03,YYNDVVTILTG,61.786,48.756,42807.14
HLA-B*51:03,YNDVVTILTGH,74.286,79.28,46114.33
HLA-B*51:03,NDVVTILTGHA,57.0,42.033,41780.32
HLA-B*51:03,DVVTILTGHAF,9.94,13.188,33462.13
HLA-B*51:03,VVTILTGHAFG,75.833,63.533,44602.4
HLA-B*51:03,VTILTGHAFGR,56.0,59.5,44156.32
HLA-B*51:03,TILTGHAFGRR,80.0,85.468,46682.61
HLA-B*51:03,ILTGHAFGRRT,85.0,78.81,46071.94
HLA-B*51:03,LTGHAFGRRTY,49.429,49.609,42925.88
HLA-B*51:03,TGHAFGRRTYG,75.0,53.88,43477.44
HLA-B*51:03,GHAFGRRTYGM,41.5,39.033,41276.19
HLA-B*51:03,HAFGRRTYGMK,27.056,36.03,40708.48
HLA-B*51:03,AFGRRTYGMKK,80.0,89.447,47066.02
HLA-B*51:03,FGRRTYGMKKT,90.0,81.966,46358.96
HLA-B*51:03,GRRTYGMKKTH,80.0,95.719,48006.71
HLA-B*51:03,RRTYGMKKTHW,50.741,57.436,43910.48
HLA-B*51:03,RTYGMKKTHWL,22.66,27.509,38786.49
HLA-B*51:03,TYGMKKTHWLG,70.714,53.563,43436.55
HLA-B*51:03,YGMKKTHWLGI,17.834,7.472,29199.14
HLA-B*51:03,GMKKTHWLGIL,55.25,51.922,43225.57
HLA-B*51:03,MKKTHWLGILP,74.286,37.93,41073.05
HLA-B*51:03,KKTHWLGILPT,88.333,60.373,44256.76
HLA-B*51:03,KTHWLGILPTM,31.441,23.439,37629.48
HLA-B*51:03,THWLGILPTMM,26.767,20.488,36659.74
HLA-B*51:03,HWLGILPTMMM,33.714,31.957,39862.48
HLA-B*51:03,WLGILPTMMMG,86.667,55.68,43702.42
HLA-B*51:03,LGILPTMMMGN,77.5,71.618,45410.73
HLA-B*51:03,GILPTMMMGNR,83.75,86.142,46747.3
HLA-B*51:03,ILPTMMMGNRV,19.027,3.644,23604.66
HLA-B*51:03,LPTMMMGNRVK,19.993,6.007,27450.97
HLA-B*51:03,PTMMMGNRVKI,44.364,25.337,38195.96
HLA-B*51:03,TMMMGNRVKIS,73.571,47.393,42608.92
HLA-B*51:03,MMMGNRVKISF,23.287,10.401,31667.39
HLA-B*51:03,MMGNRVKISFS,72.857,48.026,42703.06
HLA-B*51:03,MGNRVKISFSH,66.364,62.592,44499.25
HLA-B*51:03,GNRVKISFSHP,90.0,86.374,46769.55
HLA-B*51:03,NRVKISFSHPV,35.125,21.47,36999.25
HLA-B*51:03,RVKISFSHPVF,47.625,35.784,40659.62
HLA-B*51:03,VKISFSHPVFC,43.091,32.968,40083.48
HLA-B*51:03,KISFSHPVFCP,82.5,52.104,43248.96
HLA-B*51:03,ISFSHPVFCPL,15.75,5.372,26583.72
HLA-B*51:03,SFSHPVFCPLD,80.0,37.333,40959.86
HLA-B*51:03,FSHPVFCPLDS,54.63,20.756,36755.86
HLA-B*51:03,SHPVFCPLDSE,72.143,54.53,43561.25
HLA-B*51:03,HPVFCPLDSEI,1.502,1.387,16504.88
HLA-B*51:03,PVFCPLDSEIE,85.0,65.453,44808.46
HLA-B*51:03,VFCPLDSEIEL,2.368,10.449,31701.68
HLA-B*51:03,FCPLDSEIELT,10.458,22.337,37281.36
HLA-B*51:03,CPLDSEIELTV,1.374,0.487,10233.87
HLA-B*51:03,PLDSEIELTVH,76.667,87.742,46901.3
HLA-B*51:03,LDSEIELTVHG,64.643,61.015,44326.74
HLA-B*51:03,DSEIELTVHGY,31.029,49.242,42875.28
HLA-B*51:03,SEIELTVHGYY,19.932,33.947,40286.09
HLA-B*51:03,EIELTVHGYYA,41.167,37.042,40904.96
HLA-B*51:03,IELTVHGYYAV,26.817,13.92,33862.77
HLA-B*51:03,ELTVHGYYAVG,62.5,52.05,43241.94
HLA-B*51:03,LTVHGYYAVGR,68.636,63.308,44577.81
HLA-B*51:03,TVHGYYAVGRE,85.0,78.926,46082.4
HLA-B*51:03,VHGYYAVGRET,75.833,60.927,44317.14
HLA-B*51:03,HGYYAVGRETP,50.741,44.75,42212.91
HLA-B*51:03,GYYAVGRETPN,95.0,90.238,47146.03
HLA-B*51:03,YYAVGRETPNF,30.703,30.29,39477.45
HLA-B*51:03,YAVGRETPNFK,29.5,36.502,40800.2
HLA-B*51:03,AVGRETPNFKP,71.429,88.268,46952.09
HLA-B*51:03,VGRETPNFKPV,30.946,22.175,37230.56
HLA-B*51:03,GRETPNFKPVL,34.423,54.409,43545.71
HLA-B*51:03,RETPNFKPVLL,10.194,13.187,33461.76
HLA-B*51:03,ETPNFKPVLLK,12.887,17.719,35612.38
HLA-B*51:03,TPNFKPVLLKD,16.071,22.124,37214.45
HLA-B*51:03,PNFKPVLLKDL,45.3,60.048,44221.36
HLA-B*51:03,NFKPVLLKDLR,46.889,56.656,43817.95
HLA-B*51:03,FKPVLLKDLRM,35.167,26.597,38540.09
HLA-B*51:03,KPVLLKDLRMC,29.909,38.431,41165.57
HLA-B*51:03,PVLLKDLRMCI,46.222,40.059,41454.31
HLA-B*51:03,VLLKDLRMCIS,90.0,66.053,44867.65
HLA-B*51:03,LLKDLRMCISV,26.967,22.885,37454.41
HLA-B*51:03,LKDLRMCISVA,76.667,46.48,42474.05
HLA-B*51:03,KDLRMCISVAG,95.0,57.128,43873.91
HLA-B*51:03,DLRMCISVAGQ,88.333,66.939,44955.12
HLA-B*51:03,LRMCISVAGQK,86.667,69.596,45218.55
HLA-B*51:03,RMCISVAGQKD,95.0,92.667,47417.69
HLA-B*51:03,MCISVAGQKDV,39.588,24.042,37819.27
HLA-B*51:03,CISVAGQKDVT,97.5,82.508,46408.64
HLA-B*51:03,ISVAGQKDVTD,95.0,88.242,46949.54
HLA-B*51:03,SVAGQKDVTDF,48.5,68.248,45084.7
HLA-B*51:03,VAGQKDVTDFG,75.0,69.08,45167.2
HLA-B*51:03,AGQKDVTDFGG,93.333,94.241,47594.5
HLA-B*51:03,GQKDVTDFGGL,40.875,63.717,44622.68
HLA-B*51:03,QKDVTDFGGLH,72.857,86.358,46768.04
HLA-B*51:03,KDVTDFGGLHM,38.111,45.93,42393.24
HLA-B*51:03,DVTDFGGLHMT,21.649,33.105,40112.11
HLA-B*51:03,VTDFGGLHMTF,21.702,20.4,36628.03
HLA-B*51:03,TDFGGLHMTFS,45.2,48.854,42821.04
HLA-B*51:03,DFGGLHMTFSK,49.714,50.514,43045.42
HLA-B*51:03,FGGLHMTFSKV,20.797,11.071,32148.3
HLA-B*51:03,GGLHMTFSKVE,81.25,72.474,45491.39
HLA-B*51:03,GLHMTFSKVEE,93.333,84.524,46593.8
HLA-B*51:03,LHMTFSKVEEV,19.486,8.907,30516.35
HLA-B*51:03,HMTFSKVEEVA,48.25,37.19,40932.85
HLA-B*51:03,MTFSKVEEVAF,14.08,7.666,29389.0
HLA-B*51:03,TFSKVEEVAFW,33.786,33.082,40107.32
HLA-B*51:03,FSKVEEVAFWA,46.111,27.753,38853.29
HLA-B*51:03,SKVEEVAFWAL,29.227,31.145,39677.02
HLA-B*51:03,KVEEVAFWALI,35.417,18.187,35801.29
HLA-B*51:03,VEEVAFWALIT,67.273,38.85,41242.71
HLA-B*51:03,EEVAFWALITY,18.018,15.141,34462.3
HLA-B*51:03,EVAFWALITYL,19.088,13.973,33892.09
HLA-B*51:03,VAFWALITYLE,33.964,24.376,37917.59
HLA-B*51:03,AFWALITYLEY,52.963,39.337,41328.93
HLA-B*51:03,FWALITYLEYP,78.333,42.779,41904.37
HLA-B*51:03,WALITYLEYPT,72.857,27.945,38905.86
HLA-B*51:03,ALITYLEYPTL,26.633,22.439,37313.63
HLA-B*51:03,LITYLEYPTLT,52.037,34.755,40452.95
HLA-B*51:03,ITYLEYPTLTD,57.0,36.316,40764.01
HLA-B*51:03,TYLEYPTLTDF,15.381,18.312,35848.59
HLA-B*51:03,YLEYPTLTDFL,27.759,22.741,37409.02
HLA-B*51:03,LEYPTLTDFLR,32.258,23.647,37695.08
HLA-B*51:03,EYPTLTDFLRD,66.818,37.775,41043.71
HLA-B*51:03,YPTLTDFLRDK,29.955,19.271,36212.7
HLA-B*51:03,PTLTDFLRDKS,97.5,95.239,47788.51
HLA-B*51:03,TLTDFLRDKSG,85.0,77.913,45991.25
HLA-B*51:03,LTDFLRDKSGK,82.5,80.104,46188.73
HLA-B*51:03,TDFLRDKSGKA,43.364,57.956,43972.29
HLA-B*51:03,DFLRDKSGKAE,67.727,85.974,46731.11
HLA-B*51:03,FLRDKSGKAED,88.333,87.326,46861.24
HLA-B*51:03,LRDKSGKAEDE,95.0,97.21,48692.0
HLA-B*51:03,RDKSGKAEDEI,50.926,61.797,44412.18
HLA-B*51:03,DKSGKAEDEIQ,81.25,89.284,47050.23
HLA-B*51:03,KSGKAEDEIQE,88.333,96.379,48308.9
HLA-B*51:03,SGKAEDEIQEA,24.338,62.777,44519.46
HLA-B*51:03,GKAEDEIQEAG,83.75,95.254,47795.26
HLA-B*51:03,KAEDEIQEAGE,85.0,96.272,48259.79
HLA-B*51:03,AEDEIQEAGEG,74.286,86.521,46783.73
HLA-B*51:03,EDEIQEAGEGR,74.286,93.568,47518.86
HLA-B*51:03,DEIQEAGEGRP,56.5,71.091,45361.14
HLA-B*51:03,EIQEAGEGRPR,64.643,88.705,46994.29
HLA-B*51:03,IQEAGEGRPRI,15.119,26.802,38594.76
HLA-B*51:03,QEAGEGRPRIK,42.846,69.7,45228.82
HLA-B*51:03,EAGEGRPRIKI,5.395,14.927,34360.29
HLA-B*51:03,AGEGRPRIKIT,81.25,91.199,47253.27
HLA-B*51:03,GEGRPRIKITP,72.143,82.065,46367.99
HLA-B*51:03,EGRPRIKITPK,44.909,69.518,45210.71
HLA-B*51:03,GRPRIKITPKD,91.667,90.169,47138.4
HLA-B*51:03,RPRIKITPKDY,39.471,57.796,43953.27
HLA-B*51:03,PRIKITPKDYA,81.25,86.353,46767.53
HLA-B*51:03,RIKITPKDYAN,93.333,93.994,47566.7
HLA-B*51:03,IKITPKDYANV,35.667,31.75,39815.05
HLA-B*51:03,KITPKDYANVF,8.918,25.891,38351.23
HLA-B*51:03,ITPKDYANVFI,10.562,5.926,27342.18
HLA-B*51:03,TPKDYANVFIE,10.545,9.666,31138.72
HLA-B*51:03,PKDYANVFIEG,95.0,87.542,46882.04
HLA-B*51:03,KDYANVFIEGS,91.667,72.307,45475.64
HLA-B*51:03,DYANVFIEGSM,28.816,18.714,36002.12
HLA-B*51:03,YANVFIEGSML,9.531,7.95,29663.11
HLA-B*51:03,ANVFIEGSMLT,64.286,59.66,44175.43
HLA-B*51:03,NVFIEGSMLTN,66.818,51.729,43200.79
HLA-B*51:03,VFIEGSMLTNE,79.167,84.496,46591.27
HLA-B*51:03,FIEGSMLTNET,64.643,58.228,44004.66
HLA-B*51:03,IEGSMLTNETI,17.425,5.769,27129.42
HLA-B*51:03,EGSMLTNETIG,35.875,23.894,37773.46
HLA-B*51:03,GSMLTNETIGG,78.333,65.664,44829.32
HLA-B*51:03,SMLTNETIGGA,58.5,49.303,42883.63
HLA-B*51:03,MLTNETIGGAT,83.75,64.657,44726.12
HLA-B*51:03,LTNETIGGATG,79.167,58.472,44033.7
HLA-B*51:03,TNETIGGATGV,30.297,34.658,40432.81
HLA-B*51:03,NETIGGATGVS,60.357,63.822,44634.25
HLA-B*51:03,ETIGGATGVSM,15.687,25.046,38114.63
HLA-B*51:03,TIGGATGVSML,27.519,54.303,43532.04
HLA-B*51:03,IGGATGVSMLM,21.93,13.305,33525.91
HLA-B*51:03,GGATGVSMLMP,76.667,79.197,46106.83
HLA-B*51:03,GATGVSMLMPA,61.786,40.612,41547.71
HLA-B*51:03,ATGVSMLMPAW,56.25,34.975,40498.5
HLA-B*51:03,TGVSMLMPAWA,70.0,23.656,37697.93
HLA-B*51:03,GVSMLMPAWAS,93.333,61.942,44428.05
HLA-B*51:03,VSMLMPAWASM,30.459,10.593,31806.12
HLA-B*51:03,SMLMPAWASMF,41.5,12.138,32846.59
HLA-B*51:03,MLMPAWASMFE,38.056,8.668,30308.06
HLA-B*51:03,LMPAWASMFES,72.857,14.91,34352.11
HLA-B*51:03,MPAWASMFESI,1.485,0.056,2987.49
HLA-B*51:03,PAWASMFESIL,41.25,20.41,36631.6
HLA-B*51:03,AWASMFESILD,79.167,62.869,44529.6
HLA-B*51:03,WASMFESILDQ,69.545,49.084,42853.5
HLA-B*51:03,ASMFESILDQA,51.667,35.55,40613.0
HLA-B*51:03,SMFESILDQAL,14.682,15.585,34669.86
HLA-B*51:03,MFESILDQALV,25.134,6.314,27840.13
HLA-B*51:03,FESILDQALVV,12.16,7.392,29109.25
HLA-B*51:03,ESILDQALVVP,26.383,24.66,38001.38
HLA-B*51:03,SILDQALVVPE,75.0,71.211,45372.44
HLA-B*51:03,ILDQALVVPEV,20.667,18.56,35943.34
HLA-B*51:03,LDQALVVPEVR,55.5,44.931,42241.69
HLA-B*51:03,DQALVVPEVRA,19.865,23.339,37597.73
HLA-B*51:03,QALVVPEVRAG,64.286,57.46,43913.35
HLA-B*51:03,ALVVPEVRAGA,61.429,72.756,45517.98
HLA-B*51:03,LVVPEVRAGAP,47.5,38.046,41094.83
HLA-B*51:03,VVPEVRAGAPS,71.429,63.08,44552.72
HLA-B*51:03,VPEVRAGAPSD,71.429,55.704,43705.26
HLA-B*51:03,PEVRAGAPSDL,44.455,60.707,44293.17
HLA-B*51:03,EVRAGAPSDLD,49.571,64.873,44749.83
HLA-B*51:03,VRAGAPSDLDV,43.636,46.414,42464.41
HLA-B*51:03,RAGAPSDLDVR,65.455,74.645,45696.61
HLA-B*51:03,AGAPSDLDVRK,49.429,85.189,46655.83
HLA-B*51:03,GAPSDLDVRKV,13.484,26.865,38611.46
HLA-B*51:03,APSDLDVRKVD,16.596,35.185,40540.57
HLA-B*51:03,PSDLDVRKVDL,55.5,82.612,46418.19
HLA-B*51:03,SDLDVRKVDLK,53.704,83.478,46497.59
HLA-B*51:03,DLDVRKVDLKK,48.75,77.558,45959.41
HLA-B*51:03,LDVRKVDLKKV,31.853,37.005,40897.89
HLA-B*51:03,DVRKVDLKKVS,37.0,50.777,43078.96
HLA-B*51:03,VRKVDLKKVSV,28.592,45.082,42265.02
HLA-B*51:03,RKVDLKKVSVH,62.5,88.016,46927.71
HLA-B*51:03,KVDLKKVSVHG,83.75,89.237,47045.65
HLA-B*51:03,VDLKKVSVHGG,93.333,89.842,47104.21
HLA-B*51:03,DLKKVSVHGGT,46.222,65.935,44855.99
HLA-B*51:03,LKKVSVHGGTR,88.333,92.315,47378.2
HLA-B*51:03,KKVSVHGGTRA,61.786,84.036,46548.95
HLA-B*51:03,KVSVHGGTRAR,75.0,95.296,47814.38
HLA-B*51:03,VSVHGGTRARI,29.568,25.304,38186.87
HLA-B*51:03,SVHGGTRARIA,41.667,55.604,43693.43
HLA-B*51:03,VHGGTRARIAE,90.0,89.868,47106.77
HLA-B*51:03,HGGTRARIAEQ,95.0,95.778,48033.72
HLA-B*51:03,GGTRARIAEQL,47.125,69.459,45204.85
HLA-B*51:03,GTRARIAEQLD,77.5,85.047,46642.2
HLA-B*51:03,TRARIAEQLDL,48.0,56.5,43799.45
HLA-B*51:03,RARIAEQLDLE,72.857,70.005,45259.16
HLA-B*51:03,ARIAEQLDLEV,33.107,38.915,41254.77
HLA-B*51:03,RIAEQLDLEVI,33.857,27.761,38855.36
HLA-B*51:03,IAEQLDLEVIW,20.967,20.642,36714.92
HLA-B*51:03,AEQLDLEVIWK,58.25,68.317,45091.53
HLA-B*51:03,EQLDLEVIWKL,4.943,13.55,33659.67
HLA-B*51:03,QLDLEVIWKLT,48.125,62.355,44473.26
HLA-B*51:03,LDLEVIWKLTF,26.883,20.047,36501.82
HLA-B*51:03,DLEVIWKLTFE,59.0,51.357,43153.12
HLA-B*51:03,LEVIWKLTFEP,62.857,38.438,41166.93
HLA-B*51:03,EVIWKLTFEPK,69.091,50.7,43069.16
HLA-B*51:03,VIWKLTFEPKV,24.026,19.118,36155.53
HLA-B*51:03,IWKLTFEPKVL,43.455,49.71,42939.81
HLA-B*51:03,WKLTFEPKVLV,8.877,6.825,28466.07
HLA-B*51:03,KLTFEPKVLVY,34.269,35.413,40585.77
HLA-B*51:03,LTFEPKVLVYI,6.782,4.559,25358.23
HLA-B*51:03,TFEPKVLVYID,49.429,37.686,41026.86
HLA-B*51:03,FEPKVLVYIDK,56.0,49.38,42894.3
HLA-B*51:03,EPKVLVYIDKG,35.208,32.845,40056.58
HLA-B*51:03,PKVLVYIDKGV,90.0,74.723,45704.03
HLA-B*51:03,KVLVYIDKGVL,53.889,48.578,42781.67
HLA-B*51:03,VLVYIDKGVLK,53.519,62.693,44510.34
HLA-B*51:03,LVYIDKGVLKE,75.833,71.3,45380.78
HLA-B*51:03,VYIDKGVLKEV,23.575,30.971,39637.1
HLA-B*51:03,YIDKGVLKEVA,47.25,48.886,42825.68
HLA-B*51:03,IDKGVLKEVAK,77.5,88.563,46980.55
HLA-B*51:03,DKGVLKEVAKL,15.116,31.047,39654.69
HLA-B*51:03,KGVLKEVAKLD,73.571,83.269,46478.49
HLA-B*51:03,GVLKEVAKLDV,56.5,57.092,43869.64
HLA-B*51:03,VLKEVAKLDVA,52.407,50.81,43083.16
HLA-B*51:03,LKEVAKLDVAL,44.0,45.303,42298.39
HLA-B*51:03,KEVAKLDVALG,73.571,71.273,45378.32
HLA-B*51:03,EVAKLDVALGP,45.2,48.834,42818.27
HLA-B*51:03,VAKLDVALGPE,77.5,73.46,45584.52
HLA-B*51:03,AKLDVALGPEG,90.0,90.723,47200.15
HLA-B*51:03,KLDVALGPEGD,97.5,96.286,48266.08
HLA-B*51:03,LDVALGPEGDK,82.5,88.858,47009.02
HLA-B*51:03,DVALGPEGDKI,9.816,14.914,34353.97
HLA-B*51:03,VALGPEGDKIT,39.941,46.74,42512.2
HLA-B*51:03,ALGPEGDKITY,16.44,64.499,44708.7
HLA-B*51:03,LGPEGDKITYG,39.529,72.082,45454.5
HLA-B*51:03,GPEGDKITYGL,13.97,33.598,40213.8
HLA-B*51:03,PEGDKITYGLV,46.444,42.793,41906.64
HLA-B*51:03,EGDKITYGLVA,25.567,23.608,37682.83
HLA-B*51:03,GDKITYGLVAM,54.815,56.256,43770.56
HLA-B*51:03,DKITYGLVAME,56.0,54.249,43524.99
HLA-B*51:03,KITYGLVAMEA,82.5,50.77,43078.02
HLA-B*51:03,ITYGLVAMEAS,75.0,50.974,43104.14
HLA-B*51:03,TYGLVAMEASG,97.5,76.279,45844.7
HLA-B*51:03,YGLVAMEASGI,33.464,13.086,33406.43
HLA-B*51:03,GLVAMEASGIT,81.25,68.376,45097.38
HLA-B*51:03,LVAMEASGITE,76.667,68.238,45083.71
HLA-B*51:03,VAMEASGITEA,7.494,14.887,34340.96
HLA-B*51:03,AMEASGITEAE,71.429,81.172,46286.27
HLA-B*51:03,MEASGITEAEI,7.898,10.268,31571.96
HLA-B*51:03,EASGITEAEIL,11.254,18.36,35867.2
HLA-B*51:03,ASGITEAEILR,63.214,85.384,46674.52
HLA-B*51:03,SGITEAEILRG,67.727,80.586,46232.72
HLA-B*51:03,GITEAEILRGS,82.5,92.585,47408.46
HLA-B*51:03,ITEAEILRGSA,52.222,46.947,42542.58
HLA-B*51:03,TEAEILRGSAT,27.315,53.042,43369.37
HLA-B*51:03,EAEILRGSATG,53.519,47.105,42566.05
HLA-B*51:03,AEILRGSATGA,52.963,58.328,44016.55
HLA-B*51:03,EILRGSATGAS,70.714,77.863,45986.77
HLA-B*51:03,ILRGSATGASI,26.0,15.229,34503.33
HLA-B*51:03,LRGSATGASIL,37.632,34.928,40488.86
HLA-B*51:03,RGSATGASILL,28.51,31.936,39857.72
HLA-B*51:03,GSATGASILLT,75.833,74.306,45664.5
HLA-B*51:03,SATGASILLTG,55.0,42.954,41933.41
HLA-B*51:03,ATGASILLTGQ,93.333,91.651,47303.91
HLA-B*51:03,TGASILLTGQS,75.0,66.531,44914.75
HLA-B*51:03,GASILLTGQSH,70.714,93.586,47520.92
HLA-B*51:03,ASILLTGQSHL,27.185,40.404,41512.66
HLA-B*51:03,SILLTGQSHLY,34.385,42.204,41808.81
HLA-B*51:03,ILLTGQSHLYP,69.091,57.532,43921.9
HLA-B*51:03,LLTGQSHLYPA,67.727,39.242,41312.38
HLA-B*51:03,LTGQSHLYPAR,77.5,59.184,44118.61
HLA-B*51:03,TGQSHLYPARN,95.0,82.108,46371.99
HLA-B*51:03,GQSHLYPARNT,85.0,85.063,46643.73
HLA-B*51:03,QSHLYPARNTC,31.824,39.45,41348.6
HLA-B*51:03,SHLYPARNTCP,58.0,51.594,43183.5
HLA-B*51:03,HLYPARNTCPN,71.429,54.351,43538.16
HLA-B*51:03,LYPARNTCPNK,65.455,54.533,43561.72
HLA-B*51:03,YPARNTCPNKE,39.118,40.848,41587.74
HLA-B*51:03,PARNTCPNKET,91.667,95.808,48047.75
HLA-B*51:03,ARNTCPNKETP,64.286,87.226,46851.6
HLA-B*51:03,RNTCPNKETPG,97.5,94.607,47635.71
HLA-B*51:03,NTCPNKETPGQ,59.0,90.636,47190.45
HLA-B*51:03,TCPNKETPGQF,24.169,27.206,38703.48
HLA-B*51:03,CPNKETPGQFI,3.091,1.375,16438.22
HLA-B*51:03,PNKETPGQFIH,69.545,94.812,47658.91
HLA-B*51:03,NKETPGQFIHR,51.667,82.568,46414.15
HLA-B*51:03,KETPGQFIHRA,27.944,35.854,40673.71
HLA-B*51:03,ETPGQFIHRAS,33.786,39.347,41330.71
HLA-B*51:03,TPGQFIHRASQ,39.765,46.922,42538.91
HLA-B*51:03,PGQFIHRASQS,95.0,94.36,47607.88
HLA-B*51:03,GQFIHRASQSQ,85.0,92.713,47422.83
HLA-B*51:03,QFIHRASQSQR,80.0,90.018,47121.56
HLA-B*51:03,FIHRASQSQRV,28.673,20.971,36833.09
HLA-B*51:03,IHRASQSQRVC,52.037,53.009,43365.15
HLA-B*51:03,HRASQSQRVCI,34.692,32.506,39982.56
HLA-B*51:03,RASQSQRVCII,13.84,17.596,35560.78
HLA-B*51:03,ASQSQRVCIIW,55.5,46.85,42528.32
HLA-B*51:03,SQSQRVCIIWG,79.167,57.42,43908.59
HLA-B*51:03,QSQRVCIIWGQ,88.333,74.322,45665.96
HLA-B*51:03,SQRVCIIWGQV,51.852,25.744,38310.18
HLA-B*51:03,QRVCIIWGQVA,61.786,44.003,42094.32
HLA-B*51:03,RVCIIWGQVAL,51.481,44.753,42213.37
HLA-B*51:03,VCIIWGQVALD,88.333,75.227,45750.54
HLA-B*51:03,CIIWGQVALDK,91.667,78.051,46003.68
HLA-B*51:03,IIWGQVALDKG,80.0,65.856,44848.23
HLA-B*51:03,IWGQVALDKGI,50.926,39.936,41433.25
HLA-B*51:03,WGQVALDKGIR,88.333,68.115,45071.53
HLA-B*51:03,GQVALDKGIRG,70.714,90.631,47189.93
HLA-B*51:03,QVALDKGIRGH,79.167,95.402,47862.53
HLA-B*51:03,VALDKGIRGHR,44.0,80.088,46187.21
HLA-B*51:03,ALDKGIRGHRD,97.5,96.407,48321.99
HLA-B*51:03,LDKGIRGHRDG,97.5,95.534,47922.64
HLA-B*51:03,DKGIRGHRDGT,78.333,91.395,47275.28
HLA-B*51:03,KGIRGHRDGTI,38.167,38.617,41199.89
HLA-B*51:03,GIRGHRDGTIK,90.0,93.801,47545.11
HLA-B*51:03,IRGHRDGTIKP,61.429,83.686,46516.72
HLA-B*51:03,RGHRDGTIKPI,40.875,37.056,40907.62
HLA-B*51:03,GHRDGTIKPIW,30.676,59.148,44114.31
HLA-B*51:03,HRDGTIKPIWR,68.182,84.261,46569.58
HLA-B*51:03,RDGTIKPIWRS,65.455,71.921,45439.23
HLA-B*51:03,DGTIKPIWRSD,70.714,68.725,45132.03
HLA-B*51:03,GTIKPIWRSDR,64.286,91.07,47238.98
HLA-B*51:03,TIKPIWRSDRV,6.844,5.347,26548.67
HLA-B*51:03,IKPIWRSDRVG,40.5,28.012,38923.96
HLA-B*51:03,KPIWRSDRVGA,26.6,26.474,38507.59
HLA-B*51:03,PIWRSDRVGAI,49.857,40.657,41555.35
HLA-B*51:03,IWRSDRVGAIP,78.333,62.583,44498.28
HLA-B*51:03,WRSDRVGAIPL,48.875,32.081,39890.07
HLA-B*51:03,RSDRVGAIPLA,43.091,37.735,41036.17
HLA-B*51:03,SDRVGAIPLAC,61.071,63.704,44621.21
HLA-B*51:03,DRVGAIPLACT,69.091,59.504,44156.81
HLA-B*51:03,RVGAIPLACTI,10.907,4.8,25733.87
HLA-B*51:03,VGAIPLACTII,30.865,11.448,32397.62
HLA-B*51:03,GAIPLACTIIN,36.857,38.315,41144.21
HLA-B*51:03,AIPLACTIINL,13.237,7.596,29321.34
HLA-B*51:03,IPLACTIINLS,12.153,7.351,29064.25
HLA-B*51:03,PLACTIINLSN,100.0,89.253,47047.17
HLA-B*51:03,LACTIINLSND,95.0,65.541,44817.18
HLA-B*51:03,ACTIINLSNDP,93.333,87.737,46900.82
HLA-B*51:03,CTIINLSNDPA,88.333,33.173,40126.0
HLA-B*51:03,TIINLSNDPAN,95.0,80.865,46258.25
HLA-B*51:03,IINLSNDPANF,46.0,42.572,41869.93
HLA-B*51:03,INLSNDPANFL,22.86,29.764,39352.92
HLA-B*51:03,NLSNDPANFLL,19.432,20.118,36527.52
HLA-B*51:03,LSNDPANFLLK,31.471,34.416,40382.96
HLA-B*51:03,SNDPANFLLKV,2.474,1.934,18981.16
HLA-B*51:03,NDPANFLLKVR,13.533,11.815,32641.46
HLA-B*51:03,DPANFLLKVRP,4.461,4.358,24991.88
HLA-B*51:03,PANFLLKVRPE,97.5,92.868,47440.26
HLA-B*51:03,ANFLLKVRPEK,82.5,83.198,46471.96
HLA-B*51:03,NFLLKVRPEKS,91.667,86.763,46807.03
HLA-B*51:03,FLLKVRPEKSN,86.667,82.935,46447.81
HLA-B*51:03,LLKVRPEKSNA,57.5,71.065,45358.69
HLA-B*51:03,LKVRPEKSNAH,82.5,95.29,47811.79
HLA-B*51:03,KVRPEKSNAHH,63.929,95.443,47881.18
HLA-B*51:03,VRPEKSNAHHV,19.189,33.133,40117.75
HLA-B*51:03,RPEKSNAHHVR,28.163,46.592,42490.6
HLA-B*51:03,PEKSNAHHVRV,54.444,54.821,43598.99
HLA-B*51:03,EKSNAHHVRVL,33.607,47.873,42680.43
HLA-B*51:03,KSNAHHVRVLL,34.654,38.356,41151.77
HLA-B*51:03,SNAHHVRVLLI,19.399,8.171,29864.69
HLA-B*51:03,NAHHVRVLLIV,9.143,4.503,25271.41
HLA-B*51:03,AHHVRVLLIVA,61.786,48.198,42727.55
HLA-B*51:03,HHVRVLLIVAT,70.0,60.558,44276.89
HLA-B*51:03,HVRVLLIVATM,37.263,34.476,40395.2
HLA-B*51:03,VRVLLIVATMF,63.571,53.432,43419.63
HLA-B*51:03,RVLLIVATMFD,93.333,76.883,45898.77
HLA-B*51:03,VLLIVATMFDA,93.333,75.819,45803.53
HLA-B*51:03,LLIVATMFDAK,78.333,69.719,45230.77
HLA-B*51:03,LIVATMFDAKI,29.477,8.386,30058.55
HLA-B*51:03,IVATMFDAKIT,78.333,38.879,41248.06
HLA-B*51:03,VATMFDAKITP,15.847,24.05,37821.73
HLA-B*51:03,ATMFDAKITPN,81.25,74.974,45727.77
HLA-B*51:03,TMFDAKITPNV,10.881,8.956,30558.97
HLA-B*51:03,MFDAKITPNVS,57.75,42.0,41774.91
HLA-B*51:03,FDAKITPNVSP,32.548,40.051,41452.97
HLA-B*51:03,DAKITPNVSPL,3.119,6.92,28580.25
HLA-B*51:03,AKITPNVSPLI,17.943,19.155,36169.21
HLA-B*51:03,KITPNVSPLIS,51.296,45.424,42316.7
HLA-B*51:03,ITPNVSPLISK,32.935,38.673,41210.14
HLA-B*51:03,TPNVSPLISKK,22.07,46.646,42498.41
HLA-B*51:03,PNVSPLISKKG,95.0,95.039,47697.62
HLA-B*51:03,NVSPLISKKGQ,67.273,87.2,46849.07
HLA-B*51:03,VSPLISKKGQH,68.182,90.403,47164.4
HLA-B*51:03,SPLISKKGQHA,11.363,20.392,36625.27
HLA-B*51:03,PLISKKGQHAP,82.5,91.793,47319.78
HLA-B*51:03,LISKKGQHAPG,93.333,85.863,46720.5
HLA-B*51:03,ISKKGQHAPGL,27.185,47.093,42564.21
HLA-B*51:03,SKKGQHAPGLH,78.333,92.708,47422.31
HLA-B*51:03,KKGQHAPGLHV,29.341,48.399,42756.24
HLA-B*51:03,KGQHAPGLHVV,22.56,36.157,40733.16
HLA-B*51:03,GQHAPGLHVVG,54.074,65.458,44808.95
HLA-B*51:03,QHAPGLHVVGF,16.284,28.105,38947.14
HLA-B*51:03,HAPGLHVVGFQ,36.857,48.692,42797.9
HLA-B*51:03,APGLHVVGFQG,52.963,50.142,42997.92
HLA-B*51:03,PGLHVVGFQGV,67.727,50.31,43019.33
HLA-B*51:03,GLHVVGFQGVY,60.357,58.496,44036.57
HLA-B*51:03,LHVVGFQGVYM,36.952,29.963,39400.64
HLA-B*51:03,HVVGFQGVYME,64.643,68.465,45106.16
HLA-B*51:03,VVGFQGVYMET,66.818,67.982,45058.36
HLA-B*51:03,VGFQGVYMETQ,66.364,73.946,45630.41
HLA-B*51:03,GFQGVYMETQA,65.909,70.825,45336.11
HLA-B*51:03,FQGVYMETQAI,16.449,4.805,25742.77
HLA-B*51:03,QGVYMETQAIA,41.167,31.382,39731.12
HLA-B*51:03,GVYMETQAIAN,78.333,72.37,45481.54
HLA-B*51:03,VYMETQAIANV,24.364,15.222,34499.97
HLA-B*51:03,YMETQAIANVY,40.875,28.481,39040.79
HLA-B*51:03,METQAIANVYY,26.867,31.652,39792.67
HLA-B*51:03,ETQAIANVYYQ,55.25,55.876,43725.59
HLA-B*51:03,TQAIANVYYQG,86.667,59.844,44197.43
HLA-B*51:03,QAIANVYYQGD,91.667,62.083,44443.45
HLA-B*51:03,AIANVYYQGDY,75.0,65.782,44840.95
HLA-B*51:03,IANVYYQGDYK,64.286,44.92,42239.87
HLA-B*51:03,ANVYYQGDYKR,76.667,87.274,46856.16
HLA-B*51:03,NVYYQGDYKRV,22.51,12.708,33185.22
HLA-B*51:03,VYYQGDYKRVE,71.429,71.247,45375.86
HLA-B*51:03,YYQGDYKRVEG,90.0,84.639,46604.38
HLA-B*51:03,YQGDYKRVEGL,23.782,34.078,40313.12
HLA-B*51:03,QGDYKRVEGLL,42.231,51.433,43162.95
HLA-B*51:03,GDYKRVEGLLF,36.286,38.019,41089.93
HLA-B*51:03,DYKRVEGLLFH,43.909,62.671,44507.92
HLA-B*51:03,YKRVEGLLFHE,85.0,79.707,46152.77
HLA-B*51:03,KRVEGLLFHER,72.857,90.833,47212.39
HLA-B*51:03,RVEGLLFHERD,95.0,84.973,46635.16
HLA-B*51:03,VEGLLFHERDH,70.714,86.937,46823.72
HLA-B*51:03,EGLLFHERDHP,55.5,47.48,42621.81
HLA-B*51:03,GLLFHERDHPD,100.0,95.215,47777.66
HLA-B*51:03,LLFHERDHPDR,78.333,80.088,46187.21
HLA-B*51:03,LFHERDHPDRE,85.0,92.081,47352.05
HLA-B*51:03,FHERDHPDRET,68.636,81.375,46304.81
HLA-B*51:03,HERDHPDRETS,59.5,87.453,46873.42
HLA-B*51:03,ERDHPDRETSP,47.0,87.121,46841.48
HLA-B*51:03,RDHPDRETSPI,18.524,14.038,33925.48
HLA-B*51:03,DHPDRETSPIL,8.709,11.533,32453.75
HLA-B*51:03,HPDRETSPILV,1.601,3.992,24294.94
HLA-B*51:03,PDRETSPILVE,81.25,88.468,46971.41
HLA-B*51:03,DRETSPILVES,35.875,48.38,42753.46
HLA-B*51:03,RETSPILVESL,20.488,32.909,40070.45
HLA-B*51:03,ETSPILVESLG,22.58,19.525,36307.24
HLA-B*51:03,TSPILVESLGF,20.976,15.746,34745.72
HLA-B*51:03,SPILVESLGFE,26.75,21.94,37155.32
HLA-B*51:03,PILVESLGFEN,100.0,95.476,47896.19
HLA-B*51:03,ILVESLGFENR,67.727,84.622,46602.87
HLA-B*51:03,LVESLGFENRP,72.143,66.895,44950.74
HLA-B*51:03,VESLGFENRPA,64.643,47.347,42602.0
HLA-B*51:03,ESLGFENRPAT,37.368,37.126,40920.89
HLA-B*51:03,SLGFENRPATQ,80.0,86.663,46797.4
HLA-B*51:03,LGFENRPATQA,16.182,21.797,37107.9
HLA-B*51:03,GFENRPATQAV,30.892,37.759,41040.61
HLA-B*51:03,FENRPATQAVF,18.317,20.237,36569.82
HLA-B*51:03,ENRPATQAVFL,3.999,7.108,28795.99
HLA-B*51:03,NRPATQAVFLT,34.577,27.482,38778.94
HLA-B*51:03,RPATQAVFLTF,5.694,4.831,25783.75
HLA-B*51:03,PATQAVFLTFA,67.727,40.402,41512.23
HLA-B*51:03,ATQAVFLTFAR,71.429,60.202,44238.1
HLA-B*51:03,TQAVFLTFARV,24.208,7.541,29269.05
HLA-B*51:03,QAVFLTFARVT,46.0,20.473,36654.19
HLA-B*51:03,AVFLTFARVTA,49.429,36.125,40726.99
HLA-B*51:03,VFLTFARVTAC,48.25,45.23,42287.43
HLA-B*51:03,FLTFARVTACT,86.667,57.42,43908.59
HLA-B*51:03,LTFARVTACTA,27.296,12.677,33166.56
HLA-B*51:03,TFARVTACTAS,86.667,60.997,44324.83
HLA-B*51:03,FARVTACTASK,33.679,37.304,40954.55
HLA-B*51:03,ARVTACTASKD,95.0,90.942,47224.66
HLA-B*51:03,RVTACTASKDE,95.0,95.906,48092.49
HLA-B*51:03,VTACTASKDEG,97.5,79.618,46144.76
HLA-B*51:03,TACTASKDEGM,37.789,56.288,43774.34
HLA-B*51:03,ACTASKDEGML,52.778,72.432,45487.46
HLA-B*51:03,CTASKDEGMLK,73.571,63.032,44547.44
HLA-B*51:03,TASKDEGMLKG,49.714,71.931,45440.23
HLA-B*51:03,ASKDEGMLKGS,83.75,94.067,47574.95
HLA-B*51:03,SKDEGMLKGSY,49.143,75.078,45737.18
HLA-B*51:03,KDEGMLKGSYI,37.368,17.717,35611.59
HLA-B*51:03,DEGMLKGSYIH,36.286,26.3,38461.36
HLA-B*51:03,EGMLKGSYIHF,17.741,16.591,35129.02
HLA-B*51:03,GMLKGSYIHFD,90.0,79.336,46119.32
HLA-B*51:03,MLKGSYIHFDL,36.524,19.125,36158.28
HLA-B*51:03,LKGSYIHFDLL,26.55,11.659,32537.43
HLA-B*51:03,KGSYIHFDLLV,41.667,19.291,36220.15
HLA-B*51:03,GSYIHFDLLVV,39.0,18.307,35846.64
HLA-B*51:03,SYIHFDLLVVK,59.5,51.696,43196.59
HLA-B*51:03,YIHFDLLVVKP,64.643,48.24,42733.55
HLA-B*51:03,IHFDLLVVKPE,77.5,71.874,45434.81
HLA-B*51:03,HFDLLVVKPEL,23.287,30.473,39520.2
HLA-B*51:03,FDLLVVKPELR,48.75,48.448,42763.16
HLA-B*51:03,DLLVVKPELRR,44.727,63.163,44561.89
HLA-B*51:03,LLVVKPELRRV,29.136,29.44,39275.52
HLA-B*51:03,LVVKPELRRVS,66.818,66.821,44943.43
HLA-B*51:03,VVKPELRRVSY,17.528,38.6,41196.78
HLA-B*51:03,VKPELRRVSYA,43.273,47.39,42608.45
HLA-B*51:03,KPELRRVSYAI,13.768,9.02,30614.57
HLA-B*51:03,PELRRVSYAIT,90.0,69.464,45205.34
HLA-B*51:03,ELRRVSYAITR,60.0,60.76,44298.94
HLA-B*51:03,LRRVSYAITRV,32.226,29.423,39271.26
HLA-B*51:03,RRVSYAITRVT,75.833,56.436,43791.88
HLA-B*51:03,RVSYAITRVTN,93.333,77.458,45950.46
HLA-B*51:03,VSYAITRVTNN,86.667,64.029,44656.97
HLA-B*51:03,SYAITRVTNNT,78.333,66.727,44934.22
HLA-B*51:03,YAITRVTNNTE,43.182,49.128,42859.52
HLA-B*51:03,AITRVTNNTEV,52.407,49.707,42939.36
HLA-B*51:03,ITRVTNNTEVG,85.0,64.789,44740.62
HLA-B*51:03,TRVTNNTEVGP,78.333,87.321,46860.73
HLA-B*51:03,RVTNNTEVGPP,93.333,90.156,47136.85
HLA-B*51:03,VTNNTEVGPPA,50.741,45.785,42371.23
HLA-B*51:03,TNNTEVGPPAE,90.0,93.271,47485.44
HLA-B*51:03,NNTEVGPPAES,49.857,81.457,46312.34
HLA-B*51:03,NTEVGPPAESY,26.9,59.044,44101.91
HLA-B*51:03,TEVGPPAESYL,13.99,31.893,39847.8
HLA-B*51:03,EVGPPAESYLL,2.439,6.819,28459.3
HLA-B*51:03,VGPPAESYLLD,24.351,17.453,35501.18
HLA-B*51:03,GPPAESYLLDA,31.735,33.495,40192.48
HLA-B*51:03,PPAESYLLDAS,56.25,48.565,42779.82
HLA-B*51:03,PAESYLLDASA,63.214,42.984,41938.38
HLA-B*51:03,AESYLLDASAT,70.714,56.288,43774.34
HLA-B*51:03,ESYLLDASATF,4.55,5.735,27084.85
HLA-B*51:03,SYLLDASATFD,55.75,53.694,43453.47
HLA-B*51:03,YLLDASATFDI,19.595,9.696,31159.96
HLA-B*51:03,LLDASATFDIN,91.667,51.958,43230.25
HLA-B*51:03,LDASATFDINI,21.754,6.337,27869.05
HLA-B*51:03,DASATFDININ,26.717,11.366,32343.32
HLA-B*51:03,ASATFDININQ,68.636,80.843,46256.22
HLA-B*51:03,SATFDININQW,10.844,20.104,36522.36
HLA-B*51:03,ATFDININQWR,25.731,51.094,43119.52
HLA-B*51:03,TFDININQWRD,78.333,81.468,46313.32
HLA-B*51:03,FDININQWRDR,77.5,80.991,46269.74
HLA-B*51:03,DININQWRDRK,77.5,85.847,46719.0
HLA-B*51:03,ININQWRDRKL,48.5,62.904,44533.45
HLA-B*51:03,NINQWRDRKLQ,83.75,85.868,46721.02
HLA-B*51:03,INQWRDRKLQS,86.667,90.535,47179.21
HLA-B*51:03,NQWRDRKLQSL,29.705,33.198,40131.2
HLA-B*51:03,QWRDRKLQSLS,71.429,83.165,46468.93
HLA-B*51:03,WRDRKLQSLSG,90.0,78.389,46034.07
HLA-B*51:03,RDRKLQSLSGR,88.333,94.158,47585.23
HLA-B*51:03,DRKLQSLSGRP,54.074,64.126,44667.6
HLA-B*51:03,RKLQSLSGRPP,80.0,78.915,46081.39
HLA-B*51:03,KLQSLSGRPPM,60.357,46.724,42509.92
HLA-B*51:03,LQSLSGRPPML,23.08,29.661,39328.23
HLA-B*51:03,QSLSGRPPMLH,41.667,66.496,44911.36
HLA-B*51:03,SLSGRPPMLHR,52.037,79.468,46131.28
HLA-B*51:03,LSGRPPMLHRR,53.148,72.234,45468.75
HLA-B*51:03,SGRPPMLHRRS,42.154,57.576,43927.11
HLA-B*51:03,GRPPMLHRRSA,34.846,38.087,41102.38
HLA-B*51:03,RPPMLHRRSAR,43.273,48.744,42805.3
HLA-B*51:03,PPMLHRRSARL,17.912,20.774,36762.23
HLA-B*51:03,PMLHRRSARLS,97.5,83.187,46470.94
HLA-B*51:03,MLHRRSARLSP,59.75,39.434,41345.91
HLA-B*51:03,LHRRSARLSPA,70.0,49.404,42897.57
HLA-B*51:03,HRRSARLSPAG,93.333,80.005,46179.74
HLA-B*51:03,RRSARLSPAGL,49.429,49.694,42937.48
HLA-B*51:03,RSARLSPAGLL,30.73,23.302,37585.92
HLA-B*51:03,SARLSPAGLLT,26.217,28.256,38984.65
HLA-B*51:03,ARLSPAGLLTG,81.25,74.953,45725.79
HLA-B*51:03,RLSPAGLLTGD,88.333,73.716,45608.69
HLA-B*51:03,LSPAGLLTGDL,23.184,23.7,37711.81
HLA-B*51:03,SPAGLLTGDLI,2.172,1.258,15831.3
HLA-B*51:03,PAGLLTGDLIG,93.333,70.376,45293.94
HLA-B*51:03,AGLLTGDLIGL,48.375,48.136,42718.79
HLA-B*51:03,GLLTGDLIGLV,59.0,48.649,42791.86
HLA-B*51:03,LLTGDLIGLVG,83.75,58.304,44013.71
HLA-B*51:03,LTGDLIGLVGS,91.667,75.963,45816.41
HLA-B*51:03,TGDLIGLVGSY,35.625,49.158,42863.7
HLA-B*51:03,GDLIGLVGSYL,40.0,41.265,41656.19
HLA-B*51:03,DLIGLVGSYLC,39.529,39.504,41357.99
HLA-B*51:03,LIGLVGSYLCG,97.5,78.084,46006.68
HLA-B*51:03,IGLVGSYLCGK,69.091,74.875,45718.36
HLA-B*51:03,GLVGSYLCGKI,72.857,46.937,42541.18
HLA-B*51:03,LVGSYLCGKII,42.077,13.147,33439.69
HLA-B*51:03,VGSYLCGKIIQ,85.0,53.187,43388.14
HLA-B*51:03,GSYLCGKIIQN,90.0,79.867,46167.23
HLA-B*51:03,SYLCGKIIQNH,80.0,90.714,47199.12
HLA-B*51:03,YLCGKIIQNHT,66.364,69.97,45255.75
HLA-B*51:03,LCGKIIQNHTR,72.857,89.416,47062.95
HLA-B*51:03,CGKIIQNHTRF,56.5,36.032,40708.92
HLA-B*51:03,GKIIQNHTRFL,62.857,70.71,45325.32
HLA-B*51:03,KIIQNHTRFLL,39.059,35.653,40633.67
HLA-B*51:03,IIQNHTRFLLQ,77.5,58.98,44094.26
HLA-B*51:03,IQNHTRFLLQA,39.412,38.15,41113.94
HLA-B*51:03,QNHTRFLLQAL,28.469,31.957,39862.48
HLA-B*51:03,NHTRFLLQALR,65.909,45.336,42303.44
HLA-B*51:03,HTRFLLQALRA,44.364,27.176,38695.52
HLA-B*51:03,TRFLLQALRAY,48.5,41.148,41637.28
HLA-B*51:03,RFLLQALRAYG,95.0,74.932,45723.81
HLA-B*51:03,FLLQALRAYGL,41.833,27.701,38838.98
HLA-B*51:03,LLQALRAYGLN,91.667,59.756,44186.92
HLA-B*51:03,LQALRAYGLNT,75.0,56.768,43831.21
HLA-B*51:03,QALRAYGLNTI,9.253,4.302,24885.3
HLA-B*51:03,ALRAYGLNTIN,76.667,63.629,44613.02
HLA-B*51:03,LRAYGLNTINH,78.333,73.476,45585.99
HLA-B*51:03,RAYGLNTINHQ,63.571,74.838,45714.91
HLA-B*51:03,AYGLNTINHQG,91.667,86.711,46801.96
HLA-B*51:03,YGLNTINHQGS,86.667,76.822,45893.33
HLA-B*51:03,GLNTINHQGSD,100.0,95.889,48084.67
HLA-B*51:03,LNTINHQGSDA,85.0,76.656,45878.41
HLA-B*51:03,NTINHQGSDAE,83.75,88.074,46933.29
HLA-B*51:03,TINHQGSDAEK,81.25,91.985,47341.3
HLA-B*51:03,INHQGSDAEKR,85.0,95.905,48091.96
HLA-B*51:03,NHQGSDAEKRG,90.0,94.959,47675.41
HLA-B*51:03,HQGSDAEKRGM,55.0,85.268,46663.41
HLA-B*51:03,QGSDAEKRGMP,73.571,88.574,46981.55
HLA-B*51:03,GSDAEKRGMPP,82.5,79.258,46112.34
HLA-B*51:03,SDAEKRGMPPL,30.432,32.312,39940.16
HLA-B*51:03,DAEKRGMPPLV,2.008,2.404,20524.96
HLA-B*51:03,AEKRGMPPLVG,68.182,71.701,45418.61
HLA-B*51:03,EKRGMPPLVGE,49.0,76.074,45826.34
HLA-B*51:03,KRGMPPLVGEE,90.0,95.232,47785.43
HLA-B*51:03,RGMPPLVGEEM,11.128,19.427,36270.73
HLA-B*51:03,GMPPLVGEEMK,33.429,44.083,42107.09
HLA-B*51:03,MPPLVGEEMKT,10.776,9.021,30614.89
HLA-B*51:03,PPLVGEEMKTT,47.25,67.899,45050.08
HLA-B*51:03,PLVGEEMKTTN,100.0,97.159,48668.29
HLA-B*51:03,LVGEEMKTTNG,97.5,92.155,47360.27
HLA-B*51:03,VGEEMKTTNGM,32.452,37.885,41064.6
HLA-B*51:03,GEEMKTTNGMA,68.182,66.757,44937.12
HLA-B*51:03,EEMKTTNGMAA,24.182,23.341,37598.52
HLA-B*51:03,EMKTTNGMAAI,24.39,18.553,35940.62
HLA-B*51:03,MKTTNGMAAIQ,80.0,50.507,43044.47
HLA-B*51:03,KTTNGMAAIQR,78.333,89.342,47055.85
HLA-B*51:03,TTNGMAAIQRV,18.476,12.608,33125.33
HLA-B*51:03,TNGMAAIQRVR,66.818,59.152,44114.77
HLA-B*51:03,NGMAAIQRVRK,46.556,56.812,43836.44
HLA-B*51:03,GMAAIQRVRKG,91.667,84.48,46589.77
HLA-B*51:03,MAAIQRVRKGI,13.064,7.333,29044.12
HLA-B*51:03,AAIQRVRKGIL,10.829,31.94,39858.6
HLA-B*51:03,AIQRVRKGILL,45.1,55.756,43711.41
HLA-B*51:03,IQRVRKGILLA,45.3,39.835,41415.75
HLA-B*51:03,QRVRKGILLAL,41.583,49.68,42935.62
HLA-B*51:03,RVRKGILLALY,56.0,57.892,43964.69
HLA-B*51:03,VRKGILLALYI,43.364,20.925,36816.35
HLA-B*51:03,RKGILLALYIV,72.143,43.661,42041.96
HLA-B*51:03,KGILLALYIVS,91.667,70.501,45305.71
HLA-B*51:03,GILLALYIVSN,100.0,96.404,48320.43
HLA-B*51:03,ILLALYIVSNQ,86.667,83.888,46535.36
HLA-B*51:03,LLALYIVSNQD,97.5,81.035,46273.77
HLA-B*51:03,LALYIVSNQDN,97.5,74.061,45641.27
HLA-B*51:03,ALYIVSNQDNN,97.5,95.268,47801.45
HLA-B*51:03,LYIVSNQDNNI,45.4,24.482,37948.8
HLA-B*51:03,YIVSNQDNNID,83.75,65.276,44791.0
HLA-B*51:03,IVSNQDNNIDT,90.0,92.127,47357.18
HLA-B*51:03,VSNQDNNIDTK,61.786,90.622,47188.89
HLA-B*51:03,SNQDNNIDTKD,91.667,96.278,48262.41
HLA-B*51:03,NQDNNIDTKDL,32.0,60.813,44304.68
HLA-B*51:03,QDNNIDTKDLQ,69.545,95.9,48089.36
HLA-B*51:03,DNNIDTKDLQE,74.286,95.348,47838.18
HLA-B*51:03,NNIDTKDLQEG,83.75,89.737,47094.04
HLA-B*51:03,NIDTKDLQEGK,52.222,88.563,46980.55
HLA-B*51:03,IDTKDLQEGKF,42.077,63.291,44575.86
HLA-B*51:03,DTKDLQEGKFI,9.567,10.792,31950.29
HLA-B*51:03,TKDLQEGKFIL,35.917,50.693,43068.24
HLA-B*51:03,KDLQEGKFILA,44.364,56.232,43767.71
HLA-B*51:03,DLQEGKFILAE,45.8,58.924,44087.58
HLA-B*51:03,LQEGKFILAEY,53.704,49.64,42930.06
HLA-B*51:03,QEGKFILAEYM,33.107,28.627,39077.13
HLA-B*51:03,EGKFILAEYMN,70.714,54.964,43617.38
HLA-B*51:03,GKFILAEYMNS,97.5,91.203,47253.79
HLA-B*51:03,KFILAEYMNSR,78.333,84.507,46592.26
HLA-B*51:03,FILAEYMNSRG,90.0,61.832,44416.02
HLA-B*51:03,ILAEYMNSRGN,93.333,80.832,46255.24
HLA-B*51:03,LAEYMNSRGNC,79.167,55.184,43643.83
HLA-B*51:03,AEYMNSRGNCK,65.0,68.307,45090.54
HLA-B*51:03,EYMNSRGNCKA,52.222,52.247,43267.21
HLA-B*51:03,YMNSRGNCKAR,75.833,73.977,45633.38
HLA-B*51:03,MNSRGNCKARD,97.5,92.713,47422.83
HLA-B*51:03,NSRGNCKARDD,97.5,95.966,48119.54
HLA-B*51:03,SRGNCKARDDA,95.0,95.174,47759.05
HLA-B*51:03,RGNCKARDDAF,68.182,63.049,44549.36
HLA-B*51:03,GNCKARDDAFV,85.0,76.113,45829.8
HLA-B*51:03,NCKARDDAFVP,47.75,53.082,43374.55
HLA-B*51:03,CKARDDAFVPS,91.667,70.355,45291.98
HLA-B*51:03,KARDDAFVPSE,60.0,82.108,46371.99
HLA-B*51:03,ARDDAFVPSEC,45.3,79.795,46160.74
HLA-B*51:03,RDDAFVPSECE,78.333,72.422,45486.47
HLA-B*51:03,DDAFVPSECEN,77.5,66.526,44914.29
HLA-B*51:03,DAFVPSECENG,35.875,23.104,37523.75
HLA-B*51:03,AFVPSECENGS,78.333,84.808,46620.0
HLA-B*51:03,FVPSECENGSM,34.846,30.248,39467.62
HLA-B*51:03,VPSECENGSMP,20.797,25.022,38108.02
HLA-B*51:03,PSECENGSMPH,88.333,92.511,47400.23
HLA-B*51:03,SECENGSMPHD,83.75,87.142,46843.5
HLA-B*51:03,ECENGSMPHDL,41.333,54.336,43536.28
HLA-B*51:03,CENGSMPHDLA,58.75,34.634,40427.98
HLA-B*51:03,ENGSMPHDLAR,31.735,64.763,44737.74
HLA-B*51:03,NGSMPHDLARA,52.407,40.896,41595.84
HLA-B*51:03,GSMPHDLARAV,6.704,6.304,27826.87
HLA-B*51:03,SMPHDLARAVA,17.119,9.662,31135.69
HLA-B*51:03,MPHDLARAVAM,1.847,1.258,15829.93
HLA-B*51:03,PHDLARAVAMT,88.333,85.116,46648.76
HLA-B*51:03,HDLARAVAMTP,41.333,29.469,39282.3
HLA-B*51:03,DLARAVAMTPG,66.364,48.312,42743.75
HLA-B*51:03,LARAVAMTPGE,70.714,58.276,44010.36
HLA-B*51:03,ARAVAMTPGES,95.0,92.251,47371.02
HLA-B*51:03,RAVAMTPGESS,57.5,70.647,45319.45
HLA-B*51:03,AVAMTPGESSA,32.419,51.641,43189.57
HLA-B*51:03,VAMTPGESSAN,36.524,51.977,43232.57
HLA-B*51:03,AMTPGESSANK,61.429,75.321,45758.95
HLA-B*51:03,MTPGESSANKG,70.714,61.125,44338.72
HLA-B*51:03,TPGESSANKGG,64.286,71.895,45436.8
HLA-B*51:03,PGESSANKGGD,100.0,98.056,49085.0
HLA-B*51:03,GESSANKGGDA,81.25,90.393,47163.4
HLA-B*51:03,ESSANKGGDAD,91.667,91.144,47247.14
HLA-B*51:03,SSANKGGDADV,46.778,57.544,43923.32
HLA-B*51:03,SANKGGDADVA,42.154,52.914,43352.96
HLA-B*51:03,ANKGGDADVAT,86.667,96.189,48221.71
HLA-B*51:03,NKGGDADVATS,86.667,95.024,47690.91
HLA-B*51:03,KGGDADVATSS,83.75,95.937,48106.54
HLA-B*51:03,GGDADVATSSG,90.0,88.926,47015.62
HLA-B*51:03,GDADVATSSGK,74.286,87.963,46922.63
HLA-B*51:03,DADVATSSGKL,4.359,12.082,32813.9
HLA-B*51:03,ADVATSSGKLL,19.0,38.203,41123.73
HLA-B*51:03,DVATSSGKLLR,26.383,48.912,42829.38
HLA-B*51:03,VATSSGKLLRQ,60.357,77.536,45957.42
HLA-B*51:03,ATSSGKLLRQA,43.455,70.694,45323.86
HLA-B*51:03,TSSGKLLRQAT,72.857,75.526,45777.28
HLA-B*51:03,SSGKLLRQATT,75.0,67.008,44961.93
HLA-B*51:03,SGKLLRQATTT,65.909,72.401,45484.5
HLA-B*51:03,GKLLRQATTTT,85.0,92.708,47422.31
HLA-B*51:03,KLLRQATTTTD,97.5,95.081,47716.69
HLA-B*51:03,LLRQATTTTDQ,91.667,93.44,47504.46
HLA-B*51:03,LRQATTTTDQT,82.5,77.137,45921.63
HLA-B*51:03,RQATTTTDQTL,23.69,46.188,42431.34
HLA-B*51:03,QATTTTDQTLA,31.118,42.984,41938.38
HLA-B*51:03,ATTTTDQTLAR,67.727,90.732,47201.16
HLA-B*51:03,TTTTDQTLARA,46.667,58.284,44011.33
HLA-B*51:03,TTTDQTLARAQ,72.857,85.789,46713.42
HLA-B*51:03,TTDQTLARAQD,91.667,86.8,46810.56
HLA-B*51:03,TDQTLARAQDS,88.333,89.437,47065.01
HLA-B*51:03,DQTLARAQDSE,72.143,86.574,46788.8
HLA-B*51:03,QTLARAQDSEK,78.333,90.137,47134.82
HLA-B*51:03,TLARAQDSEKE,93.333,95.91,48094.04
HLA-B*51:03,LARAQDSEKET,63.929,85.553,46690.68
HLA-B*51:03,ARAQDSEKETE,81.25,96.984,48587.26
HLA-B*51:03,RAQDSEKETEL,18.524,62.373,44475.18
HLA-B*51:03,AQDSEKETELR,50.0,92.264,47372.54
HLA-B*51:03,QDSEKETELRE,72.143,95.853,48068.02
HLA-B*51:03,DSEKETELREV,15.925,27.244,38713.97
HLA-B*51:03,SEKETELREVR,43.364,68.479,45107.61
HLA-B*51:03,EKETELREVRV,32.71,44.457,42166.35
HLA-B*51:03,KETELREVRVG,75.833,78.843,46074.91
HLA-B*51:03,ETELREVRVGT,58.5,67.293,44990.15
HLA-B*51:03,TELREVRVGTA,50.741,47.799,42669.34
HLA-B*51:03,ELREVRVGTAI,14.169,14.554,34177.49
HLA-B*51:03,LREVRVGTAID,66.364,57.372,43902.9
HLA-B*51:03,REVRVGTAIDP,68.182,69.267,45185.79
HLA-B*51:03,EVRVGTAIDPP,59.0,60.163,44233.79
HLA-B*51:03,VRVGTAIDPPR,88.333,88.068,46932.8
HLA-B*51:03,RVGTAIDPPRQ,95.0,96.233,48242.06
HLA-B*51:03,VGTAIDPPRQV,2.333,8.971,30572.19
HLA-B*51:03,GTAIDPPRQVA,18.695,50.584,43054.27
HLA-B*51:03,TAIDPPRQVAF,2.416,11.234,32255.61
HLA-B*51:03,AIDPPRQVAFM,12.84,21.195,36908.09
HLA-B*51:03,IDPPRQVAFMH,25.612,30.259,39470.2
HLA-B*51:03,DPPRQVAFMHA,5.71,4.035,24378.15
HLA-B*51:03,PPRQVAFMHAL,12.1,15.578,34666.86
HLA-B*51:03,PRQVAFMHALD,93.333,78.466,46041.05
HLA-B*51:03,RQVAFMHALDQ,83.75,61.292,44356.97
HLA-B*51:03,QVAFMHALDQP,64.286,43.747,42055.17
HLA-B*51:03,VAFMHALDQPS,59.75,25.123,38136.07
HLA-B*51:03,AFMHALDQPSR,74.286,80.241,46201.22
HLA-B*51:03,FMHALDQPSRA,19.541,25.332,38194.72
HLA-B*51:03,MHALDQPSRAG,53.704,46.953,42543.49
HLA-B*51:03,HALDQPSRAGA,18.896,38.179,41119.27
HLA-B*51:03,ALDQPSRAGAD,90.0,94.543,47628.52
HLA-B*51:03,LDQPSRAGADH,53.333,76.772,45888.86
HLA-B*51:03,DQPSRAGADHM,19.642,31.573,39774.58
HLA-B*51:03,QPSRAGADHMA,19.095,29.124,39199.96
HLA-B*51:03,PSRAGADHMAE,93.333,95.38,47852.69
HLA-B*51:03,SRAGADHMAEY,42.923,67.013,44962.43
HLA-B*51:03,RAGADHMAEYA,57.75,48.101,42713.69
HLA-B*51:03,AGADHMAEYAE,83.75,87.426,46870.88
HLA-B*51:03,GADHMAEYAEI,26.067,14.056,33934.3
HLA-B*51:03,ADHMAEYAEIP,71.429,44.603,42189.61
HLA-B*51:03,DHMAEYAEIPI,17.207,4.979,26017.18
HLA-B*51:03,HMAEYAEIPIK,55.5,38.228,41128.18
HLA-B*51:03,MAEYAEIPIKS,32.774,33.255,40142.93
HLA-B*51:03,AEYAEIPIKSY,23.954,45.155,42275.98
HLA-B*51:03,EYAEIPIKSYK,31.147,49.643,42930.53
HLA-B*51:03,YAEIPIKSYKL,9.86,18.458,35904.48
HLA-B*51:03,AEIPIKSYKLL,9.085,12.386,32993.7
HLA-B*51:03,EIPIKSYKLLY,16.129,11.973,32747.22
HLA-B*51:03,IPIKSYKLLYW,6.192,2.368,20409.15
HLA-B*51:03,PIKSYKLLYWV,63.214,39.686,41389.77
HLA-B*51:03,IKSYKLLYWVR,88.333,54.792,43595.2
HLA-B*51:03,KSYKLLYWVRE,85.0,72.542,45497.79
HLA-B*51:03,SYKLLYWVREK,90.0,79.192,46106.33
HLA-B*51:03,YKLLYWVREKE,88.333,74.243,45658.55
HLA-B*51:03,KLLYWVREKER,88.333,90.965,47227.22
HLA-B*51:03,LLYWVREKERL,42.154,32.016,39875.85
HLA-B*51:03,LYWVREKERLY,45.3,49.552,42917.99
HLA-B*51:03,YWVREKERLYQ,69.091,85.926,46726.56
HLA-B*51:03,WVREKERLYQF,17.135,32.282,39933.7
HLA-B*51:03,VREKERLYQFL,58.5,59.976,44213.23
HLA-B*51:03,REKERLYQFLI,31.412,20.143,36536.21
HLA-B*51:03,EKERLYQFLIK,69.091,42.193,41807.01
HLA-B*51:03,KERLYQFLIKD,88.333,64.736,44734.83
HLA-B*51:03,ERLYQFLIKDE,95.0,93.074,47463.37
HLA-B*51:03,RLYQFLIKDEF,41.167,40.481,41525.7
HLA-B*51:03,LYQFLIKDEFE,80.0,64.271,44683.56
HLA-B*51:03,YQFLIKDEFEA,41.667,26.791,38591.85
HLA-B*51:03,QFLIKDEFEAL,39.471,47.941,42690.58
HLA-B*51:03,FLIKDEFEALV,33.607,19.047,36129.33
HLA-B*51:03,LIKDEFEALVG,71.429,58.112,43990.84
HLA-B*51:03,IKDEFEALVGG,75.0,69.892,45247.9
HLA-B*51:03,KDEFEALVGGK,77.5,83.751,46522.75
HLA-B*51:03,DEFEALVGGKF,7.355,14.535,34168.23
HLA-B*51:03,EFEALVGGKFN,58.5,63.704,44621.21
HLA-B*51:03,FEALVGGKFND,68.636,63.493,44598.06
HLA-B*51:03,EALVGGKFNDP,37.789,41.19,41644.02
HLA-B*51:03,ALVGGKFNDPF,60.357,55.18,43643.36
HLA-B*51:03,LVGGKFNDPFC,71.429,60.422,44262.04
HLA-B*51:03,VGGKFNDPFCS,91.667,74.859,45716.89
HLA-B*51:03,GGKFNDPFCSR,64.286,91.985,47341.3
HLA-B*51:03,GKFNDPFCSRF,48.75,51.324,43148.92
HLA-B*51:03,KFNDPFCSRFS,64.643,73.8,45616.57
HLA-B*51:03,FNDPFCSRFSA,14.818,0.837,13212.28
HLA-B*51:03,NDPFCSRFSAS,29.136,12.768,33220.79
HLA-B*51:03,DPFCSRFSASP,8.604,2.16,19749.62
HLA-B*51:03,PFCSRFSASPV,82.5,32.742,40034.06
HLA-B*51:03,FCSRFSASPVT,64.643,35.523,40607.73
HLA-B*51:03,CSRFSASPVTT,74.286,45.921,42391.87
HLA-B*51:03,SRFSASPVTTL,8.417,23.004,37492.11
HLA-B*51:03,RFSASPVTTLR,36.524,51.255,43140.07
HLA-B*51:03,FSASPVTTLRV,7.474,6.239,27743.9
HLA-B*51:03,SASPVTTLRVK,18.232,26.425,38494.66
HLA-B*51:03,ASPVTTLRVKM,23.54,26.942,38631.94
HLA-B*51:03,SPVTTLRVKML,4.232,8.437,30104.76
HLA-B*51:03,PVTTLRVKMLI,50.185,29.472,39283.16
HLA-B*51:03,VTTLRVKMLIG,77.5,42.932,41929.75
HLA-B*51:03,TTLRVKMLIGG,75.833,53.297,43402.25
HLA-B*51:03,TLRVKMLIGGG,97.5,86.537,46785.24
HLA-B*51:03,LRVKMLIGGGA,85.0,65.581,44821.05
HLA-B*51:03,RVKMLIGGGAY,67.727,66.417,44903.6
HLA-B*51:03,VKMLIGGGAYL,38.722,36.152,40732.27
HLA-B*51:03,KMLIGGGAYLM,57.5,37.855,41058.83
HLA-B*51:03,MLIGGGAYLMH,54.63,42.368,41835.97
HLA-B*51:03,LIGGGAYLMHM,65.909,44.658,42198.29
HLA-B*51:03,IGGGAYLMHMW,55.75,36.8,40858.08
HLA-B*51:03,GGGAYLMHMWQ,93.333,89.058,47028.36
HLA-B*51:03,GGAYLMHMWQG,95.0,83.319,46483.02
HLA-B*51:03,GAYLMHMWQGE,81.25,80.772,46249.72
HLA-B*51:03,AYLMHMWQGEV,65.455,23.655,37697.51
HLA-B*51:03,YLMHMWQGEVH,44.545,32.782,40042.73
HLA-B*51:03,LMHMWQGEVHQ,83.75,60.444,44264.44
HLA-B*51:03,MHMWQGEVHQK,56.0,49.471,42906.84
HLA-B*51:03,HMWQGEVHQKR,43.091,65.807,44843.38
HLA-B*51:03,MWQGEVHQKRS,90.0,87.326,46861.24
HLA-B*51:03,WQGEVHQKRST,61.071,77.547,45958.4
HLA-B*51:03,QGEVHQKRSTL,38.222,59.696,44179.74
HLA-B*51:03,GEVHQKRSTLY,49.286,63.418,44589.86
HLA-B*51:03,EVHQKRSTLYD,57.5,62.812,44523.34
HLA-B*51:03,VHQKRSTLYDE,83.75,90.133,47134.3
HLA-B*51:03,HQKRSTLYDER,75.833,93.079,47463.89
HLA-B*51:03,QKRSTLYDERE,95.0,95.959,48116.44
HLA-B*51:03,KRSTLYDEREK,93.333,95.834,48059.19
HLA-B*51:03,RSTLYDEREKF,29.591,50.398,43030.51
HLA-B*51:03,STLYDEREKFP,59.75,69.149,45174.05
HLA-B*51:03,TLYDEREKFPI,24.312,14.878,34336.49
HLA-B*51:03,LYDEREKFPIL,23.115,30.135,39441.16
HLA-B*51:03,YDEREKFPILA,38.0,41.556,41703.09
HLA-B*51:03,DEREKFPILAM,7.545,17.58,35554.25
HLA-B*51:03,EREKFPILAMR,46.111,63.489,44597.57
HLA-B*51:03,REKFPILAMRI,29.659,20.359,36613.36
HLA-B*51:03,EKFPILAMRIY,14.15,16.328,35011.39
HLA-B*51:03,KFPILAMRIYH,44.545,41.796,41741.92
HLA-B*51:03,FPILAMRIYHQ,24.39,20.701,36735.97
HLA-B*51:03,PILAMRIYHQR,65.0,76.157,45833.76
HLA-B*51:03,ILAMRIYHQRL,32.161,19.141,36164.13
HLA-B*51:03,LAMRIYHQRLQ,37.737,24.713,38017.02
HLA-B*51:03,AMRIYHQRLQI,28.306,16.374,35031.85
HLA-B*51:03,MRIYHQRLQII,30.432,14.461,34131.66
HLA-B*51:03,RIYHQRLQIIS,67.273,54.085,43503.8
HLA-B*51:03,IYHQRLQIISE,78.333,79.934,46173.22
HLA-B*51:03,YHQRLQIISEL,22.62,22.871,37449.94
HLA-B*51:03,HQRLQIISELQ,54.63,64.275,44684.05
HLA-B*51:03,QRLQIISELQP,56.5,69.464,45205.34
HLA-B*51:03,RLQIISELQPL,50.926,42.608,41875.82
HLA-B*51:03,LQIISELQPLV,17.943,11.047,32132.65
HLA-B*51:03,QIISELQPLVG,66.818,55.308,43658.47
HLA-B*51:03,IISELQPLVGD,75.0,69.67,45225.88
HLA-B*51:03,ISELQPLVGDM,40.688,37.316,40956.77
HLA-B*51:03,SELQPLVGDMG,45.2,58.264,44008.95
HLA-B*51:03,ELQPLVGDMGI,4.887,3.768,23849.31
HLA-B*51:03,LQPLVGDMGIA,41.833,18.445,35899.44
HLA-B*51:03,QPLVGDMGIAY,8.615,20.277,36584.07
HLA-B*51:03,PLVGDMGIAYS,95.0,93.408,47500.88
HLA-B*51:03,LVGDMGIAYSS,78.333,54.938,43614.09
HLA-B*51:03,VGDMGIAYSSG,93.333,69.508,45209.75
HLA-B*51:03,GDMGIAYSSGA,70.0,48.893,42826.61
HLA-B*51:03,DMGIAYSSGAA,59.75,35.033,40510.33
HLA-B*51:03,MGIAYSSGAAL,6.314,3.244,22708.31
HLA-B*51:03,GIAYSSGAALA,45.0,28.771,39113.09
HLA-B*51:03,IAYSSGAALAK,24.039,21.515,37014.07
HLA-B*51:03,AYSSGAALAKV,50.556,36.03,40708.48
HLA-B*51:03,YSSGAALAKVA,39.882,30.422,39508.22
HLA-B*51:03,SSGAALAKVAD,91.667,77.187,45926.11
HLA-B*51:03,SGAALAKVADE,91.667,91.134,47246.11
HLA-B*51:03,GAALAKVADEP,68.182,79.197,46106.83
HLA-B*51:03,AALAKVADEPE,81.25,82.448,46403.11
HLA-B*51:03,ALAKVADEPEQ,93.333,96.128,48194.04
HLA-B*51:03,LAKVADEPEQA,23.885,43.735,42053.35
HLA-B*51:03,AKVADEPEQAA,25.03,69.355,45194.59
HLA-B*51:03,KVADEPEQAAY,38.111,75.199,45748.06
HLA-B*51:03,VADEPEQAAYQ,40.812,73.763,45613.13
HLA-B*51:03,ADEPEQAAYQF,12.141,36.702,40839.06
HLA-B*51:03,DEPEQAAYQFH,25.194,48.812,42815.02
HLA-B*51:03,EPEQAAYQFHQ,32.419,51.204,43133.54
HLA-B*51:03,PEQAAYQFHQD,95.0,90.517,47177.18
HLA-B*51:03,EQAAYQFHQDS,41.417,42.466,41852.27
HLA-B*51:03,QAAYQFHQDSA,27.889,28.966,39161.8
HLA-B*51:03,AAYQFHQDSAE,49.714,49.37,42892.92
HLA-B*51:03,AYQFHQDSAEN,95.0,90.311,47154.21
HLA-B*51:03,YQFHQDSAENL,12.102,21.21,36912.88
HLA-B*51:03,QFHQDSAENLK,55.0,76.877,45898.27
HLA-B*51:03,FHQDSAENLKA,37.947,43.914,42080.67
HLA-B*51:03,HQDSAENLKAM,28.429,45.727,42362.52
HLA-B*51:03,QDSAENLKAMG,61.786,80.274,46204.23
HLA-B*51:03,DSAENLKAMGH,38.278,67.889,45049.09
HLA-B*51:03,SAENLKAMGHM,41.083,39.195,41304.33
HLA-B*51:03,AENLKAMGHML,29.75,48.984,42839.57
HLA-B*51:03,ENLKAMGHMLS,56.75,60.786,44301.79
HLA-B*51:03,NLKAMGHMLSI,6.008,2.643,21200.29
HLA-B*51:03,LKAMGHMLSIA,37.947,19.903,36448.94
HLA-B*51:03,KAMGHMLSIAG,45.3,38.734,41221.28
HLA-B*51:03,AMGHMLSIAGK,67.273,64.618,44721.76
HLA-B*51:03,MGHMLSIAGKL,25.91,14.056,33934.3
HLA-B*51:03,GHMLSIAGKLV,35.625,25.947,38367.02
HLA-B*51:03,HMLSIAGKLVN,76.667,52.874,43347.81
HLA-B*51:03,MLSIAGKLVNE,76.667,67.579,45018.39
HLA-B*51:03,LSIAGKLVNEA,30.811,33.192,40129.91
HLA-B*51:03,SIAGKLVNEAV,27.278,29.725,39343.56
HLA-B*51:03,IAGKLVNEAVL,13.143,20.704,36737.18
HLA-B*51:03,AGKLVNEAVLE,78.333,84.233,46567.09
HLA-B*51:03,GKLVNEAVLEV,30.0,41.352,41670.16
HLA-B*51:03,KLVNEAVLEVA,69.545,66.978,44959.0
HLA-B*51:03,LVNEAVLEVAA,43.818,38.501,41178.5
HLA-B*51:03,VNEAVLEVAAT,74.286,66.142,44876.39
HLA-B*51:03,NEAVLEVAATT,25.06,38.138,41111.71
HLA-B*51:03,EAVLEVAATTQ,44.182,59.876,44201.25
HLA-B*51:03,AVLEVAATTQP,55.0,63.089,44553.7
HLA-B*51:03,VLEVAATTQPK,78.333,80.821,46254.23
HLA-B*51:03,LEVAATTQPKS,72.857,71.811,45428.92
HLA-B*51:03,EVAATTQPKST,38.056,66.24,44886.11
HLA-B*51:03,VAATTQPKSTD,70.0,75.587,45782.71
HLA-B*51:03,AATTQPKSTDS,71.429,95.937,48106.54
HLA-B*51:03,ATTQPKSTDSK,63.571,93.875,47553.32
HLA-B*51:03,TTQPKSTDSKS,47.25,77.287,45935.05
HLA-B*51:03,TQPKSTDSKSH,61.786,94.497,47623.36
HLA-B*51:03,QPKSTDSKSHK,37.632,85.874,46721.5
HLA-B*51:03,PKSTDSKSHKR,82.5,97.309,48737.83
HLA-B*51:03,KSTDSKSHKRH,78.333,96.465,48348.67
HLA-B*51:03,STDSKSHKRHA,25.836,63.427,44590.84
HLA-B*51:03,TDSKSHKRHAE,83.75,95.445,47882.2
HLA-B*51:03,DSKSHKRHAET,41.333,60.114,44228.52
HLA-B*51:03,SKSHKRHAETK,88.333,95.031,47693.99
HLA-B*51:03,KSHKRHAETKD,95.0,95.452,47885.32
HLA-B*51:03,SHKRHAETKDE,91.667,96.214,48233.19
HLA-B*51:03,HKRHAETKDEG,88.333,95.89,48085.2
HLA-B*51:03,KRHAETKDEGY,70.714,95.048,47701.74
HLA-B*51:03,RHAETKDEGYH,77.5,95.231,47784.9
HLA-B*51:03,HAETKDEGYHT,45.9,79.513,46135.27
HLA-B*51:03,AETKDEGYHTT,40.188,78.439,46038.55
HLA-B*51:03,ETKDEGYHTTS,47.875,68.696,45129.09
HLA-B*51:03,TKDEGYHTTSQ,75.0,95.721,48007.73
HLA-B*51:03,KDEGYHTTSQH,60.357,89.347,47056.33
HLA-B*51:03,DEGYHTTSQHQ,49.714,85.158,46652.82
HLA-B*51:03,EGYHTTSQHQG,65.909,64.767,44738.23
HLA-B*51:03,GYHTTSQHQGD,100.0,95.835,48059.71
HLA-B*51:03,YHTTSQHQGDM,33.321,46.473,42473.12
HLA-B*51:03,HTTSQHQGDMI,33.857,29.332,39249.61
HLA-B*51:03,TTSQHQGDMIR,69.091,70.913,45344.45
HLA-B*51:03,TSQHQGDMIRV,24.208,28.817,39124.52
HLA-B*51:03,SQHQGDMIRVE,59.25,70.778,45331.7
HLA-B*51:03,QHQGDMIRVES,79.167,82.322,46391.55
HLA-B*51:03,HQGDMIRVESL,24.312,37.45,40982.03
HLA-B*51:03,QGDMIRVESLD,50.741,66.968,44958.05
HLA-B*51:03,GDMIRVESLDK,79.167,82.716,46427.71
HLA-B*51:03,DMIRVESLDKT,56.25,52.039,43240.54
HLA-B*51:03,MIRVESLDKTE,86.667,81.03,46273.26
HLA-B*51:03,IRVESLDKTET,77.5,89.221,47044.13
HLA-B*51:03,RVESLDKTETE,79.167,95.1,47725.5
HLA-B*51:03,VESLDKTETEN,91.667,95.066,47709.98
HLA-B*51:03,ESLDKTETENM,17.948,41.282,41658.9
HLA-B*51:03,SLDKTETENMA,57.75,73.914,45627.43
HLA-B*51:03,LDKTETENMAL,45.9,56.504,43799.93
HLA-B*51:03,DKTETENMALP,49.286,51.962,43230.7
HLA-B*51:03,KTETENMALPT,88.333,73.497,45587.96
HLA-B*51:03,TETENMALPTR,48.75,70.762,45330.23
HLA-B*51:03,ETENMALPTRL,17.202,24.442,37936.89
HLA-B*51:03,TENMALPTRLL,20.675,22.283,37264.41
HLA-B*51:03,ENMALPTRLLP,14.175,16.48,35079.64
HLA-B*51:03,NMALPTRLLPA,50.556,15.556,34656.36
HLA-B*51:03,MALPTRLLPAS,34.231,12.552,33092.36
HLA-B*51:03,ALPTRLLPAST,62.143,43.256,41980.16
HLA-B*51:03,LPTRLLPASTV,0.875,0.344,8372.59
HLA-B*51:03,PTRLLPASTVD,86.667,75.305,45757.47
HLA-B*51:03,TRLLPASTVDL,38.278,45.47,42323.58
HLA-B*51:03,RLLPASTVDLN,50.741,51.495,43170.88
HLA-B*51:03,LLPASTVDLNF,21.193,8.286,29968.6
HLA-B*51:03,LPASTVDLNFL,3.107,1.825,18503.42
HLA-B*51:03,PASTVDLNFLV,37.895,21.958,37161.33
HLA-B*51:03,ASTVDLNFLVE,76.667,60.426,44262.53
HLA-B*51:03,STVDLNFLVES,69.091,57.856,43960.41
HLA-B*51:03,TVDLNFLVESQ,79.167,87.395,46867.83
HLA-B*51:03,VDLNFLVESQP,65.909,57.384,43904.31
HLA-B*51:03,DLNFLVESQPR,68.182,61.292,44356.97
HLA-B*51:03,LNFLVESQPRL,19.899,22.181,37232.17
HLA-B*51:03,NFLVESQPRLL,27.926,32.266,39930.25
HLA-B*51:03,FLVESQPRLLR,40.5,45.809,42374.89
HLA-B*51:03,LVESQPRLLRA,33.679,37.447,40981.58
HLA-B*51:03,VESQPRLLRAF,22.94,34.894,40481.84
HLA-B*51:03,ESQPRLLRAFV,7.761,3.448,23197.53
HLA-B*51:03,SQPRLLRAFVV,26.133,9.083,30667.28
HLA-B*51:03,QPRLLRAFVVV,5.064,2.227,19958.64
HLA-B*51:03,PRLLRAFVVVD,97.5,82.547,46412.14
HLA-B*51:03,RLLRAFVVVDG,97.5,82.021,46363.98
HLA-B*51:03,LLRAFVVVDGK,61.786,57.056,43865.37
HLA-B*51:03,LRAFVVVDGKI,42.462,17.852,35667.91
HLA-B*51:03,RAFVVVDGKIT,53.889,29.742,39347.82
HLA-B*51:03,AFVVVDGKITE,86.667,92.923,47446.41
HLA-B*51:03,FVVVDGKITEG,73.571,76.944,45904.25
HLA-B*51:03,VVVDGKITEGS,79.167,91.395,47275.28
HLA-B*51:03,VVDGKITEGSL,24.558,48.25,42734.96
HLA-B*51:03,VDGKITEGSLQ,75.833,88.826,47005.95
HLA-B*51:03,DGKITEGSLQF,7.044,21.049,36859.8
HLA-B*51:03,GKITEGSLQFD,79.167,94.817,47659.43
HLA-B*51:03,KITEGSLQFDA,69.091,76.417,45857.09
HLA-B*51:03,ITEGSLQFDAR,75.833,79.025,46091.38
HLA-B*51:03,TEGSLQFDARR,65.0,77.071,45915.68
HLA-B*51:03,EGSLQFDARRA,51.111,49.051,42848.85
HLA-B*51:03,GSLQFDARRAR,69.545,84.94,46632.12
HLA-B*51:03,SLQFDARRARG,86.667,82.076,46368.97
HLA-B*51:03,LQFDARRARGG,77.5,71.284,45379.32
HLA-B*51:03,QFDARRARGGR,78.333,94.506,47624.37
HLA-B*51:03,FDARRARGGRV,49.857,37.054,40907.17
HLA-B*51:03,DARRARGGRVF,9.871,21.158,36895.71
HLA-B*51:03,ARRARGGRVFV,37.684,48.422,42759.47
HLA-B*51:03,RRARGGRVFVT,85.0,82.777,46433.25
HLA-B*51:03,RARGGRVFVTI,12.315,10.087,31442.06
HLA-B*51:03,ARGGRVFVTIA,69.091,57.624,43932.84
HLA-B*51:03,RGGRVFVTIAG,83.75,70.621,45317.0
HLA-B*51:03,GGRVFVTIAGK,44.364,82.295,46389.04
HLA-B*51:03,GRVFVTIAGKL,65.909,55.548,43686.8
HLA-B*51:03,RVFVTIAGKLA,62.143,42.779,41904.37
HLA-B*51:03,VFVTIAGKLAN,93.333,79.186,46105.85
HLA-B*51:03,FVTIAGKLANK,78.333,73.168,45556.89
HLA-B*51:03,VTIAGKLANKI,15.974,11.323,32314.3
HLA-B*51:03,TIAGKLANKIR,51.296,63.629,44613.02
HLA-B*51:03,IAGKLANKIRT,54.815,64.117,44666.65
HLA-B*51:03,AGKLANKIRTR,66.364,95.988,48129.97
HLA-B*51:03,GKLANKIRTRE,91.667,96.535,48380.58
HLA-B*51:03,KLANKIRTRET,85.0,91.77,47317.25
HLA-B*51:03,LANKIRTRETG,79.167,68.538,45113.49
HLA-B*51:03,ANKIRTRETGS,95.0,96.427,48330.87
HLA-B*51:03,NKIRTRETGSE,93.333,96.059,48162.26
HLA-B*51:03,KIRTRETGSEL,37.158,59.196,44120.03
HLA-B*51:03,IRTRETGSELP,67.727,73.513,45589.43
HLA-B*51:03,RTRETGSELPM,43.182,40.157,41470.91
HLA-B*51:03,TRETGSELPMY,59.0,70.256,45282.67
HLA-B*51:03,RETGSELPMYI,19.581,15.307,34539.57
HLA-B*51:03,ETGSELPMYIV,26.083,19.451,36279.76
HLA-B*51:03,TGSELPMYIVH,42.385,44.951,42244.88
HLA-B*51:03,GSELPMYIVHM,37.105,41.645,41717.54
HLA-B*51:03,SELPMYIVHMG,35.417,17.052,35334.49
HLA-B*51:03,ELPMYIVHMGR,51.296,31.168,39682.16
HLA-B*51:03,LPMYIVHMGRS,25.731,7.913,29627.18
HLA-B*51:03,PMYIVHMGRSF,57.75,38.138,41111.71
HLA-B*51:03,MYIVHMGRSFN,76.667,50.959,43102.28
HLA-B*51:03,YIVHMGRSFNM,34.038,16.418,35051.58
HLA-B*51:03,IVHMGRSFNMQ,72.857,49.441,42902.66
HLA-B*51:03,VHMGRSFNMQA,43.455,31.134,39674.43
HLA-B*51:03,HMGRSFNMQAI,41.417,18.57,35947.23
HLA-B*51:03,MGRSFNMQAIG,71.429,22.894,37457.23
HLA-B*51:03,GRSFNMQAIGQ,95.0,91.546,47292.14
HLA-B*51:03,RSFNMQAIGQA,44.182,35.684,40639.83
HLA-B*51:03,SFNMQAIGQAP,68.636,55.328,43660.81
HLA-B*51:03,FNMQAIGQAPK,67.727,50.036,42984.45
HLA-B*51:03,NMQAIGQAPKP,33.429,43.086,41954.26
HLA-B*51:03,MQAIGQAPKPQ,75.0,72.51,45494.83
HLA-B*51:03,QAIGQAPKPQV,6.08,12.705,33183.42
HLA-B*51:03,AIGQAPKPQVV,20.13,49.71,42939.81
HLA-B*51:03,IGQAPKPQVVV,9.633,16.803,35224.18
HLA-B*51:03,GQAPKPQVVVY,11.735,45.742,42364.81
HLA-B*51:03,QAPKPQVVVYR,18.28,54.767,43591.91
HLA-B*51:03,APKPQVVVYRV,1.69,4.652,25503.52
HLA-B*51:03,PKPQVVVYRVS,58.0,59.66,44175.43
HLA-B*51:03,KPQVVVYRVSR,38.722,46.047,42410.68
HLA-B*51:03,PQVVVYRVSRI,58.5,45.082,42265.02
HLA-B*51:03,QVVVYRVSRIF,36.714,35.921,40686.9
HLA-B*51:03,VVVYRVSRIFR,74.286,58.96,44091.87
HLA-B*51:03,VVYRVSRIFRV,16.089,8.626,30271.69
HLA-B*51:03,VYRVSRIFRVL,36.762,30.854,39609.68
HLA-B*51:03,YRVSRIFRVLA,48.25,28.158,38960.2
HLA-B*51:03,RVSRIFRVLAG,88.333,60.391,44258.67
HLA-B*51:03,VSRIFRVLAGA,63.214,35.196,40542.76
HLA-B*51:03,SRIFRVLAGAK,86.667,68.917,45151.07
HLA-B*51:03,RIFRVLAGAKS,88.333,79.884,46168.72
HLA-B*51:03,IFRVLAGAKSV,27.833,29.043,39180.45
HLA-B*51:03,FRVLAGAKSVF,33.036,34.074,40312.26
HLA-B*51:03,RVLAGAKSVFI,27.648,26.176,38428.5
HLA-B*51:03,VLAGAKSVFIN,72.857,63.388,44586.47
HLA-B*51:03,LAGAKSVFINT,54.259,47.025,42554.08
HLA-B*51:03,AGAKSVFINTN,95.0,90.316,47154.7
HLA-B*51:03,GAKSVFINTND,95.0,92.937,47447.97
HLA-B*51:03,AKSVFINTNDR,90.0,95.04,47698.11
HLA-B*51:03,KSVFINTNDRF,51.481,47.285,42592.77
HLA-B*51:03,SVFINTNDRFD,74.286,58.592,44048.02
HLA-B*51:03,VFINTNDRFDA,82.5,68.711,45130.57
HLA-B*51:03,FINTNDRFDAN,97.5,81.112,46280.78
HLA-B*51:03,INTNDRFDANF,62.5,50.729,43072.91
HLA-B*51:03,NTNDRFDANFV,23.172,17.317,35444.38
HLA-B*51:03,TNDRFDANFVE,69.545,66.58,44919.62
HLA-B*51:03,NDRFDANFVEM,21.982,28.247,38982.54
HLA-B*51:03,DRFDANFVEMK,42.0,47.17,42575.74
HLA-B*51:03,RFDANFVEMKR,63.571,75.631,45786.7
HLA-B*51:03,FDANFVEMKRT,72.857,60.101,44227.09
HLA-B*51:03,DANFVEMKRTL,1.959,3.757,23826.62
HLA-B*51:03,ANFVEMKRTLL,44.909,46.956,42543.96
HLA-B*51:03,NFVEMKRTLLA,37.158,21.41,36979.23
HLA-B*51:03,FVEMKRTLLAS,74.286,40.41,41513.57
HLA-B*51:03,VEMKRTLLASR,62.143,59.468,44152.51
HLA-B*51:03,EMKRTLLASRV,27.611,16.601,35133.59
HLA-B*51:03,MKRTLLASRVY,41.333,28.814,39123.68
HLA-B*51:03,KRTLLASRVYT,91.667,79.186,46105.85
HLA-B*51:03,RTLLASRVYTL,24.974,23.798,37742.83
HLA-B*51:03,TLLASRVYTLM,30.0,20.486,36658.96
HLA-B*51:03,LLASRVYTLMG,68.636,41.265,41656.19
HLA-B*51:03,LASRVYTLMGP,62.857,31.399,39735.02
HLA-B*51:03,ASRVYTLMGPH,86.667,72.891,45530.79
HLA-B*51:03,SRVYTLMGPHL,45.1,35.302,40563.82
HLA-B*51:03,RVYTLMGPHLL,19.872,20.34,36606.63
HLA-B*51:03,VYTLMGPHLLV,25.627,9.169,30739.71
HLA-B*51:03,YTLMGPHLLVL,13.768,8.098,29798.86
HLA-B*51:03,TLMGPHLLVLT,48.375,39.198,41304.79
HLA-B*51:03,LMGPHLLVLTG,41.667,14.807,34301.59
HLA-B*51:03,MGPHLLVLTGE,79.167,33.021,40094.75
HLA-B*51:03,GPHLLVLTGEK,54.444,63.493,44598.06
HLA-B*51:03,PHLLVLTGEKI,55.5,36.961,40889.47
HLA-B*51:03,HLLVLTGEKII,35.375,29.593,39312.08
HLA-B*51:03,LLVLTGEKIIA,73.571,64.315,44688.38
HLA-B*51:03,LVLTGEKIIAL,24.455,31.431,39742.32
HLA-B*51:03,VLTGEKIIALG,67.727,68.652,45124.69
HLA-B*51:03,LTGEKIIALGN,78.333,75.543,45778.75
HLA-B*51:03,TGEKIIALGNC,77.5,74.097,45644.74
HLA-B*51:03,GEKIIALGNCF,55.75,53.078,43374.07
HLA-B*51:03,EKIIALGNCFA,64.286,46.687,42504.38
HLA-B*51:03,KIIALGNCFAE,90.0,79.075,46095.86
HLA-B*51:03,IIALGNCFAEM,55.0,25.343,38197.61
HLA-B*51:03,IALGNCFAEMC,56.5,29.163,39209.29
HLA-B*51:03,ALGNCFAEMCS,97.5,89.458,47067.05
HLA-B*51:03,LGNCFAEMCSK,71.429,64.649,44725.16
HLA-B*51:03,GNCFAEMCSKF,64.643,49.545,42917.05
HLA-B*51:03,NCFAEMCSKFL,40.0,26.658,38556.35
HLA-B*51:03,CFAEMCSKFLD,95.0,41.486,41691.82
HLA-B*51:03,FAEMCSKFLDF,42.231,13.13,33430.29
HLA-B*51:03,AEMCSKFLDFS,72.143,42.787,41905.72
HLA-B*51:03,EMCSKFLDFSN,90.0,57.332,43898.14
HLA-B*51:03,MCSKFLDFSNA,58.5,28.053,38934.08
HLA-B*51:03,CSKFLDFSNAL,37.579,17.155,35376.94
HLA-B*51:03,SKFLDFSNALA,44.273,35.013,40506.38
HLA-B*51:03,KFLDFSNALAH,65.0,65.925,44855.03
HLA-B*51:03,FLDFSNALAHH,73.571,67.165,44977.5
HLA-B*51:03,LDFSNALAHHL,22.99,17.692,35600.82
HLA-B*51:03,DFSNALAHHLP,37.368,32.815,40050.1
HLA-B*51:03,FSNALAHHLPI,13.699,1.65,17745.59
HLA-B*51:03,SNALAHHLPIL,30.162,20.41,36631.6
HLA-B*51:03,NALAHHLPILM,12.361,6.256,27765.83
HLA-B*51:03,ALAHHLPILMK,52.778,60.031,44219.45
HLA-B*51:03,LAHHLPILMKK,33.0,36.63,40824.92
HLA-B*51:03,AHHLPILMKKT,63.214,71.957,45442.69
HLA-B*51:03,HHLPILMKKTH,33.464,64.424,44700.48
HLA-B*51:03,HLPILMKKTHP,57.5,52.217,43263.47
HLA-B*51:03,LPILMKKTHPA,9.111,3.109,22391.13
HLA-B*51:03,PILMKKTHPAL,55.5,46.784,42518.64
HLA-B*51:03,ILMKKTHPALV,26.9,16.205,34956.88
HLA-B*51:03,LMKKTHPALVG,66.818,45.252,42290.62
HLA-B*51:03,MKKTHPALVGS,67.727,63.462,44594.69
HLA-B*51:03,KKTHPALVGSL,49.429,56.02,43742.62
HLA-B*51:03,KTHPALVGSLG,54.444,33.726,40240.34
HLA-B*51:03,THPALVGSLGG,75.833,41.31,41663.41
HLA-B*51:03,HPALVGSLGGE,38.056,37.536,40998.45
HLA-B*51:03,PALVGSLGGEK,91.667,95.036,47696.57
HLA-B*51:03,ALVGSLGGEKY,62.143,80.619,46235.73
HLA-B*51:03,LVGSLGGEKYL,41.167,47.198,42579.89
HLA-B*51:03,VGSLGGEKYLV,38.389,38.324,41145.98
HLA-B*51:03,GSLGGEKYLVE,74.286,86.163,46749.32
HLA-B*51:03,SLGGEKYLVEA,66.818,64.271,44683.56
HLA-B*51:03,LGGEKYLVEAD,95.0,80.345,46210.72
HLA-B*51:03,GGEKYLVEADG,97.5,95.015,47686.76
HLA-B*51:03,GEKYLVEADGG,97.5,95.134,47740.98
HLA-B*51:03,EKYLVEADGGN,95.0,93.495,47510.65
HLA-B*51:03,KYLVEADGGNS,97.5,95.467,47892.05
HLA-B*51:03,YLVEADGGNSL,13.38,30.495,39525.32
HLA-B*51:03,LVEADGGNSLA,29.977,46.837,42526.48
HLA-B*51:03,VEADGGNSLAA,30.838,43.315,41989.23
HLA-B*51:03,EADGGNSLAAE,40.75,63.981,44651.64
HLA-B*51:03,ADGGNSLAAEP,75.0,84.896,46628.09
HLA-B*51:03,DGGNSLAAEPP,72.143,59.532,44160.14
HLA-B*51:03,GGNSLAAEPPF,58.75,52.042,43240.99
HLA-B*51:03,GNSLAAEPPFI,54.259,28.417,39024.75
HLA-B*51:03,NSLAAEPPFIE,40.75,34.471,40394.34
HLA-B*51:03,SLAAEPPFIES,38.5,59.052,44102.85
HLA-B*51:03,LAAEPPFIESE,34.615,55.212,43647.12
HLA-B*51:03,AAEPPFIESEG,47.0,70.913,45344.45
HLA-B*51:03,AEPPFIESEGD,77.5,78.71,46062.96
HLA-B*51:03,EPPFIESEGDE,50.0,72.672,45510.09
HLA-B*51:03,PPFIESEGDEK,60.0,85.532,46688.66
HLA-B*51:03,PFIESEGDEKF,54.444,74.843,45715.41
HLA-B*51:03,FIESEGDEKFL,44.455,62.267,44463.63
HLA-B*51:03,IESEGDEKFLI,18.567,22.634,37375.05
HLA-B*51:03,ESEGDEKFLIV,9.143,15.59,34672.5
HLA-B*51:03,SEGDEKFLIVG,48.125,58.34,44018.0
HLA-B*51:03,EGDEKFLIVGI,11.511,14.618,34208.56
HLA-B*51:03,GDEKFLIVGIF,59.25,49.421,42899.87
HLA-B*51:03,DEKFLIVGIFL,12.847,22.387,37297.08
HLA-B*51:03,EKFLIVGIFLE,71.429,67.092,44970.2
HLA-B*51:03,KFLIVGIFLET,88.333,83.215,46473.46
HLA-B*51:03,FLIVGIFLETD,95.0,80.756,46248.23
HLA-B*51:03,LIVGIFLETDP,93.333,73.935,45629.4
HLA-B*51:03,IVGIFLETDPS,95.0,75.244,45752.01
HLA-B*51:03,VGIFLETDPSY,33.786,44.414,42159.5
HLA-B*51:03,GIFLETDPSYL,39.647,41.637,41716.19
HLA-B*51:03,IFLETDPSYLL,15.899,18.303,35845.49
HLA-B*51:03,FLETDPSYLLG,40.875,32.825,40052.27
HLA-B*51:03,LETDPSYLLGR,35.0,59.164,44116.22
HLA-B*51:03,ETDPSYLLGRD,62.857,52.797,43337.95
HLA-B*51:03,TDPSYLLGRDR,56.5,72.803,45522.41
HLA-B*51:03,DPSYLLGRDRN,58.5,52.29,43272.82
HLA-B*51:03,PSYLLGRDRNY,70.714,72.98,45539.15
HLA-B*51:03,SYLLGRDRNYE,83.75,88.984,47021.23
HLA-B*51:03,YLLGRDRNYET,65.909,67.441,45004.75
HLA-B*51:03,LLGRDRNYETI,37.947,27.525,38790.7
HLA-B*51:03,LGRDRNYETII,35.542,29.865,39377.21
HLA-B*51:03,GRDRNYETIIH,86.667,93.024,47457.71
HLA-B*51:03,RDRNYETIIHP,56.5,62.087,44443.9
HLA-B*51:03,DRNYETIIHPM,35.583,30.277,39474.47
HLA-B*51:03,RNYETIIHPMR,54.815,59.964,44211.77
HLA-B*51:03,NYETIIHPMRI,16.142,9.469,30992.85
HLA-B*51:03,YETIIHPMRII,17.56,8.775,30401.32
HLA-B*51:03,ETIIHPMRIIE,41.417,31.616,39784.48
HLA-B*51:03,TIIHPMRIIEF,25.269,26.658,38556.35
HLA-B*51:03,IIHPMRIIEFQ,42.231,32.234,39923.32
HLA-B*51:03,IHPMRIIEFQH,48.625,51.327,43149.39
HLA-B*51:03,HPMRIIEFQHS,22.8,16.284,34991.7
HLA-B*51:03,PMRIIEFQHST,73.571,62.478,44486.75
HLA-B*51:03,MRIIEFQHSTR,66.364,59.164,44116.22
HLA-B*51:03,RIIEFQHSTRD,83.75,82.388,46397.6
HLA-B*51:03,IIEFQHSTRDY,46.444,53.713,43455.8
HLA-B*51:03,IEFQHSTRDYP,45.7,40.545,41536.49
HLA-B*51:03,EFQHSTRDYPA,58.75,44.026,42097.96
HLA-B*51:03,FQHSTRDYPAT,56.5,50.664,43064.52
HLA-B*51:03,QHSTRDYPATA,35.875,45.194,42281.92
HLA-B*51:03,HSTRDYPATAN,80.0,80.783,46250.73
HLA-B*51:03,STRDYPATANP,39.941,39.347,41330.71
HLA-B*51:03,TRDYPATANPE,82.5,81.55,46320.85
HLA-B*51:03,RDYPATANPER,48.5,71.879,45435.31
HLA-B*51:03,DYPATANPERA,19.155,23.817,37748.94
HLA-B*51:03,YPATANPERAA,5.792,8.423,30092.4
HLA-B*51:03,PATANPERAAD,97.5,96.595,48408.32
HLA-B*51:03,ATANPERAADL,36.286,53.975,43489.67
HLA-B*51:03,TANPERAADLF,10.822,16.273,34987.17
HLA-B*51:03,ANPERAADLFT,63.929,57.28,43891.97
HLA-B*51:03,NPERAADLFTT,33.143,26.088,38405.21
HLA-B*51:03,PERAADLFTTY,22.77,39.779,41405.89
HLA-B*51:03,ERAADLFTTYK,29.091,44.882,42233.93
HLA-B*51:03,RAADLFTTYKI,6.609,5.758,27115.64
HLA-B*51:03,AADLFTTYKIG,45.8,36.805,40858.95
HLA-B*51:03,ADLFTTYKIGC,80.0,74.457,45678.81
HLA-B*51:03,DLFTTYKIGCP,53.889,33.189,40129.47
HLA-B*51:03,LFTTYKIGCPT,85.0,50.532,43047.75
HLA-B*51:03,FTTYKIGCPTK,69.545,54.573,43566.92
HLA-B*51:03,TTYKIGCPTKR,37.105,62.315,44468.93
HLA-B*51:03,TYKIGCPTKRT,90.0,91.505,47287.54
HLA-B*51:03,YKIGCPTKRTG,85.0,84.617,46602.36
HLA-B*51:03,KIGCPTKRTGV,73.571,76.91,45901.26
HLA-B*51:03,IGCPTKRTGVL,13.879,15.745,34745.34
HLA-B*51:03,GCPTKRTGVLE,77.5,65.123,44775.98
HLA-B*51:03,CPTKRTGVLEK,40.438,33.659,40226.4
HLA-B*51:03,PTKRTGVLEKL,46.111,69.788,45237.63
HLA-B*51:03,TKRTGVLEKLY,60.714,71.112,45363.11
HLA-B*51:03,KRTGVLEKLYQ,88.333,93.422,47502.41
HLA-B*51:03,RTGVLEKLYQN,91.667,89.937,47113.39
HLA-B*51:03,TGVLEKLYQNG,93.333,80.772,46249.72
HLA-B*51:03,GVLEKLYQNGA,62.5,72.704,45513.05
HLA-B*51:03,VLEKLYQNGAA,79.167,63.809,44632.82
HLA-B*51:03,LEKLYQNGAAA,39.059,28.207,38972.44
HLA-B*51:03,EKLYQNGAAAN,70.0,69.665,45225.41
HLA-B*51:03,KLYQNGAAANH,69.545,82.711,46427.23
HLA-B*51:03,LYQNGAAANHD,95.0,91.642,47302.91
HLA-B*51:03,YQNGAAANHDL,39.059,41.156,41638.62
HLA-B*51:03,QNGAAANHDLG,85.0,77.536,45957.42
HLA-B*51:03,NGAAANHDLGL,31.676,41.078,41626.0
HLA-B*51:03,GAAANHDLGLF,40.688,43.685,42045.62
HLA-B*51:03,AAANHDLGLFL,19.155,29.682,39333.36
HLA-B*51:03,AANHDLGLFLM,31.794,35.894,40681.63
HLA-B*51:03,ANHDLGLFLMF,37.579,38.199,41122.85
HLA-B*51:03,NHDLGLFLMFT,53.333,44.836,42226.6
HLA-B*51:03,HDLGLFLMFTD,85.0,61.006,44325.77
HLA-B*51:03,DLGLFLMFTDL,49.714,27.822,38872.18
HLA-B*51:03,LGLFLMFTDLT,83.75,47.108,42566.52
HLA-B*51:03,GLFLMFTDLTD,97.5,79.756,46157.26
HLA-B*51:03,LFLMFTDLTDI,45.9,12.924,33314.03
HLA-B*51:03,FLMFTDLTDIA,65.0,20.279,36584.85
HLA-B*51:03,LMFTDLTDIAH,71.429,47.944,42691.05
HLA-B*51:03,MFTDLTDIAHG,90.0,61.45,44374.25
HLA-B*51:03,FTDLTDIAHGS,69.545,59.896,44203.65
HLA-B*51:03,TDLTDIAHGSS,79.167,79.911,46171.22
HLA-B*51:03,DLTDIAHGSSV,8.881,9.674,31144.1
HLA-B*51:03,LTDIAHGSSVS,61.429,48.718,42801.6
HLA-B*51:03,TDIAHGSSVSV,8.3,10.601,31811.64
HLA-B*51:03,DIAHGSSVSVP,18.012,26.818,38598.94
HLA-B*51:03,IAHGSSVSVPG,42.923,43.821,42066.54
HLA-B*51:03,AHGSSVSVPGK,76.667,86.258,46758.42
HLA-B*51:03,HGSSVSVPGKD,88.333,86.989,46828.8
HLA-B*51:03,GSSVSVPGKDC,93.333,95.002,47681.1
HLA-B*51:03,SSVSVPGKDCV,27.833,27.167,38693.03
HLA-B*51:03,SVSVPGKDCVF,35.75,45.961,42397.83
HLA-B*51:03,VSVPGKDCVFV,21.833,12.611,33127.1
HLA-B*51:03,SVPGKDCVFVI,24.779,8.711,30344.81
HLA-B*51:03,VPGKDCVFVII,7.859,1.418,16673.77
HLA-B*51:03,PGKDCVFVIIL,65.0,68.11,45071.03
HLA-B*51:03,GKDCVFVIILT,95.0,87.047,46834.38
HLA-B*51:03,KDCVFVIILTA,57.5,42.553,41866.74
HLA-B*51:03,DCVFVIILTAK,51.667,53.166,43385.35
HLA-B*51:03,CVFVIILTAKV,45.9,21.54,37022.47
HLA-B*51:03,VFVIILTAKVG,80.0,69.252,45184.3
HLA-B*51:03,FVIILTAKVGK,58.75,55.008,43623.04
HLA-B*51:03,VIILTAKVGKS,93.333,90.732,47201.16
HLA-B*51:03,IILTAKVGKSI,21.316,19.168,36174.32
HLA-B*51:03,ILTAKVGKSIF,39.176,42.079,41788.0
HLA-B*51:03,LTAKVGKSIFG,68.182,58.824,44075.66
HLA-B*51:03,TAKVGKSIFGS,75.833,75.011,45731.25
HLA-B*51:03,AKVGKSIFGSP,70.714,74.823,45713.44
HLA-B*51:03,KVGKSIFGSPT,95.0,86.358,46768.04
HLA-B*51:03,VGKSIFGSPTT,55.5,54.38,43541.95
HLA-B*51:03,GKSIFGSPTTR,51.667,88.753,46998.86
HLA-B*51:03,KSIFGSPTTRP,51.667,59.96,44211.32
HLA-B*51:03,SIFGSPTTRPR,33.357,62.728,44514.18
HLA-B*51:03,IFGSPTTRPRL,28.184,37.26,40946.13
HLA-B*51:03,FGSPTTRPRLP,14.64,20.538,36677.6
HLA-B*51:03,GSPTTRPRLPG,67.727,72.876,45529.32
HLA-B*51:03,SPTTRPRLPGG,51.296,53.49,43427.14
HLA-B*51:03,PTTRPRLPGGN,100.0,97.01,48599.36
HLA-B*51:03,TTRPRLPGGNA,21.175,22.835,37438.59
HLA-B*51:03,TRPRLPGGNAV,13.879,20.89,36804.01
HLA-B*51:03,RPRLPGGNAVP,13.788,20.643,36715.32
HLA-B*51:03,PRLPGGNAVPI,38.833,24.618,37989.06
HLA-B*51:03,RLPGGNAVPIE,53.889,51.072,43116.74
HLA-B*51:03,LPGGNAVPIEG,39.412,22.685,37391.22
HLA-B*51:03,PGGNAVPIEGI,66.364,67.982,45058.36
HLA-B*51:03,GGNAVPIEGIE,76.667,88.153,46940.91
HLA-B*51:03,GNAVPIEGIEA,34.462,48.123,42716.94
HLA-B*51:03,NAVPIEGIEAP,13.886,21.367,36964.83
HLA-B*51:03,AVPIEGIEAPS,55.5,56.164,43759.67
HLA-B*51:03,VPIEGIEAPSL,0.536,1.945,19028.25
HLA-B*51:03,PIEGIEAPSLR,77.5,88.721,46995.8
HLA-B*51:03,IEGIEAPSLRG,75.0,73.011,45542.12
HLA-B*51:03,EGIEAPSLRGP,30.649,43.673,42043.8
HLA-B*51:03,GIEAPSLRGPG,95.0,87.042,46833.87
HLA-B*51:03,IEAPSLRGPGL,7.181,11.885,32688.46
HLA-B*51:03,EAPSLRGPGLQ,25.642,42.812,41909.8
HLA-B*51:03,APSLRGPGLQR,33.679,64.851,44747.41
HLA-B*51:03,PSLRGPGLQRT,42.538,91.56,47293.7
HLA-B*51:03,SLRGPGLQRTR,58.0,87.363,46864.78
HLA-B*51:03,LRGPGLQRTRK,66.364,84.518,46593.29
HLA-B*51:03,RGPGLQRTRKD,95.0,94.442,47617.15
HLA-B*51:03,GPGLQRTRKDI,38.889,45.633,42348.31
HLA-B*51:03,PGLQRTRKDIS,97.5,96.369,48304.2
HLA-B*51:03,GLQRTRKDISY,72.857,86.142,46747.3
HLA-B*51:03,LQRTRKDISYQ,82.5,90.732,47201.16
HLA-B*51:03,QRTRKDISYQM,46.889,64.442,44702.41
HLA-B*51:03,RTRKDISYQMG,69.545,69.69,45227.83
HLA-B*51:03,TRKDISYQMGL,36.714,41.575,41706.27
HLA-B*51:03,RKDISYQMGLR,77.5,78.228,46019.61
HLA-B*51:03,KDISYQMGLRG,79.167,62.746,44516.11
HLA-B*51:03,DISYQMGLRGE,85.0,75.177,45746.08
HLA-B*51:03,ISYQMGLRGEP,51.111,34.514,40403.07
HLA-B*51:03,SYQMGLRGEPK,77.5,73.158,45555.93
HLA-B*51:03,YQMGLRGEPKL,16.978,22.913,37463.32
HLA-B*51:03,QMGLRGEPKLT,80.0,81.347,46302.3
HLA-B*51:03,MGLRGEPKLTF,15.907,15.796,34769.41
HLA-B*51:03,GLRGEPKLTFV,45.0,58.288,44011.81
HLA-B*51:03,LRGEPKLTFVE,61.071,67.894,45049.59
HLA-B*51:03,RGEPKLTFVEA,19.365,18.038,35744.4
HLA-B*51:03,GEPKLTFVEAR,44.818,54.464,43552.79
HLA-B*51:03,EPKLTFVEARC,9.855,13.263,33503.07
HLA-B*51:03,PKLTFVEARCQ,97.5,95.553,47931.45
HLA-B*51:03,KLTFVEARCQQ,95.0,91.048,47236.42
HLA-B*51:03,LTFVEARCQQH,51.481,67.382,44998.92
HLA-B*51:03,TFVEARCQQHF,25.627,39.37,41334.74
HLA-B*51:03,FVEARCQQHFR,65.909,53.465,43423.86
HLA-B*51:03,VEARCQQHFRP,69.091,58.656,44055.63
HLA-B*51:03,EARCQQHFRPW,13.714,11.468,32410.6
HLA-B*51:03,ARCQQHFRPWQ,93.333,87.821,46908.93
HLA-B*51:03,RCQQHFRPWQI,37.211,28.805,39121.56
HLA-B*51:03,CQQHFRPWQIP,69.091,36.711,40840.82
HLA-B*51:03,QQHFRPWQIPT,48.25,47.827,42673.49
HLA-B*51:03,QHFRPWQIPTG,67.273,51.532,43175.56
HLA-B*51:03,HFRPWQIPTGT,17.736,19.143,36164.93
HLA-B*51:03,FRPWQIPTGTA,24.584,20.073,36511.31
HLA-B*51:03,RPWQIPTGTAD,27.222,27.236,38711.87
HLA-B*51:03,PWQIPTGTADV,63.214,45.164,42277.34
HLA-B*51:03,WQIPTGTADVE,61.071,42.921,41927.95
HLA-B*51:03,QIPTGTADVEF,20.642,24.687,38009.2
HLA-B*51:03,IPTGTADVEFA,15.616,14.12,33965.52
HLA-B*51:03,PTGTADVEFAL,53.148,65.094,44773.1
HLA-B*51:03,TGTADVEFALK,57.25,61.16,44342.55
HLA-B*51:03,GTADVEFALKG,78.333,74.739,45705.51
HLA-B*51:03,TADVEFALKGW,28.163,26.648,38553.86
HLA-B*51:03,ADVEFALKGWK,77.5,70.35,45291.49
HLA-B*51:03,DVEFALKGWKG,65.909,55.452,43675.48
HLA-B*51:03,VEFALKGWKGQ,73.571,78.117,46009.67
HLA-B*51:03,EFALKGWKGQI,30.081,16.058,34891.13
HLA-B*51:03,FALKGWKGQIH,34.154,24.365,37914.31
HLA-B*51:03,ALKGWKGQIHL,27.204,48.659,42793.26
HLA-B*51:03,LKGWKGQIHLL,39.059,46.536,42482.32
HLA-B*51:03,KGWKGQIHLLI,28.49,17.781,35638.2
HLA-B*51:03,GWKGQIHLLIA,82.5,71.717,45420.07
HLA-B*51:03,WKGQIHLLIAG,95.0,69.798,45238.62
HLA-B*51:03,KGQIHLLIAGG,97.5,87.984,46924.66
HLA-B*51:03,GQIHLLIAGGF,64.286,54.767,43591.91
HLA-B*51:03,QIHLLIAGGFG,93.333,68.967,45155.96
HLA-B*51:03,IHLLIAGGFGK,65.909,65.753,44838.05
HLA-B*51:03,HLLIAGGFGKG,88.333,83.647,46513.18
HLA-B*51:03,LLIAGGFGKGG,95.0,86.042,46737.68
HLA-B*51:03,LIAGGFGKGGS,97.5,95.109,47729.62
HLA-B*51:03,IAGGFGKGGSD,90.0,78.605,46053.49
HLA-B*51:03,AGGFGKGGSDA,91.667,94.282,47599.13
HLA-B*51:03,GGFGKGGSDAR,66.818,94.222,47592.44
HLA-B*51:03,GFGKGGSDARA,82.5,92.26,47372.05
HLA-B*51:03,FGKGGSDARAL,31.324,51.937,43227.44
HLA-B*51:03,GKGGSDARALY,68.182,86.516,46783.21
HLA-B*51:03,KGGSDARALYP,83.75,81.232,46291.8
HLA-B*51:03,GGSDARALYPT,90.0,86.447,46776.64
HLA-B*51:03,GSDARALYPTF,24.0,24.634,37993.57
HLA-B*51:03,SDARALYPTFR,53.148,43.548,42024.7
HLA-B*51:03,DARALYPTFRA,8.421,5.572,26866.24
HLA-B*51:03,ARALYPTFRAT,56.25,59.36,44139.61
HLA-B*51:03,RALYPTFRATG,60.357,39.699,41392.01
HLA-B*51:03,ALYPTFRATGA,35.542,27.877,38887.33
HLA-B*51:03,LYPTFRATGAL,19.662,7.763,29482.32
HLA-B*51:03,YPTFRATGALM,3.634,1.175,15392.47
HLA-B*51:03,PTFRATGALMA,63.929,45.836,42379.02
HLA-B*51:03,TFRATGALMAK,55.5,61.604,44391.05
HLA-B*51:03,FRATGALMAKQ,73.571,79.623,46145.27
HLA-B*51:03,RATGALMAKQD,91.667,85.626,46697.76
HLA-B*51:03,ATGALMAKQDE,93.333,95.919,48098.2
HLA-B*51:03,TGALMAKQDEP,80.0,70.235,45280.71
HLA-B*51:03,GALMAKQDEPH,90.0,94.511,47624.89
HLA-B*51:03,ALMAKQDEPHN,97.5,95.668,47983.84
HLA-B*51:03,LMAKQDEPHNH,59.0,92.781,47430.5
HLA-B*51:03,MAKQDEPHNHI,2.219,3.087,22340.07
HLA-B*51:03,AKQDEPHNHIQ,41.667,83.828,46529.8
HLA-B*51:03,KQDEPHNHIQY,25.0,75.055,45735.2
HLA-B*51:03,QDEPHNHIQYR,35.833,72.886,45530.29
HLA-B*51:03,DEPHNHIQYRL,8.759,12.901,33300.69
HLA-B*51:03,EPHNHIQYRLE,11.739,20.614,36704.6
HLA-B*51:03,PHNHIQYRLER,91.667,93.303,47489.05
HLA-B*51:03,HNHIQYRLERN,97.5,90.284,47151.14
HLA-B*51:03,NHIQYRLERNF,31.765,29.544,39300.17
HLA-B*51:03,HIQYRLERNFV,49.857,31.972,39865.93
HLA-B*51:03,IQYRLERNFVP,52.037,39.347,41330.71
HLA-B*51:03,QYRLERNFVPR,90.0,81.725,46336.9
HLA-B*51:03,YRLERNFVPRF,24.065,25.809,38328.44
HLA-B*51:03,RLERNFVPRFL,53.148,41.852,41750.94
HLA-B*51:03,LERNFVPRFLS,65.0,41.872,41754.11
HLA-B*51:03,ERNFVPRFLSY,35.667,36.168,40735.37
HLA-B*51:03,RNFVPRFLSYL,36.714,25.829,38333.83
HLA-B*51:03,NFVPRFLSYLA,20.537,4.535,25321.49
HLA-B*51:03,FVPRFLSYLAQ,54.444,15.254,34514.9
HLA-B*51:03,VPRFLSYLAQP,22.7,9.761,31206.85
HLA-B*51:03,PRFLSYLAQPL,70.0,44.71,42206.51
HLA-B*51:03,RFLSYLAQPLH,56.75,58.268,44009.43
HLA-B*51:03,FLSYLAQPLHK,40.812,43.247,41978.78
HLA-B*51:03,LSYLAQPLHKE,63.571,54.796,43595.67
HLA-B*51:03,SYLAQPLHKEH,50.741,79.025,46091.38
HLA-B*51:03,YLAQPLHKEHK,56.75,68.716,45131.07
HLA-B*51:03,LAQPLHKEHKE,47.0,66.24,44886.11
HLA-B*51:03,AQPLHKEHKEK,57.5,91.876,47329.0
HLA-B*51:03,QPLHKEHKEKS,40.25,74.316,45665.46
HLA-B*51:03,PLHKEHKEKSD,100.0,98.022,49069.08
HLA-B*51:03,LHKEHKEKSDM,44.273,73.513,45589.43
HLA-B*51:03,HKEHKEKSDME,79.167,96.344,48292.7
HLA-B*51:03,KEHKEKSDMEI,32.839,42.512,41859.97
HLA-B*51:03,EHKEKSDMEII,21.474,30.801,39597.24
HLA-B*51:03,HKEKSDMEIII,48.625,56.096,43751.62
HLA-B*51:03,KEKSDMEIIIV,38.722,45.712,42360.22
HLA-B*51:03,EKSDMEIIIVS,46.333,52.247,43267.21
HLA-B*51:03,KSDMEIIIVSY,53.704,64.042,44658.41
HLA-B*51:03,SDMEIIIVSYV,14.121,11.136,32191.12
HLA-B*51:03,DMEIIIVSYVP,40.938,29.515,39293.38
HLA-B*51:03,MEIIIVSYVPD,54.259,40.335,41500.98
HLA-B*51:03,EIIIVSYVPDL,34.885,26.68,38562.19
HLA-B*51:03,IIIVSYVPDLP,77.5,51.59,43183.02
HLA-B*51:03,IIVSYVPDLPL,28.653,13.394,33574.19
HLA-B*51:03,IVSYVPDLPLP,48.625,30.774,39590.8
HLA-B*51:03,VSYVPDLPLPP,45.2,25.589,38266.69
HLA-B*51:03,SYVPDLPLPPS,51.481,43.107,41957.45
HLA-B*51:03,YVPDLPLPPSM,3.669,7.325,29035.0
HLA-B*51:03,VPDLPLPPSMS,5.064,14.876,34335.39
HLA-B*51:03,PDLPLPPSMSQ,39.294,68.991,45158.4
HLA-B*51:03,DLPLPPSMSQQ,39.765,64.697,44730.47
HLA-B*51:03,LPLPPSMSQQL,0.262,0.819,13069.81
HLA-B*51:03,PLPPSMSQQLA,19.804,22.028,37184.27
HLA-B*51:03,LPPSMSQQLAT,6.544,7.844,29560.25
HLA-B*51:03,PPSMSQQLATL,13.227,18.331,35855.96
HLA-B*51:03,PSMSQQLATLN,75.0,66.929,44954.13
HLA-B*51:03,SMSQQLATLNM,46.333,28.89,39142.74
HLA-B*51:03,MSQQLATLNMS,67.727,34.615,40424.05
HLA-B*51:03,SQQLATLNMSF,34.577,34.087,40314.86
HLA-B*51:03,QQLATLNMSFP,58.25,42.924,41928.4
HLA-B*51:03,QLATLNMSFPT,79.167,50.97,43103.67
HLA-B*51:03,LATLNMSFPTT,49.571,31.053,39655.96
HLA-B*51:03,ATLNMSFPTTL,18.921,21.678,37068.18
HLA-B*51:03,TLNMSFPTTLD,52.037,46.903,42536.14
HLA-B*51:03,LNMSFPTTLDA,30.676,22.128,37215.65
HLA-B*51:03,NMSFPTTLDAE,75.833,51.678,43194.25
HLA-B*51:03,MSFPTTLDAEP,21.447,12.306,32946.24
HLA-B*51:03,SFPTTLDAEPY,36.095,26.542,38525.5
HLA-B*51:03,FPTTLDAEPYN,31.647,18.155,35788.89
HLA-B*51:03,PTTLDAEPYNQ,97.5,97.06,48622.49
HLA-B*51:03,TTLDAEPYNQR,29.659,76.152,45833.29
HLA-B*51:03,TLDAEPYNQRN,82.5,92.415,47389.47
HLA-B*51:03,LDAEPYNQRNM,27.315,36.832,40864.25
HLA-B*51:03,DAEPYNQRNML,1.231,3.331,22917.12
HLA-B*51:03,AEPYNQRNMLV,5.273,2.303,20200.22
HLA-B*51:03,EPYNQRNMLVY,3.005,2.347,20341.46
HLA-B*51:03,PYNQRNMLVYC,91.667,78.511,46045.03
HLA-B*51:03,YNQRNMLVYCA,61.071,37.026,40901.87
HLA-B*51:03,NQRNMLVYCAD,88.333,54.139,43510.85
HLA-B*51:03,QRNMLVYCADI,68.636,27.012,38650.75
HLA-B*51:03,RNMLVYCADIA,90.0,41.779,41739.2
HLA-B*51:03,NMLVYCADIAF,47.25,17.095,35352.08
HLA-B*51:03,MLVYCADIAFE,83.75,40.391,41510.41
HLA-B*51:03,LVYCADIAFED,90.0,51.109,43121.38
HLA-B*51:03,VYCADIAFEDR,83.75,91.331,47268.11
HLA-B*51:03,YCADIAFEDRK,62.143,74.222,45656.57
HLA-B*51:03,CADIAFEDRKH,82.5,79.568,46140.27
HLA-B*51:03,ADIAFEDRKHK,61.071,84.463,46588.23
HLA-B*51:03,DIAFEDRKHKD,70.714,88.2,46945.48
HLA-B*51:03,IAFEDRKHKDN,88.333,84.869,46625.57
HLA-B*51:03,AFEDRKHKDNY,59.5,86.021,46735.66
HLA-B*51:03,FEDRKHKDNYM,29.659,45.661,42352.44
HLA-B*51:03,EDRKHKDNYMS,68.636,91.72,47311.61
HLA-B*51:03,DRKHKDNYMSG,63.214,81.511,46317.33
HLA-B*51:03,RKHKDNYMSGD,100.0,96.288,48267.11
HLA-B*51:03,KHKDNYMSGDM,50.926,66.373,44899.23
HLA-B*51:03,HKDNYMSGDMG,93.333,78.732,46064.96
HLA-B*51:03,KDNYMSGDMGR,78.333,83.719,46519.75
HLA-B*51:03,DNYMSGDMGRT,60.714,56.996,43858.27
HLA-B*51:03,NYMSGDMGRTQ,69.545,78.904,46080.41
HLA-B*51:03,YMSGDMGRTQP,63.214,64.064,44660.83
HLA-B*51:03,MSGDMGRTQPL,26.767,13.417,33586.92
HLA-B*51:03,SGDMGRTQPLQ,61.786,69.577,45216.6
HLA-B*51:03,GDMGRTQPLQS,83.75,88.1,46935.83
HLA-B*51:03,DMGRTQPLQSI,9.834,8.383,30056.28
HLA-B*51:03,MGRTQPLQSIL,20.138,14.841,34318.3
HLA-B*51:03,GRTQPLQSILT,65.909,80.197,46197.23
HLA-B*51:03,RTQPLQSILTR,32.097,57.004,43859.2
HLA-B*51:03,TQPLQSILTRF,16.742,17.541,35538.09
HLA-B*51:03,QPLQSILTRFA,6.574,7.45,29174.52
HLA-B*51:03,PLQSILTRFAA,81.25,49.215,42871.57
HLA-B*51:03,LQSILTRFAAS,75.0,51.404,43159.19
HLA-B*51:03,QSILTRFAASF,35.833,21.082,36870.57
HLA-B*51:03,SILTRFAASFC,67.727,47.495,42624.12
HLA-B*51:03,ILTRFAASFCV,47.75,14.585,34192.29
HLA-B*51:03,LTRFAASFCVV,47.5,9.516,31031.09
HLA-B*51:03,TRFAASFCVVL,21.395,15.952,34842.86
HLA-B*51:03,RFAASFCVVLL,36.0,26.571,38533.43
HLA-B*51:03,FAASFCVVLLL,14.236,4.731,25625.49
HLA-B*51:03,AASFCVVLLLV,29.795,19.416,36266.8
HLA-B*51:03,ASFCVVLLLVQ,80.0,52.287,43272.37
HLA-B*51:03,SFCVVLLLVQR,88.333,92.104,47354.61
HLA-B*51:03,FCVVLLLVQRF,58.25,46.329,42452.0
HLA-B*51:03,CVVLLLVQRFD,97.5,85.095,46646.74
HLA-B*51:03,VVLLLVQRFDS,90.0,82.514,46409.15
HLA-B*51:03,VLLLVQRFDSQ,91.667,90.627,47189.41
HLA-B*51:03,LLLVQRFDSQE,91.667,91.185,47251.75
HLA-B*51:03,LLVQRFDSQEA,51.481,49.135,42860.43
HLA-B*51:03,LVQRFDSQEAK,46.444,65.074,44771.14
HLA-B*51:03,VQRFDSQEAKP,55.25,76.8,45891.34
HLA-B*51:03,QRFDSQEAKPD,77.5,93.801,47545.11
HLA-B*51:03,RFDSQEAKPDF,39.412,63.651,44615.43
HLA-B*51:03,FDSQEAKPDFV,31.824,29.327,39248.32
HLA-B*51:03,DSQEAKPDFVK,33.071,44.247,42133.05
HLA-B*51:03,SQEAKPDFVKG,59.0,76.213,45838.73
HLA-B*51:03,QEAKPDFVKGP,45.8,67.318,44992.59
HLA-B*51:03,EAKPDFVKGPT,23.908,32.187,39912.95
HLA-B*51:03,AKPDFVKGPTA,32.742,37.827,41053.48
HLA-B*51:03,KPDFVKGPTAD,38.889,48.062,42708.15
HLA-B*51:03,PDFVKGPTADS,85.0,94.163,47585.75
HLA-B*51:03,DFVKGPTADSA,32.323,39.039,41277.07
HLA-B*51:03,FVKGPTADSAA,23.207,38.801,41233.78
HLA-B*51:03,VKGPTADSAAG,73.571,65.723,44835.14
HLA-B*51:03,KGPTADSAAGR,75.833,92.763,47428.46
HLA-B*51:03,GPTADSAAGRA,44.182,50.292,43017.0
HLA-B*51:03,PTADSAAGRAI,27.63,32.101,39894.39
HLA-B*51:03,TADSAAGRAIT,29.045,38.281,41137.97
HLA-B*51:03,ADSAAGRAITD,85.0,81.134,46282.78
HLA-B*51:03,DSAAGRAITDV,14.162,15.742,34743.84
HLA-B*51:03,SAAGRAITDVI,8.89,6.482,28054.52
HLA-B*51:03,AAGRAITDVID,63.571,58.972,44093.32
HLA-B*51:03,AGRAITDVIDY,56.5,66.447,44906.5
HLA-B*51:03,GRAITDVIDYL,39.118,44.842,42227.53
HLA-B*51:03,RAITDVIDYLV,16.431,11.078,32152.82
HLA-B*51:03,AITDVIDYLVD,82.5,72.312,45476.14
HLA-B*51:03,ITDVIDYLVDV,34.154,19.377,36252.28
HLA-B*51:03,TDVIDYLVDVR,69.091,66.152,44877.37
HLA-B*51:03,DVIDYLVDVRD,54.63,51.798,43209.66
HLA-B*51:03,VIDYLVDVRDA,85.0,66.732,44934.68
HLA-B*51:03,IDYLVDVRDAA,52.593,44.259,42134.88
HLA-B*51:03,DYLVDVRDAAQ,62.143,70.684,45322.87
HLA-B*51:03,YLVDVRDAAQL,24.532,30.622,39555.28
HLA-B*51:03,LVDVRDAAQLE,66.364,68.588,45118.35
HLA-B*51:03,VDVRDAAQLER,66.364,85.805,46714.93
HLA-B*51:03,DVRDAAQLERL,9.504,23.228,37562.75
HLA-B*51:03,VRDAAQLERLG,70.0,71.842,45431.88
HLA-B*51:03,RDAAQLERLGR,75.833,86.816,46812.1
HLA-B*51:03,DAAQLERLGRE,45.9,64.266,44683.07
HLA-B*51:03,AAQLERLGREL,26.2,42.872,41919.78
HLA-B*51:03,AQLERLGRELE,55.25,76.224,45839.73
HLA-B*51:03,QLERLGRELEY,48.125,57.728,43945.19
HLA-B*51:03,LERLGRELEYH,66.364,77.697,45971.83
HLA-B*51:03,ERLGRELEYHE,81.25,92.095,47353.61
HLA-B*51:03,RLGRELEYHEL,44.727,59.432,44148.21
HLA-B*51:03,LGRELEYHELC,50.926,47.988,42697.52
HLA-B*51:03,GRELEYHELCV,69.545,45.045,42259.51
HLA-B*51:03,RELEYHELCVI,27.963,14.237,34022.52
HLA-B*51:03,ELEYHELCVIT,60.714,37.501,40991.79
HLA-B*51:03,LEYHELCVITA,37.842,26.457,38503.0
HLA-B*51:03,EYHELCVITAA,28.286,23.89,37772.25
HLA-B*51:03,YHELCVITAAE,86.667,55.864,43724.18
HLA-B*51:03,HELCVITAAEN,93.333,73.309,45570.21
HLA-B*51:03,ELCVITAAENR,67.727,83.658,46514.2
HLA-B*51:03,LCVITAAENRK,95.0,93.591,47521.44
HLA-B*51:03,CVITAAENRKP,86.667,70.193,45276.8
HLA-B*51:03,VITAAENRKPS,88.333,91.487,47285.49
HLA-B*51:03,ITAAENRKPST,62.143,82.174,46378.0
HLA-B*51:03,TAAENRKPSTA,9.538,27.928,38901.22
HLA-B*51:03,AAENRKPSTAI,15.396,28.712,39098.29
HLA-B*51:03,AENRKPSTAIN,54.815,74.593,45691.66
HLA-B*51:03,ENRKPSTAINP,50.37,70.136,45271.43
HLA-B*51:03,NRKPSTAINPV,11.055,5.392,26613.09
HLA-B*51:03,RKPSTAINPVP,53.519,39.632,41380.38
HLA-B*51:03,KPSTAINPVPF,15.414,18.784,36029.0
HLA-B*51:03,PSTAINPVPFA,44.091,42.245,41815.61
HLA-B*51:03,STAINPVPFAG,59.75,46.621,42494.73
HLA-B*51:03,TAINPVPFAGV,4.653,3.706,23725.52
HLA-B*51:03,AINPVPFAGVG,50.741,34.328,40364.63
HLA-B*51:03,INPVPFAGVGL,10.137,11.557,32469.55
HLA-B*51:03,NPVPFAGVGLG,11.671,8.569,30221.93
HLA-B*51:03,PVPFAGVGLGI,8.41,2.145,19704.8
HLA-B*51:03,VPFAGVGLGIA,7.164,2.405,20529.18
HLA-B*51:03,PFAGVGLGIAL,28.878,48.253,42735.43
HLA-B*51:03,FAGVGLGIALV,22.43,15.33,34550.4
HLA-B*51:03,AGVGLGIALVA,55.25,55.952,43734.59
HLA-B*51:03,GVGLGIALVAK,86.667,88.995,47022.23
HLA-B*51:03,VGLGIALVAKA,42.462,42.248,41816.04
HLA-B*51:03,GLGIALVAKAP,93.333,84.217,46565.56
HLA-B*51:03,LGIALVAKAPP,60.357,42.297,41824.19
HLA-B*51:03,GIALVAKAPPG,97.5,81.769,46340.9
HLA-B*51:03,IALVAKAPPGQ,77.5,78.976,46086.89
HLA-B*51:03,ALVAKAPPGQS,72.857,91.738,47313.65
HLA-B*51:03,LVAKAPPGQSR,42.077,79.042,46092.86
HLA-B*51:03,VAKAPPGQSRP,29.5,58.728,44064.21
HLA-B*51:03,AKAPPGQSRPA,23.379,52.367,43282.67
HLA-B*51:03,KAPPGQSRPAI,6.816,18.235,35819.51
HLA-B*51:03,APPGQSRPAIG,23.0,41.95,41766.77
HLA-B*51:03,PPGQSRPAIGA,41.917,58.172,43997.99
HLA-B*51:03,PGQSRPAIGAN,97.5,95.802,48044.62
HLA-B*51:03,GQSRPAIGANA,67.273,70.188,45276.3
HLA-B*51:03,QSRPAIGANAI,6.763,8.272,29955.64
HLA-B*51:03,SRPAIGANAID,33.536,32.542,39990.35
HLA-B*51:03,RPAIGANAIDP,32.0,43.146,41963.36
HLA-B*51:03,PAIGANAIDPV,44.909,27.233,38711.02
HLA-B*51:03,AIGANAIDPVV,29.523,27.071,38666.66
HLA-B*51:03,IGANAIDPVVK,63.214,49.966,42975.13
HLA-B*51:03,GANAIDPVVKI,4.301,13.294,33519.75
HLA-B*51:03,ANAIDPVVKII,6.756,10.534,31763.48
HLA-B*51:03,NAIDPVVKIIG,6.406,14.16,33985.0
HLA-B*51:03,AIDPVVKIIGM,18.671,26.254,38449.3
HLA-B*51:03,IDPVVKIIGMN,44.091,43.449,42009.68
HLA-B*51:03,DPVVKIIGMNN,28.98,30.936,39628.97
HLA-B*51:03,PVVKIIGMNNA,88.333,81.961,46358.45
HLA-B*51:03,VVKIIGMNNAA,56.0,57.76,43948.99
HLA-B*51:03,VKIIGMNNAAG,95.0,87.737,46900.82
HLA-B*51:03,KIIGMNNAAGY,68.636,65.497,44812.82
HLA-B*51:03,IIGMNNAAGYL,65.0,35.949,40692.62
HLA-B*51:03,IGMNNAAGYLG,80.0,39.015,41273.07
HLA-B*51:03,GMNNAAGYLGG,97.5,87.532,46881.01
HLA-B*51:03,MNNAAGYLGGL,36.048,20.316,36597.92
HLA-B*51:03,NNAAGYLGGLG,90.0,62.509,44490.1
HLA-B*51:03,NAAGYLGGLGV,6.929,3.812,23934.88
HLA-B*51:03,AAGYLGGLGVF,32.419,34.81,40464.32
HLA-B*51:03,AGYLGGLGVFD,68.636,63.339,44581.18
HLA-B*51:03,GYLGGLGVFDF,78.333,71.832,45430.88
HLA-B*51:03,YLGGLGVFDFR,67.727,64.271,44683.56
HLA-B*51:03,LGGLGVFDFRE,97.5,90.677,47195.04
HLA-B*51:03,GGLGVFDFREQ,93.333,95.717,48006.19
HLA-B*51:03,GLGVFDFREQA,51.481,55.46,43676.41
HLA-B*51:03,LGVFDFREQAA,61.429,44.716,42207.43
HLA-B*51:03,GVFDFREQAAK,64.643,71.242,45375.37
HLA-B*51:03,VFDFREQAAKE,91.667,92.447,47393.08
HLA-B*51:03,FDFREQAAKEC,61.786,58.64,44053.73
HLA-B*51:03,DFREQAAKECI,26.517,19.862,36433.57
HLA-B*51:03,FREQAAKECIT,82.5,67.766,45036.92
HLA-B*51:03,REQAAKECITL,29.114,38.792,41232.0
HLA-B*51:03,EQAAKECITLC,34.846,44.161,42119.39
HLA-B*51:03,QAAKECITLCM,28.755,17.844,35664.82
HLA-B*51:03,AAKECITLCMN,59.75,61.375,44366.1
HLA-B*51:03,AKECITLCMNI,62.5,32.27,39931.1
HLA-B*51:03,KECITLCMNIV,69.545,41.24,41652.13
HLA-B*51:03,ECITLCMNIVL,38.222,22.351,37285.78
HLA-B*51:03,CITLCMNIVLE,97.5,69.651,45223.92
HLA-B*51:03,ITLCMNIVLEI,25.224,5.717,27059.95
HLA-B*51:03,TLCMNIVLEIQ,72.857,49.724,42941.66
HLA-B*51:03,LCMNIVLEIQT,76.667,62.052,44440.06
HLA-B*51:03,CMNIVLEIQTG,97.5,69.961,45254.76
HLA-B*51:03,MNIVLEIQTGA,39.882,29.281,39237.29
HLA-B*51:03,NIVLEIQTGAG,86.667,75.437,45769.34
HLA-B*51:03,IVLEIQTGAGY,36.048,42.482,41854.97
HLA-B*51:03,VLEIQTGAGYK,80.0,81.736,46337.88
HLA-B*51:03,LEIQTGAGYKS,67.727,69.503,45209.25
HLA-B*51:03,EIQTGAGYKSQ,81.25,95.163,47753.88
HLA-B*51:03,IQTGAGYKSQP,61.429,79.823,46163.25
HLA-B*51:03,QTGAGYKSQPG,97.5,92.736,47425.4
HLA-B*51:03,TGAGYKSQPGG,95.0,92.891,47442.83
HLA-B*51:03,GAGYKSQPGGI,52.407,60.598,44281.2
HLA-B*51:03,AGYKSQPGGIL,24.26,37.438,40979.81
HLA-B*51:03,GYKSQPGGILS,80.0,83.691,46517.23
HLA-B*51:03,YKSQPGGILSV,12.743,23.866,37764.48
HLA-B*51:03,KSQPGGILSVA,31.853,36.67,40832.87
HLA-B*51:03,SQPGGILSVAV,20.846,21.368,36965.24
HLA-B*51:03,QPGGILSVAVD,38.778,27.397,38755.86
HLA-B*51:03,PGGILSVAVDF,83.75,80.854,46257.24
HLA-B*51:03,GGILSVAVDFC,86.667,86.858,46816.14
HLA-B*51:03,GILSVAVDFCC,97.5,90.078,47128.19
HLA-B*51:03,ILSVAVDFCCD,100.0,85.095,46646.74
HLA-B*51:03,LSVAVDFCCDR,90.0,69.36,45195.05
HLA-B*51:03,SVAVDFCCDRP,91.667,67.382,44998.92
HLA-B*51:03,VAVDFCCDRPI,20.846,3.151,22489.71
HLA-B*51:03,AVDFCCDRPIE,95.0,58.26,44008.46
HLA-B*51:03,VDFCCDRPIEF,18.201,24.166,37855.7
HLA-B*51:03,DFCCDRPIEFH,62.143,75.526,45777.28
HLA-B*51:03,FCCDRPIEFHN,83.75,78.693,46061.45
HLA-B*51:03,CCDRPIEFHNL,34.346,39.91,41428.76
HLA-B*51:03,CDRPIEFHNLP,18.482,6.372,27912.81
HLA-B*51:03,DRPIEFHNLPL,12.988,8.612,30258.9
HLA-B*51:03,RPIEFHNLPLA,6.593,4.907,25903.42
HLA-B*51:03,PIEFHNLPLAG,95.0,68.809,45140.32
HLA-B*51:03,IEFHNLPLAGC,52.037,48.269,42737.71
HLA-B*51:03,EFHNLPLAGCN,75.833,74.713,45703.03
HLA-B*51:03,FHNLPLAGCNK,72.857,63.998,44653.6
HLA-B*51:03,HNLPLAGCNKE,55.0,75.0,45730.24
HLA-B*51:03,NLPLAGCNKEA,48.625,34.829,40468.26
HLA-B*51:03,LPLAGCNKEAT,36.619,23.008,37493.32
HLA-B*51:03,PLAGCNKEATV,68.636,56.704,43823.64
HLA-B*51:03,LAGCNKEATVG,77.5,60.18,44235.7
HLA-B*51:03,AGCNKEATVGP,75.0,89.721,47092.52
HLA-B*51:03,GCNKEATVGPM,83.75,73.419,45580.55
HLA-B*51:03,CNKEATVGPMK,86.667,67.781,45038.37
HLA-B*51:03,NKEATVGPMKK,35.625,81.243,46292.78
HLA-B*51:03,KEATVGPMKKD,86.667,93.779,47542.53
HLA-B*51:03,EATVGPMKKDL,10.644,27.224,38708.5
HLA-B*51:03,ATVGPMKKDLA,33.357,58.584,44047.05
HLA-B*51:03,TVGPMKKDLAS,37.263,45.042,42259.05
HLA-B*51:03,VGPMKKDLAST,73.571,70.183,45275.84
HLA-B*51:03,GPMKKDLASTV,2.375,4.013,24336.77
HLA-B*51:03,PMKKDLASTVA,67.727,70.986,45351.32
HLA-B*51:03,MKKDLASTVAE,58.5,72.484,45492.36
HLA-B*51:03,KKDLASTVAEI,34.731,30.573,39543.73
HLA-B*51:03,KDLASTVAEIA,57.75,46.125,42422.14
HLA-B*51:03,DLASTVAEIAM,22.84,21.262,36930.07
HLA-B*51:03,LASTVAEIAMD,69.545,50.934,43099.0
HLA-B*51:03,ASTVAEIAMDY,51.852,64.17,44672.44
HLA-B*51:03,STVAEIAMDYY,47.125,50.744,43074.77
HLA-B*51:03,TVAEIAMDYYE,65.0,63.251,44571.52
HLA-B*51:03,VAEIAMDYYEK,79.167,75.487,45773.79
HLA-B*51:03,AEIAMDYYEKQ,67.273,84.77,46616.49
HLA-B*51:03,EIAMDYYEKQS,79.167,74.509,45683.76
HLA-B*51:03,IAMDYYEKQSE,39.647,53.078,43374.07
HLA-B*51:03,AMDYYEKQSER,51.111,83.664,46514.71
HLA-B*51:03,MDYYEKQSERN,82.5,81.413,46308.31
HLA-B*51:03,DYYEKQSERNN,78.333,87.663,46893.71
HLA-B*51:03,YYEKQSERNNS,93.333,95.482,47898.79
HLA-B*51:03,YEKQSERNNSV,12.752,27.489,38781.04
HLA-B*51:03,EKQSERNNSVA,42.385,57.868,43961.83
HLA-B*51:03,KQSERNNSVAI,30.054,36.493,40798.44
HLA-B*51:03,QSERNNSVAIM,45.0,48.773,42809.46
HLA-B*51:03,SERNNSVAIMT,44.364,56.548,43805.16
HLA-B*51:03,ERNNSVAIMTM,26.917,33.733,40241.66
HLA-B*51:03,RNNSVAIMTMD,81.25,75.864,45807.49
HLA-B*51:03,NNSVAIMTMDA,49.0,41.754,41735.14
HLA-B*51:03,NSVAIMTMDAA,43.818,21.379,36968.84
HLA-B*51:03,SVAIMTMDAAF,50.556,22.522,37339.89
HLA-B*51:03,VAIMTMDAAFS,65.0,28.388,39017.58
HLA-B*51:03,AIMTMDAAFSL,26.133,18.911,36077.78
HLA-B*51:03,IMTMDAAFSLK,55.5,26.597,38540.09
HLA-B*51:03,MTMDAAFSLKK,21.088,18.345,35861.37
HLA-B*51:03,TMDAAFSLKKK,67.727,70.365,45292.98
HLA-B*51:03,MDAAFSLKKKM,12.664,12.665,33159.38
HLA-B*51:03,DAAFSLKKKMF,11.468,13.152,33442.24
HLA-B*51:03,AAFSLKKKMFR,39.529,59.244,44125.75
HLA-B*51:03,AFSLKKKMFRG,97.5,86.363,46768.55
HLA-B*51:03,FSLKKKMFRGD,95.0,69.193,45178.45
HLA-B*51:03,SLKKKMFRGDL,52.037,60.228,44240.98
HLA-B*51:03,LKKKMFRGDLM,59.75,48.552,42777.98
HLA-B*51:03,KKKMFRGDLMD,95.0,87.158,46845.02
HLA-B*51:03,KKMFRGDLMDS,95.0,89.489,47070.08
HLA-B*51:03,KMFRGDLMDSN,97.5,84.704,46610.41
HLA-B*51:03,MFRGDLMDSNR,83.75,78.649,46057.47
HLA-B*51:03,FRGDLMDSNRF,46.889,41.277,41657.99
HLA-B*51:03,RGDLMDSNRFT,71.429,69.405,45199.46
HLA-B*51:03,GDLMDSNRFTV,28.102,16.951,35290.55
HLA-B*51:03,DLMDSNRFTVA,14.414,14.194,34001.55
HLA-B*51:03,LMDSNRFTVAL,30.784,20.146,36537.39
HLA-B*51:03,MDSNRFTVALI,23.701,5.409,26637.87
HLA-B*51:03,DSNRFTVALID,36.429,15.0,34396.36
HLA-B*51:03,SNRFTVALIDK,91.667,69.311,45190.19
HLA-B*51:03,NRFTVALIDKQ,83.75,85.547,46690.17
HLA-B*51:03,RFTVALIDKQD,100.0,93.952,47562.06
HLA-B*51:03,FTVALIDKQDP,70.0,61.41,44369.93
HLA-B*51:03,TVALIDKQDPN,97.5,86.916,46821.7
HLA-B*51:03,VALIDKQDPNF,27.5,33.246,40141.2
HLA-B*51:03,ALIDKQDPNFV,31.765,48.581,42782.14
HLA-B*51:03,LIDKQDPNFVS,60.0,71.571,45406.31
HLA-B*51:03,IDKQDPNFVSD,78.333,86.342,46766.54
HLA-B*51:03,DKQDPNFVSDQ,74.286,95.048,47701.74
HLA-B*51:03,KQDPNFVSDQS,62.857,68.371,45096.88
HLA-B*51:03,QDPNFVSDQSI,3.635,2.428,20601.05
HLA-B*51:03,DPNFVSDQSIK,5.121,4.183,24656.95
HLA-B*51:03,PNFVSDQSIKL,42.538,59.168,44116.7
HLA-B*51:03,NFVSDQSIKLF,20.106,30.703,39574.11
HLA-B*51:03,FVSDQSIKLFL,22.06,19.829,36420.96
HLA-B*51:03,VSDQSIKLFLW,33.786,28.073,38939.12
HLA-B*51:03,SDQSIKLFLWS,64.286,52.856,43345.46
HLA-B*51:03,DQSIKLFLWST,41.333,33.352,40162.92
HLA-B*51:03,QSIKLFLWSTM,27.204,17.86,35671.38
HLA-B*51:03,SIKLFLWSTMW,48.25,34.92,40487.08
HLA-B*51:03,IKLFLWSTMWS,90.0,57.32,43896.73
HLA-B*51:03,KLFLWSTMWSP,74.286,52.345,43279.85
HLA-B*51:03,LFLWSTMWSPI,72.143,10.778,31939.93
HLA-B*51:03,FLWSTMWSPIL,25.821,7.473,29199.46
HLA-B*51:03,LWSTMWSPILE,83.75,43.196,41971.07
HLA-B*51:03,WSTMWSPILEN,80.0,34.822,40466.96
HLA-B*51:03,STMWSPILEND,90.0,65.969,44859.4
HLA-B*51:03,TMWSPILENDC,60.0,59.036,44100.94
HLA-B*51:03,MWSPILENDCH,54.259,56.896,43846.39
HLA-B*51:03,WSPILENDCHL,25.552,20.096,36519.6
HLA-B*51:03,SPILENDCHLP,17.005,17.88,35679.87
HLA-B*51:03,PILENDCHLPL,66.364,43.878,42075.19
HLA-B*51:03,ILENDCHLPLD,85.0,57.956,43972.29
HLA-B*51:03,LENDCHLPLDE,82.5,65.595,44822.53
HLA-B*51:03,ENDCHLPLDES,81.25,78.095,46007.66
HLA-B*51:03,NDCHLPLDESD,93.333,90.064,47126.67
HLA-B*51:03,DCHLPLDESDK,69.545,87.984,46924.66
HLA-B*51:03,CHLPLDESDKC,45.5,51.794,43209.21
HLA-B*51:03,HLPLDESDKCP,65.455,75.526,45777.28
HLA-B*51:03,LPLDESDKCPI,2.705,1.47,16960.91
HLA-B*51:03,PLDESDKCPIS,95.0,94.199,47589.86
HLA-B*51:03,LDESDKCPIST,66.364,83.324,46483.53
HLA-B*51:03,DESDKCPISTE,41.75,71.654,45414.18
HLA-B*51:03,ESDKCPISTER,30.459,75.377,45763.91
HLA-B*51:03,SDKCPISTERS,78.333,87.868,46913.49
HLA-B*51:03,DKCPISTERSI,0.468,1.237,15725.11
HLA-B*51:03,KCPISTERSII,17.482,4.932,25942.12
HLA-B*51:03,CPISTERSIIG,17.72,5.27,26436.59
HLA-B*51:03,PISTERSIIGE,100.0,96.698,48455.49
HLA-B*51:03,ISTERSIIGEV,20.935,14.593,34196.34
HLA-B*51:03,STERSIIGEVK,68.636,59.416,44146.3
HLA-B*51:03,TERSIIGEVKR,53.704,71.305,45381.28
HLA-B*51:03,ERSIIGEVKRD,86.667,94.758,47652.73
HLA-B*51:03,RSIIGEVKRDI,29.136,35.369,40577.0
HLA-B*51:03,SIIGEVKRDIT,76.667,82.278,46387.55
HLA-B*51:03,IIGEVKRDITV,24.792,25.386,38209.61
HLA-B*51:03,IGEVKRDITVE,64.643,74.248,45659.05
HLA-B*51:03,GEVKRDITVET,43.818,79.048,46093.37
HLA-B*51:03,EVKRDITVETI,9.598,13.243,33492.2
HLA-B*51:03,VKRDITVETIR,53.333,68.666,45126.18
HLA-B*51:03,KRDITVETIRE,86.667,94.538,47628.0
HLA-B*51:03,RDITVETIREG,82.5,80.142,46192.22
HLA-B*51:03,DITVETIREGG,86.667,86.137,46746.79
HLA-B*51:03,ITVETIREGGV,24.0,19.187,36181.37
HLA-B*51:03,TVETIREGGVM,46.444,48.643,42790.95
HLA-B*51:03,VETIREGGVMD,69.545,73.601,45597.84
HLA-B*51:03,ETIREGGVMDM,35.042,38.925,41256.55
HLA-B*51:03,TIREGGVMDMA,45.5,51.346,43151.73
HLA-B*51:03,IREGGVMDMAN,95.0,88.7,46993.77
HLA-B*51:03,REGGVMDMANN,97.5,93.573,47519.39
HLA-B*51:03,EGGVMDMANNT,45.7,55.4,43669.31
HLA-B*51:03,GGVMDMANNTV,39.176,43.643,42039.25
HLA-B*51:03,GVMDMANNTVW,33.929,32.597,40002.45
HLA-B*51:03,VMDMANNTVWV,49.429,23.205,37555.44
HLA-B*51:03,MDMANNTVWVN,73.571,22.727,37404.59
HLA-B*51:03,DMANNTVWVNN,90.0,54.052,43499.57
HLA-B*51:03,MANNTVWVNNE,64.286,42.692,41889.86
HLA-B*51:03,ANNTVWVNNEL,42.538,49.572,42920.76
HLA-B*51:03,NNTVWVNNELT,42.846,51.783,43207.79
HLA-B*51:03,NTVWVNNELTC,61.429,45.288,42296.1
HLA-B*51:03,TVWVNNELTCI,29.023,12.473,33045.12
HLA-B*51:03,VWVNNELTCIL,55.25,40.088,41459.25
HLA-B*51:03,WVNNELTCILR,81.25,59.504,44156.81
HLA-B*51:03,VNNELTCILRE,88.333,86.389,46771.09
HLA-B*51:03,NNELTCILREG,97.5,72.808,45522.91
HLA-B*51:03,NELTCILREGE,85.0,78.189,46016.14
HLA-B*51:03,ELTCILREGEI,38.389,19.363,36246.79
HLA-B*51:03,LTCILREGEIL,52.778,40.992,41612.05
HLA-B*51:03,TCILREGEILP,58.75,65.95,44857.46
HLA-B*51:03,CILREGEILPK,85.0,71.503,45399.93
HLA-B*51:03,ILREGEILPKT,58.75,69.469,45205.81
HLA-B*51:03,LREGEILPKTI,32.323,29.314,39245.36
HLA-B*51:03,REGEILPKTII,25.896,29.137,39202.91
HLA-B*51:03,EGEILPKTIIK,38.667,51.86,43217.62
HLA-B*51:03,GEILPKTIIKM,28.143,43.208,41972.88
HLA-B*51:03,EILPKTIIKMK,27.111,47.406,42610.76
HLA-B*51:03,ILPKTIIKMKG,75.0,61.327,44360.8
HLA-B*51:03,LPKTIIKMKGA,10.146,14.977,34385.2
HLA-B*51:03,PKTIIKMKGAK,97.5,96.099,48180.5
HLA-B*51:03,KTIIKMKGAKD,97.5,95.036,47696.57
HLA-B*51:03,TIIKMKGAKDH,85.0,95.723,48008.79
HLA-B*51:03,IIKMKGAKDHA,59.0,69.272,45186.25
HLA-B*51:03,IKMKGAKDHAG,91.667,90.947,47225.18
HLA-B*51:03,KMKGAKDHAGE,97.5,96.299,48272.34
HLA-B*51:03,MKGAKDHAGEI,13.509,13.523,33644.74
HLA-B*51:03,KGAKDHAGEIP,63.214,77.979,45997.21
HLA-B*51:03,GAKDHAGEIPP,58.5,77.769,45978.32
HLA-B*51:03,AKDHAGEIPPS,86.667,92.777,47430.02
HLA-B*51:03,KDHAGEIPPSH,44.636,88.168,46942.43
HLA-B*51:03,DHAGEIPPSHR,35.667,78.56,46049.51
HLA-B*51:03,HAGEIPPSHRR,18.152,62.834,44525.75
HLA-B*51:03,AGEIPPSHRRL,24.377,57.432,43910.0
HLA-B*51:03,GEIPPSHRRLL,9.819,28.732,39103.35
HLA-B*51:03,EIPPSHRRLLR,22.77,43.586,42030.61
HLA-B*51:03,IPPSHRRLLRS,22.53,30.847,39607.94
HLA-B*51:03,PPSHRRLLRSL,23.977,28.885,39141.45
HLA-B*51:03,PSHRRLLRSLK,93.333,83.719,46519.75
HLA-B*51:03,SHRRLLRSLKQ,86.667,82.295,46389.04
HLA-B*51:03,HRRLLRSLKQL,50.37,54.103,43506.16
HLA-B*51:03,RRLLRSLKQLV,44.727,35.87,40676.77
HLA-B*51:03,RLLRSLKQLVA,65.909,53.705,43454.88
HLA-B*51:03,LLRSLKQLVAL,32.0,23.563,37668.57
HLA-B*51:03,LRSLKQLVALG,76.667,55.568,43689.17
HLA-B*51:03,RSLKQLVALGA,66.364,48.136,42718.79
HLA-B*51:03,SLKQLVALGAS,79.167,73.633,45600.78
HLA-B*51:03,LKQLVALGASR,86.667,81.791,46342.91
HLA-B*51:03,KQLVALGASRA,63.929,67.963,45056.41
HLA-B*51:03,QLVALGASRAL,20.146,31.557,39771.14
HLA-B*51:03,LVALGASRALE,63.214,59.368,44140.55
HLA-B*51:03,VALGASRALEL,8.056,10.593,31805.79
HLA-B*51:03,ALGASRALELG,72.143,77.22,45929.09
HLA-B*51:03,LGASRALELGG,44.091,72.907,45532.25
HLA-B*51:03,GASRALELGGK,82.5,93.577,47519.91
HLA-B*51:03,ASRALELGGKR,65.455,88.642,46988.16
HLA-B*51:03,SRALELGGKRA,46.333,70.287,45285.62
HLA-B*51:03,RALELGGKRAG,53.889,63.146,44559.96
HLA-B*51:03,ALELGGKRAGK,82.5,95.526,47918.99
HLA-B*51:03,LELGGKRAGKL,27.685,39.71,41393.8
HLA-B*51:03,ELGGKRAGKLV,38.056,40.457,41521.65
HLA-B*51:03,LGGKRAGKLVK,88.333,83.083,46461.38
HLA-B*51:03,GGKRAGKLVKV,47.125,69.493,45208.26
HLA-B*51:03,GKRAGKLVKVG,90.0,95.233,47785.95
HLA-B*51:03,KRAGKLVKVGA,72.857,86.258,46758.42
HLA-B*51:03,RAGKLVKVGAL,28.286,42.684,41888.51
HLA-B*51:03,AGKLVKVGALE,86.667,86.726,46803.46
HLA-B*51:03,GKLVKVGALEV,44.273,56.2,43763.93
HLA-B*51:03,KLVKVGALEVI,37.789,37.126,40920.89
HLA-B*51:03,LVKVGALEVIL,40.375,42.695,41890.32
HLA-B*51:03,VKVGALEVILK,73.571,74.932,45723.81
HLA-B*51:03,KVGALEVILKS,59.75,69.37,45196.05
HLA-B*51:03,VGALEVILKSL,25.478,39.707,41393.37
HLA-B*51:03,GALEVILKSLG,43.364,58.12,43991.8
HLA-B*51:03,ALEVILKSLGY,59.25,57.744,43947.09
HLA-B*51:03,LEVILKSLGYT,74.286,54.362,43539.59
HLA-B*51:03,EVILKSLGYTA,20.545,19.401,36260.91
HLA-B*51:03,VILKSLGYTAD,91.667,78.616,46054.47
HLA-B*51:03,ILKSLGYTADK,75.0,76.833,45894.3
HLA-B*51:03,LKSLGYTADKG,97.5,90.576,47183.81
HLA-B*51:03,KSLGYTADKGM,57.0,55.796,43716.12
HLA-B*51:03,SLGYTADKGMR,88.333,85.311,46667.44
HLA-B*51:03,LGYTADKGMRT,54.259,52.312,43275.64
HLA-B*51:03,GYTADKGMRTR,68.636,93.536,47515.28
HLA-B*51:03,YTADKGMRTRG,66.364,75.52,45776.78
HLA-B*51:03,TADKGMRTRGI,8.685,16.514,35094.82
HLA-B*51:03,ADKGMRTRGID,93.333,90.91,47221.07
HLA-B*51:03,DKGMRTRGIDS,90.0,90.137,47134.82
HLA-B*51:03,KGMRTRGIDSN,97.5,93.403,47500.36
HLA-B*51:03,GMRTRGIDSNC,85.0,86.789,46809.56
HLA-B*51:03,MRTRGIDSNCP,83.75,80.175,46195.23
HLA-B*51:03,RTRGIDSNCPS,90.0,81.818,46345.41
HLA-B*51:03,TRGIDSNCPSN,95.0,90.727,47200.64
HLA-B*51:03,RGIDSNCPSNE,86.667,95.614,47958.93
HLA-B*51:03,GIDSNCPSNEG,95.0,93.632,47526.07
HLA-B*51:03,IDSNCPSNEGQ,93.333,95.452,47885.32
HLA-B*51:03,DSNCPSNEGQT,41.5,55.704,43705.26
HLA-B*51:03,SNCPSNEGQTL,4.645,25.586,38265.85
HLA-B*51:03,NCPSNEGQTLT,18.805,47.328,42599.22
HLA-B*51:03,CPSNEGQTLTP,21.219,16.947,35288.64
HLA-B*51:03,PSNEGQTLTPH,82.5,95.281,47807.65
HLA-B*51:03,SNEGQTLTPHY,44.091,64.798,44741.61
HLA-B*51:03,NEGQTLTPHYP,40.438,52.031,43239.59
HLA-B*51:03,EGQTLTPHYPL,19.946,17.155,35376.94
HLA-B*51:03,GQTLTPHYPLA,57.5,46.9,42535.67
HLA-B*51:03,QTLTPHYPLAY,31.941,32.131,39900.88
HLA-B*51:03,TLTPHYPLAYQ,41.667,48.075,42710.0
HLA-B*51:03,LTPHYPLAYQA,18.616,9.375,30913.14
HLA-B*51:03,TPHYPLAYQAA,6.882,5.362,26570.22
HLA-B*51:03,PHYPLAYQAAI,12.907,3.504,23331.2
HLA-B*51:03,HYPLAYQAAIG,28.98,13.798,33795.79
HLA-B*51:03,YPLAYQAAIGK,12.074,6.214,27712.7
HLA-B*51:03,PLAYQAAIGKN,97.5,88.658,46989.71
HLA-B*51:03,LAYQAAIGKNT,39.471,31.751,39815.49
HLA-B*51:03,AYQAAIGKNTV,21.675,30.542,39536.46
HLA-B*51:03,YQAAIGKNTVK,34.577,41.696,41725.66
HLA-B*51:03,QAAIGKNTVKG,50.185,77.198,45927.11
HLA-B*51:03,AAIGKNTVKGP,52.593,76.34,45850.14
HLA-B*51:03,AIGKNTVKGPA,90.0,82.733,46429.24
HLA-B*51:03,IGKNTVKGPAY,47.375,65.162,44779.86
HLA-B*51:03,GKNTVKGPAYV,51.481,58.692,44059.92
HLA-B*51:03,KNTVKGPAYVD,85.0,82.913,46445.8
HLA-B*51:03,NTVKGPAYVDT,70.0,72.797,45521.92
HLA-B*51:03,TVKGPAYVDTD,85.0,85.495,46685.11
HLA-B*51:03,VKGPAYVDTDL,15.634,23.036,37502.24
HLA-B*51:03,KGPAYVDTDLT,62.143,58.7,44060.89
HLA-B*51:03,GPAYVDTDLTP,27.981,41.279,41658.45
HLA-B*51:03,PAYVDTDLTPL,34.885,29.204,39219.05
HLA-B*51:03,AYVDTDLTPLD,76.667,79.33,46118.82
HLA-B*51:03,YVDTDLTPLDL,29.841,35.166,40536.62
HLA-B*51:03,VDTDLTPLDLW,23.069,27.4,38756.71
HLA-B*51:03,DTDLTPLDLWV,16.413,11.537,32456.57
HLA-B*51:03,TDLTPLDLWVV,28.857,16.8,35222.64
HLA-B*51:03,DLTPLDLWVVS,22.61,17.141,35371.21
HLA-B*51:03,LTPLDLWVVSV,5.117,4.096,24492.37
HLA-B*51:03,TPLDLWVVSVF,1.571,2.276,20114.94
HLA-B*51:03,PLDLWVVSVFL,71.429,47.437,42615.38
HLA-B*51:03,LDLWVVSVFLS,78.333,49.057,42849.79
HLA-B*51:03,DLWVVSVFLSV,9.738,5.509,26782.94
HLA-B*51:03,LWVVSVFLSVN,83.75,68.42,45101.77
HLA-B*51:03,WVVSVFLSVNP,85.0,57.016,43860.62
HLA-B*51:03,VVSVFLSVNPT,82.5,54.187,43516.96
HLA-B*51:03,VSVFLSVNPTL,20.016,13.737,33762.15
HLA-B*51:03,SVFLSVNPTLG,40.75,33.08,40106.91
HLA-B*51:03,VFLSVNPTLGQ,63.571,72.719,45514.52
HLA-B*51:03,FLSVNPTLGQD,93.333,78.25,46021.6
HLA-B*51:03,LSVNPTLGQDR,62.857,84.929,46631.1
HLA-B*51:03,SVNPTLGQDRD,88.333,88.726,46996.31
HLA-B*51:03,VNPTLGQDRDA,71.429,71.795,45427.45
HLA-B*51:03,NPTLGQDRDAK,51.481,68.199,45079.81
HLA-B*51:03,PTLGQDRDAKS,97.5,97.09,48636.16
HLA-B*51:03,TLGQDRDAKSA,62.857,81.101,46279.77
HLA-B*51:03,LGQDRDAKSAP,61.429,79.014,46090.36
HLA-B*51:03,GQDRDAKSAPA,68.182,82.015,46363.47
HLA-B*51:03,QDRDAKSAPAV,28.694,43.241,41977.89
HLA-B*51:03,DRDAKSAPAVF,5.227,16.207,34957.64
HLA-B*51:03,RDAKSAPAVFD,47.125,65.202,44783.75
HLA-B*51:03,DAKSAPAVFDE,20.504,49.542,42916.58
HLA-B*51:03,AKSAPAVFDES,86.667,86.421,46774.11
HLA-B*51:03,KSAPAVFDESV,12.921,11.789,32624.16
HLA-B*51:03,SAPAVFDESVD,38.222,28.788,39117.32
HLA-B*51:03,APAVFDESVDF,6.689,18.778,36026.67
HLA-B*51:03,PAVFDESVDFE,83.75,91.857,47326.95
HLA-B*51:03,AVFDESVDFEE,76.667,86.316,46764.0
HLA-B*51:03,VFDESVDFEEL,24.312,41.637,41716.19
HLA-B*51:03,FDESVDFEELA,40.438,37.297,40953.23
HLA-B*51:03,DESVDFEELAF,20.122,25.727,38305.21
HLA-B*51:03,ESVDFEELAFK,28.816,41.36,41671.53
HLA-B*51:03,SVDFEELAFKI,22.79,20.099,36520.4
HLA-B*51:03,VDFEELAFKIV,27.611,21.468,36998.46
HLA-B*51:03,DFEELAFKIVT,44.545,44.713,42206.97
HLA-B*51:03,FEELAFKIVTS,68.636,56.144,43757.3
HLA-B*51:03,EELAFKIVTSV,1.871,2.052,19417.18
HLA-B*51:03,ELAFKIVTSVQ,14.303,18.06,35752.91
HLA-B*51:03,LAFKIVTSVQD,23.816,26.035,38391.1
HLA-B*51:03,AFKIVTSVQDD,100.0,96.024,48146.11
HLA-B*51:03,FKIVTSVQDDD,100.0,92.168,47361.79
HLA-B*51:03,KIVTSVQDDDA,95.0,94.858,47664.07
HLA-B*51:03,IVTSVQDDDAL,42.769,48.555,42778.45
HLA-B*51:03,VTSVQDDDALF,32.774,40.551,41537.38
HLA-B*51:03,TSVQDDDALFK,45.7,65.719,44834.64
HLA-B*51:03,SVQDDDALFKV,16.462,28.566,39061.91
HLA-B*51:03,VQDDDALFKVQ,44.818,79.269,46113.32
HLA-B*51:03,QDDDALFKVQQ,65.0,95.235,47786.45
HLA-B*51:03,DDDALFKVQQA,8.2,12.791,33234.46
HLA-B*51:03,DDALFKVQQAL,7.483,9.472,30995.19
HLA-B*51:03,DALFKVQQALD,11.301,15.413,34589.3
HLA-B*51:03,ALFKVQQALDS,59.75,76.788,45890.34
HLA-B*51:03,LFKVQQALDSS,95.0,86.921,46822.21
HLA-B*51:03,FKVQQALDSSK,70.0,80.832,46255.24
HLA-B*51:03,KVQQALDSSKS,90.0,95.063,47708.45
HLA-B*51:03,VQQALDSSKSF,10.768,27.402,38757.14
HLA-B*51:03,QQALDSSKSFT,42.154,71.467,45396.5
HLA-B*51:03,QALDSSKSFTE,39.294,63.15,44560.45
HLA-B*51:03,ALDSSKSFTEL,29.477,48.526,42774.28
HLA-B*51:03,LDSSKSFTELE,66.364,64.464,44704.83
HLA-B*51:03,DSSKSFTELES,34.192,55.748,43710.45
HLA-B*51:03,SSKSFTELESL,20.724,28.08,38940.81
HLA-B*51:03,SKSFTELESLR,46.778,60.699,44292.22
HLA-B*51:03,KSFTELESLRG,65.455,65.054,44769.2
HLA-B*51:03,SFTELESLRGP,54.074,60.87,44310.91
HLA-B*51:03,FTELESLRGPG,93.333,58.796,44072.31
HLA-B*51:03,TELESLRGPGG,75.833,77.973,45996.71
HLA-B*51:03,ELESLRGPGGE,93.333,94.108,47579.58
HLA-B*51:03,LESLRGPGGEM,28.0,36.723,40843.04
HLA-B*51:03,ESLRGPGGEMD,59.5,71.534,45402.88
HLA-B*51:03,SLRGPGGEMDV,33.929,47.752,42662.43
HLA-B*51:03,LRGPGGEMDVT,75.0,72.072,45453.51
HLA-B*51:03,RGPGGEMDVTI,27.296,32.355,39949.7
HLA-B*51:03,GPGGEMDVTID,45.9,59.104,44109.05
HLA-B*51:03,PGGEMDVTIDG,97.5,95.258,47797.32
HLA-B*51:03,GGEMDVTIDGP,88.333,86.947,46824.75
HLA-B*51:03,GEMDVTIDGPR,63.929,78.245,46021.1
HLA-B*51:03,EMDVTIDGPRT,68.182,71.341,45384.7
HLA-B*51:03,MDVTIDGPRTL,7.847,19.795,36408.35
HLA-B*51:03,DVTIDGPRTLR,15.743,52.403,43287.33
HLA-B*51:03,VTIDGPRTLRY,18.207,31.437,39743.61
HLA-B*51:03,TIDGPRTLRYL,24.195,42.223,41811.97
HLA-B*51:03,IDGPRTLRYLI,8.949,3.288,22814.46
HLA-B*51:03,DGPRTLRYLIP,23.264,14.024,33918.87
HLA-B*51:03,GPRTLRYLIPP,45.9,31.589,39778.45
HLA-B*51:03,PRTLRYLIPPL,81.25,44.793,42219.77
HLA-B*51:03,RTLRYLIPPLD,88.333,45.63,42347.85
HLA-B*51:03,TLRYLIPPLDA,62.5,36.048,40711.99
HLA-B*51:03,LRYLIPPLDAA,36.524,30.732,39580.95
HLA-B*51:03,RYLIPPLDAAG,79.167,69.409,45199.95
HLA-B*51:03,YLIPPLDAAGE,50.741,56.08,43749.73
HLA-B*51:03,LIPPLDAAGES,45.9,43.054,41949.29
HLA-B*51:03,IPPLDAAGESS,38.5,45.015,42254.93
HLA-B*51:03,PPLDAAGESSV,5.021,12.755,33212.88
HLA-B*51:03,PLDAAGESSVM,40.5,59.008,44097.61
HLA-B*51:03,LDAAGESSVMS,70.0,66.865,44947.81
HLA-B*51:03,DAAGESSVMSI,0.75,0.89,13669.31
HLA-B*51:03,AAGESSVMSIH,30.432,53.877,43476.96
HLA-B*51:03,AGESSVMSIHL,31.441,47.458,42618.59
HLA-B*51:03,GESSVMSIHLG,61.071,60.435,44263.47
HLA-B*51:03,ESSVMSIHLGD,61.429,46.367,42457.51
HLA-B*51:03,SSVMSIHLGDP,63.929,45.358,42306.63
HLA-B*51:03,SVMSIHLGDPF,43.364,17.953,35710.37
HLA-B*51:03,VMSIHLGDPFT,77.5,52.487,43298.11
HLA-B*51:03,MSIHLGDPFTI,12.433,1.811,18439.87
HLA-B*51:03,SIHLGDPFTIA,37.737,34.283,40355.44
HLA-B*51:03,IHLGDPFTIAN,66.364,55.26,43652.79
HLA-B*51:03,HLGDPFTIANK,68.182,75.908,45811.45
HLA-B*51:03,LGDPFTIANKN,49.571,28.005,38922.28
HLA-B*51:03,GDPFTIANKNV,2.48,1.908,18872.62
HLA-B*51:03,DPFTIANKNVK,3.273,3.081,22325.09
HLA-B*51:03,PFTIANKNVKG,100.0,92.452,47393.57
HLA-B*51:03,FTIANKNVKGD,93.333,80.268,46203.72
HLA-B*51:03,TIANKNVKGDS,95.0,96.35,48295.85
HLA-B*51:03,IANKNVKGDSV,6.197,13.85,33824.68
HLA-B*51:03,ANKNVKGDSVD,93.333,95.251,47793.69
HLA-B*51:03,NKNVKGDSVDS,91.667,95.697,47996.84
HLA-B*51:03,KNVKGDSVDSD,100.0,97.141,48659.85
HLA-B*51:03,NVKGDSVDSDL,45.7,63.15,44560.45
HLA-B*51:03,VKGDSVDSDLQ,88.333,95.296,47814.38
HLA-B*51:03,KGDSVDSDLQA,37.842,68.656,45125.19
HLA-B*51:03,GDSVDSDLQAR,72.857,93.458,47506.52
HLA-B*51:03,DSVDSDLQARN,64.643,76.445,45859.57
HLA-B*51:03,SVDSDLQARNA,45.0,63.379,44585.52
HLA-B*51:03,VDSDLQARNAS,80.0,85.816,46715.95
HLA-B*51:03,DSDLQARNASL,13.521,23.388,37613.17
HLA-B*51:03,SDLQARNASLA,48.625,45.594,42342.36
HLA-B*51:03,DLQARNASLAC,20.179,28.849,39132.57
HLA-B*51:03,LQARNASLACT,81.25,63.524,44601.45
HLA-B*51:03,QARNASLACTQ,66.818,79.751,46156.75
HLA-B*51:03,ARNASLACTQK,74.286,87.684,46895.74
HLA-B*51:03,RNASLACTQKS,91.667,83.582,46507.16
HLA-B*51:03,NASLACTQKSY,31.618,33.667,40228.17
HLA-B*51:03,ASLACTQKSYA,61.786,51.389,43157.32
HLA-B*51:03,SLACTQKSYAQ,83.75,83.094,46462.4
HLA-B*51:03,LACTQKSYAQD,95.0,74.927,45723.31
HLA-B*51:03,ACTQKSYAQDK,83.75,94.881,47666.65
HLA-B*51:03,CTQKSYAQDKI,45.3,21.659,37061.77
HLA-B*51:03,TQKSYAQDKIR,63.571,69.611,45220.01
HLA-B*51:03,QKSYAQDKIRV,41.833,55.604,43693.43
HLA-B*51:03,KSYAQDKIRVH,57.25,67.274,44988.21
HLA-B*51:03,SYAQDKIRVHD,79.167,88.626,46986.65
HLA-B*51:03,YAQDKIRVHDW,9.208,19.862,36433.57
HLA-B*51:03,AQDKIRVHDWI,36.857,36.911,40879.74
HLA-B*51:03,QDKIRVHDWIT,83.75,65.157,44779.39
HLA-B*51:03,DKIRVHDWITH,62.857,74.462,45679.31
HLA-B*51:03,KIRVHDWITHQ,88.333,93.518,47513.2
HLA-B*51:03,IRVHDWITHQL,19.399,32.298,39937.15
HLA-B*51:03,RVHDWITHQLH,46.222,55.436,43673.57
HLA-B*51:03,VHDWITHQLHG,53.704,54.861,43604.16
HLA-B*51:03,HDWITHQLHGR,70.0,77.171,45924.62
HLA-B*51:03,DWITHQLHGRK,61.071,74.963,45726.79
HLA-B*51:03,WITHQLHGRKF,46.556,40.758,41572.45
HLA-B*51:03,ITHQLHGRKFL,35.875,31.448,39746.19
HLA-B*51:03,THQLHGRKFLG,74.286,61.344,44362.72
HLA-B*51:03,HQLHGRKFLGK,69.545,76.849,45895.82
HLA-B*51:03,QLHGRKFLGKE,91.667,89.005,47023.27
HLA-B*51:03,LHGRKFLGKEI,43.545,27.236,38711.87
HLA-B*51:03,HGRKFLGKEID,82.5,79.983,46177.71
HLA-B*51:03,GRKFLGKEIDD,100.0,96.915,48555.75
HLA-B*51:03,RKFLGKEIDDE,97.5,96.763,48485.37
HLA-B*51:03,KFLGKEIDDEF,34.0,56.192,43762.97
HLA-B*51:03,FLGKEIDDEFV,65.455,49.542,42916.58
HLA-B*51:03,LGKEIDDEFVV,28.041,21.621,37049.32
HLA-B*51:03,GKEIDDEFVVD,75.833,93.5,47511.14
HLA-B*51:03,KEIDDEFVVDF,29.023,53.446,43421.51
HLA-B*51:03,EIDDEFVVDFL,20.415,39.419,41343.24
HLA-B*51:03,IDDEFVVDFLH,50.37,62.592,44499.25
HLA-B*51:03,DDEFVVDFLHD,82.5,70.391,45295.43
HLA-B*51:03,DEFVVDFLHDI,5.309,3.492,23304.45
HLA-B*51:03,EFVVDFLHDIL,34.308,28.634,39078.82
HLA-B*51:03,FVVDFLHDILQ,64.643,46.533,42481.86
HLA-B*51:03,VVDFLHDILQY,37.842,48.529,42774.75
HLA-B*51:03,VDFLHDILQYN,72.143,63.88,44640.56
HLA-B*51:03,DFLHDILQYNG,73.571,62.786,44520.44
HLA-B*51:03,FLHDILQYNGS,63.214,64.662,44726.61
HLA-B*51:03,LHDILQYNGSY,31.382,41.953,41767.2
HLA-B*51:03,HDILQYNGSYT,65.455,62.623,44502.61
HLA-B*51:03,DILQYNGSYTL,4.469,6.361,27899.82
HLA-B*51:03,ILQYNGSYTLP,47.5,39.787,41407.25
HLA-B*51:03,LQYNGSYTLPL,23.506,9.544,31050.91
HLA-B*51:03,QYNGSYTLPLE,81.25,71.289,45379.79
HLA-B*51:03,YNGSYTLPLEA,20.374,13.647,33712.89
HLA-B*51:03,NGSYTLPLEAV,27.315,19.436,36274.27
HLA-B*51:03,GSYTLPLEAVA,41.167,37.948,41076.6
HLA-B*51:03,SYTLPLEAVAI,33.857,17.733,35618.16
HLA-B*51:03,YTLPLEAVAIY,5.049,5.971,27403.79
HLA-B*51:03,TLPLEAVAIYP,31.059,22.686,37391.63
HLA-B*51:03,LPLEAVAIYPI,1.808,0.247,6845.76
HLA-B*51:03,PLEAVAIYPIV,33.464,12.978,33346.49
HLA-B*51:03,LEAVAIYPIVA,42.154,21.367,36964.83
HLA-B*51:03,EAVAIYPIVAD,38.889,23.655,37697.51
HLA-B*51:03,AVAIYPIVADR,68.636,80.734,46246.23
HLA-B*51:03,VAIYPIVADRA,17.674,21.753,37093.04
HLA-B*51:03,AIYPIVADRAP,36.476,42.668,41885.78
HLA-B*51:03,IYPIVADRAPH,61.071,53.457,43422.91
HLA-B*51:03,YPIVADRAPHN,21.763,19.718,36379.59
HLA-B*51:03,PIVADRAPHNT,88.333,95.003,47681.62
HLA-B*51:03,IVADRAPHNTK,42.615,67.495,45010.12
HLA-B*51:03,VADRAPHNTKA,16.884,37.241,40942.59
HLA-B*51:03,ADRAPHNTKAP,53.519,76.772,45888.86
HLA-B*51:03,DRAPHNTKAPV,5.113,4.888,25872.62
HLA-B*51:03,RAPHNTKAPVE,62.857,51.251,43139.6
HLA-B*51:03,APHNTKAPVEP,20.78,45.082,42265.02
HLA-B*51:03,PHNTKAPVEPS,97.5,95.102,47726.51
HLA-B*51:03,HNTKAPVEPSV,22.97,30.79,39594.66
HLA-B*51:03,NTKAPVEPSVI,9.452,11.891,32692.36
HLA-B*51:03,TKAPVEPSVID,33.571,39.378,41336.07
HLA-B*51:03,KAPVEPSVIDD,70.0,81.079,46277.77
HLA-B*51:03,APVEPSVIDDH,25.448,68.238,45083.71
HLA-B*51:03,PVEPSVIDDHV,33.286,28.885,39141.45
HLA-B*51:03,VEPSVIDDHVA,36.286,31.326,39718.24
HLA-B*51:03,EPSVIDDHVAL,1.718,5.129,26233.99
HLA-B*51:03,PSVIDDHVALK,69.545,77.924,45992.23
HLA-B*51:03,SVIDDHVALKL,13.677,27.847,38878.93
HLA-B*51:03,VIDDHVALKLV,23.115,27.431,38765.09
HLA-B*51:03,IDDHVALKLVC,49.429,54.103,43506.16
HLA-B*51:03,DDHVALKLVCM,29.977,25.631,38278.29
HLA-B*51:03,DHVALKLVCMI,10.36,2.151,19721.22
HLA-B*51:03,HVALKLVCMIL,34.654,27.063,38664.57
HLA-B*51:03,VALKLVCMILE,65.909,36.33,40766.67
HLA-B*51:03,ALKLVCMILEE,95.0,93.833,47548.69
HLA-B*51:03,LKLVCMILEES,95.0,78.738,46065.46
HLA-B*51:03,KLVCMILEESD,100.0,92.566,47406.41
HLA-B*51:03,LVCMILEESDS,95.0,87.753,46902.33
HLA-B*51:03,VCMILEESDSQ,93.333,95.179,47761.12
HLA-B*51:03,CMILEESDSQK,81.25,80.378,46213.7
HLA-B*51:03,MILEESDSQKQ,78.333,91.885,47330.04
HLA-B*51:03,ILEESDSQKQH,48.25,95.65,47975.55
HLA-B*51:03,LEESDSQKQHI,17.435,30.81,39599.38
HLA-B*51:03,EESDSQKQHIE,29.0,67.111,44972.14
HLA-B*51:03,ESDSQKQHIEN,57.5,84.88,46626.56
HLA-B*51:03,SDSQKQHIEND,95.0,95.693,47995.29
HLA-B*51:03,DSQKQHIENDR,68.636,92.054,47349.0
HLA-B*51:03,SQKQHIENDRD,95.0,96.434,48334.02
HLA-B*51:03,QKQHIENDRDL,49.0,75.797,45801.55
HLA-B*51:03,KQHIENDRDLL,52.407,64.174,44672.93
HLA-B*51:03,QHIENDRDLLE,60.0,72.474,45491.39
HLA-B*51:03,HIENDRDLLEI,34.192,32.042,39881.46
HLA-B*51:03,IENDRDLLEIW,17.404,27.563,38801.18
HLA-B*51:03,ENDRDLLEIWC,57.25,68.755,45134.96
HLA-B*51:03,NDRDLLEIWCW,15.81,36.239,40749.03
HLA-B*51:03,DRDLLEIWCWE,69.091,57.292,43893.39
HLA-B*51:03,RDLLEIWCWEA,69.091,42.474,41853.62
HLA-B*51:03,DLLEIWCWEAE,70.714,52.352,43280.8
HLA-B*51:03,LLEIWCWEAEE,97.5,78.854,46075.92
HLA-B*51:03,LEIWCWEAEEL,36.238,25.855,38341.29
HLA-B*51:03,EIWCWEAEELN,53.519,50.35,43024.46
HLA-B*51:03,IWCWEAEELNA,93.333,78.444,46039.03
HLA-B*51:03,WCWEAEELNAL,15.515,25.069,38121.22
HLA-B*51:03,CWEAEELNALI,29.75,9.689,31155.23
HLA-B*51:03,WEAEELNALIP,35.792,25.826,38332.99
HLA-B*51:03,EAEELNALIPS,38.056,34.753,40452.5
HLA-B*51:03,AEELNALIPSG,83.75,75.664,45789.65
HLA-B*51:03,EELNALIPSGE,66.818,79.286,46114.83
HLA-B*51:03,ELNALIPSGED,68.636,71.373,45387.66
HLA-B*51:03,LNALIPSGEDL,33.679,38.528,41183.39
HLA-B*51:03,NALIPSGEDLQ,38.111,48.435,42761.32
HLA-B*51:03,ALIPSGEDLQL,8.453,28.715,39099.14
HLA-B*51:03,LIPSGEDLQLA,18.22,33.185,40128.61
HLA-B*51:03,IPSGEDLQLAS,21.482,23.643,37693.84
HLA-B*51:03,PSGEDLQLASP,85.0,87.521,46880.01
HLA-B*51:03,SGEDLQLASPG,88.333,63.616,44611.58
HLA-B*51:03,GEDLQLASPGI,23.356,29.796,39360.59
HLA-B*51:03,EDLQLASPGIP,48.125,42.725,41895.29
HLA-B*51:03,DLQLASPGIPY,39.353,39.514,41359.78
HLA-B*51:03,LQLASPGIPYL,6.617,10.62,31825.4
HLA-B*51:03,QLASPGIPYLV,16.782,11.704,32567.72
HLA-B*51:03,LASPGIPYLVK,19.709,18.059,35752.52
HLA-B*51:03,ASPGIPYLVKS,42.077,52.662,43320.62
HLA-B*51:03,SPGIPYLVKSD,59.25,46.834,42526.02
HLA-B*51:03,PGIPYLVKSDE,90.0,89.811,47101.18
HLA-B*51:03,GIPYLVKSDET,55.75,40.705,41563.45
HLA-B*51:03,IPYLVKSDETS,16.529,13.71,33747.55
HLA-B*51:03,PYLVKSDETSV,55.25,57.356,43901.0
HLA-B*51:03,YLVKSDETSVF,22.72,30.286,39476.61
HLA-B*51:03,LVKSDETSVFW,20.821,22.019,37181.45
HLA-B*51:03,VKSDETSVFWH,61.786,72.714,45514.05
HLA-B*51:03,KSDETSVFWHL,17.031,25.318,38190.59
HLA-B*51:03,SDETSVFWHLW,20.122,15.863,34800.66
HLA-B*51:03,DETSVFWHLWE,31.853,24.508,37956.59
HLA-B*51:03,ETSVFWHLWEV,17.057,4.099,24498.99
HLA-B*51:03,TSVFWHLWEVL,23.92,11.987,32756.43
HLA-B*51:03,SVFWHLWEVLV,33.286,10.309,31601.01
HLA-B*51:03,VFWHLWEVLVK,80.0,58.604,44049.44
HLA-B*51:03,FWHLWEVLVKQ,85.0,76.19,45836.74
HLA-B*51:03,WHLWEVLVKQL,40.938,23.603,37681.2
HLA-B*51:03,HLWEVLVKQLW,20.431,19.2,36186.06
HLA-B*51:03,LWEVLVKQLWN,79.167,59.62,44170.65
HLA-B*51:03,WEVLVKQLWNL,33.214,24.869,38063.12
HLA-B*51:03,EVLVKQLWNLG,52.963,44.716,42207.43
HLA-B*51:03,VLVKQLWNLGV,54.074,32.677,40019.76
HLA-B*51:03,LVKQLWNLGVT,74.286,52.09,43247.09
HLA-B*51:03,VKQLWNLGVTF,37.474,35.43,40589.3
HLA-B*51:03,KQLWNLGVTFK,56.75,59.596,44167.8
HLA-B*51:03,QLWNLGVTFKS,60.714,64.108,44665.67
HLA-B*51:03,LWNLGVTFKST,91.667,81.95,46357.43
HLA-B*51:03,WNLGVTFKSTG,91.667,61.96,44429.98
HLA-B*51:03,NLGVTFKSTGE,95.0,92.676,47418.7
HLA-B*51:03,LGVTFKSTGEG,85.0,64.741,44735.32
HLA-B*51:03,GVTFKSTGEGA,82.5,76.135,45831.78
HLA-B*51:03,VTFKSTGEGAS,83.75,71.31,45381.75
HLA-B*51:03,TFKSTGEGASL,32.0,53.235,43394.27
HLA-B*51:03,FKSTGEGASLD,77.5,75.648,45788.17
HLA-B*51:03,KSTGEGASLDE,86.667,95.499,47906.57
HLA-B*51:03,STGEGASLDEQ,90.0,96.078,48171.11
HLA-B*51:03,TGEGASLDEQS,85.0,95.22,47779.73
HLA-B*51:03,GEGASLDEQSG,95.0,95.483,47899.31
HLA-B*51:03,EGASLDEQSGL,22.67,48.529,42774.75
HLA-B*51:03,GASLDEQSGLD,70.0,92.388,47386.39
HLA-B*51:03,ASLDEQSGLDE,72.857,95.208,47774.55
HLA-B*51:03,SLDEQSGLDEI,26.383,29.703,39338.46
HLA-B*51:03,LDEQSGLDEIQ,74.286,73.873,45623.49
HLA-B*51:03,DEQSGLDEIQL,11.325,34.389,40377.28
HLA-B*51:03,EQSGLDEIQLK,29.227,64.618,44721.76
HLA-B*51:03,QSGLDEIQLKR,53.333,90.828,47211.88
HLA-B*51:03,SGLDEIQLKRI,18.939,24.648,37997.68
HLA-B*51:03,GLDEIQLKRII,31.147,36.43,40786.07
HLA-B*51:03,LDEIQLKRIIP,59.5,54.307,43532.52
HLA-B*51:03,DEIQLKRIIPK,35.417,44.445,42164.53
HLA-B*51:03,EIQLKRIIPKP,52.407,55.14,43638.62
HLA-B*51:03,IQLKRIIPKPL,37.105,34.444,40388.66
HLA-B*51:03,QLKRIIPKPLF,34.769,43.196,41971.07
HLA-B*51:03,LKRIIPKPLFS,63.571,61.054,44331.06
HLA-B*51:03,KRIIPKPLFSK,70.0,83.116,46464.41
HLA-B*51:03,RIIPKPLFSKV,4.7,5.739,27089.83
HLA-B*51:03,IIPKPLFSKVI,6.802,4.016,24342.56
HLA-B*51:03,IPKPLFSKVIE,7.592,5.736,27085.42
HLA-B*51:03,PKPLFSKVIEK,58.25,85.642,46699.27
HLA-B*51:03,KPLFSKVIEKR,41.583,74.499,45682.76
HLA-B*51:03,PLFSKVIEKRD,97.5,96.439,48336.64
HLA-B*51:03,LFSKVIEKRDY,70.714,71.78,45425.96
HLA-B*51:03,FSKVIEKRDYH,69.545,77.475,45951.94
HLA-B*51:03,SKVIEKRDYHQ,93.333,96.877,48537.87
HLA-B*51:03,KVIEKRDYHQG,82.5,89.0,47022.75
HLA-B*51:03,VIEKRDYHQGA,60.714,67.992,45059.32
HLA-B*51:03,IEKRDYHQGAF,40.438,50.412,43032.37
HLA-B*51:03,EKRDYHQGAFN,82.5,79.684,46150.74
HLA-B*51:03,KRDYHQGAFNY,47.0,73.45,45583.52
HLA-B*51:03,RDYHQGAFNYE,69.091,74.207,45655.1
HLA-B*51:03,DYHQGAFNYER,51.296,75.305,45757.47
HLA-B*51:03,YHQGAFNYERG,85.0,59.992,44215.14
HLA-B*51:03,HQGAFNYERGK,60.714,72.949,45536.21
HLA-B*51:03,QGAFNYERGKM,64.643,58.664,44056.6
HLA-B*51:03,GAFNYERGKMV,16.564,19.063,36135.2
HLA-B*51:03,AFNYERGKMVR,65.909,76.334,45849.63
HLA-B*51:03,FNYERGKMVRI,13.047,8.935,30540.78
HLA-B*51:03,NYERGKMVRIN,80.0,72.62,45505.19
HLA-B*51:03,YERGKMVRINE,71.429,74.776,45708.98
HLA-B*51:03,ERGKMVRINEH,78.333,94.442,47617.15
HLA-B*51:03,RGKMVRINEHM,60.714,61.762,44408.35
HLA-B*51:03,GKMVRINEHMC,82.5,86.047,46738.19
HLA-B*51:03,KMVRINEHMCE,93.333,85.132,46650.29
HLA-B*51:03,MVRINEHMCEW,29.25,15.685,34717.16
HLA-B*51:03,VRINEHMCEWN,85.0,69.729,45231.77
HLA-B*51:03,RINEHMCEWNT,88.333,76.744,45886.38
HLA-B*51:03,INEHMCEWNTR,88.333,77.071,45915.68
HLA-B*51:03,NEHMCEWNTRG,75.833,59.24,44125.29
HLA-B*51:03,EHMCEWNTRGY,42.615,37.63,41016.19
HLA-B*51:03,HMCEWNTRGYY,30.838,32.192,39914.26
HLA-B*51:03,MCEWNTRGYYN,79.167,54.187,43516.96
HLA-B*51:03,CEWNTRGYYNP,79.167,46.382,42459.81
HLA-B*51:03,EWNTRGYYNPK,70.714,73.528,45590.93
HLA-B*51:03,WNTRGYYNPKI,53.333,26.736,38577.22
HLA-B*51:03,NTRGYYNPKIS,74.286,50.332,43022.13
HLA-B*51:03,TRGYYNPKISF,13.533,34.998,40503.3
HLA-B*51:03,RGYYNPKISFQ,46.556,58.804,44073.28
HLA-B*51:03,GYYNPKISFQG,69.545,79.85,46165.75
HLA-B*51:03,YYNPKISFQGQ,34.846,57.128,43873.91
HLA-B*51:03,YNPKISFQGQE,58.25,73.439,45582.55
HLA-B*51:03,NPKISFQGQEP,15.608,24.104,37837.68
HLA-B*51:03,PKISFQGQEPY,58.25,69.281,45187.25
HLA-B*51:03,KISFQGQEPYQ,76.667,85.879,46722.01
HLA-B*51:03,ISFQGQEPYQL,8.559,14.076,33943.84
HLA-B*51:03,SFQGQEPYQLS,62.857,73.586,45596.34
HLA-B*51:03,FQGQEPYQLSI,19.318,11.21,32240.26
HLA-B*51:03,QGQEPYQLSIQ,47.125,53.869,43476.04
HLA-B*51:03,GQEPYQLSIQP,23.701,31.58,39776.3
HLA-B*51:03,QEPYQLSIQPG,49.857,30.354,39492.42
HLA-B*51:03,EPYQLSIQPGV,0.518,0.469,10004.29
HLA-B*51:03,PYQLSIQPGVF,54.444,37.834,41054.83
HLA-B*51:03,YQLSIQPGVFV,12.692,9.215,30777.97
HLA-B*51:03,QLSIQPGVFVM,30.946,28.788,39117.32
HLA-B*51:03,LSIQPGVFVMV,15.974,8.823,30443.13
HLA-B*51:03,SIQPGVFVMVT,43.545,32.522,39986.02
HLA-B*51:03,IQPGVFVMVTE,68.182,60.0,44216.08
HLA-B*51:03,QPGVFVMVTEG,51.667,28.908,39147.38
HLA-B*51:03,PGVFVMVTEGQ,100.0,96.345,48293.23
HLA-B*51:03,GVFVMVTEGQK,91.667,90.389,47162.88
HLA-B*51:03,VFVMVTEGQKQ,91.667,93.454,47506.03
HLA-B*51:03,FVMVTEGQKQD,86.667,75.504,45775.3
HLA-B*51:03,VMVTEGQKQDA,64.286,79.812,46162.23
HLA-B*51:03,MVTEGQKQDAA,48.125,52.83,43342.17
HLA-B*51:03,VTEGQKQDAAS,90.0,93.253,47483.39
HLA-B*51:03,TEGQKQDAASI,21.684,29.556,39303.13
HLA-B*51:03,EGQKQDAASIG,58.0,61.151,44341.61
HLA-B*51:03,GQKQDAASIGV,44.091,63.836,44635.72
HLA-B*51:03,QKQDAASIGVG,77.5,81.977,46359.94
HLA-B*51:03,KQDAASIGVGV,18.11,22.781,37421.59
HLA-B*51:03,QDAASIGVGVM,24.532,26.532,38523.0
HLA-B*51:03,DAASIGVGVMP,12.225,16.17,34941.01
HLA-B*51:03,AASIGVGVMPE,85.0,85.737,46708.36
HLA-B*51:03,ASIGVGVMPEQ,80.0,91.592,47297.27
HLA-B*51:03,SIGVGVMPEQE,97.5,95.897,48088.33
HLA-B*51:03,IGVGVMPEQED,97.5,93.559,47517.82
HLA-B*51:03,GVGVMPEQEDD,100.0,97.559,48853.48
HLA-B*51:03,VGVMPEQEDDA,58.25,76.949,45904.75
HLA-B*51:03,GVMPEQEDDAA,49.143,69.277,45186.75
HLA-B*51:03,VMPEQEDDAAV,24.091,20.604,36701.02
HLA-B*51:03,MPEQEDDAAVI,2.851,1.861,18663.88
HLA-B*51:03,PEQEDDAAVIS,80.0,91.885,47330.04
HLA-B*51:03,EQEDDAAVISG,58.25,75.221,45750.04
HLA-B*51:03,QEDDAAVISGA,31.706,58.432,44028.96
HLA-B*51:03,EDDAAVISGAN,85.0,69.227,45181.86
HLA-B*51:03,DDAAVISGANE,61.071,69.675,45226.37
HLA-B*51:03,DAAVISGANES,29.955,35.62,40627.07
HLA-B*51:03,AAVISGANESS,79.167,85.305,46666.93
HLA-B*51:03,AVISGANESSC,66.818,88.326,46957.69
HLA-B*51:03,VISGANESSCL,50.0,58.38,44022.74
HLA-B*51:03,ISGANESSCLS,76.667,64.71,44731.91
HLA-B*51:03,SGANESSCLSI,21.368,22.009,37178.23
HLA-B*51:03,GANESSCLSIE,53.333,63.027,44546.95
HLA-B*51:03,ANESSCLSIEK,76.667,77.104,45918.64
HLA-B*51:03,NESSCLSIEKL,22.36,35.603,40623.55
HLA-B*51:03,ESSCLSIEKLV,16.756,7.866,29581.68
HLA-B*51:03,SSCLSIEKLVA,53.519,39.802,41409.93
HLA-B*51:03,SCLSIEKLVAS,68.182,70.966,45349.36
HLA-B*51:03,CLSIEKLVASF,55.5,29.497,39289.12
HLA-B*51:03,LSIEKLVASFY,32.871,22.905,37460.88
HLA-B*51:03,SIEKLVASFYS,76.667,67.254,44986.27
HLA-B*51:03,IEKLVASFYSF,32.194,23.438,37629.07
HLA-B*51:03,EKLVASFYSFA,47.75,26.074,38401.48
HLA-B*51:03,KLVASFYSFAP,88.333,53.147,43383.0
HLA-B*51:03,LVASFYSFAPD,97.5,42.984,41938.38
HLA-B*51:03,VASFYSFAPDT,57.5,38.663,41208.36
HLA-B*51:03,ASFYSFAPDTR,54.444,53.045,43369.85
HLA-B*51:03,SFYSFAPDTRS,65.0,63.199,44565.74
HLA-B*51:03,FYSFAPDTRSN,88.333,73.043,45545.09
HLA-B*51:03,YSFAPDTRSNV,7.361,5.272,26440.31
HLA-B*51:03,SFAPDTRSNVL,5.358,14.789,34292.32
HLA-B*51:03,FAPDTRSNVLG,15.951,23.162,37542.02
HLA-B*51:03,APDTRSNVLGI,6.428,8.227,29915.13
HLA-B*51:03,PDTRSNVLGIP,88.333,65.748,44837.56
HLA-B*51:03,DTRSNVLGIPN,63.929,47.771,42665.18
HLA-B*51:03,TRSNVLGIPNA,65.909,58.968,44092.84
HLA-B*51:03,RSNVLGIPNAK,63.571,73.168,45556.89
HLA-B*51:03,SNVLGIPNAKA,53.519,61.248,44352.16
HLA-B*51:03,NVLGIPNAKAK,36.571,63.757,44627.03
HLA-B*51:03,VLGIPNAKAKH,83.75,94.73,47649.62
HLA-B*51:03,LGIPNAKAKHG,75.0,69.739,45232.73
HLA-B*51:03,GIPNAKAKHGT,80.0,88.658,46989.71
HLA-B*51:03,IPNAKAKHGTD,74.286,59.56,44163.5
HLA-B*51:03,PNAKAKHGTDA,82.5,87.684,46895.74
HLA-B*51:03,NAKAKHGTDAS,67.273,79.424,46127.3
HLA-B*51:03,AKAKHGTDASI,39.706,51.947,43228.83
HLA-B*51:03,KAKHGTDASIE,62.857,69.124,45171.6
HLA-B*51:03,AKHGTDASIEK,71.429,93.884,47554.37
HLA-B*51:03,KHGTDASIEKF,33.929,60.373,44256.76
HLA-B*51:03,HGTDASIEKFE,59.25,83.954,46541.39
HLA-B*51:03,GTDASIEKFEE,86.667,95.409,47865.62
HLA-B*51:03,TDASIEKFEEV,6.996,8.657,30298.54
HLA-B*51:03,DASIEKFEEVV,5.056,4.688,25559.59
HLA-B*51:03,ASIEKFEEVVK,51.296,60.079,44224.69
HLA-B*51:03,SIEKFEEVVKC,43.727,71.148,45366.53
HLA-B*51:03,IEKFEEVVKCN,80.0,87.853,46911.98
HLA-B*51:03,EKFEEVVKCNS,61.786,80.318,46208.22
HLA-B*51:03,KFEEVVKCNSL,40.062,56.828,43838.33
HLA-B*51:03,FEEVVKCNSLA,49.286,37.56,41002.89
HLA-B*51:03,EEVVKCNSLAN,70.714,63.827,44634.74
HLA-B*51:03,EVVKCNSLANC,69.545,68.169,45076.88
HLA-B*51:03,VVKCNSLANCT,86.667,70.621,45317.0
HLA-B*51:03,VKCNSLANCTT,95.0,87.195,46848.55
HLA-B*51:03,KCNSLANCTTY,52.037,53.246,43395.67
HLA-B*51:03,CNSLANCTTYE,93.333,65.177,44781.33
HLA-B*51:03,NSLANCTTYEC,51.111,37.752,41039.27
HLA-B*51:03,SLANCTTYECK,86.667,70.966,45349.36
HLA-B*51:03,LANCTTYECKQ,83.75,64.886,44751.3
HLA-B*51:03,ANCTTYECKQP,93.333,95.131,47739.44
HLA-B*51:03,NCTTYECKQPH,74.286,83.472,46497.11
HLA-B*51:03,CTTYECKQPHQ,93.333,89.511,47072.12
HLA-B*51:03,TTYECKQPHQL,6.447,16.399,35043.24
HLA-B*51:03,TYECKQPHQLF,19.818,32.718,40028.87
HLA-B*51:03,YECKQPHQLFD,44.182,50.999,43107.39
HLA-B*51:03,ECKQPHQLFDL,21.36,42.646,41882.16
HLA-B*51:03,CKQPHQLFDLL,13.652,3.449,23200.29
HLA-B*51:03,KQPHQLFDLLA,35.667,18.916,36079.73
HLA-B*51:03,QPHQLFDLLAL,4.921,4.596,25415.91
HLA-B*51:03,PHQLFDLLALK,64.643,64.099,44664.69
HLA-B*51:03,HQLFDLLALKP,54.815,46.777,42517.73
HLA-B*51:03,QLFDLLALKPF,30.676,23.595,37678.77
HLA-B*51:03,LFDLLALKPFP,73.571,50.77,43078.02
HLA-B*51:03,FDLLALKPFPV,34.769,9.395,30930.19
HLA-B*51:03,DLLALKPFPVP,11.936,10.936,32055.22
HLA-B*51:03,LLALKPFPVPQ,65.909,58.204,44001.79
HLA-B*51:03,LALKPFPVPQC,18.726,24.518,37959.48
HLA-B*51:03,ALKPFPVPQCR,25.672,53.778,43464.27
HLA-B*51:03,LKPFPVPQCRL,6.214,15.173,34476.84
HLA-B*51:03,KPFPVPQCRLA,2.65,5.835,27218.8
HLA-B*51:03,PFPVPQCRLAK,38.111,32.379,39954.88
HLA-B*51:03,FPVPQCRLAKR,9.41,13.668,33724.2
HLA-B*51:03,PVPQCRLAKRC,82.5,68.533,45113.0
HLA-B*51:03,VPQCRLAKRCQ,72.857,56.82,43837.37
HLA-B*51:03,PQCRLAKRCQA,91.667,87.968,46923.14
HLA-B*51:03,QCRLAKRCQAN,100.0,94.634,47638.81
HLA-B*51:03,CRLAKRCQANF,76.667,39.553,41366.5
HLA-B*51:03,RLAKRCQANFG,80.0,75.936,45813.93
HLA-B*51:03,LAKRCQANFGY,39.882,41.712,41728.38
HLA-B*51:03,AKRCQANFGYV,79.167,52.243,43266.73
HLA-B*51:03,KRCQANFGYVS,91.667,81.32,46299.8
HLA-B*51:03,RCQANFGYVSG,93.333,74.875,45718.36
HLA-B*51:03,CQANFGYVSGE,85.0,70.992,45351.82
HLA-B*51:03,QANFGYVSGEL,20.894,24.355,37911.45
HLA-B*51:03,ANFGYVSGELA,34.5,34.082,40314.0
HLA-B*51:03,NFGYVSGELAN,85.0,65.394,44802.65
HLA-B*51:03,FGYVSGELANK,46.0,46.379,42459.34
HLA-B*51:03,GYVSGELANKA,66.364,75.039,45733.7
HLA-B*51:03,YVSGELANKAM,42.692,45.476,42324.51
HLA-B*51:03,VSGELANKAMW,32.194,30.577,39544.57
HLA-B*51:03,SGELANKAMWR,63.214,70.24,45281.21
HLA-B*51:03,GELANKAMWRL,34.346,35.062,40516.02
HLA-B*51:03,ELANKAMWRLF,28.816,18.889,36069.17
HLA-B*51:03,LANKAMWRLFA,49.857,17.422,35488.13
HLA-B*51:03,ANKAMWRLFAV,23.92,10.139,31479.17
HLA-B*51:03,NKAMWRLFAVI,35.083,5.712,27052.92
HLA-B*51:03,KAMWRLFAVIR,65.0,18.832,36047.34
HLA-B*51:03,AMWRLFAVIRL,56.25,36.618,40822.71
HLA-B*51:03,MWRLFAVIRLP,61.786,29.309,39244.07
HLA-B*51:03,WRLFAVIRLPT,95.0,54.387,43542.88
HLA-B*51:03,RLFAVIRLPTH,63.929,62.43,44481.44
HLA-B*51:03,LFAVIRLPTHS,81.25,68.898,45149.11
HLA-B*51:03,FAVIRLPTHSN,62.5,42.967,41935.68
HLA-B*51:03,AVIRLPTHSNR,56.25,84.83,46622.02
HLA-B*51:03,VIRLPTHSNRA,46.0,52.152,43255.05
HLA-B*51:03,IRLPTHSNRAF,7.144,20.494,36661.73
HLA-B*51:03,RLPTHSNRAFL,33.643,18.345,35861.37
HLA-B*51:03,LPTHSNRAFLE,31.618,16.387,35037.93
HLA-B*51:03,PTHSNRAFLEN,97.5,90.695,47197.08
HLA-B*51:03,THSNRAFLEND,97.5,82.503,46408.13
HLA-B*51:03,HSNRAFLENDD,97.5,89.989,47118.49
HLA-B*51:03,SNRAFLENDDS,95.0,84.283,46571.62
HLA-B*51:03,NRAFLENDDST,83.75,80.301,46206.73
HLA-B*51:03,RAFLENDDSTV,9.007,8.612,30259.23
HLA-B*51:03,AFLENDDSTVM,24.455,50.12,42995.14
HLA-B*51:03,FLENDDSTVMA,34.731,49.222,42872.51
HLA-B*51:03,LENDDSTVMAL,15.317,22.764,37416.31
HLA-B*51:03,ENDDSTVMALG,38.222,59.888,44202.71
HLA-B*51:03,NDDSTVMALGR,54.074,69.941,45252.8
HLA-B*51:03,DDSTVMALGRF,28.224,21.077,36868.98
HLA-B*51:03,DSTVMALGRFL,11.914,7.196,28892.72
HLA-B*51:03,STVMALGRFLN,80.0,50.252,43011.89
HLA-B*51:03,TVMALGRFLNL,17.425,9.735,31187.96
HLA-B*51:03,VMALGRFLNLK,51.296,34.144,40326.64
HLA-B*51:03,MALGRFLNLKQ,40.938,24.655,37999.74
HLA-B*51:03,ALGRFLNLKQF,52.593,43.193,41970.61
HLA-B*51:03,LGRFLNLKQFE,80.0,59.928,44207.47
HLA-B*51:03,GRFLNLKQFEK,72.857,81.982,46360.45
HLA-B*51:03,RFLNLKQFEKL,39.706,42.678,41887.59
HLA-B*51:03,FLNLKQFEKLK,58.0,49.781,42949.59
HLA-B*51:03,LNLKQFEKLKL,31.294,36.041,40710.68
HLA-B*51:03,NLKQFEKLKLI,10.479,11.719,32577.59
HLA-B*51:03,LKQFEKLKLIS,52.593,47.102,42565.61
HLA-B*51:03,KQFEKLKLISG,55.5,62.597,44499.74
HLA-B*51:03,QFEKLKLISGE,95.0,94.012,47568.75
HLA-B*51:03,FEKLKLISGEG,85.0,66.048,44867.16
HLA-B*51:03,EKLKLISGEGL,48.0,64.196,44675.35
HLA-B*51:03,KLKLISGEGLK,80.0,85.979,46731.62
HLA-B*51:03,LKLISGEGLKA,61.429,64.24,44680.16
HLA-B*51:03,KLISGEGLKAK,75.0,91.272,47261.47
HLA-B*51:03,LISGEGLKAKP,77.5,82.875,46442.3
HLA-B*51:03,ISGEGLKAKPQ,93.333,95.627,47965.15
HLA-B*51:03,SGEGLKAKPQI,32.581,42.439,41847.74
HLA-B*51:03,GEGLKAKPQIE,77.5,86.195,46752.36
HLA-B*51:03,EGLKAKPQIEE,48.75,82.946,46448.82
HLA-B*51:03,GLKAKPQIEED,95.0,96.504,48366.45
HLA-B*51:03,LKAKPQIEEDI,31.294,49.394,42896.16
HLA-B*51:03,KAKPQIEEDIN,42.231,78.732,46064.96
HLA-B*51:03,AKPQIEEDINF,29.932,56.872,43843.54
HLA-B*51:03,KPQIEEDINFM,13.383,26.46,38503.84
HLA-B*51:03,PQIEEDINFMM,49.857,58.076,43986.56
HLA-B*51:03,QIEEDINFMML,25.493,36.514,40802.41
HLA-B*51:03,IEEDINFMMLE,46.333,58.504,44037.54
HLA-B*51:03,EEDINFMMLEP,44.091,42.975,41937.03
HLA-B*51:03,EDINFMMLEPF,40.125,15.835,34787.85
HLA-B*51:03,DINFMMLEPFN,75.833,34.981,40499.8
HLA-B*51:03,INFMMLEPFNM,43.818,15.466,34614.01
HLA-B*51:03,NFMMLEPFNMI,16.44,5.406,26633.83
HLA-B*51:03,FMMLEPFNMIE,59.0,18.759,36019.26
HLA-B*51:03,MMLEPFNMIEF,19.176,8.033,29740.55
HLA-B*51:03,MLEPFNMIEFA,10.518,1.471,16965.86
HLA-B*51:03,LEPFNMIEFAR,38.833,20.64,36714.14
HLA-B*51:03,EPFNMIEFARR,16.591,20.194,36554.38
HLA-B*51:03,PFNMIEFARRT,95.0,77.641,45966.88
HLA-B*51:03,FNMIEFARRTL,23.414,13.872,33836.77
HLA-B*51:03,NMIEFARRTLK,42.846,32.129,39900.44
HLA-B*51:03,MIEFARRTLKR,73.571,63.286,44575.4
HLA-B*51:03,IEFARRTLKRL,24.584,26.37,38480.09
HLA-B*51:03,EFARRTLKRLN,72.857,76.152,45833.29
HLA-B*51:03,FARRTLKRLNL,25.388,15.781,34762.26
HLA-B*51:03,ARRTLKRLNLP,77.5,76.107,45829.3
HLA-B*51:03,RRTLKRLNLPQ,93.333,88.895,47012.59
HLA-B*51:03,RTLKRLNLPQS,82.5,80.181,46195.71
HLA-B*51:03,TLKRLNLPQSV,22.21,23.741,37724.85
HLA-B*51:03,LKRLNLPQSVI,27.426,17.195,35393.8
HLA-B*51:03,KRLNLPQSVIN,73.571,74.421,45675.36
HLA-B*51:03,RLNLPQSVINV,43.727,38.809,41235.11
HLA-B*51:03,LNLPQSVINVV,1.62,0.979,14236.11
HLA-B*51:03,NLPQSVINVVN,15.776,13.546,33657.48
HLA-B*51:03,LPQSVINVVNV,1.24,0.707,12152.85
HLA-B*51:03,PQSVINVVNVL,42.154,46.091,42417.11
HLA-B*51:03,QSVINVVNVLF,40.438,32.3,39937.59
HLA-B*51:03,SVINVVNVLFD,63.929,61.634,44394.4
HLA-B*51:03,VINVVNVLFDS,93.333,84.299,46573.12
HLA-B*51:03,INVVNVLFDSF,47.25,27.057,38662.89
HLA-B*51:03,NVVNVLFDSFN,86.667,58.044,43982.76
HLA-B*51:03,VVNVLFDSFNP,83.75,59.956,44210.83
HLA-B*51:03,VNVLFDSFNPG,90.0,54.807,43597.11
HLA-B*51:03,NVLFDSFNPGA,57.5,35.945,40691.76
HLA-B*51:03,VLFDSFNPGAV,18.049,12.44,33025.84
HLA-B*51:03,LFDSFNPGAVI,10.024,3.713,23740.15
HLA-B*51:03,FDSFNPGAVIF,14.831,10.292,31588.7
HLA-B*51:03,DSFNPGAVIFP,9.873,8.696,30332.33
HLA-B*51:03,SFNPGAVIFPL,20.667,8.696,30331.99
HLA-B*51:03,FNPGAVIFPLY,26.25,10.963,32074.64
HLA-B*51:03,NPGAVIFPLYI,1.748,0.487,10239.85
HLA-B*51:03,PGAVIFPLYIS,93.333,65.891,44851.62
HLA-B*51:03,GAVIFPLYISG,70.0,59.492,44155.38
HLA-B*51:03,AVIFPLYISGQ,95.0,92.223,47367.93
HLA-B*51:03,VIFPLYISGQH,44.0,55.416,43671.23
HLA-B*51:03,IFPLYISGQHD,80.0,39.226,41309.69
HLA-B*51:03,FPLYISGQHDK,15.918,17.657,35586.57
HLA-B*51:03,PLYISGQHDKE,95.0,95.912,48095.09
HLA-B*51:03,LYISGQHDKEG,93.333,88.853,47008.5
HLA-B*51:03,YISGQHDKEGQ,83.75,96.1,48181.02
HLA-B*51:03,ISGQHDKEGQI,28.082,40.872,41591.79
HLA-B*51:03,SGQHDKEGQIL,24.065,62.039,44438.63
HLA-B*51:03,GQHDKEGQILN,62.143,90.814,47210.35
HLA-B*51:03,QHDKEGQILNV,25.537,45.9,42388.64
HLA-B*51:03,HDKEGQILNVS,63.571,78.499,46044.02
HLA-B*51:03,DKEGQILNVSP,40.188,54.099,43505.68
HLA-B*51:03,KEGQILNVSPK,80.0,77.818,45982.8
HLA-B*51:03,EGQILNVSPKR,54.074,80.531,46227.71
HLA-B*51:03,GQILNVSPKRK,78.333,92.182,47363.32
HLA-B*51:03,QILNVSPKRKS,85.0,93.683,47531.71
HLA-B*51:03,ILNVSPKRKSE,93.333,96.617,48418.29
HLA-B*51:03,LNVSPKRKSEP,70.714,86.742,46805.0
HLA-B*51:03,NVSPKRKSEPL,24.948,34.649,40431.06
HLA-B*51:03,VSPKRKSEPLS,59.75,66.703,44931.79
HLA-B*51:03,SPKRKSEPLSE,37.737,66.245,44886.57
HLA-B*51:03,PKRKSEPLSEN,100.0,97.955,49037.76
HLA-B*51:03,KRKSEPLSENG,93.333,95.868,48074.78
HLA-B*51:03,RKSEPLSENGA,56.5,87.542,46882.04
HLA-B*51:03,KSEPLSENGAS,66.818,80.8,46252.23
HLA-B*51:03,SEPLSENGASS,47.125,63.058,44550.31
HLA-B*51:03,EPLSENGASSP,14.385,25.894,38352.08
HLA-B*51:03,PLSENGASSPV,55.0,43.0,41941.11
HLA-B*51:03,LSENGASSPVS,79.167,61.072,44332.98
HLA-B*51:03,SENGASSPVSI,7.593,16.188,34948.95
HLA-B*51:03,ENGASSPVSIT,25.06,45.024,42256.32
HLA-B*51:03,NGASSPVSITI,5.984,5.362,26569.36
HLA-B*51:03,GASSPVSITIV,15.407,30.177,39450.98
HLA-B*51:03,ASSPVSITIVP,22.74,29.192,39216.06
HLA-B*51:03,SSPVSITIVPD,52.407,45.955,42396.9
HLA-B*51:03,SPVSITIVPDY,8.907,17.632,35575.79
HLA-B*51:03,PVSITIVPDYS,97.5,87.116,46840.97
HLA-B*51:03,VSITIVPDYSG,67.727,55.872,43725.11
HLA-B*51:03,SITIVPDYSGY,50.741,62.632,44503.59
HLA-B*51:03,ITIVPDYSGYE,65.0,59.152,44114.77
HLA-B*51:03,TIVPDYSGYEG,68.182,54.967,43617.86
HLA-B*51:03,IVPDYSGYEGA,41.0,32.157,39906.49
HLA-B*51:03,VPDYSGYEGAM,8.813,9.279,30832.62
HLA-B*51:03,PDYSGYEGAMD,91.667,90.947,47225.18
HLA-B*51:03,DYSGYEGAMDG,69.545,55.728,43708.08
HLA-B*51:03,YSGYEGAMDGA,59.0,54.406,43545.23
HLA-B*51:03,SGYEGAMDGAF,13.326,16.294,34996.24
HLA-B*51:03,GYEGAMDGAFE,91.667,88.484,46972.92
HLA-B*51:03,YEGAMDGAFED,62.857,43.182,41968.79
HLA-B*51:03,EGAMDGAFEDR,75.0,86.468,46778.66
HLA-B*51:03,GAMDGAFEDRN,86.667,87.6,46887.6
HLA-B*51:03,AMDGAFEDRND,97.5,96.153,48205.55
HLA-B*51:03,MDGAFEDRNDS,75.833,65.463,44809.44
HLA-B*51:03,DGAFEDRNDSN,91.667,91.29,47263.51
HLA-B*51:03,GAFEDRNDSNN,91.667,93.801,47545.11
HLA-B*51:03,AFEDRNDSNNG,95.0,95.752,48021.76
HLA-B*51:03,FEDRNDSNNGK,58.75,82.245,46384.53
HLA-B*51:03,EDRNDSNNGKS,83.75,95.059,47706.91
HLA-B*51:03,DRNDSNNGKST,62.857,91.038,47235.39
HLA-B*51:03,RNDSNNGKSTL,17.689,59.624,44171.13
HLA-B*51:03,NDSNNGKSTLD,61.429,88.326,46957.69
HLA-B*51:03,DSNNGKSTLDP,29.068,65.404,44803.6
HLA-B*51:03,SNNGKSTLDPR,75.833,95.036,47696.57
HLA-B*51:03,NNGKSTLDPRK,90.0,95.836,48060.24
HLA-B*51:03,NGKSTLDPRKQ,82.5,95.934,48104.99
HLA-B*51:03,GKSTLDPRKQE,88.333,97.536,48842.89
HLA-B*51:03,KSTLDPRKQEI,23.655,44.914,42238.94
HLA-B*51:03,STLDPRKQEIL,16.542,41.134,41635.02
HLA-B*51:03,TLDPRKQEILL,7.833,15.766,34755.13
HLA-B*51:03,LDPRKQEILLQ,30.622,44.537,42179.11
HLA-B*51:03,DPRKQEILLQL,0.545,1.653,17760.01
HLA-B*51:03,PRKQEILLQLA,78.333,77.348,45940.53
HLA-B*51:03,RKQEILLQLAA,52.963,47.486,42622.75
HLA-B*51:03,KQEILLQLAAI,36.762,22.22,37244.66
HLA-B*51:03,QEILLQLAAIE,53.519,43.604,42033.34
HLA-B*51:03,EILLQLAAIER,62.143,56.612,43812.73
HLA-B*51:03,ILLQLAAIERD,95.0,85.858,46719.99
HLA-B*51:03,LLQLAAIERDE,97.5,95.141,47744.09
HLA-B*51:03,LQLAAIERDEL,35.667,33.192,40129.91
HLA-B*51:03,QLAAIERDELK,53.148,74.066,45641.77
HLA-B*51:03,LAAIERDELKD,85.0,81.008,46271.26
HLA-B*51:03,AAIERDELKDS,73.571,86.132,46746.27
HLA-B*51:03,AIERDELKDSI,34.115,44.917,42239.4
HLA-B*51:03,IERDELKDSIL,32.065,46.144,42424.91
HLA-B*51:03,ERDELKDSILS,54.63,70.511,45306.71
HLA-B*51:03,RDELKDSILSG,76.667,74.984,45728.77
HLA-B*51:03,DELKDSILSGE,63.214,72.724,45515.02
HLA-B*51:03,ELKDSILSGEI,11.733,15.565,34660.88
HLA-B*51:03,LKDSILSGEII,28.286,11.97,32745.09
HLA-B*51:03,KDSILSGEIIF,40.812,39.308,41324.0
HLA-B*51:03,DSILSGEIIFL,7.829,10.152,31488.36
HLA-B*51:03,SILSGEIIFLS,59.5,58.816,44074.7
HLA-B*51:03,ILSGEIIFLSV,35.792,20.783,36765.41
HLA-B*51:03,LSGEIIFLSVE,67.727,44.733,42210.16
HLA-B*51:03,SGEIIFLSVEI,27.667,13.745,33766.92
HLA-B*51:03,GEIIFLSVEIK,65.909,60.58,44279.29
HLA-B*51:03,EIIFLSVEIKD,58.0,60.707,44293.17
HLA-B*51:03,IIFLSVEIKDG,95.0,79.225,46109.33
HLA-B*51:03,IFLSVEIKDGD,97.5,93.367,47496.25
HLA-B*51:03,FLSVEIKDGDN,100.0,95.765,48028.02
HLA-B*51:03,LSVEIKDGDNR,65.455,89.274,47049.2
HLA-B*51:03,SVEIKDGDNRA,54.259,78.904,46080.41
HLA-B*51:03,VEIKDGDNRAG,79.167,89.411,47062.46
HLA-B*51:03,EIKDGDNRAGP,58.0,88.6,46984.1
HLA-B*51:03,IKDGDNRAGPD,97.5,96.617,48418.29
HLA-B*51:03,KDGDNRAGPDQ,97.5,97.78,48956.11
HLA-B*51:03,DGDNRAGPDQY,31.059,66.329,44894.86
HLA-B*51:03,GDNRAGPDQYL,40.5,69.232,45182.35
HLA-B*51:03,DNRAGPDQYLY,15.757,33.497,40192.93
HLA-B*51:03,NRAGPDQYLYA,36.714,43.789,42061.54
HLA-B*51:03,RAGPDQYLYAT,52.407,47.139,42571.12
HLA-B*51:03,AGPDQYLYATN,83.75,75.238,45751.51
HLA-B*51:03,GPDQYLYATNS,57.5,47.762,42663.8
HLA-B*51:03,PDQYLYATNSQ,70.0,85.337,46669.97
HLA-B*51:03,DQYLYATNSQE,51.481,57.792,43952.79
HLA-B*51:03,QYLYATNSQEF,27.963,25.997,38381.12
HLA-B*51:03,YLYATNSQEFS,48.375,33.423,40177.69
HLA-B*51:03,LYATNSQEFSG,80.0,68.327,45092.49
HLA-B*51:03,YATNSQEFSGE,71.429,73.387,45577.61
HLA-B*51:03,ATNSQEFSGET,82.5,84.748,46614.47
HLA-B*51:03,TNSQEFSGETR,69.545,89.105,47032.94
HLA-B*51:03,NSQEFSGETRE,65.0,81.517,46317.84
HLA-B*51:03,SQEFSGETRED,90.0,95.188,47765.25
HLA-B*51:03,QEFSGETREDK,65.0,87.705,46897.77
HLA-B*51:03,EFSGETREDKK,62.5,94.648,47640.34
HLA-B*51:03,FSGETREDKKQ,86.667,95.77,48030.09
HLA-B*51:03,SGETREDKKQA,56.25,86.6,46791.33
HLA-B*51:03,GETREDKKQAT,77.5,96.335,48288.53
HLA-B*51:03,ETREDKKQATG,62.143,75.277,45754.99
HLA-B*51:03,TREDKKQATGE,90.0,96.6,48410.41
HLA-B*51:03,REDKKQATGEV,28.653,49.296,42882.72
HLA-B*51:03,EDKKQATGEVF,30.676,56.408,43788.55
HLA-B*51:03,DKKQATGEVFI,17.497,21.472,36999.65
HLA-B*51:03,KKQATGEVFIE,75.0,81.714,46335.88
HLA-B*51:03,KQATGEVFIES,72.143,77.442,45948.98
HLA-B*51:03,QATGEVFIESL,18.561,25.827,38333.41
HLA-B*51:03,ATGEVFIESLT,66.364,67.549,45015.46
HLA-B*51:03,TGEVFIESLTN,66.818,58.74,44065.63
HLA-B*51:03,GEVFIESLTNG,90.0,75.105,45739.65
HLA-B*51:03,EVFIESLTNGQ,52.593,67.844,45044.7
HLA-B*51:03,VFIESLTNGQA,49.143,52.823,43341.25
HLA-B*51:03,FIESLTNGQAL,26.267,23.264,37574.14
HLA-B*51:03,IESLTNGQALL,25.91,24.841,38054.87
HLA-B*51:03,ESLTNGQALLG,37.105,38.303,41141.98
HLA-B*51:03,SLTNGQALLGH,85.0,87.716,46898.76
HLA-B*51:03,LTNGQALLGHE,90.0,84.376,46580.18
HLA-B*51:03,TNGQALLGHES,78.333,83.751,46522.75
HLA-B*51:03,NGQALLGHESY,25.642,37.775,41043.71
HLA-B*51:03,GQALLGHESYR,70.714,85.579,46693.21
HLA-B*51:03,QALLGHESYRQ,56.75,83.258,46477.47
HLA-B*51:03,ALLGHESYRQA,55.5,64.033,44657.46
HLA-B*51:03,LLGHESYRQAV,48.0,34.679,40437.19
HLA-B*51:03,LGHESYRQAVA,48.0,36.861,40870.02
HLA-B*51:03,GHESYRQAVAT,78.333,68.775,45136.91
HLA-B*51:03,HESYRQAVATA,33.286,30.257,39469.76
HLA-B*51:03,ESYRQAVATAH,36.762,42.684,41888.51
HLA-B*51:03,SYRQAVATAHY,43.636,58.428,44028.48
HLA-B*51:03,YRQAVATAHYR,43.182,51.47,43167.6
HLA-B*51:03,RQAVATAHYRL,38.556,33.345,40161.62
HLA-B*51:03,QAVATAHYRLV,11.835,5.97,27402.01
HLA-B*51:03,AVATAHYRLVT,75.833,63.537,44602.89
HLA-B*51:03,VATAHYRLVTE,68.636,55.244,43650.9
HLA-B*51:03,ATAHYRLVTED,95.0,81.38,46305.32
HLA-B*51:03,TAHYRLVTEDN,85.0,74.076,45642.73
HLA-B*51:03,AHYRLVTEDNT,80.0,71.999,45446.62
HLA-B*51:03,HYRLVTEDNTG,90.0,84.934,46631.61
HLA-B*51:03,YRLVTEDNTGR,74.286,90.599,47186.37
HLA-B*51:03,RLVTEDNTGRA,68.636,79.003,46089.38
HLA-B*51:03,LVTEDNTGRAF,22.31,41.168,41640.42
HLA-B*51:03,VTEDNTGRAFA,48.125,53.02,43366.57
HLA-B*51:03,TEDNTGRAFAG,62.5,65.202,44783.75
HLA-B*51:03,EDNTGRAFAGG,93.333,87.674,46894.71
HLA-B*51:03,DNTGRAFAGGD,97.5,89.5,47071.11
HLA-B*51:03,NTGRAFAGGDD,100.0,94.931,47672.34
HLA-B*51:03,TGRAFAGGDDS,86.667,78.754,46066.95
HLA-B*51:03,GRAFAGGDDSV,45.0,38.535,41184.75
HLA-B*51:03,RAFAGGDDSVL,10.511,13.287,33515.75
HLA-B*51:03,AFAGGDDSVLP,74.286,83.844,46531.3
HLA-B*51:03,FAGGDDSVLPT,41.833,40.386,41509.52
HLA-B*51:03,AGGDDSVLPTG,86.667,87.316,46860.21
HLA-B*51:03,GGDDSVLPTGA,48.375,82.678,46424.21
HLA-B*51:03,GDDSVLPTGAP,67.727,69.277,45186.75
HLA-B*51:03,DDSVLPTGAPE,64.643,64.385,44696.13
HLA-B*51:03,DSVLPTGAPEA,11.327,13.472,33617.09
HLA-B*51:03,SVLPTGAPEAE,60.357,72.203,45465.79
HLA-B*51:03,VLPTGAPEAEN,91.667,90.618,47188.41
HLA-B*51:03,LPTGAPEAENE,54.074,69.252,45184.3
HLA-B*51:03,PTGAPEAENER,78.333,96.952,48572.53
HLA-B*51:03,TGAPEAENERV,17.549,32.208,39917.71
HLA-B*51:03,GAPEAENERVK,63.571,86.332,46765.51
HLA-B*51:03,APEAENERVKV,11.855,30.341,39489.42
HLA-B*51:03,PEAENERVKVQ,82.5,95.032,47694.51
HLA-B*51:03,EAENERVKVQP,33.786,65.65,44827.85
HLA-B*51:03,AENERVKVQPS,65.909,88.689,46992.74
HLA-B*51:03,ENERVKVQPSR,61.071,87.853,46911.98
HLA-B*51:03,NERVKVQPSRI,24.325,25.436,38223.65
HLA-B*51:03,ERVKVQPSRIW,25.388,46.721,42509.45
HLA-B*51:03,RVKVQPSRIWN,78.333,84.655,46605.88
HLA-B*51:03,VKVQPSRIWNF,32.71,39.077,41283.77
HLA-B*51:03,KVQPSRIWNFY,33.679,34.137,40325.34
HLA-B*51:03,VQPSRIWNFYR,49.143,38.199,41122.85
HLA-B*51:03,QPSRIWNFYRD,50.185,30.234,39464.21
HLA-B*51:03,PSRIWNFYRDY,90.0,67.406,45001.36
HLA-B*51:03,SRIWNFYRDYA,68.636,43.018,41943.85
HLA-B*51:03,RIWNFYRDYAD,97.5,74.65,45697.11
HLA-B*51:03,IWNFYRDYADL,75.833,41.251,41653.93
HLA-B*51:03,WNFYRDYADLW,37.474,11.546,32462.18
HLA-B*51:03,NFYRDYADLWQ,76.667,52.247,43267.21
HLA-B*51:03,FYRDYADLWQQ,75.0,66.555,44917.18
HLA-B*51:03,YRDYADLWQQQ,68.636,85.211,46657.84
HLA-B*51:03,RDYADLWQQQT,57.75,60.786,44301.79
HLA-B*51:03,DYADLWQQQTK,34.885,56.444,43792.81
HLA-B*51:03,YADLWQQQTKN,63.571,55.78,43714.23
HLA-B*51:03,ADLWQQQTKNK,80.0,93.047,47460.28
HLA-B*51:03,DLWQQQTKNKV,9.091,12.122,32837.34
HLA-B*51:03,LWQQQTKNKVF,59.5,64.209,44676.79
HLA-B*51:03,WQQQTKNKVFE,73.571,79.856,46166.25
HLA-B*51:03,QQQTKNKVFEK,72.857,91.555,47293.18
HLA-B*51:03,QQTKNKVFEKF,42.538,56.856,43841.64
HLA-B*51:03,QTKNKVFEKFL,24.169,51.229,43136.79
HLA-B*51:03,TKNKVFEKFLL,45.3,47.771,42665.18
HLA-B*51:03,KNKVFEKFLLN,86.667,65.271,44790.51
HLA-B*51:03,NKVFEKFLLNL,38.333,35.245,40552.41
HLA-B*51:03,KVFEKFLLNLA,33.357,27.744,38850.75
HLA-B*51:03,VFEKFLLNLAP,79.167,57.084,43868.71
HLA-B*51:03,FEKFLLNLAPL,42.385,18.166,35793.16
HLA-B*51:03,EKFLLNLAPLA,45.2,25.796,38324.71
HLA-B*51:03,KFLLNLAPLAE,91.667,80.827,46254.73
HLA-B*51:03,FLLNLAPLAEA,48.0,31.311,39714.8
HLA-B*51:03,LLNLAPLAEAR,75.0,76.069,45825.84
HLA-B*51:03,LNLAPLAEART,80.0,74.228,45657.07
HLA-B*51:03,NLAPLAEARTL,4.751,8.87,30483.68
HLA-B*51:03,LAPLAEARTLT,19.966,23.112,37526.19
HLA-B*51:03,APLAEARTLTT,14.71,31.267,39704.92
HLA-B*51:03,PLAEARTLTTI,34.154,18.318,35850.9
HLA-B*51:03,LAEARTLTTIH,40.188,26.755,38582.24
HLA-B*51:03,AEARTLTTIHK,55.0,66.191,44881.25
HLA-B*51:03,EARTLTTIHKS,38.278,47.288,42593.23
HLA-B*51:03,ARTLTTIHKSK,80.0,90.993,47230.27
HLA-B*51:03,RTLTTIHKSKP,63.929,68.41,45100.78
HLA-B*51:03,TLTTIHKSKPG,93.333,87.268,46855.65
HLA-B*51:03,LTTIHKSKPGD,97.5,95.518,47915.38
HLA-B*51:03,TTIHKSKPGDA,68.182,70.386,45294.93
HLA-B*51:03,TIHKSKPGDAG,90.0,92.411,47388.95
HLA-B*51:03,IHKSKPGDAGL,31.353,61.134,44339.7
HLA-B*51:03,HKSKPGDAGLK,62.5,90.787,47207.28
HLA-B*51:03,KSKPGDAGLKY,18.823,61.191,44345.93
HLA-B*51:03,SKPGDAGLKYM,23.425,50.656,43063.58
HLA-B*51:03,KPGDAGLKYMG,37.105,53.917,43482.15
HLA-B*51:03,PGDAGLKYMGN,97.5,96.841,48521.59
HLA-B*51:03,GDAGLKYMGNN,100.0,95.256,47796.28
HLA-B*51:03,DAGLKYMGNNR,52.963,74.228,45657.07
HLA-B*51:03,AGLKYMGNNRA,46.444,60.185,44236.19
HLA-B*51:03,GLKYMGNNRAG,95.0,89.821,47102.18
HLA-B*51:03,LKYMGNNRAGW,62.143,41.098,41629.17
HLA-B*51:03,KYMGNNRAGWF,62.857,46.73,42510.82
HLA-B*51:03,YMGNNRAGWFQ,88.333,59.652,44174.5
HLA-B*51:03,MGNNRAGWFQF,37.053,17.761,35629.72
HLA-B*51:03,GNNRAGWFQFI,55.0,32.038,39880.58
HLA-B*51:03,NNRAGWFQFIS,79.167,38.203,41123.73
HLA-B*51:03,NRAGWFQFISE,67.727,58.208,44002.28
HLA-B*51:03,RAGWFQFISED,85.0,63.748,44626.05
HLA-B*51:03,AGWFQFISEDR,79.167,79.474,46131.79
HLA-B*51:03,GWFQFISEDRS,95.0,88.679,46991.74
HLA-B*51:03,WFQFISEDRSR,83.75,77.525,45956.41
HLA-B*51:03,FQFISEDRSRI,11.929,8.422,30091.1
HLA-B*51:03,QFISEDRSRIL,33.75,51.641,43189.57
HLA-B*51:03,FISEDRSRILI,18.555,9.529,31040.16
HLA-B*51:03,ISEDRSRILIF,36.714,29.842,39371.68
HLA-B*51:03,SEDRSRILIFL,22.37,32.458,39972.17
HLA-B*51:03,EDRSRILIFLN,67.727,55.32,43659.88
HLA-B*51:03,DRSRILIFLNA,62.143,37.555,41001.99
HLA-B*51:03,RSRILIFLNAF,61.786,46.489,42475.42
HLA-B*51:03,SRILIFLNAFR,72.857,66.245,44886.57
HLA-B*51:03,RILIFLNAFRV,56.75,27.433,38765.51
HLA-B*51:03,ILIFLNAFRVI,34.462,10.468,31715.4
HLA-B*51:03,LIFLNAFRVIP,67.273,22.484,37327.76
HLA-B*51:03,IFLNAFRVIPP,80.0,51.131,43124.19
HLA-B*51:03,FLNAFRVIPPN,77.5,36.184,40738.44
HLA-B*51:03,LNAFRVIPPNQ,79.167,78.671,46059.46
HLA-B*51:03,NAFRVIPPNQT,14.955,16.89,35263.07
HLA-B*51:03,AFRVIPPNQTW,10.661,25.445,38226.14
HLA-B*51:03,FRVIPPNQTWG,27.741,39.638,41381.28
HLA-B*51:03,RVIPPNQTWGR,36.143,56.732,43826.94
HLA-B*51:03,VIPPNQTWGRT,49.429,46.163,42427.64
HLA-B*51:03,IPPNQTWGRTP,11.37,12.832,33258.93
HLA-B*51:03,PPNQTWGRTPW,31.618,28.724,39101.26
HLA-B*51:03,PNQTWGRTPWI,60.357,31.819,39831.0
HLA-B*51:03,NQTWGRTPWIG,75.833,39.136,41294.05
HLA-B*51:03,QTWGRTPWIGE,70.0,60.343,44253.42
HLA-B*51:03,TWGRTPWIGEE,91.667,90.306,47153.7
HLA-B*51:03,WGRTPWIGEEE,85.0,80.641,46237.73
HLA-B*51:03,GRTPWIGEEER,65.909,89.211,47043.1
HLA-B*51:03,RTPWIGEEERL,19.48,30.752,39585.67
HLA-B*51:03,TPWIGEEERLM,4.069,4.951,25972.19
HLA-B*51:03,PWIGEEERLMF,67.727,70.016,45260.16
HLA-B*51:03,WIGEEERLMFD,88.333,74.833,45714.41
HLA-B*51:03,IGEEERLMFDI,41.25,34.057,40308.75
HLA-B*51:03,GEEERLMFDIE,88.333,82.815,46436.75
HLA-B*51:03,EEERLMFDIED,91.667,76.013,45820.87
HLA-B*51:03,EERLMFDIEDP,75.0,59.608,44169.23
HLA-B*51:03,ERLMFDIEDPV,30.676,17.616,35569.25
HLA-B*51:03,RLMFDIEDPVQ,88.333,62.201,44456.43
HLA-B*51:03,LMFDIEDPVQL,8.487,13.582,33677.52
HLA-B*51:03,MFDIEDPVQLM,11.744,22.542,37345.94
HLA-B*51:03,FDIEDPVQLMH,29.818,52.648,43318.72
HLA-B*51:03,DIEDPVQLMHA,17.72,35.861,40675.02
HLA-B*51:03,IEDPVQLMHAK,27.481,38.145,41113.04
HLA-B*51:03,EDPVQLMHAKD,59.25,61.639,44394.89
HLA-B*51:03,DPVQLMHAKDQ,38.444,59.048,44102.36
HLA-B*51:03,PVQLMHAKDQK,91.667,95.296,47814.38
HLA-B*51:03,VQLMHAKDQKT,77.5,79.906,46170.75
HLA-B*51:03,QLMHAKDQKTV,31.882,37.307,40955.0
HLA-B*51:03,LMHAKDQKTVP,52.778,59.232,44124.33
HLA-B*51:03,MHAKDQKTVPA,43.909,38.356,41151.77
HLA-B*51:03,HAKDQKTVPAE,45.5,71.336,45384.2
HLA-B*51:03,AKDQKTVPAEI,26.433,45.742,42364.81
HLA-B*51:03,KDQKTVPAEIF,42.154,59.74,44185.01
HLA-B*51:03,DQKTVPAEIFN,38.944,58.456,44031.8
HLA-B*51:03,QKTVPAEIFNP,68.636,77.292,45935.55
HLA-B*51:03,KTVPAEIFNPL,10.135,7.643,29366.74
HLA-B*51:03,TVPAEIFNPLL,5.831,3.803,23918.84
HLA-B*51:03,VPAEIFNPLLE,5.846,4.571,25376.34
HLA-B*51:03,PAEIFNPLLEV,14.401,16.759,35204.36
HLA-B*51:03,AEIFNPLLEVA,35.625,34.564,40413.57
HLA-B*51:03,EIFNPLLEVAV,7.734,8.003,29713.84
HLA-B*51:03,IFNPLLEVAVP,28.694,19.451,36279.76
HLA-B*51:03,FNPLLEVAVPP,55.75,26.342,38472.59
HLA-B*51:03,NPLLEVAVPPP,21.351,13.939,33873.4
HLA-B*51:03,PLLEVAVPPPM,64.286,47.04,42556.39
HLA-B*51:03,LLEVAVPPPMN,80.0,58.004,43977.99
HLA-B*51:03,LEVAVPPPMNA,10.571,20.259,36577.73
HLA-B*51:03,EVAVPPPMNAA,14.048,28.356,39009.55
HLA-B*51:03,VAVPPPMNAAL,1.844,4.634,25474.28
HLA-B*51:03,AVPPPMNAALL,5.612,7.336,29046.95
HLA-B*51:03,VPPPMNAALLI,0.539,0.119,4481.02
HLA-B*51:03,PPPMNAALLIF,17.031,10.999,32100.69
HLA-B*51:03,PPMNAALLIFA,24.338,11.136,32191.46
HLA-B*51:03,PMNAALLIFAY,64.643,46.103,42418.95
HLA-B*51:03,MNAALLIFAYA,50.556,14.046,33929.53
HLA-B*51:03,NAALLIFAYAG,69.091,32.627,40008.95
HLA-B*51:03,AALLIFAYAGS,91.667,68.593,45118.84
HLA-B*51:03,ALLIFAYAGSA,80.0,57.656,43936.63
HLA-B*51:03,LLIFAYAGSAT,88.333,65.266,44790.05
HLA-B*51:03,LIFAYAGSATW,8.459,4.332,24942.18
HLA-B*51:03,IFAYAGSATWM,26.533,11.371,32346.49
HLA-B*51:03,FAYAGSATWMS,23.276,8.48,30143.89
HLA-B*51:03,AYAGSATWMSI,26.867,9.272,30826.62
HLA-B*51:03,YAGSATWMSIY,24.935,10.56,31782.39
HLA-B*51:03,AGSATWMSIYS,82.5,61.74,44405.94
HLA-B*51:03,GSATWMSIYSL,26.033,21.165,36898.12
HLA-B*51:03,SATWMSIYSLI,10.375,1.418,16670.17
HLA-B*51:03,ATWMSIYSLIG,76.667,29.636,39322.28
HLA-B*51:03,TWMSIYSLIGT,85.0,45.33,42302.51
HLA-B*51:03,WMSIYSLIGTD,97.5,58.464,44032.77
HLA-B*51:03,MSIYSLIGTDV,34.346,10.208,31528.94
HLA-B*51:03,SIYSLIGTDVK,64.643,45.773,42369.4
HLA-B*51:03,IYSLIGTDVKK,67.727,76.633,45876.43
HLA-B*51:03,YSLIGTDVKKE,82.5,82.744,46430.23
HLA-B*51:03,SLIGTDVKKEH,63.214,95.035,47696.05
HLA-B*51:03,LIGTDVKKEHY,65.455,82.596,46416.66
HLA-B*51:03,IGTDVKKEHYN,86.667,92.219,47367.44
HLA-B*51:03,GTDVKKEHYNL,45.4,64.877,44750.32
HLA-B*51:03,TDVKKEHYNLK,55.5,73.048,45545.55
HLA-B*51:03,DVKKEHYNLKA,20.886,32.125,39899.57
HLA-B*51:03,VKKEHYNLKAD,93.333,93.655,47528.64
HLA-B*51:03,KKEHYNLKADE,95.0,96.353,48296.91
HLA-B*51:03,KEHYNLKADEC,77.5,77.032,45912.18
HLA-B*51:03,EHYNLKADECE,81.25,79.164,46103.83
HLA-B*51:03,HYNLKADECET,93.333,93.335,47492.64
HLA-B*51:03,YNLKADECETT,78.333,78.267,46023.12
HLA-B*51:03,NLKADECETTI,18.951,20.977,36835.09
HLA-B*51:03,LKADECETTIG,65.455,59.624,44171.13
HLA-B*51:03,KADECETTIGE,50.926,83.74,46521.77
HLA-B*51:03,ADECETTIGEL,37.895,54.807,43597.11
HLA-B*51:03,DECETTIGELY,22.0,36.639,40826.68
HLA-B*51:03,ECETTIGELYV,34.154,24.933,38082.05
HLA-B*51:03,CETTIGELYVV,37.105,15.393,34579.96
HLA-B*51:03,ETTIGELYVVK,48.0,46.53,42481.39
HLA-B*51:03,TTIGELYVVKA,34.808,39.113,41290.03
HLA-B*51:03,TIGELYVVKAK,71.429,72.197,45465.32
HLA-B*51:03,IGELYVVKAKV,27.093,21.823,37116.33
HLA-B*51:03,GELYVVKAKVA,65.909,58.184,43999.41
HLA-B*51:03,ELYVVKAKVAA,29.386,33.882,40272.58
HLA-B*51:03,LYVVKAKVAAL,42.692,44.572,42184.6
HLA-B*51:03,YVVKAKVAALG,65.0,52.578,43309.84
HLA-B*51:03,VVKAKVAALGD,76.667,84.578,46598.84
HLA-B*51:03,VKAKVAALGDG,100.0,93.55,47516.81
HLA-B*51:03,KAKVAALGDGL,42.462,51.648,43190.49
HLA-B*51:03,AKVAALGDGLR,85.0,88.489,46973.44
HLA-B*51:03,KVAALGDGLRA,45.5,55.668,43701.01
HLA-B*51:03,VAALGDGLRAR,56.0,71.597,45408.77
HLA-B*51:03,AALGDGLRARA,38.889,50.861,43089.69
HLA-B*51:03,ALGDGLRARAA,75.833,78.953,46084.89
HLA-B*51:03,LGDGLRARAAF,40.375,41.047,41621.06
HLA-B*51:03,GDGLRARAAFV,63.571,34.376,40374.68
HLA-B*51:03,DGLRARAAFVA,31.706,21.277,36935.26
HLA-B*51:03,GLRARAAFVAI,37.158,18.97,36100.42
HLA-B*51:03,LRARAAFVAIE,70.0,32.264,39929.81
HLA-B*51:03,RARAAFVAIEF,26.517,27.462,38773.48
HLA-B*51:03,ARAAFVAIEFE,68.182,64.934,44756.61
HLA-B*51:03,RAAFVAIEFEN,70.714,65.034,44767.27
HLA-B*51:03,AAFVAIEFENA,36.095,28.163,38961.46
HLA-B*51:03,AFVAIEFENAR,55.25,76.29,45845.67
HLA-B*51:03,FVAIEFENARS,70.714,71.2,45371.45
HLA-B*51:03,VAIEFENARSG,35.792,37.052,40906.72
HLA-B*51:03,AIEFENARSGR,70.714,84.945,46632.63
HLA-B*51:03,IEFENARSGRP,41.417,49.343,42889.21
HLA-B*51:03,EFENARSGRPK,56.0,81.922,46354.95
HLA-B*51:03,FENARSGRPKN,83.75,78.987,46087.89
HLA-B*51:03,ENARSGRPKNQ,86.667,96.436,48335.05
HLA-B*51:03,NARSGRPKNQL,13.358,35.26,40555.5
HLA-B*51:03,ARSGRPKNQLA,62.143,79.939,46173.73
HLA-B*51:03,RSGRPKNQLAN,88.333,90.919,47222.11
HLA-B*51:03,SGRPKNQLANN,86.667,90.05,47125.12
HLA-B*51:03,GRPKNQLANNT,85.0,90.558,47181.77
HLA-B*51:03,RPKNQLANNTL,5.526,18.063,35754.06
HLA-B*51:03,PKNQLANNTLL,62.857,68.967,45155.96
HLA-B*51:03,KNQLANNTLLE,79.167,82.694,46425.71
HLA-B*51:03,NQLANNTLLEA,29.273,25.564,38259.66
HLA-B*51:03,QLANNTLLEAC,70.714,71.159,45367.52
HLA-B*51:03,LANNTLLEACR,67.727,61.358,44364.15
HLA-B*51:03,ANNTLLEACRD,100.0,95.171,47757.52
HLA-B*51:03,NNTLLEACRDH,91.667,93.152,47472.09
HLA-B*51:03,NTLLEACRDHT,88.333,67.101,44971.18
HLA-B*51:03,TLLEACRDHTE,79.167,84.003,46545.92
HLA-B*51:03,LLEACRDHTEK,81.25,86.721,46802.98
HLA-B*51:03,LEACRDHTEKS,77.5,80.717,46244.74
HLA-B*51:03,EACRDHTEKSD,86.667,91.203,47253.79
HLA-B*51:03,ACRDHTEKSDR,93.333,97.218,48695.67
HLA-B*51:03,CRDHTEKSDRL,53.889,64.451,44703.39
HLA-B*51:03,RDHTEKSDRLQ,79.167,93.998,47567.22
HLA-B*51:03,DHTEKSDRLQP,41.583,63.831,44635.23
HLA-B*51:03,HTEKSDRLQPD,91.667,92.086,47352.57
HLA-B*51:03,TEKSDRLQPDA,55.5,59.28,44130.05
HLA-B*51:03,EKSDRLQPDAV,28.224,41.955,41767.66
HLA-B*51:03,KSDRLQPDAVN,85.0,74.776,45708.98
HLA-B*51:03,SDRLQPDAVNK,69.545,83.883,46534.85
HLA-B*51:03,DRLQPDAVNKG,60.714,80.783,46250.73
HLA-B*51:03,RLQPDAVNKGY,29.455,64.086,44663.25
HLA-B*51:03,LQPDAVNKGYN,61.429,74.191,45653.63
HLA-B*51:03,QPDAVNKGYNY,9.867,34.658,40432.81
HLA-B*51:03,PDAVNKGYNYN,90.0,90.201,47141.96
HLA-B*51:03,DAVNKGYNYNP,27.759,30.164,39448.0
HLA-B*51:03,AVNKGYNYNPS,97.5,95.269,47801.98
HLA-B*51:03,VNKGYNYNPST,72.143,67.151,44976.03
HLA-B*51:03,NKGYNYNPSTV,32.226,31.305,39713.52
HLA-B*51:03,KGYNYNPSTVS,57.75,54.737,43588.14
HLA-B*51:03,GYNYNPSTVST,78.333,77.769,45978.32
HLA-B*51:03,YNYNPSTVSTA,19.527,23.634,37691.0
HLA-B*51:03,NYNPSTVSTAR,33.964,54.562,43565.49
HLA-B*51:03,YNPSTVSTARD,53.148,59.524,44159.2
HLA-B*51:03,NPSTVSTARDL,6.402,10.711,31891.23
HLA-B*51:03,PSTVSTARDLN,97.5,94.231,47593.48
HLA-B*51:03,STVSTARDLNI,26.967,16.341,35017.46
HLA-B*51:03,TVSTARDLNIK,72.857,63.831,44635.23
HLA-B*51:03,VSTARDLNIKS,67.273,72.891,45530.79
HLA-B*51:03,STARDLNIKSL,20.78,36.241,40749.45
HLA-B*51:03,TARDLNIKSLC,24.779,37.101,40916.01
HLA-B*51:03,ARDLNIKSLCR,68.636,89.3,47051.75
HLA-B*51:03,RDLNIKSLCRL,48.0,43.22,41974.7
HLA-B*51:03,DLNIKSLCRLT,58.5,47.777,42666.11
HLA-B*51:03,LNIKSLCRLTS,88.333,66.629,44924.48
HLA-B*51:03,NIKSLCRLTSD,95.0,77.946,45994.22
HLA-B*51:03,IKSLCRLTSDL,71.429,47.17,42575.74
HLA-B*51:03,KSLCRLTSDLE,90.0,73.189,45558.86
HLA-B*51:03,SLCRLTSDLES,81.25,83.33,46484.01
HLA-B*51:03,LCRLTSDLESD,100.0,93.756,47539.95
HLA-B*51:03,CRLTSDLESDA,47.125,64.468,44705.32
HLA-B*51:03,RLTSDLESDAR,90.0,95.148,47747.17
HLA-B*51:03,LTSDLESDART,72.857,78.987,46087.89
HLA-B*51:03,TSDLESDARTL,23.874,43.693,42046.98
HLA-B*51:03,SDLESDARTLL,21.754,42.153,41800.21
HLA-B*51:03,DLESDARTLLP,35.667,42.15,41799.75
HLA-B*51:03,LESDARTLLPM,33.179,21.379,36968.84
HLA-B*51:03,ESDARTLLPMT,42.538,37.37,40966.97
HLA-B*51:03,SDARTLLPMTT,46.111,41.12,41632.77
HLA-B*51:03,DARTLLPMTTS,21.219,23.898,37774.68
HLA-B*51:03,ARTLLPMTTSN,93.333,85.658,46700.8
HLA-B*51:03,RTLLPMTTSNE,85.0,83.324,46483.53
HLA-B*51:03,TLLPMTTSNEQ,52.963,69.729,45231.77
HLA-B*51:03,LLPMTTSNEQP,57.75,40.09,41459.71
HLA-B*51:03,LPMTTSNEQPT,25.731,10.794,31952.03
HLA-B*51:03,PMTTSNEQPTH,86.667,95.618,47961.01
HLA-B*51:03,MTTSNEQPTHE,69.545,85.479,46683.61
HLA-B*51:03,TTSNEQPTHEW,20.724,42.256,41817.42
HLA-B*51:03,TSNEQPTHEWS,45.5,68.711,45130.57
HLA-B*51:03,SNEQPTHEWSD,66.364,87.137,46842.99
HLA-B*51:03,NEQPTHEWSDC,49.714,58.62,44051.34
HLA-B*51:03,EQPTHEWSDCQ,75.0,82.054,46366.97
HLA-B*51:03,QPTHEWSDCQN,88.333,77.398,45944.97
HLA-B*51:03,PTHEWSDCQNN,97.5,91.944,47336.69
HLA-B*51:03,THEWSDCQNNE,88.333,88.526,46976.98
HLA-B*51:03,HEWSDCQNNEH,40.125,75.116,45740.62
HLA-B*51:03,EWSDCQNNEHM,42.615,56.492,43798.52
HLA-B*51:03,WSDCQNNEHMS,63.929,67.992,45059.32
HLA-B*51:03,SDCQNNEHMSL,33.321,41.751,41734.68
HLA-B*51:03,DCQNNEHMSLL,14.834,22.46,37320.11
HLA-B*51:03,CQNNEHMSLLA,63.929,40.872,41591.79
HLA-B*51:03,QNNEHMSLLAK,71.429,74.572,45689.68
HLA-B*51:03,NNEHMSLLAKL,27.426,20.549,36681.57
HLA-B*51:03,NEHMSLLAKLG,48.875,36.032,40708.92
HLA-B*51:03,EHMSLLAKLGR,50.556,55.24,43650.42
HLA-B*51:03,HMSLLAKLGRF,54.444,32.827,40052.71
HLA-B*51:03,MSLLAKLGRFQ,78.333,46.683,42503.92
HLA-B*51:03,SLLAKLGRFQN,93.333,83.631,46511.68
HLA-B*51:03,LLAKLGRFQNS,83.75,75.061,45735.7
HLA-B*51:03,LAKLGRFQNSS,73.571,65.901,44852.6
HLA-B*51:03,AKLGRFQNSSR,80.0,95.038,47697.09
HLA-B*51:03,KLGRFQNSSRL,39.529,42.744,41898.48
HLA-B*51:03,LGRFQNSSRLV,38.722,22.907,37461.29
HLA-B*51:03,GRFQNSSRLVI,36.81,26.619,38545.93
HLA-B*51:03,RFQNSSRLVIA,56.25,49.394,42896.16
HLA-B*51:03,FQNSSRLVIAA,32.355,25.935,38363.7
HLA-B*51:03,QNSSRLVIAAN,93.333,79.911,46171.22
HLA-B*51:03,NSSRLVIAANS,79.167,63.576,44607.23
HLA-B*51:03,SSRLVIAANSK,64.643,69.729,45231.77
HLA-B*51:03,SRLVIAANSKV,29.341,28.785,39116.49
HLA-B*51:03,RLVIAANSKVH,82.5,81.692,46333.88
HLA-B*51:03,LVIAANSKVHA,35.042,43.152,41964.27
HLA-B*51:03,VIAANSKVHAN,72.857,84.781,46617.48
HLA-B*51:03,IAANSKVHANS,65.0,65.379,44801.2
HLA-B*51:03,AANSKVHANSQ,60.357,94.858,47664.07
HLA-B*51:03,ANSKVHANSQS,93.333,95.356,47841.82
HLA-B*51:03,NSKVHANSQSV,11.397,16.178,34944.8
HLA-B*51:03,SKVHANSQSVY,36.762,61.665,44397.78
HLA-B*51:03,KVHANSQSVYQ,75.0,84.704,46610.41
HLA-B*51:03,VHANSQSVYQL,21.298,30.911,39622.96
HLA-B*51:03,HANSQSVYQLS,24.831,41.799,41742.38
HLA-B*51:03,ANSQSVYQLSL,32.742,31.821,39831.44
HLA-B*51:03,NSQSVYQLSLM,29.477,20.202,36557.16
HLA-B*51:03,SQSVYQLSLMG,70.714,42.21,41809.73
HLA-B*51:03,QSVYQLSLMGL,43.545,31.815,39830.12
HLA-B*51:03,SVYQLSLMGLM,29.886,19.317,36229.54
HLA-B*51:03,VYQLSLMGLMN,90.0,59.192,44119.55
HLA-B*51:03,YQLSLMGLMNK,60.357,46.834,42526.02
HLA-B*51:03,QLSLMGLMNKF,48.5,42.501,41858.16
HLA-B*51:03,LSLMGLMNKFI,42.615,11.276,32283.2
HLA-B*51:03,SLMGLMNKFIT,80.0,51.539,43176.48
HLA-B*51:03,LMGLMNKFITL,30.73,13.941,33874.87
HLA-B*51:03,MGLMNKFITLL,21.149,9.571,31070.4
HLA-B*51:03,GLMNKFITLLN,80.0,64.038,44657.95
HLA-B*51:03,LMNKFITLLNI,39.294,9.697,31160.64
HLA-B*51:03,MNKFITLLNIE,73.571,30.52,39531.31
HLA-B*51:03,NKFITLLNIEG,79.167,59.28,44130.05
HLA-B*51:03,KFITLLNIEGV,60.714,40.798,41579.18
HLA-B*51:03,FITLLNIEGVR,80.0,57.424,43909.07
HLA-B*51:03,ITLLNIEGVRV,24.662,18.443,35898.65
HLA-B*51:03,TLLNIEGVRVE,72.857,73.319,45571.21
HLA-B*51:03,LLNIEGVRVES,83.75,82.404,46399.1
HLA-B*51:03,LNIEGVRVESL,19.162,33.937,40283.91
HLA-B*51:03,NIEGVRVESLT,62.143,65.172,44780.84
HLA-B*51:03,IEGVRVESLTD,70.0,73.768,45613.63
HLA-B*51:03,EGVRVESLTDG,93.333,84.189,46563.04
HLA-B*51:03,GVRVESLTDGK,93.333,95.041,47698.63
HLA-B*51:03,VRVESLTDGKT,79.167,87.616,46889.14
HLA-B*51:03,RVESLTDGKTI,25.567,24.124,37843.42
HLA-B*51:03,VESLTDGKTIE,49.571,52.976,43360.93
HLA-B*51:03,ESLTDGKTIEN,37.053,65.384,44801.66
HLA-B*51:03,SLTDGKTIEND,97.5,96.105,48183.11
HLA-B*51:03,LTDGKTIENDA,35.625,62.588,44498.77
HLA-B*51:03,TDGKTIENDAN,97.5,96.193,48223.8
HLA-B*51:03,DGKTIENDANI,8.802,7.976,29687.81
HLA-B*51:03,GKTIENDANIG,83.75,90.512,47176.66
HLA-B*51:03,KTIENDANIGA,51.296,63.471,44595.64
HLA-B*51:03,TIENDANIGAG,85.0,86.832,46813.61
HLA-B*51:03,IENDANIGAGG,85.0,81.966,46358.96
HLA-B*51:03,ENDANIGAGGR,62.5,91.185,47251.75
HLA-B*51:03,NDANIGAGGRF,24.597,36.907,40878.85
HLA-B*51:03,DANIGAGGRFI,3.432,3.491,23302.94
HLA-B*51:03,ANIGAGGRFIA,67.727,69.518,45210.71
HLA-B*51:03,NIGAGGRFIAK,55.0,73.132,45553.46
HLA-B*51:03,IGAGGRFIAKI,21.851,20.832,36782.91
HLA-B*51:03,GAGGRFIAKIT,75.833,79.241,46110.82
HLA-B*51:03,AGGRFIAKITW,43.636,46.411,42463.94
HLA-B*51:03,GGRFIAKITWD,83.75,81.867,46349.93
HLA-B*51:03,GRFIAKITWDD,93.333,89.763,47096.59
HLA-B*51:03,RFIAKITWDDD,100.0,95.339,47834.05
HLA-B*51:03,FIAKITWDDDN,100.0,85.174,46654.32
HLA-B*51:03,IAKITWDDDNS,95.0,87.595,46887.12
HLA-B*51:03,AKITWDDDNSD,93.333,95.716,48005.66
HLA-B*51:03,KITWDDDNSDQ,97.5,97.514,48832.85
HLA-B*51:03,ITWDDDNSDQR,50.185,81.402,46307.32
HLA-B*51:03,TWDDDNSDQRR,68.182,97.08,48631.96
HLA-B*51:03,WDDDNSDQRRA,54.815,77.298,45936.06
HLA-B*51:03,DDDNSDQRRAM,25.687,57.412,43907.62
HLA-B*51:03,DDNSDQRRAME,59.25,88.579,46982.07
HLA-B*51:03,DNSDQRRAMER,56.0,89.842,47104.21
HLA-B*51:03,NSDQRRAMERG,85.0,85.121,46649.27
HLA-B*51:03,SDQRRAMERGG,95.0,91.313,47266.07
HLA-B*51:03,DQRRAMERGGN,97.5,95.307,47819.55
HLA-B*51:03,QRRAMERGGNV,24.299,20.396,36626.85
HLA-B*51:03,RRAMERGGNVD,70.714,65.955,44857.95
HLA-B*51:03,RAMERGGNVDG,72.143,64.596,44719.34
HLA-B*51:03,AMERGGNVDGM,54.63,66.649,44926.43
HLA-B*51:03,MERGGNVDGMG,57.5,60.76,44298.94
HLA-B*51:03,ERGGNVDGMGE,93.333,96.248,48248.84
HLA-B*51:03,RGGNVDGMGEV,46.556,57.16,43877.71
HLA-B*51:03,GGNVDGMGEVS,88.333,93.792,47544.06
HLA-B*51:03,GNVDGMGEVSI,41.083,46.821,42524.18
HLA-B*51:03,NVDGMGEVSID,69.545,67.598,45020.34
HLA-B*51:03,VDGMGEVSIDF,32.419,40.197,41477.65
HLA-B*51:03,DGMGEVSIDFT,33.536,35.439,40591.06
HLA-B*51:03,GMGEVSIDFTD,97.5,77.763,45977.82
HLA-B*51:03,MGEVSIDFTDA,82.5,46.859,42529.69
HLA-B*51:03,GEVSIDFTDAL,24.117,32.998,40089.97
HLA-B*51:03,EVSIDFTDALT,42.462,42.439,41847.74
HLA-B*51:03,VSIDFTDALTA,20.39,16.943,35287.12
HLA-B*51:03,SIDFTDALTAE,76.667,70.908,45343.98
HLA-B*51:03,IDFTDALTAES,78.333,68.469,45106.65
HLA-B*51:03,DFTDALTAESG,78.333,68.543,45113.95
HLA-B*51:03,FTDALTAESGP,66.818,50.737,43073.82
HLA-B*51:03,TDALTAESGPV,33.286,16.053,34888.88
HLA-B*51:03,DALTAESGPVQ,28.51,25.344,38198.02
HLA-B*51:03,ALTAESGPVQP,51.667,83.187,46470.94
HLA-B*51:03,LTAESGPVQPP,45.7,47.056,42558.69
HLA-B*51:03,TAESGPVQPPT,38.556,51.061,43115.32
HLA-B*51:03,AESGPVQPPTL,11.476,33.015,40093.46
HLA-B*51:03,ESGPVQPPTLE,14.325,39.658,41384.86
HLA-B*51:03,SGPVQPPTLED,34.5,72.782,45520.45
HLA-B*51:03,GPVQPPTLEDK,48.0,78.832,46073.93
HLA-B*51:03,PVQPPTLEDKS,81.25,93.724,47536.34
HLA-B*51:03,VQPPTLEDKSG,67.727,80.137,46191.71
HLA-B*51:03,QPPTLEDKSGL,7.385,30.318,39483.87
HLA-B*51:03,PPTLEDKSGLG,53.333,79.956,46175.24
HLA-B*51:03,PTLEDKSGLGL,39.647,62.961,44539.71
HLA-B*51:03,TLEDKSGLGLS,55.0,76.351,45851.14
HLA-B*51:03,LEDKSGLGLSE,58.75,77.525,45956.41
HLA-B*51:03,EDKSGLGLSEI,26.183,26.383,38483.41
HLA-B*51:03,DKSGLGLSEIA,36.619,36.648,40828.47
HLA-B*51:03,KSGLGLSEIAI,54.815,42.428,41845.93
HLA-B*51:03,SGLGLSEIAIG,67.727,57.26,43889.59
HLA-B*51:03,GLGLSEIAIGH,91.667,95.146,47746.15
HLA-B*51:03,LGLSEIAIGHY,62.5,56.612,43812.73
HLA-B*51:03,GLSEIAIGHYA,55.25,48.461,42765.01
HLA-B*51:03,LSEIAIGHYAS,81.25,57.64,43934.73
HLA-B*51:03,SEIAIGHYASY,16.787,23.522,37655.53
HLA-B*51:03,EIAIGHYASYK,43.182,44.221,42128.95
HLA-B*51:03,IAIGHYASYKR,30.216,45.397,42312.58
HLA-B*51:03,AIGHYASYKRS,88.333,85.174,46654.32
HLA-B*51:03,IGHYASYKRSV,29.114,20.447,36645.06
HLA-B*51:03,GHYASYKRSVV,41.833,29.593,39312.08
HLA-B*51:03,HYASYKRSVVR,57.25,60.808,44304.2
HLA-B*51:03,YASYKRSVVRV,9.44,7.377,29093.18
HLA-B*51:03,ASYKRSVVRVG,56.25,51.054,43114.4
HLA-B*51:03,SYKRSVVRVGG,88.333,89.979,47117.49
HLA-B*51:03,YKRSVVRVGGI,35.333,21.609,37045.33
HLA-B*51:03,KRSVVRVGGII,59.0,40.359,41505.03
HLA-B*51:03,RSVVRVGGIIG,85.0,61.279,44355.51
HLA-B*51:03,SVVRVGGIIGR,56.0,74.509,45683.76
HLA-B*51:03,VVRVGGIIGRK,83.75,88.032,46929.23
HLA-B*51:03,VRVGGIIGRKC,74.286,86.053,46738.7
HLA-B*51:03,RVGGIIGRKCI,53.704,46.533,42481.86
HLA-B*51:03,VGGIIGRKCIQ,90.0,84.929,46631.1
HLA-B*51:03,GGIIGRKCIQY,73.571,85.611,46696.25
HLA-B*51:03,GIIGRKCIQYG,93.333,89.632,47083.84
HLA-B*51:03,IIGRKCIQYGV,52.778,32.579,39998.55
HLA-B*51:03,IGRKCIQYGVN,95.0,73.539,45591.9
HLA-B*51:03,GRKCIQYGVNT,95.0,94.941,47673.35
HLA-B*51:03,RKCIQYGVNTP,82.5,85.453,46681.08
HLA-B*51:03,KCIQYGVNTPC,71.429,72.265,45471.71
HLA-B*51:03,CIQYGVNTPCS,95.0,72.062,45452.51
HLA-B*51:03,IQYGVNTPCSY,33.821,39.445,41347.7
HLA-B*51:03,QYGVNTPCSYS,81.25,79.208,46107.84
HLA-B*51:03,YGVNTPCSYSV,17.891,11.604,32500.85
HLA-B*51:03,GVNTPCSYSVA,77.5,61.375,44366.1
HLA-B*51:03,VNTPCSYSVAV,10.324,4.731,25625.77
HLA-B*51:03,NTPCSYSVAVS,39.529,24.531,37963.17
HLA-B*51:03,TPCSYSVAVST,11.508,9.641,31120.53
HLA-B*51:03,PCSYSVAVSTL,59.0,24.751,38028.13
HLA-B*51:03,CSYSVAVSTLE,61.071,29.012,39173.24
HLA-B*51:03,SYSVAVSTLEE,67.727,75.41,45766.86
HLA-B*51:03,YSVAVSTLEEA,32.935,25.459,38230.26
HLA-B*51:03,SVAVSTLEEAL,35.208,39.877,41422.93
HLA-B*51:03,VAVSTLEEALM,22.27,17.347,35457.04
HLA-B*51:03,AVSTLEEALMI,24.494,21.109,36879.35
HLA-B*51:03,VSTLEEALMIV,33.286,18.864,36059.43
HLA-B*51:03,STLEEALMIVT,51.296,44.572,42184.6
HLA-B*51:03,TLEEALMIVTI,19.236,15.286,34529.86
HLA-B*51:03,LEEALMIVTIL,23.851,20.274,36582.87
HLA-B*51:03,EEALMIVTILL,15.235,13.533,33650.57
HLA-B*51:03,EALMIVTILLL,7.832,5.578,26874.66
HLA-B*51:03,ALMIVTILLLL,65.0,55.684,43702.89
HLA-B*51:03,LMIVTILLLLL,57.75,39.522,41361.14
HLA-B*51:03,MIVTILLLLLK,69.545,56.268,43771.97
HLA-B*51:03,IVTILLLLLKL,58.75,51.871,43219.02
HLA-B*51:03,VTILLLLLKLN,86.667,74.927,45723.31
HLA-B*51:03,TILLLLLKLNL,59.25,55.364,43665.06
HLA-B*51:03,ILLLLLKLNLL,55.25,53.242,43395.2
HLA-B*51:03,LLLLLKLNLLE,91.667,77.719,45973.84
HLA-B*51:03,LLLLKLNLLEQ,91.667,83.79,46526.29
HLA-B*51:03,LLLKLNLLEQD,97.5,86.316,46764.0
HLA-B*51:03,LLKLNLLEQDD,100.0,95.098,47724.45
HLA-B*51:03,LKLNLLEQDDL,46.778,59.668,44176.4
HLA-B*51:03,KLNLLEQDDLG,95.0,91.267,47260.95
HLA-B*51:03,LNLLEQDDLGR,82.5,89.389,47060.43
HLA-B*51:03,NLLEQDDLGRE,81.25,94.812,47658.91
HLA-B*51:03,LLEQDDLGREN,95.0,93.55,47516.81
HLA-B*51:03,LEQDDLGRENN,91.667,93.28,47486.48
HLA-B*51:03,EQDDLGRENNS,51.296,83.834,46530.32
HLA-B*51:03,QDDLGRENNSV,33.393,58.628,44052.3
HLA-B*51:03,DDLGRENNSVF,16.911,28.405,39021.78
HLA-B*51:03,DLGRENNSVFN,59.75,64.148,44670.02
HLA-B*51:03,LGRENNSVFNG,90.0,72.787,45520.92
HLA-B*51:03,GRENNSVFNGK,85.0,94.872,47665.61
HLA-B*51:03,RENNSVFNGKK,81.25,91.4,47275.8
HLA-B*51:03,ENNSVFNGKKD,93.333,91.624,47300.86
HLA-B*51:03,NNSVFNGKKDK,82.5,93.399,47499.84
HLA-B*51:03,NSVFNGKKDKQ,79.167,95.359,47842.84
HLA-B*51:03,SVFNGKKDKQE,86.667,96.124,48191.96
HLA-B*51:03,VFNGKKDKQES,95.0,97.121,48650.91
HLA-B*51:03,FNGKKDKQESE,85.0,96.814,48508.98
HLA-B*51:03,NGKKDKQESEL,35.75,76.622,45875.46
HLA-B*51:03,GKKDKQESELW,52.407,84.743,46613.96
HLA-B*51:03,KKDKQESELWI,43.909,63.546,44603.84
HLA-B*51:03,KDKQESELWIE,81.25,90.005,47120.04
HLA-B*51:03,DKQESELWIEL,11.695,23.49,37645.35
HLA-B*51:03,KQESELWIELR,63.571,72.615,45504.69
HLA-B*51:03,QESELWIELRH,39.706,69.464,45205.34
HLA-B*51:03,ESELWIELRHF,31.206,23.938,37787.35
HLA-B*51:03,SELWIELRHFF,23.529,23.405,37618.48
HLA-B*51:03,ELWIELRHFFH,60.357,46.524,42480.48
HLA-B*51:03,LWIELRHFFHY,49.429,34.882,40479.2
HLA-B*51:03,WIELRHFFHYG,85.0,57.072,43867.27
HLA-B*51:03,IELRHFFHYGG,85.0,58.808,44073.76
HLA-B*51:03,ELRHFFHYGGE,76.667,71.654,45414.18
HLA-B*51:03,LRHFFHYGGEM,59.75,29.387,39262.78
HLA-B*51:03,RHFFHYGGEME,86.667,60.422,44262.04
HLA-B*51:03,HFFHYGGEMES,62.143,61.648,44395.86
HLA-B*51:03,FFHYGGEMESQ,80.0,80.531,46227.71
HLA-B*51:03,FHYGGEMESQG,68.636,56.336,43780.02
HLA-B*51:03,HYGGEMESQGE,86.667,96.825,48514.24
HLA-B*51:03,YGGEMESQGET,39.235,50.405,43031.43
HLA-B*51:03,GGEMESQGETY,59.5,80.027,46181.73
HLA-B*51:03,GEMESQGETYY,34.731,60.949,44319.54
HLA-B*51:03,EMESQGETYYL,25.179,30.464,39518.05
HLA-B*51:03,MESQGETYYLT,50.741,31.928,39856.0
HLA-B*51:03,ESQGETYYLTE,52.037,64.578,44717.41
HLA-B*51:03,SQGETYYLTEV,30.432,24.772,38034.29
HLA-B*51:03,QGETYYLTEVI,24.208,9.269,30823.96
HLA-B*51:03,GETYYLTEVIF,44.0,32.482,39977.35
HLA-B*51:03,ETYYLTEVIFG,52.037,30.367,39495.4
HLA-B*51:03,TYYLTEVIFGI,35.958,19.107,36151.61
HLA-B*51:03,YYLTEVIFGIG,77.5,45.842,42379.95
HLA-B*51:03,YLTEVIFGIGQ,74.286,65.187,44782.28
HLA-B*51:03,LTEVIFGIGQT,88.333,66.905,44951.73
HLA-B*51:03,TEVIFGIGQTY,15.627,32.026,39878.01
HLA-B*51:03,EVIFGIGQTYE,41.417,56.784,43833.11
HLA-B*51:03,VIFGIGQTYEK,47.0,56.092,43751.14
HLA-B*51:03,IFGIGQTYEKA,73.571,62.953,44538.76
HLA-B*51:03,FGIGQTYEKAE,67.727,71.534,45402.88
HLA-B*51:03,GIGQTYEKAEL,69.091,79.164,46103.83
HLA-B*51:03,IGQTYEKAELS,67.727,57.38,43903.83
HLA-B*51:03,GQTYEKAELSA,52.037,53.151,43383.47
HLA-B*51:03,QTYEKAELSAA,20.252,25.225,38164.56
HLA-B*51:03,TYEKAELSAAG,79.167,69.021,45161.34
HLA-B*51:03,YEKAELSAAGY,30.081,37.468,40985.57
HLA-B*51:03,EKAELSAAGYK,70.0,71.566,45405.84
HLA-B*51:03,KAELSAAGYKG,90.0,80.427,46218.2
HLA-B*51:03,AELSAAGYKGS,86.667,86.279,46760.44
HLA-B*51:03,ELSAAGYKGSD,95.0,88.553,46979.53
HLA-B*51:03,LSAAGYKGSDT,95.0,88.247,46950.05
HLA-B*51:03,SAAGYKGSDTW,9.878,15.592,34673.24
HLA-B*51:03,AAGYKGSDTWH,39.235,64.095,44664.23
HLA-B*51:03,AGYKGSDTWHS,61.786,72.5,45493.86
HLA-B*51:03,GYKGSDTWHSC,76.667,87.021,46831.85
HLA-B*51:03,YKGSDTWHSCD,81.25,81.183,46287.29
HLA-B*51:03,KGSDTWHSCDC,79.167,91.857,47326.95
HLA-B*51:03,GSDTWHSCDCI,61.786,29.542,39299.74
HLA-B*51:03,SDTWHSCDCIT,95.0,51.101,43120.46
HLA-B*51:03,DTWHSCDCITF,19.372,8.075,29778.22
HLA-B*51:03,TWHSCDCITFG,91.667,52.509,43300.93
HLA-B*51:03,WHSCDCITFGT,90.0,47.483,42622.28
HLA-B*51:03,HSCDCITFGTR,50.741,72.834,45525.35
HLA-B*51:03,SCDCITFGTRK,81.25,88.274,46952.6
HLA-B*51:03,CDCITFGTRKA,75.0,58.76,44068.02
HLA-B*51:03,DCITFGTRKAL,9.128,16.356,35023.9
HLA-B*51:03,CITFGTRKALA,82.5,49.081,42853.02
HLA-B*51:03,ITFGTRKALAN,69.545,49.623,42927.73
HLA-B*51:03,TFGTRKALANQ,93.333,92.909,47444.88
HLA-B*51:03,FGTRKALANQI,20.382,13.189,33462.5
HLA-B*51:03,GTRKALANQIA,72.143,70.01,45259.66
HLA-B*51:03,TRKALANQIAG,76.667,65.246,44788.12
HLA-B*51:03,RKALANQIAGE,95.0,94.35,47606.87
HLA-B*51:03,KALANQIAGEH,72.857,87.837,46910.44
HLA-B*51:03,ALANQIAGEHS,90.0,90.476,47172.58
HLA-B*51:03,LANQIAGEHSG,64.286,57.388,43904.79
HLA-B*51:03,ANQIAGEHSGK,78.333,94.876,47666.13
HLA-B*51:03,NQIAGEHSGKG,72.857,79.812,46162.23
HLA-B*51:03,QIAGEHSGKGC,86.667,95.479,47897.73
HLA-B*51:03,IAGEHSGKGCP,75.833,72.745,45516.98
HLA-B*51:03,AGEHSGKGCPL,58.5,65.906,44853.09
HLA-B*51:03,GEHSGKGCPLK,76.667,82.974,46451.34
HLA-B*51:03,EHSGKGCPLKN,88.333,90.018,47121.56
HLA-B*51:03,HSGKGCPLKNY,59.75,72.829,45524.88
HLA-B*51:03,SGKGCPLKNYG,88.333,87.458,46873.91
HLA-B*51:03,GKGCPLKNYGI,77.5,80.082,46186.71
HLA-B*51:03,KGCPLKNYGIF,33.286,20.585,36694.28
HLA-B*51:03,GCPLKNYGIFS,85.0,46.862,42530.16
HLA-B*51:03,CPLKNYGIFSS,46.111,14.44,34121.33
HLA-B*51:03,PLKNYGIFSSY,48.125,56.888,43845.46
HLA-B*51:03,LKNYGIFSSYE,86.667,72.876,45529.32
HLA-B*51:03,KNYGIFSSYEV,33.286,19.742,36388.65
HLA-B*51:03,NYGIFSSYEVE,67.273,46.665,42501.18
HLA-B*51:03,YGIFSSYEVEF,31.706,17.816,35652.86
HLA-B*51:03,GIFSSYEVEFK,81.25,76.368,45852.62
HLA-B*51:03,IFSSYEVEFKK,52.407,59.724,44183.1
HLA-B*51:03,FSSYEVEFKKS,81.25,70.146,45272.39
HLA-B*51:03,SSYEVEFKKSG,58.75,47.164,42574.8
HLA-B*51:03,SYEVEFKKSGA,64.286,71.206,45371.94
HLA-B*51:03,YEVEFKKSGAH,43.091,65.832,44845.8
HLA-B*51:03,EVEFKKSGAHM,32.484,44.672,42200.57
HLA-B*51:03,VEFKKSGAHMP,37.263,44.934,42242.15
HLA-B*51:03,EFKKSGAHMPK,72.143,80.449,46220.23
HLA-B*51:03,FKKSGAHMPKF,40.25,39.021,41273.95
HLA-B*51:03,KKSGAHMPKFD,91.667,88.147,46940.4
HLA-B*51:03,KSGAHMPKFDF,57.5,55.608,43693.91
HLA-B*51:03,SGAHMPKFDFH,61.786,62.201,44456.43
HLA-B*51:03,GAHMPKFDFHF,35.875,34.436,40386.89
HLA-B*51:03,AHMPKFDFHFR,37.842,42.616,41877.17
HLA-B*51:03,HMPKFDFHFRY,14.035,4.832,25784.3
HLA-B*51:03,MPKFDFHFRYH,12.583,6.239,27744.2
HLA-B*51:03,PKFDFHFRYHI,54.259,26.111,38411.46
HLA-B*51:03,KFDFHFRYHII,37.0,17.529,35532.7
HLA-B*51:03,FDFHFRYHIIA,46.889,16.722,35187.61
HLA-B*51:03,DFHFRYHIIAM,34.5,22.478,37325.74
HLA-B*51:03,FHFRYHIIAMV,33.5,11.675,32548.01
HLA-B*51:03,HFRYHIIAMVD,69.545,58.876,44081.86
HLA-B*51:03,FRYHIIAMVDL,50.0,38.719,41218.62
HLA-B*51:03,RYHIIAMVDLA,78.333,47.827,42673.49
HLA-B*51:03,YHIIAMVDLAA,42.769,27.271,38721.51
HLA-B*51:03,HIIAMVDLAAY,35.583,32.44,39968.28
HLA-B*51:03,IIAMVDLAAYQ,83.75,62.307,44467.96
HLA-B*51:03,IAMVDLAAYQV,10.797,2.891,21848.59
HLA-B*51:03,AMVDLAAYQVG,72.143,55.896,43727.96
HLA-B*51:03,MVDLAAYQVGA,50.926,34.002,40297.42
HLA-B*51:03,VDLAAYQVGAP,79.167,58.64,44053.73
HLA-B*51:03,DLAAYQVGAPD,59.5,34.717,40445.07
HLA-B*51:03,LAAYQVGAPDT,83.75,61.098,44335.86
HLA-B*51:03,AAYQVGAPDTR,40.812,61.265,44354.08
HLA-B*51:03,AYQVGAPDTRL,42.385,63.396,44587.45
HLA-B*51:03,YQVGAPDTRLA,31.588,40.574,41541.42
HLA-B*51:03,QVGAPDTRLAT,44.273,78.571,46050.49
HLA-B*51:03,VGAPDTRLATA,16.796,19.619,36342.61
HLA-B*51:03,GAPDTRLATAG,67.727,72.85,45526.85
HLA-B*51:03,APDTRLATAGR,32.258,62.957,44539.22
HLA-B*51:03,PDTRLATAGRG,100.0,91.217,47255.31
HLA-B*51:03,DTRLATAGRGT,56.5,62.882,44531.04
HLA-B*51:03,TRLATAGRGTF,36.238,41.911,41760.45
HLA-B*51:03,RLATAGRGTFN,85.0,81.588,46324.35
HLA-B*51:03,LATAGRGTFNT,82.5,68.529,45112.5
HLA-B*51:03,ATAGRGTFNTT,63.214,74.207,45655.1
HLA-B*51:03,TAGRGTFNTTR,60.0,80.044,46183.23
HLA-B*51:03,AGRGTFNTTRV,41.75,40.293,41493.81
HLA-B*51:03,GRGTFNTTRVG,93.333,84.584,46599.32
HLA-B*51:03,RGTFNTTRVGV,66.818,50.842,43087.36
HLA-B*51:03,GTFNTTRVGVN,86.667,77.27,45933.57
HLA-B*51:03,TFNTTRVGVNP,77.5,74.269,45661.02
HLA-B*51:03,FNTTRVGVNPV,42.462,18.262,35829.59
HLA-B*51:03,NTTRVGVNPVS,79.167,58.752,44067.08
HLA-B*51:03,TTRVGVNPVSV,20.959,22.433,37311.61
HLA-B*51:03,TRVGVNPVSVH,59.0,71.931,45440.23
HLA-B*51:03,RVGVNPVSVHQ,75.833,92.324,47379.23
HLA-B*51:03,VGVNPVSVHQQ,73.571,92.832,47436.16
HLA-B*51:03,GVNPVSVHQQI,3.755,4.842,25801.05
HLA-B*51:03,VNPVSVHQQIP,9.921,10.01,31386.99
HLA-B*51:03,NPVSVHQQIPE,8.419,13.168,33451.27
HLA-B*51:03,PVSVHQQIPEH,71.429,95.895,48087.28
HLA-B*51:03,VSVHQQIPEHI,18.963,15.296,34534.34
HLA-B*51:03,SVHQQIPEHII,16.711,17.09,35350.17
HLA-B*51:03,VHQQIPEHIIW,18.274,28.349,39007.87
HLA-B*51:03,HQQIPEHIIWY,36.619,53.195,43389.09
HLA-B*51:03,QQIPEHIIWYK,25.522,41.793,41741.46
HLA-B*51:03,QIPEHIIWYKT,47.375,43.491,42016.05
HLA-B*51:03,IPEHIIWYKTT,17.829,10.709,31889.86
HLA-B*51:03,PEHIIWYKTTI,44.636,20.384,36622.48
HLA-B*51:03,EHIIWYKTTIL,17.047,14.519,34160.11
HLA-B*51:03,HIIWYKTTILV,19.264,12.889,33293.48
HLA-B*51:03,IIWYKTTILVQ,70.0,41.911,41760.45
HLA-B*51:03,IWYKTTILVQT,74.286,69.779,45236.64
HLA-B*51:03,WYKTTILVQTK,70.0,71.858,45433.34
HLA-B*51:03,YKTTILVQTKF,31.529,31.94,39858.6
HLA-B*51:03,KTTILVQTKFK,75.0,74.52,45684.73
HLA-B*51:03,TTILVQTKFKK,55.75,61.894,44422.75
HLA-B*51:03,TILVQTKFKKD,97.5,95.287,47810.24
HLA-B*51:03,ILVQTKFKKDL,48.75,51.882,43220.41
HLA-B*51:03,LVQTKFKKDLE,83.75,86.279,46760.44
HLA-B*51:03,VQTKFKKDLEV,24.532,25.152,38144.34
HLA-B*51:03,QTKFKKDLEVG,62.5,64.789,44740.62
HLA-B*51:03,TKFKKDLEVGV,35.167,46.674,42502.55
HLA-B*51:03,KFKKDLEVGVT,90.0,92.768,47428.98
HLA-B*51:03,FKKDLEVGVTE,65.0,79.574,46140.77
HLA-B*51:03,KKDLEVGVTEL,46.889,70.13,45270.93
HLA-B*51:03,KDLEVGVTELD,56.5,75.609,45784.69
HLA-B*51:03,DLEVGVTELDV,41.083,36.955,40888.13
HLA-B*51:03,LEVGVTELDVI,23.759,19.274,36213.87
HLA-B*51:03,EVGVTELDVII,23.471,20.905,36809.18
HLA-B*51:03,VGVTELDVIIL,29.432,46.445,42468.98
HLA-B*51:03,GVTELDVIILD,86.667,81.747,46338.9
HLA-B*51:03,VTELDVIILDG,90.0,80.027,46181.73
HLA-B*51:03,TELDVIILDGF,16.76,32.401,39959.62
HLA-B*51:03,ELDVIILDGFI,37.526,16.615,35140.05
HLA-B*51:03,LDVIILDGFIS,95.0,58.792,44071.86
HLA-B*51:03,DVIILDGFISV,3.046,4.355,24986.21
HLA-B*51:03,VIILDGFISVR,59.75,60.848,44308.51
HLA-B*51:03,IILDGFISVRT,56.5,65.079,44771.62
HLA-B*51:03,ILDGFISVRTD,95.0,72.458,45489.9
HLA-B*51:03,LDGFISVRTDN,97.5,86.989,46828.8
HLA-B*51:03,DGFISVRTDNQ,47.625,73.653,45602.75
HLA-B*51:03,GFISVRTDNQC,81.25,90.823,47211.39
HLA-B*51:03,FISVRTDNQCL,48.5,38.998,41269.93
HLA-B*51:03,ISVRTDNQCLD,76.667,68.878,45147.16
HLA-B*51:03,SVRTDNQCLDK,85.0,90.137,47134.82
HLA-B*51:03,VRTDNQCLDKP,86.667,87.153,46844.5
HLA-B*51:03,RTDNQCLDKPI,59.25,29.021,39175.36
HLA-B*51:03,TDNQCLDKPIE,90.0,75.709,45793.61
HLA-B*51:03,DNQCLDKPIEA,22.72,40.684,41559.86
HLA-B*51:03,NQCLDKPIEAA,40.625,57.176,43879.63
HLA-B*51:03,QCLDKPIEAAA,39.529,58.144,43994.67
HLA-B*51:03,CLDKPIEAAAR,81.25,76.484,45863.03
HLA-B*51:03,LDKPIEAAARK,20.008,40.253,41487.07
HLA-B*51:03,DKPIEAAARKG,59.5,69.301,45189.2
HLA-B*51:03,KPIEAAARKGF,6.76,14.715,34255.98
HLA-B*51:03,PIEAAARKGFE,95.0,95.427,47873.93
HLA-B*51:03,IEAAARKGFEI,17.342,10.399,31665.7
HLA-B*51:03,EAAARKGFEIT,36.333,37.098,40915.59
HLA-B*51:03,AAARKGFEITG,58.75,68.75,45134.47
HLA-B*51:03,AARKGFEITGR,66.364,88.479,46972.41
HLA-B*51:03,ARKGFEITGRW,40.125,41.955,41767.66
HLA-B*51:03,RKGFEITGRWP,81.25,67.254,44986.27
HLA-B*51:03,KGFEITGRWPA,43.364,27.258,38717.71
HLA-B*51:03,GFEITGRWPAN,93.333,75.653,45788.68
HLA-B*51:03,FEITGRWPANT,56.0,45.858,42382.22
HLA-B*51:03,EITGRWPANTS,63.214,63.401,44587.93
HLA-B*51:03,ITGRWPANTSL,14.083,18.622,35967.08
HLA-B*51:03,TGRWPANTSLA,32.903,31.857,39839.61
HLA-B*51:03,GRWPANTSLAE,56.5,65.915,44854.05
HLA-B*51:03,RWPANTSLAEY,36.095,25.806,38327.6
HLA-B*51:03,WPANTSLAEYI,3.933,0.409,9284.5
HLA-B*51:03,PANTSLAEYIP,85.0,69.247,45183.8
HLA-B*51:03,ANTSLAEYIPK,73.571,78.4,46035.05
HLA-B*51:03,NTSLAEYIPKR,55.25,71.879,45435.31
HLA-B*51:03,TSLAEYIPKRL,26.033,22.922,37466.15
HLA-B*51:03,SLAEYIPKRLL,16.622,19.804,36411.89
HLA-B*51:03,LAEYIPKRLLA,22.03,14.217,34012.58
HLA-B*51:03,AEYIPKRLLAK,43.818,52.279,43271.42
HLA-B*51:03,EYIPKRLLAKD,63.929,57.048,43864.44
HLA-B*51:03,YIPKRLLAKDE,88.333,83.258,46477.47
HLA-B*51:03,IPKRLLAKDER,45.0,66.604,44922.05
HLA-B*51:03,PKRLLAKDERE,100.0,97.792,48961.95
HLA-B*51:03,KRLLAKDEREL,60.714,78.516,46045.53
HLA-B*51:03,RLLAKDERELP,61.786,76.916,45901.77
HLA-B*51:03,LLAKDERELPM,49.286,36.023,40707.16
HLA-B*51:03,LAKDERELPMI,12.241,12.033,32784.8
HLA-B*51:03,AKDERELPMIR,66.364,82.267,46386.56
HLA-B*51:03,KDERELPMIRI,31.118,33.368,40166.39
HLA-B*51:03,DERELPMIRIT,29.795,34.759,40453.8
HLA-B*51:03,ERELPMIRITG,72.143,67.175,44978.46
HLA-B*51:03,RELPMIRITGG,67.273,47.037,42555.92
HLA-B*51:03,ELPMIRITGGA,36.143,18.825,36044.61
HLA-B*51:03,LPMIRITGGAR,25.627,19.052,36130.89
HLA-B*51:03,PMIRITGGARQ,95.0,95.455,47886.86
HLA-B*51:03,MIRITGGARQA,50.37,44.566,42183.68
HLA-B*51:03,IRITGGARQAV,39.294,45.133,42272.79
HLA-B*51:03,RITGGARQAVS,90.0,90.961,47226.71
HLA-B*51:03,ITGGARQAVSV,28.98,25.641,38281.18
HLA-B*51:03,TGGARQAVSVG,67.273,66.053,44867.65
HLA-B*51:03,GGARQAVSVGW,55.75,61.977,44431.89
HLA-B*51:03,GARQAVSVGWY,58.25,64.086,44663.25
HLA-B*51:03,ARQAVSVGWYM,18.726,30.865,39612.23
HLA-B*51:03,RQAVSVGWYML,30.541,27.617,38815.87
HLA-B*51:03,QAVSVGWYMLQ,31.235,36.114,40724.78
HLA-B*51:03,AVSVGWYMLQA,71.429,58.44,44029.9
HLA-B*51:03,VSVGWYMLQAD,95.0,54.303,43532.04
HLA-B*51:03,SVGWYMLQADQ,95.0,86.116,46744.76
HLA-B*51:03,VGWYMLQADQF,31.765,20.742,36750.69
HLA-B*51:03,GWYMLQADQFW,49.143,32.637,40011.11
HLA-B*51:03,WYMLQADQFWY,59.75,28.186,38967.36
HLA-B*51:03,YMLQADQFWYS,59.0,31.062,39658.11
HLA-B*51:03,MLQADQFWYSC,51.852,36.775,40853.2
HLA-B*51:03,LQADQFWYSCQ,77.5,63.453,44593.71
HLA-B*51:03,QADQFWYSCQY,36.143,22.744,37409.84
HLA-B*51:03,ADQFWYSCQYG,85.0,47.557,42633.36
HLA-B*51:03,DQFWYSCQYGK,49.286,31.827,39832.72
HLA-B*51:03,QFWYSCQYGKS,95.0,79.529,46136.79
HLA-B*51:03,FWYSCQYGKSW,41.75,19.966,36472.62
HLA-B*51:03,WYSCQYGKSWP,86.667,56.984,43856.83
HLA-B*51:03,YSCQYGKSWPI,21.246,3.07,22299.51
HLA-B*51:03,SCQYGKSWPIG,60.0,37.033,40903.19
HLA-B*51:03,CQYGKSWPIGL,33.071,16.336,35015.18
HLA-B*51:03,QYGKSWPIGLP,79.167,58.06,43984.66
HLA-B*51:03,YGKSWPIGLPR,42.0,36.723,40843.04
HLA-B*51:03,GKSWPIGLPRH,68.636,86.889,46819.16
HLA-B*51:03,KSWPIGLPRHP,24.571,30.418,39507.38
HLA-B*51:03,SWPIGLPRHPI,10.701,2.937,21969.02
HLA-B*51:03,WPIGLPRHPIV,0.974,0.318,8012.67
HLA-B*51:03,PIGLPRHPIVA,72.143,67.618,45022.29
HLA-B*51:03,IGLPRHPIVAW,6.112,8.981,30581.13
HLA-B*51:03,GLPRHPIVAWP,41.917,28.864,39136.38
HLA-B*51:03,LPRHPIVAWPL,3.554,1.459,16898.99
HLA-B*51:03,PRHPIVAWPLT,58.75,40.101,41461.5
HLA-B*51:03,RHPIVAWPLTL,6.51,3.918,24148.18
HLA-B*51:03,HPIVAWPLTLV,0.969,0.46,9890.96
HLA-B*51:03,PIVAWPLTLVQ,80.0,64.402,44698.06
HLA-B*51:03,IVAWPLTLVQL,16.88,16.728,35190.65
HLA-B*51:03,VAWPLTLVQLE,16.889,17.037,35327.99
HLA-B*51:03,AWPLTLVQLEC,55.5,33.789,40253.42
HLA-B*51:03,WPLTLVQLECV,5.47,0.814,13024.79
HLA-B*51:03,PLTLVQLECVI,71.429,32.393,39957.89
HLA-B*51:03,LTLVQLECVIS,90.0,43.958,42087.48
HLA-B*51:03,TLVQLECVISV,23.989,20.783,36765.41
HLA-B*51:03,LVQLECVISVE,81.25,52.225,43264.39
HLA-B*51:03,VQLECVISVER,63.571,59.62,44170.65
HLA-B*51:03,QLECVISVERF,52.407,48.143,42719.7
HLA-B*51:03,LECVISVERFS,75.0,58.804,44073.28
HLA-B*51:03,ECVISVERFSM,44.909,38.475,41173.59
HLA-B*51:03,CVISVERFSMF,39.471,14.051,33932.09
HLA-B*51:03,VISVERFSMFE,68.636,52.498,43299.54
HLA-B*51:03,ISVERFSMFEI,10.164,4.021,24350.73
HLA-B*51:03,SVERFSMFEIR,67.727,40.867,41590.9
HLA-B*51:03,VERFSMFEIRT,69.091,54.592,43569.28
HLA-B*51:03,ERFSMFEIRTI,9.12,3.918,24147.4
HLA-B*51:03,RFSMFEIRTIE,65.455,37.356,40964.3
HLA-B*51:03,FSMFEIRTIEP,40.188,17.091,35350.55
HLA-B*51:03,SMFEIRTIEPE,72.143,58.728,44064.21
HLA-B*51:03,MFEIRTIEPER,76.667,75.177,45746.08
HLA-B*51:03,FEIRTIEPERS,70.714,63.115,44556.57
HLA-B*51:03,EIRTIEPERSD,69.545,85.721,46706.86
HLA-B*51:03,IRTIEPERSDL,46.556,72.73,45515.52
HLA-B*51:03,RTIEPERSDLK,48.375,70.558,45311.12
HLA-B*51:03,TIEPERSDLKA,31.088,49.596,42924.03
HLA-B*51:03,IEPERSDLKAG,67.727,76.24,45841.21
HLA-B*51:03,EPERSDLKAGR,39.882,71.717,45420.07
HLA-B*51:03,PERSDLKAGRR,91.667,96.289,48267.64
HLA-B*51:03,ERSDLKAGRRV,26.683,41.606,41711.21
HLA-B*51:03,RSDLKAGRRVD,83.75,78.965,46085.88
HLA-B*51:03,SDLKAGRRVDK,70.0,92.187,47363.84
HLA-B*51:03,DLKAGRRVDKI,14.745,17.589,35558.07
HLA-B*51:03,LKAGRRVDKIE,72.143,80.964,46267.26
HLA-B*51:03,KAGRRVDKIEK,83.75,93.01,47456.18
HLA-B*51:03,AGRRVDKIEKR,63.214,96.234,48242.59
HLA-B*51:03,GRRVDKIEKRP,88.333,95.909,48093.51
HLA-B*51:03,RRVDKIEKRPT,85.0,95.151,47748.74
HLA-B*51:03,RVDKIEKRPTS,58.75,85.6,46695.23
HLA-B*51:03,VDKIEKRPTSF,29.75,59.248,44126.23
HLA-B*51:03,DKIEKRPTSFA,22.16,35.757,40654.35
HLA-B*51:03,KIEKRPTSFAQ,79.167,89.289,47050.75
HLA-B*51:03,IEKRPTSFAQI,18.213,20.535,36676.41
HLA-B*51:03,EKRPTSFAQIA,13.252,11.41,32372.39
HLA-B*51:03,KRPTSFAQIAV,29.955,17.903,35689.51
HLA-B*51:03,RPTSFAQIAVM,7.8,5.983,27419.21
HLA-B*51:03,PTSFAQIAVMI,48.625,18.649,35977.2
HLA-B*51:03,TSFAQIAVMIP,44.909,19.68,36365.43
HLA-B*51:03,SFAQIAVMIPG,83.75,56.4,43787.62
HLA-B*51:03,FAQIAVMIPGD,91.667,50.842,43087.36
HLA-B*51:03,AQIAVMIPGDD,100.0,90.261,47148.59
HLA-B*51:03,QIAVMIPGDDF,61.429,46.859,42529.69
HLA-B*51:03,IAVMIPGDDFY,31.529,27.94,38904.59
HLA-B*51:03,AVMIPGDDFYY,48.0,50.095,42991.88
HLA-B*51:03,VMIPGDDFYYA,20.691,16.302,35000.03
HLA-B*51:03,MIPGDDFYYAG,63.929,31.096,39665.84
HLA-B*51:03,IPGDDFYYAGL,6.538,5.05,26121.82
HLA-B*51:03,PGDDFYYAGLW,53.889,31.853,39838.76
HLA-B*51:03,GDDFYYAGLWP,86.667,51.641,43189.57
HLA-B*51:03,DDFYYAGLWPI,14.975,2.204,19887.06
HLA-B*51:03,DFYYAGLWPIL,23.759,11.662,32539.55
HLA-B*51:03,FYYAGLWPILK,52.778,28.961,39160.51
HLA-B*51:03,YYAGLWPILKD,83.75,55.556,43687.76
HLA-B*51:03,YAGLWPILKDK,47.75,46.633,42496.57
HLA-B*51:03,AGLWPILKDKQ,90.0,94.035,47571.33
HLA-B*51:03,GLWPILKDKQE,73.571,92.996,47454.64
HLA-B*51:03,LWPILKDKQEV,19.061,13.412,33584.36
HLA-B*51:03,WPILKDKQEVE,20.065,18.692,35993.93
HLA-B*51:03,PILKDKQEVEK,85.0,96.617,48418.29
HLA-B*51:03,ILKDKQEVEKK,72.857,95.827,48056.09
HLA-B*51:03,LKDKQEVEKKM,49.143,84.441,46586.22
HLA-B*51:03,KDKQEVEKKMV,52.593,78.151,46012.64
HLA-B*51:03,DKQEVEKKMVS,46.778,74.744,45706.01
HLA-B*51:03,KQEVEKKMVST,75.833,91.395,47275.28
HLA-B*51:03,QEVEKKMVSTL,13.496,32.716,40028.43
HLA-B*51:03,EVEKKMVSTLG,43.818,58.304,44013.71
HLA-B*51:03,VEKKMVSTLGL,29.273,27.948,38906.69
HLA-B*51:03,EKKMVSTLGLV,36.714,18.082,35761.42
HLA-B*51:03,KKMVSTLGLVE,86.667,66.289,44890.95
HLA-B*51:03,KMVSTLGLVEP,80.0,62.895,44532.47
HLA-B*51:03,MVSTLGLVEPL,33.179,13.584,33678.61
HLA-B*51:03,VSTLGLVEPLD,80.0,58.252,44007.53
HLA-B*51:03,STLGLVEPLDK,71.429,67.618,45022.29
HLA-B*51:03,TLGLVEPLDKF,38.5,46.812,42522.78
HLA-B*51:03,LGLVEPLDKFL,41.917,34.801,40462.57
HLA-B*51:03,GLVEPLDKFLS,78.333,83.708,46518.73
HLA-B*51:03,LVEPLDKFLSV,0.662,0.581,11131.31
HLA-B*51:03,VEPLDKFLSVH,7.596,9.716,31174.79
HLA-B*51:03,EPLDKFLSVHQ,3.474,9.368,30907.12
HLA-B*51:03,PLDKFLSVHQS,91.667,87.132,46842.48
HLA-B*51:03,LDKFLSVHQSR,63.929,75.537,45778.25
HLA-B*51:03,DKFLSVHQSRQ,70.714,87.063,46835.89
HLA-B*51:03,KFLSVHQSRQS,93.333,91.793,47319.78
HLA-B*51:03,FLSVHQSRQSQ,67.273,84.535,46594.79
HLA-B*51:03,LSVHQSRQSQR,67.727,85.5,46685.62
HLA-B*51:03,SVHQSRQSQRI,21.789,26.582,38536.34
HLA-B*51:03,VHQSRQSQRIN,71.429,69.783,45237.13
HLA-B*51:03,HQSRQSQRINR,78.333,90.704,47198.09
HLA-B*51:03,QSRQSQRINRA,45.2,62.109,44446.31
HLA-B*51:03,SRQSQRINRAD,86.667,90.233,47145.52
HLA-B*51:03,RQSQRINRADE,93.333,95.859,48070.62
HLA-B*51:03,QSQRINRADEN,97.5,92.768,47428.98
HLA-B*51:03,SQRINRADENR,88.333,95.12,47734.27
HLA-B*51:03,QRINRADENRL,50.741,76.988,45908.22
HLA-B*51:03,RINRADENRLS,88.333,92.868,47440.26
HLA-B*51:03,INRADENRLST,35.25,61.243,44351.68
HLA-B*51:03,NRADENRLSTS,68.182,84.901,46628.57
HLA-B*51:03,RADENRLSTSI,8.307,13.823,33809.7
HLA-B*51:03,ADENRLSTSIS,69.545,70.522,45307.67
HLA-B*51:03,DENRLSTSISE,45.4,57.404,43906.69
HLA-B*51:03,ENRLSTSISEA,38.611,48.847,42820.12
HLA-B*51:03,NRLSTSISEAF,32.903,35.744,40651.7
HLA-B*51:03,RLSTSISEAFC,82.5,69.409,45199.95
HLA-B*51:03,LSTSISEAFCL,38.389,20.896,36806.0
HLA-B*51:03,STSISEAFCLK,55.0,52.509,43300.93
HLA-B*51:03,TSISEAFCLKY,23.644,32.024,39877.57
HLA-B*51:03,SISEAFCLKYP,65.0,45.903,42389.11
HLA-B*51:03,ISEAFCLKYPR,85.0,43.568,42027.87
HLA-B*51:03,SEAFCLKYPRY,38.778,25.106,38131.55
HLA-B*51:03,EAFCLKYPRYC,19.466,10.097,31449.21
HLA-B*51:03,AFCLKYPRYCE,97.5,95.657,47978.67
HLA-B*51:03,FCLKYPRYCEA,46.667,31.452,39747.04
HLA-B*51:03,CLKYPRYCEAD,95.0,69.926,45251.34
HLA-B*51:03,LKYPRYCEADR,82.5,71.79,45426.96
HLA-B*51:03,KYPRYCEADRQ,93.333,77.392,45944.5
HLA-B*51:03,YPRYCEADRQT,10.809,23.879,37768.57
HLA-B*51:03,PRYCEADRQTM,69.545,66.722,44933.73
HLA-B*51:03,RYCEADRQTMK,72.143,87.716,46898.76
HLA-B*51:03,YCEADRQTMKK,50.556,74.29,45662.99
HLA-B*51:03,CEADRQTMKKA,42.308,48.468,42765.95
HLA-B*51:03,EADRQTMKKAE,52.407,70.626,45317.49
HLA-B*51:03,ADRQTMKKAEL,40.188,63.634,44613.5
HLA-B*51:03,DRQTMKKAELY,26.067,35.773,40657.42
HLA-B*51:03,RQTMKKAELYE,79.167,79.85,46165.75
HLA-B*51:03,QTMKKAELYET,66.818,66.845,44945.87
HLA-B*51:03,TMKKAELYETS,77.5,73.987,45634.35
HLA-B*51:03,MKKAELYETSR,53.333,71.816,45429.42
HLA-B*51:03,KKAELYETSRV,42.923,51.167,43128.86
HLA-B*51:03,KAELYETSRVD,75.833,65.418,44805.07
HLA-B*51:03,AELYETSRVDI,29.75,21.949,37158.53
HLA-B*51:03,ELYETSRVDIC,32.065,28.815,39124.09
HLA-B*51:03,LYETSRVDICE,90.0,83.22,46473.96
HLA-B*51:03,YETSRVDICEA,50.37,35.748,40652.57
HLA-B*51:03,ETSRVDICEAV,16.436,16.935,35283.68
HLA-B*51:03,TSRVDICEAVE,70.0,56.596,43810.84
HLA-B*51:03,SRVDICEAVER,73.571,84.617,46602.36
HLA-B*51:03,RVDICEAVERA,54.444,69.621,45221.0
HLA-B*51:03,VDICEAVERAL,39.941,37.869,41061.48
HLA-B*51:03,DICEAVERALG,58.75,56.164,43759.67
HLA-B*51:03,ICEAVERALGE,75.0,84.047,46549.95
HLA-B*51:03,CEAVERALGEW,23.092,21.858,37127.99
HLA-B*51:03,EAVERALGEWP,22.77,25.4,38213.72
HLA-B*51:03,AVERALGEWPV,67.273,34.723,40446.37
HLA-B*51:03,VERALGEWPVS,72.143,47.508,42625.96
HLA-B*51:03,ERALGEWPVSA,24.065,42.436,41847.28
HLA-B*51:03,RALGEWPVSAS,50.556,58.856,44079.47
HLA-B*51:03,ALGEWPVSASN,82.5,71.926,45439.73
HLA-B*51:03,LGEWPVSASNH,74.286,76.982,45907.71
HLA-B*51:03,GEWPVSASNHR,46.778,73.116,45551.96
HLA-B*51:03,EWPVSASNHRR,50.185,70.371,45293.47
HLA-B*51:03,WPVSASNHRRM,8.29,5.338,26534.6
HLA-B*51:03,PVSASNHRRMQ,97.5,96.142,48200.32
HLA-B*51:03,VSASNHRRMQS,83.75,81.418,46308.82
HLA-B*51:03,SASNHRRMQSF,23.966,30.358,39493.26
HLA-B*51:03,ASNHRRMQSFT,83.75,77.874,45987.75
HLA-B*51:03,SNHRRMQSFTM,48.125,35.119,40527.42
HLA-B*51:03,NHRRMQSFTMP,57.5,41.793,41741.46
HLA-B*51:03,HRRMQSFTMPY,52.963,38.455,41170.03
HLA-B*51:03,RRMQSFTMPYG,86.667,52.823,43341.25
HLA-B*51:03,RMQSFTMPYGP,71.429,36.939,40885.04
HLA-B*51:03,MQSFTMPYGPH,76.667,44.759,42214.27
HLA-B*51:03,QSFTMPYGPHV,8.376,4.133,24562.95
HLA-B*51:03,SFTMPYGPHVA,39.824,21.268,36932.07
HLA-B*51:03,FTMPYGPHVAS,5.956,5.128,26233.43
HLA-B*51:03,TMPYGPHVASM,2.957,1.673,17851.9
HLA-B*51:03,MPYGPHVASMA,0.952,0.461,9913.13
HLA-B*51:03,PYGPHVASMAQ,80.0,73.544,45592.4
HLA-B*51:03,YGPHVASMAQL,16.427,20.109,36523.96
HLA-B*51:03,GPHVASMAQLS,40.062,37.794,41047.26
HLA-B*51:03,PHVASMAQLSV,37.632,23.178,37546.91
HLA-B*51:03,HVASMAQLSVE,58.75,45.542,42334.58
HLA-B*51:03,VASMAQLSVEL,14.455,15.741,34743.48
HLA-B*51:03,ASMAQLSVELE,56.5,58.56,44044.18
HLA-B*51:03,SMAQLSVELEQ,71.429,67.259,44986.73
HLA-B*51:03,MAQLSVELEQE,69.091,61.942,44428.05
HLA-B*51:03,AQLSVELEQES,79.167,90.618,47188.41
HLA-B*51:03,QLSVELEQESG,91.667,94.273,47598.12
HLA-B*51:03,LSVELEQESGS,82.5,85.368,46673.01
HLA-B*51:03,SVELEQESGSH,72.143,95.426,47873.4
HLA-B*51:03,VELEQESGSHP,47.625,73.142,45554.43
HLA-B*51:03,ELEQESGSHPQ,72.143,88.521,46976.46
HLA-B*51:03,LEQESGSHPQA,26.383,48.76,42807.61
HLA-B*51:03,EQESGSHPQAS,50.185,82.371,46396.07
HLA-B*51:03,QESGSHPQASE,61.429,90.297,47152.66
HLA-B*51:03,ESGSHPQASEE,68.636,93.06,47461.84
HLA-B*51:03,SGSHPQASEEI,23.575,29.318,39246.2
HLA-B*51:03,GSHPQASEEIE,67.273,78.472,46041.52
HLA-B*51:03,SHPQASEEIET,59.75,72.109,45456.94
HLA-B*51:03,HPQASEEIETL,2.251,10.046,31412.49
HLA-B*51:03,PQASEEIETLT,66.818,88.326,46957.69
HLA-B*51:03,QASEEIETLTY,17.596,43.946,42085.66
HLA-B*51:03,ASEEIETLTYI,10.173,12.51,33067.32
HLA-B*51:03,SEEIETLTYIF,25.866,30.179,39451.41
HLA-B*51:03,EEIETLTYIFP,18.591,28.3,38995.62
HLA-B*51:03,EIETLTYIFPL,33.0,15.387,34576.97
HLA-B*51:03,IETLTYIFPLQ,70.0,39.386,41337.4
HLA-B*51:03,ETLTYIFPLQL,9.335,8.943,30547.74
HLA-B*51:03,TLTYIFPLQLS,56.25,40.697,41562.11
HLA-B*51:03,LTYIFPLQLSA,16.071,9.377,30915.47
HLA-B*51:03,TYIFPLQLSAV,27.5,11.531,32452.35
HLA-B*51:03,YIFPLQLSAVN,32.226,12.56,33096.65
HLA-B*51:03,IFPLQLSAVNT,55.25,25.199,38157.55
HLA-B*51:03,FPLQLSAVNTL,0.769,0.677,11909.05
HLA-B*51:03,PLQLSAVNTLI,47.625,23.544,37662.47
HLA-B*51:03,LQLSAVNTLIE,53.148,31.798,39826.25
HLA-B*51:03,QLSAVNTLIEH,61.429,74.562,45688.71
HLA-B*51:03,LSAVNTLIEHL,23.885,20.511,36667.69
HLA-B*51:03,SAVNTLIEHLE,35.042,50.226,43008.62
HLA-B*51:03,AVNTLIEHLEA,55.25,53.563,43436.55
HLA-B*51:03,VNTLIEHLEAE,88.333,77.049,45913.7
HLA-B*51:03,NTLIEHLEAER,69.091,75.022,45732.22
HLA-B*51:03,TLIEHLEAERT,65.455,73.627,45600.31
HLA-B*51:03,LIEHLEAERTK,71.429,81.38,46305.32
HLA-B*51:03,IEHLEAERTKK,74.286,89.126,47034.97
HLA-B*51:03,EHLEAERTKKV,12.919,22.697,37394.86
HLA-B*51:03,HLEAERTKKVE,60.714,83.943,46540.37
HLA-B*51:03,LEAERTKKVEF,25.06,43.152,41964.27
HLA-B*51:03,EAERTKKVEFA,30.892,37.431,40978.49
HLA-B*51:03,AERTKKVEFAQ,72.143,89.453,47066.53
HLA-B*51:03,ERTKKVEFAQR,81.25,95.183,47763.18
HLA-B*51:03,RTKKVEFAQRY,41.417,61.604,44391.05
HLA-B*51:03,TKKVEFAQRYS,90.0,90.384,47162.36
HLA-B*51:03,KKVEFAQRYSN,93.333,90.604,47186.86
HLA-B*51:03,KVEFAQRYSNI,38.222,25.195,38156.29
HLA-B*51:03,VEFAQRYSNIG,47.25,33.884,40273.02
HLA-B*51:03,EFAQRYSNIGW,29.182,27.44,38767.61
HLA-B*51:03,FAQRYSNIGWS,70.714,32.762,40038.4
HLA-B*51:03,AQRYSNIGWSV,29.659,24.313,37899.16
HLA-B*51:03,QRYSNIGWSVS,64.286,52.673,43322.02
HLA-B*51:03,RYSNIGWSVSQ,74.286,76.224,45839.73
HLA-B*51:03,YSNIGWSVSQA,37.053,31.412,39738.02
HLA-B*51:03,SNIGWSVSQAW,27.037,20.815,36776.93
HLA-B*51:03,NIGWSVSQAWR,58.5,43.812,42065.18
HLA-B*51:03,IGWSVSQAWRR,56.75,45.427,42317.16
HLA-B*51:03,GWSVSQAWRRG,100.0,89.732,47093.52
HLA-B*51:03,WSVSQAWRRGE,90.0,75.609,45784.69
HLA-B*51:03,SVSQAWRRGES,90.0,90.037,47123.6
HLA-B*51:03,VSQAWRRGESE,81.25,77.901,45990.24
HLA-B*51:03,SQAWRRGESEN,95.0,92.516,47400.75
HLA-B*51:03,QAWRRGESENT,53.148,58.948,44090.45
HLA-B*51:03,AWRRGESENTI,39.235,58.12,43991.8
HLA-B*51:03,WRRGESENTIS,81.25,84.644,46604.88
HLA-B*51:03,RRGESENTISH,61.429,93.321,47491.11
HLA-B*51:03,RGESENTISHR,80.0,96.057,48161.2
HLA-B*51:03,GESENTISHRK,59.5,88.8,47003.44
HLA-B*51:03,ESENTISHRKG,68.636,83.264,46477.98
HLA-B*51:03,SENTISHRKGA,34.923,54.325,43534.88
HLA-B*51:03,ENTISHRKGAL,43.727,56.168,43760.15
HLA-B*51:03,NTISHRKGALR,59.0,69.065,45165.74
HLA-B*51:03,TISHRKGALRG,83.75,81.44,46310.82
HLA-B*51:03,ISHRKGALRGM,51.111,45.591,42341.9
HLA-B*51:03,SHRKGALRGML,38.778,50.806,43082.69
HLA-B*51:03,HRKGALRGMLG,86.667,70.6,45315.04
HLA-B*51:03,RKGALRGMLGN,97.5,89.663,47086.9
HLA-B*51:03,KGALRGMLGNT,95.0,88.974,47020.2
HLA-B*51:03,GALRGMLGNTT,62.857,72.651,45508.12
HLA-B*51:03,ALRGMLGNTTP,63.929,65.325,44795.86
HLA-B*51:03,LRGMLGNTTPI,48.25,14.181,33995.3
HLA-B*51:03,RGMLGNTTPIF,32.129,20.983,36837.49
HLA-B*51:03,GMLGNTTPIFT,88.333,71.487,45398.46
HLA-B*51:03,MLGNTTPIFTL,19.547,15.241,34508.94
HLA-B*51:03,LGNTTPIFTLD,48.875,44.04,42100.24
HLA-B*51:03,GNTTPIFTLDY,63.929,54.912,43610.77
HLA-B*51:03,NTTPIFTLDYE,43.727,36.477,40795.34
HLA-B*51:03,TTPIFTLDYEV,13.857,3.723,23759.94
HLA-B*51:03,TPIFTLDYEVL,4.774,2.28,20127.57
HLA-B*51:03,PIFTLDYEVLR,80.0,71.608,45409.76
HLA-B*51:03,IFTLDYEVLRD,93.333,85.774,46711.91
HLA-B*51:03,FTLDYEVLRDK,54.074,54.836,43600.88
HLA-B*51:03,TLDYEVLRDKE,88.333,93.193,47476.71
HLA-B*51:03,LDYEVLRDKEQ,67.273,90.124,47133.29
HLA-B*51:03,DYEVLRDKEQG,85.0,90.055,47125.64
HLA-B*51:03,YEVLRDKEQGQ,73.571,93.138,47470.56
HLA-B*51:03,EVLRDKEQGQV,20.528,31.955,39862.04
HLA-B*51:03,VLRDKEQGQVI,17.005,30.192,39454.39
HLA-B*51:03,LRDKEQGQVIL,45.0,62.86,44528.62
HLA-B*51:03,RDKEQGQVILP,55.75,77.359,45941.51
HLA-B*51:03,DKEQGQVILPN,78.333,73.951,45630.91
HLA-B*51:03,KEQGQVILPNA,62.5,59.3,44132.44
HLA-B*51:03,EQGQVILPNAV,19.608,21.656,37060.96
HLA-B*51:03,QGQVILPNAVA,31.294,36.298,40760.49
HLA-B*51:03,GQVILPNAVAS,68.636,86.411,46773.11
HLA-B*51:03,QVILPNAVASN,76.667,78.267,46023.12
HLA-B*51:03,VILPNAVASNL,5.467,7.233,28934.03
HLA-B*51:03,ILPNAVASNLK,23.356,25.162,38147.21
HLA-B*51:03,LPNAVASNLKD,22.83,21.76,37095.46
HLA-B*51:03,PNAVASNLKDT,97.5,95.117,47733.22
HLA-B*51:03,NAVASNLKDTI,8.427,4.234,24754.25
HLA-B*51:03,AVASNLKDTIS,57.5,72.333,45478.11
HLA-B*51:03,VASNLKDTISY,21.912,34.702,40441.99
HLA-B*51:03,ASNLKDTISYD,85.0,84.392,46581.69
HLA-B*51:03,SNLKDTISYDH,78.333,94.945,47673.88
HLA-B*51:03,NLKDTISYDHF,26.2,37.96,41078.82
HLA-B*51:03,LKDTISYDHFG,91.667,58.308,44014.2
HLA-B*51:03,KDTISYDHFGE,93.333,86.937,46823.72
HLA-B*51:03,DTISYDHFGED,77.5,55.044,43627.29
HLA-B*51:03,TISYDHFGEDG,97.5,83.461,46496.09
HLA-B*51:03,ISYDHFGEDGK,44.545,57.068,43866.81
HLA-B*51:03,SYDHFGEDGKS,75.0,84.633,46603.86
HLA-B*51:03,YDHFGEDGKSW,17.119,27.342,38740.77
HLA-B*51:03,DHFGEDGKSWS,35.333,50.259,43012.81
HLA-B*51:03,HFGEDGKSWSL,19.182,37.564,41003.76
HLA-B*51:03,FGEDGKSWSLY,31.441,37.567,41004.21
HLA-B*51:03,GEDGKSWSLYK,57.75,77.486,45952.95
HLA-B*51:03,EDGKSWSLYKA,54.63,53.169,43385.82
HLA-B*51:03,DGKSWSLYKAV,7.724,3.328,22908.7
HLA-B*51:03,GKSWSLYKAVN,95.0,78.649,46057.47
HLA-B*51:03,KSWSLYKAVNL,35.042,30.411,39505.67
HLA-B*51:03,SWSLYKAVNLE,75.833,69.779,45236.64
HLA-B*51:03,WSLYKAVNLEI,27.185,5.427,26664.39
HLA-B*51:03,SLYKAVNLEIL,31.118,29.716,39341.43
HLA-B*51:03,LYKAVNLEILL,32.871,21.712,37079.41
HLA-B*51:03,YKAVNLEILLT,57.75,47.489,42623.21
HLA-B*51:03,KAVNLEILLTR,49.714,67.815,45041.77
HLA-B*51:03,AVNLEILLTRM,52.593,54.271,43527.8
HLA-B*51:03,VNLEILLTRMV,20.024,14.974,34383.34
HLA-B*51:03,NLEILLTRMVR,58.25,51.86,43217.62
HLA-B*51:03,LEILLTRMVRP,63.214,48.045,42705.84
HLA-B*51:03,EILLTRMVRPF,35.208,22.474,37324.54
HLA-B*51:03,ILLTRMVRPFM,42.538,28.081,38941.23
HLA-B*51:03,LLTRMVRPFME,86.667,55.724,43707.6
HLA-B*51:03,LTRMVRPFMEN,90.0,60.035,44219.9
HLA-B*51:03,TRMVRPFMENN,91.667,80.789,46251.24
HLA-B*51:03,RMVRPFMENNG,93.333,71.362,45386.66
HLA-B*51:03,MVRPFMENNGE,38.944,36.341,40768.88
HLA-B*51:03,VRPFMENNGEI,21.079,10.898,32027.49
HLA-B*51:03,RPFMENNGEIQ,18.994,15.859,34799.16
HLA-B*51:03,PFMENNGEIQR,86.667,91.926,47334.64
HLA-B*51:03,FMENNGEIQRA,49.429,55.668,43701.01
HLA-B*51:03,MENNGEIQRAQ,59.25,75.764,45798.57
HLA-B*51:03,ENNGEIQRAQS,80.0,95.515,47913.83
HLA-B*51:03,NNGEIQRAQSV,9.934,19.145,36165.7
HLA-B*51:03,NGEIQRAQSVQ,28.612,52.91,43352.48
HLA-B*51:03,GEIQRAQSVQS,64.643,85.821,46716.46
HLA-B*51:03,EIQRAQSVQSE,62.857,90.325,47155.73
HLA-B*51:03,IQRAQSVQSER,57.0,79.922,46172.24
HLA-B*51:03,QRAQSVQSERN,85.0,94.785,47655.83
HLA-B*51:03,RAQSVQSERNY,40.875,62.623,44502.61
HLA-B*51:03,AQSVQSERNYG,86.667,93.211,47478.77
HLA-B*51:03,QSVQSERNYGT,75.0,88.474,46971.89
HLA-B*51:03,SVQSERNYGTA,52.407,53.643,43446.89
HLA-B*51:03,VQSERNYGTAY,38.111,53.344,43408.35
HLA-B*51:03,QSERNYGTAYG,72.857,68.755,45134.96
HLA-B*51:03,SERNYGTAYGA,40.938,38.877,41247.61
HLA-B*51:03,ERNYGTAYGAG,85.0,77.746,45976.3
HLA-B*51:03,RNYGTAYGAGE,93.333,90.156,47136.85
HLA-B*51:03,NYGTAYGAGEF,43.273,41.782,41739.66
HLA-B*51:03,YGTAYGAGEFW,12.303,6.805,28442.37
HLA-B*51:03,GTAYGAGEFWI,36.0,16.049,34887.36
HLA-B*51:03,TAYGAGEFWIK,29.25,16.73,35191.42
HLA-B*51:03,AYGAGEFWIKP,66.818,67.643,45024.72
HLA-B*51:03,YGAGEFWIKPS,85.0,55.72,43707.15
HLA-B*51:03,GAGEFWIKPSV,20.675,15.927,34830.79
HLA-B*51:03,AGEFWIKPSVS,68.636,55.728,43708.08
HLA-B*51:03,GEFWIKPSVSA,32.419,40.644,41553.1
HLA-B*51:03,EFWIKPSVSAQ,47.375,64.798,44741.61
HLA-B*51:03,FWIKPSVSAQR,70.0,76.406,45856.08
HLA-B*51:03,WIKPSVSAQRF,12.491,9.908,31313.05
HLA-B*51:03,IKPSVSAQRFF,31.118,26.281,38456.37
HLA-B*51:03,KPSVSAQRFFQ,41.917,48.084,42711.38
HLA-B*51:03,PSVSAQRFFQS,95.0,84.496,46591.27
HLA-B*51:03,SVSAQRFFQSK,64.643,59.06,44103.82
HLA-B*51:03,VSAQRFFQSKE,80.0,69.459,45204.85
HLA-B*51:03,SAQRFFQSKEL,12.968,12.04,32789.07
HLA-B*51:03,AQRFFQSKELP,49.571,56.372,43784.29
HLA-B*51:03,QRFFQSKELPA,58.0,42.779,41904.37
HLA-B*51:03,RFFQSKELPAS,79.167,75.149,45743.61
HLA-B*51:03,FFQSKELPASE,58.0,72.218,45467.29
HLA-B*51:03,FQSKELPASES,62.143,74.358,45669.41
HLA-B*51:03,QSKELPASESY,22.17,53.64,43446.41
HLA-B*51:03,SKELPASESYF,35.708,53.68,43451.57
HLA-B*51:03,KELPASESYFV,10.555,7.129,28818.73
HLA-B*51:03,ELPASESYFVK,27.259,18.072,35757.54
HLA-B*51:03,LPASESYFVKK,23.655,14.637,34217.83
HLA-B*51:03,PASESYFVKKR,79.167,93.737,47537.9
HLA-B*51:03,ASESYFVKKRL,36.81,45.891,42387.28
HLA-B*51:03,SESYFVKKRLF,29.636,26.1,38408.56
HLA-B*51:03,ESYFVKKRLFD,49.429,35.196,40542.76
HLA-B*51:03,SYFVKKRLFDS,72.857,78.798,46070.93
HLA-B*51:03,YFVKKRLFDSD,100.0,89.005,47023.27
HLA-B*51:03,FVKKRLFDSDC,79.167,77.973,45996.71
HLA-B*51:03,VKKRLFDSDCS,97.5,92.855,47438.73
HLA-B*51:03,KKRLFDSDCSK,73.571,90.796,47208.31
HLA-B*51:03,KRLFDSDCSKA,67.727,74.243,45658.55
HLA-B*51:03,RLFDSDCSKAA,50.741,55.792,43715.66
HLA-B*51:03,LFDSDCSKAAE,91.667,86.984,46828.28
HLA-B*51:03,FDSDCSKAAEH,71.429,91.656,47304.43
HLA-B*51:03,DSDCSKAAEHK,48.25,80.066,46185.22
HLA-B*51:03,SDCSKAAEHKL,35.042,60.373,44256.76
HLA-B*51:03,DCSKAAEHKLV,21.333,23.528,37657.57
HLA-B*51:03,CSKAAEHKLVL,18.579,20.035,36497.87
HLA-B*51:03,SKAAEHKLVLT,44.636,67.436,45004.26
HLA-B*51:03,KAAEHKLVLTD,58.25,67.466,45007.19
HLA-B*51:03,AAEHKLVLTDG,93.333,85.716,46706.34
HLA-B*51:03,AEHKLVLTDGL,17.907,40.801,41579.64
HLA-B*51:03,EHKLVLTDGLP,54.815,47.09,42563.74
HLA-B*51:03,HKLVLTDGLPK,80.0,78.56,46049.51
HLA-B*51:03,KLVLTDGLPKG,93.333,88.732,46996.8
HLA-B*51:03,LVLTDGLPKGH,78.333,87.9,46916.55
HLA-B*51:03,VLTDGLPKGHF,35.875,53.023,43367.02
HLA-B*51:03,LTDGLPKGHFP,37.053,44.351,42149.47
HLA-B*51:03,TDGLPKGHFPQ,81.25,88.342,46959.2
HLA-B*51:03,DGLPKGHFPQV,0.674,1.38,16468.31
HLA-B*51:03,GLPKGHFPQVA,28.837,25.99,38379.05
HLA-B*51:03,LPKGHFPQVAK,10.95,15.987,34859.45
HLA-B*51:03,PKGHFPQVAKL,34.038,52.144,43254.1
HLA-B*51:03,KGHFPQVAKLS,43.0,64.152,44670.51
HLA-B*51:03,GHFPQVAKLSK,47.0,57.06,43865.85
HLA-B*51:03,HFPQVAKLSKK,50.0,57.952,43971.81
HLA-B*51:03,FPQVAKLSKKL,2.456,2.928,21945.49
HLA-B*51:03,PQVAKLSKKLY,71.429,84.502,46591.78
HLA-B*51:03,QVAKLSKKLYG,78.333,74.28,45662.02
HLA-B*51:03,VAKLSKKLYGR,71.429,80.581,46232.21
HLA-B*51:03,AKLSKKLYGRL,58.5,67.667,45027.16
HLA-B*51:03,KLSKKLYGRLA,81.25,69.262,45185.29
HLA-B*51:03,LSKKLYGRLAF,40.875,30.412,39506.08
HLA-B*51:03,SKKLYGRLAFK,77.5,65.778,44840.48
HLA-B*51:03,KKLYGRLAFKV,54.259,47.31,42596.47
HLA-B*51:03,KLYGRLAFKVL,34.538,34.457,40391.27
HLA-B*51:03,LYGRLAFKVLG,86.667,59.264,44128.14
HLA-B*51:03,YGRLAFKVLGF,33.643,23.11,37525.39
HLA-B*51:03,GRLAFKVLGFR,68.636,72.385,45483.04
HLA-B*51:03,RLAFKVLGFRF,47.875,28.269,38988.02
HLA-B*51:03,LAFKVLGFRFE,57.0,32.804,40047.49
HLA-B*51:03,AFKVLGFRFED,97.5,90.256,47148.07
HLA-B*51:03,FKVLGFRFEDS,95.0,84.332,46576.16
HLA-B*51:03,KVLGFRFEDSV,39.294,23.972,37798.0
HLA-B*51:03,VLGFRFEDSVK,68.636,52.896,43350.61
HLA-B*51:03,LGFRFEDSVKP,44.273,40.742,41569.75
HLA-B*51:03,GFRFEDSVKPV,56.75,44.879,42233.46
HLA-B*51:03,FRFEDSVKPVM,14.589,22.297,37268.85
HLA-B*51:03,RFEDSVKPVMA,48.375,59.764,44187.86
HLA-B*51:03,FEDSVKPVMAP,27.241,31.838,39835.32
HLA-B*51:03,EDSVKPVMAPV,14.137,9.33,30875.03
HLA-B*51:03,DSVKPVMAPVE,17.705,19.667,36360.32
HLA-B*51:03,SVKPVMAPVEE,45.7,55.244,43650.9
HLA-B*51:03,VKPVMAPVEEL,19.378,24.042,37819.27
HLA-B*51:03,KPVMAPVEELK,21.404,34.307,40360.25
HLA-B*51:03,PVMAPVEELKS,83.75,87.437,46871.88
HLA-B*51:03,VMAPVEELKSK,39.647,57.84,43958.51
HLA-B*51:03,MAPVEELKSKQ,50.926,66.24,44886.11
HLA-B*51:03,APVEELKSKQP,20.341,49.872,42962.13
HLA-B*51:03,PVEELKSKQPL,45.7,70.089,45267.02
HLA-B*51:03,VEELKSKQPLD,72.857,81.802,46343.92
HLA-B*51:03,EELKSKQPLDL,26.583,45.567,42338.24
HLA-B*51:03,ELKSKQPLDLD,72.143,78.029,46001.69
HLA-B*51:03,LKSKQPLDLDI,58.75,46.103,42418.95
HLA-B*51:03,KSKQPLDLDIH,71.429,80.279,46204.7
HLA-B*51:03,SKQPLDLDIHT,22.47,47.529,42629.2
HLA-B*51:03,KQPLDLDIHTP,22.33,50.587,43054.72
HLA-B*51:03,QPLDLDIHTPG,24.701,31.113,39669.7
HLA-B*51:03,PLDLDIHTPGS,97.5,94.282,47599.13
HLA-B*51:03,LDLDIHTPGST,66.818,69.783,45237.13
HLA-B*51:03,DLDIHTPGSTE,48.125,76.473,45862.05
HLA-B*51:03,LDIHTPGSTEV,18.335,23.311,37588.78
HLA-B*51:03,DIHTPGSTEVF,11.186,20.921,36815.16
HLA-B*51:03,IHTPGSTEVFK,39.353,47.975,42695.68
HLA-B*51:03,HTPGSTEVFKM,24.987,29.682,39333.36
HLA-B*51:03,TPGSTEVFKME,28.694,36.273,40755.63
HLA-B*51:03,PGSTEVFKMEG,97.5,95.169,47756.47
HLA-B*51:03,GSTEVFKMEGS,95.0,92.754,47427.45
HLA-B*51:03,STEVFKMEGSS,85.0,76.157,45833.76
HLA-B*51:03,TEVFKMEGSSV,20.87,16.734,35193.33
HLA-B*51:03,EVFKMEGSSVC,23.989,25.858,38342.11
HLA-B*51:03,VFKMEGSSVCT,82.5,74.958,45726.29
HLA-B*51:03,FKMEGSSVCTE,66.818,71.717,45420.07
HLA-B*51:03,KMEGSSVCTEL,44.818,39.416,41342.79
HLA-B*51:03,MEGSSVCTELK,52.407,41.601,41710.33
HLA-B*51:03,EGSSVCTELKW,28.796,20.975,36834.28
HLA-B*51:03,GSSVCTELKWC,82.5,75.725,45795.11
HLA-B*51:03,SSVCTELKWCV,31.971,14.639,34218.93
HLA-B*51:03,SVCTELKWCVV,53.148,28.431,39028.12
HLA-B*51:03,VCTELKWCVVY,55.5,41.453,41686.39
HLA-B*51:03,CTELKWCVVYV,63.571,23.16,37541.22
HLA-B*51:03,TELKWCVVYVG,69.545,37.925,41072.15
HLA-B*51:03,ELKWCVVYVGI,58.5,33.96,40288.71
HLA-B*51:03,LKWCVVYVGIK,93.333,59.7,44180.22
HLA-B*51:03,KWCVVYVGIKT,93.333,94.277,47598.61
HLA-B*51:03,WCVVYVGIKTT,73.571,66.225,44884.64
HLA-B*51:03,CVVYVGIKTTS,90.0,80.296,46206.22
HLA-B*51:03,VVYVGIKTTSM,18.476,22.393,37299.1
HLA-B*51:03,VYVGIKTTSMV,29.045,19.269,36211.9
HLA-B*51:03,YVGIKTTSMVF,29.159,20.6,36699.84
HLA-B*51:03,VGIKTTSMVFR,55.75,51.003,43107.87
HLA-B*51:03,GIKTTSMVFRA,80.0,66.836,44944.91
HLA-B*51:03,IKTTSMVFRAI,34.269,11.95,32731.64
HLA-B*51:03,KTTSMVFRAIN,91.667,55.564,43688.69
HLA-B*51:03,TTSMVFRAINA,46.667,30.905,39621.66
HLA-B*51:03,TSMVFRAINAM,22.88,14.405,34104.35
HLA-B*51:03,SMVFRAINAMG,74.286,45.645,42350.14
HLA-B*51:03,MVFRAINAMGI,20.878,3.407,23097.86
HLA-B*51:03,VFRAINAMGIL,33.714,23.723,37719.16
HLA-B*51:03,FRAINAMGILV,38.944,17.729,35616.62
HLA-B*51:03,RAINAMGILVS,43.364,40.154,41470.46
HLA-B*51:03,AINAMGILVSA,25.791,29.325,39247.89
HLA-B*51:03,INAMGILVSAI,20.301,6.42,27974.79
HLA-B*51:03,NAMGILVSAIG,22.08,9.662,31136.03
HLA-B*51:03,AMGILVSAIGA,86.667,49.586,42922.64
HLA-B*51:03,MGILVSAIGAR,66.364,45.397,42312.58
HLA-B*51:03,GILVSAIGARL,60.714,60.211,44239.07
HLA-B*51:03,ILVSAIGARLG,78.333,57.7,43941.85
HLA-B*51:03,LVSAIGARLGA,44.091,35.766,40656.11
HLA-B*51:03,VSAIGARLGAV,34.5,20.676,36726.83
HLA-B*51:03,SAIGARLGAVM,17.446,17.707,35607.37
HLA-B*51:03,AIGARLGAVMN,91.667,81.303,46298.3
HLA-B*51:03,IGARLGAVMNN,86.667,74.306,45664.5
HLA-B*51:03,GARLGAVMNNT,85.0,83.598,46508.66
HLA-B*51:03,ARLGAVMNNTL,41.0,46.107,42419.38
HLA-B*51:03,RLGAVMNNTLY,55.0,46.273,42443.74
HLA-B*51:03,LGAVMNNTLYK,62.857,45.276,42294.27
HLA-B*51:03,GAVMNNTLYKR,79.167,89.721,47092.52
HLA-B*51:03,AVMNNTLYKRD,95.0,87.258,46854.66
HLA-B*51:03,VMNNTLYKRDV,51.481,32.71,40027.14
HLA-B*51:03,MNNTLYKRDVF,50.741,28.283,38991.39
HLA-B*51:03,NNTLYKRDVFT,76.667,62.465,44485.28
HLA-B*51:03,NTLYKRDVFTY,35.958,30.989,39641.39
HLA-B*51:03,TLYKRDVFTYL,17.995,19.481,36290.74
HLA-B*51:03,LYKRDVFTYLE,68.182,64.824,44744.52
HLA-B*51:03,YKRDVFTYLEV,29.932,16.089,34905.11
HLA-B*51:03,KRDVFTYLEVL,39.059,29.332,39249.61
HLA-B*51:03,RDVFTYLEVLN,75.833,52.279,43271.42
HLA-B*51:03,DVFTYLEVLND,48.25,39.162,41298.53
HLA-B*51:03,VFTYLEVLNDG,95.0,77.619,45964.89
HLA-B*51:03,FTYLEVLNDGL,33.321,17.817,35653.23
HLA-B*51:03,TYLEVLNDGLL,31.029,24.673,38005.09
HLA-B*51:03,YLEVLNDGLLA,47.75,32.161,39907.34
HLA-B*51:03,LEVLNDGLLAE,70.0,61.375,44366.1
HLA-B*51:03,EVLNDGLLAEI,11.776,8.775,30400.67
HLA-B*51:03,VLNDGLLAEIT,69.545,64.051,44659.39
HLA-B*51:03,LNDGLLAEITL,20.862,31.876,39843.92
HLA-B*51:03,NDGLLAEITLQ,60.0,72.458,45489.9
HLA-B*51:03,DGLLAEITLQG,41.083,42.39,41839.59
HLA-B*51:03,GLLAEITLQGL,49.571,54.905,43609.84
HLA-B*51:03,LLAEITLQGLA,45.3,33.64,40222.48
HLA-B*51:03,LAEITLQGLAN,82.5,60.518,44272.57
HLA-B*51:03,AEITLQGLANG,83.75,76.168,45834.76
HLA-B*51:03,EITLQGLANGP,73.571,71.561,45405.34
HLA-B*51:03,ITLQGLANGPV,42.923,18.588,35953.84
HLA-B*51:03,TLQGLANGPVV,27.685,19.33,36234.63
HLA-B*51:03,LQGLANGPVVK,66.364,49.684,42936.1
HLA-B*51:03,QGLANGPVVKL,8.975,33.202,40132.08
HLA-B*51:03,GLANGPVVKLQ,50.185,85.084,46645.75
HLA-B*51:03,LANGPVVKLQY,16.711,29.586,39310.38
HLA-B*51:03,ANGPVVKLQYR,51.481,80.099,46188.23
HLA-B*51:03,NGPVVKLQYRV,23.253,18.812,36039.52
HLA-B*51:03,GPVVKLQYRVD,43.0,45.982,42401.03
HLA-B*51:03,PVVKLQYRVDL,68.636,70.605,45315.54
HLA-B*51:03,VVKLQYRVDLT,77.5,73.361,45575.14
HLA-B*51:03,VKLQYRVDLTS,78.333,67.308,44991.61
HLA-B*51:03,KLQYRVDLTSN,97.5,84.491,46590.76
HLA-B*51:03,LQYRVDLTSNY,35.792,35.051,40513.83
HLA-B*51:03,QYRVDLTSNYI,26.567,22.251,37254.34
HLA-B*51:03,YRVDLTSNYIP,57.0,41.992,41773.54
HLA-B*51:03,RVDLTSNYIPE,86.667,79.491,46133.27
HLA-B*51:03,VDLTSNYIPEK,75.833,79.424,46127.3
HLA-B*51:03,DLTSNYIPEKI,10.572,8.316,29995.19
HLA-B*51:03,LTSNYIPEKIR,60.357,45.427,42317.16
HLA-B*51:03,TSNYIPEKIRG,65.455,66.777,44939.06
HLA-B*51:03,SNYIPEKIRGR,63.571,87.521,46880.01
HLA-B*51:03,NYIPEKIRGRA,36.476,38.4,41159.79
HLA-B*51:03,YIPEKIRGRAD,61.071,63.91,44643.93
HLA-B*51:03,IPEKIRGRADV,13.146,10.673,31863.99
HLA-B*51:03,PEKIRGRADVD,97.5,96.425,48329.84
HLA-B*51:03,EKIRGRADVDI,57.25,61.542,44384.32
HLA-B*51:03,KIRGRADVDIM,70.714,73.142,45554.43
HLA-B*51:03,IRGRADVDIMT,78.333,86.732,46803.98
HLA-B*51:03,RGRADVDIMTL,16.684,38.581,41193.19
HLA-B*51:03,GRADVDIMTLV,30.622,31.878,39844.36
HLA-B*51:03,RADVDIMTLVV,21.561,15.792,34767.17
HLA-B*51:03,ADVDIMTLVVP,57.25,54.993,43621.15
HLA-B*51:03,DVDIMTLVVPF,23.126,13.214,33476.27
HLA-B*51:03,VDIMTLVVPFV,31.618,10.983,32089.23
HLA-B*51:03,DIMTLVVPFVP,35.125,13.862,33831.27
HLA-B*51:03,IMTLVVPFVPA,75.833,29.856,39375.08
HLA-B*51:03,MTLVVPFVPAV,11.073,2.451,20675.87
HLA-B*51:03,TLVVPFVPAVA,47.0,34.774,40456.88
HLA-B*51:03,LVVPFVPAVAR,20.317,30.153,39445.43
HLA-B*51:03,VVPFVPAVARV,3.782,2.288,20151.53
HLA-B*51:03,VPFVPAVARVD,3.9,3.235,22688.42
HLA-B*51:03,PFVPAVARVDK,80.0,79.867,46167.23
HLA-B*51:03,FVPAVARVDKV,13.39,8.181,29874.07
HLA-B*51:03,VPAVARVDKVA,16.92,15.294,34533.58
HLA-B*51:03,PAVARVDKVAL,38.167,56.256,43770.56
HLA-B*51:03,AVARVDKVALL,28.367,38.513,41180.73
HLA-B*51:03,VARVDKVALLA,26.483,17.726,35615.06
HLA-B*51:03,ARVDKVALLAP,60.357,71.942,45441.23
HLA-B*51:03,RVDKVALLAPL,38.667,30.965,39635.82
HLA-B*51:03,VDKVALLAPLV,29.227,13.774,33782.63
HLA-B*51:03,DKVALLAPLVV,1.821,1.176,15393.64
HLA-B*51:03,KVALLAPLVVD,68.636,52.433,43291.1
HLA-B*51:03,VALLAPLVVDL,12.394,13.116,33422.7
HLA-B*51:03,ALLAPLVVDLS,80.0,76.218,45839.23
HLA-B*51:03,LLAPLVVDLSS,42.077,26.019,38386.94
HLA-B*51:03,LAPLVVDLSSL,10.432,12.134,32844.45
HLA-B*51:03,APLVVDLSSLH,23.322,35.461,40595.43
HLA-B*51:03,PLVVDLSSLHD,97.5,95.561,47935.06
HLA-B*51:03,LVVDLSSLHDV,28.306,17.48,35512.33
HLA-B*51:03,VVDLSSLHDVD,82.5,68.888,45148.15
HLA-B*51:03,VDLSSLHDVDK,91.667,90.421,47166.44
HLA-B*51:03,DLSSLHDVDKR,61.071,86.142,46747.3
HLA-B*51:03,LSSLHDVDKRR,74.286,92.79,47431.54
HLA-B*51:03,SSLHDVDKRRS,85.0,92.022,47345.39
HLA-B*51:03,SLHDVDKRRSS,68.182,86.616,46792.84
HLA-B*51:03,LHDVDKRRSST,76.667,80.613,46235.23
HLA-B*51:03,HDVDKRRSSTP,51.852,78.953,46084.89
HLA-B*51:03,DVDKRRSSTPK,57.75,70.412,45297.39
HLA-B*51:03,VDKRRSSTPKT,81.25,90.467,47171.55
HLA-B*51:03,DKRRSSTPKTA,35.167,66.56,44917.68
HLA-B*51:03,KRRSSTPKTAE,88.333,96.419,48327.22
HLA-B*51:03,RRSSTPKTAEW,37.684,56.148,43757.78
HLA-B*51:03,RSSTPKTAEWK,57.5,77.735,45975.32
HLA-B*51:03,SSTPKTAEWKA,21.246,30.945,39631.09
HLA-B*51:03,STPKTAEWKAV,19.818,17.524,35530.77
HLA-B*51:03,TPKTAEWKAVV,2.039,2.17,19782.55
HLA-B*51:03,PKTAEWKAVVE,95.0,91.121,47244.59
HLA-B*51:03,KTAEWKAVVEV,22.52,18.591,35955.02
HLA-B*51:03,TAEWKAVVEVS,30.514,32.71,40027.14
HLA-B*51:03,AEWKAVVEVSN,56.5,67.515,45012.07
HLA-B*51:03,EWKAVVEVSNG,86.667,76.462,45861.05
HLA-B*51:03,WKAVVEVSNGK,74.286,77.608,45963.88
HLA-B*51:03,KAVVEVSNGKD,95.0,95.246,47791.62
HLA-B*51:03,AVVEVSNGKDC,80.0,91.185,47251.75
HLA-B*51:03,VVEVSNGKDCI,56.0,40.638,41552.22
HLA-B*51:03,VEVSNGKDCIL,37.0,42.248,41816.04
HLA-B*51:03,EVSNGKDCILK,63.571,78.206,46017.62
HLA-B*51:03,VSNGKDCILKS,85.0,81.561,46321.84
HLA-B*51:03,SNGKDCILKST,88.333,85.268,46663.41
HLA-B*51:03,NGKDCILKSTK,58.75,81.61,46326.35
HLA-B*51:03,GKDCILKSTKD,95.0,96.996,48593.05
HLA-B*51:03,KDCILKSTKDR,95.0,96.759,48483.81
HLA-B*51:03,DCILKSTKDRI,15.067,16.991,35308.5
HLA-B*51:03,CILKSTKDRIG,97.5,74.603,45692.66
HLA-B*51:03,ILKSTKDRIGN,93.333,95.422,47871.86
HLA-B*51:03,LKSTKDRIGNL,46.778,59.492,44155.38
HLA-B*51:03,KSTKDRIGNLR,71.429,86.284,46760.95
HLA-B*51:03,STKDRIGNLRN,73.571,89.295,47051.27
HLA-B*51:03,TKDRIGNLRNR,85.0,95.789,48038.92
HLA-B*51:03,KDRIGNLRNRF,58.75,67.151,44976.03
HLA-B*51:03,DRIGNLRNRFE,68.636,78.699,46061.96
HLA-B*51:03,RIGNLRNRFEN,97.5,93.175,47474.66
HLA-B*51:03,IGNLRNRFEND,100.0,93.234,47481.34
HLA-B*51:03,GNLRNRFENDG,100.0,96.127,48193.55
HLA-B*51:03,NLRNRFENDGK,86.667,91.491,47286.01
HLA-B*51:03,LRNRFENDGKV,50.741,51.725,43200.32
HLA-B*51:03,RNRFENDGKVA,70.714,71.837,45431.38
HLA-B*51:03,NRFENDGKVAS,41.333,75.05,45734.7
HLA-B*51:03,RFENDGKVASS,83.75,91.336,47268.63
HLA-B*51:03,FENDGKVASSD,68.182,74.264,45660.52
HLA-B*51:03,ENDGKVASSDI,20.163,34.858,40474.39
HLA-B*51:03,NDGKVASSDIL,38.167,49.239,42874.84
HLA-B*51:03,DGKVASSDILT,34.5,48.607,42785.84
HLA-B*51:03,GKVASSDILTR,70.0,92.356,47382.81
HLA-B*51:03,KVASSDILTRA,35.875,57.896,43965.14
HLA-B*51:03,VASSDILTRAA,19.236,25.644,38282.02
HLA-B*51:03,ASSDILTRAAF,32.29,42.136,41797.52
HLA-B*51:03,SSDILTRAAFF,32.484,22.771,37418.34
HLA-B*51:03,SDILTRAAFFV,38.222,14.86,34327.59
HLA-B*51:03,DILTRAAFFVS,42.846,27.252,38716.04
HLA-B*51:03,ILTRAAFFVSG,90.0,60.962,44320.97
HLA-B*51:03,LTRAAFFVSGP,79.167,38.811,41235.56
HLA-B*51:03,TRAAFFVSGPQ,82.5,57.268,43890.53
HLA-B*51:03,RAAFFVSGPQF,15.75,16.867,35252.77
HLA-B*51:03,AAFFVSGPQFW,13.607,10.982,32088.52
HLA-B*51:03,AFFVSGPQFWV,35.708,29.616,39317.61
HLA-B*51:03,FFVSGPQFWVQ,51.481,42.365,41835.52
HLA-B*51:03,FVSGPQFWVQI,13.281,8.307,29987.74
HLA-B*51:03,VSGPQFWVQIT,34.692,19.607,36337.9
HLA-B*51:03,SGPQFWVQITY,31.382,28.958,39159.68
HLA-B*51:03,GPQFWVQITYS,41.167,36.88,40873.55
HLA-B*51:03,PQFWVQITYSP,68.636,64.104,44665.18
HLA-B*51:03,QFWVQITYSPY,56.75,42.447,41849.09
HLA-B*51:03,FWVQITYSPYL,31.647,16.692,35174.29
HLA-B*51:03,WVQITYSPYLD,76.667,37.578,41006.43
HLA-B*51:03,VQITYSPYLDL,28.837,17.393,35476.23
HLA-B*51:03,QITYSPYLDLH,67.727,56.812,43836.44
HLA-B*51:03,ITYSPYLDLHG,60.357,36.12,40726.09
HLA-B*51:03,TYSPYLDLHGF,6.109,7.042,28723.18
HLA-B*51:03,YSPYLDLHGFG,20.992,14.567,34183.77
HLA-B*51:03,SPYLDLHGFGL,4.605,3.599,23516.96
HLA-B*51:03,PYLDLHGFGLD,93.333,81.572,46322.86
HLA-B*51:03,YLDLHGFGLDD,85.0,79.341,46119.8
HLA-B*51:03,LDLHGFGLDDR,93.333,92.566,47406.41
HLA-B*51:03,DLHGFGLDDRQ,73.571,84.611,46601.85
HLA-B*51:03,LHGFGLDDRQT,91.667,85.684,46703.3
HLA-B*51:03,HGFGLDDRQTL,15.687,28.549,39057.68
HLA-B*51:03,GFGLDDRQTLR,49.571,87.847,46911.46
HLA-B*51:03,FGLDDRQTLRC,39.706,56.78,43832.65
HLA-B*51:03,GLDDRQTLRCT,75.0,91.715,47311.09
HLA-B*51:03,LDDRQTLRCTS,91.667,79.585,46141.79
HLA-B*51:03,DDRQTLRCTSS,60.0,68.681,45127.63
HLA-B*51:03,DRQTLRCTSSK,56.75,69.08,45167.2
HLA-B*51:03,RQTLRCTSSKS,91.667,86.4,46772.08
HLA-B*51:03,QTLRCTSSKSG,93.333,85.7,46704.84
HLA-B*51:03,TLRCTSSKSGH,86.667,92.964,47451.04
HLA-B*51:03,LRCTSSKSGHP,88.333,82.333,46392.57
HLA-B*51:03,RCTSSKSGHPQ,95.0,95.711,48003.06
HLA-B*51:03,CTSSKSGHPQV,32.548,23.29,37582.26
HLA-B*51:03,TSSKSGHPQVP,46.556,59.508,44157.29
HLA-B*51:03,SSKSGHPQVPE,62.5,86.763,46807.03
HLA-B*51:03,SKSGHPQVPEK,64.286,93.083,47464.41
HLA-B*51:03,KSGHPQVPEKS,61.071,95.011,47685.22
HLA-B*51:03,SGHPQVPEKSV,5.317,13.741,33764.35
HLA-B*51:03,GHPQVPEKSVN,48.75,74.4,45673.39
HLA-B*51:03,HPQVPEKSVND,31.647,49.101,42855.82
HLA-B*51:03,PQVPEKSVNDP,80.0,95.077,47715.15
HLA-B*51:03,QVPEKSVNDPE,72.143,88.289,46954.11
HLA-B*51:03,VPEKSVNDPEQ,59.25,82.64,46420.68
HLA-B*51:03,PEKSVNDPEQN,95.0,97.002,48595.69
HLA-B*51:03,EKSVNDPEQNP,37.316,86.311,46763.49
HLA-B*51:03,KSVNDPEQNPA,59.25,75.122,45741.13
HLA-B*51:03,SVNDPEQNPAE,67.727,91.052,47236.94
HLA-B*51:03,VNDPEQNPAEV,4.218,11.842,32659.82
HLA-B*51:03,NDPEQNPAEVS,29.75,55.776,43713.78
HLA-B*51:03,DPEQNPAEVSF,1.341,7.609,29334.03
HLA-B*51:03,PEQNPAEVSFN,65.455,90.444,47168.99
HLA-B*51:03,EQNPAEVSFNV,1.354,1.428,16726.18
HLA-B*51:03,QNPAEVSFNVA,21.798,13.148,33440.43
HLA-B*51:03,NPAEVSFNVAP,13.249,10.182,31509.84
HLA-B*51:03,PAEVSFNVAPE,95.0,91.199,47253.27
HLA-B*51:03,AEVSFNVAPEG,78.333,64.205,44676.3
HLA-B*51:03,EVSFNVAPEGA,50.741,39.247,41313.26
HLA-B*51:03,VSFNVAPEGAL,15.631,14.196,34002.64
HLA-B*51:03,SFNVAPEGALY,32.806,47.306,42596.01
HLA-B*51:03,FNVAPEGALYI,5.886,5.01,26065.08
HLA-B*51:03,NVAPEGALYIL,11.316,12.076,32810.01
HLA-B*51:03,VAPEGALYILL,5.333,9.136,30711.77
HLA-B*51:03,APEGALYILLR,32.774,36.195,40740.65
HLA-B*51:03,PEGALYILLRA,72.143,46.169,42428.57
HLA-B*51:03,EGALYILLRAN,81.25,52.907,43352.04
HLA-B*51:03,GALYILLRANA,67.273,49.441,42902.66
HLA-B*51:03,ALYILLRANAN,95.0,85.763,46710.89
HLA-B*51:03,LYILLRANANK,86.667,78.034,46002.2
HLA-B*51:03,YILLRANANKI,22.7,14.423,34113.21
HLA-B*51:03,ILLRANANKIY,67.273,56.412,43789.03
HLA-B*51:03,LLRANANKIYE,82.5,74.05,45640.29
HLA-B*51:03,LRANANKIYEK,83.75,88.505,46974.95
HLA-B*51:03,RANANKIYEKS,76.667,82.678,46424.21
HLA-B*51:03,ANANKIYEKSH,78.333,93.692,47532.75
HLA-B*51:03,NANKIYEKSHA,24.584,25.452,38228.19
HLA-B*51:03,ANKIYEKSHAK,59.0,83.034,46456.86
HLA-B*51:03,NKIYEKSHAKR,76.667,89.984,47117.98
HLA-B*51:03,KIYEKSHAKRY,30.432,55.38,43666.98
HLA-B*51:03,IYEKSHAKRYA,65.455,62.878,44530.55
HLA-B*51:03,YEKSHAKRYAH,51.481,67.156,44976.52
HLA-B*51:03,EKSHAKRYAHL,37.105,50.117,42994.67
HLA-B*51:03,KSHAKRYAHLS,80.0,70.266,45283.66
HLA-B*51:03,SHAKRYAHLSG,66.364,57.072,43867.27
HLA-B*51:03,HAKRYAHLSGD,90.0,68.376,45097.38
HLA-B*51:03,AKRYAHLSGDS,97.5,95.274,47804.57
HLA-B*51:03,KRYAHLSGDSV,25.119,20.045,36501.42
HLA-B*51:03,RYAHLSGDSVK,68.182,54.905,43609.84
HLA-B*51:03,YAHLSGDSVKL,7.444,12.412,33009.04
HLA-B*51:03,AHLSGDSVKLY,32.29,58.42,44027.51
HLA-B*51:03,HLSGDSVKLYN,60.714,77.796,45980.78
HLA-B*51:03,LSGDSVKLYNQ,86.667,91.912,47333.12
HLA-B*51:03,SGDSVKLYNQV,20.398,19.741,36388.25
HLA-B*51:03,GDSVKLYNQVY,53.333,53.162,43384.87
HLA-B*51:03,DSVKLYNQVYS,31.853,35.808,40664.45
HLA-B*51:03,SVKLYNQVYSV,14.315,11.723,32580.41
HLA-B*51:03,VKLYNQVYSVQ,67.273,50.85,43088.27
HLA-B*51:03,KLYNQVYSVQD,86.667,78.987,46087.89
HLA-B*51:03,LYNQVYSVQDA,75.0,58.012,43978.96
HLA-B*51:03,YNQVYSVQDAE,75.833,69.847,45243.49
HLA-B*51:03,NQVYSVQDAEL,36.667,35.494,40602.03
HLA-B*51:03,QVYSVQDAELS,50.185,53.301,43402.73
HLA-B*51:03,VYSVQDAELSS,72.857,82.662,46422.71
HLA-B*51:03,YSVQDAELSSF,22.0,22.965,37479.95
HLA-B*51:03,SVQDAELSSFW,21.877,24.159,37853.65
HLA-B*51:03,VQDAELSSFWT,59.5,47.625,42643.5
HLA-B*51:03,QDAELSSFWTT,43.273,28.451,39033.18
HLA-B*51:03,DAELSSFWTTS,35.083,25.78,38320.13
HLA-B*51:03,AELSSFWTTSP,49.571,44.25,42133.52
HLA-B*51:03,ELSSFWTTSPW,25.657,7.324,29034.06
HLA-B*51:03,LSSFWTTSPWT,75.833,23.425,37624.99
HLA-B*51:03,SSFWTTSPWTT,33.929,20.652,36718.49
HLA-B*51:03,SFWTTSPWTTL,19.959,22.828,37436.56
HLA-B*51:03,FWTTSPWTTLF,24.506,11.63,32518.42
HLA-B*51:03,WTTSPWTTLFG,72.143,30.33,39486.84
HLA-B*51:03,TTSPWTTLFGV,10.592,2.095,19549.56
HLA-B*51:03,TSPWTTLFGVC,41.25,12.103,32826.32
HLA-B*51:03,SPWTTLFGVCI,2.8,0.736,12383.15
HLA-B*51:03,PWTTLFGVCII,91.667,41.676,41722.52
HLA-B*51:03,WTTLFGVCIIS,91.667,56.064,43747.82
HLA-B*51:03,TTLFGVCIISE,83.75,68.086,45068.59
HLA-B*51:03,TLFGVCIISER,58.75,64.416,44699.5
HLA-B*51:03,LFGVCIISERI,44.818,19.773,36400.06
HLA-B*51:03,FGVCIISERIG,65.0,33.497,40192.93
HLA-B*51:03,GVCIISERIGA,86.667,82.629,46419.69
HLA-B*51:03,VCIISERIGAA,64.643,59.916,44206.04
HLA-B*51:03,CIISERIGAAM,64.643,32.601,40003.32
HLA-B*51:03,IISERIGAAML,31.176,33.299,40152.07
HLA-B*51:03,ISERIGAAMLV,22.2,7.006,28683.73
HLA-B*51:03,SERIGAAMLVR,38.833,39.326,41327.14
HLA-B*51:03,ERIGAAMLVRF,26.567,28.515,39049.25
HLA-B*51:03,RIGAAMLVRFS,86.667,73.147,45554.93
HLA-B*51:03,IGAAMLVRFSQ,73.571,65.285,44791.99
HLA-B*51:03,GAAMLVRFSQM,32.258,33.935,40283.46
HLA-B*51:03,AAMLVRFSQMT,46.111,34.698,40441.13
HLA-B*51:03,AMLVRFSQMTL,32.516,22.223,37245.48
HLA-B*51:03,MLVRFSQMTLD,55.0,33.097,40110.38
HLA-B*51:03,LVRFSQMTLDC,67.727,51.637,43189.09
HLA-B*51:03,VRFSQMTLDCE,88.333,74.718,45703.53
HLA-B*51:03,RFSQMTLDCET,90.0,64.776,44739.18
HLA-B*51:03,FSQMTLDCETT,69.545,44.825,42224.78
HLA-B*51:03,SQMTLDCETTG,73.571,60.391,44258.67
HLA-B*51:03,QMTLDCETTGL,54.63,43.488,42015.59
HLA-B*51:03,MTLDCETTGLI,19.399,3.554,23429.86
HLA-B*51:03,TLDCETTGLIM,44.091,39.29,41320.88
HLA-B*51:03,LDCETTGLIMC,78.333,70.971,45349.86
HLA-B*51:03,DCETTGLIMCP,55.0,47.885,42682.27
HLA-B*51:03,CETTGLIMCPA,77.5,32.855,40058.75
HLA-B*51:03,ETTGLIMCPAA,33.964,23.412,37620.91
HLA-B*51:03,TTGLIMCPAAL,44.727,30.953,39632.8
HLA-B*51:03,TGLIMCPAALA,49.143,17.807,35649.0
HLA-B*51:03,GLIMCPAALAK,73.571,66.334,44895.32
HLA-B*51:03,LIMCPAALAKF,43.455,14.487,34144.6
HLA-B*51:03,IMCPAALAKFR,44.545,44.023,42097.5
HLA-B*51:03,MCPAALAKFRD,75.0,48.951,42834.95
HLA-B*51:03,CPAALAKFRDY,24.091,11.04,32128.13
HLA-B*51:03,PAALAKFRDYR,88.333,90.11,47131.75
HLA-B*51:03,AALAKFRDYRD,93.333,85.226,46659.38
HLA-B*51:03,ALAKFRDYRDI,65.909,35.499,40602.92
HLA-B*51:03,LAKFRDYRDIA,63.214,34.209,40340.16
HLA-B*51:03,AKFRDYRDIAN,95.0,91.683,47307.52
HLA-B*51:03,KFRDYRDIANA,75.833,67.288,44989.66
HLA-B*51:03,FRDYRDIANAA,41.917,43.67,42043.34
HLA-B*51:03,RDYRDIANAAE,80.0,82.908,46445.29
HLA-B*51:03,DYRDIANAAEM,16.96,24.987,38098.14
HLA-B*51:03,YRDIANAAEMS,72.857,62.728,44514.18
HLA-B*51:03,RDIANAAEMSE,78.333,85.232,46659.89
HLA-B*51:03,DIANAAEMSER,60.0,83.576,46506.64
HLA-B*51:03,IANAAEMSERR,62.143,81.041,46274.25
HLA-B*51:03,ANAAEMSERRF,39.0,48.412,42758.09
HLA-B*51:03,NAAEMSERRFI,7.721,3.188,22577.24
HLA-B*51:03,AAEMSERRFIR,59.0,54.872,43605.6
HLA-B*51:03,AEMSERRFIRG,72.857,66.063,44868.63
HLA-B*51:03,EMSERRFIRGN,91.667,80.444,46219.73
HLA-B*51:03,MSERRFIRGND,97.5,76.157,45833.76
HLA-B*51:03,SERRFIRGNDN,95.0,87.216,46850.61
HLA-B*51:03,ERRFIRGNDNR,83.75,94.222,47592.44
HLA-B*51:03,RRFIRGNDNRQ,93.333,95.872,48076.89
HLA-B*51:03,RFIRGNDNRQI,46.0,49.343,42889.21
HLA-B*51:03,FIRGNDNRQIY,37.737,50.215,43007.23
HLA-B*51:03,IRGNDNRQIYK,81.25,90.618,47188.41
HLA-B*51:03,RGNDNRQIYKL,33.143,61.96,44429.98
HLA-B*51:03,GNDNRQIYKLV,54.074,55.836,43720.85
HLA-B*51:03,NDNRQIYKLVG,70.714,63.682,44618.83
HLA-B*51:03,DNRQIYKLVGS,62.857,66.634,44924.98
HLA-B*51:03,NRQIYKLVGSA,42.0,33.758,40246.88
HLA-B*51:03,RQIYKLVGSAD,90.0,76.755,45887.35
HLA-B*51:03,QIYKLVGSADE,91.667,87.442,46872.39
HLA-B*51:03,IYKLVGSADEV,43.727,34.837,40470.01
HLA-B*51:03,YKLVGSADEVI,44.909,25.767,38316.4
HLA-B*51:03,KLVGSADEVIW,52.037,56.1,43752.08
HLA-B*51:03,LVGSADEVIWR,62.143,73.032,45544.09
HLA-B*51:03,VGSADEVIWRV,11.137,14.759,34277.84
HLA-B*51:03,GSADEVIWRVI,19.926,15.772,34758.13
HLA-B*51:03,SADEVIWRVIL,8.794,13.627,33701.94
HLA-B*51:03,ADEVIWRVILV,35.833,23.884,37770.2
HLA-B*51:03,DEVIWRVILVH,31.559,28.227,38977.49
HLA-B*51:03,EVIWRVILVHE,69.545,59.824,44195.04
HLA-B*51:03,VIWRVILVHEQ,79.167,85.732,46707.85
HLA-B*51:03,IWRVILVHEQL,37.053,35.868,40676.33
HLA-B*51:03,WRVILVHEQLD,83.75,68.799,45139.36
HLA-B*51:03,RVILVHEQLDK,75.833,81.55,46320.85
HLA-B*51:03,VILVHEQLDKL,35.333,42.905,41925.24
HLA-B*51:03,ILVHEQLDKLT,74.286,73.711,45608.19
HLA-B*51:03,LVHEQLDKLTL,20.122,24.24,37877.41
HLA-B*51:03,VHEQLDKLTLQ,53.333,72.203,45465.79
HLA-B*51:03,HEQLDKLTLQR,51.481,79.767,46158.24
HLA-B*51:03,EQLDKLTLQRL,10.837,28.164,38961.88
HLA-B*51:03,QLDKLTLQRLR,55.75,78.427,46037.54
HLA-B*51:03,LDKLTLQRLRR,83.75,88.547,46979.01
HLA-B*51:03,DKLTLQRLRRA,38.611,40.088,41459.25
HLA-B*51:03,KLTLQRLRRAE,90.0,94.433,47616.14
HLA-B*51:03,LTLQRLRRAER,81.25,78.09,46007.18
HLA-B*51:03,TLQRLRRAERI,36.905,32.161,39907.34
HLA-B*51:03,LQRLRRAERID,68.182,65.428,44806.03
HLA-B*51:03,QRLRRAERIDF,77.5,76.429,45858.06
HLA-B*51:03,RLRRAERIDFF,47.25,52.611,43314.06
HLA-B*51:03,LRRAERIDFFS,91.667,67.456,45006.23
HLA-B*51:03,RRAERIDFFSE,85.0,83.269,46478.49
HLA-B*51:03,RAERIDFFSEG,61.429,52.823,43341.25
HLA-B*51:03,AERIDFFSEGK,73.571,76.423,45857.59
HLA-B*51:03,ERIDFFSEGKA,37.053,39.527,41362.02
HLA-B*51:03,RIDFFSEGKAV,31.559,33.217,40135.11
HLA-B*51:03,IDFFSEGKAVQ,62.143,60.958,44320.51
HLA-B*51:03,DFFSEGKAVQE,45.7,62.922,44535.37
HLA-B*51:03,FFSEGKAVQEL,20.057,32.014,39875.41
HLA-B*51:03,FSEGKAVQELS,42.615,55.812,43718.04
HLA-B*51:03,SEGKAVQELSS,48.375,80.115,46189.72
HLA-B*51:03,EGKAVQELSSL,8.151,20.285,36586.83
HLA-B*51:03,GKAVQELSSLL,41.417,51.572,43180.68
HLA-B*51:03,KAVQELSSLLE,56.0,59.476,44153.45
HLA-B*51:03,AVQELSSLLES,72.143,73.038,45544.59
HLA-B*51:03,VQELSSLLESL,33.857,35.993,40701.44
HLA-B*51:03,QELSSLLESLW,23.241,18.801,36035.64
HLA-B*51:03,ELSSLLESLWA,44.636,30.099,39432.64
HLA-B*51:03,LSSLLESLWAI,22.28,5.926,27342.78
HLA-B*51:03,SSLLESLWAIQ,59.75,29.57,39306.55
HLA-B*51:03,SLLESLWAIQD,76.667,53.727,43457.68
HLA-B*51:03,LLESLWAIQDA,86.667,49.754,42945.84
HLA-B*51:03,LESLWAIQDAG,85.0,46.52,42480.02
HLA-B*51:03,ESLWAIQDAGR,44.273,61.731,44405.0
HLA-B*51:03,SLWAIQDAGRY,35.125,46.84,42526.92
HLA-B*51:03,LWAIQDAGRYL,32.516,25.922,38359.97
HLA-B*51:03,WAIQDAGRYLA,32.613,12.197,32881.8
HLA-B*51:03,AIQDAGRYLAI,23.402,22.871,37449.94
HLA-B*51:03,IQDAGRYLAIL,29.841,23.83,37753.03
HLA-B*51:03,QDAGRYLAILP,56.5,39.859,41419.78
HLA-B*51:03,DAGRYLAILPL,4.446,1.982,19180.38
HLA-B*51:03,AGRYLAILPLK,67.273,55.348,43663.18
HLA-B*51:03,GRYLAILPLKE,78.333,81.227,46291.29
HLA-B*51:03,RYLAILPLKET,56.25,64.367,44694.2
HLA-B*51:03,YLAILPLKETF,18.915,17.72,35612.77
HLA-B*51:03,LAILPLKETFV,8.813,5.871,27268.03
HLA-B*51:03,AILPLKETFVD,62.143,57.72,43944.23
HLA-B*51:03,ILPLKETFVDS,86.667,58.664,44056.6
HLA-B*51:03,LPLKETFVDSA,12.551,5.398,26622.58
HLA-B*51:03,PLKETFVDSAH,85.0,91.587,47296.75
HLA-B*51:03,LKETFVDSAHQ,83.75,81.342,46301.8
HLA-B*51:03,KETFVDSAHQR,49.286,81.961,46358.45
HLA-B*51:03,ETFVDSAHQRD,54.815,59.932,44207.95
HLA-B*51:03,TFVDSAHQRDV,24.286,37.033,40903.19
HLA-B*51:03,FVDSAHQRDVM,23.92,26.403,38488.85
HLA-B*51:03,VDSAHQRDVMD,93.333,87.516,46879.5
HLA-B*51:03,DSAHQRDVMDP,57.0,62.364,44474.21
HLA-B*51:03,SAHQRDVMDPI,12.389,6.616,28215.24
HLA-B*51:03,AHQRDVMDPIQ,79.167,60.721,44294.62
HLA-B*51:03,HQRDVMDPIQE,68.182,75.199,45748.06
HLA-B*51:03,QRDVMDPIQEA,16.902,37.738,41036.62
HLA-B*51:03,RDVMDPIQEAL,14.395,24.46,37942.22
HLA-B*51:03,DVMDPIQEALL,2.156,6.107,27577.2
HLA-B*51:03,VMDPIQEALLV,1.265,0.72,12254.66
HLA-B*51:03,MDPIQEALLVN,10.735,2.63,21166.82
HLA-B*51:03,DPIQEALLVNR,6.835,8.328,30006.24
HLA-B*51:03,PIQEALLVNRF,48.375,58.272,44009.91
HLA-B*51:03,IQEALLVNRFI,25.657,7.651,29374.7
HLA-B*51:03,QEALLVNRFIG,55.75,34.784,40459.07
HLA-B*51:03,EALLVNRFIGR,27.13,28.088,38942.92
HLA-B*51:03,ALLVNRFIGRK,88.333,88.379,46962.75
HLA-B*51:03,LLVNRFIGRKK,81.25,80.602,46234.21
HLA-B*51:03,LVNRFIGRKKN,97.5,90.462,47171.03
HLA-B*51:03,VNRFIGRKKNG,93.333,95.659,47979.69
HLA-B*51:03,NRFIGRKKNGV,35.875,54.734,43587.66
HLA-B*51:03,RFIGRKKNGVT,93.333,92.969,47451.55
HLA-B*51:03,FIGRKKNGVTF,28.184,36.766,40851.44
HLA-B*51:03,IGRKKNGVTFP,66.364,76.833,45894.3
HLA-B*51:03,GRKKNGVTFPK,90.0,95.692,47994.77
HLA-B*51:03,RKKNGVTFPKK,95.0,96.393,48315.2
HLA-B*51:03,KKNGVTFPKKL,34.192,64.525,44711.61
HLA-B*51:03,KNGVTFPKKLL,48.5,62.851,44527.68
HLA-B*51:03,NGVTFPKKLLR,20.203,51.306,43146.58
HLA-B*51:03,GVTFPKKLLRG,80.0,77.619,45964.89
HLA-B*51:03,VTFPKKLLRGP,28.49,30.715,39577.1
HLA-B*51:03,TFPKKLLRGPK,54.815,64.152,44670.51
HLA-B*51:03,FPKKLLRGPKG,21.175,17.741,35621.63
HLA-B*51:03,PKKLLRGPKGS,100.0,97.844,48986.33
HLA-B*51:03,KKLLRGPKGSM,52.963,73.7,45607.19
HLA-B*51:03,KLLRGPKGSMC,64.643,74.922,45722.81
HLA-B*51:03,LLRGPKGSMCV,36.952,30.035,39417.71
HLA-B*51:03,LRGPKGSMCVN,64.643,54.187,43516.96
HLA-B*51:03,RGPKGSMCVNM,48.5,48.968,42837.27
HLA-B*51:03,GPKGSMCVNMV,8.127,13.122,33426.3
HLA-B*51:03,PKGSMCVNMVI,64.286,16.442,35062.57
HLA-B*51:03,KGSMCVNMVIF,78.333,31.878,39844.36
HLA-B*51:03,GSMCVNMVIFG,95.0,52.053,43242.41
HLA-B*51:03,SMCVNMVIFGK,88.333,71.921,45439.23
HLA-B*51:03,MCVNMVIFGKE,86.667,69.158,45175.01
HLA-B*51:03,CVNMVIFGKEP,91.667,64.486,44707.25
HLA-B*51:03,VNMVIFGKEPQ,93.333,80.57,46231.23
HLA-B*51:03,NMVIFGKEPQG,73.571,68.573,45116.89
HLA-B*51:03,MVIFGKEPQGA,50.556,41.207,41646.73
HLA-B*51:03,VIFGKEPQGAK,58.75,72.244,45469.75
HLA-B*51:03,IFGKEPQGAKL,30.108,50.212,43006.77
HLA-B*51:03,FGKEPQGAKLQ,39.176,70.188,45276.3
HLA-B*51:03,GKEPQGAKLQS,60.714,86.537,46785.24
HLA-B*51:03,KEPQGAKLQSS,58.0,79.153,46102.85
HLA-B*51:03,EPQGAKLQSSG,30.703,44.58,42185.96
HLA-B*51:03,PQGAKLQSSGT,95.0,96.307,48275.98
HLA-B*51:03,QGAKLQSSGTA,44.636,57.304,43894.8
HLA-B*51:03,GAKLQSSGTAK,69.091,88.574,46981.55
HLA-B*51:03,AKLQSSGTAKI,33.75,42.501,41858.16
HLA-B*51:03,KLQSSGTAKIA,58.5,70.788,45332.69
HLA-B*51:03,LQSSGTAKIAV,25.104,30.973,39637.53
HLA-B*51:03,QSSGTAKIAVS,77.5,74.817,45712.93
HLA-B*51:03,SSGTAKIAVSA,38.5,45.273,42293.81
HLA-B*51:03,SGTAKIAVSAG,82.5,71.759,45424.0
HLA-B*51:03,GTAKIAVSAGV,43.545,29.813,39364.85
HLA-B*51:03,TAKIAVSAGVG,54.259,37.646,41019.29
HLA-B*51:03,AKIAVSAGVGI,21.57,28.361,39010.81
HLA-B*51:03,KIAVSAGVGIP,68.636,65.0,44763.89
HLA-B*51:03,IAVSAGVGIPE,54.444,56.264,43771.49
HLA-B*51:03,AVSAGVGIPER,78.333,94.794,47656.85
HLA-B*51:03,VSAGVGIPERY,35.792,52.987,43362.35
HLA-B*51:03,SAGVGIPERYE,61.786,84.792,46618.5
HLA-B*51:03,AGVGIPERYEA,43.636,69.326,45191.64
HLA-B*51:03,GVGIPERYEAG,86.667,94.501,47623.88
HLA-B*51:03,VGIPERYEAGN,90.0,87.537,46881.52
HLA-B*51:03,GIPERYEAGNH,86.667,94.117,47580.59
HLA-B*51:03,IPERYEAGNHE,17.523,34.478,40395.64
HLA-B*51:03,PERYEAGNHED,95.0,95.614,47958.93
HLA-B*51:03,ERYEAGNHEDQ,69.091,92.242,47370.01
HLA-B*51:03,RYEAGNHEDQH,72.857,95.412,47867.2
HLA-B*51:03,YEAGNHEDQHW,16.773,34.281,40355.02
HLA-B*51:03,EAGNHEDQHWK,38.333,69.08,45167.2
HLA-B*51:03,AGNHEDQHWKI,32.677,37.974,41081.47
HLA-B*51:03,GNHEDQHWKIS,71.429,80.915,46262.76
HLA-B*51:03,NHEDQHWKISA,36.333,40.285,41492.45
HLA-B*51:03,HEDQHWKISAA,24.61,40.574,41541.42
HLA-B*51:03,EDQHWKISAAA,32.29,24.588,37980.02
HLA-B*51:03,DQHWKISAAAT,39.353,38.249,41132.19
HLA-B*51:03,QHWKISAAATV,23.184,15.385,34576.21
HLA-B*51:03,HWKISAAATVL,47.0,41.332,41667.02
HLA-B*51:03,WKISAAATVLC,75.0,46.966,42545.33
HLA-B*51:03,KISAAATVLCT,85.0,71.665,45415.15
HLA-B*51:03,ISAAATVLCTM,24.013,14.603,34201.53
HLA-B*51:03,SAAATVLCTMY,26.483,26.452,38501.76
HLA-B*51:03,AAATVLCTMYY,34.692,40.907,41597.64
HLA-B*51:03,AATVLCTMYYC,75.833,59.788,44190.74
HLA-B*51:03,ATVLCTMYYCC,86.667,78.826,46073.42
HLA-B*51:03,TVLCTMYYCCT,95.0,59.072,44105.24
HLA-B*51:03,VLCTMYYCCTF,79.167,21.988,37171.4
HLA-B*51:03,LCTMYYCCTFD,100.0,55.312,43658.92
HLA-B*51:03,REMDTMKGRAV,21.974,25.465,38231.94
HLA-B*51:03,EMDTMKGRAVL,24.935,27.969,38912.59
HLA-B*51:03,MDTMKGRAVLR,51.852,44.443,42164.07
HLA-B*51:03,DTMKGRAVLRC,26.017,26.633,38549.69
HLA-B*51:03,TMKGRAVLRCL,35.583,38.131,41110.39
HLA-B*51:03,MKGRAVLRCLG,91.667,58.56,44044.18
HLA-B*51:03,KGRAVLRCLGR,91.667,85.858,46719.99
HLA-B*51:03,GRAVLRCLGRL,80.0,51.368,43154.54
HLA-B*51:03,RAVLRCLGRLL,28.776,17.401,35479.3
HLA-B*51:03,AVLRCLGRLLE,90.0,75.941,45814.43
HLA-B*51:03,VLRCLGRLLEI,31.118,16.289,34993.98
HLA-B*51:03,LRCLGRLLEIK,72.857,57.852,43959.93
HLA-B*51:03,RCLGRLLEIKP,78.333,82.563,46413.67
HLA-B*51:03,CLGRLLEIKPP,95.0,73.199,45559.86
HLA-B*51:03,LGRLLEIKPPW,32.323,21.706,37077.4
HLA-B*51:03,GRLLEIKPPWY,76.667,78.965,46085.88
HLA-B*51:03,RLLEIKPPWYG,72.143,60.822,44305.65
HLA-B*51:03,LLEIKPPWYGS,80.0,75.67,45790.15
HLA-B*51:03,LEIKPPWYGSL,14.379,15.323,34547.42
HLA-B*51:03,EIKPPWYGSLH,25.239,37.991,41084.6
HLA-B*51:03,IKPPWYGSLHR,15.959,34.755,40452.95
HLA-B*51:03,KPPWYGSLHRL,2.823,5.524,26802.07
HLA-B*51:03,PPWYGSLHRLD,21.272,25.121,38135.65
HLA-B*51:03,PWYGSLHRLDG,95.0,93.71,47534.8
HLA-B*51:03,WYGSLHRLDGI,62.5,22.935,37470.21
HLA-B*51:03,YGSLHRLDGII,38.778,14.033,33923.27
HLA-B*51:03,GSLHRLDGIIL,49.429,48.971,42837.72
HLA-B*51:03,SLHRLDGIILD,77.5,67.997,45059.81
HLA-B*51:03,LHRLDGIILDV,41.083,25.158,38145.98
HLA-B*51:03,HRLDGIILDVK,59.75,70.125,45270.43
HLA-B*51:03,RLDGIILDVKA,58.75,66.511,44912.81
HLA-B*51:03,LDGIILDVKAQ,91.667,89.184,47040.55
HLA-B*51:03,DGIILDVKAQA,14.373,23.91,37778.36
HLA-B*51:03,GIILDVKAQAS,91.667,95.124,47736.33
HLA-B*51:03,IILDVKAQASE,76.667,87.068,46836.41
HLA-B*51:03,ILDVKAQASEM,43.364,46.931,42540.28
HLA-B*51:03,LDVKAQASEMN,81.25,78.538,46047.52
HLA-B*51:03,DVKAQASEMNP,31.441,42.965,41935.22
HLA-B*51:03,VKAQASEMNPA,66.818,61.916,44425.16
HLA-B*51:03,KAQASEMNPAY,40.812,58.184,43999.41
HLA-B*51:03,AQASEMNPAYP,57.75,63.357,44583.11
HLA-B*51:03,QASEMNPAYPL,13.37,11.292,32294.38
HLA-B*51:03,ASEMNPAYPLK,54.444,44.945,42243.98
HLA-B*51:03,SEMNPAYPLKP,25.687,31.789,39824.09
HLA-B*51:03,EMNPAYPLKPR,37.0,54.544,43563.16
HLA-B*51:03,MNPAYPLKPRS,35.5,29.911,39388.29
HLA-B*51:03,NPAYPLKPRSD,43.455,44.147,42117.11
HLA-B*51:03,PAYPLKPRSDC,48.5,66.599,44921.56
HLA-B*51:03,AYPLKPRSDCG,85.0,65.595,44822.53
HLA-B*51:03,YPLKPRSDCGS,29.0,35.26,40555.5
HLA-B*51:03,PLKPRSDCGST,81.25,82.481,46406.13
HLA-B*51:03,LKPRSDCGSTS,83.75,81.758,46339.89
HLA-B*51:03,KPRSDCGSTSP,30.027,48.38,42753.46
HLA-B*51:03,PRSDCGSTSPE,95.0,96.357,48299.0
HLA-B*51:03,RSDCGSTSPEM,32.548,50.405,43031.43
HLA-B*51:03,SDCGSTSPEMS,67.727,85.737,46708.36
HLA-B*51:03,DCGSTSPEMSC,31.235,57.336,43898.62
HLA-B*51:03,CGSTSPEMSCR,86.667,85.1,46647.25
HLA-B*51:03,GSTSPEMSCRS,82.5,93.5,47511.14
HLA-B*51:03,STSPEMSCRSN,91.667,77.575,45960.89
HLA-B*51:03,TSPEMSCRSNS,69.545,63.502,44599.04
HLA-B*51:03,SPEMSCRSNSR,40.25,63.884,44641.02
HLA-B*51:03,PEMSCRSNSRA,83.75,75.349,45761.43
HLA-B*51:03,EMSCRSNSRAG,90.0,72.401,45484.5
HLA-B*51:03,MSCRSNSRAGL,53.889,34.833,40469.15
HLA-B*51:03,SCRSNSRAGLR,88.333,87.605,46888.12
HLA-B*51:03,CRSNSRAGLRQ,93.333,93.573,47519.39
HLA-B*51:03,RSNSRAGLRQT,78.333,87.005,46830.34
HLA-B*51:03,SNSRAGLRQTV,26.783,33.585,40211.18
HLA-B*51:03,NSRAGLRQTVL,23.264,30.677,39568.11
HLA-B*51:03,SRAGLRQTVLA,48.625,49.508,42911.96
HLA-B*51:03,RAGLRQTVLAL,20.0,25.192,38155.48
HLA-B*51:03,AGLRQTVLALG,67.273,60.804,44303.74
HLA-B*51:03,GLRQTVLALGL,51.296,51.043,43112.98
HLA-B*51:03,LRQTVLALGLL,47.625,30.35,39491.56
HLA-B*51:03,RQTVLALGLLK,67.273,52.739,43330.46
HLA-B*51:03,QTVLALGLLKK,72.857,78.062,46004.69
HLA-B*51:03,TVLALGLLKKV,16.076,12.073,32808.57
HLA-B*51:03,VLALGLLKKVL,48.0,49.162,42864.16
HLA-B*51:03,LALGLLKKVLL,16.76,14.488,34144.95
HLA-B*51:03,ALGLLKKVLLK,80.0,82.3,46389.55
HLA-B*51:03,LGLLKKVLLKS,70.0,74.233,45657.57
HLA-B*51:03,GLLKKVLLKSE,95.0,96.072,48168.01
HLA-B*51:03,LLKKVLLKSED,97.5,90.704,47198.09
HLA-B*51:03,LKKVLLKSEDL,50.185,60.641,44286.0
HLA-B*51:03,KKVLLKSEDLL,52.593,66.063,44868.63
HLA-B*51:03,KVLLKSEDLLE,82.5,86.742,46805.0
HLA-B*51:03,VLLKSEDLLES,83.75,82.941,46448.32
HLA-B*51:03,LLKSEDLLESR,65.909,83.089,46461.89
HLA-B*51:03,LKSEDLLESRL,30.865,47.009,42551.78
HLA-B*51:03,KSEDLLESRLS,61.786,81.785,46342.4
HLA-B*51:03,SEDLLESRLSD,63.214,73.403,45579.08
HLA-B*51:03,EDLLESRLSDL,33.571,36.45,40790.05
HLA-B*51:03,DLLESRLSDLE,43.364,50.569,43052.39
HLA-B*51:03,LLESRLSDLEW,35.417,23.61,37683.25
HLA-B*51:03,LESRLSDLEWC,70.0,41.556,41703.09
HLA-B*51:03,ESRLSDLEWCN,66.364,59.324,44135.31
HLA-B*51:03,SRLSDLEWCNK,77.5,85.758,46710.38
HLA-B*51:03,RLSDLEWCNKG,88.333,78.25,46021.6
HLA-B*51:03,LSDLEWCNKGT,93.333,84.168,46561.02
HLA-B*51:03,SDLEWCNKGTS,82.5,63.093,44554.16
HLA-B*51:03,DLEWCNKGTSN,95.0,76.423,45857.59
HLA-B*51:03,LEWCNKGTSNS,70.714,62.096,44444.88
HLA-B*51:03,EWCNKGTSNSD,95.0,96.004,48137.26
HLA-B*51:03,WCNKGTSNSDE,97.5,96.703,48458.11
HLA-B*51:03,CNKGTSNSDEI,49.714,29.956,39398.93
HLA-B*51:03,NKGTSNSDEII,49.714,49.04,42847.47
HLA-B*51:03,KGTSNSDEIII,41.333,47.647,42646.72
HLA-B*51:03,GTSNSDEIIIR,79.167,95.005,47682.12
HLA-B*51:03,TSNSDEIIIRS,58.75,75.144,45743.1
HLA-B*51:03,SNSDEIIIRSA,34.346,49.673,42934.71
HLA-B*51:03,NSDEIIIRSAI,10.254,7.779,29497.96
HLA-B*51:03,SDEIIIRSAIT,63.929,50.343,43023.52
HLA-B*51:03,DEIIIRSAITA,17.518,16.119,34918.33
HLA-B*51:03,EIIIRSAITAS,65.455,68.406,45100.31
HLA-B*51:03,IIIRSAITASV,28.755,15.987,34859.45
HLA-B*51:03,IIRSAITASVL,28.694,21.802,37109.51
HLA-B*51:03,IRSAITASVLG,71.429,44.698,42204.68
HLA-B*51:03,RSAITASVLGV,35.25,19.639,36350.09
HLA-B*51:03,SAITASVLGVL,11.15,11.907,32703.33
HLA-B*51:03,AITASVLGVLE,85.0,75.903,45810.97
HLA-B*51:03,ITASVLGVLEE,79.167,70.344,45291.02
HLA-B*51:03,TASVLGVLEEG,75.833,55.732,43708.56
HLA-B*51:03,ASVLGVLEEGI,40.0,34.6,40421.0
HLA-B*51:03,SVLGVLEEGIH,65.909,66.068,44869.09
HLA-B*51:03,VLGVLEEGIHK,61.071,86.611,46792.33
HLA-B*51:03,LGVLEEGIHKT,48.125,77.065,45915.18
HLA-B*51:03,GVLEEGIHKTV,24.078,35.009,40505.5
HLA-B*51:03,VLEEGIHKTVR,50.37,72.38,45482.54
HLA-B*51:03,LEEGIHKTVRI,16.676,18.922,36081.66
HLA-B*51:03,EEGIHKTVRIY,28.939,41.059,41622.86
HLA-B*51:03,EGIHKTVRIYC,35.167,50.678,43066.38
HLA-B*51:03,GIHKTVRIYCY,72.143,73.737,45610.66
HLA-B*51:03,IHKTVRIYCYN,91.667,67.82,45042.27
HLA-B*51:03,HKTVRIYCYNL,54.074,45.1,42267.74
HLA-B*51:03,KTVRIYCYNLE,95.0,70.397,45295.9
HLA-B*51:03,TVRIYCYNLEI,29.659,6.964,28634.12
HLA-B*51:03,VRIYCYNLEIL,65.455,30.405,39504.37
HLA-B*51:03,RIYCYNLEILK,74.286,46.335,42452.91
HLA-B*51:03,IYCYNLEILKL,52.222,47.022,42553.61
HLA-B*51:03,YCYNLEILKLY,34.731,32.776,40041.42
HLA-B*51:03,CYNLEILKLYK,81.25,67.569,45017.41
HLA-B*51:03,YNLEILKLYKL,20.772,23.268,37575.35
HLA-B*51:03,NLEILKLYKLL,43.0,34.789,40459.94
HLA-B*51:03,LEILKLYKLLS,58.0,48.487,42768.73
HLA-B*51:03,EILKLYKLLSA,26.383,27.621,38817.14
HLA-B*51:03,ILKLYKLLSAQ,88.333,78.704,46062.46
HLA-B*51:03,LKLYKLLSAQI,29.545,21.616,37047.72
HLA-B*51:03,KLYKLLSAQIH,74.286,64.438,44701.92
HLA-B*51:03,LYKLLSAQIHY,47.875,52.422,43289.68
HLA-B*51:03,YKLLSAQIHYN,81.25,66.481,44909.91
HLA-B*51:03,KLLSAQIHYNA,63.214,54.847,43602.28
HLA-B*51:03,LLSAQIHYNAG,91.667,64.587,44718.39
HLA-B*51:03,LSAQIHYNAGV,27.963,12.319,32954.08
HLA-B*51:03,SAQIHYNAGVI,13.356,7.439,29161.58
HLA-B*51:03,AQIHYNAGVIQ,71.429,61.033,44328.66
HLA-B*51:03,QIHYNAGVIQL,31.412,33.377,40168.12
HLA-B*51:03,IHYNAGVIQLP,36.857,32.931,40075.23
HLA-B*51:03,HYNAGVIQLPK,63.214,63.537,44602.89
HLA-B*51:03,YNAGVIQLPKL,14.506,21.4,36976.04
HLA-B*51:03,NAGVIQLPKLP,23.011,26.465,38505.09
HLA-B*51:03,AGVIQLPKLPV,33.5,32.202,39916.43
HLA-B*51:03,GVIQLPKLPVQ,78.333,79.374,46122.8
HLA-B*51:03,VIQLPKLPVQT,56.25,74.165,45651.16
HLA-B*51:03,IQLPKLPVQTA,4.169,9.823,31251.46
HLA-B*51:03,QLPKLPVQTAK,29.159,41.486,41691.82
HLA-B*51:03,LPKLPVQTAKT,11.393,16.379,35034.52
HLA-B*51:03,PKLPVQTAKTV,6.753,9.721,31178.17
HLA-B*51:03,KLPVQTAKTVG,31.882,37.066,40909.39
HLA-B*51:03,LPVQTAKTVGI,1.434,0.685,11978.06
HLA-B*51:03,PVQTAKTVGID,97.5,93.998,47567.22
HLA-B*51:03,VQTAKTVGIDY,48.0,66.811,44942.48
HLA-B*51:03,QTAKTVGIDYP,68.636,61.12,44338.24
HLA-B*51:03,TAKTVGIDYPL,16.276,16.204,34956.13
HLA-B*51:03,AKTVGIDYPLD,93.333,78.295,46025.58
HLA-B*51:03,KTVGIDYPLDL,30.486,37.925,41072.15
HLA-B*51:03,TVGIDYPLDLQ,69.545,75.293,45756.47
HLA-B*51:03,VGIDYPLDLQL,14.29,20.636,36712.53
HLA-B*51:03,GIDYPLDLQLT,52.407,74.149,45649.65
HLA-B*51:03,IDYPLDLQLTQ,18.854,36.198,40741.09
HLA-B*51:03,DYPLDLQLTQF,4.061,4.435,25141.59
HLA-B*51:03,YPLDLQLTQFL,0.491,0.569,11015.33
HLA-B*51:03,PLDLQLTQFLF,62.143,39.907,41428.3
HLA-B*51:03,LDLQLTQFLFF,45.4,18.558,35942.57
HLA-B*51:03,DLQLTQFLFFW,33.286,20.21,36560.32
HLA-B*51:03,LQLTQFLFFWG,86.667,38.961,41263.23
HLA-B*51:03,QLTQFLFFWGI,54.259,26.63,38548.84
HLA-B*51:03,LTQFLFFWGIP,91.667,45.188,42281.02
HLA-B*51:03,TQFLFFWGIPA,52.593,20.362,36614.54
HLA-B*51:03,QFLFFWGIPAF,39.294,32.585,39999.87
HLA-B*51:03,FLFFWGIPAFR,47.75,33.318,40155.95
HLA-B*51:03,LFFWGIPAFRK,77.5,53.104,43377.37
HLA-B*51:03,FFWGIPAFRKV,11.951,7.216,28914.62
HLA-B*51:03,FWGIPAFRKVA,48.75,37.501,40991.79
HLA-B*51:03,WGIPAFRKVAQ,57.0,46.58,42488.76
HLA-B*51:03,GIPAFRKVAQG,82.5,62.447,44483.36
HLA-B*51:03,IPAFRKVAQGY,10.263,14.702,34250.04
HLA-B*51:03,PAFRKVAQGYS,85.0,76.894,45899.78
HLA-B*51:03,AFRKVAQGYSR,88.333,94.657,47641.39
HLA-B*51:03,FRKVAQGYSRD,97.5,89.2,47042.1
HLA-B*51:03,RKVAQGYSRDD,100.0,96.117,48188.86
HLA-B*51:03,KVAQGYSRDDG,100.0,96.142,48200.32
HLA-B*51:03,VAQGYSRDDGM,38.278,33.373,40167.27
HLA-B*51:03,AQGYSRDDGMH,79.167,93.358,47495.21
HLA-B*51:03,QGYSRDDGMHR,40.0,80.75,46247.72
HLA-B*51:03,GYSRDDGMHRR,65.909,95.208,47774.55
HLA-B*51:03,YSRDDGMHRRN,81.25,80.126,46190.73
HLA-B*51:03,SRDDGMHRRNI,22.06,49.114,42857.67
HLA-B*51:03,RDDGMHRRNIV,40.125,45.748,42365.71
HLA-B*51:03,DDGMHRRNIVI,13.635,12.714,33188.82
HLA-B*51:03,DGMHRRNIVIA,23.333,15.326,34548.53
HLA-B*51:03,GMHRRNIVIAV,49.714,32.321,39942.33
HLA-B*51:03,MHRRNIVIAVL,35.25,21.358,36962.04
HLA-B*51:03,HRRNIVIAVLV,31.294,30.586,39546.71
HLA-B*51:03,RRNIVIAVLVL,60.0,50.084,42990.49
HLA-B*51:03,RNIVIAVLVLL,52.778,48.244,42734.02
HLA-B*51:03,NIVIAVLVLLS,81.25,74.937,45724.32
HLA-B*51:03,IVIAVLVLLSI,24.792,11.608,32503.3
HLA-B*51:03,VIAVLVLLSIL,48.625,37.18,40931.08
HLA-B*51:03,IAVLVLLSILE,46.111,45.255,42291.08
HLA-B*51:03,AVLVLLSILEK,85.0,86.963,46826.26
HLA-B*51:03,VLVLLSILEKK,86.667,87.521,46880.01
HLA-B*51:03,LVLLSILEKKV,22.85,19.809,36413.46
HLA-B*51:03,VLLSILEKKVW,42.077,38.513,41180.73
HLA-B*51:03,LLSILEKKVWL,44.273,47.48,42621.81
HLA-B*51:03,LSILEKKVWLR,56.75,48.166,42722.95
HLA-B*51:03,SILEKKVWLRS,72.857,70.031,45261.62
HLA-B*51:03,ILEKKVWLRSL,35.958,36.373,40775.03
HLA-B*51:03,LEKKVWLRSLA,56.0,38.145,41113.04
HLA-B*51:03,EKKVWLRSLAD,76.667,61.38,44366.55
HLA-B*51:03,KKVWLRSLADE,97.5,95.166,47755.45
HLA-B*51:03,KVWLRSLADET,76.667,69.424,45201.41
HLA-B*51:03,VWLRSLADETP,76.667,68.829,45142.27
HLA-B*51:03,WLRSLADETPK,63.214,63.897,44642.49
HLA-B*51:03,LRSLADETPKN,95.0,93.779,47542.53
HLA-B*51:03,RSLADETPKNN,85.0,94.543,47628.52
HLA-B*51:03,SLADETPKNNI,17.668,28.081,38941.23
HLA-B*51:03,LADETPKNNIG,32.032,45.579,42340.07
HLA-B*51:03,ADETPKNNIGT,72.143,93.632,47526.07
HLA-B*51:03,DETPKNNIGTR,29.659,68.41,45100.78
HLA-B*51:03,ETPKNNIGTRP,33.0,53.877,43476.96
HLA-B*51:03,TPKNNIGTRPA,16.187,19.155,36169.21
HLA-B*51:03,PKNNIGTRPAI,54.63,61.503,44380.0
HLA-B*51:03,KNNIGTRPAIY,71.429,73.085,45549.02
HLA-B*51:03,NNIGTRPAIYF,19.709,26.565,38531.77
HLA-B*51:03,NIGTRPAIYFV,20.496,11.267,32277.6
HLA-B*51:03,IGTRPAIYFVE,75.833,44.56,42182.78
HLA-B*51:03,GTRPAIYFVEI,12.778,6.696,28311.26
HLA-B*51:03,TRPAIYFVEIV,14.341,6.112,27583.46
HLA-B*51:03,RPAIYFVEIVR,31.618,19.456,36281.73
HLA-B*51:03,PAIYFVEIVRR,82.5,80.411,46216.71
HLA-B*51:03,AIYFVEIVRRV,23.862,28.386,39017.15
HLA-B*51:03,IYFVEIVRRVS,63.571,58.24,44006.08
HLA-B*51:03,YFVEIVRRVSK,59.75,60.224,44240.5
HLA-B*51:03,FVEIVRRVSKT,64.643,66.038,44866.2
HLA-B*51:03,VEIVRRVSKTK,65.909,76.645,45877.44
HLA-B*51:03,EIVRRVSKTKT,67.727,85.974,46731.11
HLA-B*51:03,IVRRVSKTKTT,69.545,81.156,46284.78
HLA-B*51:03,VRRVSKTKTTN,95.0,95.764,48027.49
HLA-B*51:03,RRVSKTKTTNG,95.0,95.865,48073.76
HLA-B*51:03,RVSKTKTTNGL,46.778,67.264,44987.22
HLA-B*51:03,VSKTKTTNGLF,34.577,48.162,42722.48
HLA-B*51:03,SKTKTTNGLFE,90.0,87.379,46866.32
HLA-B*51:03,KTKTTNGLFEA,68.182,70.063,45264.57
HLA-B*51:03,TKTTNGLFEAP,75.833,67.687,45029.11
HLA-B*51:03,KTTNGLFEAPA,75.833,62.25,44461.71
HLA-B*51:03,TTNGLFEAPAK,64.643,64.662,44726.61
HLA-B*51:03,TNGLFEAPAKE,72.143,81.49,46315.33
HLA-B*51:03,NGLFEAPAKET,75.0,73.173,45557.39
HLA-B*51:03,GLFEAPAKETN,88.333,91.487,47285.49
HLA-B*51:03,LFEAPAKETNF,26.85,40.928,41601.23
HLA-B*51:03,FEAPAKETNFA,9.907,9.219,30781.64
HLA-B*51:03,EAPAKETNFAK,26.75,43.411,42003.78
HLA-B*51:03,APAKETNFAKR,43.091,70.444,45300.31
HLA-B*51:03,PAKETNFAKRA,59.25,70.355,45291.98
HLA-B*51:03,AKETNFAKRAG,93.333,93.774,47542.01
HLA-B*51:03,KETNFAKRAGG,93.333,89.595,47080.28
HLA-B*51:03,ETNFAKRAGGA,60.357,56.388,43786.18
HLA-B*51:03,TNFAKRAGGAS,77.5,77.608,45963.88
HLA-B*51:03,NFAKRAGGASP,62.5,64.802,44742.1
HLA-B*51:03,FAKRAGGASPQ,59.5,67.771,45037.39
HLA-B*51:03,AKRAGGASPQN,95.0,96.345,48293.23
HLA-B*51:03,KRAGGASPQNT,93.333,96.302,48273.4
HLA-B*51:03,RAGGASPQNTA,18.213,47.944,42691.05
HLA-B*51:03,AGGASPQNTAF,20.585,58.16,43996.57
HLA-B*51:03,GGASPQNTAFK,60.714,84.66,46606.39
HLA-B*51:03,GASPQNTAFKA,31.647,39.918,41430.09
HLA-B*51:03,ASPQNTAFKAF,24.792,21.8,37108.69
HLA-B*51:03,SPQNTAFKAFC,20.309,16.441,35061.82
HLA-B*51:03,PQNTAFKAFCN,97.5,92.365,47383.85
HLA-B*51:03,QNTAFKAFCNL,23.241,13.091,33409.32
HLA-B*51:03,NTAFKAFCNLD,55.25,27.074,38667.48
HLA-B*51:03,TAFKAFCNLDQ,62.5,33.943,40285.2
HLA-B*51:03,AFKAFCNLDQE,88.333,76.661,45878.92
HLA-B*51:03,FKAFCNLDQES,91.667,72.724,45515.02
HLA-B*51:03,KAFCNLDQESQ,81.25,79.64,46146.75
HLA-B*51:03,AFCNLDQESQL,44.545,72.067,45453.01
HLA-B*51:03,FCNLDQESQLD,72.857,80.329,46209.2
HLA-B*51:03,CNLDQESQLDG,93.333,88.837,47006.98
HLA-B*51:03,NLDQESQLDGN,93.333,95.968,48120.59
HLA-B*51:03,LDQESQLDGNL,36.0,49.96,42974.21
HLA-B*51:03,DQESQLDGNLE,59.0,71.884,45435.8
HLA-B*51:03,QESQLDGNLEH,46.667,85.8,46714.45
HLA-B*51:03,ESQLDGNLEHV,16.6,18.136,35781.93
HLA-B*51:03,SQLDGNLEHVD,51.852,62.509,44490.1
HLA-B*51:03,QLDGNLEHVDD,91.667,95.69,47993.71
HLA-B*51:03,LDGNLEHVDDS,97.5,95.799,48043.6
HLA-B*51:03,DGNLEHVDDSA,32.065,38.552,41187.85
HLA-B*51:03,GNLEHVDDSAA,66.364,78.079,46006.17
HLA-B*51:03,NLEHVDDSAAV,31.5,30.192,39454.39
HLA-B*51:03,LEHVDDSAAVF,17.083,23.763,37731.81
HLA-B*51:03,EHVDDSAAVFE,41.583,56.384,43785.72
HLA-B*51:03,HVDDSAAVFEA,36.524,49.939,42971.42
HLA-B*51:03,VDDSAAVFEAE,82.5,82.864,46441.28
HLA-B*51:03,DDSAAVFEAEM,15.716,14.38,34092.17
HLA-B*51:03,DSAAVFEAEMG,41.75,35.501,40603.34
HLA-B*51:03,SAAVFEAEMGP,32.903,35.104,40524.33
HLA-B*51:03,AAVFEAEMGPR,77.5,78.776,46068.94
HLA-B*51:03,AVFEAEMGPRG,74.286,70.752,45329.24
HLA-B*51:03,VFEAEMGPRGD,97.5,93.266,47484.95
HLA-B*51:03,FEAEMGPRGDQ,59.75,77.73,45974.82
HLA-B*51:03,EAEMGPRGDQE,66.364,89.389,47060.43
HLA-B*51:03,AEMGPRGDQES,66.818,87.353,46863.78
HLA-B*51:03,EMGPRGDQESA,20.496,36.075,40717.3
HLA-B*51:03,MGPRGDQESAS,52.963,64.424,44700.48
HLA-B*51:03,GPRGDQESAST,39.118,68.268,45086.64
HLA-B*51:03,PRGDQESASTA,67.273,85.547,46690.17
HLA-B*51:03,RGDQESASTAA,42.154,73.293,45568.74
HLA-B*51:03,GDQESASTAAL,35.0,54.227,43522.16
HLA-B*51:03,DQESASTAALD,45.7,46.329,42452.0
HLA-B*51:03,QESASTAALDS,68.182,74.483,45681.29
HLA-B*51:03,ESASTAALDST,57.0,55.968,43736.48
HLA-B*51:03,SASTAALDSTM,17.487,21.908,37144.85
HLA-B*51:03,ASTAALDSTMG,83.75,79.197,46106.83
HLA-B*51:03,STAALDSTMGQ,64.643,81.041,46274.25
HLA-B*51:03,TAALDSTMGQP,48.625,50.248,43011.43
HLA-B*51:03,AALDSTMGQPL,13.178,22.168,37228.14
HLA-B*51:03,ALDSTMGQPLD,86.667,79.192,46106.33
HLA-B*51:03,LDSTMGQPLDL,33.714,30.314,39483.0
HLA-B*51:03,DSTMGQPLDLP,38.167,35.799,40662.69
HLA-B*51:03,STMGQPLDLPL,29.318,16.941,35285.98
HLA-B*51:03,TMGQPLDLPLD,76.667,54.974,43618.79
HLA-B*51:03,MGQPLDLPLDD,60.0,27.741,38849.9
HLA-B*51:03,GQPLDLPLDDE,91.667,95.276,47805.06
HLA-B*51:03,QPLDLPLDDEG,30.027,43.408,42003.32
HLA-B*51:03,PLDLPLDDEGG,100.0,97.461,48808.04
HLA-B*51:03,LDLPLDDEGGG,74.286,77.575,45960.89
HLA-B*51:03,DLPLDDEGGGP,63.214,71.952,45442.19
HLA-B*51:03,LPLDDEGGGPP,28.551,21.256,36928.07
HLA-B*51:03,PLDDEGGGPPN,100.0,97.581,48864.04
HLA-B*51:03,LDDEGGGPPNA,49.286,69.774,45236.17
HLA-B*51:03,DDEGGGPPNAQ,62.857,95.106,47728.08
HLA-B*51:03,DEGGGPPNAQI,5.322,15.454,34608.79
HLA-B*51:03,EGGGPPNAQIP,34.885,61.687,44400.19
HLA-B*51:03,GGGPPNAQIPT,64.286,80.318,46208.22
HLA-B*51:03,GGPPNAQIPTE,63.571,85.132,46650.29
HLA-B*51:03,GPPNAQIPTEA,15.332,39.586,41372.32
HLA-B*51:03,PPNAQIPTEAR,43.727,75.842,45805.51
HLA-B*51:03,PNAQIPTEARP,71.429,76.86,45896.79
HLA-B*51:03,NAQIPTEARPR,48.0,67.461,45006.7
HLA-B*51:03,AQIPTEARPRE,67.273,88.063,46932.29
HLA-B*51:03,QIPTEARPREG,86.667,84.726,46612.46
HLA-B*51:03,IPTEARPREGF,6.21,11.643,32526.52
HLA-B*51:03,PTEARPREGFK,90.0,93.349,47494.2
HLA-B*51:03,TEARPREGFKG,67.727,80.608,46234.72
HLA-B*51:03,EARPREGFKGR,26.783,69.931,45251.84
HLA-B*51:03,ARPREGFKGRH,76.667,94.89,47667.7
HLA-B*51:03,RPREGFKGRHA,18.433,33.573,40208.59
HLA-B*51:03,PREGFKGRHAE,90.0,95.687,47992.16
HLA-B*51:03,REGFKGRHAEM,41.583,48.029,42703.52
HLA-B*51:03,EGFKGRHAEMK,38.5,55.484,43679.25
HLA-B*51:03,GFKGRHAEMKR,83.75,95.934,48104.99
HLA-B*51:03,FKGRHAEMKRL,60.357,74.123,45647.18
HLA-B*51:03,KGRHAEMKRLD,93.333,91.839,47324.91
HLA-B*51:03,GRHAEMKRLDE,93.333,96.354,48297.41
HLA-B*51:03,RHAEMKRLDEK,79.167,82.278,46387.55
HLA-B*51:03,HAEMKRLDEKR,58.5,90.805,47209.35
HLA-B*51:03,AEMKRLDEKRG,85.0,87.516,46879.5
HLA-B*51:03,EMKRLDEKRGI,31.324,38.579,41192.77
HLA-B*51:03,MKRLDEKRGIG,63.214,79.779,46159.25
HLA-B*51:03,KRLDEKRGIGL,50.0,78.804,46071.43
HLA-B*51:03,RLDEKRGIGLV,41.667,45.258,42291.55
HLA-B*51:03,LDEKRGIGLVT,64.286,62.931,44536.35
HLA-B*51:03,DEKRGIGLVTL,12.704,31.241,39698.9
HLA-B*51:03,EKRGIGLVTLP,43.909,46.125,42422.14
HLA-B*51:03,KRGIGLVTLPW,59.25,48.542,42776.6
HLA-B*51:03,RGIGLVTLPWG,75.0,55.704,43705.26
HLA-B*51:03,GIGLVTLPWGG,97.5,90.471,47172.07
HLA-B*51:03,IGLVTLPWGGT,93.333,72.401,45484.5
HLA-B*51:03,GLVTLPWGGTA,52.037,50.317,43020.27
HLA-B*51:03,LVTLPWGGTAM,39.0,33.604,40215.09
HLA-B*51:03,VTLPWGGTAME,33.536,32.992,40088.68
HLA-B*51:03,TLPWGGTAMEK,41.917,36.718,40842.17
HLA-B*51:03,LPWGGTAMEKH,18.915,27.026,38654.52
HLA-B*51:03,PWGGTAMEKHR,100.0,97.679,48909.53
HLA-B*51:03,WGGTAMEKHRL,41.75,51.878,43219.94
HLA-B*51:03,GGTAMEKHRLI,10.99,16.814,35229.14
HLA-B*51:03,GTAMEKHRLID,39.059,54.475,43554.2
HLA-B*51:03,TAMEKHRLIDE,22.59,33.505,40194.66
HLA-B*51:03,AMEKHRLIDEA,75.0,61.112,44337.29
HLA-B*51:03,MEKHRLIDEAC,53.333,57.568,43926.18
HLA-B*51:03,EKHRLIDEACG,95.0,87.721,46899.28
HLA-B*51:03,KHRLIDEACGG,93.333,88.7,46993.77
HLA-B*51:03,HRLIDEACGGN,97.5,95.211,47775.6
HLA-B*51:03,RLIDEACGGNI,39.118,36.011,40704.96
HLA-B*51:03,LIDEACGGNIE,86.667,70.527,45308.17
HLA-B*51:03,IDEACGGNIEV,30.73,31.096,39665.84
HLA-B*51:03,DEACGGNIEVD,39.647,53.147,43383.0
HLA-B*51:03,EACGGNIEVDC,44.545,67.8,45040.32
HLA-B*51:03,ACGGNIEVDCL,72.143,80.745,46247.21
HLA-B*51:03,CGGNIEVDCLI,58.75,13.489,33626.54
HLA-B*51:03,GGNIEVDCLIG,95.0,80.772,46249.72
HLA-B*51:03,GNIEVDCLIGS,95.0,87.405,46868.86
HLA-B*51:03,NIEVDCLIGSC,88.333,72.756,45517.98
HLA-B*51:03,IEVDCLIGSCF,31.176,30.516,39530.46
HLA-B*51:03,EVDCLIGSCFT,66.364,45.079,42264.55
HLA-B*51:03,VDCLIGSCFTG,95.0,63.713,44622.2
HLA-B*51:03,DCLIGSCFTGL,38.056,32.073,39888.35
HLA-B*51:03,CLIGSCFTGLF,61.429,17.632,35575.79
HLA-B*51:03,LIGSCFTGLFM,60.0,22.178,37231.38
HLA-B*51:03,IGSCFTGLFMI,42.077,9.325,30871.36
HLA-B*51:03,GSCFTGLFMIS,90.0,60.272,44245.75
HLA-B*51:03,SCFTGLFMISN,80.0,76.838,45894.81
HLA-B*51:03,CFTGLFMISNE,97.5,88.295,46954.63
HLA-B*51:03,FTGLFMISNEF,31.5,13.221,33480.24
HLA-B*51:03,TGLFMISNEFH,69.091,48.747,42805.77
HLA-B*51:03,GLFMISNEFHG,90.0,70.553,45310.62
HLA-B*51:03,LFMISNEFHGR,75.833,66.954,44956.57
HLA-B*51:03,FMISNEFHGRQ,76.667,62.012,44435.73
HLA-B*51:03,MISNEFHGRQH,63.214,82.952,46449.34
HLA-B*51:03,ISNEFHGRQHG,69.545,63.546,44603.84
HLA-B*51:03,SNEFHGRQHGW,34.308,46.013,42405.62
HLA-B*51:03,NEFHGRQHGWL,17.041,28.349,39007.87
HLA-B*51:03,EFHGRQHGWLD,76.667,66.988,44959.99
HLA-B*51:03,FHGRQHGWLDE,95.0,83.16,46468.42
HLA-B*51:03,HGRQHGWLDEK,73.571,76.628,45875.93
HLA-B*51:03,GRQHGWLDEKR,90.0,96.111,48186.24
HLA-B*51:03,RQHGWLDEKRQ,91.667,95.482,47898.79
HLA-B*51:03,QHGWLDEKRQM,37.947,69.69,45227.83
HLA-B*51:03,HGWLDEKRQMY,40.812,54.493,43556.55
HLA-B*51:03,GWLDEKRQMYS,90.0,89.558,47076.7
HLA-B*51:03,WLDEKRQMYSE,72.857,73.58,45595.87
HLA-B*51:03,LDEKRQMYSER,80.0,91.468,47283.45
HLA-B*51:03,DEKRQMYSERK,58.75,79.225,46109.33
HLA-B*51:03,EKRQMYSERKI,24.208,23.611,37683.66
HLA-B*51:03,KRQMYSERKIR,82.5,81.068,46276.75
HLA-B*51:03,RQMYSERKIRR,71.429,77.254,45932.06
HLA-B*51:03,QMYSERKIRRQ,88.333,93.147,47471.57
HLA-B*51:03,MYSERKIRRQA,49.714,48.682,42796.49
HLA-B*51:03,YSERKIRRQAI,23.333,22.485,37328.17
HLA-B*51:03,SERKIRRQAIQ,65.909,72.39,45483.5
HLA-B*51:03,ERKIRRQAIQT,74.286,84.398,46582.2
HLA-B*51:03,RKIRRQAIQTV,29.818,40.681,41559.4
HLA-B*51:03,KIRRQAIQTVC,68.636,72.792,45521.42
HLA-B*51:03,IRRQAIQTVCL,39.412,42.109,41792.99
HLA-B*51:03,RRQAIQTVCLI,25.806,7.441,29164.1
HLA-B*51:03,RQAIQTVCLIS,65.455,30.515,39530.03
HLA-B*51:03,QAIQTVCLISL,5.783,10.377,31650.26
HLA-B*51:03,AIQTVCLISLL,53.333,30.496,39525.75
HLA-B*51:03,IQTVCLISLLP,74.286,35.402,40583.57
HLA-B*51:03,QTVCLISLLPT,90.0,50.963,43102.73
HLA-B*51:03,TVCLISLLPTM,24.0,17.762,35630.5
HLA-B*51:03,VCLISLLPTML,46.889,38.063,41097.93
HLA-B*51:03,CLISLLPTMLT,64.643,36.125,40726.99
HLA-B*51:03,LISLLPTMLTS,74.286,51.451,43165.29
HLA-B*51:03,ISLLPTMLTSL,16.102,12.526,33076.98
HLA-B*51:03,SLLPTMLTSLR,41.5,44.537,42179.11
HLA-B*51:03,LLPTMLTSLRK,57.0,38.288,41139.3
HLA-B*51:03,LPTMLTSLRKR,36.0,37.309,40955.45
HLA-B*51:03,PTMLTSLRKRQ,97.5,95.988,48129.97
HLA-B*51:03,TMLTSLRKRQT,85.0,82.853,46440.29
HLA-B*51:03,MLTSLRKRQTT,69.091,66.186,44880.76
HLA-B*51:03,LTSLRKRQTTT,77.5,77.647,45967.35
HLA-B*51:03,TSLRKRQTTTF,29.045,36.43,40786.07
HLA-B*51:03,SLRKRQTTTFK,70.714,76.29,45845.67
HLA-B*51:03,LRKRQTTTFKI,45.4,37.326,40958.54
HLA-B*51:03,RKRQTTTFKID,88.333,83.861,46532.84
HLA-B*51:03,KRQTTTFKIDA,85.0,83.269,46478.49
HLA-B*51:03,RQTTTFKIDAP,81.25,74.222,45656.57
HLA-B*51:03,QTTTFKIDAPA,60.357,41.905,41759.53
HLA-B*51:03,TTTFKIDAPAT,83.75,67.156,44976.52
HLA-B*51:03,TTFKIDAPATI,4.967,4.686,25556.28
HLA-B*51:03,TFKIDAPATIK,35.875,49.825,42955.62
HLA-B*51:03,FKIDAPATIKV,10.615,18.316,35850.13
HLA-B*51:03,KIDAPATIKVV,11.459,26.54,38525.08
HLA-B*51:03,IDAPATIKVVH,27.037,44.422,42160.86
HLA-B*51:03,DAPATIKVVHK,14.71,40.745,41570.2
HLA-B*51:03,APATIKVVHKV,1.481,4.191,24673.49
HLA-B*51:03,PATIKVVHKVY,50.926,57.672,43938.53
HLA-B*51:03,ATIKVVHKVYL,27.889,41.274,41657.56
HLA-B*51:03,TIKVVHKVYLL,23.805,34.414,40382.54
HLA-B*51:03,IKVVHKVYLLL,36.048,25.969,38373.25
HLA-B*51:03,KVVHKVYLLLR,77.5,73.486,45586.99
HLA-B*51:03,VVHKVYLLLRD,88.333,71.801,45427.95
HLA-B*51:03,VHKVYLLLRDE,95.0,86.732,46803.98
HLA-B*51:03,HKVYLLLRDEF,54.444,50.31,43019.33
HLA-B*51:03,KVYLLLRDEFG,81.25,66.373,44899.23
HLA-B*51:03,VYLLLRDEFGE,86.667,82.278,46387.55
HLA-B*51:03,YLLLRDEFGER,74.286,78.832,46073.93
HLA-B*51:03,LLLRDEFGERP,68.182,67.864,45046.65
HLA-B*51:03,LLRDEFGERPV,43.818,30.978,39638.81
HLA-B*51:03,LRDEFGERPVE,71.429,71.978,45444.66
HLA-B*51:03,RDEFGERPVES,63.929,85.305,46666.93
HLA-B*51:03,DEFGERPVESH,24.377,65.143,44777.92
HLA-B*51:03,EFGERPVESHS,61.429,82.798,46435.26
HLA-B*51:03,FGERPVESHSM,27.444,39.28,41319.09
HLA-B*51:03,GERPVESHSMK,46.667,69.267,45185.79
HLA-B*51:03,ERPVESHSMKR,50.556,77.857,45986.27
HLA-B*51:03,RPVESHSMKRA,17.321,25.838,38336.3
HLA-B*51:03,PVESHSMKRAI,52.222,46.301,42447.87
HLA-B*51:03,VESHSMKRAIL,42.077,41.749,41734.25
HLA-B*51:03,ESHSMKRAILH,45.0,57.268,43890.53
HLA-B*51:03,SHSMKRAILHP,63.571,48.182,42725.26
HLA-B*51:03,HSMKRAILHPL,22.53,12.931,33318.35
HLA-B*51:03,SMKRAILHPLA,58.0,36.214,40744.17
HLA-B*51:03,MKRAILHPLAC,22.75,22.401,37301.53
HLA-B*51:03,KRAILHPLACV,43.364,28.975,39163.92
HLA-B*51:03,RAILHPLACVL,17.694,12.795,33236.97
HLA-B*51:03,AILHPLACVLT,76.667,63.106,44555.62
HLA-B*51:03,ILHPLACVLTR,50.926,39.139,41294.5
HLA-B*51:03,LHPLACVLTRL,19.101,9.635,31116.16
HLA-B*51:03,HPLACVLTRLV,2.798,0.858,13394.36
HLA-B*51:03,PLACVLTRLVK,93.333,73.575,45595.37
HLA-B*51:03,LACVLTRLVKL,13.244,15.768,34756.25
HLA-B*51:03,ACVLTRLVKLD,86.667,88.168,46942.43
HLA-B*51:03,CVLTRLVKLDV,55.25,30.392,39501.39
HLA-B*51:03,VLTRLVKLDVD,95.0,77.907,45990.75
HLA-B*51:03,LTRLVKLDVDL,53.519,43.994,42092.94
HLA-B*51:03,TRLVKLDVDLG,90.0,81.145,46283.77
HLA-B*51:03,RLVKLDVDLGA,53.889,68.632,45122.74
HLA-B*51:03,LVKLDVDLGAF,51.852,41.553,41702.63
HLA-B*51:03,VKLDVDLGAFL,32.226,37.698,41029.08
HLA-B*51:03,KLDVDLGAFLM,49.0,44.67,42200.11
HLA-B*51:03,LDVDLGAFLMK,57.75,55.52,43683.51
HLA-B*51:03,DVDLGAFLMKE,66.364,73.048,45545.55
HLA-B*51:03,VDLGAFLMKEC,69.545,67.746,45034.95
HLA-B*51:03,DLGAFLMKECA,20.976,8.318,29997.47
HLA-B*51:03,LGAFLMKECAF,54.815,30.502,39527.05
HLA-B*51:03,GAFLMKECAFS,81.25,55.676,43701.94
HLA-B*51:03,AFLMKECAFSD,97.5,81.742,46338.39
HLA-B*51:03,FLMKECAFSDV,48.5,17.924,35698.39
HLA-B*51:03,LMKECAFSDVM,54.259,21.967,37164.57
HLA-B*51:03,MKECAFSDVMA,62.5,38.814,41236.01
HLA-B*51:03,KECAFSDVMAR,47.75,59.408,44145.33
HLA-B*51:03,ECAFSDVMARA,38.389,28.48,39040.38
HLA-B*51:03,CAFSDVMARAP,48.0,17.906,35690.68
HLA-B*51:03,AFSDVMARAPF,54.444,30.031,39416.85
HLA-B*51:03,FSDVMARAPFE,74.286,32.76,40037.96
HLA-B*51:03,SDVMARAPFEV,28.347,10.432,31690.03
HLA-B*51:03,DVMARAPFEVV,2.867,1.676,17864.66
HLA-B*51:03,VMARAPFEVVE,51.667,42.401,41841.4
HLA-B*51:03,MARAPFEVVEI,4.643,1.9,18839.59
HLA-B*51:03,ARAPFEVVEIA,9.811,14.705,34251.52
HLA-B*51:03,RAPFEVVEIAP,38.722,34.543,40409.19
HLA-B*51:03,APFEVVEIAPS,29.818,24.55,37968.93
HLA-B*51:03,PFEVVEIAPSF,31.471,31.522,39762.96
HLA-B*51:03,FEVVEIAPSFT,35.083,36.543,40808.15
HLA-B*51:03,EVVEIAPSFTI,2.879,2.17,19781.48
HLA-B*51:03,VVEIAPSFTIR,37.474,28.092,38943.77
HLA-B*51:03,VEIAPSFTIRH,32.0,37.726,41034.39
HLA-B*51:03,EIAPSFTIRHN,59.0,51.495,43170.88
HLA-B*51:03,IAPSFTIRHNF,14.831,10.216,31534.74
HLA-B*51:03,APSFTIRHNFR,31.382,36.532,40805.94
HLA-B*51:03,PSFTIRHNFRL,41.083,37.145,40924.43
HLA-B*51:03,SFTIRHNFRLL,48.625,28.988,39167.31
HLA-B*51:03,FTIRHNFRLLS,68.182,30.106,39434.34
HLA-B*51:03,TIRHNFRLLSD,90.0,74.076,45642.73
HLA-B*51:03,IRHNFRLLSDT,91.667,73.424,45581.05
HLA-B*51:03,RHNFRLLSDTP,77.5,57.212,43883.9
HLA-B*51:03,HNFRLLSDTPR,74.286,70.866,45340.03
HLA-B*51:03,NFRLLSDTPRK,59.5,74.389,45672.39
HLA-B*51:03,FRLLSDTPRKV,18.787,22.919,37465.35
HLA-B*51:03,RLLSDTPRKVY,48.75,61.898,44423.24
HLA-B*51:03,LLSDTPRKVYA,43.455,48.731,42803.45
HLA-B*51:03,LSDTPRKVYAE,76.667,77.674,45969.84
HLA-B*51:03,SDTPRKVYAET,30.378,37.199,40934.62
HLA-B*51:03,DTPRKVYAETS,41.917,48.133,42718.32
HLA-B*51:03,TPRKVYAETSA,10.669,12.561,33097.74
HLA-B*51:03,PRKVYAETSAE,95.0,95.756,48023.84
HLA-B*51:03,RKVYAETSAEK,81.25,89.195,47041.59
HLA-B*51:03,KVYAETSAEKA,48.0,57.084,43868.71
HLA-B*51:03,VYAETSAEKAP,70.0,72.839,45525.85
HLA-B*51:03,YAETSAEKAPA,36.667,32.605,40004.17
HLA-B*51:03,AETSAEKAPAE,69.545,92.406,47388.46
HLA-B*51:03,ETSAEKAPAEM,22.21,41.589,41708.5
HLA-B*51:03,TSAEKAPAEMV,15.321,17.98,35721.59
HLA-B*51:03,SAEKAPAEMVG,45.1,53.636,43445.94
HLA-B*51:03,AEKAPAEMVGL,26.6,53.92,43482.63
HLA-B*51:03,EKAPAEMVGLG,34.538,26.436,38497.59
HLA-B*51:03,KAPAEMVGLGN,88.333,74.348,45668.44
HLA-B*51:03,APAEMVGLGNN,78.333,60.905,44314.74
HLA-B*51:03,PAEMVGLGNNA,65.0,64.214,44677.28
HLA-B*51:03,AEMVGLGNNAK,61.071,70.125,45270.43
HLA-B*51:03,EMVGLGNNAKM,34.308,38.225,41127.73
HLA-B*51:03,MVGLGNNAKMA,70.714,53.884,43477.92
HLA-B*51:03,VGLGNNAKMAS,85.0,89.258,47047.68
HLA-B*51:03,GLGNNAKMASM,71.429,72.103,45456.47
HLA-B*51:03,LGNNAKMASME,83.75,77.359,45941.51
HLA-B*51:03,GNNAKMASMEL,33.929,43.881,42075.65
HLA-B*51:03,NNAKMASMELL,30.946,20.969,36832.29
HLA-B*51:03,NAKMASMELLR,31.882,29.171,39210.98
HLA-B*51:03,AKMASMELLRL,36.381,34.004,40297.86
HLA-B*51:03,KMASMELLRLV,23.517,5.032,26096.4
HLA-B*51:03,MASMELLRLVF,19.291,3.837,23984.65
HLA-B*51:03,ASMELLRLVFK,49.143,40.447,41519.86
HLA-B*51:03,SMELLRLVFKA,72.857,39.969,41439.07
HLA-B*51:03,MELLRLVFKAG,80.0,39.283,41319.52
HLA-B*51:03,ELLRLVFKAGS,81.25,72.265,45471.71
HLA-B*51:03,LLRLVFKAGST,86.667,67.5,45010.61
HLA-B*51:03,LRLVFKAGSTL,16.627,15.979,34855.67
HLA-B*51:03,RLVFKAGSTLN,56.75,61.775,44409.78
HLA-B*51:03,LVFKAGSTLNA,30.243,21.575,37034.1
HLA-B*51:03,VFKAGSTLNAN,93.333,84.825,46621.54
HLA-B*51:03,FKAGSTLNANG,90.0,78.904,46080.41
HLA-B*51:03,KAGSTLNANGK,73.571,90.686,47196.05
HLA-B*51:03,AGSTLNANGKC,72.143,85.195,46656.34
HLA-B*51:03,GSTLNANGKCA,86.667,78.04,46002.7
HLA-B*51:03,STLNANGKCAC,75.0,77.243,45931.08
HLA-B*51:03,TLNANGKCACL,52.963,49.798,42951.91
HLA-B*51:03,LNANGKCACLY,68.636,44.014,42096.14
HLA-B*51:03,NANGKCACLYS,66.818,39.763,41403.22
HLA-B*51:03,ANGKCACLYSG,100.0,90.105,47131.26
HLA-B*51:03,NGKCACLYSGQ,95.0,83.68,46516.21
HLA-B*51:03,GKCACLYSGQL,78.333,59.276,44129.59
HLA-B*51:03,KCACLYSGQLP,91.667,59.448,44150.12
HLA-B*51:03,CACLYSGQLPE,82.5,44.19,42123.93
HLA-B*51:03,ACLYSGQLPEA,70.0,56.516,43801.34
HLA-B*51:03,CLYSGQLPEAG,88.333,55.488,43679.73
HLA-B*51:03,LYSGQLPEAGE,91.667,93.403,47500.36
HLA-B*51:03,YSGQLPEAGET,61.071,62.091,44444.39
HLA-B*51:03,SGQLPEAGETD,88.333,88.305,46955.63
HLA-B*51:03,GQLPEAGETDY,53.333,83.111,46463.89
HLA-B*51:03,QLPEAGETDYS,66.818,76.595,45872.97
HLA-B*51:03,LPEAGETDYSA,23.023,21.292,36940.05
HLA-B*51:03,PEAGETDYSAS,95.0,95.2,47770.95
HLA-B*51:03,EAGETDYSASD,74.286,77.924,45992.23
HLA-B*51:03,AGETDYSASDA,82.5,82.716,46427.71
HLA-B*51:03,GETDYSASDAD,95.0,90.302,47153.18
HLA-B*51:03,ETDYSASDADS,95.0,90.563,47182.26
HLA-B*51:03,TDYSASDADSI,23.46,16.441,35062.2
HLA-B*51:03,DYSASDADSIY,21.711,35.249,40553.3
HLA-B*51:03,YSASDADSIYP,46.222,45.524,42331.82
HLA-B*51:03,SASDADSIYPN,72.857,70.287,45285.62
HLA-B*51:03,ASDADSIYPNI,12.421,13.436,33597.08
HLA-B*51:03,SDADSIYPNIQ,32.258,34.668,40435.0
HLA-B*51:03,DADSIYPNIQG,14.379,21.718,37081.42
HLA-B*51:03,ADSIYPNIQGE,72.143,86.411,46773.11
HLA-B*51:03,DSIYPNIQGES,48.125,49.603,42924.94
HLA-B*51:03,SIYPNIQGESG,46.444,51.466,43167.15
HLA-B*51:03,IYPNIQGESGG,82.5,65.674,44830.28
HLA-B*51:03,YPNIQGESGGG,42.462,35.693,40641.59
HLA-B*51:03,PNIQGESGGGP,97.5,96.56,48392.09
HLA-B*51:03,NIQGESGGGPI,53.889,36.652,40829.34
HLA-B*51:03,IQGESGGGPIL,27.389,44.155,42118.46
HLA-B*51:03,QGESGGGPILV,23.609,43.693,42046.98
HLA-B*51:03,GESGGGPILVA,49.286,61.876,44420.84
HLA-B*51:03,ESGGGPILVAN,58.0,74.859,45716.89
HLA-B*51:03,SGGGPILVANV,28.612,35.007,40505.05
HLA-B*51:03,GGGPILVANVY,20.098,44.371,42152.65
HLA-B*51:03,GGPILVANVYV,35.25,23.286,37581.05
HLA-B*51:03,GPILVANVYVP,31.353,25.781,38320.55
HLA-B*51:03,PILVANVYVPS,100.0,92.027,47345.91
HLA-B*51:03,ILVANVYVPSN,91.667,68.617,45121.29
HLA-B*51:03,LVANVYVPSNR,65.0,69.916,45250.35
HLA-B*51:03,VANVYVPSNRS,51.481,49.768,42947.73
HLA-B*51:03,ANVYVPSNRSK,60.357,84.721,46611.95
HLA-B*51:03,NVYVPSNRSKA,21.754,24.389,37921.28
HLA-B*51:03,VYVPSNRSKAA,27.593,39.581,41371.41
HLA-B*51:03,YVPSNRSKAAN,54.815,63.603,44610.14
HLA-B*51:03,VPSNRSKAANH,38.389,69.198,45178.94
HLA-B*51:03,PSNRSKAANHN,100.0,96.951,48572.03
HLA-B*51:03,SNRSKAANHNS,91.667,95.041,47698.63
HLA-B*51:03,NRSKAANHNSA,61.786,72.86,45527.82
HLA-B*51:03,RSKAANHNSAP,65.909,73.466,45584.99
HLA-B*51:03,SKAANHNSAPS,90.0,78.477,46042.03
HLA-B*51:03,KAANHNSAPSV,15.336,24.694,38011.26
HLA-B*51:03,AANHNSAPSVG,47.125,56.4,43787.62
HLA-B*51:03,ANHNSAPSVGE,85.0,93.852,47550.75
HLA-B*51:03,NHNSAPSVGES,72.143,76.722,45884.39
HLA-B*51:03,HNSAPSVGESD,85.0,86.579,46789.31
HLA-B*51:03,NSAPSVGESDI,14.296,13.053,33388.36
HLA-B*51:03,SAPSVGESDIL,14.5,27.491,38781.46
HLA-B*51:03,APSVGESDILG,38.056,50.594,43055.66
HLA-B*51:03,PSVGESDILGI,58.25,51.893,43221.84
HLA-B*51:03,SVGESDILGID,74.286,69.734,45232.23
HLA-B*51:03,VGESDILGIDD,97.5,92.113,47355.65
HLA-B*51:03,GESDILGIDDN,97.5,95.676,47987.49
HLA-B*51:03,ESDILGIDDNH,67.727,92.768,47428.98
HLA-B*51:03,SDILGIDDNHL,32.194,47.467,42619.97
HLA-B*51:03,DILGIDDNHLI,4.216,4.241,24768.18
HLA-B*51:03,ILGIDDNHLII,27.296,23.46,37635.98
HLA-B*51:03,LGIDDNHLIIQ,52.037,48.052,42706.75
HLA-B*51:03,GIDDNHLIIQE,85.0,95.689,47993.18
HLA-B*51:03,IDDNHLIIQEL,18.232,36.195,40740.65
HLA-B*51:03,DDNHLIIQELT,30.108,44.026,42097.96
HLA-B*51:03,DNHLIIQELTR,24.714,54.442,43549.95
HLA-B*51:03,NHLIIQELTRA,40.812,40.016,41447.14
HLA-B*51:03,HLIIQELTRAH,52.037,77.475,45951.94
HLA-B*51:03,LIIQELTRAHD,90.0,82.525,46410.14
HLA-B*51:03,IIQELTRAHDL,34.5,37.799,41048.16
HLA-B*51:03,IQELTRAHDLY,58.0,54.336,43536.28
HLA-B*51:03,QELTRAHDLYH,61.071,70.219,45279.25
HLA-B*51:03,ELTRAHDLYHG,88.333,78.45,46039.53
HLA-B*51:03,LTRAHDLYHGK,50.741,58.768,44068.98
HLA-B*51:03,TRAHDLYHGKL,40.875,43.685,42045.62
HLA-B*51:03,RAHDLYHGKLN,48.75,58.776,44069.92
HLA-B*51:03,AHDLYHGKLNH,64.286,82.968,46450.83
HLA-B*51:03,HDLYHGKLNHL,32.323,36.768,40851.89
HLA-B*51:03,DLYHGKLNHLS,34.115,34.831,40468.7
HLA-B*51:03,LYHGKLNHLSN,85.0,77.597,45962.88
HLA-B*51:03,YHGKLNHLSNE,90.0,82.36,46395.09
HLA-B*51:03,HGKLNHLSNEH,59.5,90.554,47181.25
HLA-B*51:03,GKLNHLSNEHS,97.5,96.59,48405.7
HLA-B*51:03,KLNHLSNEHSD,95.0,94.62,47637.27
HLA-B*51:03,LNHLSNEHSDD,100.0,95.549,47929.38
HLA-B*51:03,NHLSNEHSDDA,37.947,57.532,43921.9
HLA-B*51:03,HLSNEHSDDAF,50.741,57.684,43939.95
HLA-B*51:03,LSNEHSDDAFQ,74.286,73.288,45568.24
HLA-B*51:03,SNEHSDDAFQI,25.507,32.552,39992.52
HLA-B*51:03,NEHSDDAFQIT,37.211,49.785,42950.03
HLA-B*51:03,EHSDDAFQITP,33.893,49.229,42873.43
HLA-B*51:03,HSDDAFQITPL,20.472,31.535,39765.96
HLA-B*51:03,SDDAFQITPLG,47.0,23.907,37777.56
HLA-B*51:03,DDAFQITPLGL,5.821,4.925,25931.75
HLA-B*51:03,DAFQITPLGLK,5.347,5.746,27098.63
HLA-B*51:03,AFQITPLGLKD,91.667,83.335,46484.52
HLA-B*51:03,FQITPLGLKDF,38.944,29.456,39279.34
HLA-B*51:03,QITPLGLKDFD,78.333,68.278,45087.6
HLA-B*51:03,ITPLGLKDFDD,95.0,85.805,46714.93
HLA-B*51:03,TPLGLKDFDDV,8.9,5.179,26305.91
HLA-B*51:03,PLGLKDFDDVS,100.0,95.487,47901.38
HLA-B*51:03,LGLKDFDDVSY,51.667,53.84,43472.28
HLA-B*51:03,GLKDFDDVSYQ,70.714,93.856,47551.27
HLA-B*51:03,LKDFDDVSYQF,18.774,38.45,41169.13
HLA-B*51:03,KDFDDVSYQFE,53.889,80.318,46208.22
HLA-B*51:03,DFDDVSYQFEA,24.273,28.983,39166.02
HLA-B*51:03,FDDVSYQFEAD,93.333,69.69,45227.83
HLA-B*51:03,DDVSYQFEADM,25.239,17.936,35703.05
HLA-B*51:03,DVSYQFEADMA,41.833,29.943,39395.96
HLA-B*51:03,VSYQFEADMAY,21.158,21.014,36848.25
HLA-B*51:03,SYQFEADMAYN,62.5,58.524,44039.89
HLA-B*51:03,YQFEADMAYNL,7.702,9.822,31251.12
HLA-B*51:03,QFEADMAYNLF,30.0,20.583,36693.47
HLA-B*51:03,FEADMAYNLFA,30.514,14.098,33954.85
HLA-B*51:03,EADMAYNLFAW,10.649,9.139,30714.42
HLA-B*51:03,ADMAYNLFAWS,81.25,42.155,41800.67
HLA-B*51:03,DMAYNLFAWSD,85.0,33.139,40119.04
HLA-B*51:03,MAYNLFAWSDV,17.513,1.349,16298.84
HLA-B*51:03,AYNLFAWSDVD,97.5,71.545,45403.85
HLA-B*51:03,YNLFAWSDVDS,97.5,72.876,45529.32
HLA-B*51:03,NLFAWSDVDSR,34.5,52.046,43241.46
HLA-B*51:03,LFAWSDVDSRK,61.429,57.652,43936.15
HLA-B*51:03,FAWSDVDSRKA,13.309,13.029,33375.36
HLA-B*51:03,AWSDVDSRKAI,37.842,39.481,41353.96
HLA-B*51:03,WSDVDSRKAIT,58.5,51.05,43113.93
HLA-B*51:03,SDVDSRKAITS,60.357,81.281,46296.3
HLA-B*51:03,DVDSRKAITSE,50.0,74.671,45699.08
HLA-B*51:03,VDSRKAITSES,88.333,86.326,46765.0
HLA-B*51:03,DSRKAITSESA,14.51,21.934,37153.3
HLA-B*51:03,SRKAITSESAL,17.399,36.236,40748.59
HLA-B*51:03,RKAITSESALA,63.929,68.297,45089.55
HLA-B*51:03,KAITSESALAA,21.351,37.499,40991.36
HLA-B*51:03,AITSESALAAP,80.0,80.263,46203.21
HLA-B*51:03,ITSESALAAPE,77.5,72.422,45486.47
HLA-B*51:03,TSESALAAPEE,82.5,87.668,46894.2
HLA-B*51:03,SESALAAPEEQ,69.091,85.284,46664.91
HLA-B*51:03,ESALAAPEEQI,11.053,9.08,30664.62
HLA-B*51:03,SALAAPEEQIL,10.144,20.482,36657.36
HLA-B*51:03,ALAAPEEQILK,45.9,74.53,45685.73
HLA-B*51:03,LAAPEEQILKR,29.477,57.708,43942.81
HLA-B*51:03,AAPEEQILKRT,43.818,78.372,46032.55
HLA-B*51:03,APEEQILKRTG,37.684,59.048,44102.36
HLA-B*51:03,PEEQILKRTGM,57.0,77.409,45945.98
HLA-B*51:03,EEQILKRTGMP,48.5,58.512,44038.47
HLA-B*51:03,EQILKRTGMPP,46.111,44.509,42174.57
HLA-B*51:03,QILKRTGMPPI,30.676,21.639,37055.34
HLA-B*51:03,ILKRTGMPPIK,77.5,60.114,44228.52
HLA-B*51:03,LKRTGMPPIKA,52.778,61.577,44388.16
HLA-B*51:03,KRTGMPPIKAV,18.018,33.025,40095.61
HLA-B*51:03,RTGMPPIKAVW,27.463,30.133,39440.75
HLA-B*51:03,TGMPPIKAVWT,30.973,32.516,39984.73
HLA-B*51:03,GMPPIKAVWTC,20.016,12.224,32897.81
HLA-B*51:03,MPPIKAVWTCN,24.052,12.88,33287.72
HLA-B*51:03,PPIKAVWTCNS,53.704,43.967,42088.87
HLA-B*51:03,PIKAVWTCNSI,61.786,20.709,36738.77
HLA-B*51:03,IKAVWTCNSIK,77.5,32.792,40044.91
HLA-B*51:03,KAVWTCNSIKA,59.0,40.149,41469.57
HLA-B*51:03,AVWTCNSIKAV,31.441,32.351,39948.82
HLA-B*51:03,VWTCNSIKAVP,77.5,67.116,44972.63
HLA-B*51:03,WTCNSIKAVPR,76.667,63.664,44616.87
HLA-B*51:03,TCNSIKAVPRW,28.694,31.083,39662.85
HLA-B*51:03,CNSIKAVPRWK,85.0,61.481,44377.6
HLA-B*51:03,NSIKAVPRWKR,43.182,56.816,43836.92
HLA-B*51:03,SIKAVPRWKRL,21.544,31.701,39803.86
HLA-B*51:03,IKAVPRWKRLD,57.25,64.504,44709.19
HLA-B*51:03,KAVPRWKRLDV,25.612,22.634,37375.05
HLA-B*51:03,AVPRWKRLDVP,70.0,47.721,42657.8
HLA-B*51:03,VPRWKRLDVPR,49.286,41.645,41717.54
HLA-B*51:03,PRWKRLDVPRE,97.5,96.673,48443.96
HLA-B*51:03,RWKRLDVPRET,82.5,93.934,47560.01
HLA-B*51:03,WKRLDVPRETN,95.0,87.258,46854.66
HLA-B*51:03,KRLDVPRETNF,40.75,70.433,45299.35
HLA-B*51:03,RLDVPRETNFA,61.071,68.396,45099.32
HLA-B*51:03,LDVPRETNFAA,11.733,9.574,31072.76
HLA-B*51:03,DVPRETNFAAV,7.481,5.325,26516.23
HLA-B*51:03,VPRETNFAAVE,17.959,11.59,32491.7
HLA-B*51:03,PRETNFAAVEE,95.0,95.468,47892.57
HLA-B*51:03,RETNFAAVEED,93.333,86.737,46804.49
HLA-B*51:03,ETNFAAVEEDQ,82.5,93.06,47461.84
HLA-B*51:03,TNFAAVEEDQV,25.0,23.299,37585.12
HLA-B*51:03,NFAAVEEDQVL,10.503,29.716,39341.43
HLA-B*51:03,FAAVEEDQVLK,31.706,41.682,41723.4
HLA-B*51:03,AAVEEDQVLKN,67.273,87.268,46855.65
HLA-B*51:03,AVEEDQVLKNL,20.203,61.551,44385.3
HLA-B*51:03,VEEDQVLKNLV,16.2,30.215,39459.94
HLA-B*51:03,EEDQVLKNLVS,35.792,51.685,43195.17
HLA-B*51:03,EDQVLKNLVSQ,66.818,83.817,46528.82
HLA-B*51:03,DQVLKNLVSQA,17.772,27.544,38796.15
HLA-B*51:03,QVLKNLVSQAY,42.923,52.389,43285.46
HLA-B*51:03,VLKNLVSQAYG,85.0,70.402,45296.39
HLA-B*51:03,LKNLVSQAYGA,71.429,56.904,43847.36
HLA-B*51:03,KNLVSQAYGAV,63.214,40.021,41448.03
HLA-B*51:03,NLVSQAYGAVY,52.037,37.92,41071.25
HLA-B*51:03,LVSQAYGAVYE,85.0,64.996,44763.4
HLA-B*51:03,VSQAYGAVYEN,85.0,59.996,44215.59
HLA-B*51:03,SQAYGAVYENV,35.375,17.639,35578.86
HLA-B*51:03,QAYGAVYENVV,4.176,3.467,23243.01
HLA-B*51:03,AYGAVYENVVA,65.0,61.525,44382.41
HLA-B*51:03,YGAVYENVVAA,18.64,15.694,34721.3
HLA-B*51:03,GAVYENVVAAG,61.071,75.227,45750.54
HLA-B*51:03,AVYENVVAAGK,52.037,64.89,44751.77
HLA-B*51:03,VYENVVAAGKL,44.091,39.992,41443.11
HLA-B*51:03,YENVVAAGKLV,15.884,12.835,33261.07
HLA-B*51:03,ENVVAAGKLVV,17.663,17.624,35572.71
HLA-B*51:03,NVVAAGKLVVL,13.78,25.824,38332.57
HLA-B*51:03,VVAAGKLVVLQ,52.593,68.725,45132.03
HLA-B*51:03,VAAGKLVVLQP,29.614,39.882,41423.82
HLA-B*51:03,AAGKLVVLQPL,30.135,30.714,39576.69
HLA-B*51:03,AGKLVVLQPLH,73.571,78.056,46004.18
HLA-B*51:03,GKLVVLQPLHE,95.0,95.087,47719.28
HLA-B*51:03,KLVVLQPLHES,82.5,88.695,46993.25
HLA-B*51:03,LVVLQPLHESV,22.54,13.424,33590.54
HLA-B*51:03,VVLQPLHESVR,42.538,49.367,42892.45
HLA-B*51:03,VLQPLHESVRF,7.647,14.047,33929.88
HLA-B*51:03,LQPLHESVRFV,14.43,9.985,31369.35
HLA-B*51:03,QPLHESVRFVV,3.281,2.142,19693.5
HLA-B*51:03,PLHESVRFVVI,41.167,26.049,38394.84
HLA-B*51:03,LHESVRFVVIY,49.0,34.374,40374.23
HLA-B*51:03,HESVRFVVIYQ,59.5,62.144,44450.18
HLA-B*51:03,ESVRFVVIYQT,45.2,36.645,40828.02
HLA-B*51:03,SVRFVVIYQTF,32.065,28.5,39045.45
HLA-B*51:03,VRFVVIYQTFL,41.583,31.416,39738.86
HLA-B*51:03,RFVVIYQTFLK,85.0,63.445,44592.77
HLA-B*51:03,FVVIYQTFLKV,26.217,12.032,32784.46
HLA-B*51:03,VVIYQTFLKVS,63.214,42.771,41903.02
HLA-B*51:03,VIYQTFLKVSD,75.833,59.028,44099.98
HLA-B*51:03,IYQTFLKVSDL,36.238,26.989,38644.47
HLA-B*51:03,YQTFLKVSDLK,59.5,42.877,41920.7
HLA-B*51:03,QTFLKVSDLKV,13.447,9.982,31366.98
HLA-B*51:03,TFLKVSDLKVA,59.0,52.881,43348.73
HLA-B*51:03,FLKVSDLKVAE,59.25,69.473,45206.31
HLA-B*51:03,LKVSDLKVAEK,81.25,89.142,47036.49
HLA-B*51:03,KVSDLKVAEKT,70.714,88.042,46930.26
HLA-B*51:03,VSDLKVAEKTG,86.667,82.782,46433.76
HLA-B*51:03,SDLKVAEKTGP,73.571,86.026,46736.17
HLA-B*51:03,DLKVAEKTGPL,22.1,27.055,38662.47
HLA-B*51:03,LKVAEKTGPLV,21.132,15.785,34764.14
HLA-B*51:03,KVAEKTGPLVA,38.444,51.069,43116.27
HLA-B*51:03,VAEKTGPLVAI,8.582,9.379,30916.81
HLA-B*51:03,AEKTGPLVAIN,49.429,66.368,44898.73
HLA-B*51:03,EKTGPLVAINV,18.921,24.905,38073.82
HLA-B*51:03,KTGPLVAINVF,15.966,18.64,35973.69
HLA-B*51:03,TGPLVAINVFS,33.25,32.8,40046.64
HLA-B*51:03,GPLVAINVFST,45.1,41.26,41655.3
HLA-B*51:03,PLVAINVFSTK,64.286,64.051,44659.39
HLA-B*51:03,LVAINVFSTKL,28.633,18.437,35896.31
HLA-B*51:03,VAINVFSTKLS,30.405,25.493,38239.78
HLA-B*51:03,AINVFSTKLSA,40.25,42.065,41785.74
HLA-B*51:03,INVFSTKLSAV,24.429,16.096,34908.13
HLA-B*51:03,NVFSTKLSAVI,6.871,3.091,22350.48
HLA-B*51:03,VFSTKLSAVIF,35.417,35.033,40510.33
HLA-B*51:03,FSTKLSAVIFI,30.919,7.317,29025.9
HLA-B*51:03,STKLSAVIFID,72.857,44.514,42175.46
HLA-B*51:03,TKLSAVIFIDI,31.529,20.025,36494.32
HLA-B*51:03,KLSAVIFIDIP,88.333,60.066,44223.27
HLA-B*51:03,LSAVIFIDIPD,95.0,55.268,43653.74
HLA-B*51:03,SAVIFIDIPDL,17.99,17.82,35654.41
HLA-B*51:03,AVIFIDIPDLF,28.755,35.437,40590.61
HLA-B*51:03,VIFIDIPDLFT,30.108,44.25,42133.52
HLA-B*51:03,IFIDIPDLFTT,52.037,50.051,42986.3
HLA-B*51:03,FIDIPDLFTTM,18.299,21.9,37142.04
HLA-B*51:03,IDIPDLFTTME,43.182,46.502,42477.25
HLA-B*51:03,DIPDLFTTMEA,18.518,10.0,31379.52
HLA-B*51:03,IPDLFTTMEAT,23.483,12.43,33019.41
HLA-B*51:03,PDLFTTMEATA,76.667,54.059,43500.5
HLA-B*51:03,DLFTTMEATAG,67.273,44.466,42167.71
HLA-B*51:03,LFTTMEATAGV,30.108,13.479,33621.1
HLA-B*51:03,FTTMEATAGVA,65.0,32.109,39896.12
HLA-B*51:03,TTMEATAGVAY,23.287,28.264,38986.77
HLA-B*51:03,TMEATAGVAYP,60.714,43.503,42017.87
HLA-B*51:03,MEATAGVAYPT,53.889,31.16,39680.45
HLA-B*51:03,EATAGVAYPTK,35.542,53.833,43471.33
HLA-B*51:03,ATAGVAYPTKA,34.962,47.022,42553.61
HLA-B*51:03,TAGVAYPTKAD,73.571,67.938,45053.97
HLA-B*51:03,AGVAYPTKADT,56.0,80.958,46266.75
HLA-B*51:03,GVAYPTKADTK,72.857,77.757,45977.31
HLA-B*51:03,VAYPTKADTKM,4.337,11.27,32279.71
HLA-B*51:03,AYPTKADTKMI,14.105,10.743,31914.71
HLA-B*51:03,YPTKADTKMIM,1.755,2.766,21520.37
HLA-B*51:03,PTKADTKMIMN,88.333,95.284,47808.7
HLA-B*51:03,TKADTKMIMNI,16.102,21.268,36932.07
HLA-B*51:03,KADTKMIMNIS,62.857,48.562,42779.36
HLA-B*51:03,ADTKMIMNISG,80.0,66.142,44876.39
HLA-B*51:03,DTKMIMNISGN,93.333,68.253,45085.16
HLA-B*51:03,TKMIMNISGNK,86.667,74.358,45669.41
HLA-B*51:03,KMIMNISGNKG,93.333,74.108,45645.71
HLA-B*51:03,MIMNISGNKGN,95.0,70.01,45259.66
HLA-B*51:03,IMNISGNKGNK,91.667,90.938,47224.15
HLA-B*51:03,MNISGNKGNKI,17.503,17.764,35631.26
HLA-B*51:03,NISGNKGNKIL,48.0,65.876,44850.17
HLA-B*51:03,ISGNKGNKILP,66.364,76.107,45829.3
HLA-B*51:03,SGNKGNKILPA,67.727,61.56,44386.24
HLA-B*51:03,GNKGNKILPAE,88.333,95.864,48073.23
HLA-B*51:03,NKGNKILPAEN,93.333,95.615,47959.46
HLA-B*51:03,KGNKILPAENL,42.923,57.488,43916.66
HLA-B*51:03,GNKILPAENLM,43.182,58.624,44051.82
HLA-B*51:03,NKILPAENLML,27.815,37.674,41024.63
HLA-B*51:03,KILPAENLMLP,25.239,26.235,38444.3
HLA-B*51:03,ILPAENLMLPK,46.222,34.017,40300.48
HLA-B*51:03,LPAENLMLPKN,40.062,21.841,37122.36
HLA-B*51:03,PAENLMLPKNP,83.75,84.398,46582.2
HLA-B*51:03,AENLMLPKNPA,52.593,43.693,42046.98
HLA-B*51:03,ENLMLPKNPAV,13.321,13.13,33430.29
HLA-B*51:03,NLMLPKNPAVS,59.0,44.678,42201.47
HLA-B*51:03,LMLPKNPAVSA,6.17,11.695,32561.74
HLA-B*51:03,MLPKNPAVSAM,14.188,11.155,32204.0
HLA-B*51:03,LPKNPAVSAMY,5.267,8.705,30339.54
HLA-B*51:03,PKNPAVSAMYT,65.909,51.772,43206.39
HLA-B*51:03,KNPAVSAMYTV,12.056,4.062,24429.38
HLA-B*51:03,NPAVSAMYTVL,4.548,2.478,20764.19
HLA-B*51:03,PAVSAMYTVLR,63.571,63.032,44547.44
HLA-B*51:03,AVSAMYTVLRL,19.216,17.318,35444.77
HLA-B*51:03,VSAMYTVLRLM,27.204,11.562,32473.07
HLA-B*51:03,SAMYTVLRLMI,9.492,1.777,18296.18
HLA-B*51:03,AMYTVLRLMIN,83.75,51.612,43185.84
HLA-B*51:03,MYTVLRLMINK,83.75,52.214,43263.0
HLA-B*51:03,YTVLRLMINKS,80.0,62.465,44485.28
HLA-B*51:03,TVLRLMINKSA,54.259,41.492,41692.71
HLA-B*51:03,VLRLMINKSAF,57.75,44.885,42234.36
HLA-B*51:03,LRLMINKSAFY,57.0,39.774,41405.01
HLA-B*51:03,RLMINKSAFYF,54.444,26.636,38550.53
HLA-B*51:03,LMINKSAFYFF,38.0,13.427,33592.36
HLA-B*51:03,MINKSAFYFFK,63.929,32.3,39937.59
HLA-B*51:03,INKSAFYFFKG,93.333,55.048,43627.77
HLA-B*51:03,NKSAFYFFKGG,85.0,48.364,42751.14
HLA-B*51:03,KSAFYFFKGGV,55.0,18.186,35800.9
HLA-B*51:03,SAFYFFKGGVP,34.269,15.784,34763.78
HLA-B*51:03,AFYFFKGGVPA,68.182,45.994,42402.86
HLA-B*51:03,FYFFKGGVPAD,86.667,56.064,43747.82
HLA-B*51:03,YFFKGGVPADD,91.667,75.565,45780.73
HLA-B*51:03,FFKGGVPADDR,86.667,94.616,47636.75
HLA-B*51:03,FKGGVPADDRQ,88.333,95.814,48050.36
HLA-B*51:03,KGGVPADDRQL,44.091,80.564,46230.73
HLA-B*51:03,GGVPADDRQLA,33.143,57.836,43958.03
HLA-B*51:03,GVPADDRQLAH,45.7,79.164,46103.83
HLA-B*51:03,VPADDRQLAHV,1.193,1.961,19095.29
HLA-B*51:03,PADDRQLAHVT,59.25,79.147,46102.34
HLA-B*51:03,ADDRQLAHVTL,24.662,45.003,42253.11
HLA-B*51:03,DDRQLAHVTLR,36.429,53.946,43485.91
HLA-B*51:03,DRQLAHVTLRS,51.667,60.901,44314.28
HLA-B*51:03,RQLAHVTLRSL,21.965,28.669,39087.72
HLA-B*51:03,QLAHVTLRSLT,51.667,53.855,43474.16
HLA-B*51:03,LAHVTLRSLTP,30.054,21.99,37172.19
HLA-B*51:03,AHVTLRSLTPA,56.0,42.978,41937.49
HLA-B*51:03,HVTLRSLTPAP,58.25,53.056,43371.27
HLA-B*51:03,VTLRSLTPAPL,44.818,23.125,37530.26
HLA-B*51:03,TLRSLTPAPLP,46.778,35.077,40519.08
HLA-B*51:03,LRSLTPAPLPS,88.333,62.417,44480.0
HLA-B*51:03,RSLTPAPLPSG,72.143,59.548,44162.05
HLA-B*51:03,SLTPAPLPSGD,59.0,64.921,44755.17
HLA-B*51:03,LTPAPLPSGDD,85.0,71.221,45373.41
HLA-B*51:03,TPAPLPSGDDN,57.25,65.202,44783.75
HLA-B*51:03,PAPLPSGDDNQ,93.333,96.455,48343.96
HLA-B*51:03,APLPSGDDNQN,47.75,79.878,46168.25
HLA-B*51:03,PLPSGDDNQNS,88.333,95.937,48106.54
HLA-B*51:03,LPSGDDNQNSA,8.152,16.98,35303.92
HLA-B*51:03,PSGDDNQNSAN,97.5,97.264,48716.75
HLA-B*51:03,SGDDNQNSANA,33.0,63.089,44553.7
HLA-B*51:03,GDDNQNSANAE,93.333,96.506,48367.51
HLA-B*51:03,DDNQNSANAED,88.333,92.077,47351.56
HLA-B*51:03,DNQNSANAEDG,93.333,95.12,47734.27
HLA-B*51:03,NQNSANAEDGK,75.0,90.878,47217.51
HLA-B*51:03,QNSANAEDGKH,88.333,96.848,48524.75
HLA-B*51:03,NSANAEDGKHI,18.53,27.725,38845.72
HLA-B*51:03,SANAEDGKHIA,21.947,47.82,42672.58
HLA-B*51:03,ANAEDGKHIAE,68.636,92.836,47436.68
HLA-B*51:03,NAEDGKHIAEL,6.994,25.637,38279.95
HLA-B*51:03,AEDGKHIAELL,18.024,44.494,42172.28
HLA-B*51:03,EDGKHIAELLA,37.947,42.406,41842.29
HLA-B*51:03,DGKHIAELLAG,37.947,47.483,42622.28
HLA-B*51:03,GKHIAELLAGI,57.75,41.751,41734.68
HLA-B*51:03,KHIAELLAGIE,67.727,58.06,43984.66
HLA-B*51:03,HIAELLAGIEY,36.238,46.367,42457.51
HLA-B*51:03,IAELLAGIEYK,47.75,58.956,44091.39
HLA-B*51:03,AELLAGIEYKR,65.455,86.316,46764.0
HLA-B*51:03,ELLAGIEYKRA,45.5,53.742,43459.58
HLA-B*51:03,LLAGIEYKRAG,88.333,76.368,45852.62
HLA-B*51:03,LAGIEYKRAGI,36.667,23.728,37720.79
HLA-B*51:03,AGIEYKRAGIL,34.192,34.664,40434.11
HLA-B*51:03,GIEYKRAGILI,35.667,23.058,37509.13
HLA-B*51:03,IEYKRAGILIS,42.385,29.016,39174.08
HLA-B*51:03,EYKRAGILISL,22.53,39.869,41421.6
HLA-B*51:03,YKRAGILISLL,17.171,22.922,37466.15
HLA-B*51:03,KRAGILISLLI,39.882,17.534,35535.02
HLA-B*51:03,RAGILISLLIR,58.5,35.669,40636.74
HLA-B*51:03,AGILISLLIRL,34.808,50.842,43087.36
HLA-B*51:03,GILISLLIRLK,91.667,89.8,47100.14
HLA-B*51:03,ILISLLIRLKV,29.386,17.66,35587.71
HLA-B*51:03,LISLLIRLKVL,40.25,32.601,40003.32
HLA-B*51:03,ISLLIRLKVLA,49.429,32.02,39876.7
HLA-B*51:03,SLLIRLKVLAT,70.0,68.804,45139.86
HLA-B*51:03,LLIRLKVLATE,83.75,78.123,46010.15
HLA-B*51:03,LIRLKVLATEA,50.556,44.402,42157.68
HLA-B*51:03,IRLKVLATEAV,35.0,35.691,40641.14
HLA-B*51:03,RLKVLATEAVA,73.571,61.573,44387.7
HLA-B*51:03,LKVLATEAVAS,91.667,82.924,46446.82
HLA-B*51:03,KVLATEAVASK,64.643,79.347,46120.3
HLA-B*51:03,VLATEAVASKP,76.667,70.929,45345.94
HLA-B*51:03,LATEAVASKPT,49.857,52.188,43259.73
HLA-B*51:03,ATEAVASKPTN,90.0,88.453,46969.86
HLA-B*51:03,TEAVASKPTNL,18.189,34.6,40421.0
HLA-B*51:03,EAVASKPTNLD,23.46,40.931,41601.69
HLA-B*51:03,AVASKPTNLDE,58.5,93.824,47547.68
HLA-B*51:03,VASKPTNLDEI,7.41,8.183,29875.36
HLA-B*51:03,ASKPTNLDEIE,56.5,65.655,44828.34
HLA-B*51:03,SKPTNLDEIEI,31.971,29.968,39401.93
HLA-B*51:03,KPTNLDEIEIA,19.459,36.85,40867.8
HLA-B*51:03,PTNLDEIEIAK,81.25,93.87,47552.8
HLA-B*51:03,TNLDEIEIAKK,74.286,93.71,47534.8
HLA-B*51:03,NLDEIEIAKKG,61.429,71.44,45394.04
HLA-B*51:03,LDEIEIAKKGF,33.821,58.128,43992.77
HLA-B*51:03,DEIEIAKKGFG,35.167,52.101,43248.49
HLA-B*51:03,EIEIAKKGFGF,38.167,53.027,43367.5
HLA-B*51:03,IEIAKKGFGFK,51.481,60.136,44230.91
HLA-B*51:03,EIAKKGFGFKH,63.929,81.588,46324.35
HLA-B*51:03,IAKKGFGFKHT,61.786,74.014,45636.82
HLA-B*51:03,AKKGFGFKHTG,75.0,79.103,46098.36
HLA-B*51:03,KKGFGFKHTGM,70.0,72.526,45496.32
HLA-B*51:03,KGFGFKHTGMI,23.034,14.474,34138.3
HLA-B*51:03,GFGFKHTGMIF,59.0,30.427,39509.52
HLA-B*51:03,FGFKHTGMIFC,45.8,26.797,38593.52
HLA-B*51:03,GFKHTGMIFCK,88.333,82.486,46406.64
HLA-B*51:03,FKHTGMIFCKP,69.545,53.95,43486.39
HLA-B*51:03,KHTGMIFCKPA,85.0,40.875,41592.25
HLA-B*51:03,HTGMIFCKPAL,35.542,26.765,38584.73
HLA-B*51:03,TGMIFCKPALA,48.25,16.311,35003.82
HLA-B*51:03,GMIFCKPALAC,74.286,49.7,42938.42
HLA-B*51:03,MIFCKPALACT,65.0,29.181,39213.51
HLA-B*51:03,IFCKPALACTQ,88.333,89.779,47098.11
HLA-B*51:03,FCKPALACTQL,5.888,3.597,23512.38
HLA-B*51:03,CKPALACTQLW,36.952,11.391,32359.43
HLA-B*51:03,KPALACTQLWK,36.476,27.873,38886.07
HLA-B*51:03,PALACTQLWKL,47.625,34.681,40437.63
HLA-B*51:03,ALACTQLWKLL,52.222,36.423,40784.76
HLA-B*51:03,LACTQLWKLLD,63.929,42.42,41844.55
HLA-B*51:03,ACTQLWKLLDT,91.667,84.644,46604.88
HLA-B*51:03,CTQLWKLLDTA,75.0,29.38,39261.08
HLA-B*51:03,TQLWKLLDTAK,70.0,55.768,43712.82
HLA-B*51:03,QLWKLLDTAKD,91.667,83.861,46532.84
HLA-B*51:03,LWKLLDTAKDG,100.0,95.115,47732.2
HLA-B*51:03,WKLLDTAKDGG,97.5,91.418,47277.84
HLA-B*51:03,KLLDTAKDGGQ,95.0,97.116,48648.27
HLA-B*51:03,LLDTAKDGGQY,52.222,70.527,45308.17
HLA-B*51:03,LDTAKDGGQYT,32.355,75.233,45751.04
HLA-B*51:03,DTAKDGGQYTV,7.439,10.452,31704.42
HLA-B*51:03,TAKDGGQYTVN,18.988,46.58,42488.76
HLA-B*51:03,AKDGGQYTVNI,34.885,47.424,42613.51
HLA-B*51:03,KDGGQYTVNIT,86.667,87.005,46830.34
HLA-B*51:03,DGGQYTVNITM,6.359,8.073,29776.94
HLA-B*51:03,GGQYTVNITMS,78.333,83.527,46502.12
HLA-B*51:03,GQYTVNITMSA,46.444,43.024,41944.74
HLA-B*51:03,QYTVNITMSAG,90.0,72.766,45518.95
HLA-B*51:03,YTVNITMSAGI,27.556,8.625,30270.36
HLA-B*51:03,TVNITMSAGIS,86.667,55.836,43720.85
HLA-B*51:03,VNITMSAGISY,32.645,37.717,41032.62
HLA-B*51:03,NITMSAGISYN,72.143,66.373,44899.23
HLA-B*51:03,ITMSAGISYNR,44.0,50.416,43032.84
HLA-B*51:03,TMSAGISYNRR,70.0,73.079,45548.52
HLA-B*51:03,MSAGISYNRRA,37.789,21.849,37125.16
HLA-B*51:03,SAGISYNRRAL,24.844,35.861,40675.02
HLA-B*51:03,AGISYNRRALR,68.636,72.495,45493.36
HLA-B*51:03,GISYNRRALRV,56.25,27.939,38904.18
HLA-B*51:03,ISYNRRALRVT,60.0,33.034,40097.36
HLA-B*51:03,SYNRRALRVTH,79.167,83.368,46487.54
HLA-B*51:03,YNRRALRVTHG,91.667,75.537,45778.25
HLA-B*51:03,NRRALRVTHGN,91.667,80.52,46226.73
HLA-B*51:03,RRALRVTHGNK,93.333,92.022,47345.39
HLA-B*51:03,RALRVTHGNKG,75.833,70.658,45320.41
HLA-B*51:03,ALRVTHGNKGK,85.0,95.385,47854.75
HLA-B*51:03,LRVTHGNKGKQ,95.0,96.258,48253.54
HLA-B*51:03,RVTHGNKGKQQ,95.0,97.677,48908.46
HLA-B*51:03,VTHGNKGKQQA,43.273,73.236,45563.3
HLA-B*51:03,THGNKGKQQAL,44.545,78.511,46045.03
HLA-B*51:03,HGNKGKQQALW,28.429,52.338,43278.9
HLA-B*51:03,GNKGKQQALWT,88.333,95.855,48069.07
HLA-B*51:03,NKGKQQALWTR,86.667,93.408,47500.88
HLA-B*51:03,KGKQQALWTRL,47.375,60.356,44254.85
HLA-B*51:03,GKQQALWTRLP,72.857,72.343,45479.07
HLA-B*51:03,KQQALWTRLPP,74.286,45.303,42298.39
HLA-B*51:03,QQALWTRLPPL,30.946,16.442,35062.57
HLA-B*51:03,QALWTRLPPLT,42.385,28.161,38961.03
HLA-B*51:03,ALWTRLPPLTK,49.857,58.628,44052.3
HLA-B*51:03,LWTRLPPLTKG,85.0,72.526,45496.32
HLA-B*51:03,WTRLPPLTKGG,85.0,64.679,44728.54
HLA-B*51:03,TRLPPLTKGGP,39.118,63.282,44574.91
HLA-B*51:03,RLPPLTKGGPH,74.286,82.327,46392.07
HLA-B*51:03,LPPLTKGGPHI,1.197,1.165,15328.49
HLA-B*51:03,PPLTKGGPHIA,21.342,34.953,40494.11
HLA-B*51:03,PLTKGGPHIAK,88.333,93.353,47494.69
HLA-B*51:03,LTKGGPHIAKQ,82.5,89.389,47060.43
HLA-B*51:03,TKGGPHIAKQN,88.333,96.314,48279.12
HLA-B*51:03,KGGPHIAKQNF,21.351,44.793,42219.77
HLA-B*51:03,GGPHIAKQNFV,30.432,33.874,40270.84
HLA-B*51:03,GPHIAKQNFVN,35.25,44.204,42126.21
HLA-B*51:03,PHIAKQNFVNL,30.514,40.104,41461.95
HLA-B*51:03,HIAKQNFVNLT,51.852,56.032,43744.04
HLA-B*51:03,IAKQNFVNLTA,16.516,11.513,32440.77
HLA-B*51:03,AKQNFVNLTAY,59.75,62.975,44541.14
HLA-B*51:03,KQNFVNLTAYL,34.231,35.163,40536.17
HLA-B*51:03,QNFVNLTAYLQ,69.545,57.648,43935.67
HLA-B*51:03,NFVNLTAYLQS,85.0,66.432,44905.05
HLA-B*51:03,FVNLTAYLQSV,23.575,11.204,32236.08
HLA-B*51:03,VNLTAYLQSVD,53.333,55.048,43627.77
HLA-B*51:03,NLTAYLQSVDA,37.947,24.362,37913.5
HLA-B*51:03,LTAYLQSVDAE,85.0,65.015,44765.33
HLA-B*51:03,TAYLQSVDAEN,75.0,51.123,43123.27
HLA-B*51:03,AYLQSVDAENT,91.667,88.274,46952.6
HLA-B*51:03,YLQSVDAENTE,64.643,82.437,46402.12
HLA-B*51:03,LQSVDAENTEA,57.25,66.732,44934.68
HLA-B*51:03,QSVDAENTEAL,18.598,44.44,42163.61
HLA-B*51:03,SVDAENTEALL,26.617,45.842,42379.95
HLA-B*51:03,VDAENTEALLD,55.0,64.855,44747.9
HLA-B*51:03,DAENTEALLDD,50.185,71.268,45377.82
HLA-B*51:03,AENTEALLDDS,90.0,91.249,47258.91
HLA-B*51:03,ENTEALLDDSL,18.171,34.201,40338.42
HLA-B*51:03,NTEALLDDSLE,71.429,69.862,45244.98
HLA-B*51:03,TEALLDDSLEV,13.086,13.808,33801.28
HLA-B*51:03,EALLDDSLEVY,15.153,19.642,36351.27
HLA-B*51:03,ALLDDSLEVYK,57.25,78.295,46025.58
HLA-B*51:03,LLDDSLEVYKP,65.909,78.101,46008.16
HLA-B*51:03,LDDSLEVYKPS,86.667,65.969,44859.4
HLA-B*51:03,DDSLEVYKPSI,8.066,5.135,26243.65
HLA-B*51:03,DSLEVYKPSIE,10.49,9.808,31240.98
HLA-B*51:03,SLEVYKPSIEQ,61.071,80.235,46200.71
HLA-B*51:03,LEVYKPSIEQV,8.92,16.242,34973.16
HLA-B*51:03,EVYKPSIEQVH,18.323,30.679,39568.55
HLA-B*51:03,VYKPSIEQVHN,54.074,72.182,45463.82
HLA-B*51:03,YKPSIEQVHNI,6.192,5.868,27263.02
HLA-B*51:03,KPSIEQVHNIE,9.774,22.115,37211.62
HLA-B*51:03,PSIEQVHNIEN,83.75,87.153,46844.5
HLA-B*51:03,SIEQVHNIENM,46.0,51.236,43137.73
HLA-B*51:03,IEQVHNIENME,67.727,77.043,45913.19
HLA-B*51:03,EQVHNIENMES,65.0,73.507,45588.96
HLA-B*51:03,QVHNIENMESQ,75.0,92.722,47423.84
HLA-B*51:03,VHNIENMESQI,37.105,25.508,38243.92
HLA-B*51:03,HNIENMESQIF,24.636,35.333,40569.96
HLA-B*51:03,NIENMESQIFF,24.649,21.643,37056.54
HLA-B*51:03,IENMESQIFFD,54.815,46.301,42447.87
HLA-B*51:03,ENMESQIFFDM,23.023,18.17,35794.71
HLA-B*51:03,NMESQIFFDMF,50.741,24.584,37978.77
HLA-B*51:03,MESQIFFDMFV,15.086,4.343,24962.69
HLA-B*51:03,ESQIFFDMFVL,24.494,10.876,32011.2
HLA-B*51:03,SQIFFDMFVLD,74.286,36.33,40766.67
HLA-B*51:03,QIFFDMFVLDR,77.5,64.754,44736.76
HLA-B*51:03,IFFDMFVLDRY,47.25,39.959,41437.28
HLA-B*51:03,FFDMFVLDRYA,55.75,27.673,38831.42
HLA-B*51:03,FDMFVLDRYAY,47.125,23.341,37598.52
HLA-B*51:03,DMFVLDRYAYG,51.481,22.969,37481.16
HLA-B*51:03,MFVLDRYAYGN,97.5,72.265,45471.71
HLA-B*51:03,FVLDRYAYGNR,57.75,61.037,44329.14
HLA-B*51:03,VLDRYAYGNRG,88.333,70.355,45291.98
HLA-B*51:03,LDRYAYGNRGG,97.5,85.889,46723.04
HLA-B*51:03,DRYAYGNRGGF,10.653,12.644,33147.19
HLA-B*51:03,RYAYGNRGGFE,80.0,66.939,44955.12
HLA-B*51:03,YAYGNRGGFEN,59.25,32.131,39900.88
HLA-B*51:03,AYGNRGGFENP,86.667,88.047,46930.74
HLA-B*51:03,YGNRGGFENPI,32.806,16.025,34876.42
HLA-B*51:03,GNRGGFENPIT,95.0,90.887,47218.54
HLA-B*51:03,NRGGFENPITS,41.25,54.726,43586.71
HLA-B*51:03,RGGFENPITSY,51.667,74.567,45689.18
HLA-B*51:03,GGFENPITSYV,15.97,17.41,35483.14
HLA-B*51:03,GFENPITSYVP,60.0,55.092,43632.97
HLA-B*51:03,FENPITSYVPP,20.439,8.293,29974.75
HLA-B*51:03,ENPITSYVPPD,75.0,48.351,42749.29
HLA-B*51:03,NPITSYVPPDF,6.415,4.665,25522.84
HLA-B*51:03,PITSYVPPDFV,48.375,29.384,39261.91
HLA-B*51:03,ITSYVPPDFVK,54.815,39.71,41393.8
HLA-B*51:03,TSYVPPDFVKQ,37.632,50.981,43105.06
HLA-B*51:03,SYVPPDFVKQE,34.577,70.621,45317.0
HLA-B*51:03,YVPPDFVKQEN,45.2,47.613,42641.66
HLA-B*51:03,VPPDFVKQENN,46.222,55.908,43729.37
HLA-B*51:03,PPDFVKQENND,95.0,95.963,48118.52
HLA-B*51:03,PDFVKQENNDA,90.0,92.411,47388.95
HLA-B*51:03,DFVKQENNDAD,90.0,94.053,47573.38
HLA-B*51:03,FVKQENNDADL,53.519,54.468,43553.24
HLA-B*51:03,VKQENNDADLS,90.0,91.734,47313.13
HLA-B*51:03,KQENNDADLSG,86.667,95.034,47695.55
HLA-B*51:03,QENNDADLSGP,76.667,90.16,47137.37
HLA-B*51:03,ENNDADLSGPT,61.786,77.99,45998.22
HLA-B*51:03,NNDADLSGPTI,5.967,7.642,29365.47
HLA-B*51:03,NDADLSGPTIL,11.981,21.397,36974.84
HLA-B*51:03,DADLSGPTILG,9.218,18.502,35921.18
HLA-B*51:03,ADLSGPTILGA,51.111,57.04,43863.48
HLA-B*51:03,DLSGPTILGAG,50.741,55.988,43738.84
HLA-B*51:03,LSGPTILGAGE,67.273,48.208,42728.95
HLA-B*51:03,SGPTILGAGEL,32.903,34.962,40495.86
HLA-B*51:03,GPTILGAGELA,26.3,27.633,38820.5
HLA-B*51:03,PTILGAGELAR,90.0,91.697,47309.04
HLA-B*51:03,TILGAGELART,68.182,81.429,46309.83
HLA-B*51:03,ILGAGELARTE,66.364,87.042,46833.87
HLA-B*51:03,LGAGELARTEL,37.0,49.855,42959.8
HLA-B*51:03,GAGELARTELA,30.541,55.008,43623.04
HLA-B*51:03,AGELARTELAL,45.3,53.709,43455.35
HLA-B*51:03,GELARTELALG,69.091,69.921,45250.85
HLA-B*51:03,ELARTELALGS,74.286,69.459,45204.85
HLA-B*51:03,LARTELALGSD,97.5,77.137,45921.63
HLA-B*51:03,ARTELALGSDV,49.286,45.939,42394.61
HLA-B*51:03,RTELALGSDVF,44.0,43.92,42081.57
HLA-B*51:03,TELALGSDVFL,18.604,20.8,36771.39
HLA-B*51:03,ELALGSDVFLD,53.519,50.325,43021.19
HLA-B*51:03,LALGSDVFLDV,21.535,6.847,28492.58
HLA-B*51:03,ALGSDVFLDVS,91.667,78.61,46054.0
HLA-B*51:03,LGSDVFLDVSE,80.0,69.587,45217.56
HLA-B*51:03,GSDVFLDVSEE,90.0,93.417,47501.89
HLA-B*51:03,SDVFLDVSEEG,73.571,68.76,45135.46
HLA-B*51:03,DVFLDVSEEGE,62.5,70.913,45344.45
HLA-B*51:03,VFLDVSEEGER,83.75,92.672,47418.21
HLA-B*51:03,FLDVSEEGERG,86.667,87.863,46912.98
HLA-B*51:03,LDVSEEGERGA,69.545,78.793,46070.42
HLA-B*51:03,DVSEEGERGAM,24.195,47.146,42572.03
HLA-B*51:03,VSEEGERGAMI,21.632,26.413,38491.33
HLA-B*51:03,SEEGERGAMIL,26.383,48.682,42796.49
HLA-B*51:03,EEGERGAMILD,47.625,65.344,44797.79
HLA-B*51:03,EGERGAMILDI,37.895,28.292,38993.5
HLA-B*51:03,GERGAMILDIV,51.852,38.63,41202.12
HLA-B*51:03,ERGAMILDIVQ,63.929,53.421,43418.21
HLA-B*51:03,RGAMILDIVQE,86.667,81.911,46353.93
HLA-B*51:03,GAMILDIVQEG,58.75,64.925,44755.66
HLA-B*51:03,AMILDIVQEGI,40.562,25.331,38194.3
HLA-B*51:03,MILDIVQEGIP,44.545,29.403,39266.6
HLA-B*51:03,ILDIVQEGIPA,68.636,57.056,43865.37
HLA-B*51:03,LDIVQEGIPAS,72.143,72.881,45529.79
HLA-B*51:03,DIVQEGIPASD,75.0,75.122,45741.13
HLA-B*51:03,IVQEGIPASDQ,83.75,94.209,47590.91
HLA-B*51:03,VQEGIPASDQL,20.008,35.784,40659.62
HLA-B*51:03,QEGIPASDQLD,39.588,66.206,44882.7
HLA-B*51:03,EGIPASDQLDS,41.75,60.901,44314.28
HLA-B*51:03,GIPASDQLDSS,82.5,84.387,46581.18
HLA-B*51:03,IPASDQLDSSE,40.812,58.164,43997.05
HLA-B*51:03,PASDQLDSSET,75.0,94.3,47601.19
HLA-B*51:03,ASDQLDSSETY,31.059,66.786,44940.04
HLA-B*51:03,SDQLDSSETYL,28.163,45.494,42327.23
HLA-B*51:03,DQLDSSETYLQ,34.5,52.422,43289.68
HLA-B*51:03,QLDSSETYLQQ,57.75,88.5,46974.44
HLA-B*51:03,LDSSETYLQQE,90.0,90.993,47230.27
HLA-B*51:03,DSSETYLQQEQ,46.667,77.625,45965.36
HLA-B*51:03,SSETYLQQEQP,48.125,52.495,43299.06
HLA-B*51:03,SETYLQQEQPF,32.226,33.272,40146.4
HLA-B*51:03,ETYLQQEQPFD,51.667,44.244,42132.59
HLA-B*51:03,TYLQQEQPFDN,91.667,89.511,47072.12
HLA-B*51:03,YLQQEQPFDNK,68.182,81.813,46344.91
HLA-B*51:03,LQQEQPFDNKQ,72.143,93.765,47540.96
HLA-B*51:03,QQEQPFDNKQF,32.258,73.93,45628.93
HLA-B*51:03,QEQPFDNKQFG,27.759,40.84,41586.4
HLA-B*51:03,EQPFDNKQFGE,54.63,66.437,44905.54
HLA-B*51:03,QPFDNKQFGET,14.752,17.892,35684.88
HLA-B*51:03,PFDNKQFGETE,93.333,95.559,47934.04
HLA-B*51:03,FDNKQFGETEL,31.029,40.484,41526.15
HLA-B*51:03,DNKQFGETELT,35.083,47.492,42623.68
HLA-B*51:03,NKQFGETELTF,29.477,36.611,40821.39
HLA-B*51:03,KQFGETELTFV,30.811,34.478,40395.64
HLA-B*51:03,QFGETELTFVV,25.97,19.384,36254.64
HLA-B*51:03,FGETELTFVVL,16.547,26.523,38520.51
HLA-B*51:03,GETELTFVVLF,31.588,37.693,41028.18
HLA-B*51:03,ETELTFVVLFR,46.0,43.759,42056.98
HLA-B*51:03,TELTFVVLFRE,65.455,70.725,45326.79
HLA-B*51:03,ELTFVVLFREF,37.474,24.549,37968.51
HLA-B*51:03,LTFVVLFREFC,69.091,41.698,41726.12
HLA-B*51:03,TFVVLFREFCV,48.25,23.621,37686.91
HLA-B*51:03,FVVLFREFCVR,72.857,48.013,42701.21
HLA-B*51:03,VVLFREFCVRL,43.182,28.868,39137.23
HLA-B*51:03,VLFREFCVRLA,58.0,33.659,40226.4
HLA-B*51:03,LFREFCVRLAA,67.727,26.438,38498.01
HLA-B*51:03,FREFCVRLAAK,91.667,48.825,42816.86
HLA-B*51:03,REFCVRLAAKV,37.474,17.963,35714.63
HLA-B*51:03,EFCVRLAAKVE,81.25,73.565,45594.37
HLA-B*51:03,FCVRLAAKVER,67.727,79.186,46105.85
HLA-B*51:03,CVRLAAKVERA,81.25,56.532,43803.23
HLA-B*51:03,VRLAAKVERAP,56.25,68.711,45130.57
HLA-B*51:03,RLAAKVERAPE,91.667,91.715,47311.09
HLA-B*51:03,LAAKVERAPEL,8.207,10.993,32096.51
HLA-B*51:03,AAKVERAPELA,23.632,52.381,43284.54
HLA-B*51:03,AKVERAPELAS,62.857,86.563,46787.77
HLA-B*51:03,KVERAPELASD,93.333,92.072,47351.04
HLA-B*51:03,VERAPELASDI,17.212,15.469,34615.53
HLA-B*51:03,ERAPELASDID,37.632,51.831,43213.86
HLA-B*51:03,RAPELASDIDE,74.286,79.175,46104.84
HLA-B*51:03,APELASDIDEL,12.067,32.315,39941.04
HLA-B*51:03,PELASDIDELI,26.9,29.185,39214.37
HLA-B*51:03,ELASDIDELIA,30.649,35.786,40660.07
HLA-B*51:03,LASDIDELIAR,31.588,45.133,42272.79
HLA-B*51:03,ASDIDELIARL,24.364,46.125,42422.14
HLA-B*51:03,SDIDELIARLP,31.294,50.088,42990.96
HLA-B*51:03,DIDELIARLPV,12.171,8.142,29838.85
HLA-B*51:03,IDELIARLPVI,22.45,10.234,31547.37
HLA-B*51:03,DELIARLPVIL,13.158,14.094,33952.66
HLA-B*51:03,ELIARLPVILT,35.5,29.826,39367.85
HLA-B*51:03,LIARLPVILTS,65.0,49.963,42974.69
HLA-B*51:03,IARLPVILTSA,19.014,17.621,35571.17
HLA-B*51:03,ARLPVILTSAC,37.316,39.73,41397.4
HLA-B*51:03,RLPVILTSACR,66.818,53.683,43452.04
HLA-B*51:03,LPVILTSACRS,44.909,22.889,37455.61
HLA-B*51:03,PVILTSACRSV,53.333,38.482,41174.95
HLA-B*51:03,VILTSACRSVY,58.75,45.715,42360.69
HLA-B*51:03,ILTSACRSVYN,93.333,66.373,44899.23
HLA-B*51:03,LTSACRSVYNI,38.944,9.381,30918.82
HLA-B*51:03,TSACRSVYNIK,56.25,33.381,40169.01
HLA-B*51:03,SACRSVYNIKE,79.167,60.294,44248.14
HLA-B*51:03,ACRSVYNIKEA,68.182,66.063,44868.63
HLA-B*51:03,CRSVYNIKEAG,93.333,71.352,45385.7
HLA-B*51:03,RSVYNIKEAGL,44.909,45.355,42306.17
HLA-B*51:03,SVYNIKEAGLN,62.143,63.822,44634.25
HLA-B*51:03,VYNIKEAGLNR,71.429,88.205,46946.0
HLA-B*51:03,YNIKEAGLNRS,82.5,85.826,46716.95
HLA-B*51:03,NIKEAGLNRSP,34.885,57.428,43909.55
HLA-B*51:03,IKEAGLNRSPE,93.333,91.77,47317.25
HLA-B*51:03,KEAGLNRSPER,68.636,93.413,47501.4
HLA-B*51:03,EAGLNRSPERN,85.0,87.884,46915.01
HLA-B*51:03,AGLNRSPERNT,85.0,95.558,47933.52
HLA-B*51:03,GLNRSPERNTA,68.182,84.836,46622.53
HLA-B*51:03,LNRSPERNTAK,71.429,83.669,46515.22
HLA-B*51:03,NRSPERNTAKV,10.776,14.514,34157.9
HLA-B*51:03,RSPERNTAKVD,51.111,63.01,44545.02
HLA-B*51:03,SPERNTAKVDN,54.815,68.927,45152.05
HLA-B*51:03,PERNTAKVDND,100.0,97.572,48859.81
HLA-B*51:03,ERNTAKVDNDT,85.0,94.881,47666.65
HLA-B*51:03,RNTAKVDNDTG,95.0,95.033,47695.04
HLA-B*51:03,NTAKVDNDTGM,36.905,58.324,44016.1
HLA-B*51:03,TAKVDNDTGME,54.63,82.662,46422.71
HLA-B*51:03,AKVDNDTGMEY,47.25,81.462,46312.82
HLA-B*51:03,KVDNDTGMEYH,76.667,95.35,47838.71
HLA-B*51:03,VDNDTGMEYHG,79.167,91.157,47248.67
HLA-B*51:03,DNDTGMEYHGE,86.667,95.309,47820.08
HLA-B*51:03,NDTGMEYHGEK,69.091,67.406,45001.36
HLA-B*51:03,DTGMEYHGEKK,72.857,77.143,45922.14
HLA-B*51:03,TGMEYHGEKKS,65.455,73.721,45609.19
HLA-B*51:03,GMEYHGEKKSA,53.333,70.073,45265.53
HLA-B*51:03,MEYHGEKKSAQ,46.889,67.2,44980.9
HLA-B*51:03,EYHGEKKSAQS,76.667,92.653,47416.16
HLA-B*51:03,YHGEKKSAQSK,57.0,82.136,46374.51
HLA-B*51:03,HGEKKSAQSKS,82.5,95.577,47942.33
HLA-B*51:03,GEKKSAQSKSE,85.0,97.203,48688.82
HLA-B*51:03,EKKSAQSKSEP,53.704,82.284,46388.05
HLA-B*51:03,KKSAQSKSEPL,54.074,71.007,45353.28
HLA-B*51:03,KSAQSKSEPLT,72.143,82.311,46390.57
HLA-B*51:03,SAQSKSEPLTV,4.2,10.029,31400.25
HLA-B*51:03,AQSKSEPLTVN,54.815,75.266,45753.99
HLA-B*51:03,QSKSEPLTVNY,30.514,63.124,44557.55
HLA-B*51:03,SKSEPLTVNYN,73.571,83.379,46488.53
HLA-B*51:03,KSEPLTVNYNT,52.593,54.971,43618.34
HLA-B*51:03,SEPLTVNYNTT,40.938,38.869,41246.28
HLA-B*51:03,EPLTVNYNTTE,30.027,39.147,41295.84
HLA-B*51:03,PLTVNYNTTEE,100.0,96.673,48443.96
HLA-B*51:03,LTVNYNTTEER,60.714,80.936,46264.76
HLA-B*51:03,TVNYNTTEERV,43.0,36.85,40867.8
HLA-B*51:03,VNYNTTEERVR,75.833,75.449,45770.34
HLA-B*51:03,NYNTTEERVRF,29.409,52.874,43347.81
HLA-B*51:03,YNTTEERVRFE,78.333,83.264,46477.98
HLA-B*51:03,NTTEERVRFER,58.75,78.261,46022.61
HLA-B*51:03,TTEERVRFERE,85.0,90.554,47181.25
HLA-B*51:03,TEERVRFEREI,29.341,26.209,38437.23
HLA-B*51:03,EERVRFEREIL,33.464,40.846,41587.28
HLA-B*51:03,ERVRFEREILV,24.065,27.126,38681.73
HLA-B*51:03,RVRFEREILVG,66.364,52.305,43274.69
HLA-B*51:03,VRFEREILVGI,25.567,18.214,35811.36
HLA-B*51:03,RFEREILVGIE,75.0,61.406,44369.45
HLA-B*51:03,FEREILVGIEQ,53.889,55.648,43698.64
HLA-B*51:03,EREILVGIEQT,68.182,79.225,46109.33
HLA-B*51:03,REILVGIEQTR,62.857,83.16,46468.42
HLA-B*51:03,EILVGIEQTRL,30.865,45.667,42353.37
HLA-B*51:03,ILVGIEQTRLI,11.541,11.394,32361.54
HLA-B*51:03,LVGIEQTRLIA,50.185,37.379,40968.74
HLA-B*51:03,VGIEQTRLIAG,51.481,56.496,43798.97
HLA-B*51:03,GIEQTRLIAGQ,95.0,95.662,47980.75
HLA-B*51:03,IEQTRLIAGQL,27.519,28.325,39001.96
HLA-B*51:03,EQTRLIAGQLD,64.643,54.621,43573.05
HLA-B*51:03,QTRLIAGQLDI,36.905,22.15,37222.5
HLA-B*51:03,TRLIAGQLDIC,52.037,58.228,44004.66
HLA-B*51:03,RLIAGQLDICE,93.333,88.653,46989.19
HLA-B*51:03,LIAGQLDICEP,91.667,75.714,45794.11
HLA-B*51:03,IAGQLDICEPK,64.643,62.583,44498.28
HLA-B*51:03,AGQLDICEPKT,88.333,87.421,46870.37
HLA-B*51:03,GQLDICEPKTS,74.286,90.018,47121.56
HLA-B*51:03,QLDICEPKTSS,60.714,90.906,47220.58
HLA-B*51:03,LDICEPKTSST,65.455,74.04,45639.29
HLA-B*51:03,DICEPKTSSTY,15.91,40.918,41599.43
HLA-B*51:03,ICEPKTSSTYP,26.2,37.112,40918.23
HLA-B*51:03,CEPKTSSTYPN,81.25,60.641,44286.0
HLA-B*51:03,EPKTSSTYPNE,28.49,49.323,42886.42
HLA-B*51:03,PKTSSTYPNER,95.0,96.874,48536.84
HLA-B*51:03,KTSSTYPNERA,65.455,76.412,45856.58
HLA-B*51:03,TSSTYPNERAF,12.331,22.656,37381.92
HLA-B*51:03,SSTYPNERAFE,48.25,59.016,44098.55
HLA-B*51:03,STYPNERAFER,33.75,43.601,42032.88
HLA-B*51:03,TYPNERAFERV,10.069,4.844,25803.57
HLA-B*51:03,YPNERAFERVH,8.736,6.574,28165.83
HLA-B*51:03,PNERAFERVHI,56.75,47.895,42683.67
HLA-B*51:03,NERAFERVHIG,37.211,26.039,38392.34
HLA-B*51:03,ERAFERVHIGE,69.545,69.651,45223.92
HLA-B*51:03,RAFERVHIGET,28.959,35.547,40612.58
HLA-B*51:03,AFERVHIGETS,86.667,82.897,46444.3
HLA-B*51:03,FERVHIGETSD,88.333,77.386,45944.0
HLA-B*51:03,ERVHIGETSDQ,83.75,95.704,47999.96
HLA-B*51:03,RVHIGETSDQW,32.968,44.816,42223.41
HLA-B*51:03,VHIGETSDQWN,53.704,67.205,44981.39
HLA-B*51:03,HIGETSDQWNS,72.857,84.617,46602.36
HLA-B*51:03,IGETSDQWNSD,97.5,93.522,47513.71
HLA-B*51:03,GETSDQWNSDP,80.0,86.684,46799.42
HLA-B*51:03,ETSDQWNSDPM,31.471,32.51,39983.41
HLA-B*51:03,TSDQWNSDPMV,21.202,15.522,34640.63
HLA-B*51:03,SDQWNSDPMVY,39.118,39.694,41391.13
HLA-B*51:03,DQWNSDPMVYI,2.94,3.218,22647.71
HLA-B*51:03,QWNSDPMVYIR,50.741,64.71,44731.91
HLA-B*51:03,WNSDPMVYIRD,68.182,61.327,44360.8
HLA-B*51:03,NSDPMVYIRDE,69.091,54.099,43505.68
HLA-B*51:03,SDPMVYIRDEA,17.083,11.364,32341.93
HLA-B*51:03,DPMVYIRDEAA,3.396,1.925,18944.64
HLA-B*51:03,PMVYIRDEAAG,97.5,72.797,45521.92
HLA-B*51:03,MVYIRDEAAGR,47.375,48.338,42747.45
HLA-B*51:03,VYIRDEAAGRG,91.667,86.379,46770.06
HLA-B*51:03,YIRDEAAGRGQ,85.0,93.065,47462.33
HLA-B*51:03,IRDEAAGRGQF,32.161,57.02,43861.1
HLA-B*51:03,RDEAAGRGQFA,38.556,49.875,42962.58
HLA-B*51:03,DEAAGRGQFAC,35.042,46.997,42549.94
HLA-B*51:03,EAAGRGQFACG,58.0,57.824,43956.59
HLA-B*51:03,AAGRGQFACGL,49.857,52.794,43337.5
HLA-B*51:03,AGRGQFACGLD,97.5,83.1,46462.91
HLA-B*51:03,GRGQFACGLDG,97.5,83.68,46516.21
HLA-B*51:03,RGQFACGLDGI,65.455,26.422,38493.84
HLA-B*51:03,GQFACGLDGIA,67.727,50.616,43058.47
HLA-B*51:03,QFACGLDGIAE,91.667,83.795,46526.77
HLA-B*51:03,FACGLDGIAEN,59.25,59.604,44168.74
HLA-B*51:03,ACGLDGIAENE,95.0,96.41,48323.02
HLA-B*51:03,CGLDGIAENEE,90.0,94.84,47662.01
HLA-B*51:03,GLDGIAENEEM,55.5,78.167,46014.15
HLA-B*51:03,LDGIAENEEMA,75.833,74.447,45677.84
HLA-B*51:03,DGIAENEEMAG,72.143,74.791,45710.46
HLA-B*51:03,GIAENEEMAGT,86.667,95.255,47795.75
HLA-B*51:03,IAENEEMAGTV,20.122,14.277,34042.05
HLA-B*51:03,AENEEMAGTVV,18.677,36.8,40858.08
HLA-B*51:03,ENEEMAGTVVW,10.245,17.9,35687.97
HLA-B*51:03,NEEMAGTVVWM,24.623,25.375,38206.7
HLA-B*51:03,EEMAGTVVWMT,32.032,26.144,38420.18
HLA-B*51:03,EMAGTVVWMTT,50.0,35.349,40573.05
HLA-B*51:03,MAGTVVWMTTG,63.214,26.042,38393.18
HLA-B*51:03,AGTVVWMTTGF,65.909,52.717,43327.63
HLA-B*51:03,GTVVWMTTGFS,95.0,80.071,46185.73
HLA-B*51:03,TVVWMTTGFST,72.143,47.347,42602.0
HLA-B*51:03,VVWMTTGFSTI,18.561,4.478,25225.25
HLA-B*51:03,VWMTTGFSTIA,64.643,27.791,38863.79
HLA-B*51:03,WMTTGFSTIAV,50.0,16.466,35073.2
HLA-B*51:03,MTTGFSTIAVI,12.44,1.392,16529.36
HLA-B*51:03,TTGFSTIAVIG,55.75,27.33,38737.42
HLA-B*51:03,TGFSTIAVIGE,51.852,41.089,41627.8
HLA-B*51:03,GFSTIAVIGEK,83.75,79.69,46151.25
HLA-B*51:03,FSTIAVIGEKN,93.333,69.897,45248.39
HLA-B*51:03,STIAVIGEKNQ,83.75,89.916,47111.36
HLA-B*51:03,TIAVIGEKNQY,37.316,65.044,44768.25
HLA-B*51:03,IAVIGEKNQYT,50.37,63.554,44604.82
HLA-B*51:03,AVIGEKNQYTD,88.333,94.131,47582.16
HLA-B*51:03,VIGEKNQYTDV,39.412,52.141,43253.62
HLA-B*51:03,IGEKNQYTDVY,47.5,61.472,44376.66
HLA-B*51:03,GEKNQYTDVYS,85.0,92.059,47349.48
HLA-B*51:03,EKNQYTDVYSS,59.75,67.746,45034.95
HLA-B*51:03,KNQYTDVYSSS,81.25,83.56,46505.14
HLA-B*51:03,NQYTDVYSSSS,44.455,51.018,43109.73
HLA-B*51:03,QYTDVYSSSSA,50.0,49.721,42941.22
HLA-B*51:03,YTDVYSSSSAS,56.5,43.167,41966.52
HLA-B*51:03,TDVYSSSSASG,81.25,67.362,44996.97
HLA-B*51:03,DVYSSSSASGL,5.414,8.942,30546.4
HLA-B*51:03,VYSSSSASGLW,17.741,18.508,35923.52
HLA-B*51:03,YSSSSASGLWL,34.615,21.38,36969.24
HLA-B*51:03,SSSSASGLWLP,50.556,37.911,41069.47
HLA-B*51:03,SSSASGLWLPN,88.333,58.54,44041.82
HLA-B*51:03,SSASGLWLPNH,68.636,72.015,45448.08
HLA-B*51:03,SASGLWLPNHY,25.657,29.526,39295.91
HLA-B*51:03,ASGLWLPNHYP,55.25,46.317,42450.17
HLA-B*51:03,SGLWLPNHYPG,79.167,50.215,43007.23
HLA-B*51:03,GLWLPNHYPGD,97.5,90.942,47224.66
HLA-B*51:03,LWLPNHYPGDC,58.0,49.545,42917.05
HLA-B*51:03,WLPNHYPGDCP,79.167,51.947,43228.83
HLA-B*51:03,LPNHYPGDCPG,50.0,14.782,34289.36
HLA-B*51:03,PNHYPGDCPGD,100.0,95.204,47772.48
HLA-B*51:03,NHYPGDCPGDS,74.286,65.079,44771.62
HLA-B*51:03,HYPGDCPGDSI,7.063,6.855,28502.45
HLA-B*51:03,YPGDCPGDSIQ,9.186,11.732,32586.4
HLA-B*51:03,PGDCPGDSIQA,68.636,90.133,47134.3
HLA-B*51:03,GDCPGDSIQAE,68.636,95.064,47708.97
HLA-B*51:03,DCPGDSIQAEY,23.943,32.581,39998.99
HLA-B*51:03,CPGDSIQAEYI,3.806,1.514,17181.44
HLA-B*51:03,PGDSIQAEYIE,90.0,88.847,47008.02
HLA-B*51:03,GDSIQAEYIEQ,90.0,94.611,47636.23
HLA-B*51:03,DSIQAEYIEQL,3.17,7.804,29521.9
HLA-B*51:03,SIQAEYIEQLQ,45.7,70.485,45304.25
HLA-B*51:03,IQAEYIEQLQT,46.0,51.67,43193.3
HLA-B*51:03,QAEYIEQLQTI,2.585,3.875,24060.55
HLA-B*51:03,AEYIEQLQTIE,26.217,34.617,40424.49
HLA-B*51:03,EYIEQLQTIEV,14.933,14.699,34248.19
HLA-B*51:03,YIEQLQTIEVT,54.444,48.828,42817.33
HLA-B*51:03,IEQLQTIEVTL,22.49,30.243,39466.35
HLA-B*51:03,EQLQTIEVTLP,33.071,37.042,40904.96
HLA-B*51:03,QLQTIEVTLPF,25.418,16.97,35299.34
HLA-B*51:03,LQTIEVTLPFL,40.875,21.766,37097.47
HLA-B*51:03,QTIEVTLPFLL,14.408,11.451,32399.02
HLA-B*51:03,TIEVTLPFLLR,53.148,53.031,43367.97
HLA-B*51:03,IEVTLPFLLRL,13.299,11.491,32425.67
HLA-B*51:03,EVTLPFLLRLF,26.417,18.365,35868.75
HLA-B*51:03,VTLPFLLRLFK,31.941,18.752,36016.54
HLA-B*51:03,TLPFLLRLFKI,16.72,1.607,17548.93
HLA-B*51:03,LPFLLRLFKIT,16.516,2.16,19748.76
HLA-B*51:03,PFLLRLFKITW,71.429,53.826,43470.38
HLA-B*51:03,FLLRLFKITWL,48.5,33.352,40162.92
HLA-B*51:03,LLRLFKITWLV,33.75,19.308,36226.41
HLA-B*51:03,LRLFKITWLVA,48.875,31.337,39720.82
HLA-B*51:03,RLFKITWLVAL,47.375,36.175,40736.68
HLA-B*51:03,LFKITWLVALI,57.25,18.136,35781.93
HLA-B*51:03,FKITWLVALIW,55.25,21.466,36997.65
HLA-B*51:03,KITWLVALIWK,93.333,66.811,44942.48
HLA-B*51:03,ITWLVALIWKS,72.857,49.822,42955.15
HLA-B*51:03,TWLVALIWKSY,48.625,51.313,43147.53
HLA-B*51:03,WLVALIWKSYV,38.611,11.456,32402.89
HLA-B*51:03,LVALIWKSYVY,46.444,30.203,39456.96
HLA-B*51:03,VALIWKSYVYD,53.704,41.737,41732.45
HLA-B*51:03,ALIWKSYVYDW,69.091,47.241,42586.34
HLA-B*51:03,LIWKSYVYDWK,85.0,53.483,43426.19
HLA-B*51:03,IWKSYVYDWKW,51.667,22.223,37245.48
HLA-B*51:03,WKSYVYDWKWL,74.286,33.808,40257.34
HLA-B*51:03,KSYVYDWKWLV,23.46,9.255,30812.29
HLA-B*51:03,SYVYDWKWLVN,57.75,34.958,40494.97
HLA-B*51:03,YVYDWKWLVNH,38.056,28.578,39064.89
HLA-B*51:03,VYDWKWLVNHS,91.667,77.741,45975.83
HLA-B*51:03,YDWKWLVNHST,64.643,47.542,42631.05
HLA-B*51:03,DWKWLVNHSTV,33.607,19.876,36438.7
HLA-B*51:03,WKWLVNHSTVV,47.875,18.557,35942.18
HLA-B*51:03,KWLVNHSTVVQ,90.0,81.928,46355.43
HLA-B*51:03,WLVNHSTVVQI,28.347,16.449,35065.62
HLA-B*51:03,LVNHSTVVQIS,59.5,47.207,42581.26
HLA-B*51:03,VNHSTVVQISH,55.75,76.346,45850.64
HLA-B*51:03,NHSTVVQISHS,75.0,74.201,45654.6
HLA-B*51:03,HSTVVQISHSA,29.205,34.364,40372.05
HLA-B*51:03,STVVQISHSAR,69.091,70.418,45297.89
HLA-B*51:03,TVVQISHSARL,22.24,28.5,39045.45
HLA-B*51:03,VVQISHSARLN,70.0,66.412,44903.11
HLA-B*51:03,VQISHSARLNN,70.714,75.061,45735.7
HLA-B*51:03,QISHSARLNNG,97.5,91.249,47258.91
HLA-B*51:03,ISHSARLNNGK,77.5,81.079,46277.77
HLA-B*51:03,SHSARLNNGKP,66.818,63.902,44642.95
HLA-B*51:03,HSARLNNGKPR,64.286,84.814,46620.52
HLA-B*51:03,SARLNNGKPRY,37.579,57.256,43889.11
HLA-B*51:03,ARLNNGKPRYG,91.667,95.347,47837.66
HLA-B*51:03,RLNNGKPRYGD,97.5,96.604,48412.51
HLA-B*51:03,LNNGKPRYGDL,58.25,70.277,45284.65
HLA-B*51:03,NNGKPRYGDLL,36.667,52.604,43313.11
HLA-B*51:03,NGKPRYGDLLG,46.222,34.404,40380.35
HLA-B*51:03,GKPRYGDLLGM,35.292,35.397,40582.71
HLA-B*51:03,KPRYGDLLGMQ,34.654,42.123,41795.25
HLA-B*51:03,PRYGDLLGMQL,29.409,50.372,43027.24
HLA-B*51:03,RYGDLLGMQLD,57.25,75.548,45779.25
HLA-B*51:03,YGDLLGMQLDK,36.524,65.059,44769.69
HLA-B*51:03,GDLLGMQLDKR,93.333,95.547,47928.32
HLA-B*51:03,DLLGMQLDKRF,21.614,20.998,36842.67
HLA-B*51:03,LLGMQLDKRFM,73.571,50.182,43003.05
HLA-B*51:03,LGMQLDKRFMC,60.0,49.013,42843.74
HLA-B*51:03,GMQLDKRFMCS,93.333,74.196,45654.1
HLA-B*51:03,MQLDKRFMCSD,90.0,52.761,43333.28
HLA-B*51:03,QLDKRFMCSDI,52.407,32.49,39979.08
HLA-B*51:03,LDKRFMCSDIK,90.0,62.039,44438.63
HLA-B*51:03,DKRFMCSDIKI,28.0,9.06,30647.7
HLA-B*51:03,KRFMCSDIKIL,48.25,46.389,42460.71
HLA-B*51:03,RFMCSDIKILG,72.143,55.228,43649.01
HLA-B*51:03,FMCSDIKILGI,28.163,12.99,33353.69
HLA-B*51:03,MCSDIKILGIM,37.842,23.772,37734.66
HLA-B*51:03,CSDIKILGIMF,45.4,36.086,40719.5
HLA-B*51:03,SDIKILGIMFD,73.571,67.466,45007.19
HLA-B*51:03,DIKILGIMFDD,76.667,80.936,46264.76
HLA-B*51:03,IKILGIMFDDP,91.667,79.247,46111.32
HLA-B*51:03,KILGIMFDDPE,97.5,90.439,47168.48
HLA-B*51:03,ILGIMFDDPEA,82.5,51.856,43217.15
HLA-B*51:03,LGIMFDDPEAE,71.429,65.595,44822.53
HLA-B*51:03,GIMFDDPEAEG,88.333,90.572,47183.29
HLA-B*51:03,IMFDDPEAEGA,40.25,46.856,42529.22
HLA-B*51:03,MFDDPEAEGAM,21.693,37.951,41077.05
HLA-B*51:03,FDDPEAEGAMI,4.452,3.161,22514.3
HLA-B*51:03,DDPEAEGAMIL,8.885,15.915,34825.13
HLA-B*51:03,DPEAEGAMILD,11.848,24.276,37888.06
HLA-B*51:03,PEAEGAMILDA,72.143,66.693,44930.8
HLA-B*51:03,EAEGAMILDAH,52.963,61.397,44368.47
HLA-B*51:03,AEGAMILDAHV,28.735,12.501,33061.94
HLA-B*51:03,EGAMILDAHVK,42.462,25.928,38361.62
HLA-B*51:03,GAMILDAHVKD,83.75,68.209,45080.77
HLA-B*51:03,AMILDAHVKDG,95.0,86.526,46784.24
HLA-B*51:03,MILDAHVKDGR,40.812,66.964,44957.55
HLA-B*51:03,ILDAHVKDGRV,40.562,33.787,40252.98
HLA-B*51:03,LDAHVKDGRVP,61.786,60.185,44236.19
HLA-B*51:03,DAHVKDGRVPK,25.328,52.465,43295.32
HLA-B*51:03,AHVKDGRVPKP,48.0,75.969,45816.91
HLA-B*51:03,HVKDGRVPKPN,86.667,94.117,47580.59
HLA-B*51:03,VKDGRVPKPNW,37.421,61.402,44368.96
HLA-B*51:03,KDGRVPKPNWA,67.273,75.565,45780.73
HLA-B*51:03,DGRVPKPNWAA,15.873,21.779,37101.87
HLA-B*51:03,GRVPKPNWAAS,57.5,67.313,44992.1
HLA-B*51:03,RVPKPNWAASK,44.364,63.972,44650.7
HLA-B*51:03,VPKPNWAASKV,0.931,1.607,17551.02
HLA-B*51:03,PKPNWAASKVN,77.5,73.82,45618.55
HLA-B*51:03,KPNWAASKVNV,8.875,9.538,31046.54
HLA-B*51:03,PNWAASKVNVP,78.333,77.89,45989.26
HLA-B*51:03,NWAASKVNVPS,73.571,63.66,44616.41
HLA-B*51:03,WAASKVNVPSY,27.704,25.427,38221.16
HLA-B*51:03,AASKVNVPSYL,17.907,31.137,39675.28
HLA-B*51:03,ASKVNVPSYLY,38.889,52.425,43290.15
HLA-B*51:03,SKVNVPSYLYI,24.117,17.599,35562.32
HLA-B*51:03,KVNVPSYLYIR,56.5,51.382,43156.41
HLA-B*51:03,VNVPSYLYIRM,13.398,7.854,29569.54
HLA-B*51:03,NVPSYLYIRMH,39.353,28.966,39161.8
HLA-B*51:03,VPSYLYIRMHI,2.759,0.585,11166.17
HLA-B*51:03,PSYLYIRMHII,51.296,22.044,37189.09
HLA-B*51:03,SYLYIRMHIIF,52.593,37.211,40936.84
HLA-B*51:03,YLYIRMHIIFG,71.429,44.259,42134.88
HLA-B*51:03,LYIRMHIIFGF,47.875,32.976,40085.21
HLA-B*51:03,YIRMHIIFGFA,63.929,33.804,40256.46
HLA-B*51:03,IRMHIIFGFAG,80.0,54.285,43529.68
HLA-B*51:03,RMHIIFGFAGA,85.0,41.291,41660.24
HLA-B*51:03,MHIIFGFAGAE,82.5,43.693,42046.98
HLA-B*51:03,HIIFGFAGAEV,40.312,22.455,37318.47
HLA-B*51:03,IIFGFAGAEVS,65.455,42.738,41897.56
HLA-B*51:03,IFGFAGAEVSD,97.5,82.82,46437.27
HLA-B*51:03,FGFAGAEVSDD,95.0,76.728,45884.86
HLA-B*51:03,GFAGAEVSDDI,56.75,36.214,40744.17
HLA-B*51:03,FAGAEVSDDIK,65.909,47.384,42607.52
HLA-B*51:03,AGAEVSDDIKG,79.167,89.963,47115.94
HLA-B*51:03,GAEVSDDIKGV,34.154,62.544,44493.95
HLA-B*51:03,AEVSDDIKGVL,21.105,46.48,42474.05
HLA-B*51:03,EVSDDIKGVLK,36.952,61.446,44373.77
HLA-B*51:03,VSDDIKGVLKA,18.537,41.788,41740.57
HLA-B*51:03,SDDIKGVLKAF,34.0,49.525,42914.29
HLA-B*51:03,DDIKGVLKAFF,21.289,30.411,39505.67
HLA-B*51:03,DIKGVLKAFFL,14.341,15.015,34403.43
HLA-B*51:03,IKGVLKAFFLP,81.25,46.997,42549.94
HLA-B*51:03,KGVLKAFFLPT,93.333,65.226,44786.18
HLA-B*51:03,GVLKAFFLPTG,95.0,79.38,46123.31
HLA-B*51:03,VLKAFFLPTGP,52.593,37.923,41071.7
HLA-B*51:03,LKAFFLPTGPS,90.0,57.548,43923.8
HLA-B*51:03,KAFFLPTGPSC,19.047,30.779,39592.11
HLA-B*51:03,AFFLPTGPSCE,85.0,84.179,46562.04
HLA-B*51:03,FFLPTGPSCEQ,42.231,55.08,43631.54
HLA-B*51:03,FLPTGPSCEQV,14.787,10.701,31883.99
HLA-B*51:03,LPTGPSCEQVG,14.994,14.518,34159.73
HLA-B*51:03,PTGPSCEQVGL,44.455,47.272,42590.93
HLA-B*51:03,TGPSCEQVGLQ,66.818,59.108,44109.53
HLA-B*51:03,GPSCEQVGLQF,9.218,16.39,35039.06
HLA-B*51:03,PSCEQVGLQFN,91.667,91.587,47296.75
HLA-B*51:03,SCEQVGLQFNW,42.154,34.059,40309.19
HLA-B*51:03,CEQVGLQFNWL,48.375,32.149,39904.77
HLA-B*51:03,EQVGLQFNWLP,36.19,25.242,38169.51
HLA-B*51:03,QVGLQFNWLPE,97.5,73.382,45577.11
HLA-B*51:03,VGLQFNWLPEV,19.77,9.255,30811.95
HLA-B*51:03,GLQFNWLPEVC,76.667,53.986,43491.1
HLA-B*51:03,LQFNWLPEVCT,59.75,39.172,41300.31
HLA-B*51:03,QFNWLPEVCTI,34.308,16.11,34914.54
HLA-B*51:03,FNWLPEVCTII,24.649,7.737,29456.8
HLA-B*51:03,NWLPEVCTIIP,55.75,36.975,40892.11
HLA-B*51:03,WLPEVCTIIPV,35.792,5.489,26753.98
HLA-B*51:03,LPEVCTIIPVR,31.147,9.151,30724.07
HLA-B*51:03,PEVCTIIPVRH,79.167,86.384,46770.57
HLA-B*51:03,EVCTIIPVRHV,9.487,8.844,30460.92
HLA-B*51:03,VCTIIPVRHVT,56.25,54.807,43597.11
HLA-B*51:03,CTIIPVRHVTQ,75.0,58.616,44050.86
HLA-B*51:03,TIIPVRHVTQG,45.1,50.408,43031.9
HLA-B*51:03,IIPVRHVTQGR,60.0,73.325,45571.68
HLA-B*51:03,IPVRHVTQGRM,4.592,7.429,29151.16
HLA-B*51:03,PVRHVTQGRMG,97.5,93.156,47472.61
HLA-B*51:03,VRHVTQGRMGE,91.667,92.617,47412.03
HLA-B*51:03,RHVTQGRMGEL,47.75,54.737,43588.14
HLA-B*51:03,HVTQGRMGELE,76.667,82.262,46386.05
HLA-B*51:03,VTQGRMGELEG,90.0,80.23,46200.21
HLA-B*51:03,TQGRMGELEGN,95.0,94.135,47582.65
HLA-B*51:03,QGRMGELEGNF,53.704,58.888,44083.29
HLA-B*51:03,GRMGELEGNFG,91.667,90.521,47177.66
HLA-B*51:03,RMGELEGNFGR,69.545,82.749,46430.73
HLA-B*51:03,MGELEGNFGRL,38.833,33.747,40244.7
HLA-B*51:03,GELEGNFGRLI,18.195,21.756,37094.27
HLA-B*51:03,ELEGNFGRLIS,65.909,53.151,43383.47
HLA-B*51:03,LEGNFGRLISF,25.791,21.329,36952.44
HLA-B*51:03,EGNFGRLISFK,50.741,47.641,42645.81
HLA-B*51:03,GNFGRLISFKG,85.0,77.42,45946.99
HLA-B*51:03,NFGRLISFKGP,91.667,71.936,45440.73
HLA-B*51:03,FGRLISFKGPG,95.0,49.199,42869.25
HLA-B*51:03,GRLISFKGPGP,93.333,89.458,47067.05
HLA-B*51:03,RLISFKGPGPM,49.714,35.539,40610.82
HLA-B*51:03,LISFKGPGPMF,20.797,26.104,38409.38
HLA-B*51:03,ISFKGPGPMFG,38.833,27.756,38854.11
HLA-B*51:03,SFKGPGPMFGK,48.125,76.916,45901.77
HLA-B*51:03,FKGPGPMFGKS,51.667,29.934,39393.83
HLA-B*51:03,KGPGPMFGKSK,66.364,86.837,46814.12
HLA-B*51:03,GPGPMFGKSKQ,69.545,89.021,47024.78
HLA-B*51:03,PGPMFGKSKQW,27.037,42.033,41780.32
HLA-B*51:03,GPMFGKSKQWF,15.705,25.678,38291.53
HLA-B*51:03,PMFGKSKQWFQ,91.667,82.048,46366.46
HLA-B*51:03,MFGKSKQWFQS,93.333,72.839,45525.85
HLA-B*51:03,FGKSKQWFQSQ,75.833,71.049,45357.23
HLA-B*51:03,GKSKQWFQSQQ,95.0,96.085,48174.25
HLA-B*51:03,KSKQWFQSQQM,34.308,33.602,40214.65
HLA-B*51:03,SKQWFQSQQMQ,68.182,68.893,45148.65
HLA-B*51:03,KQWFQSQQMQW,22.08,26.581,38535.91
HLA-B*51:03,QWFQSQQMQWK,54.074,62.135,44449.21
HLA-B*51:03,WFQSQQMQWKG,79.167,50.915,43096.66
HLA-B*51:03,FQSQQMQWKGH,79.167,80.296,46206.22
HLA-B*51:03,QSQQMQWKGHR,68.636,85.974,46731.11
HLA-B*51:03,SQQMQWKGHRA,50.0,55.28,43655.15
HLA-B*51:03,QQMQWKGHRAL,29.727,27.911,38896.61
HLA-B*51:03,QMQWKGHRALI,31.824,15.587,34671.0
HLA-B*51:03,MQWKGHRALIT,41.833,19.516,36304.11
HLA-B*51:03,QWKGHRALITR,72.857,89.553,47076.21
HLA-B*51:03,WKGHRALITRA,75.0,56.8,43835.03
HLA-B*51:03,KGHRALITRAT,86.667,86.279,46760.44
HLA-B*51:03,GHRALITRATQ,90.0,90.851,47214.43
HLA-B*51:03,HRALITRATQS,82.5,83.817,46528.82
HLA-B*51:03,RALITRATQSC,44.636,49.882,42963.52
HLA-B*51:03,ALITRATQSCC,83.75,84.803,46619.49
HLA-B*51:03,LITRATQSCCC,83.75,80.876,46259.24
HLA-B*51:03,ITRATQSCCCT,95.0,69.852,45243.99
HLA-B*51:03,TRATQSCCCTV,60.0,30.292,39477.88
HLA-B*51:03,RATQSCCCTVK,88.333,57.128,43873.91
HLA-B*51:03,ATQSCCCTVKH,93.333,83.072,46460.39
HLA-B*51:03,TQSCCCTVKHD,100.0,84.54,46595.3
HLA-B*51:03,QSCCCTVKHDS,97.5,93.824,47547.68
HLA-B*51:03,SCCCTVKHDSV,73.571,49.34,42888.75
HLA-B*51:03,CCCTVKHDSVK,95.0,86.058,46739.22
HLA-B*51:03,CCTVKHDSVKT,97.5,90.023,47122.08
HLA-B*51:03,CTVKHDSVKTM,38.389,33.293,40150.75
HLA-B*51:03,TVKHDSVKTMR,48.5,79.009,46089.89
HLA-B*51:03,VKHDSVKTMRH,69.545,95.517,47914.85
HLA-B*51:03,KHDSVKTMRHS,86.667,90.101,47130.74
HLA-B*51:03,HDSVKTMRHSR,69.545,86.3,46762.46
HLA-B*51:03,DSVKTMRHSRP,40.438,42.665,41885.32
HLA-B*51:03,SVKTMRHSRPL,40.875,34.71,40443.73
HLA-B*51:03,VKTMRHSRPLE,93.333,74.061,45641.27
HLA-B*51:03,KTMRHSRPLEA,43.818,45.691,42357.03
HLA-B*51:03,TMRHSRPLEAS,80.0,68.322,45091.99
HLA-B*51:03,MRHSRPLEASG,78.333,58.908,44085.67
HLA-B*51:03,RHSRPLEASGH,75.0,91.889,47330.55
HLA-B*51:03,HSRPLEASGHY,11.297,29.895,39384.45
HLA-B*51:03,SRPLEASGHYA,25.313,35.287,40560.75
HLA-B*51:03,RPLEASGHYAI,3.331,2.417,20565.65
HLA-B*51:03,PLEASGHYAIG,86.667,69.213,45180.4
HLA-B*51:03,LEASGHYAIGP,56.75,49.441,42902.66
HLA-B*51:03,EASGHYAIGPV,11.915,6.754,28380.58
HLA-B*51:03,ASGHYAIGPVR,68.182,63.59,44608.67
HLA-B*51:03,SGHYAIGPVRP,67.727,58.5,44037.05
HLA-B*51:03,GHYAIGPVRPQ,68.636,80.126,46190.73
HLA-B*51:03,HYAIGPVRPQL,12.215,19.529,36308.81
HLA-B*51:03,YAIGPVRPQLA,5.05,7.307,29015.85
HLA-B*51:03,AIGPVRPQLAV,5.864,7.452,29176.4
HLA-B*51:03,IGPVRPQLAVK,16.564,15.277,34525.75
HLA-B*51:03,GPVRPQLAVKN,41.5,52.071,43244.75
HLA-B*51:03,PVRPQLAVKNR,78.333,95.108,47729.1
HLA-B*51:03,VRPQLAVKNRV,26.917,29.004,39171.12
HLA-B*51:03,RPQLAVKNRVL,11.991,19.641,36350.87
HLA-B*51:03,PQLAVKNRVLM,56.75,52.396,43286.41
HLA-B*51:03,QLAVKNRVLML,16.951,30.182,39452.28
HLA-B*51:03,LAVKNRVLMLV,17.813,5.139,26248.19
HLA-B*51:03,AVKNRVLMLVR,68.636,69.114,45170.64
HLA-B*51:03,VKNRVLMLVRY,82.5,70.689,45323.37
HLA-B*51:03,KNRVLMLVRYS,97.5,85.137,46650.8
HLA-B*51:03,NRVLMLVRYSG,91.667,59.62,44170.65
HLA-B*51:03,RVLMLVRYSGE,97.5,88.768,47000.38
HLA-B*51:03,VLMLVRYSGEG,93.333,67.968,45056.88
HLA-B*51:03,LMLVRYSGEGV,55.5,24.213,37869.64
HLA-B*51:03,MLVRYSGEGVD,88.333,57.08,43868.23
HLA-B*51:03,LVRYSGEGVDD,97.5,88.926,47015.62
HLA-B*51:03,VRYSGEGVDDS,90.0,92.607,47411.02
HLA-B*51:03,RYSGEGVDDSV,49.286,52.257,43268.61
HLA-B*51:03,YSGEGVDDSVS,53.704,71.253,45376.36
HLA-B*51:03,SGEGVDDSVSA,37.632,66.929,44954.13
HLA-B*51:03,GEGVDDSVSAI,16.373,33.345,40161.62
HLA-B*51:03,EGVDDSVSAII,11.188,8.796,30419.42
HLA-B*51:03,GVDDSVSAIIL,35.333,60.466,44266.84
HLA-B*51:03,VDDSVSAIILK,45.9,59.764,44187.86
HLA-B*51:03,DDSVSAIILKP,35.458,35.411,40585.32
HLA-B*51:03,DSVSAIILKPC,26.483,30.577,39544.57
HLA-B*51:03,SVSAIILKPCD,91.667,78.056,46004.18
HLA-B*51:03,VSAIILKPCDE,93.333,89.074,47029.88
HLA-B*51:03,SAIILKPCDEG,67.273,57.704,43942.33
HLA-B*51:03,AIILKPCDEGR,82.5,95.297,47814.9
HLA-B*51:03,IILKPCDEGRA,74.286,67.16,44977.01
HLA-B*51:03,ILKPCDEGRAA,22.94,37.068,40909.84
HLA-B*51:03,LKPCDEGRAAR,61.071,77.082,45916.66
HLA-B*51:03,KPCDEGRAARL,10.953,28.634,39078.82
HLA-B*51:03,PCDEGRAARLL,53.889,66.284,44890.48
HLA-B*51:03,CDEGRAARLLL,47.625,29.391,39263.61
HLA-B*51:03,DEGRAARLLLP,41.167,38.564,41190.08
HLA-B*51:03,EGRAARLLLPL,20.187,12.346,32969.77
HLA-B*51:03,GRAARLLLPLV,44.182,23.742,37725.26
HLA-B*51:03,RAARLLLPLVF,30.432,19.667,36360.32
HLA-B*51:03,AARLLLPLVFA,42.462,32.764,40038.84
HLA-B*51:03,ARLLLPLVFAQ,85.0,83.05,46458.38
HLA-B*51:03,RLLLPLVFAQP,75.0,65.965,44858.91
HLA-B*51:03,LLLPLVFAQPM,18.677,3.563,23446.85
HLA-B*51:03,LLPLVFAQPMT,57.0,19.911,36451.69
HLA-B*51:03,LPLVFAQPMTS,11.932,5.678,27008.46
HLA-B*51:03,PLVFAQPMTSL,38.778,27.917,38898.29
HLA-B*51:03,LVFAQPMTSLS,40.188,25.524,38248.48
HLA-B*51:03,VFAQPMTSLSK,35.833,44.517,42175.93
HLA-B*51:03,FAQPMTSLSKR,17.85,24.621,37989.87
HLA-B*51:03,AQPMTSLSKRV,13.217,12.532,33080.2
HLA-B*51:03,QPMTSLSKRVG,10.636,15.144,34463.41
HLA-B*51:03,PMTSLSKRVGE,97.5,95.359,47842.84
HLA-B*51:03,MTSLSKRVGEK,64.643,67.677,45028.15
HLA-B*51:03,TSLSKRVGEKL,20.472,35.077,40519.08
HLA-B*51:03,SLSKRVGEKLP,73.571,75.554,45779.76
HLA-B*51:03,LSKRVGEKLPI,32.581,15.857,34798.01
HLA-B*51:03,SKRVGEKLPIE,80.0,84.644,46604.88
HLA-B*51:03,KRVGEKLPIER,82.5,95.286,47809.72
HLA-B*51:03,RVGEKLPIERY,48.5,77.447,45949.48
HLA-B*51:03,VGEKLPIERYS,70.0,81.95,46357.43
HLA-B*51:03,GEKLPIERYSE,80.0,95.537,47924.18
HLA-B*51:03,EKLPIERYSER,25.582,56.08,43749.73
HLA-B*51:03,KLPIERYSERK,72.143,73.006,45541.62
HLA-B*51:03,LPIERYSERKP,12.046,12.585,33111.7
HLA-B*51:03,PIERYSERKPG,97.5,94.858,47664.07
HLA-B*51:03,IERYSERKPGG,88.333,92.274,47373.58
HLA-B*51:03,ERYSERKPGGV,42.615,49.091,42854.41
HLA-B*51:03,RYSERKPGGVK,75.0,82.223,46382.52
HLA-B*51:03,YSERKPGGVKS,43.182,74.306,45664.5
HLA-B*51:03,SERKPGGVKSP,46.556,71.921,45439.23
HLA-B*51:03,ERKPGGVKSPV,13.684,15.149,34465.66
HLA-B*51:03,RKPGGVKSPVM,44.364,50.704,43069.63
HLA-B*51:03,KPGGVKSPVMK,33.821,55.548,43686.8
HLA-B*51:03,PGGVKSPVMKE,93.333,97.011,48599.89
HLA-B*51:03,GGVKSPVMKEP,76.667,91.208,47254.31
HLA-B*51:03,GVKSPVMKEPL,34.846,62.386,44476.62
HLA-B*51:03,VKSPVMKEPLM,9.17,11.044,32130.56
HLA-B*51:03,KSPVMKEPLMG,57.0,50.489,43042.14
HLA-B*51:03,SPVMKEPLMGV,1.501,2.108,19588.94
HLA-B*51:03,PVMKEPLMGVS,85.0,77.143,45922.14
HLA-B*51:03,VMKEPLMGVSA,27.944,36.577,40814.76
HLA-B*51:03,MKEPLMGVSAG,53.148,16.857,35248.57
HLA-B*51:03,KEPLMGVSAGQ,75.0,76.069,45825.84
HLA-B*51:03,EPLMGVSAGQQ,39.588,63.229,44569.13
HLA-B*51:03,PLMGVSAGQQY,53.148,65.295,44792.94
HLA-B*51:03,LMGVSAGQQYI,30.703,16.612,35138.54
HLA-B*51:03,MGVSAGQQYII,12.752,6.025,27474.45
HLA-B*51:03,GVSAGQQYIIS,90.0,85.9,46724.03
HLA-B*51:03,VSAGQQYIISN,86.667,68.568,45116.4
HLA-B*51:03,SAGQQYIISNT,44.364,60.264,44244.8
HLA-B*51:03,AGQQYIISNTF,26.967,31.414,39738.45
HLA-B*51:03,GQQYIISNTFD,83.75,80.219,46199.22
HLA-B*51:03,QQYIISNTFDE,63.571,66.87,44948.3
HLA-B*51:03,QYIISNTFDEL,36.81,35.024,40508.55
HLA-B*51:03,YIISNTFDELE,67.727,47.489,42623.21
HLA-B*51:03,IISNTFDELEG,93.333,74.64,45696.11
HLA-B*51:03,ISNTFDELEGR,47.625,81.106,46280.27
HLA-B*51:03,SNTFDELEGRR,75.0,93.202,47477.76
HLA-B*51:03,NTFDELEGRRV,10.542,11.34,32325.85
HLA-B*51:03,TFDELEGRRVG,72.143,73.612,45598.81
HLA-B*51:03,FDELEGRRVGG,90.0,85.379,46674.0
HLA-B*51:03,DELEGRRVGGY,21.325,47.814,42671.64
HLA-B*51:03,ELEGRRVGGYE,80.0,83.253,46476.96
HLA-B*51:03,LEGRRVGGYER,82.5,87.732,46900.3
HLA-B*51:03,EGRRVGGYERA,41.0,51.995,43234.91
HLA-B*51:03,GRRVGGYERAA,81.25,91.67,47305.96
HLA-B*51:03,RRVGGYERAAN,97.5,95.76,48025.42
HLA-B*51:03,RVGGYERAAND,95.0,88.674,46991.22
HLA-B*51:03,VGGYERAANDC,95.0,92.095,47353.61
HLA-B*51:03,GGYERAANDCI,34.654,26.733,38576.39
HLA-B*51:03,GYERAANDCIR,90.0,81.396,46306.82
HLA-B*51:03,YERAANDCIRV,22.58,15.333,34551.89
HLA-B*51:03,ERAANDCIRVV,9.208,11.293,32295.07
HLA-B*51:03,RAANDCIRVVT,58.0,53.213,43391.45
HLA-B*51:03,AANDCIRVVTM,14.621,29.84,39371.25
HLA-B*51:03,ANDCIRVVTME,76.667,85.784,46712.91
HLA-B*51:03,NDCIRVVTMEI,20.862,11.975,32748.64
HLA-B*51:03,DCIRVVTMEIV,18.439,11.988,32757.49
HLA-B*51:03,CIRVVTMEIVQ,97.5,65.974,44859.89
HLA-B*51:03,IRVVTMEIVQA,66.818,64.2,44675.81
HLA-B*51:03,RVVTMEIVQAT,48.25,60.193,44237.13
HLA-B*51:03,VVTMEIVQATE,79.167,76.833,45894.3
HLA-B*51:03,VTMEIVQATEG,60.357,50.288,43016.55
HLA-B*51:03,TMEIVQATEGL,38.889,33.684,40231.64
HLA-B*51:03,MEIVQATEGLI,10.936,4.975,26010.42
HLA-B*51:03,EIVQATEGLIF,23.368,30.391,39500.96
HLA-B*51:03,IVQATEGLIFV,18.854,16.626,35144.99
HLA-B*51:03,VQATEGLIFVI,23.253,12.747,33208.58
HLA-B*51:03,QATEGLIFVIP,32.0,26.407,38489.67
HLA-B*51:03,ATEGLIFVIPN,93.333,70.658,45320.41
HLA-B*51:03,TEGLIFVIPNA,51.111,36.227,40746.82
HLA-B*51:03,EGLIFVIPNAT,36.381,41.55,41702.2
HLA-B*51:03,GLIFVIPNATY,57.5,55.096,43633.42
HLA-B*51:03,LIFVIPNATYY,33.857,28.842,39130.88
HLA-B*51:03,IFVIPNATYYS,70.714,57.268,43890.53
HLA-B*51:03,FVIPNATYYSI,2.115,0.268,7205.46
HLA-B*51:03,VIPNATYYSIL,20.829,5.947,27371.19
HLA-B*51:03,IPNATYYSILG,18.177,4.764,25677.4
HLA-B*51:03,PNATYYSILGG,100.0,73.586,45596.34
HLA-B*51:03,NATYYSILGGD,97.5,62.417,44480.0
HLA-B*51:03,ATYYSILGGDS,95.0,80.301,46206.73
HLA-B*51:03,TYYSILGGDSD,86.667,76.766,45888.36
HLA-B*51:03,YYSILGGDSDV,51.852,32.325,39943.21
HLA-B*51:03,YSILGGDSDVD,66.818,53.946,43485.91
HLA-B*51:03,SILGGDSDVDQ,95.0,96.391,48314.66
HLA-B*51:03,ILGGDSDVDQI,35.208,46.934,42540.75
HLA-B*51:03,LGGDSDVDQIE,73.571,85.416,46677.55
HLA-B*51:03,GGDSDVDQIEV,38.056,64.446,44702.9
HLA-B*51:03,GDSDVDQIEVT,72.143,88.153,46940.91
HLA-B*51:03,DSDVDQIEVTT,30.351,55.996,43739.78
HLA-B*51:03,SDVDQIEVTTT,62.143,82.092,46370.5
HLA-B*51:03,DVDQIEVTTTV,1.625,2.715,21386.44
HLA-B*51:03,VDQIEVTTTVH,37.684,46.072,42414.35
HLA-B*51:03,DQIEVTTTVHD,17.518,33.091,40109.08
HLA-B*51:03,QIEVTTTVHDN,97.5,95.97,48121.62
HLA-B*51:03,IEVTTTVHDNI,21.658,15.435,34599.79
HLA-B*51:03,EVTTTVHDNIG,66.818,54.763,43591.43
HLA-B*51:03,VTTTVHDNIGV,39.882,30.881,39616.09
HLA-B*51:03,TTTVHDNIGVR,62.857,75.288,45755.97
HLA-B*51:03,TTVHDNIGVRF,17.663,36.664,40831.55
HLA-B*51:03,TVHDNIGVRFH,37.526,65.994,44861.83
HLA-B*51:03,VHDNIGVRFHA,44.909,44.365,42151.75
HLA-B*51:03,HDNIGVRFHAY,38.722,49.508,42911.96
HLA-B*51:03,DNIGVRFHAYI,10.14,3.33,22913.41
HLA-B*51:03,NIGVRFHAYIK,77.5,39.075,41283.32
HLA-B*51:03,IGVRFHAYIKW,45.0,27.713,38842.34
HLA-B*51:03,GVRFHAYIKWG,93.333,77.841,45984.79
HLA-B*51:03,VRFHAYIKWGD,91.667,76.063,45825.34
HLA-B*51:03,RFHAYIKWGDY,64.643,45.024,42256.32
HLA-B*51:03,FHAYIKWGDYK,63.929,45.755,42366.64
HLA-B*51:03,HAYIKWGDYKY,19.128,20.692,36732.8
HLA-B*51:03,AYIKWGDYKYL,49.0,44.589,42187.32
HLA-B*51:03,YIKWGDYKYLA,48.375,38.339,41148.66
HLA-B*51:03,IKWGDYKYLAY,52.963,47.012,42552.24
HLA-B*51:03,KWGDYKYLAYG,93.333,80.312,46207.71
HLA-B*51:03,WGDYKYLAYGD,97.5,74.807,45711.93
HLA-B*51:03,GDYKYLAYGDA,80.0,64.385,44696.13
HLA-B*51:03,DYKYLAYGDAM,32.71,32.266,39930.25
HLA-B*51:03,YKYLAYGDAMF,46.111,28.993,39168.57
HLA-B*51:03,KYLAYGDAMFI,17.446,5.688,27020.75
HLA-B*51:03,YLAYGDAMFIN,44.364,15.71,34728.8
HLA-B*51:03,LAYGDAMFINV,9.367,2.376,20433.45
HLA-B*51:03,AYGDAMFINVM,27.815,40.261,41488.41
HLA-B*51:03,YGDAMFINVMQ,32.935,46.643,42497.94
HLA-B*51:03,GDAMFINVMQG,80.0,39.249,41313.71
HLA-B*51:03,DAMFINVMQGD,68.182,28.349,39007.87
HLA-B*51:03,AMFINVMQGDE,95.0,90.531,47178.7
HLA-B*51:03,MFINVMQGDEK,72.143,66.521,44913.79
HLA-B*51:03,FINVMQGDEKR,62.5,83.74,46521.77
HLA-B*51:03,INVMQGDEKRQ,93.333,96.295,48270.25
HLA-B*51:03,NVMQGDEKRQK,50.926,86.832,46813.61
HLA-B*51:03,VMQGDEKRQKG,90.0,95.077,47715.15
HLA-B*51:03,MQGDEKRQKGV,34.231,53.319,43405.05
HLA-B*51:03,QGDEKRQKGVD,82.5,95.56,47934.57
HLA-B*51:03,GDEKRQKGVDK,95.0,97.132,48655.64
HLA-B*51:03,DEKRQKGVDKV,24.013,40.447,41519.86
HLA-B*51:03,EKRQKGVDKVL,31.059,64.499,44708.7
HLA-B*51:03,KRQKGVDKVLP,78.333,91.999,47342.83
HLA-B*51:03,RQKGVDKVLPE,75.0,87.447,46872.91
HLA-B*51:03,QKGVDKVLPEF,36.714,57.416,43908.11
HLA-B*51:03,KGVDKVLPEFG,70.0,78.162,46013.65
HLA-B*51:03,GVDKVLPEFGV,42.615,54.136,43510.4
HLA-B*51:03,VDKVLPEFGVT,72.143,62.917,44534.88
HLA-B*51:03,DKVLPEFGVTE,52.593,71.514,45400.92
HLA-B*51:03,KVLPEFGVTEQ,75.833,91.981,47340.78
HLA-B*51:03,VLPEFGVTEQH,36.81,64.148,44670.02
HLA-B*51:03,LPEFGVTEQHD,43.182,55.024,43624.92
HLA-B*51:03,PEFGVTEQHDL,37.158,62.9,44532.96
HLA-B*51:03,EFGVTEQHDLF,19.23,33.688,40232.5
HLA-B*51:03,FGVTEQHDLFG,72.857,55.428,43672.64
HLA-B*51:03,GVTEQHDLFGK,82.5,92.315,47378.2
HLA-B*51:03,VTEQHDLFGKG,88.333,74.744,45706.01
HLA-B*51:03,TEQHDLFGKGE,75.833,89.021,47024.78
HLA-B*51:03,EQHDLFGKGEH,52.222,89.126,47034.97
HLA-B*51:03,QHDLFGKGEHS,70.0,79.994,46178.73
HLA-B*51:03,HDLFGKGEHSV,22.38,23.905,37776.73
HLA-B*51:03,DLFGKGEHSVK,24.87,30.885,39616.96
HLA-B*51:03,LFGKGEHSVKL,44.545,56.4,43787.62
HLA-B*51:03,FGKGEHSVKLY,38.889,53.337,43407.4
HLA-B*51:03,GKGEHSVKLYL,41.167,61.982,44432.38
HLA-B*51:03,KGEHSVKLYLA,70.0,63.322,44579.25
HLA-B*51:03,GEHSVKLYLAD,77.5,72.291,45474.18
HLA-B*51:03,EHSVKLYLADP,77.5,60.026,44218.96
HLA-B*51:03,HSVKLYLADPS,91.667,60.94,44318.6
HLA-B*51:03,SVKLYLADPSR,61.786,69.193,45178.45
HLA-B*51:03,VKLYLADPSRI,30.216,22.702,37396.48
HLA-B*51:03,KLYLADPSRIM,29.75,32.137,39902.16
HLA-B*51:03,LYLADPSRIMA,22.73,29.343,39252.14
HLA-B*51:03,YLADPSRIMAI,12.148,7.119,28808.46
HLA-B*51:03,LADPSRIMAIE,21.781,17.752,35626.25
HLA-B*51:03,ADPSRIMAIER,54.259,66.403,44902.12
HLA-B*51:03,DPSRIMAIERS,26.567,22.778,37420.77
HLA-B*51:03,PSRIMAIERSA,74.286,57.972,43974.19
HLA-B*51:03,SRIMAIERSAK,77.5,71.3,45380.78
HLA-B*51:03,RIMAIERSAKV,11.929,13.068,33396.68
HLA-B*51:03,IMAIERSAKVR,33.25,38.695,41214.16
HLA-B*51:03,MAIERSAKVRV,4.422,2.684,21306.98
HLA-B*51:03,AIERSAKVRVH,74.286,86.779,46808.54
HLA-B*51:03,IERSAKVRVHP,56.5,59.492,44155.38
HLA-B*51:03,ERSAKVRVHPF,24.818,32.776,40041.42
HLA-B*51:03,RSAKVRVHPFW,38.278,29.899,39385.29
HLA-B*51:03,SAKVRVHPFWF,26.933,25.291,38183.15
HLA-B*51:03,AKVRVHPFWFF,54.815,58.932,44088.54
HLA-B*51:03,KVRVHPFWFFQ,70.714,71.816,45429.42
HLA-B*51:03,VRVHPFWFFQD,90.0,65.689,44831.75
HLA-B*51:03,RVHPFWFFQDQ,82.5,59.084,44106.66
HLA-B*51:03,VHPFWFFQDQF,16.244,6.184,27674.63
HLA-B*51:03,HPFWFFQDQFR,15.563,7.919,29632.3
HLA-B*51:03,PFWFFQDQFRA,70.714,55.68,43702.42
HLA-B*51:03,FWFFQDQFRAV,38.833,18.236,35819.88
HLA-B*51:03,WFFQDQFRAVT,66.364,36.875,40872.65
HLA-B*51:03,FFQDQFRAVTQ,68.636,69.163,45175.5
HLA-B*51:03,FQDQFRAVTQY,32.839,41.927,41763.14
HLA-B*51:03,QDQFRAVTQYV,22.98,13.759,33774.22
HLA-B*51:03,DQFRAVTQYVT,28.245,17.896,35686.43
HLA-B*51:03,QFRAVTQYVTV,13.03,10.61,31818.51
HLA-B*51:03,FRAVTQYVTVH,40.688,30.478,39521.47
HLA-B*51:03,RAVTQYVTVHT,51.296,56.256,43770.56
HLA-B*51:03,AVTQYVTVHTS,67.273,68.745,45133.98
HLA-B*51:03,VTQYVTVHTSL,25.194,22.415,37305.96
HLA-B*51:03,TQYVTVHTSLA,23.31,19.953,36467.47
HLA-B*51:03,QYVTVHTSLAA,50.741,45.339,42303.9
HLA-B*51:03,YVTVHTSLAAQ,85.0,70.939,45346.9
HLA-B*51:03,VTVHTSLAAQG,93.333,68.465,45106.16
HLA-B*51:03,TVHTSLAAQGR,67.727,80.394,46215.22
HLA-B*51:03,VHTSLAAQGRT,82.5,75.338,45760.42
HLA-B*51:03,HTSLAAQGRTN,95.0,86.232,46755.89
HLA-B*51:03,TSLAAQGRTNK,61.071,83.828,46529.8
HLA-B*51:03,SLAAQGRTNKR,58.75,91.519,47289.09
HLA-B*51:03,LAAQGRTNKRR,65.455,90.576,47183.81
HLA-B*51:03,AAQGRTNKRRM,30.297,65.999,44862.32
HLA-B*51:03,AQGRTNKRRML,58.25,88.153,46940.91
HLA-B*51:03,QGRTNKRRMLT,88.333,89.695,47089.97
HLA-B*51:03,GRTNKRRMLTV,49.143,53.848,43473.21
HLA-B*51:03,RTNKRRMLTVA,65.909,49.63,42928.68
HLA-B*51:03,TNKRRMLTVAY,49.286,59.488,44154.9
HLA-B*51:03,NKRRMLTVAYT,86.667,63.471,44595.64
HLA-B*51:03,KRRMLTVAYTN,97.5,82.683,46424.72
HLA-B*51:03,RRMLTVAYTNP,88.333,63.871,44639.58
HLA-B*51:03,RMLTVAYTNPS,93.333,62.878,44530.55
HLA-B*51:03,MLTVAYTNPST,73.571,55.744,43709.97
HLA-B*51:03,LTVAYTNPSTI,3.038,1.308,16081.28
HLA-B*51:03,TVAYTNPSTIN,9.615,16.883,35260.03
HLA-B*51:03,VAYTNPSTINC,9.066,13.358,33554.94
HLA-B*51:03,AYTNPSTINCV,34.038,31.237,39698.06
HLA-B*51:03,YTNPSTINCVD,47.25,24.276,37888.06
HLA-B*51:03,TNPSTINCVDD,81.25,79.131,46100.86
HLA-B*51:03,NPSTINCVDDS,62.143,40.487,41526.58
HLA-B*51:03,PSTINCVDDSG,100.0,90.421,47166.44
HLA-B*51:03,STINCVDDSGI,39.176,25.746,38310.6
HLA-B*51:03,TINCVDDSGIP,83.75,65.364,44799.73
HLA-B*51:03,INCVDDSGIPF,33.786,40.024,41448.48
HLA-B*51:03,NCVDDSGIPFF,24.909,34.934,40490.16
HLA-B*51:03,CVDDSGIPFFL,34.154,23.718,37717.5
HLA-B*51:03,VDDSGIPFFLA,48.5,34.452,40390.41
HLA-B*51:03,DDSGIPFFLAR,31.206,37.122,40920.0
HLA-B*51:03,DSGIPFFLARK,54.259,39.368,41334.29
HLA-B*51:03,SGIPFFLARKQ,44.182,44.716,42207.43
HLA-B*51:03,GIPFFLARKQL,11.498,8.083,29785.96
HLA-B*51:03,IPFFLARKQLS,11.312,4.69,25561.54
HLA-B*51:03,PFFLARKQLST,91.667,80.969,46267.74
HLA-B*51:03,FFLARKQLSTS,69.545,64.772,44738.7
HLA-B*51:03,FLARKQLSTSE,70.714,77.957,45995.23
HLA-B*51:03,LARKQLSTSEH,63.571,77.829,45983.78
HLA-B*51:03,ARKQLSTSEHF,33.857,62.1,44445.36
HLA-B*51:03,RKQLSTSEHFT,72.857,82.919,46446.31
HLA-B*51:03,KQLSTSEHFTV,27.556,22.082,37201.16
HLA-B*51:03,QLSTSEHFTVR,63.929,58.356,44019.9
HLA-B*51:03,LSTSEHFTVRR,70.0,57.712,43943.29
HLA-B*51:03,STSEHFTVRRT,58.75,67.111,44972.14
HLA-B*51:03,TSEHFTVRRTL,18.189,17.755,35627.4
HLA-B*51:03,SEHFTVRRTLL,25.224,24.89,38069.28
HLA-B*51:03,EHFTVRRTLLG,46.778,30.277,39474.47
HLA-B*51:03,HFTVRRTLLGK,88.333,72.662,45509.12
HLA-B*51:03,FTVRRTLLGKA,57.0,30.995,39642.67
HLA-B*51:03,TVRRTLLGKAK,81.25,76.312,45847.65
HLA-B*51:03,VRRTLLGKAKR,85.0,93.797,47544.58
HLA-B*51:03,RRTLLGKAKRY,68.182,82.809,46436.28
HLA-B*51:03,RTLLGKAKRYF,48.625,55.168,43641.92
HLA-B*51:03,TLLGKAKRYFD,90.0,82.809,46436.28
HLA-B*51:03,LLGKAKRYFDE,97.5,93.76,47540.47
HLA-B*51:03,LGKAKRYFDED,97.5,91.189,47252.27
HLA-B*51:03,GKAKRYFDEDD,100.0,97.801,48966.18
HLA-B*51:03,KAKRYFDEDDK,91.667,95.207,47774.06
HLA-B*51:03,AKRYFDEDDKI,40.5,58.584,44047.05
HLA-B*51:03,KRYFDEDDKIA,62.857,78.826,46073.42
HLA-B*51:03,RYFDEDDKIAH,66.364,87.084,46837.92
HLA-B*51:03,YFDEDDKIAHQ,59.25,91.276,47261.99
HLA-B*51:03,FDEDDKIAHQV,15.384,27.811,38869.25
HLA-B*51:03,DEDDKIAHQVR,20.033,53.231,43393.8
HLA-B*51:03,EDDKIAHQVRR,48.0,80.69,46242.23
HLA-B*51:03,DDKIAHQVRRH,53.148,92.781,47430.5
HLA-B*51:03,DKIAHQVRRHI,4.011,7.393,29110.5
HLA-B*51:03,KIAHQVRRHII,33.214,31.202,39689.89
HLA-B*51:03,IAHQVRRHIIA,24.766,21.8,37108.69
HLA-B*51:03,AHQVRRHIIAK,76.667,77.303,45936.53
HLA-B*51:03,HQVRRHIIAKE,80.0,86.832,46813.61
HLA-B*51:03,QVRRHIIAKED,95.0,93.486,47509.61
HLA-B*51:03,VRRHIIAKEDS,95.0,94.941,47673.35
HLA-B*51:03,RRHIIAKEDSL,57.25,60.549,44275.92
HLA-B*51:03,RHIIAKEDSLR,70.714,78.4,46035.05
HLA-B*51:03,HIIAKEDSLRE,63.929,86.668,46797.91
HLA-B*51:03,IIAKEDSLREE,88.333,95.728,48010.86
HLA-B*51:03,IAKEDSLREEE,50.741,86.289,46761.47
HLA-B*51:03,AKEDSLREEEL,47.375,85.026,46640.18
HLA-B*51:03,KEDSLREEELV,34.423,44.175,42121.64
HLA-B*51:03,EDSLREEELVV,20.732,23.068,37512.4
HLA-B*51:03,DSLREEELVVG,31.735,38.85,41242.71
HLA-B*51:03,SLREEELVVGA,40.875,52.042,43240.99
HLA-B*51:03,LREEELVVGAQ,88.333,90.188,47140.44
HLA-B*51:03,REEELVVGAQD,90.0,91.894,47331.07
HLA-B*51:03,EEELVVGAQDS,76.667,81.742,46338.39
HLA-B*51:03,EELVVGAQDSL,14.306,24.652,37998.91
HLA-B*51:03,ELVVGAQDSLS,65.909,73.883,45624.49
HLA-B*51:03,LVVGAQDSLSE,74.286,84.261,46569.58
HLA-B*51:03,VVGAQDSLSEP,34.5,64.952,44758.55
HLA-B*51:03,VGAQDSLSEPS,83.75,80.515,46226.22
HLA-B*51:03,GAQDSLSEPSE,70.0,95.088,47719.8
HLA-B*51:03,AQDSLSEPSEE,80.0,95.865,48073.76
HLA-B*51:03,QDSLSEPSEEA,38.833,59.884,44202.22
HLA-B*51:03,DSLSEPSEEAD,45.0,68.135,45073.47
HLA-B*51:03,SLSEPSEEADV,35.042,49.791,42950.97
HLA-B*51:03,LSEPSEEADVR,49.857,76.019,45821.38
HLA-B*51:03,SEPSEEADVRF,14.315,36.305,40761.8
HLA-B*51:03,EPSEEADVRFA,6.343,13.624,33700.48
HLA-B*51:03,PSEEADVRFAA,63.571,66.442,44906.0
HLA-B*51:03,SEEADVRFAAK,57.0,63.704,44621.21
HLA-B*51:03,EEADVRFAAKL,7.83,17.458,35503.11
HLA-B*51:03,EADVRFAAKLT,27.222,31.258,39702.77
HLA-B*51:03,ADVRFAAKLTK,60.0,63.765,44627.98
HLA-B*51:03,DVRFAAKLTKA,18.695,28.893,39143.57
HLA-B*51:03,VRFAAKLTKAY,37.474,42.542,41864.93
HLA-B*51:03,RFAAKLTKAYE,81.25,77.691,45971.35
HLA-B*51:03,FAAKLTKAYEH,46.0,53.869,43476.04
HLA-B*51:03,AAKLTKAYEHD,91.667,90.128,47133.81
HLA-B*51:03,AKLTKAYEHDL,62.5,75.006,45730.75
HLA-B*51:03,KLTKAYEHDLN,97.5,91.825,47323.38
HLA-B*51:03,LTKAYEHDLNN,91.667,65.059,44769.69
HLA-B*51:03,TKAYEHDLNNQ,93.333,95.013,47685.75
HLA-B*51:03,KAYEHDLNNQY,16.271,33.577,40209.44
HLA-B*51:03,AYEHDLNNQYL,27.315,46.972,42546.26
HLA-B*51:03,YEHDLNNQYLK,30.622,39.355,41332.05
HLA-B*51:03,EHDLNNQYLKQ,68.636,84.929,46631.1
HLA-B*51:03,HDLNNQYLKQP,69.545,74.363,45669.91
HLA-B*51:03,DLNNQYLKQPA,42.0,38.542,41186.07
HLA-B*51:03,LNNQYLKQPAV,19.189,12.9,33299.96
HLA-B*51:03,NNQYLKQPAVE,54.074,47.876,42680.89
HLA-B*51:03,NQYLKQPAVEE,44.273,54.588,43568.8
HLA-B*51:03,QYLKQPAVEEG,88.333,89.137,47035.97
HLA-B*51:03,YLKQPAVEEGH,55.5,87.758,46902.84
HLA-B*51:03,LKQPAVEEGHF,21.781,24.759,38030.59
HLA-B*51:03,KQPAVEEGHFL,10.836,26.9,38620.66
HLA-B*51:03,QPAVEEGHFLS,13.373,23.193,37551.78
HLA-B*51:03,PAVEEGHFLSS,69.545,79.413,46126.29
HLA-B*51:03,AVEEGHFLSSY,35.542,60.628,44284.54
HLA-B*51:03,VEEGHFLSSYG,68.182,59.392,44143.43
HLA-B*51:03,EEGHFLSSYGF,18.579,14.174,33991.62
HLA-B*51:03,EGHFLSSYGFV,28.245,9.223,30785.3
HLA-B*51:03,GHFLSSYGFVL,38.444,24.428,37932.78
HLA-B*51:03,HFLSSYGFVLN,79.167,50.485,43041.7
HLA-B*51:03,FLSSYGFVLNL,26.967,16.762,35205.88
HLA-B*51:03,LSSYGFVLNLQ,74.286,50.303,43018.41
HLA-B*51:03,SSYGFVLNLQH,37.632,47.641,42645.81
HLA-B*51:03,SYGFVLNLQHA,55.25,36.623,40823.6
HLA-B*51:03,YGFVLNLQHAI,10.663,3.834,23978.68
HLA-B*51:03,GFVLNLQHAIK,81.25,63.765,44627.98
HLA-B*51:03,FVLNLQHAIKI,12.977,6.876,28528.04
HLA-B*51:03,VLNLQHAIKIS,75.833,65.566,44819.61
HLA-B*51:03,LNLQHAIKISN,74.286,74.243,45658.55
HLA-B*51:03,NLQHAIKISNE,90.0,90.974,47228.23
HLA-B*51:03,LQHAIKISNEE,61.429,69.823,45241.04
HLA-B*51:03,QHAIKISNEEC,65.0,74.65,45697.11
HLA-B*51:03,HAIKISNEECR,35.5,67.092,44970.2
HLA-B*51:03,AIKISNEECRS,97.5,96.272,48259.79
HLA-B*51:03,IKISNEECRSP,73.571,73.768,45613.63
HLA-B*51:03,KISNEECRSPP,95.0,86.253,46757.91
HLA-B*51:03,ISNEECRSPPW,33.786,22.525,37340.69
HLA-B*51:03,SNEECRSPPWG,90.0,72.187,45464.32
HLA-B*51:03,NEECRSPPWGV,20.846,25.131,38138.55
HLA-B*51:03,EECRSPPWGVI,15.071,14.696,34247.08
HLA-B*51:03,ECRSPPWGVIH,41.333,49.576,42921.23
HLA-B*51:03,CRSPPWGVIHM,13.074,10.769,31933.71
HLA-B*51:03,RSPPWGVIHML,3.084,5.105,26199.96
HLA-B*51:03,SPPWGVIHMLG,7.623,7.669,29391.22
HLA-B*51:03,PPWGVIHMLGK,22.28,35.642,40631.47
HLA-B*51:03,PWGVIHMLGKL,81.25,60.844,44308.02
HLA-B*51:03,WGVIHMLGKLT,79.167,58.368,44021.32
HLA-B*51:03,GVIHMLGKLTR,80.0,85.589,46694.21
HLA-B*51:03,VIHMLGKLTRS,88.333,75.797,45801.55
HLA-B*51:03,IHMLGKLTRSK,75.0,64.789,44740.62
HLA-B*51:03,HMLGKLTRSKF,37.632,38.206,41124.18
HLA-B*51:03,MLGKLTRSKFR,80.0,60.518,44272.57
HLA-B*51:03,LGKLTRSKFRS,95.0,88.916,47014.62
HLA-B*51:03,GKLTRSKFRSS,95.0,96.068,48166.42
HLA-B*51:03,KLTRSKFRSSL,56.0,57.292,43893.39
HLA-B*51:03,LTRSKFRSSLT,70.714,62.895,44532.47
HLA-B*51:03,TRSKFRSSLTA,39.882,38.557,41188.75
HLA-B*51:03,RSKFRSSLTAT,79.167,62.777,44519.46
HLA-B*51:03,SKFRSSLTATL,33.071,34.696,40440.68
HLA-B*51:03,KFRSSLTATLD,86.667,70.939,45346.9
HLA-B*51:03,FRSSLTATLDL,43.364,23.92,37781.63
HLA-B*51:03,RSSLTATLDLI,48.5,16.152,34933.08
HLA-B*51:03,SSLTATLDLIL,30.378,22.052,37191.9
HLA-B*51:03,SLTATLDLILK,73.571,60.945,44319.05
HLA-B*51:03,LTATLDLILKP,53.333,49.737,42943.55
HLA-B*51:03,TATLDLILKPM,27.37,20.608,36702.61
HLA-B*51:03,ATLDLILKPMG,68.636,64.482,44706.77
HLA-B*51:03,TLDLILKPMGF,43.273,37.136,40922.66
HLA-B*51:03,LDLILKPMGFV,45.9,19.999,36484.86
HLA-B*51:03,DLILKPMGFVK,43.364,32.788,40044.03
HLA-B*51:03,LILKPMGFVKE,85.0,73.847,45621.02
HLA-B*51:03,ILKPMGFVKEA,8.855,7.191,28887.1
HLA-B*51:03,LKPMGFVKEAV,25.612,13.431,33594.55
HLA-B*51:03,KPMGFVKEAVI,3.13,1.811,18439.07
HLA-B*51:03,PMGFVKEAVIM,65.455,37.073,40910.71
HLA-B*51:03,MGFVKEAVIMF,19.514,8.788,30411.85
HLA-B*51:03,GFVKEAVIMFA,70.714,61.555,44385.76
HLA-B*51:03,FVKEAVIMFAQ,51.481,61.235,44350.73
HLA-B*51:03,VKEAVIMFAQQ,90.0,85.511,46686.65
HLA-B*51:03,KEAVIMFAQQL,16.969,20.458,36649.04
HLA-B*51:03,EAVIMFAQQLQ,18.091,25.57,38261.31
HLA-B*51:03,AVIMFAQQLQS,72.857,68.391,45098.83
HLA-B*51:03,VIMFAQQLQSA,42.769,33.013,40093.02
HLA-B*51:03,IMFAQQLQSAI,11.994,3.82,23952.49
HLA-B*51:03,MFAQQLQSAII,28.408,7.836,29552.57
HLA-B*51:03,FAQQLQSAIIS,30.054,19.687,36367.8
HLA-B*51:03,AQQLQSAIISI,25.806,28.193,38969.04
HLA-B*51:03,QQLQSAIISIH,51.667,46.715,42508.52
HLA-B*51:03,QLQSAIISIHD,77.5,66.845,44945.87
HLA-B*51:03,LQSAIISIHDT,61.786,61.472,44376.66
HLA-B*51:03,QSAIISIHDTS,68.636,63.752,44626.54
HLA-B*51:03,SAIISIHDTSD,79.167,65.792,44841.93
HLA-B*51:03,AIISIHDTSDD,95.0,95.572,47939.73
HLA-B*51:03,IISIHDTSDDG,97.5,95.348,47838.18
HLA-B*51:03,ISIHDTSDDGG,95.0,90.97,47227.74
HLA-B*51:03,SIHDTSDDGGG,97.5,95.665,47982.29
HLA-B*51:03,IHDTSDDGGGV,41.333,48.588,42783.08
HLA-B*51:03,HDTSDDGGGVS,59.5,86.479,46779.69
HLA-B*51:03,DTSDDGGGVSQ,58.75,89.7,47090.45
HLA-B*51:03,TSDDGGGVSQR,54.63,94.135,47582.65
HLA-B*51:03,SDDGGGVSQRV,24.974,44.698,42204.68
HLA-B*51:03,DDGGGVSQRVE,63.214,85.889,46723.04
HLA-B*51:03,DGGGVSQRVEP,44.818,61.687,44400.19
HLA-B*51:03,GGGVSQRVEPN,100.0,96.918,48556.78
HLA-B*51:03,GGVSQRVEPNT,86.667,95.438,47879.08
HLA-B*51:03,GVSQRVEPNTN,97.5,95.714,48004.64
HLA-B*51:03,VSQRVEPNTNL,19.858,38.651,41206.13
HLA-B*51:03,SQRVEPNTNLG,47.5,69.587,45217.56
HLA-B*51:03,QRVEPNTNLGK,65.455,91.212,47254.82
HLA-B*51:03,RVEPNTNLGKA,37.579,46.185,42430.88
HLA-B*51:03,VEPNTNLGKAG,63.214,68.77,45136.42
HLA-B*51:03,EPNTNLGKAGR,39.0,61.208,44347.84
HLA-B*51:03,PNTNLGKAGRN,100.0,97.374,48767.92
HLA-B*51:03,NTNLGKAGRNS,93.333,92.553,47404.85
HLA-B*51:03,TNLGKAGRNSF,35.25,55.896,43727.96
HLA-B*51:03,NLGKAGRNSFN,85.0,87.489,46876.96
HLA-B*51:03,LGKAGRNSFNT,88.333,79.756,46157.26
HLA-B*51:03,GKAGRNSFNTL,45.5,56.92,43849.25
HLA-B*51:03,KAGRNSFNTLG,65.0,60.338,44252.94
HLA-B*51:03,AGRNSFNTLGW,45.7,44.437,42163.14
HLA-B*51:03,GRNSFNTLGWA,80.0,60.83,44306.59
HLA-B*51:03,RNSFNTLGWAA,67.273,32.458,39972.17
HLA-B*51:03,NSFNTLGWAAK,41.167,32.607,40004.61
HLA-B*51:03,SFNTLGWAAKA,62.143,42.706,41892.13
HLA-B*51:03,FNTLGWAAKAQ,93.333,73.309,45570.21
HLA-B*51:03,NTLGWAAKAQQ,65.455,74.88,45718.86
HLA-B*51:03,TLGWAAKAQQS,93.333,89.389,47060.43
HLA-B*51:03,LGWAAKAQQSL,15.672,18.606,35960.84
HLA-B*51:03,GWAAKAQQSLR,62.857,79.994,46178.73
HLA-B*51:03,WAAKAQQSLRE,47.875,65.025,44766.31
HLA-B*51:03,AAKAQQSLRET,65.455,85.116,46648.76
HLA-B*51:03,AKAQQSLRETE,86.667,95.397,47860.43
HLA-B*51:03,KAQQSLRETEG,88.333,91.61,47299.31
HLA-B*51:03,AQQSLRETEGE,90.0,95.949,48111.75
HLA-B*51:03,QQSLRETEGEE,91.667,96.19,48222.21
HLA-B*51:03,QSLRETEGEEL,37.737,58.648,44054.69
HLA-B*51:03,SLRETEGEELA,46.222,60.923,44316.65
HLA-B*51:03,LRETEGEELAY,64.286,79.38,46123.31
HLA-B*51:03,RETEGEELAYI,28.592,31.829,39833.16
HLA-B*51:03,ETEGEELAYIP,47.875,51.911,43224.15
HLA-B*51:03,AILLQDSEFGSR,83.75,89.916,47111.36
HLA-B*51:03,ILLQDSEFGSRN,97.5,86.674,46798.43
HLA-B*51:03,LLQDSEFGSRNS,95.0,87.905,46917.04
HLA-B*51:03,LQDSEFGSRNSG,90.0,66.56,44917.68
HLA-B*51:03,QDSEFGSRNSGR,86.667,91.185,47251.75
HLA-B*51:03,DSEFGSRNSGRS,91.667,82.267,46386.56
HLA-B*51:03,SEFGSRNSGRSH,46.111,72.886,45530.29
HLA-B*51:03,EFGSRNSGRSHE,90.0,95.793,48040.47
HLA-B*51:03,FGSRNSGRSHER,77.5,87.284,46857.19
HLA-B*51:03,GSRNSGRSHERD,100.0,96.617,48418.29
HLA-B*51:03,SRNSGRSHERDA,86.667,92.823,47435.12
HLA-B*51:03,RNSGRSHERDAD,100.0,96.543,48384.23
HLA-B*51:03,NSGRSHERDADM,80.0,69.532,45212.2
HLA-B*51:03,SGRSHERDADMG,97.5,91.793,47319.78
HLA-B*51:03,GRSHERDADMGV,67.273,62.873,44530.09
HLA-B*51:03,RSHERDADMGVE,88.333,78.483,46042.53
HLA-B*51:03,SHERDADMGVEE,78.333,83.927,46538.87
HLA-B*51:03,HERDADMGVEES,75.833,84.118,46556.49
HLA-B*51:03,ERDADMGVEESW,26.383,31.571,39774.14
HLA-B*51:03,RDADMGVEESWE,64.286,69.277,45186.75
HLA-B*51:03,DADMGVEESWEQ,30.541,44.592,42187.79
HLA-B*51:03,ADMGVEESWEQF,51.481,48.208,42728.95
HLA-B*51:03,DMGVEESWEQFA,60.357,43.643,42039.25
HLA-B*51:03,MGVEESWEQFAF,41.583,15.648,34699.52
HLA-B*51:03,GVEESWEQFAFD,93.333,64.956,44759.04
HLA-B*51:03,VEESWEQFAFDD,90.0,71.853,45432.84
HLA-B*51:03,EESWEQFAFDDV,42.692,18.452,35902.14
HLA-B*51:03,ESWEQFAFDDVR,45.4,26.38,38482.59
HLA-B*51:03,SWEQFAFDDVRV,65.909,39.1,41287.79
HLA-B*51:03,WEQFAFDDVRVL,15.243,10.375,31648.57
HLA-B*51:03,EQFAFDDVRVLL,10.664,10.841,31985.59
HLA-B*51:03,QFAFDDVRVLLK,47.375,35.296,40562.51
HLA-B*51:03,FAFDDVRVLLKK,22.63,20.076,36512.49
HLA-B*51:03,AFDDVRVLLKKS,93.333,90.371,47160.84
HLA-B*51:03,FDDVRVLLKKSI,23.644,16.203,34955.75
HLA-B*51:03,DDVRVLLKKSIP,55.75,41.964,41769.04
HLA-B*51:03,DVRVLLKKSIPT,56.0,44.046,42101.14
HLA-B*51:03,VRVLLKKSIPTL,36.381,36.352,40771.06
HLA-B*51:03,RVLLKKSIPTLP,71.429,59.208,44121.45
HLA-B*51:03,VLLKKSIPTLPT,86.667,66.747,44936.16
HLA-B*51:03,LLKKSIPTLPTG,71.429,45.712,42360.22
HLA-B*51:03,LKKSIPTLPTGV,45.7,38.182,41119.72
HLA-B*51:03,KKSIPTLPTGVT,70.714,60.145,44231.88
HLA-B*51:03,KSIPTLPTGVTE,71.429,54.759,43590.95
HLA-B*51:03,SIPTLPTGVTEL,16.724,23.554,37665.73
HLA-B*51:03,IPTLPTGVTELS,17.549,19.499,36297.8
HLA-B*51:03,PTLPTGVTELSG,93.333,69.375,45196.54
HLA-B*51:03,TLPTGVTELSGL,38.333,22.56,37351.6
HLA-B*51:03,LPTGVTELSGLA,26.217,7.718,29438.97
HLA-B*51:03,PTGVTELSGLAT,100.0,94.277,47598.61
HLA-B*51:03,TGVTELSGLATR,62.5,80.542,46228.73
HLA-B*51:03,GVTELSGLATRV,66.818,49.869,42961.66
HLA-B*51:03,VTELSGLATRVN,91.667,67.559,45016.45
HLA-B*51:03,TELSGLATRVNN,86.667,64.126,44667.6
HLA-B*51:03,ELSGLATRVNNM,54.074,52.239,43266.26
HLA-B*51:03,LSGLATRVNNMT,95.0,68.41,45100.78
HLA-B*51:03,SGLATRVNNMTN,97.5,74.849,45715.88
HLA-B*51:03,GLATRVNNMTNA,95.0,74.269,45661.02
HLA-B*51:03,LATRVNNMTNAP,82.5,54.65,43576.81
HLA-B*51:03,ATRVNNMTNAPA,86.667,53.363,43410.7
HLA-B*51:03,TRVNNMTNAPAI,38.667,19.714,36378.02
HLA-B*51:03,RVNNMTNAPAIA,90.0,53.213,43391.45
HLA-B*51:03,VNNMTNAPAIAG,97.5,65.236,44787.13
HLA-B*51:03,NNMTNAPAIAGG,88.333,60.663,44288.39
HLA-B*51:03,NMTNAPAIAGGR,69.545,70.324,45289.06
HLA-B*51:03,MTNAPAIAGGRV,13.24,2.987,22103.97
HLA-B*51:03,TNAPAIAGGRVM,28.224,26.024,38388.18
HLA-B*51:03,NAPAIAGGRVMA,37.158,25.477,38235.24
HLA-B*51:03,APAIAGGRVMAV,10.848,7.055,28737.78
HLA-B*51:03,PAIAGGRVMAVF,58.0,39.807,41410.83
HLA-B*51:03,AIAGGRVMAVFK,82.5,72.14,45459.9
HLA-B*51:03,IAGGRVMAVFKI,24.039,8.412,30081.98
HLA-B*51:03,AGGRVMAVFKIV,49.286,30.735,39581.82
HLA-B*51:03,GGRVMAVFKIVK,91.667,75.786,45800.55
HLA-B*51:03,GRVMAVFKIVKF,62.143,45.624,42346.95
HLA-B*51:03,RVMAVFKIVKFT,81.25,54.508,43558.44
HLA-B*51:03,VMAVFKIVKFTK,82.5,56.328,43779.09
HLA-B*51:03,MAVFKIVKFTKN,79.167,45.612,42345.12
HLA-B*51:03,AVFKIVKFTKNK,86.667,85.542,46689.66
HLA-B*51:03,VFKIVKFTKNKR,95.0,94.867,47665.11
HLA-B*51:03,FKIVKFTKNKRV,37.526,44.966,42247.17
HLA-B*51:03,KIVKFTKNKRVW,69.091,60.119,44229.0
HLA-B*51:03,IVKFTKNKRVWS,80.0,76.118,45830.3
HLA-B*51:03,VKFTKNKRVWSV,36.857,26.256,38449.73
HLA-B*51:03,KFTKNKRVWSVN,95.0,73.831,45619.55
HLA-B*51:03,FTKNKRVWSVNA,66.818,37.881,41063.7
HLA-B*51:03,TKNKRVWSVNAK,83.75,85.863,46720.5
HLA-B*51:03,KNKRVWSVNAKE,95.0,88.663,46990.19
HLA-B*51:03,NKRVWSVNAKEL,68.636,52.637,43317.32
HLA-B*51:03,KRVWSVNAKELY,76.667,65.33,44796.35
HLA-B*51:03,RVWSVNAKELYL,34.231,27.172,38694.27
HLA-B*51:03,VWSVNAKELYLA,86.667,55.972,43736.96
HLA-B*51:03,WSVNAKELYLAH,72.143,46.307,42448.77
HLA-B*51:03,SVNAKELYLAHV,47.625,25.164,38147.63
HLA-B*51:03,VNAKELYLAHVA,59.5,35.788,40660.49
HLA-B*51:03,NAKELYLAHVAS,49.0,32.188,39913.39
HLA-B*51:03,AKELYLAHVASV,56.0,35.945,40691.76
HLA-B*51:03,KELYLAHVASVL,43.0,33.811,40257.75
HLA-B*51:03,ELYLAHVASVLT,57.0,37.131,40921.79
HLA-B*51:03,LYLAHVASVLTS,90.0,53.858,43474.61
HLA-B*51:03,YLAHVASVLTSF,48.125,25.201,38157.94
HLA-B*51:03,LAHVASVLTSFR,65.0,39.306,41323.54
HLA-B*51:03,AHVASVLTSFRS,67.727,65.625,44825.42
HLA-B*51:03,HVASVLTSFRSY,46.778,43.539,42023.34
HLA-B*51:03,VASVLTSFRSYF,40.625,16.917,35275.29
HLA-B*51:03,ASVLTSFRSYFC,91.667,58.652,44055.15
HLA-B*51:03,SVLTSFRSYFCD,95.0,57.204,43882.94
HLA-B*51:03,VLTSFRSYFCDV,80.0,31.885,39846.08
HLA-B*51:03,LTSFRSYFCDVP,91.667,41.358,41671.07
HLA-B*51:03,TSFRSYFCDVPG,97.5,34.617,40424.49
HLA-B*51:03,SFRSYFCDVPGT,91.667,66.54,44915.73
HLA-B*51:03,FRSYFCDVPGTE,93.333,72.39,45483.5
HLA-B*51:03,RSYFCDVPGTEP,58.5,44.172,42121.21
HLA-B*51:03,SYFCDVPGTEPV,43.182,21.134,36887.72
HLA-B*51:03,YFCDVPGTEPVS,85.0,60.382,44257.73
HLA-B*51:03,FCDVPGTEPVSL,6.659,12.451,33032.25
HLA-B*51:03,CDVPGTEPVSLN,67.273,56.42,43789.99
HLA-B*51:03,DVPGTEPVSLND,49.714,61.076,44333.46
HLA-B*51:03,VPGTEPVSLNDI,8.38,7.916,29630.07
HLA-B*51:03,PGTEPVSLNDIK,90.0,82.503,46408.13
HLA-B*51:03,GTEPVSLNDIKT,85.0,75.604,45784.21
HLA-B*51:03,TEPVSLNDIKTQ,73.571,79.873,46167.74
HLA-B*51:03,EPVSLNDIKTQA,8.276,13.231,33485.68
HLA-B*51:03,PVSLNDIKTQAN,100.0,95.812,48049.3
HLA-B*51:03,VSLNDIKTQANL,33.321,33.432,40179.42
HLA-B*51:03,SLNDIKTQANLV,37.789,34.632,40427.57
HLA-B*51:03,LNDIKTQANLVR,77.5,69.326,45191.64
HLA-B*51:03,NDIKTQANLVRN,83.75,77.104,45918.64
HLA-B*51:03,DIKTQANLVRNP,53.519,57.46,43913.35
HLA-B*51:03,IKTQANLVRNPK,93.333,77.946,45994.22
HLA-B*51:03,KTQANLVRNPKR,93.333,92.031,47346.43
HLA-B*51:03,TQANLVRNPKRV,46.444,40.242,41485.28
HLA-B*51:03,QANLVRNPKRVL,31.353,34.04,40305.27
HLA-B*51:03,ANLVRNPKRVLP,79.167,79.446,46129.29
HLA-B*51:03,NLVRNPKRVLPG,93.333,69.395,45198.5
HLA-B*51:03,LVRNPKRVLPGA,33.357,22.716,37400.94
HLA-B*51:03,VRNPKRVLPGAA,63.929,46.483,42474.52
HLA-B*51:03,RNPKRVLPGAAA,44.182,27.974,38913.84
HLA-B*51:03,NPKRVLPGAAAG,35.375,21.727,37084.62
HLA-B*51:03,PKRVLPGAAAGP,97.5,94.922,47671.29
HLA-B*51:03,KRVLPGAAAGPT,93.333,78.195,46016.62
HLA-B*51:03,RVLPGAAAGPTN,93.333,75.77,45799.07
HLA-B*51:03,VLPGAAAGPTNV,14.64,20.168,36545.28
HLA-B*51:03,LPGAAAGPTNVS,22.8,26.031,38390.26
HLA-B*51:03,PGAAAGPTNVSL,44.0,64.214,44677.28
HLA-B*51:03,GAAAGPTNVSLE,70.714,85.284,46664.91
HLA-B*51:03,AAAGPTNVSLEI,10.463,7.339,29051.35
HLA-B*51:03,AAGPTNVSLEIS,47.75,37.71,41031.3
HLA-B*51:03,AGPTNVSLEISL,38.667,37.342,40961.63
HLA-B*51:03,GPTNVSLEISLE,58.75,48.539,42776.13
HLA-B*51:03,PTNVSLEISLEF,58.75,39.483,41354.41
HLA-B*51:03,TNVSLEISLEFR,77.5,57.688,43940.43
HLA-B*51:03,NVSLEISLEFRF,38.5,24.071,37827.85
HLA-B*51:03,VSLEISLEFRFI,23.943,6.343,27876.89
HLA-B*51:03,SLEISLEFRFIK,86.667,49.657,42932.39
HLA-B*51:03,LEISLEFRFIKY,47.375,29.318,39246.2
HLA-B*51:03,EISLEFRFIKYQ,76.667,64.807,44742.59
HLA-B*51:03,ISLEFRFIKYQC,69.545,53.939,43484.98
HLA-B*51:03,SLEFRFIKYQCN,97.5,77.829,45983.78
HLA-B*51:03,LEFRFIKYQCNG,97.5,56.512,43800.89
HLA-B*51:03,EFRFIKYQCNGK,95.0,83.554,46504.64
HLA-B*51:03,FRFIKYQCNGKE,95.0,81.101,46279.77
HLA-B*51:03,RFIKYQCNGKET,97.5,89.947,47114.42
HLA-B*51:03,FIKYQCNGKETL,52.222,42.981,41937.92
HLA-B*51:03,IKYQCNGKETLV,43.727,37.667,41023.31
HLA-B*51:03,KYQCNGKETLVA,85.0,62.728,44514.18
HLA-B*51:03,YQCNGKETLVAA,42.846,38.036,41093.05
HLA-B*51:03,QCNGKETLVAAF,66.818,60.668,44288.85
HLA-B*51:03,CNGKETLVAAFT,97.5,63.418,44589.86
HLA-B*51:03,NGKETLVAAFTL,25.343,17.194,35393.42
HLA-B*51:03,GKETLVAAFTLI,70.0,25.641,38281.18
HLA-B*51:03,KETLVAAFTLIP,83.75,40.354,41504.14
HLA-B*51:03,ETLVAAFTLIPA,56.25,17.288,35432.5
HLA-B*51:03,TLVAAFTLIPAS,66.818,41.81,41744.18
HLA-B*51:03,LVAAFTLIPASK,75.833,54.533,43561.72
HLA-B*51:03,VAAFTLIPASKE,85.0,60.36,44255.33
HLA-B*51:03,AAFTLIPASKEV,7.474,7.716,29436.73
HLA-B*51:03,AFTLIPASKEVL,62.143,43.173,41967.44
HLA-B*51:03,FTLIPASKEVLE,39.471,31.821,39831.44
HLA-B*51:03,TLIPASKEVLEA,41.917,36.691,40836.85
HLA-B*51:03,LIPASKEVLEAR,68.636,70.71,45325.32
HLA-B*51:03,IPASKEVLEART,37.895,36.807,40859.39
HLA-B*51:03,PASKEVLEARTP,88.333,80.783,46250.73
HLA-B*51:03,ASKEVLEARTPR,75.833,82.755,46431.25
HLA-B*51:03,SKEVLEARTPRK,93.333,90.274,47150.11
HLA-B*51:03,KEVLEARTPRKV,49.714,43.015,41943.39
HLA-B*51:03,EVLEARTPRKVI,19.277,15.167,34474.24
HLA-B*51:03,VLEARTPRKVIV,50.741,41.028,41617.89
HLA-B*51:03,LEARTPRKVIVV,32.613,19.408,36263.67
HLA-B*51:03,EARTPRKVIVVL,5.947,8.013,29722.52
HLA-B*51:03,ARTPRKVIVVLS,52.037,52.371,43283.12
HLA-B*51:03,RTPRKVIVVLSA,48.875,27.127,38682.12
HLA-B*51:03,TPRKVIVVLSAH,33.643,31.407,39736.73
HLA-B*51:03,PRKVIVVLSAHW,91.667,68.612,45120.79
HLA-B*51:03,RKVIVVLSAHWH,95.0,85.763,46710.89
HLA-B*51:03,KVIVVLSAHWHL,50.556,42.362,41835.06
HLA-B*51:03,VIVVLSAHWHLF,63.929,32.226,39921.6
HLA-B*51:03,IVVLSAHWHLFG,93.333,49.047,42848.38
HLA-B*51:03,VVLSAHWHLFGP,85.0,43.229,41976.07
HLA-B*51:03,VLSAHWHLFGPL,70.0,19.172,36175.89
HLA-B*51:03,LSAHWHLFGPLV,39.059,6.288,27806.11
HLA-B*51:03,SAHWHLFGPLVF,21.877,8.706,30340.88
HLA-B*51:03,AHWHLFGPLVFG,74.286,43.42,42005.13
HLA-B*51:03,HWHLFGPLVFGF,69.091,31.269,39705.36
HLA-B*51:03,WHLFGPLVFGFM,61.786,16.677,35167.44
HLA-B*51:03,HLFGPLVFGFMY,27.093,20.216,36562.3
HLA-B*51:03,LFGPLVFGFMYS,79.167,45.248,42290.16
HLA-B*51:03,FGPLVFGFMYSA,52.222,16.739,35195.23
HLA-B*51:03,GPLVFGFMYSAA,48.75,19.462,36283.67
HLA-B*51:03,PLVFGFMYSAAD,100.0,81.232,46291.8
HLA-B*51:03,LVFGFMYSAADE,95.0,69.788,45237.63
HLA-B*51:03,VFGFMYSAADEL,49.429,18.369,35870.3
HLA-B*51:03,FGFMYSAADELA,49.714,10.434,31691.05
HLA-B*51:03,GFMYSAADELAI,69.545,15.239,34507.82
HLA-B*51:03,FMYSAADELAIM,34.385,10.44,31695.16
HLA-B*51:03,MYSAADELAIMP,61.071,32.246,39925.93
HLA-B*51:03,YSAADELAIMPA,67.273,24.618,37989.06
HLA-B*51:03,SAADELAIMPAR,46.778,47.511,42626.43
HLA-B*51:03,AADELAIMPARH,72.143,73.001,45541.12
HLA-B*51:03,ADELAIMPARHS,74.286,64.376,44695.15
HLA-B*51:03,DELAIMPARHSV,6.78,5.299,26478.38
HLA-B*51:03,ELAIMPARHSVL,41.833,21.334,36954.04
HLA-B*51:03,LAIMPARHSVLV,6.826,1.591,17482.22
HLA-B*51:03,AIMPARHSVLVS,61.071,31.522,39762.96
HLA-B*51:03,IMPARHSVLVSW,22.84,4.96,25987.64
HLA-B*51:03,MPARHSVLVSWL,8.169,1.625,17630.96
HLA-B*51:03,PARHSVLVSWLR,90.0,65.295,44792.94
HLA-B*51:03,ARHSVLVSWLRA,80.0,50.5,43043.56
HLA-B*51:03,RHSVLVSWLRAV,63.929,24.021,37813.12
HLA-B*51:03,HSVLVSWLRAVG,88.333,40.202,41478.54
HLA-B*51:03,SVLVSWLRAVGR,81.25,52.17,43257.39
HLA-B*51:03,VLVSWLRAVGRR,90.0,75.958,45815.91
HLA-B*51:03,LVSWLRAVGRRH,91.667,76.561,45869.98
HLA-B*51:03,VSWLRAVGRRHG,95.0,59.648,44174.01
HLA-B*51:03,SWLRAVGRRHGT,90.0,86.468,46778.66
HLA-B*51:03,WLRAVGRRHGTL,61.786,33.735,40242.07
HLA-B*51:03,LRAVGRRHGTLG,97.5,76.905,45900.76
HLA-B*51:03,RAVGRRHGTLGK,69.091,76.035,45822.85
HLA-B*51:03,AVGRRHGTLGKK,90.0,92.69,47420.26
HLA-B*51:03,VGRRHGTLGKKQ,97.5,95.804,48045.68
HLA-B*51:03,GRRHGTLGKKQH,95.0,97.554,48851.37
HLA-B*51:03,RRHGTLGKKQHV,56.0,61.74,44405.94
HLA-B*51:03,RHGTLGKKQHVG,93.333,82.382,46397.09
HLA-B*51:03,HGTLGKKQHVGA,83.75,84.184,46562.55
HLA-B*51:03,GTLGKKQHVGAE,95.0,95.802,48044.62
HLA-B*51:03,TLGKKQHVGAEL,56.0,56.996,43858.27
HLA-B*51:03,LGKKQHVGAELM,58.75,43.167,41966.52
HLA-B*51:03,GKKQHVGAELMQ,95.0,95.522,47916.92
HLA-B*51:03,KKQHVGAELMQS,97.5,93.545,47516.29
HLA-B*51:03,KQHVGAELMQSL,38.722,48.857,42821.5
HLA-B*51:03,QHVGAELMQSLR,70.0,65.773,44839.99
HLA-B*51:03,HVGAELMQSLRV,40.875,23.229,37563.16
HLA-B*51:03,VGAELMQSLRVY,55.0,37.742,41037.49
HLA-B*51:03,GAELMQSLRVYG,91.667,65.064,44770.18
HLA-B*51:03,AELMQSLRVYGR,80.0,66.048,44867.16
HLA-B*51:03,ELMQSLRVYGRE,86.667,68.474,45107.12
HLA-B*51:03,LMQSLRVYGRED,100.0,77.303,45936.53
HLA-B*51:03,MQSLRVYGREDG,97.5,72.432,45487.46
HLA-B*51:03,QSLRVYGREDGM,68.636,47.3,42595.07
HLA-B*51:03,SLRVYGREDGMA,91.667,64.398,44697.57
HLA-B*51:03,LRVYGREDGMAP,72.143,67.318,44992.59
HLA-B*51:03,RVYGREDGMAPQ,93.333,82.306,46390.06
HLA-B*51:03,VYGREDGMAPQN,97.5,90.869,47216.47
HLA-B*51:03,YGREDGMAPQND,97.5,86.595,46790.82
HLA-B*51:03,GREDGMAPQNDD,100.0,96.206,48229.52
HLA-B*51:03,REDGMAPQNDDM,45.4,61.112,44337.29
HLA-B*51:03,EDGMAPQNDDMS,90.0,85.942,46728.1
HLA-B*51:03,DGMAPQNDDMSS,52.778,47.721,42657.8
HLA-B*51:03,GMAPQNDDMSSH,73.571,83.143,46466.92
HLA-B*51:03,MAPQNDDMSSHQ,67.727,62.649,44505.51
HLA-B*51:03,APQNDDMSSHQD,78.333,80.756,46248.23
HLA-B*51:03,PQNDDMSSHQDY,79.167,89.363,47057.88
HLA-B*51:03,QNDDMSSHQDYL,45.3,50.306,43018.86
HLA-B*51:03,NDDMSSHQDYLY,57.25,41.372,41673.33
HLA-B*51:03,DDMSSHQDYLYF,21.228,12.303,32944.11
HLA-B*51:03,DMSSHQDYLYFH,60.357,32.202,39916.43
HLA-B*51:03,MSSHQDYLYFHE,88.333,39.095,41286.91
HLA-B*51:03,SSHQDYLYFHEI,18.427,4.865,25836.54
HLA-B*51:03,SHQDYLYFHEIK,62.5,27.152,38688.84
HLA-B*51:03,HQDYLYFHEIKN,71.429,44.948,42244.44
HLA-B*51:03,QDYLYFHEIKNA,56.5,41.123,41633.22
HLA-B*51:03,DYLYFHEIKNAS,72.143,63.607,44610.6
HLA-B*51:03,YLYFHEIKNASF,42.923,17.859,35670.99
HLA-B*51:03,LYFHEIKNASFT,83.75,55.896,43727.96
HLA-B*51:03,YFHEIKNASFTE,72.857,59.268,44128.62
HLA-B*51:03,FHEIKNASFTEK,73.571,67.456,45006.23
HLA-B*51:03,HEIKNASFTEKV,26.967,26.41,38490.51
HLA-B*51:03,EIKNASFTEKVE,78.333,66.644,44925.93
HLA-B*51:03,IKNASFTEKVEV,34.615,25.245,38170.34
HLA-B*51:03,KNASFTEKVEVL,50.741,46.552,42484.62
HLA-B*51:03,NASFTEKVEVLG,63.571,43.253,41979.7
HLA-B*51:03,ASFTEKVEVLGL,33.821,38.84,41240.93
HLA-B*51:03,SFTEKVEVLGLG,90.0,70.71,45325.32
HLA-B*51:03,FTEKVEVLGLGF,60.357,41.162,41639.51
HLA-B*51:03,TEKVEVLGLGFC,78.333,72.557,45499.26
HLA-B*51:03,EKVEVLGLGFCE,88.333,74.833,45714.41
HLA-B*51:03,KVEVLGLGFCEN,100.0,91.185,47251.75
HLA-B*51:03,VEVLGLGFCENA,80.0,50.044,42985.39
HLA-B*51:03,EVLGLGFCENAI,30.108,14.036,33924.76
HLA-B*51:03,VLGLGFCENAIS,97.5,70.052,45263.57
HLA-B*51:03,LGLGFCENAISF,48.75,26.619,38545.93
HLA-B*51:03,GLGFCENAISFS,97.5,73.841,45620.52
HLA-B*51:03,LGFCENAISFSR,70.0,38.639,41203.9
HLA-B*51:03,GFCENAISFSRK,95.0,88.605,46984.62
HLA-B*51:03,FCENAISFSRKP,52.222,32.556,39993.37
HLA-B*51:03,CENAISFSRKPS,95.0,53.425,43418.68
HLA-B*51:03,ENAISFSRKPST,66.364,56.344,43780.98
HLA-B*51:03,NAISFSRKPSTF,12.535,5.842,27227.93
HLA-B*51:03,AISFSRKPSTFE,91.667,72.406,45485.0
HLA-B*51:03,ISFSRKPSTFEN,73.571,41.992,41773.54
HLA-B*51:03,SFSRKPSTFENL,47.75,42.542,41864.93
HLA-B*51:03,FSRKPSTFENLF,11.045,3.317,22881.94
HLA-B*51:03,SRKPSTFENLFS,57.25,47.35,42602.46
HLA-B*51:03,RKPSTFENLFSL,32.516,14.783,34289.71
HLA-B*51:03,KPSTFENLFSLQ,36.714,23.586,37675.91
HLA-B*51:03,PSTFENLFSLQL,54.074,28.197,38969.9
HLA-B*51:03,STFENLFSLQLP,43.818,22.224,37245.86
HLA-B*51:03,TFENLFSLQLPA,65.909,20.254,36575.74
HLA-B*51:03,FENLFSLQLPAL,33.429,15.963,34848.14
HLA-B*51:03,ENLFSLQLPALA,52.222,26.449,38500.91
HLA-B*51:03,NLFSLQLPALAL,29.932,15.92,34827.78
HLA-B*51:03,LFSLQLPALALA,66.818,30.292,39477.88
HLA-B*51:03,FSLQLPALALAL,33.929,10.101,31452.28
HLA-B*51:03,SLQLPALALALG,73.571,27.822,38872.18
HLA-B*51:03,LQLPALALALGN,86.667,40.995,41612.5
HLA-B*51:03,QLPALALALGNR,86.667,64.46,44704.34
HLA-B*51:03,LPALALALGNRV,4.92,0.756,12550.27
HLA-B*51:03,PALALALGNRVL,53.519,38.697,41214.61
HLA-B*51:03,ALALALGNRVLA,67.727,44.201,42125.75
HLA-B*51:03,LALALGNRVLAH,71.429,41.969,41769.93
HLA-B*51:03,ALALGNRVLAHG,97.5,75.975,45817.41
HLA-B*51:03,LALGNRVLAHGP,67.727,37.752,41039.27
HLA-B*51:03,ALGNRVLAHGPK,95.0,84.294,46572.62
HLA-B*51:03,LGNRVLAHGPKS,95.0,78.206,46017.62
HLA-B*51:03,GNRVLAHGPKSD,100.0,96.086,48174.78
HLA-B*51:03,NRVLAHGPKSDT,88.333,90.572,47183.29
HLA-B*51:03,RVLAHGPKSDTD,97.5,91.226,47256.35
HLA-B*51:03,VLAHGPKSDTDQ,97.5,97.01,48599.36
HLA-B*51:03,LAHGPKSDTDQD,83.75,82.202,46380.52
HLA-B*51:03,AHGPKSDTDQDY,63.571,91.089,47241.02
HLA-B*51:03,HGPKSDTDQDYL,46.111,59.604,44168.74
HLA-B*51:03,GPKSDTDQDYLM,22.57,35.435,40590.17
HLA-B*51:03,PKSDTDQDYLMG,97.5,95.313,47822.14
HLA-B*51:03,KSDTDQDYLMGA,74.286,65.305,44793.92
HLA-B*51:03,SDTDQDYLMGAK,91.667,84.042,46549.43
HLA-B*51:03,DTDQDYLMGAKP,48.625,31.064,39658.55
HLA-B*51:03,TDQDYLMGAKPY,69.091,52.943,43356.7
HLA-B*51:03,DQDYLMGAKPYL,17.653,16.57,35119.53
HLA-B*51:03,QDYLMGAKPYLH,53.519,52.695,43324.84
HLA-B*51:03,DYLMGAKPYLHT,54.074,46.649,42498.87
HLA-B*51:03,YLMGAKPYLHTD,77.5,46.755,42514.5
HLA-B*51:03,LMGAKPYLHTDR,93.333,80.214,46198.71
HLA-B*51:03,MGAKPYLHTDRI,3.281,0.376,8824.92
HLA-B*51:03,GAKPYLHTDRIQ,56.25,44.874,42232.54
HLA-B*51:03,AKPYLHTDRIQT,66.364,49.253,42876.69
HLA-B*51:03,KPYLHTDRIQTD,58.0,36.964,40889.92
HLA-B*51:03,PYLHTDRIQTDL,80.0,62.671,44507.92
HLA-B*51:03,YLHTDRIQTDLI,41.25,18.398,35881.57
HLA-B*51:03,LHTDRIQTDLIC,64.643,45.079,42264.55
HLA-B*51:03,HTDRIQTDLICA,79.167,50.361,43025.85
HLA-B*51:03,TDRIQTDLICAT,88.333,66.831,44944.42
HLA-B*51:03,DRIQTDLICATI,26.117,7.487,29215.58
HLA-B*51:03,RIQTDLICATID,95.0,59.532,44160.14
HLA-B*51:03,IQTDLICATIDG,88.333,49.62,42927.27
HLA-B*51:03,QTDLICATIDGG,95.0,65.472,44810.39
HLA-B*51:03,TDLICATIDGGD,100.0,94.222,47592.44
HLA-B*51:03,DLICATIDGGDI,63.929,18.775,36025.49
HLA-B*51:03,LICATIDGGDIK,91.667,78.876,46077.91
HLA-B*51:03,ICATIDGGDIKM,61.786,63.374,44585.03
HLA-B*51:03,CATIDGGDIKMA,86.667,56.504,43799.93
HLA-B*51:03,ATIDGGDIKMAT,68.636,79.142,46101.84
HLA-B*51:03,TIDGGDIKMATS,85.0,89.311,47052.78
HLA-B*51:03,IDGGDIKMATSE,95.0,95.1,47725.5
HLA-B*51:03,DGGDIKMATSEA,39.353,39.239,41311.93
HLA-B*51:03,GGDIKMATSEAL,48.0,46.708,42507.62
HLA-B*51:03,GDIKMATSEALI,57.5,26.542,38525.5
HLA-B*51:03,DIKMATSEALIH,57.5,40.168,41472.7
HLA-B*51:03,IKMATSEALIHG,95.0,50.864,43090.14
HLA-B*51:03,KMATSEALIHGK,82.5,72.38,45482.54
HLA-B*51:03,MATSEALIHGKP,64.643,31.305,39713.52
HLA-B*51:03,ATSEALIHGKPA,63.929,48.205,42728.48
HLA-B*51:03,TSEALIHGKPAQ,86.667,73.544,45592.4
HLA-B*51:03,SEALIHGKPAQV,20.602,21.244,36924.07
HLA-B*51:03,EALIHGKPAQVG,45.9,33.36,40164.66
HLA-B*51:03,ALIHGKPAQVGT,85.0,87.9,46916.55
HLA-B*51:03,LIHGKPAQVGTM,48.875,42.929,41929.32
HLA-B*51:03,IHGKPAQVGTML,4.752,6.283,27800.39
HLA-B*51:03,HGKPAQVGTMLK,27.907,37.363,40965.62
HLA-B*51:03,GKPAQVGTMLKS,65.0,76.351,45851.14
HLA-B*51:03,KPAQVGTMLKSD,49.714,56.852,43841.19
HLA-B*51:03,PAQVGTMLKSDI,65.455,36.277,40756.52
HLA-B*51:03,AQVGTMLKSDIK,75.0,74.076,45642.73
HLA-B*51:03,QVGTMLKSDIKG,97.5,88.826,47005.95
HLA-B*51:03,VGTMLKSDIKGC,93.333,89.232,47045.14
HLA-B*51:03,GTMLKSDIKGCT,97.5,87.237,46852.63
HLA-B*51:03,TMLKSDIKGCTY,62.5,42.894,41923.43
HLA-B*51:03,MLKSDIKGCTYE,75.833,66.166,44878.82
HLA-B*51:03,LKSDIKGCTYEG,97.5,80.652,46238.71
HLA-B*51:03,KSDIKGCTYEGL,61.429,53.282,43400.38
HLA-B*51:03,SDIKGCTYEGLP,72.143,61.142,44340.64
HLA-B*51:03,DIKGCTYEGLPP,67.727,51.787,43208.26
HLA-B*51:03,IKGCTYEGLPPT,81.25,54.825,43599.44
HLA-B*51:03,KGCTYEGLPPTM,60.714,41.251,41653.93
HLA-B*51:03,GCTYEGLPPTMG,95.0,67.357,44996.48
HLA-B*51:03,CTYEGLPPTMGA,46.222,19.127,36159.05
HLA-B*51:03,TYEGLPPTMGAE,82.5,74.29,45662.99
HLA-B*51:03,YEGLPPTMGAEM,8.757,8.302,29982.87
HLA-B*51:03,EGLPPTMGAEML,13.264,14.844,34319.78
HLA-B*51:03,GLPPTMGAEMLF,22.07,5.301,26481.83
HLA-B*51:03,LPPTMGAEMLFL,8.676,1.991,19220.28
HLA-B*51:03,PPTMGAEMLFLD,80.0,47.409,42611.23
HLA-B*51:03,PTMGAEMLFLDA,91.667,49.505,42911.49
HLA-B*51:03,TMGAEMLFLDAR,86.667,53.497,43428.09
HLA-B*51:03,MGAEMLFLDARL,38.778,10.842,31986.27
HLA-B*51:03,GAEMLFLDARLD,95.0,66.885,44949.75
HLA-B*51:03,AEMLFLDARLDS,88.333,56.628,43814.62
HLA-B*51:03,EMLFLDARLDSR,80.0,61.322,44360.32
HLA-B*51:03,MLFLDARLDSRI,32.839,5.724,27069.03
HLA-B*51:03,LFLDARLDSRIA,75.0,45.176,42279.19
HLA-B*51:03,FLDARLDSRIAA,54.259,36.423,40784.76
HLA-B*51:03,LDARLDSRIAAR,80.0,69.449,45203.86
HLA-B*51:03,DARLDSRIAARK,60.0,50.853,43088.75
HLA-B*51:03,ARLDSRIAARKT,90.0,87.363,46864.78
HLA-B*51:03,RLDSRIAARKTT,91.667,81.835,46346.91
HLA-B*51:03,LDSRIAARKTTR,88.333,82.081,46369.48
HLA-B*51:03,DSRIAARKTTRD,95.0,84.031,46548.45
HLA-B*51:03,SRIAARKTTRDP,83.75,78.616,46054.47
HLA-B*51:03,RIAARKTTRDPS,97.5,93.843,47549.73
HLA-B*51:03,IAARKTTRDPSV,17.694,16.796,35221.12
HLA-B*51:03,AARKTTRDPSVY,52.963,63.568,44606.25
HLA-B*51:03,ARKTTRDPSVYI,31.471,38.075,41100.16
HLA-B*51:03,RKTTRDPSVYIE,73.571,76.268,45843.69
HLA-B*51:03,KTTRDPSVYIEV,43.727,33.937,40283.91
HLA-B*51:03,TTRDPSVYIEVF,18.665,12.199,32882.5
HLA-B*51:03,TRDPSVYIEVFI,24.714,6.81,28447.59
HLA-B*51:03,RDPSVYIEVFIA,44.455,14.811,34303.45
HLA-B*51:03,DPSVYIEVFIAY,9.591,5.835,27218.52
HLA-B*51:03,PSVYIEVFIAYK,97.5,78.383,46033.57
HLA-B*51:03,SVYIEVFIAYKE,91.667,75.006,45730.75
HLA-B*51:03,VYIEVFIAYKEE,93.333,83.691,46517.23
HLA-B*51:03,YIEVFIAYKEEQ,95.0,86.105,46743.77
HLA-B*51:03,IEVFIAYKEEQW,39.941,29.647,39324.84
HLA-B*51:03,EVFIAYKEEQWS,62.143,51.955,43229.78
HLA-B*51:03,VFIAYKEEQWSA,62.857,41.385,41675.59
HLA-B*51:03,FIAYKEEQWSAM,58.75,24.887,38068.47
HLA-B*51:03,IAYKEEQWSAMQ,61.071,36.332,40767.12
HLA-B*51:03,AYKEEQWSAMQS,91.667,83.582,46507.16
HLA-B*51:03,YKEEQWSAMQSM,48.75,25.832,38334.64
HLA-B*51:03,KEEQWSAMQSMR,76.667,68.873,45146.67
HLA-B*51:03,EEQWSAMQSMRH,60.0,58.576,44046.11
HLA-B*51:03,EQWSAMQSMRHA,27.556,16.081,34901.33
HLA-B*51:03,QWSAMQSMRHAT,93.333,66.048,44867.16
HLA-B*51:03,WSAMQSMRHATV,35.75,7.727,29447.89
HLA-B*51:03,SAMQSMRHATVV,9.493,4.171,24634.81
HLA-B*51:03,AMQSMRHATVVA,77.5,43.006,41942.01
HLA-B*51:03,MQSMRHATVVAI,34.692,7.734,29454.58
HLA-B*51:03,QSMRHATVVAIP,75.833,28.624,39076.3
HLA-B*51:03,SMRHATVVAIPN,93.333,53.053,43370.8
HLA-B*51:03,MRHATVVAIPNK,81.25,50.835,43086.41
HLA-B*51:03,RHATVVAIPNKN,97.5,83.428,46493.06
HLA-B*51:03,HATVVAIPNKNG,95.0,67.156,44976.52
HLA-B*51:03,ATVVAIPNKNGD,97.5,95.051,47703.28
HLA-B*51:03,TVVAIPNKNGDL,43.091,46.508,42478.18
HLA-B*51:03,VVAIPNKNGDLH,62.5,73.805,45617.07
HLA-B*51:03,VAIPNKNGDLHV,6.942,6.255,27764.02
HLA-B*51:03,AIPNKNGDLHVY,38.111,41.958,41768.12
HLA-B*51:03,IPNKNGDLHVYM,6.865,3.801,23914.95
HLA-B*51:03,PNKNGDLHVYMH,95.0,95.457,47887.39
HLA-B*51:03,NKNGDLHVYMHS,93.333,80.35,46211.23
HLA-B*51:03,KNGDLHVYMHSR,83.75,88.589,46983.07
HLA-B*51:03,NGDLHVYMHSRT,86.667,63.928,44645.86
HLA-B*51:03,GDLHVYMHSRTT,80.0,59.296,44131.95
HLA-B*51:03,DLHVYMHSRTTS,69.545,53.545,43434.2
HLA-B*51:03,LHVYMHSRTTST,86.667,57.984,43975.64
HLA-B*51:03,HVYMHSRTTSTD,90.0,64.17,44672.44
HLA-B*51:03,VYMHSRTTSTDN,97.5,87.258,46854.66
HLA-B*51:03,YMHSRTTSTDNG,95.0,67.844,45044.7
HLA-B*51:03,MHSRTTSTDNGV,53.704,23.92,37781.63
HLA-B*51:03,HSRTTSTDNGVY,59.5,64.574,44716.91
HLA-B*51:03,SRTTSTDNGVYA,49.286,57.636,43934.25
HLA-B*51:03,RTTSTDNGVYAS,93.333,86.4,46772.08
HLA-B*51:03,TTSTDNGVYASG,93.333,63.73,44624.12
HLA-B*51:03,TSTDNGVYASGD,97.5,85.521,46687.64
HLA-B*51:03,STDNGVYASGDC,85.0,84.337,46576.64
HLA-B*51:03,TDNGVYASGDCQ,83.75,88.821,47005.47
HLA-B*51:03,DNGVYASGDCQK,82.5,86.942,46824.23
HLA-B*51:03,NGVYASGDCQKD,97.5,88.716,46995.29
HLA-B*51:03,GVYASGDCQKDN,100.0,95.714,48004.64
HLA-B*51:03,VYASGDCQKDNW,47.625,40.019,41447.6
HLA-B*51:03,YASGDCQKDNWK,67.273,52.815,43340.29
HLA-B*51:03,ASGDCQKDNWKN,97.5,95.107,47728.57
HLA-B*51:03,SGDCQKDNWKNE,95.0,95.979,48125.81
HLA-B*51:03,GDCQKDNWKNEN,100.0,97.316,48741.01
HLA-B*51:03,DCQKDNWKNENE,95.0,96.327,48284.89
HLA-B*51:03,CQKDNWKNENET,90.0,80.4,46215.73
HLA-B*51:03,QKDNWKNENETT,95.0,95.392,47857.87
HLA-B*51:03,KDNWKNENETTR,90.0,95.896,48087.8
HLA-B*51:03,DNWKNENETTRS,81.25,86.226,46755.38
HLA-B*51:03,NWKNENETTRSI,13.691,21.737,37087.83
HLA-B*51:03,WKNENETTRSIG,66.364,57.116,43872.5
HLA-B*51:03,KNENETTRSIGK,85.0,86.063,46739.7
HLA-B*51:03,NENETTRSIGKA,23.759,45.342,42304.34
HLA-B*51:03,ENETTRSIGKAY,48.25,60.589,44280.23
HLA-B*51:03,NETTRSIGKAYA,58.75,56.664,43818.89
HLA-B*51:03,ETTRSIGKAYAE,81.25,78.062,46004.69
HLA-B*51:03,TTRSIGKAYAEG,91.667,69.966,45255.25
HLA-B*51:03,TRSIGKAYAEGR,93.333,91.798,47320.3
HLA-B*51:03,RSIGKAYAEGRH,85.0,83.62,46510.7
HLA-B*51:03,SIGKAYAEGRHN,88.333,80.422,46217.73
HLA-B*51:03,IGKAYAEGRHNV,40.188,37.391,40970.96
HLA-B*51:03,GKAYAEGRHNVL,60.714,52.659,43320.15
HLA-B*51:03,KAYAEGRHNVLA,42.462,28.79,39117.75
HLA-B*51:03,AYAEGRHNVLAP,77.5,61.612,44392.03
HLA-B*51:03,YAEGRHNVLAPL,28.327,12.94,33324.11
HLA-B*51:03,AEGRHNVLAPLE,90.0,71.19,45370.48
HLA-B*51:03,EGRHNVLAPLEL,29.227,32.268,39930.66
HLA-B*51:03,GRHNVLAPLELL,63.571,52.611,43314.06
HLA-B*51:03,RHNVLAPLELLL,39.118,28.99,39167.73
HLA-B*51:03,HNVLAPLELLLE,68.182,61.999,44434.3
HLA-B*51:03,NVLAPLELLLEL,5.244,3.821,23953.01
HLA-B*51:03,VLAPLELLLELA,32.516,20.132,36532.25
HLA-B*51:03,LAPLELLLELAV,28.918,7.844,29559.93
HLA-B*51:03,APLELLLELAVV,5.611,3.144,22473.42
HLA-B*51:03,PLELLLELAVVD,100.0,79.784,46159.73
HLA-B*51:03,LELLLELAVVDS,97.5,63.704,44621.21
HLA-B*51:03,ELLLELAVVDSS,88.333,66.284,44890.48
HLA-B*51:03,LLLELAVVDSSV,45.2,22.255,37255.54
HLA-B*51:03,LLELAVVDSSVL,44.273,26.289,38458.45
HLA-B*51:03,LELAVVDSSVLI,19.899,8.314,29993.26
HLA-B*51:03,ELAVVDSSVLIR,67.273,47.975,42695.68
HLA-B*51:03,LAVVDSSVLIRE,79.167,44.759,42214.27
HLA-B*51:03,AVVDSSVLIREC,74.286,74.269,45661.02
HLA-B*51:03,VVDSSVLIRECP,72.857,64.89,44751.77
HLA-B*51:03,VDSSVLIRECPI,52.222,16.059,34891.52
HLA-B*51:03,DSSVLIRECPIP,54.259,23.372,37608.3
HLA-B*51:03,SSVLIRECPIPP,80.0,40.519,41531.99
HLA-B*51:03,SVLIRECPIPPG,97.5,64.091,44663.74
HLA-B*51:03,VLIRECPIPPGT,74.286,77.619,45964.89
HLA-B*51:03,LIRECPIPPGTN,95.0,83.22,46473.96
HLA-B*51:03,IRECPIPPGTNR,18.366,55.744,43709.97
HLA-B*51:03,RECPIPPGTNRV,20.268,10.78,31941.31
HLA-B*51:03,ECPIPPGTNRVE,38.278,36.634,40825.81
HLA-B*51:03,CPIPPGTNRVER,17.249,14.742,34269.33
HLA-B*51:03,PIPPGTNRVERG,93.333,89.195,47041.59
HLA-B*51:03,IPPGTNRVERGF,6.517,14.398,34101.03
HLA-B*51:03,PPGTNRVERGFY,74.286,76.656,45878.41
HLA-B*51:03,PGTNRVERGFYA,93.333,78.023,46001.19
HLA-B*51:03,GTNRVERGFYAV,72.857,43.613,42034.7
HLA-B*51:03,TNRVERGFYAVQ,81.25,66.87,44948.3
HLA-B*51:03,NRVERGFYAVQM,61.429,48.192,42726.64
HLA-B*51:03,RVERGFYAVQML,52.037,31.207,39691.17
HLA-B*51:03,VERGFYAVQMLR,69.091,47.334,42600.16
HLA-B*51:03,ERGFYAVQMLRI,60.357,25.802,38326.36
HLA-B*51:03,RGFYAVQMLRIG,90.0,45.576,42339.6
HLA-B*51:03,GFYAVQMLRIGD,97.5,83.549,46504.12
HLA-B*51:03,FYAVQMLRIGDE,95.0,76.008,45820.37
HLA-B*51:03,YAVQMLRIGDEP,55.75,32.883,40064.82
HLA-B*51:03,AVQMLRIGDEPP,95.0,68.952,45154.5
HLA-B*51:03,VQMLRIGDEPPT,90.0,58.644,44054.21
HLA-B*51:03,QMLRIGDEPPTA,56.75,49.31,42884.57
HLA-B*51:03,MLRIGDEPPTAS,64.643,64.578,44717.41
HLA-B*51:03,LRIGDEPPTASM,30.405,46.15,42425.81
HLA-B*51:03,RIGDEPPTASMF,27.759,44.491,42171.82
HLA-B*51:03,IGDEPPTASMFN,37.842,38.661,41207.91
HLA-B*51:03,GDEPPTASMFNN,80.0,76.467,45861.55
HLA-B*51:03,DEPPTASMFNNK,43.818,52.462,43294.84
HLA-B*51:03,EPPTASMFNNKS,43.0,32.498,39980.81
HLA-B*51:03,PPTASMFNNKSC,65.455,53.848,43473.21
HLA-B*51:03,PTASMFNNKSCS,100.0,89.832,47103.21
HLA-B*51:03,TASMFNNKSCSM,40.188,17.705,35606.59
HLA-B*51:03,ASMFNNKSCSMF,66.818,26.724,38573.88
HLA-B*51:03,SMFNNKSCSMFS,90.0,33.712,40237.3
HLA-B*51:03,MFNNKSCSMFSQ,90.0,57.976,43974.68
HLA-B*51:03,FNNKSCSMFSQY,68.636,35.139,40531.36
HLA-B*51:03,NNKSCSMFSQYG,95.0,63.84,44636.21
HLA-B*51:03,NKSCSMFSQYGV,67.273,16.459,35070.16
HLA-B*51:03,KSCSMFSQYGVF,67.727,20.997,36842.27
HLA-B*51:03,SCSMFSQYGVFG,95.0,40.529,41533.79
HLA-B*51:03,CSMFSQYGVFGA,91.667,24.862,38061.06
HLA-B*51:03,SMFSQYGVFGAY,63.214,27.002,38647.84
HLA-B*51:03,MFSQYGVFGAYD,91.667,50.066,42988.16
HLA-B*51:03,FSQYGVFGAYDD,97.5,61.182,44344.96
HLA-B*51:03,SQYGVFGAYDDD,91.667,73.857,45622.02
HLA-B*51:03,QYGVFGAYDDDK,97.5,94.835,47661.49
HLA-B*51:03,YGVFGAYDDDKV,41.0,28.358,39009.98
HLA-B*51:03,GVFGAYDDDKVT,88.333,84.398,46582.2
HLA-B*51:03,VFGAYDDDKVTM,26.85,53.388,43413.98
HLA-B*51:03,FGAYDDDKVTMC,56.0,60.114,44228.52
HLA-B*51:03,GAYDDDKVTMCG,81.25,67.397,45000.37
HLA-B*51:03,AYDDDKVTMCGP,81.25,86.884,46818.68
HLA-B*51:03,YDDDKVTMCGPD,97.5,79.014,46090.36
HLA-B*51:03,DDDKVTMCGPDH,78.333,88.495,46973.92
HLA-B*51:03,DDKVTMCGPDHS,90.0,69.936,45252.3
HLA-B*51:03,DKVTMCGPDHSA,45.8,45.024,42256.32
HLA-B*51:03,KVTMCGPDHSAA,85.0,62.816,44523.8
HLA-B*51:03,VTMCGPDHSAAA,52.778,29.581,39309.09
HLA-B*51:03,TMCGPDHSAAAV,15.974,9.38,30917.49
HLA-B*51:03,MCGPDHSAAAVG,56.0,21.557,37028.08
HLA-B*51:03,CGPDHSAAAVGL,54.259,34.465,40393.01
HLA-B*51:03,GPDHSAAAVGLF,23.782,19.206,36188.42
HLA-B*51:03,PDHSAAAVGLFT,85.0,57.268,43890.53
HLA-B*51:03,DHSAAAVGLFTP,43.0,22.575,37356.45
HLA-B*51:03,HSAAAVGLFTPI,36.905,6.57,28160.03
HLA-B*51:03,SAAAVGLFTPIT,70.0,23.745,37726.09
HLA-B*51:03,AAAVGLFTPITF,30.297,24.857,38059.41
HLA-B*51:03,AAVGLFTPITFW,25.478,21.21,36912.88
HLA-B*51:03,AVGLFTPITFWP,85.0,58.144,43994.67
HLA-B*51:03,VGLFTPITFWPL,44.182,15.433,34598.68
HLA-B*51:03,GLFTPITFWPLN,91.667,43.771,42058.8
HLA-B*51:03,LFTPITFWPLNS,93.333,44.862,42230.71
HLA-B*51:03,FTPITFWPLNSL,16.764,5.633,26948.04
HLA-B*51:03,TPITFWPLNSLT,16.084,5.893,27297.86
HLA-B*51:03,PITFWPLNSLTE,97.5,73.335,45572.68
HLA-B*51:03,ITFWPLNSLTEN,79.167,44.124,42113.44
HLA-B*51:03,TFWPLNSLTENR,79.167,66.329,44894.86
HLA-B*51:03,FWPLNSLTENRM,42.769,18.119,35775.35
HLA-B*51:03,WPLNSLTENRMS,49.0,18.671,35985.76
HLA-B*51:03,PLNSLTENRMSQ,97.5,95.953,48113.83
HLA-B*51:03,LNSLTENRMSQL,62.5,48.877,42824.29
HLA-B*51:03,NSLTENRMSQLQ,81.25,68.164,45076.41
HLA-B*51:03,SLTENRMSQLQL,46.556,42.245,41815.61
HLA-B*51:03,LTENRMSQLQLQ,80.0,63.598,44609.65
HLA-B*51:03,TENRMSQLQLQI,25.03,14.304,34055.32
HLA-B*51:03,ENRMSQLQLQIE,76.667,53.311,43404.12
HLA-B*51:03,NRMSQLQLQIER,76.667,53.217,43391.92
HLA-B*51:03,RMSQLQLQIERW,60.714,44.19,42123.93
HLA-B*51:03,MSQLQLQIERWA,63.929,29.167,39210.12
HLA-B*51:03,SQLQLQIERWAK,75.0,60.202,44238.1
HLA-B*51:03,QLQLQIERWAKY,62.5,57.668,43938.05
HLA-B*51:03,LQLQIERWAKYK,81.25,69.075,45166.7
HLA-B*51:03,QLQIERWAKYKF,64.643,50.678,43066.38
HLA-B*51:03,LQIERWAKYKFC,76.667,50.642,43061.71
HLA-B*51:03,QIERWAKYKFCK,90.0,77.658,45968.36
HLA-B*51:03,IERWAKYKFCKI,45.5,19.872,36437.12
HLA-B*51:03,ERWAKYKFCKIS,86.667,55.408,43670.27
HLA-B*51:03,RWAKYKFCKISH,91.667,76.578,45871.46
HLA-B*51:03,WAKYKFCKISHN,91.667,45.248,42290.16
HLA-B*51:03,AKYKFCKISHNV,63.929,39.334,41328.47
HLA-B*51:03,KYKFCKISHNVR,95.0,75.066,45736.17
HLA-B*51:03,YKFCKISHNVRT,86.667,57.408,43907.17
HLA-B*51:03,KFCKISHNVRTY,69.091,68.002,45060.31
HLA-B*51:03,FCKISHNVRTYF,49.714,29.801,39361.88
HLA-B*51:03,CKISHNVRTYFG,97.5,63.177,44563.33
HLA-B*51:03,KISHNVRTYFGP,95.0,76.035,45822.85
HLA-B*51:03,ISHNVRTYFGPR,86.667,66.742,44935.67
HLA-B*51:03,SHNVRTYFGPRQ,95.0,85.674,46702.31
HLA-B*51:03,HNVRTYFGPRQE,90.0,85.526,46688.15
HLA-B*51:03,NVRTYFGPRQED,85.0,78.018,46000.71
HLA-B*51:03,VRTYFGPRQEDV,68.636,49.468,42906.37
HLA-B*51:03,RTYFGPRQEDVP,72.857,58.492,44036.09
HLA-B*51:03,TYFGPRQEDVPS,71.429,58.072,43986.11
HLA-B*51:03,YFGPRQEDVPSK,65.455,67.79,45039.33
HLA-B*51:03,FGPRQEDVPSKN,88.333,82.771,46432.74
HLA-B*51:03,GPRQEDVPSKNT,60.0,71.362,45386.66
HLA-B*51:03,PRQEDVPSKNTQ,91.667,96.863,48531.58
HLA-B*51:03,RQEDVPSKNTQN,95.0,96.5,48364.36
HLA-B*51:03,QEDVPSKNTQNM,23.402,33.924,40281.28
HLA-B*51:03,EDVPSKNTQNME,41.083,67.347,44995.49
HLA-B*51:03,DVPSKNTQNMEA,36.286,40.707,41563.9
HLA-B*51:03,VPSKNTQNMEAG,56.75,54.468,43553.24
HLA-B*51:03,PSKNTQNMEAGE,100.0,97.23,48700.95
HLA-B*51:03,SKNTQNMEAGEL,70.714,67.687,45029.11
HLA-B*51:03,KNTQNMEAGELC,90.0,80.334,46209.71
HLA-B*51:03,NTQNMEAGELCI,55.75,31.279,39707.51
HLA-B*51:03,TQNMEAGELCIQ,91.667,68.947,45154.01
HLA-B*51:03,QNMEAGELCIQL,32.065,33.282,40148.57
HLA-B*51:03,NMEAGELCIQLQ,85.0,67.367,44997.46
HLA-B*51:03,MEAGELCIQLQF,29.568,13.255,33498.36
HLA-B*51:03,EAGELCIQLQFI,12.407,6.799,28434.37
HLA-B*51:03,AGELCIQLQFII,57.5,27.345,38741.62
HLA-B*51:03,GELCIQLQFIIR,86.667,59.652,44174.5
HLA-B*51:03,ELCIQLQFIIRK,66.364,61.542,44384.32
HLA-B*51:03,LCIQLQFIIRKT,95.0,75.188,45747.05
HLA-B*51:03,CIQLQFIIRKTK,93.333,71.049,45357.23
HLA-B*51:03,IQLQFIIRKTKE,93.333,87.868,46913.49
HLA-B*51:03,QLQFIIRKTKEL,48.75,48.63,42789.09
HLA-B*51:03,LQFIIRKTKELG,68.636,49.38,42894.3
HLA-B*51:03,QFIIRKTKELGR,90.0,90.924,47222.62
HLA-B*51:03,FIIRKTKELGRF,48.875,41.958,41768.12
HLA-B*51:03,IIRKTKELGRFI,40.938,26.92,38626.09
HLA-B*51:03,IRKTKELGRFIS,91.667,73.935,45629.4
HLA-B*51:03,RKTKELGRFISV,49.429,35.177,40538.81
HLA-B*51:03,KTKELGRFISVK,72.857,63.533,44602.4
HLA-B*51:03,TKELGRFISVKT,88.333,68.573,45116.89
HLA-B*51:03,KELGRFISVKTM,48.875,37.946,41076.15
HLA-B*51:03,ELGRFISVKTML,35.5,37.944,41075.7
HLA-B*51:03,LGRFISVKTMLQ,86.667,60.083,44225.18
HLA-B*51:03,GRFISVKTMLQP,85.0,70.104,45268.48
HLA-B*51:03,RFISVKTMLQPQ,93.333,85.947,46728.58
HLA-B*51:03,FISVKTMLQPQK,80.0,64.807,44742.59
HLA-B*51:03,ISVKTMLQPQKR,75.833,81.402,46307.32
HLA-B*51:03,SVKTMLQPQKRK,74.286,87.795,46906.38
HLA-B*51:03,VKTMLQPQKRKD,97.5,95.52,47916.39
HLA-B*51:03,KTMLQPQKRKDR,81.25,95.939,48107.56
HLA-B*51:03,TMLQPQKRKDRV,35.708,30.894,39619.11
HLA-B*51:03,MLQPQKRKDRVD,74.286,63.014,44545.48
HLA-B*51:03,LQPQKRKDRVDE,86.667,92.379,47385.38
HLA-B*51:03,QPQKRKDRVDEQ,67.727,93.33,47492.15
HLA-B*51:03,PQKRKDRVDEQE,97.5,98.135,49121.67
HLA-B*51:03,QKRKDRVDEQED,100.0,98.053,49083.41
HLA-B*51:03,KRKDRVDEQEDN,100.0,98.276,49187.61
HLA-B*51:03,RKDRVDEQEDNA,79.167,94.872,47665.61
HLA-B*51:03,KDRVDEQEDNAG,97.5,96.393,48315.2
HLA-B*51:03,DRVDEQEDNAGF,38.722,63.524,44601.45
HLA-B*51:03,RVDEQEDNAGFP,78.333,78.948,46084.39
HLA-B*51:03,VDEQEDNAGFPA,72.857,52.859,43345.94
HLA-B*51:03,DEQEDNAGFPAP,27.37,48.464,42765.48
HLA-B*51:03,EQEDNAGFPAPA,54.815,43.577,42029.25
HLA-B*51:03,QEDNAGFPAPAM,23.759,32.482,39977.35
HLA-B*51:03,EDNAGFPAPAMR,44.818,57.232,43886.25
HLA-B*51:03,DNAGFPAPAMRG,68.182,53.363,43410.7
HLA-B*51:03,NAGFPAPAMRGG,54.074,42.951,41932.95
HLA-B*51:03,AGFPAPAMRGGH,60.357,68.883,45147.66
HLA-B*51:03,GFPAPAMRGGHD,93.333,60.835,44307.08
HLA-B*51:03,FPAPAMRGGHDG,33.286,16.527,35100.53
HLA-B*51:03,PAPAMRGGHDGA,77.5,65.837,44846.3
HLA-B*51:03,APAMRGGHDGAR,65.909,66.845,44945.87
HLA-B*51:03,PAMRGGHDGARL,51.852,57.88,43963.25
HLA-B*51:03,AMRGGHDGARLS,88.333,83.483,46498.1
HLA-B*51:03,MRGGHDGARLSN,95.0,81.342,46301.8
HLA-B*51:03,RGGHDGARLSNP,95.0,93.591,47521.44
HLA-B*51:03,GGHDGARLSNPI,57.5,35.344,40572.16
HLA-B*51:03,GHDGARLSNPIK,86.667,67.79,45039.33
HLA-B*51:03,HDGARLSNPIKS,88.333,77.004,45909.7
HLA-B*51:03,DGARLSNPIKSN,90.0,69.031,45162.3
HLA-B*51:03,GARLSNPIKSNH,80.0,95.139,47743.04
HLA-B*51:03,ARLSNPIKSNHC,81.25,86.974,46827.29
HLA-B*51:03,RLSNPIKSNHCQ,85.0,86.553,46786.78
HLA-B*51:03,LSNPIKSNHCQV,23.977,12.067,32805.04
HLA-B*51:03,SNPIKSNHCQVG,81.25,56.54,43804.2
HLA-B*51:03,NPIKSNHCQVGG,34.269,23.93,37784.92
HLA-B*51:03,PIKSNHCQVGGK,100.0,96.182,48218.57
HLA-B*51:03,IKSNHCQVGGKV,69.545,48.237,42733.11
HLA-B*51:03,KSNHCQVGGKVK,91.667,84.715,46611.44
HLA-B*51:03,SNHCQVGGKVKE,93.333,92.315,47378.2
HLA-B*51:03,NHCQVGGKVKET,85.0,84.584,46599.32
HLA-B*51:03,HCQVGGKVKETG,97.5,94.995,47679.54
HLA-B*51:03,CQVGGKVKETGI,58.5,49.808,42953.3
HLA-B*51:03,QVGGKVKETGIF,75.0,68.711,45130.57
HLA-B*51:03,VGGKVKETGIFH,75.833,84.852,46624.04
HLA-B*51:03,GGKVKETGIFHI,63.571,57.816,43955.65
HLA-B*51:03,GKVKETGIFHIL,51.667,56.2,43763.93
HLA-B*51:03,KVKETGIFHILV,40.125,36.068,40715.96
HLA-B*51:03,VKETGIFHILVQ,88.333,66.535,44915.24
HLA-B*51:03,KETGIFHILVQA,65.455,44.945,42243.98
HLA-B*51:03,ETGIFHILVQAL,37.211,30.659,39563.82
HLA-B*51:03,TGIFHILVQALA,56.75,24.006,37808.63
HLA-B*51:03,GIFHILVQALAL,63.571,38.719,41218.62
HLA-B*51:03,IFHILVQALALS,91.667,59.812,44193.61
HLA-B*51:03,FHILVQALALSL,35.292,16.25,34976.57
HLA-B*51:03,HILVQALALSLG,91.667,59.044,44101.91
HLA-B*51:03,ILVQALALSLGE,91.667,64.46,44704.34
HLA-B*51:03,LVQALALSLGEK,86.667,68.199,45079.81
HLA-B*51:03,VQALALSLGEKR,81.25,79.385,46123.82
HLA-B*51:03,QALALSLGEKRQ,88.333,85.968,46730.6
HLA-B*51:03,ALALSLGEKRQY,61.429,63.506,44599.5
HLA-B*51:03,LALSLGEKRQYD,79.167,52.91,43352.48
HLA-B*51:03,ALSLGEKRQYDW,86.667,68.853,45144.72
HLA-B*51:03,LSLGEKRQYDWK,88.333,71.806,45428.42
HLA-B*51:03,SLGEKRQYDWKP,88.333,77.774,45978.8
HLA-B*51:03,LGEKRQYDWKPR,95.0,91.505,47287.54
HLA-B*51:03,GEKRQYDWKPRR,75.833,92.461,47394.61
HLA-B*51:03,EKRQYDWKPRRI,47.875,39.19,41303.43
HLA-B*51:03,KRQYDWKPRRIN,93.333,79.85,46165.75
HLA-B*51:03,RQYDWKPRRINI,24.208,19.651,36354.41
HLA-B*51:03,QYDWKPRRINIY,53.333,57.492,43917.14
HLA-B*51:03,YDWKPRRINIYS,49.429,22.545,37347.17
HLA-B*51:03,DWKPRRINIYSY,44.0,49.909,42967.23
HLA-B*51:03,WKPRRINIYSYR,85.0,65.704,44833.2
HLA-B*51:03,KPRRINIYSYRS,72.143,55.16,43640.99
HLA-B*51:03,PRRINIYSYRSQ,100.0,96.077,48170.59
HLA-B*51:03,RRINIYSYRSQP,86.667,71.503,45399.93
HLA-B*51:03,RINIYSYRSQPV,80.0,38.392,41158.46
HLA-B*51:03,INIYSYRSQPVK,86.667,57.316,43896.25
HLA-B*51:03,NIYSYRSQPVKL,20.341,20.765,36759.03
HLA-B*51:03,IYSYRSQPVKLV,42.615,18.655,35979.54
HLA-B*51:03,YSYRSQPVKLVL,13.975,6.083,27546.79
HLA-B*51:03,SYRSQPVKLVLF,45.2,40.819,41582.8
HLA-B*51:03,YRSQPVKLVLFR,42.923,33.709,40236.86
HLA-B*51:03,RSQPVKLVLFRI,26.1,11.913,32706.85
HLA-B*51:03,SQPVKLVLFRIS,72.143,42.864,41918.43
HLA-B*51:03,QPVKLVLFRISF,15.463,9.463,30988.15
HLA-B*51:03,PVKLVLFRISFL,70.0,52.987,43362.35
HLA-B*51:03,VKLVLFRISFLA,85.0,35.137,40530.92
HLA-B*51:03,KLVLFRISFLAA,91.667,53.472,43424.79
HLA-B*51:03,LVLFRISFLAAV,52.963,17.677,35594.65
HLA-B*51:03,VLFRISFLAAVS,93.333,51.287,43144.27
HLA-B*51:03,LFRISFLAAVSL,45.5,18.432,35894.39
HLA-B*51:03,FRISFLAAVSLC,74.286,37.089,40913.82
HLA-B*51:03,RISFLAAVSLCP,93.333,52.64,43317.8
HLA-B*51:03,ISFLAAVSLCPR,72.857,40.061,41454.76
HLA-B*51:03,SFLAAVSLCPRT,90.0,64.947,44758.06
HLA-B*51:03,FLAAVSLCPRTM,45.7,22.544,37346.76
HLA-B*51:03,LAAVSLCPRTME,77.5,52.918,43353.43
HLA-B*51:03,AAVSLCPRTMEK,68.182,64.574,44716.91
HLA-B*51:03,AVSLCPRTMEKP,95.0,78.81,46071.94
HLA-B*51:03,VSLCPRTMEKPE,95.0,77.276,45934.04
HLA-B*51:03,SLCPRTMEKPEA,76.667,58.088,43988.0
HLA-B*51:03,LCPRTMEKPEAD,97.5,80.175,46195.23
HLA-B*51:03,CPRTMEKPEADF,39.647,18.342,35860.21
HLA-B*51:03,PRTMEKPEADFV,76.667,53.578,43438.43
HLA-B*51:03,RTMEKPEADFVQ,74.286,61.195,44346.41
HLA-B*51:03,TMEKPEADFVQI,12.699,7.998,29709.03
HLA-B*51:03,MEKPEADFVQIP,43.273,17.262,35421.39
HLA-B*51:03,EKPEADFVQIPR,57.0,42.935,41930.21
HLA-B*51:03,KPEADFVQIPRC,34.846,34.56,40412.68
HLA-B*51:03,PEADFVQIPRCE,91.667,87.642,46891.68
HLA-B*51:03,EADFVQIPRCEP,48.5,35.024,40508.55
HLA-B*51:03,ADFVQIPRCEPD,97.5,83.521,46501.64
HLA-B*51:03,DFVQIPRCEPDT,91.667,77.63,45965.87
HLA-B*51:03,FVQIPRCEPDTE,68.182,52.739,43330.46
HLA-B*51:03,VQIPRCEPDTEA,49.143,46.27,42443.27
HLA-B*51:03,QIPRCEPDTEAV,34.308,21.456,36994.45
HLA-B*51:03,IPRCEPDTEAVH,26.717,23.857,37761.61
HLA-B*51:03,PRCEPDTEAVHF,40.75,57.748,43947.57
HLA-B*51:03,RCEPDTEAVHFF,31.265,28.731,39102.95
HLA-B*51:03,CEPDTEAVHFFV,43.182,11.008,32106.95
HLA-B*51:03,EPDTEAVHFFVM,9.73,3.782,23875.9
HLA-B*51:03,PDTEAVHFFVML,54.259,30.568,39542.45
HLA-B*51:03,DTEAVHFFVMLT,56.75,24.552,37969.32
HLA-B*51:03,TEAVHFFVMLTL,27.463,11.143,32195.65
HLA-B*51:03,EAVHFFVMLTLN,51.667,26.545,38526.35
HLA-B*51:03,AVHFFVMLTLNL,70.714,35.83,40668.85
HLA-B*51:03,VHFFVMLTLNLE,85.0,43.911,42080.21
HLA-B*51:03,HFFVMLTLNLEL,57.25,28.324,39001.53
HLA-B*51:03,FFVMLTLNLELK,88.333,54.639,43575.41
HLA-B*51:03,FVMLTLNLELKD,90.0,46.433,42467.14
HLA-B*51:03,VMLTLNLELKDI,64.286,25.03,38110.08
HLA-B*51:03,MLTLNLELKDIL,55.25,30.98,39639.24
HLA-B*51:03,LTLNLELKDILL,42.385,25.547,38254.68
HLA-B*51:03,TLNLELKDILLA,61.071,43.958,42087.48
HLA-B*51:03,LNLELKDILLAA,59.75,37.686,41026.86
HLA-B*51:03,NLELKDILLAAG,95.0,70.11,45268.97
HLA-B*51:03,LELKDILLAAGY,56.25,38.973,41265.46
HLA-B*51:03,ELKDILLAAGYY,48.25,39.859,41419.78
HLA-B*51:03,LKDILLAAGYYI,59.0,14.831,34313.09
HLA-B*51:03,KDILLAAGYYIK,91.667,57.28,43891.97
HLA-B*51:03,DILLAAGYYIKI,7.315,2.938,21973.78
HLA-B*51:03,ILLAAGYYIKID,79.167,48.393,42755.3
HLA-B*51:03,LLAAGYYIKIDV,62.5,31.473,39751.78
HLA-B*51:03,LAAGYYIKIDVV,20.756,5.901,27307.59
HLA-B*51:03,AAGYYIKIDVVS,63.571,56.212,43765.34
HLA-B*51:03,AGYYIKIDVVSH,75.0,73.309,45570.21
HLA-B*51:03,GYYIKIDVVSHE,90.0,91.235,47257.39
HLA-B*51:03,YYIKIDVVSHEK,66.364,64.271,44683.56
HLA-B*51:03,YIKIDVVSHEKD,93.333,84.984,46636.15
HLA-B*51:03,IKIDVVSHEKDR,88.333,95.199,47770.42
HLA-B*51:03,KIDVVSHEKDRG,97.5,95.683,47990.62
HLA-B*51:03,IDVVSHEKDRGI,54.815,42.649,41882.62
HLA-B*51:03,DVVSHEKDRGIQ,78.333,76.567,45870.48
HLA-B*51:03,VVSHEKDRGIQH,61.429,90.448,47169.51
HLA-B*51:03,VSHEKDRGIQHA,24.896,51.747,43203.11
HLA-B*51:03,SHEKDRGIQHAG,83.75,77.735,45975.32
HLA-B*51:03,HEKDRGIQHAGL,33.607,63.251,44571.52
HLA-B*51:03,EKDRGIQHAGLM,43.545,36.825,40862.93
HLA-B*51:03,KDRGIQHAGLML,55.5,48.529,42774.75
HLA-B*51:03,DRGIQHAGLMLY,52.037,38.392,41158.46
HLA-B*51:03,RGIQHAGLMLYD,88.333,57.18,43880.08
HLA-B*51:03,GIQHAGLMLYDA,93.333,68.839,45143.26
HLA-B*51:03,IQHAGLMLYDAD,97.5,68.533,45113.0
HLA-B*51:03,QHAGLMLYDADA,76.667,53.651,43447.81
HLA-B*51:03,HAGLMLYDADAA,79.167,42.613,41876.73
HLA-B*51:03,AGLMLYDADAAE,85.0,80.12,46190.23
HLA-B*51:03,GLMLYDADAAEL,65.909,39.149,41296.29
HLA-B*51:03,LMLYDADAAELG,90.0,49.064,42850.7
HLA-B*51:03,MLYDADAAELGS,65.0,39.905,41427.85
HLA-B*51:03,LYDADAAELGSA,85.0,58.796,44072.31
HLA-B*51:03,YDADAAELGSAV,16.604,9.346,30888.73
HLA-B*51:03,DADAAELGSAVA,23.874,20.95,36825.52
HLA-B*51:03,ADAAELGSAVAL,24.74,25.842,38337.56
HLA-B*51:03,DAAELGSAVALI,2.164,0.794,12857.18
HLA-B*51:03,AAELGSAVALIA,58.25,37.293,40952.34
HLA-B*51:03,AELGSAVALIAI,28.633,20.715,36741.14
HLA-B*51:03,ELGSAVALIAIQ,81.25,54.584,43568.32
HLA-B*51:03,LGSAVALIAIQL,36.571,30.779,39592.11
HLA-B*51:03,GSAVALIAIQLE,86.667,78.267,46023.12
HLA-B*51:03,SAVALIAIQLEK,57.75,53.308,43403.65
HLA-B*51:03,AVALIAIQLEKV,54.259,34.679,40437.19
HLA-B*51:03,VALIAIQLEKVE,62.857,43.155,41964.71
HLA-B*51:03,ALIAIQLEKVEY,65.455,62.68,44508.87
HLA-B*51:03,LIAIQLEKVEYL,30.189,27.785,38862.11
HLA-B*51:03,IAIQLEKVEYLK,46.778,38.073,41099.71
HLA-B*51:03,AIQLEKVEYLKV,54.815,43.851,42071.09
HLA-B*51:03,IQLEKVEYLKVK,65.0,55.9,43728.44
HLA-B*51:03,QLEKVEYLKVKP,90.0,80.641,46237.73
HLA-B*51:03,LEKVEYLKVKPS,91.667,70.882,45341.52
HLA-B*51:03,EKVEYLKVKPSR,80.0,86.521,46783.73
HLA-B*51:03,KVEYLKVKPSRI,47.875,34.805,40463.43
HLA-B*51:03,VEYLKVKPSRIV,24.766,16.766,35207.4
HLA-B*51:03,EYLKVKPSRIVV,28.327,25.39,38210.84
HLA-B*51:03,YLKVKPSRIVVR,70.0,63.533,44602.4
HLA-B*51:03,LKVKPSRIVVRG,68.182,35.645,40631.91
HLA-B*51:03,KVKPSRIVVRGE,93.333,88.958,47018.69
HLA-B*51:03,VKPSRIVVRGEM,41.833,44.477,42169.54
HLA-B*51:03,KPSRIVVRGEMG,57.75,44.92,42239.87
HLA-B*51:03,PSRIVVRGEMGV,90.0,59.004,44097.13
HLA-B*51:03,SRIVVRGEMGVV,70.0,45.43,42317.63
HLA-B*51:03,RIVVRGEMGVVG,97.5,80.526,46227.21
HLA-B*51:03,IVVRGEMGVVGT,97.5,86.532,46784.75
HLA-B*51:03,VVRGEMGVVGTV,36.238,13.385,33569.46
HLA-B*51:03,VRGEMGVVGTVV,65.455,35.896,40682.07
HLA-B*51:03,RGEMGVVGTVVQ,91.667,62.957,44539.22
HLA-B*51:03,GEMGVVGTVVQG,88.333,67.667,45027.16
HLA-B*51:03,EMGVVGTVVQGY,63.929,52.794,43337.5
HLA-B*51:03,MGVVGTVVQGYS,95.0,63.418,44589.86
HLA-B*51:03,GVVGTVVQGYSS,97.5,95.001,47680.58
HLA-B*51:03,VVGTVVQGYSSL,52.778,47.068,42560.53
HLA-B*51:03,VGTVVQGYSSLK,83.75,62.504,44489.61
HLA-B*51:03,GTVVQGYSSLKV,72.143,49.684,42936.1
HLA-B*51:03,TVVQGYSSLKVL,25.925,26.246,38447.22
HLA-B*51:03,VVQGYSSLKVLE,70.714,64.627,44722.74
HLA-B*51:03,VQGYSSLKVLEV,36.667,26.531,38522.6
HLA-B*51:03,QGYSSLKVLEVS,65.455,53.144,43382.52
HLA-B*51:03,GYSSLKVLEVSG,95.0,77.901,45990.24
HLA-B*51:03,YSSLKVLEVSGE,71.429,64.912,44754.19
HLA-B*51:03,SSLKVLEVSGET,77.5,65.162,44779.86
HLA-B*51:03,SLKVLEVSGETF,56.5,54.799,43596.15
HLA-B*51:03,LKVLEVSGETFK,81.25,76.417,45857.09
HLA-B*51:03,KVLEVSGETFKQ,80.0,84.135,46558.02
HLA-B*51:03,VLEVSGETFKQH,74.286,88.084,46934.31
HLA-B*51:03,LEVSGETFKQHQ,79.167,88.105,46936.34
HLA-B*51:03,EVSGETFKQHQM,37.474,45.439,42318.99
HLA-B*51:03,VSGETFKQHQMK,70.0,60.54,44274.97
HLA-B*51:03,SGETFKQHQMKS,90.0,81.095,46279.26
HLA-B*51:03,GETFKQHQMKSL,52.407,52.67,43321.54
HLA-B*51:03,ETFKQHQMKSLL,20.455,15.042,34415.73
HLA-B*51:03,TFKQHQMKSLLR,85.0,71.738,45422.04
HLA-B*51:03,FKQHQMKSLLRK,69.545,56.952,43853.04
HLA-B*51:03,KQHQMKSLLRKL,58.5,58.764,44068.5
HLA-B*51:03,QHQMKSLLRKLT,88.333,69.793,45238.12
HLA-B*51:03,HQMKSLLRKLTR,72.857,60.83,44306.59
HLA-B*51:03,QMKSLLRKLTRE,97.5,91.359,47271.19
HLA-B*51:03,MKSLLRKLTREG,97.5,72.521,45495.82
HLA-B*51:03,KSLLRKLTREGT,95.0,89.368,47058.37
HLA-B*51:03,SLLRKLTREGTL,58.0,52.476,43296.71
HLA-B*51:03,LLRKLTREGTLP,91.667,63.067,44551.29
HLA-B*51:03,LRKLTREGTLPS,93.333,70.804,45334.15
HLA-B*51:03,RKLTREGTLPSH,86.667,90.988,47229.78
HLA-B*51:03,KLTREGTLPSHP,88.333,81.857,46348.91
HLA-B*51:03,LTREGTLPSHPF,37.316,26.972,38639.89
HLA-B*51:03,TREGTLPSHPFP,64.643,47.799,42669.34
HLA-B*51:03,REGTLPSHPFPA,77.5,51.167,43128.86
HLA-B*51:03,EGTLPSHPFPAE,32.129,50.981,43105.06
HLA-B*51:03,GTLPSHPFPAEG,91.667,58.012,43978.96
HLA-B*51:03,TLPSHPFPAEGN,95.0,72.604,45503.69
HLA-B*51:03,LPSHPFPAEGNT,29.659,16.846,35243.23
HLA-B*51:03,PSHPFPAEGNTD,91.667,72.594,45502.72
HLA-B*51:03,SHPFPAEGNTDE,81.25,79.181,46105.35
HLA-B*51:03,HPFPAEGNTDEG,36.143,25.504,38242.69
HLA-B*51:03,PFPAEGNTDEGK,79.167,77.741,45975.83
HLA-B*51:03,FPAEGNTDEGKE,46.556,52.772,43334.68
HLA-B*51:03,PAEGNTDEGKEP,91.667,96.355,48297.93
HLA-B*51:03,AEGNTDEGKEPH,72.857,95.788,48038.39
HLA-B*51:03,EGNTDEGKEPHS,95.0,96.289,48267.64
HLA-B*51:03,GNTDEGKEPHSD,100.0,97.449,48802.75
HLA-B*51:03,NTDEGKEPHSDF,39.706,48.776,42809.93
HLA-B*51:03,TDEGKEPHSDFS,74.286,90.146,47135.85
HLA-B*51:03,DEGKEPHSDFSD,58.75,85.126,46649.78
HLA-B*51:03,EGKEPHSDFSDD,93.333,84.693,46609.42
HLA-B*51:03,GKEPHSDFSDDP,95.0,88.768,47000.38
HLA-B*51:03,KEPHSDFSDDPL,45.9,28.902,39145.69
HLA-B*51:03,EPHSDFSDDPLL,2.798,3.09,22346.12
HLA-B*51:03,PHSDFSDDPLLA,75.0,57.708,43942.81
HLA-B*51:03,HSDFSDDPLLAE,67.727,67.131,44974.08
HLA-B*51:03,SDFSDDPLLAEN,81.25,76.456,45860.55
HLA-B*51:03,DFSDDPLLAENE,75.0,87.079,46837.4
HLA-B*51:03,FSDDPLLAENEI,5.189,1.129,15104.92
HLA-B*51:03,SDDPLLAENEIQ,53.333,39.344,41330.26
HLA-B*51:03,DDPLLAENEIQE,57.75,42.738,41897.56
HLA-B*51:03,DPLLAENEIQET,23.23,18.701,35997.06
HLA-B*51:03,PLLAENEIQETE,95.0,95.616,47959.98
HLA-B*51:03,LLAENEIQETEG,97.5,92.168,47361.79
HLA-B*51:03,LAENEIQETEGV,38.389,29.316,39245.79
HLA-B*51:03,AENEIQETEGVV,23.92,38.77,41227.98
HLA-B*51:03,ENEIQETEGVVK,64.286,78.505,46044.52
HLA-B*51:03,NEIQETEGVVKQ,65.909,76.667,45879.42
HLA-B*51:03,EIQETEGVVKQI,22.8,23.809,37746.51
HLA-B*51:03,IQETEGVVKQIL,48.0,54.712,43584.82
HLA-B*51:03,QETEGVVKQILS,56.25,73.069,45547.52
HLA-B*51:03,ETEGVVKQILSP,54.259,52.155,43255.52
HLA-B*51:03,TEGVVKQILSPI,44.909,15.808,34775.06
HLA-B*51:03,EGVVKQILSPIL,37.316,29.945,39396.39
HLA-B*51:03,GVVKQILSPILG,95.0,73.372,45576.11
HLA-B*51:03,VVKQILSPILGS,88.333,65.906,44853.09
HLA-B*51:03,VKQILSPILGSG,97.5,75.487,45773.79
HLA-B*51:03,KQILSPILGSGM,62.5,48.588,42783.08
HLA-B*51:03,QILSPILGSGMG,76.667,44.963,42246.7
HLA-B*51:03,ILSPILGSGMGP,78.333,48.906,42828.46
HLA-B*51:03,LSPILGSGMGPI,52.963,10.476,31721.58
HLA-B*51:03,SPILGSGMGPID,58.0,15.904,34820.24
HLA-B*51:03,PILGSGMGPIDF,90.0,74.191,45653.63
HLA-B*51:03,ILGSGMGPIDFD,97.5,75.044,45734.2
HLA-B*51:03,LGSGMGPIDFDI,49.286,22.969,37481.16
HLA-B*51:03,GSGMGPIDFDIK,93.333,81.287,46296.78
HLA-B*51:03,SGMGPIDFDIKK,41.5,46.313,42449.7
HLA-B*51:03,GMGPIDFDIKKF,51.852,49.152,42862.75
HLA-B*51:03,MGPIDFDIKKFK,52.593,43.756,42056.52
HLA-B*51:03,GPIDFDIKKFKL,9.283,17.867,35674.46
HLA-B*51:03,PIDFDIKKFKLS,91.667,90.508,47176.14
HLA-B*51:03,IDFDIKKFKLSD,68.636,75.149,45743.61
HLA-B*51:03,DFDIKKFKLSDA,59.0,62.931,44536.35
HLA-B*51:03,FDIKKFKLSDAA,66.364,38.501,41178.5
HLA-B*51:03,DIKKFKLSDAAA,33.714,37.897,41066.82
HLA-B*51:03,IKKFKLSDAAAL,70.714,63.093,44554.16
HLA-B*51:03,KKFKLSDAAALR,86.667,76.091,45827.82
HLA-B*51:03,KFKLSDAAALRL,53.889,45.897,42388.21
HLA-B*51:03,FKLSDAAALRLS,88.333,55.032,43625.88
HLA-B*51:03,KLSDAAALRLSL,37.053,30.245,39466.79
HLA-B*51:03,LSDAAALRLSLQ,79.167,51.645,43190.04
HLA-B*51:03,SDAAALRLSLQY,43.636,32.185,39912.54
HLA-B*51:03,DAAALRLSLQYE,38.556,35.815,40665.79
HLA-B*51:03,AAALRLSLQYEG,90.0,63.805,44632.32
HLA-B*51:03,AALRLSLQYEGA,61.786,46.765,42515.89
HLA-B*51:03,ALRLSLQYEGAE,95.0,88.4,46964.77
HLA-B*51:03,LRLSLQYEGAEI,61.071,22.396,37299.92
HLA-B*51:03,RLSLQYEGAEIG,90.0,67.126,44973.62
HLA-B*51:03,LSLQYEGAEIGW,53.704,31.778,39821.52
HLA-B*51:03,SLQYEGAEIGWP,86.667,66.378,44899.69
HLA-B*51:03,LQYEGAEIGWPK,46.556,35.366,40576.56
HLA-B*51:03,QYEGAEIGWPKG,93.333,79.635,46146.25
HLA-B*51:03,YEGAEIGWPKGD,95.0,78.367,46032.08
HLA-B*51:03,EGAEIGWPKGDL,12.801,25.229,38165.79
HLA-B*51:03,GAEIGWPKGDLV,30.595,23.211,37557.47
HLA-B*51:03,AEIGWPKGDLVL,29.25,29.56,39304.0
HLA-B*51:03,EIGWPKGDLVLF,7.912,11.613,32507.16
HLA-B*51:03,IGWPKGDLVLFD,35.25,30.108,39434.78
HLA-B*51:03,GWPKGDLVLFDL,48.375,24.865,38061.87
HLA-B*51:03,WPKGDLVLFDLT,34.346,12.152,32854.77
HLA-B*51:03,PKGDLVLFDLTD,100.0,93.294,47488.02
HLA-B*51:03,KGDLVLFDLTDN,100.0,94.273,47598.12
HLA-B*51:03,GDLVLFDLTDNR,80.0,90.018,47121.56
HLA-B*51:03,DLVLFDLTDNRY,45.2,48.932,42832.16
HLA-B*51:03,LVLFDLTDNRYA,88.333,50.153,42999.33
HLA-B*51:03,VLFDLTDNRYAL,45.7,25.176,38150.93
HLA-B*51:03,LFDLTDNRYALE,85.0,64.991,44762.91
HLA-B*51:03,FDLTDNRYALET,83.75,54.613,43572.09
HLA-B*51:03,DLTDNRYALETN,91.667,72.63,45506.16
HLA-B*51:03,LTDNRYALETNV,40.25,16.354,35023.13
HLA-B*51:03,TDNRYALETNVM,50.926,39.028,41275.28
HLA-B*51:03,DNRYALETNVMC,31.971,32.996,40089.55
HLA-B*51:03,NRYALETNVMCV,34.692,15.694,34721.3
HLA-B*51:03,RYALETNVMCVR,78.333,52.126,43251.75
HLA-B*51:03,YALETNVMCVRN,42.0,28.663,39086.03
HLA-B*51:03,ALETNVMCVRNQ,100.0,93.801,47545.11
HLA-B*51:03,LETNVMCVRNQQ,86.667,74.269,45661.02
HLA-B*51:03,ETNVMCVRNQQG,95.0,77.53,45956.92
HLA-B*51:03,TNVMCVRNQQGL,73.571,43.199,41971.53
HLA-B*51:03,NVMCVRNQQGLI,39.588,5.892,27296.08
HLA-B*51:03,VMCVRNQQGLIS,95.0,69.419,45200.94
HLA-B*51:03,MCVRNQQGLISD,97.5,75.764,45798.57
HLA-B*51:03,CVRNQQGLISDH,95.0,86.763,46807.03
HLA-B*51:03,VRNQQGLISDHI,52.222,30.186,39453.12
HLA-B*51:03,RNQQGLISDHIE,88.333,77.924,45992.23
HLA-B*51:03,NQQGLISDHIEH,63.214,71.206,45371.94
HLA-B*51:03,QQGLISDHIEHH,78.333,90.737,47201.68
HLA-B*51:03,QGLISDHIEHHS,90.0,91.464,47282.93
HLA-B*51:03,GLISDHIEHHSL,56.75,56.24,43768.67
HLA-B*51:03,LISDHIEHHSLE,75.833,61.828,44415.57
HLA-B*51:03,ISDHIEHHSLEV,33.143,19.995,36483.25
HLA-B*51:03,SDHIEHHSLEVI,32.677,16.243,34973.54
HLA-B*51:03,DHIEHHSLEVIN,45.9,31.91,39851.68
HLA-B*51:03,HIEHHSLEVIND,93.333,78.92,46081.89
HLA-B*51:03,IEHHSLEVINDM,42.077,31.966,39864.61
HLA-B*51:03,EHHSLEVINDMN,86.667,69.828,45241.54
HLA-B*51:03,HHSLEVINDMNQ,90.0,85.974,46731.11
HLA-B*51:03,HSLEVINDMNQP,57.5,58.824,44075.66
HLA-B*51:03,SLEVINDMNQPH,88.333,86.811,46811.59
HLA-B*51:03,LEVINDMNQPHM,40.625,35.728,40648.61
HLA-B*51:03,EVINDMNQPHMG,70.0,63.959,44649.25
HLA-B*51:03,VINDMNQPHMGC,76.667,73.768,45613.63
HLA-B*51:03,INDMNQPHMGCY,72.143,59.944,44209.38
HLA-B*51:03,NDMNQPHMGCYR,75.0,64.943,44757.6
HLA-B*51:03,DMNQPHMGCYRP,37.263,20.844,36787.3
HLA-B*51:03,MNQPHMGCYRPI,55.75,6.898,28554.61
HLA-B*51:03,NQPHMGCYRPIR,83.75,38.877,41247.61
HLA-B*51:03,QPHMGCYRPIRT,36.571,23.36,37604.22
HLA-B*51:03,PHMGCYRPIRTR,90.0,77.868,45987.28
HLA-B*51:03,HMGCYRPIRTRF,50.926,37.998,41085.93
HLA-B*51:03,MGCYRPIRTRFY,72.143,41.88,41755.46
HLA-B*51:03,GCYRPIRTRFYF,33.0,12.804,33242.73
HLA-B*51:03,CYRPIRTRFYFM,58.0,14.978,34385.58
HLA-B*51:03,YRPIRTRFYFMG,43.091,20.2,36556.76
HLA-B*51:03,RPIRTRFYFMGT,62.143,19.762,36396.14
HLA-B*51:03,PIRTRFYFMGTG,100.0,72.74,45516.48
HLA-B*51:03,IRTRFYFMGTGP,95.0,58.704,44061.34
HLA-B*51:03,RTRFYFMGTGPK,81.25,52.086,43246.62
HLA-B*51:03,TRFYFMGTGPKG,80.0,58.34,44018.0
HLA-B*51:03,RFYFMGTGPKGI,64.286,29.78,39356.75
HLA-B*51:03,FYFMGTGPKGIA,73.571,30.609,39552.27
HLA-B*51:03,YFMGTGPKGIAD,91.667,57.576,43927.11
HLA-B*51:03,FMGTGPKGIADN,97.5,90.467,47171.55
HLA-B*51:03,MGTGPKGIADNR,43.727,58.244,44006.56
HLA-B*51:03,GTGPKGIADNRL,53.704,73.017,45542.62
HLA-B*51:03,TGPKGIADNRLA,65.0,56.564,43807.05
HLA-B*51:03,GPKGIADNRLAN,66.818,64.187,44674.37
HLA-B*51:03,PKGIADNRLANN,100.0,97.143,48660.92
HLA-B*51:03,KGIADNRLANND,100.0,95.425,47872.88
HLA-B*51:03,GIADNRLANNDT,97.5,95.745,48018.66
HLA-B*51:03,IADNRLANNDTS,86.667,73.132,45553.46
HLA-B*51:03,ADNRLANNDTSV,62.5,52.039,43240.54
HLA-B*51:03,DNRLANNDTSVK,69.545,65.709,44833.69
HLA-B*51:03,NRLANNDTSVKK,74.286,84.009,46546.43
HLA-B*51:03,RLANNDTSVKKI,43.0,40.051,41452.97
HLA-B*51:03,LANNDTSVKKIR,49.143,55.728,43708.08
HLA-B*51:03,ANNDTSVKKIRL,48.625,74.859,45716.89
HLA-B*51:03,NNDTSVKKIRLV,25.418,25.223,38164.14
HLA-B*51:03,NDTSVKKIRLVR,68.182,62.008,44435.25
HLA-B*51:03,DTSVKKIRLVRA,45.2,44.693,42203.76
HLA-B*51:03,TSVKKIRLVRAC,66.364,59.868,44200.31
HLA-B*51:03,SVKKIRLVRACV,49.286,37.963,41079.25
HLA-B*51:03,VKKIRLVRACVD,97.5,85.263,46662.9
HLA-B*51:03,KKIRLVRACVDN,100.0,89.626,47083.35
HLA-B*51:03,KIRLVRACVDNL,75.833,59.18,44118.12
HLA-B*51:03,IRLVRACVDNLM,76.667,41.503,41694.51
HLA-B*51:03,RLVRACVDNLME,97.5,75.958,45815.91
HLA-B*51:03,LVRACVDNLMEA,67.727,39.44,41346.82
HLA-B*51:03,VRACVDNLMEAT,95.0,79.347,46120.3
HLA-B*51:03,RACVDNLMEATE,93.333,82.913,46445.8
HLA-B*51:03,ACVDNLMEATEA,80.0,75.327,45759.45
HLA-B*51:03,CVDNLMEATEAC,93.333,69.36,45195.05
HLA-B*51:03,VDNLMEATEACR,93.333,85.426,46678.55
HLA-B*51:03,DNLMEATEACRR,78.333,82.289,46388.57
HLA-B*51:03,NLMEATEACRRA,61.429,43.616,42035.16
HLA-B*51:03,LMEATEACRRAD,100.0,82.459,46404.12
HLA-B*51:03,MEATEACRRADE,93.333,78.466,46041.05
HLA-B*51:03,EATEACRRADER,63.214,83.176,46469.95
HLA-B*51:03,ATEACRRADERT,97.5,95.026,47691.93
HLA-B*51:03,TEACRRADERTN,97.5,88.679,46991.74
HLA-B*51:03,EACRRADERTNT,64.286,82.968,46450.83
HLA-B*51:03,ACRRADERTNTE,70.714,95.157,47751.29
HLA-B*51:03,CRRADERTNTEL,62.857,59.336,44136.73
HLA-B*51:03,RRADERTNTELN,91.667,87.795,46906.38
HLA-B*51:03,RADERTNTELNK,62.857,77.591,45962.4
HLA-B*51:03,ADERTNTELNKA,77.5,73.189,45558.86
HLA-B*51:03,DERTNTELNKAI,17.699,16.981,35304.3
HLA-B*51:03,ERTNTELNKAIN,88.333,84.102,46554.99
HLA-B*51:03,RTNTELNKAINA,79.167,64.969,44760.48
HLA-B*51:03,TNTELNKAINAV,38.5,35.479,40598.96
HLA-B*51:03,NTELNKAINAVY,61.429,44.078,42106.16
HLA-B*51:03,TELNKAINAVYL,37.368,33.777,40250.8
HLA-B*51:03,ELNKAINAVYLT,54.444,35.843,40671.5
HLA-B*51:03,LNKAINAVYLTL,43.273,22.745,37410.25
HLA-B*51:03,NKAINAVYLTLL,50.0,34.061,40309.63
HLA-B*51:03,KAINAVYLTLLG,80.0,39.817,41412.62
HLA-B*51:03,AINAVYLTLLGV,68.182,24.602,37984.11
HLA-B*51:03,INAVYLTLLGVL,60.0,24.213,37869.64
HLA-B*51:03,NAVYLTLLGVLM,33.857,11.109,32173.36
HLA-B*51:03,AVYLTLLGVLMF,68.182,53.435,43420.08
HLA-B*51:03,VYLTLLGVLMFE,97.5,78.178,46015.13
HLA-B*51:03,YLTLLGVLMFEH,77.5,78.306,46026.59
HLA-B*51:03,LTLLGVLMFEHT,76.667,59.2,44120.52
HLA-B*51:03,TLLGVLMFEHTA,60.714,39.746,41400.07
HLA-B*51:03,LLGVLMFEHTAG,97.5,74.149,45649.65
HLA-B*51:03,LGVLMFEHTAGV,39.588,12.857,33274.39
HLA-B*51:03,GVLMFEHTAGVG,95.0,66.304,44892.42
HLA-B*51:03,VLMFEHTAGVGF,48.375,29.615,39317.18
HLA-B*51:03,LMFEHTAGVGFR,67.727,37.206,40935.94
HLA-B*51:03,MFEHTAGVGFRT,80.0,47.684,42652.28
HLA-B*51:03,FEHTAGVGFRTG,70.714,46.972,42546.26
HLA-B*51:03,EHTAGVGFRTGQ,90.0,86.263,46758.93
HLA-B*51:03,HTAGVGFRTGQN,97.5,85.879,46722.01
HLA-B*51:03,TAGVGFRTGQNE,81.25,77.58,45961.39
HLA-B*51:03,AGVGFRTGQNET,90.0,91.784,47318.77
HLA-B*51:03,GVGFRTGQNETQ,97.5,96.273,48260.32
HLA-B*51:03,VGFRTGQNETQI,26.583,13.755,33772.04
HLA-B*51:03,GFRTGQNETQII,74.286,59.896,44203.65
HLA-B*51:03,FRTGQNETQIIL,43.0,31.347,39722.98
HLA-B*51:03,RTGQNETQIILS,82.5,80.016,46180.72
HLA-B*51:03,TGQNETQIILSV,17.591,16.494,35085.73
HLA-B*51:03,GQNETQIILSVK,70.714,69.055,45164.75
HLA-B*51:03,QNETQIILSVKG,81.25,70.595,45314.54
HLA-B*51:03,NETQIILSVKGR,58.75,62.074,44442.47
HLA-B*51:03,ETQIILSVKGRI,35.5,16.663,35161.34
HLA-B*51:03,TQIILSVKGRIF,57.25,40.141,41468.21
HLA-B*51:03,QIILSVKGRIFD,93.333,76.445,45859.57
HLA-B*51:03,IILSVKGRIFDE,95.0,82.842,46439.27
HLA-B*51:03,ILSVKGRIFDEE,97.5,88.511,46975.46
HLA-B*51:03,LSVKGRIFDEEP,86.667,65.192,44782.77
HLA-B*51:03,SVKGRIFDEEPS,95.0,84.754,46614.95
HLA-B*51:03,VKGRIFDEEPSK,64.286,87.142,46843.5
HLA-B*51:03,KGRIFDEEPSKV,43.182,54.387,43542.88
HLA-B*51:03,GRIFDEEPSKVL,50.556,61.762,44408.35
HLA-B*51:03,RIFDEEPSKVLY,37.947,48.341,42747.91
HLA-B*51:03,IFDEEPSKVLYA,48.75,47.858,42678.11
HLA-B*51:03,FDEEPSKVLYAA,22.3,5.024,26085.39
HLA-B*51:03,DEEPSKVLYAAN,55.5,37.761,41041.07
HLA-B*51:03,EEPSKVLYAANE,65.455,56.34,43780.5
HLA-B*51:03,EPSKVLYAANET,36.19,23.625,37688.13
HLA-B*51:03,PSKVLYAANETS,97.5,89.3,47051.75
HLA-B*51:03,SKVLYAANETSV,56.0,38.799,41233.32
HLA-B*51:03,KVLYAANETSVL,51.667,42.354,41833.71
HLA-B*51:03,VLYAANETSVLI,17.902,5.477,26736.61
HLA-B*51:03,LYAANETSVLIA,61.429,26.198,38434.33
HLA-B*51:03,YAANETSVLIAE,54.63,27.307,38731.12
HLA-B*51:03,AANETSVLIAEK,59.5,59.944,44209.38
HLA-B*51:03,ANETSVLIAEKS,97.5,88.905,47013.59
HLA-B*51:03,NETSVLIAEKSA,45.5,43.452,42010.14
HLA-B*51:03,ETSVLIAEKSAF,38.944,28.222,38976.21
HLA-B*51:03,TSVLIAEKSAFF,43.0,29.227,39224.56
HLA-B*51:03,SVLIAEKSAFFA,80.0,42.779,41904.37
HLA-B*51:03,VLIAEKSAFFAD,95.0,61.973,44431.41
HLA-B*51:03,LIAEKSAFFADA,86.667,49.886,42963.99
HLA-B*51:03,IAEKSAFFADAW,42.077,19.396,36259.34
HLA-B*51:03,AEKSAFFADAWQ,79.167,56.024,43743.11
HLA-B*51:03,EKSAFFADAWQW,37.211,20.589,36695.86
HLA-B*51:03,KSAFFADAWQWI,49.286,13.315,33531.36
HLA-B*51:03,SAFFADAWQWII,24.688,1.853,18627.57
HLA-B*51:03,AFFADAWQWIID,86.667,52.867,43346.86
HLA-B*51:03,FFADAWQWIIDV,40.375,13.084,33405.34
HLA-B*51:03,FADAWQWIIDVE,76.667,30.604,39550.99
HLA-B*51:03,ADAWQWIIDVED,95.0,60.808,44304.2
HLA-B*51:03,DAWQWIIDVEDF,27.185,11.126,32184.85
HLA-B*51:03,AWQWIIDVEDFR,88.333,71.968,45443.66
HLA-B*51:03,WQWIIDVEDFRL,49.429,28.232,38978.75
HLA-B*51:03,QWIIDVEDFRLA,65.909,58.416,44027.06
HLA-B*51:03,WIIDVEDFRLAR,75.0,57.496,43917.62
HLA-B*51:03,IIDVEDFRLARA,81.25,63.519,44600.96
HLA-B*51:03,IDVEDFRLARAR,69.091,74.749,45706.51
HLA-B*51:03,DVEDFRLARARY,42.615,45.464,42322.65
HLA-B*51:03,VEDFRLARARYN,91.667,77.99,45998.22
HLA-B*51:03,EDFRLARARYNW,44.182,27.275,38722.33
HLA-B*51:03,DFRLARARYNWW,45.6,27.546,38796.57
HLA-B*51:03,FRLARARYNWWS,91.667,52.112,43249.89
HLA-B*51:03,RLARARYNWWSN,100.0,64.868,44749.34
HLA-B*51:03,LARARYNWWSNQ,93.333,58.24,44006.08
HLA-B*51:03,ARARYNWWSNQD,100.0,89.468,47068.05
HLA-B*51:03,RARYNWWSNQDS,97.5,62.627,44503.1
HLA-B*51:03,ARYNWWSNQDSS,88.333,74.859,45716.89
HLA-B*51:03,RYNWWSNQDSSA,93.333,59.836,44196.46
HLA-B*51:03,YNWWSNQDSSAY,45.2,32.377,39954.44
HLA-B*51:03,NWWSNQDSSAYS,88.333,65.63,44825.91
HLA-B*51:03,WWSNQDSSAYSC,72.143,60.967,44321.45
HLA-B*51:03,WSNQDSSAYSCG,95.0,63.436,44591.79
HLA-B*51:03,SNQDSSAYSCGE,93.333,89.458,47067.05
HLA-B*51:03,NQDSSAYSCGEF,49.714,30.818,39601.09
HLA-B*51:03,QDSSAYSCGEFI,38.556,7.18,28875.55
HLA-B*51:03,DSSAYSCGEFIA,49.571,13.757,33773.13
HLA-B*51:03,SSAYSCGEFIAW,48.5,19.237,36199.76
HLA-B*51:03,SAYSCGEFIAWC,54.63,21.162,36896.91
HLA-B*51:03,AYSCGEFIAWCG,97.5,73.173,45557.39
HLA-B*51:03,YSCGEFIAWCGI,58.25,7.214,28912.43
HLA-B*51:03,SCGEFIAWCGIE,97.5,52.316,43276.11
HLA-B*51:03,CGEFIAWCGIEY,88.333,44.592,42187.79
HLA-B*51:03,GEFIAWCGIEYA,70.0,31.282,39708.35
HLA-B*51:03,EFIAWCGIEYAL,53.889,20.783,36765.41
HLA-B*51:03,FIAWCGIEYALA,91.667,35.777,40658.31
HLA-B*51:03,IAWCGIEYALAK,53.704,21.464,36997.24
HLA-B*51:03,AWCGIEYALAKV,88.333,51.594,43183.5
HLA-B*51:03,WCGIEYALAKVV,52.593,16.133,34924.75
HLA-B*51:03,CGIEYALAKVVQ,90.0,41.743,41733.33
HLA-B*51:03,GIEYALAKVVQL,28.184,35.029,40509.44
HLA-B*51:03,IEYALAKVVQLV,17.622,8.544,30200.36
HLA-B*51:03,EYALAKVVQLVI,15.821,5.435,26675.64
HLA-B*51:03,YALAKVVQLVIL,11.848,10.483,31726.73
HLA-B*51:03,ALAKVVQLVILF,66.818,50.988,43106.0
HLA-B*51:03,LAKVVQLVILFN,78.333,45.318,42300.68
HLA-B*51:03,AKVVQLVILFNE,97.5,94.744,47651.19
HLA-B*51:03,KVVQLVILFNEK,93.333,88.389,46963.77
HLA-B*51:03,VVQLVILFNEKE,97.5,92.187,47363.84
HLA-B*51:03,VQLVILFNEKEH,86.667,92.123,47356.66
HLA-B*51:03,QLVILFNEKEHS,95.0,92.607,47411.02
HLA-B*51:03,LVILFNEKEHSI,20.593,15.915,34825.13
HLA-B*51:03,VILFNEKEHSIN,72.143,70.699,45324.36
HLA-B*51:03,ILFNEKEHSINV,32.742,19.519,36305.27
HLA-B*51:03,LFNEKEHSINVA,71.429,56.504,43799.93
HLA-B*51:03,FNEKEHSINVAN,88.333,60.505,44271.15
HLA-B*51:03,NEKEHSINVAND,77.5,78.195,46016.62
HLA-B*51:03,EKEHSINVANDG,97.5,86.553,46786.78
HLA-B*51:03,KEHSINVANDGA,73.571,71.936,45440.73
HLA-B*51:03,EHSINVANDGAS,91.667,84.589,46599.84
HLA-B*51:03,HSINVANDGASE,79.167,83.472,46497.11
HLA-B*51:03,SINVANDGASEA,31.206,58.088,43988.0
HLA-B*51:03,INVANDGASEAF,52.593,53.505,43429.02
HLA-B*51:03,NVANDGASEAFL,47.375,45.958,42397.37
HLA-B*51:03,VANDGASEAFLD,58.25,56.232,43767.71
HLA-B*51:03,ANDGASEAFLDY,66.818,59.388,44142.94
HLA-B*51:03,NDGASEAFLDYE,91.667,79.635,46146.25
HLA-B*51:03,DGASEAFLDYEL,28.245,21.008,36846.26
HLA-B*51:03,GASEAFLDYELV,38.889,16.301,34999.65
HLA-B*51:03,ASEAFLDYELVA,66.818,28.654,39083.91
HLA-B*51:03,SEAFLDYELVAF,40.438,17.979,35721.2
HLA-B*51:03,EAFLDYELVAFY,17.534,7.652,29375.32
HLA-B*51:03,AFLDYELVAFYG,93.333,67.687,45029.11
HLA-B*51:03,FLDYELVAFYGG,93.333,57.04,43863.48
HLA-B*51:03,LDYELVAFYGGG,95.0,62.311,44468.45
HLA-B*51:03,DYELVAFYGGGI,48.0,13.01,33365.25
HLA-B*51:03,YELVAFYGGGIF,30.027,8.156,29850.81
HLA-B*51:03,ELVAFYGGGIFM,27.944,24.426,37932.36
HLA-B*51:03,LVAFYGGGIFMC,90.0,49.791,42950.97
HLA-B*51:03,VAFYGGGIFMCE,78.333,46.671,42502.08
HLA-B*51:03,AFYGGGIFMCEH,83.75,80.679,46241.22
HLA-B*51:03,FYGGGIFMCEHL,71.429,29.384,39261.91
HLA-B*51:03,YGGGIFMCEHLQ,85.0,55.188,43644.29
HLA-B*51:03,GGGIFMCEHLQA,90.0,64.464,44704.83
HLA-B*51:03,GGIFMCEHLQAD,100.0,84.748,46614.47
HLA-B*51:03,GIFMCEHLQADR,90.0,84.704,46610.41
HLA-B*51:03,IFMCEHLQADRT,95.0,70.585,45313.55
HLA-B*51:03,FMCEHLQADRTK,72.857,62.127,44448.23
HLA-B*51:03,MCEHLQADRTKN,97.5,88.347,46959.71
HLA-B*51:03,CEHLQADRTKNN,97.5,90.133,47134.3
HLA-B*51:03,EHLQADRTKNNV,27.241,24.26,37883.56
HLA-B*51:03,HLQADRTKNNVN,90.0,86.811,46811.59
HLA-B*51:03,LQADRTKNNVNT,80.0,78.045,46003.18
HLA-B*51:03,QADRTKNNVNTY,34.923,51.889,43221.36
HLA-B*51:03,ADRTKNNVNTYV,62.5,57.128,43873.91
HLA-B*51:03,DRTKNNVNTYVA,63.571,49.987,42977.93
HLA-B*51:03,RTKNNVNTYVAY,63.929,62.887,44531.52
HLA-B*51:03,TKNNVNTYVAYW,61.786,39.787,41407.25
HLA-B*51:03,KNNVNTYVAYWS,97.5,76.174,45835.27
HLA-B*51:03,NNVNTYVAYWST,85.0,42.471,41853.16
HLA-B*51:03,NVNTYVAYWSTF,52.593,22.416,37306.37
HLA-B*51:03,VNTYVAYWSTFN,97.5,55.448,43675.0
HLA-B*51:03,NTYVAYWSTFND,91.667,35.96,40694.83
HLA-B*51:03,TYVAYWSTFNDR,95.0,69.769,45235.68
HLA-B*51:03,YVAYWSTFNDRV,56.0,13.21,33474.09
HLA-B*51:03,VAYWSTFNDRVQ,75.833,25.204,38158.78
HLA-B*51:03,AYWSTFNDRVQI,34.231,22.761,37415.11
HLA-B*51:03,YWSTFNDRVQII,52.593,19.735,36385.88
HLA-B*51:03,WSTFNDRVQIIQ,86.667,45.124,42271.39
HLA-B*51:03,STFNDRVQIIQS,74.286,55.2,43645.72
HLA-B*51:03,TFNDRVQIIQSA,51.852,48.916,42829.84
HLA-B*51:03,FNDRVQIIQSAP,80.0,51.918,43225.1
HLA-B*51:03,NDRVQIIQSAPS,90.0,66.762,44937.61
HLA-B*51:03,DRVQIIQSAPSI,10.506,6.173,27660.27
HLA-B*51:03,RVQIIQSAPSIE,82.5,57.896,43965.14
HLA-B*51:03,VQIIQSAPSIEQ,82.5,57.712,43943.29
HLA-B*51:03,QIIQSAPSIEQV,18.921,26.812,38597.27
HLA-B*51:03,IIQSAPSIEQVR,56.25,63.256,44572.01
HLA-B*51:03,IQSAPSIEQVRH,48.875,65.561,44819.12
HLA-B*51:03,QSAPSIEQVRHI,15.925,15.167,34474.24
HLA-B*51:03,SAPSIEQVRHIK,25.612,35.289,40561.2
HLA-B*51:03,APSIEQVRHIKG,35.75,43.057,41949.74
HLA-B*51:03,PSIEQVRHIKGV,56.75,53.479,43425.74
HLA-B*51:03,SIEQVRHIKGVH,88.333,78.045,46003.18
HLA-B*51:03,IEQVRHIKGVHP,81.25,70.224,45279.75
HLA-B*51:03,EQVRHIKGVHPA,46.556,39.62,41378.13
HLA-B*51:03,QVRHIKGVHPAT,78.333,74.948,45725.29
HLA-B*51:03,VRHIKGVHPATG,95.0,81.292,46297.29
HLA-B*51:03,RHIKGVHPATGL,45.6,47.359,42603.84
HLA-B*51:03,HIKGVHPATGLF,36.857,33.634,40221.19
HLA-B*51:03,IKGVHPATGLFE,86.667,64.833,44745.47
HLA-B*51:03,KGVHPATGLFEP,61.786,53.76,43461.94
HLA-B*51:03,GVHPATGLFEPT,90.0,61.037,44329.14
HLA-B*51:03,VHPATGLFEPTH,59.5,62.737,44515.13
HLA-B*51:03,HPATGLFEPTHK,34.615,48.042,42705.37
HLA-B*51:03,PATGLFEPTHKL,12.157,33.747,40244.7
HLA-B*51:03,ATGLFEPTHKLS,50.185,66.107,44873.0
HLA-B*51:03,TGLFEPTHKLSS,52.963,67.131,44974.08
HLA-B*51:03,GLFEPTHKLSSI,19.419,13.85,33824.68
HLA-B*51:03,LFEPTHKLSSII,32.839,9.451,30978.08
HLA-B*51:03,FEPTHKLSSIIK,42.0,24.401,37924.97
HLA-B*51:03,EPTHKLSSIIKA,10.717,9.032,30624.17
HLA-B*51:03,PTHKLSSIIKAA,86.667,69.941,45252.8
HLA-B*51:03,THKLSSIIKAAK,86.667,72.281,45473.18
HLA-B*51:03,HKLSSIIKAAKN,95.0,83.899,46536.35
HLA-B*51:03,KLSSIIKAAKNV,64.643,53.133,43381.12
HLA-B*51:03,LSSIIKAAKNVN,95.0,63.203,44566.23
HLA-B*51:03,SSIIKAAKNVNE,91.667,78.732,46064.96
HLA-B*51:03,SIIKAAKNVNEV,13.894,22.821,37434.15
HLA-B*51:03,IIKAAKNVNEVT,44.818,66.821,44943.43
HLA-B*51:03,IKAAKNVNEVTY,55.25,70.428,45298.85
HLA-B*51:03,KAAKNVNEVTYR,72.143,83.226,46474.47
HLA-B*51:03,AAKNVNEVTYRG,83.75,79.402,46125.3
HLA-B*51:03,AKNVNEVTYRGD,97.5,96.447,48340.29
HLA-B*51:03,KNVNEVTYRGDG,100.0,95.262,47798.87
HLA-B*51:03,NVNEVTYRGDGQ,90.0,92.557,47405.37
HLA-B*51:03,VNEVTYRGDGQE,97.5,95.023,47690.39
HLA-B*51:03,NEVTYRGDGQEN,91.667,88.547,46979.01
HLA-B*51:03,EVTYRGDGQENF,45.5,58.012,43978.96
HLA-B*51:03,VTYRGDGQENFL,41.083,33.909,40278.24
HLA-B*51:03,TYRGDGQENFLF,44.455,46.567,42486.93
HLA-B*51:03,YRGDGQENFLFS,86.667,59.94,44208.92
HLA-B*51:03,RGDGQENFLFSS,93.333,78.289,46025.11
HLA-B*51:03,GDGQENFLFSSQ,95.0,88.195,46944.97
HLA-B*51:03,DGQENFLFSSQF,17.15,7.121,28810.0
HLA-B*51:03,GQENFLFSSQFN,95.0,71.195,45370.95
HLA-B*51:03,QENFLFSSQFNS,82.5,53.187,43388.14
HLA-B*51:03,ENFLFSSQFNSL,18.957,11.814,32640.75
HLA-B*51:03,NFLFSSQFNSLL,49.429,16.156,34934.95
HLA-B*51:03,FLFSSQFNSLLL,34.077,7.369,29084.06
HLA-B*51:03,LFSSQFNSLLLA,61.071,19.803,36411.49
HLA-B*51:03,FSSQFNSLLLAY,57.25,19.605,36337.11
HLA-B*51:03,SSQFNSLLLAYM,59.5,22.351,37285.78
HLA-B*51:03,SQFNSLLLAYMN,78.333,41.299,41661.61
HLA-B*51:03,QFNSLLLAYMNT,97.5,70.892,45342.48
HLA-B*51:03,FNSLLLAYMNTL,45.6,21.928,37151.29
HLA-B*51:03,NSLLLAYMNTLR,70.714,38.177,41118.85
HLA-B*51:03,SLLLAYMNTLRV,15.638,4.252,24788.82
HLA-B*51:03,LLLAYMNTLRVP,64.643,24.142,37848.74
HLA-B*51:03,LLAYMNTLRVPP,75.833,31.508,39759.96
HLA-B*51:03,LAYMNTLRVPPE,53.148,25.994,38380.31
HLA-B*51:03,AYMNTLRVPPEN,97.5,82.629,46419.69
HLA-B*51:03,YMNTLRVPPENR,86.667,77.353,45941.0
HLA-B*51:03,MNTLRVPPENRS,90.0,79.712,46153.24
HLA-B*51:03,NTLRVPPENRSI,22.75,12.205,32886.06
HLA-B*51:03,TLRVPPENRSIG,71.429,63.19,44564.79
HLA-B*51:03,LRVPPENRSIGK,60.357,63.906,44643.44
HLA-B*51:03,RVPPENRSIGKS,86.667,86.732,46803.98
HLA-B*51:03,VPPENRSIGKSL,3.038,9.423,30953.98
HLA-B*51:03,PPENRSIGKSLF,37.947,50.033,42983.97
HLA-B*51:03,PENRSIGKSLFV,67.273,36.955,40888.13
HLA-B*51:03,ENRSIGKSLFVI,31.941,14.73,34263.39
HLA-B*51:03,NRSIGKSLFVIE,86.667,54.227,43522.16
HLA-B*51:03,RSIGKSLFVIEI,37.579,17.86,35671.38
HLA-B*51:03,SIGKSLFVIEIQ,93.333,70.705,45324.83
HLA-B*51:03,IGKSLFVIEIQV,42.923,28.673,39088.55
HLA-B*51:03,GKSLFVIEIQVV,62.857,47.204,42580.79
HLA-B*51:03,KSLFVIEIQVVI,31.353,17.557,35544.62
HLA-B*51:03,SLFVIEIQVVIA,72.857,48.886,42825.68
HLA-B*51:03,LFVIEIQVVIAE,86.667,67.234,44984.32
HLA-B*51:03,FVIEIQVVIAEA,47.875,28.778,39114.78
HLA-B*51:03,VIEIQVVIAEAC,90.0,85.068,46644.21
HLA-B*51:03,IEIQVVIAEACK,72.143,69.857,45244.48
HLA-B*51:03,EIQVVIAEACKW,48.75,37.864,41060.6
HLA-B*51:03,IQVVIAEACKWA,85.0,56.704,43823.64
HLA-B*51:03,QVVIAEACKWAA,90.0,53.319,43405.05
HLA-B*51:03,VVIAEACKWAAV,52.222,20.773,36761.83
HLA-B*51:03,VIAEACKWAAVS,95.0,60.738,44296.54
HLA-B*51:03,IAEACKWAAVSD,97.5,61.481,44377.6
HLA-B*51:03,AEACKWAAVSDL,50.926,32.607,40004.61
HLA-B*51:03,EACKWAAVSDLL,22.89,10.895,32025.41
HLA-B*51:03,ACKWAAVSDLLA,69.545,41.285,41659.36
HLA-B*51:03,CKWAAVSDLLAP,86.667,43.503,42017.87
HLA-B*51:03,KWAAVSDLLAPW,70.714,20.993,36841.08
HLA-B*51:03,WAAVSDLLAPWC,82.5,23.951,37791.45
HLA-B*51:03,AAVSDLLAPWCN,75.0,60.712,44293.65
HLA-B*51:03,AVSDLLAPWCNL,65.0,40.726,41567.04
HLA-B*51:03,VSDLLAPWCNLA,69.091,29.346,39253.0
HLA-B*51:03,SDLLAPWCNLAQ,93.333,67.406,45001.36
HLA-B*51:03,DLLAPWCNLAQR,53.519,38.961,41263.23
HLA-B*51:03,LLAPWCNLAQRV,38.222,14.159,33984.27
HLA-B*51:03,LAPWCNLAQRVT,78.333,35.287,40560.75
HLA-B*51:03,APWCNLAQRVTV,6.752,2.048,19404.79
HLA-B*51:03,PWCNLAQRVTVL,81.25,57.244,43887.7
HLA-B*51:03,WCNLAQRVTVLS,88.333,52.433,43291.1
HLA-B*51:03,CNLAQRVTVLSS,90.0,60.202,44238.1
HLA-B*51:03,NLAQRVTVLSSE,83.75,76.451,45860.07
HLA-B*51:03,LAQRVTVLSSEA,46.111,26.597,38540.09
HLA-B*51:03,AQRVTVLSSEAI,44.273,26.755,38582.24
HLA-B*51:03,QRVTVLSSEAIC,83.75,64.091,44663.74
HLA-B*51:03,RVTVLSSEAICI,70.714,38.886,41249.39
HLA-B*51:03,VTVLSSEAICIL,57.5,30.98,39639.24
HLA-B*51:03,TVLSSEAICILP,69.545,44.693,42203.76
HLA-B*51:03,VLSSEAICILPF,75.0,31.277,39707.07
HLA-B*51:03,LSSEAICILPFL,30.27,9.786,31224.75
HLA-B*51:03,SSEAICILPFLT,75.0,33.707,40236.42
HLA-B*51:03,SEAICILPFLTI,16.92,3.233,22682.52
HLA-B*51:03,EAICILPFLTIA,18.378,4.282,24846.01
HLA-B*51:03,AICILPFLTIAY,83.75,63.326,44579.74
HLA-B*51:03,ICILPFLTIAYD,72.857,14.093,33952.29
HLA-B*51:03,CILPFLTIAYDS,97.5,44.615,42191.43
HLA-B*51:03,ILPFLTIAYDSP,78.333,19.168,36174.32
HLA-B*51:03,LPFLTIAYDSPI,4.038,0.149,5078.93
HLA-B*51:03,PFLTIAYDSPIA,95.0,56.868,43843.08
HLA-B*51:03,FLTIAYDSPIAA,10.05,9.217,30779.64
HLA-B*51:03,LTIAYDSPIAAK,46.778,40.056,41453.88
HLA-B*51:03,TIAYDSPIAAKA,44.091,38.327,41146.43
HLA-B*51:03,IAYDSPIAAKAV,3.819,3.577,23473.5
HLA-B*51:03,AYDSPIAAKAVI,12.296,5.176,26301.92
HLA-B*51:03,YDSPIAAKAVIL,24.623,9.595,31087.55
HLA-B*51:03,DSPIAAKAVILE,38.167,21.539,37022.09
HLA-B*51:03,SPIAAKAVILEI,3.64,1.151,15240.02
HLA-B*51:03,PIAAKAVILEIA,90.0,59.076,44105.72
HLA-B*51:03,IAAKAVILEIAE,65.0,41.645,41717.54
HLA-B*51:03,AAKAVILEIAES,61.071,66.732,44934.68
HLA-B*51:03,AKAVILEIAESS,93.333,91.061,47237.95
HLA-B*51:03,KAVILEIAESSQ,93.333,95.285,47809.22
HLA-B*51:03,AVILEIAESSQW,29.568,41.229,41650.33
HLA-B*51:03,VILEIAESSQWL,43.0,35.949,40692.62
HLA-B*51:03,ILEIAESSQWLD,76.667,59.976,44213.23
HLA-B*51:03,LEIAESSQWLDT,67.727,58.352,44019.42
HLA-B*51:03,EIAESSQWLDTY,36.952,38.012,41088.6
HLA-B*51:03,IAESSQWLDTYL,33.143,21.142,36890.53
HLA-B*51:03,AESSQWLDTYLA,55.5,29.252,39230.51
HLA-B*51:03,ESSQWLDTYLAN,81.25,43.262,41981.05
HLA-B*51:03,SSQWLDTYLANP,86.667,46.978,42547.16
HLA-B*51:03,SQWLDTYLANPE,90.0,59.336,44136.73
HLA-B*51:03,QWLDTYLANPEC,79.167,58.864,44080.44
HLA-B*51:03,WLDTYLANPECP,91.667,57.088,43869.16
HLA-B*51:03,LDTYLANPECPN,100.0,77.741,45975.83
HLA-B*51:03,DTYLANPECPNY,26.083,19.98,36477.75
HLA-B*51:03,TYLANPECPNYV,49.714,24.951,38087.41
HLA-B*51:03,YLANPECPNYVN,83.75,37.073,40910.71
HLA-B*51:03,LANPECPNYVNR,59.25,49.067,42851.17
HLA-B*51:03,ANPECPNYVNRL,27.648,30.874,39614.38
HLA-B*51:03,NPECPNYVNRLG,30.73,23.459,37635.57
HLA-B*51:03,PECPNYVNRLGK,93.333,70.819,45335.61
HLA-B*51:03,ECPNYVNRLGKV,51.481,17.551,35541.93
HLA-B*51:03,CPNYVNRLGKVP,49.143,11.334,32321.99
HLA-B*51:03,PNYVNRLGKVPQ,100.0,93.367,47496.25
HLA-B*51:03,NYVNRLGKVPQN,95.0,91.619,47300.35
HLA-B*51:03,YVNRLGKVPQNI,29.545,22.3,37269.65
HLA-B*51:03,VNRLGKVPQNIN,90.0,80.433,46218.71
HLA-B*51:03,NRLGKVPQNINY,63.214,74.389,45672.39
HLA-B*51:03,RLGKVPQNINYV,54.815,47.517,42627.36
HLA-B*51:03,LGKVPQNINYVI,10.195,1.282,15948.38
HLA-B*51:03,GKVPQNINYVIE,77.5,49.253,42876.69
HLA-B*51:03,KVPQNINYVIEL,17.249,17.335,35452.06
HLA-B*51:03,VPQNINYVIELY,11.867,10.209,31529.61
HLA-B*51:03,PQNINYVIELYN,100.0,86.789,46809.56
HLA-B*51:03,QNINYVIELYNK,90.0,79.623,46145.27
HLA-B*51:03,NINYVIELYNKE,91.667,83.193,46471.45
HLA-B*51:03,INYVIELYNKEM,53.704,36.052,40712.89
HLA-B*51:03,NYVIELYNKEMN,97.5,78.455,46040.04
HLA-B*51:03,YVIELYNKEMNL,28.98,19.477,36289.57
HLA-B*51:03,VIELYNKEMNLL,64.286,47.536,42630.11
HLA-B*51:03,IELYNKEMNLLI,33.286,8.619,30265.13
HLA-B*51:03,ELYNKEMNLLIA,44.727,25.758,38313.91
HLA-B*51:03,LYNKEMNLLIAT,88.333,46.718,42508.99
HLA-B*51:03,YNKEMNLLIATS,86.667,56.156,43758.71
HLA-B*51:03,NKEMNLLIATSL,40.0,28.475,39039.1
HLA-B*51:03,KEMNLLIATSLP,75.0,39.987,41442.2
HLA-B*51:03,EMNLLIATSLPA,67.273,23.838,37755.49
HLA-B*51:03,MNLLIATSLPAS,90.0,42.951,41932.95
HLA-B*51:03,NLLIATSLPASK,62.5,62.43,44481.44
HLA-B*51:03,LLIATSLPASKT,90.0,60.8,44303.25
HLA-B*51:03,LIATSLPASKTI,19.128,8.806,30427.97
HLA-B*51:03,IATSLPASKTIG,37.632,28.253,38983.8
HLA-B*51:03,ATSLPASKTIGV,20.041,19.346,36240.52
HLA-B*51:03,TSLPASKTIGVY,30.135,25.705,38298.98
HLA-B*51:03,SLPASKTIGVYP,59.5,32.49,39979.08
HLA-B*51:03,LPASKTIGVYPL,12.264,3.598,23513.91
HLA-B*51:03,PASKTIGVYPLE,93.333,78.516,46045.53
HLA-B*51:03,ASKTIGVYPLES,90.0,82.881,46442.8
HLA-B*51:03,SKTIGVYPLEST,90.0,79.917,46171.73
HLA-B*51:03,KTIGVYPLESTL,23.977,22.749,37411.46
HLA-B*51:03,TIGVYPLESTLA,58.5,48.977,42838.66
HLA-B*51:03,IGVYPLESTLAA,11.094,5.649,26969.63
HLA-B*51:03,GVYPLESTLAAA,49.286,17.786,35640.52
HLA-B*51:03,VYPLESTLAAAI,13.128,1.706,18003.0
HLA-B*51:03,YPLESTLAAAIT,11.455,2.259,20059.53
HLA-B*51:03,PLESTLAAAITP,95.0,60.36,44255.33
HLA-B*51:03,LESTLAAAITPK,76.667,52.947,43357.18
HLA-B*51:03,ESTLAAAITPKI,6.804,4.019,24346.77
HLA-B*51:03,STLAAAITPKIL,31.412,24.728,38021.54
HLA-B*51:03,TLAAAITPKILK,52.593,46.436,42467.61
HLA-B*51:03,LAAAITPKILKE,50.0,39.465,41351.3
HLA-B*51:03,AAAITPKILKER,75.833,90.499,47175.11
HLA-B*51:03,AAITPKILKERM,30.135,42.436,41847.28
HLA-B*51:03,AITPKILKERMA,65.0,63.392,44586.96
HLA-B*51:03,ITPKILKERMAN,86.667,68.051,45065.19
HLA-B*51:03,TPKILKERMANM,22.31,18.123,35776.89
HLA-B*51:03,PKILKERMANMP,97.5,93.262,47484.43
HLA-B*51:03,KILKERMANMPE,95.0,85.595,46694.72
HLA-B*51:03,ILKERMANMPEN,97.5,74.744,45706.01
HLA-B*51:03,LKERMANMPENY,80.0,64.227,44678.72
HLA-B*51:03,KERMANMPENYK,75.833,65.492,44812.33
HLA-B*51:03,ERMANMPENYKR,62.857,70.418,45297.89
HLA-B*51:03,RMANMPENYKRH,90.0,81.681,46332.86
HLA-B*51:03,MANMPENYKRHI,13.807,3.35,22961.56
HLA-B*51:03,ANMPENYKRHIG,83.75,67.165,44977.5
HLA-B*51:03,NMPENYKRHIGV,28.714,6.867,28516.94
HLA-B*51:03,MPENYKRHIGVN,26.317,9.299,30849.31
HLA-B*51:03,PENYKRHIGVNK,95.0,92.068,47350.52
HLA-B*51:03,ENYKRHIGVNKE,82.5,85.384,46674.52
HLA-B*51:03,NYKRHIGVNKET,90.0,85.542,46689.66
HLA-B*51:03,YKRHIGVNKETR,90.0,90.22,47144.0
HLA-B*51:03,KRHIGVNKETRS,97.5,96.306,48275.48
HLA-B*51:03,RHIGVNKETRSY,57.5,73.09,45549.52
HLA-B*51:03,HIGVNKETRSYR,86.667,91.5,47287.05
HLA-B*51:03,IGVNKETRSYRK,95.0,92.397,47387.43
HLA-B*51:03,GVNKETRSYRKL,74.286,79.845,46165.24
HLA-B*51:03,VNKETRSYRKLG,86.667,87.784,46905.39
HLA-B*51:03,NKETRSYRKLGE,97.5,95.158,47751.82
HLA-B*51:03,KETRSYRKLGEA,79.167,62.254,44462.2
HLA-B*51:03,ETRSYRKLGEAA,55.25,44.853,42229.35
HLA-B*51:03,TRSYRKLGEAAK,93.333,84.518,46593.29
HLA-B*51:03,RSYRKLGEAAKA,63.214,48.341,42747.91
HLA-B*51:03,SYRKLGEAAKAG,97.5,89.832,47103.21
HLA-B*51:03,YRKLGEAAKAGD,97.5,95.425,47872.88
HLA-B*51:03,RKLGEAAKAGDE,97.5,96.912,48554.15
HLA-B*51:03,KLGEAAKAGDEV,57.5,55.32,43659.88
HLA-B*51:03,LGEAAKAGDEVI,39.412,28.508,39047.56
HLA-B*51:03,GEAAKAGDEVIV,55.0,49.734,42943.07
HLA-B*51:03,EAAKAGDEVIVD,67.273,57.244,43887.7
HLA-B*51:03,AAKAGDEVIVDI,27.0,30.582,39545.87
HLA-B*51:03,AKAGDEVIVDIV,57.75,63.159,44561.4
HLA-B*51:03,KAGDEVIVDIVN,86.667,72.359,45480.57
HLA-B*51:03,AGDEVIVDIVNR,73.571,86.526,46784.24
HLA-B*51:03,GDEVIVDIVNRA,70.714,68.233,45083.21
HLA-B*51:03,DEVIVDIVNRAA,38.889,32.534,39988.59
HLA-B*51:03,EVIVDIVNRAAE,79.167,74.943,45724.79
HLA-B*51:03,VIVDIVNRAAEK,79.167,82.552,46412.65
HLA-B*51:03,IVDIVNRAAEKE,95.0,94.154,47584.71
HLA-B*51:03,VDIVNRAAEKEV,63.571,46.69,42504.85
HLA-B*51:03,DIVNRAAEKEVL,35.042,37.623,41014.87
HLA-B*51:03,IVNRAAEKEVLQ,80.0,84.441,46586.22
HLA-B*51:03,VNRAAEKEVLQR,76.667,93.184,47475.7
HLA-B*51:03,NRAAEKEVLQRY,36.524,64.974,44760.97
HLA-B*51:03,RAAEKEVLQRYS,67.273,72.349,45479.57
HLA-B*51:03,AAEKEVLQRYSV,35.792,29.115,39197.83
HLA-B*51:03,AEKEVLQRYSVP,56.75,59.244,44125.75
HLA-B*51:03,EKEVLQRYSVPR,86.667,75.454,45770.84
HLA-B*51:03,KEVLQRYSVPRY,59.5,57.964,43973.26
HLA-B*51:03,EVLQRYSVPRYQ,69.091,66.865,44947.81
HLA-B*51:03,VLQRYSVPRYQL,61.071,43.062,41950.64
HLA-B*51:03,LQRYSVPRYQLI,19.527,6.745,28369.22
HLA-B*51:03,QRYSVPRYQLID,62.5,37.101,40916.01
HLA-B*51:03,RYSVPRYQLIDK,82.5,57.704,43942.33
HLA-B*51:03,YSVPRYQLIDKL,16.293,9.911,31315.09
HLA-B*51:03,SVPRYQLIDKLD,74.286,52.775,43335.15
HLA-B*51:03,VPRYQLIDKLDN,40.375,40.093,41460.14
HLA-B*51:03,PRYQLIDKLDNT,97.5,89.326,47054.3
HLA-B*51:03,RYQLIDKLDNTL,52.407,47.288,42593.23
HLA-B*51:03,YQLIDKLDNTLI,39.941,17.686,35598.5
HLA-B*51:03,QLIDKLDNTLIL,39.176,38.673,41210.14
HLA-B*51:03,LIDKLDNTLILI,45.4,22.347,37284.57
HLA-B*51:03,IDKLDNTLILIT,75.833,57.168,43878.67
HLA-B*51:03,DKLDNTLILITA,35.75,28.732,39103.35
HLA-B*51:03,KLDNTLILITAL,55.75,42.093,41790.27
HLA-B*51:03,LDNTLILITALH,81.25,62.342,44471.83
HLA-B*51:03,DNTLILITALHV,12.523,6.858,28505.52
HLA-B*51:03,NTLILITALHVI,26.45,8.845,30462.24
HLA-B*51:03,TLILITALHVIP,90.0,56.744,43828.38
HLA-B*51:03,LILITALHVIPD,97.5,60.268,44245.29
HLA-B*51:03,ILITALHVIPDY,53.148,43.012,41942.93
HLA-B*51:03,LITALHVIPDYA,86.667,44.399,42157.21
HLA-B*51:03,ITALHVIPDYAK,85.0,58.144,43994.67
HLA-B*51:03,TALHVIPDYAKA,30.649,22.699,37395.68
HLA-B*51:03,ALHVIPDYAKAA,73.571,59.712,44181.64
HLA-B*51:03,LHVIPDYAKAAQ,81.25,70.094,45267.48
HLA-B*51:03,HVIPDYAKAAQK,57.25,64.701,44730.96
HLA-B*51:03,VIPDYAKAAQKV,27.907,18.298,35843.55
HLA-B*51:03,IPDYAKAAQKVK,27.963,24.366,37914.73
HLA-B*51:03,PDYAKAAQKVKD,97.5,94.73,47649.62
HLA-B*51:03,DYAKAAQKVKDG,85.0,85.137,46650.8
HLA-B*51:03,YAKAAQKVKDGI,21.053,13.666,33723.46
HLA-B*51:03,AKAAQKVKDGIA,79.167,88.2,46945.48
HLA-B*51:03,KAAQKVKDGIAW,30.757,51.543,43176.95
HLA-B*51:03,AAQKVKDGIAWE,61.429,76.777,45889.33
HLA-B*51:03,AQKVKDGIAWEG,93.333,82.256,46385.54
HLA-B*51:03,QKVKDGIAWEGL,65.455,73.8,45616.57
HLA-B*51:03,KVKDGIAWEGLG,82.5,82.322,46391.55
HLA-B*51:03,VKDGIAWEGLGE,93.333,89.432,47064.5
HLA-B*51:03,KDGIAWEGLGEG,93.333,75.792,45801.05
HLA-B*51:03,DGIAWEGLGEGG,97.5,70.877,45341.02
HLA-B*51:03,GIAWEGLGEGGL,54.63,47.328,42599.22
HLA-B*51:03,IAWEGLGEGGLT,46.778,35.967,40696.14
HLA-B*51:03,AWEGLGEGGLTT,88.333,85.253,46661.91
HLA-B*51:03,WEGLGEGGLTTV,46.222,32.756,40037.11
HLA-B*51:03,EGLGEGGLTTVH,62.5,65.837,44846.3
HLA-B*51:03,GLGEGGLTTVHE,97.5,95.738,48015.54
HLA-B*51:03,LGEGGLTTVHEC,72.143,80.712,46244.23
HLA-B*51:03,GEGGLTTVHECV,72.857,58.268,44009.43
HLA-B*51:03,EGGLTTVHECVL,44.818,45.315,42300.22
HLA-B*51:03,GGLTTVHECVLP,86.667,76.002,45819.9
HLA-B*51:03,GLTTVHECVLPN,100.0,86.963,46826.26
HLA-B*51:03,LTTVHECVLPND,100.0,76.55,45869.01
HLA-B*51:03,TTVHECVLPNDS,97.5,85.026,46640.18
HLA-B*51:03,TVHECVLPNDSG,95.0,73.507,45588.96
HLA-B*51:03,VHECVLPNDSGM,52.407,42.161,41801.59
HLA-B*51:03,HECVLPNDSGMT,71.429,77.243,45931.08
HLA-B*51:03,ECVLPNDSGMTS,30.135,43.268,41981.98
HLA-B*51:03,CVLPNDSGMTSK,74.286,58.388,44023.71
HLA-B*51:03,VLPNDSGMTSKH,53.148,74.525,45685.23
HLA-B*51:03,LPNDSGMTSKHV,1.78,1.276,15918.03
HLA-B*51:03,PNDSGMTSKHVG,97.5,94.195,47589.34
HLA-B*51:03,NDSGMTSKHVGG,95.0,88.453,46969.86
HLA-B*51:03,DSGMTSKHVGGG,97.5,82.563,46413.67
HLA-B*51:03,SGMTSKHVGGGK,73.571,83.434,46493.57
HLA-B*51:03,GMTSKHVGGGKI,70.714,46.621,42494.73
HLA-B*51:03,MTSKHVGGGKIM,50.0,33.042,40099.1
HLA-B*51:03,TSKHVGGGKIML,42.923,52.863,43346.39
HLA-B*51:03,SKHVGGGKIMLK,79.167,82.974,46451.34
HLA-B*51:03,KHVGGGKIMLKN,88.333,89.037,47026.33
HLA-B*51:03,HVGGGKIMLKNK,91.667,93.527,47514.24
HLA-B*51:03,VGGGKIMLKNKS,97.5,93.047,47460.28
HLA-B*51:03,GGGKIMLKNKSL,62.143,76.069,45825.84
HLA-B*51:03,GGKIMLKNKSLT,97.5,94.424,47615.1
HLA-B*51:03,GKIMLKNKSLTE,97.5,94.785,47655.83
HLA-B*51:03,KIMLKNKSLTED,97.5,94.529,47626.95
HLA-B*51:03,IMLKNKSLTEDG,100.0,83.363,46487.04
HLA-B*51:03,MLKNKSLTEDGR,74.286,79.435,46128.3
HLA-B*51:03,LKNKSLTEDGRQ,97.5,96.57,48396.8
HLA-B*51:03,KNKSLTEDGRQG,97.5,96.567,48395.25
HLA-B*51:03,NKSLTEDGRQGV,48.75,69.911,45249.86
HLA-B*51:03,KSLTEDGRQGVL,58.25,54.734,43587.66
HLA-B*51:03,SLTEDGRQGVLP,74.286,69.779,45236.64
HLA-B*51:03,LTEDGRQGVLPI,48.0,16.25,34976.95
HLA-B*51:03,TEDGRQGVLPIN,70.714,46.947,42542.58
HLA-B*51:03,EDGRQGVLPINR,91.667,79.214,46108.32
HLA-B*51:03,DGRQGVLPINRY,27.407,40.806,41580.55
HLA-B*51:03,GRQGVLPINRYG,95.0,85.5,46685.62
HLA-B*51:03,RQGVLPINRYGR,93.333,87.916,46918.06
HLA-B*51:03,QGVLPINRYGRV,22.32,12.727,33196.35
HLA-B*51:03,GVLPINRYGRVM,45.8,24.426,37932.36
HLA-B*51:03,VLPINRYGRVMD,82.5,46.903,42536.14
HLA-B*51:03,LPINRYGRVMDY,19.318,7.517,29245.61
HLA-B*51:03,PINRYGRVMDYG,100.0,87.411,46869.34
HLA-B*51:03,INRYGRVMDYGL,73.571,51.659,43191.91
HLA-B*51:03,NRYGRVMDYGLR,79.167,65.556,44818.66
HLA-B*51:03,RYGRVMDYGLRR,74.286,74.144,45649.15
HLA-B*51:03,YGRVMDYGLRRI,47.0,19.314,36228.77
HLA-B*51:03,GRVMDYGLRRIM,72.143,48.497,42770.11
HLA-B*51:03,RVMDYGLRRIMT,80.0,52.586,43310.76
HLA-B*51:03,VMDYGLRRIMTD,93.333,56.444,43792.81
HLA-B*51:03,MDYGLRRIMTDG,95.0,57.784,43951.85
HLA-B*51:03,DYGLRRIMTDGS,97.5,80.953,46266.25
HLA-B*51:03,YGLRRIMTDGST,86.667,58.116,43991.32
HLA-B*51:03,GLRRIMTDGSTK,88.333,87.158,46845.02
HLA-B*51:03,LRRIMTDGSTKM,59.5,55.732,43708.56
HLA-B*51:03,RRIMTDGSTKMF,46.444,54.128,43509.45
HLA-B*51:03,RIMTDGSTKMFI,48.125,17.825,35656.7
HLA-B*51:03,IMTDGSTKMFIP,83.75,51.291,43144.72
HLA-B*51:03,MTDGSTKMFIPT,77.5,30.153,39445.43
HLA-B*51:03,TDGSTKMFIPTS,82.5,63.207,44566.72
HLA-B*51:03,DGSTKMFIPTSS,67.273,47.353,42602.93
HLA-B*51:03,GSTKMFIPTSSN,97.5,81.922,46354.95
HLA-B*51:03,STKMFIPTSSNR,64.643,69.931,45251.84
HLA-B*51:03,TKMFIPTSSNRS,91.667,77.99,45998.22
HLA-B*51:03,KMFIPTSSNRST,72.143,62.562,44495.87
HLA-B*51:03,MFIPTSSNRSTA,50.185,28.573,39063.6
HLA-B*51:03,FIPTSSNRSTAF,37.211,25.926,38361.2
HLA-B*51:03,IPTSSNRSTAFI,5.176,0.969,14170.34
HLA-B*51:03,PTSSNRSTAFIG,100.0,76.639,45876.93
HLA-B*51:03,TSSNRSTAFIGQ,93.333,70.934,45346.43
HLA-B*51:03,SSNRSTAFIGQE,95.0,76.113,45829.8
HLA-B*51:03,SNRSTAFIGQEG,95.0,71.2,45371.45
HLA-B*51:03,NRSTAFIGQEGV,26.933,14.089,33950.45
HLA-B*51:03,RSTAFIGQEGVA,81.25,46.197,42432.71
HLA-B*51:03,STAFIGQEGVAP,75.833,56.288,43774.34
HLA-B*51:03,TAFIGQEGVAPL,13.0,7.115,28804.09
HLA-B*51:03,AFIGQEGVAPLY,62.143,55.004,43622.59
HLA-B*51:03,FIGQEGVAPLYP,81.25,49.155,42863.22
HLA-B*51:03,IGQEGVAPLYPK,80.0,68.578,45117.39
HLA-B*51:03,GQEGVAPLYPKL,41.417,47.653,42647.66
HLA-B*51:03,QEGVAPLYPKLK,62.143,63.84,44636.21
HLA-B*51:03,EGVAPLYPKLKY,15.425,27.891,38891.14
HLA-B*51:03,GVAPLYPKLKYT,70.714,69.208,45179.9
HLA-B*51:03,VAPLYPKLKYTM,22.24,17.336,35452.45
HLA-B*51:03,APLYPKLKYTMA,25.582,19.381,36253.47
HLA-B*51:03,PLYPKLKYTMAP,75.833,36.316,40764.01
HLA-B*51:03,LYPKLKYTMAPS,90.0,46.696,42505.78
HLA-B*51:03,YPKLKYTMAPSK,30.27,16.488,35083.06
HLA-B*51:03,PKLKYTMAPSKL,79.167,57.092,43869.64
HLA-B*51:03,KLKYTMAPSKLG,93.333,62.021,44436.71
HLA-B*51:03,LKYTMAPSKLGH,74.286,59.784,44190.25
HLA-B*51:03,KYTMAPSKLGHA,81.25,48.903,42827.99
HLA-B*51:03,YTMAPSKLGHAL,5.154,5.591,26891.25
HLA-B*51:03,TMAPSKLGHALI,24.506,8.267,29951.43
HLA-B*51:03,MAPSKLGHALIK,38.278,15.76,34752.11
HLA-B*51:03,APSKLGHALIKA,26.85,23.934,37786.14
HLA-B*51:03,PSKLGHALIKAY,83.75,75.753,45797.59
HLA-B*51:03,SKLGHALIKAYM,61.071,46.091,42417.11
HLA-B*51:03,KLGHALIKAYMR,93.333,75.421,45767.86
HLA-B*51:03,LGHALIKAYMRL,41.667,26.504,38515.49
HLA-B*51:03,GHALIKAYMRLS,91.667,68.73,45132.52
HLA-B*51:03,HALIKAYMRLSG,78.333,45.652,42351.07
HLA-B*51:03,ALIKAYMRLSGA,63.929,39.262,41315.95
HLA-B*51:03,LIKAYMRLSGAQ,93.333,66.639,44925.47
HLA-B*51:03,IKAYMRLSGAQR,93.333,73.288,45568.24
HLA-B*51:03,KAYMRLSGAQRQ,86.667,67.972,45057.37
HLA-B*51:03,AYMRLSGAQRQI,58.5,29.602,39314.21
HLA-B*51:03,YMRLSGAQRQIY,65.455,33.895,40275.18
HLA-B*51:03,MRLSGAQRQIYK,75.0,52.451,43293.42
HLA-B*51:03,RLSGAQRQIYKF,56.75,49.71,42939.81
HLA-B*51:03,LSGAQRQIYKFE,86.667,66.225,44884.64
HLA-B*51:03,SGAQRQIYKFES,86.667,78.472,46041.52
HLA-B*51:03,GAQRQIYKFESG,95.0,83.543,46503.64
HLA-B*51:03,AQRQIYKFESGA,68.182,64.881,44750.81
HLA-B*51:03,QRQIYKFESGAQ,95.0,88.432,46967.83
HLA-B*51:03,RQIYKFESGAQC,59.25,64.354,44692.75
HLA-B*51:03,QIYKFESGAQCV,38.167,23.657,37698.34
HLA-B*51:03,IYKFESGAQCVP,85.0,61.639,44394.89
HLA-B*51:03,YKFESGAQCVPH,66.364,53.352,43409.27
HLA-B*51:03,KFESGAQCVPHM,65.0,48.058,42707.68
HLA-B*51:03,FESGAQCVPHMV,22.68,4.441,25153.29
HLA-B*51:03,ESGAQCVPHMVR,63.571,38.194,41121.95
HLA-B*51:03,SGAQCVPHMVRF,52.222,41.419,41680.99
HLA-B*51:03,GAQCVPHMVRFL,49.286,35.653,40633.67
HLA-B*51:03,AQCVPHMVRFLM,33.607,11.283,32288.09
HLA-B*51:03,QCVPHMVRFLMG,63.929,25.715,38301.9
HLA-B*51:03,CVPHMVRFLMGI,49.429,5.795,27164.39
HLA-B*51:03,VPHMVRFLMGID,52.222,7.557,29284.57
HLA-B*51:03,PHMVRFLMGIDR,97.5,68.248,45084.7
HLA-B*51:03,HMVRFLMGIDRL,61.071,35.486,40600.27
HLA-B*51:03,MVRFLMGIDRLT,81.25,39.715,41394.71
HLA-B*51:03,VRFLMGIDRLTM,63.214,29.188,39215.23
HLA-B*51:03,RFLMGIDRLTMR,80.0,64.328,44689.84
HLA-B*51:03,FLMGIDRLTMRQ,86.667,51.076,43117.18
HLA-B*51:03,LMGIDRLTMRQV,58.75,28.231,38978.32
HLA-B*51:03,MGIDRLTMRQVN,59.25,44.5,42173.18
HLA-B*51:03,GIDRLTMRQVNT,97.5,89.858,47105.76
HLA-B*51:03,IDRLTMRQVNTM,45.4,25.798,38325.1
HLA-B*51:03,DRLTMRQVNTMT,65.909,49.3,42883.19
HLA-B*51:03,RLTMRQVNTMTL,60.0,27.58,38805.8
HLA-B*51:03,LTMRQVNTMTLL,38.889,15.084,34435.46
HLA-B*51:03,TMRQVNTMTLLL,44.545,19.388,36256.21
HLA-B*51:03,MRQVNTMTLLLV,53.333,11.499,32431.3
HLA-B*51:03,RQVNTMTLLLVR,80.0,51.988,43233.99
HLA-B*51:03,QVNTMTLLLVRH,85.0,68.696,45129.09
HLA-B*51:03,VNTMTLLLVRHH,83.75,74.963,45726.79
HLA-B*51:03,NTMTLLLVRHHK,67.273,52.487,43298.11
HLA-B*51:03,TMTLLLVRHHKV,44.0,22.576,37356.85
HLA-B*51:03,MTLLLVRHHKVG,65.0,33.501,40193.78
HLA-B*51:03,TLLLVRHHKVGS,95.0,83.445,46494.59
HLA-B*51:03,LLLVRHHKVGSD,95.0,84.173,46561.54
HLA-B*51:03,LLVRHHKVGSDG,100.0,87.732,46900.3
HLA-B*51:03,LVRHHKVGSDGG,100.0,91.866,47327.99
HLA-B*51:03,VRHHKVGSDGGS,97.5,95.955,48114.86
HLA-B*51:03,RHHKVGSDGGSQ,95.0,95.791,48039.95
HLA-B*51:03,HHKVGSDGGSQG,78.333,93.628,47525.55
HLA-B*51:03,HKVGSDGGSQGV,41.75,62.592,44499.25
HLA-B*51:03,KVGSDGGSQGVT,88.333,95.114,47731.68
HLA-B*51:03,VGSDGGSQGVTL,31.294,57.976,43974.68
HLA-B*51:03,GSDGGSQGVTLN,76.667,91.368,47272.2
HLA-B*51:03,SDGGSQGVTLNY,53.519,58.708,44061.82
HLA-B*51:03,DGGSQGVTLNYR,59.0,74.436,45676.84
HLA-B*51:03,GGSQGVTLNYRR,93.333,95.77,48030.09
HLA-B*51:03,GSQGVTLNYRRL,53.889,64.569,44716.45
HLA-B*51:03,SQGVTLNYRRLV,53.148,28.944,39156.3
HLA-B*51:03,QGVTLNYRRLVD,95.0,70.183,45275.84
HLA-B*51:03,GVTLNYRRLVDE,100.0,95.046,47700.7
HLA-B*51:03,VTLNYRRLVDEA,83.75,47.384,42607.52
HLA-B*51:03,TLNYRRLVDEAK,93.333,75.094,45738.65
HLA-B*51:03,LNYRRLVDEAKL,48.25,38.608,41198.11
HLA-B*51:03,NYRRLVDEAKLL,51.667,48.091,42712.31
HLA-B*51:03,YRRLVDEAKLLT,53.704,55.404,43669.79
HLA-B*51:03,RRLVDEAKLLTG,95.0,79.956,46175.24
HLA-B*51:03,RLVDEAKLLTGT,80.0,82.793,46434.75
HLA-B*51:03,LVDEAKLLTGTR,73.571,73.857,45622.02
HLA-B*51:03,VDEAKLLTGTRN,97.5,88.842,47007.5
HLA-B*51:03,DEAKLLTGTRNP,47.375,54.238,43523.56
HLA-B*51:03,EAKLLTGTRNPM,29.636,20.279,36584.85
HLA-B*51:03,AKLLTGTRNPMQ,97.5,89.363,47057.88
HLA-B*51:03,KLLTGTRNPMQI,46.889,37.08,40912.03
HLA-B*51:03,LLTGTRNPMQIT,91.667,67.569,45017.41
HLA-B*51:03,LTGTRNPMQITT,81.25,56.732,43826.94
HLA-B*51:03,TGTRNPMQITTI,22.71,21.455,36994.05
HLA-B*51:03,GTRNPMQITTIS,65.455,42.88,41921.16
HLA-B*51:03,TRNPMQITTISR,57.75,49.549,42917.52
HLA-B*51:03,RNPMQITTISRP,59.75,33.269,40145.98
HLA-B*51:03,NPMQITTISRPT,30.081,10.255,31562.04
HLA-B*51:03,PMQITTISRPTS,97.5,77.641,45966.88
HLA-B*51:03,MQITTISRPTSE,65.909,63.533,44602.4
HLA-B*51:03,QITTISRPTSEK,85.0,91.386,47274.24
HLA-B*51:03,ITTISRPTSEKN,97.5,88.958,47018.69
HLA-B*51:03,TTISRPTSEKNF,34.423,43.658,42041.53
HLA-B*51:03,TISRPTSEKNFF,17.145,28.119,38950.5
HLA-B*51:03,ISRPTSEKNFFF,39.882,21.303,36943.64
HLA-B*51:03,SRPTSEKNFFFA,64.286,37.459,40983.8
HLA-B*51:03,RPTSEKNFFFAN,74.286,35.038,40511.19
HLA-B*51:03,PTSEKNFFFANL,70.0,44.026,42097.96
HLA-B*51:03,TSEKNFFFANLV,34.0,6.532,28115.59
HLA-B*51:03,SEKNFFFANLVD,69.545,32.175,39910.38
HLA-B*51:03,EKNFFFANLVDL,57.0,32.911,40070.89
HLA-B*51:03,KNFFFANLVDLE,95.0,60.558,44276.89
HLA-B*51:03,NFFFANLVDLED,95.0,54.209,43519.8
HLA-B*51:03,FFFANLVDLEDL,79.167,37.007,40898.31
HLA-B*51:03,FFANLVDLEDLV,57.25,21.107,36878.95
HLA-B*51:03,FANLVDLEDLVF,28.469,10.993,32096.86
HLA-B*51:03,ANLVDLEDLVFQ,90.0,84.184,46562.55
HLA-B*51:03,NLVDLEDLVFQY,56.5,55.132,43637.67
HLA-B*51:03,LVDLEDLVFQYE,91.667,76.262,45843.19
HLA-B*51:03,VDLEDLVFQYEG,90.0,75.819,45803.53
HLA-B*51:03,DLEDLVFQYEGM,49.571,40.08,41457.89
HLA-B*51:03,LEDLVFQYEGMI,27.074,10.858,31998.05
HLA-B*51:03,EDLVFQYEGMIY,53.889,38.939,41259.21
HLA-B*51:03,DLVFQYEGMIYP,15.347,25.585,38265.43
HLA-B*51:03,LVFQYEGMIYPG,93.333,43.054,41949.29
HLA-B*51:03,VFQYEGMIYPGD,97.5,76.822,45893.33
HLA-B*51:03,FQYEGMIYPGDP,46.667,41.679,41722.95
HLA-B*51:03,QYEGMIYPGDPA,88.333,41.634,41715.73
HLA-B*51:03,YEGMIYPGDPAP,34.615,36.443,40788.73
HLA-B*51:03,EGMIYPGDPAPS,81.25,53.497,43428.09
HLA-B*51:03,GMIYPGDPAPST,46.778,54.584,43568.32
HLA-B*51:03,MIYPGDPAPSTF,8.148,5.205,26342.94
HLA-B*51:03,IYPGDPAPSTFG,35.375,32.369,39952.71
HLA-B*51:03,YPGDPAPSTFGQ,14.395,21.228,36918.88
HLA-B*51:03,PGDPAPSTFGQE,81.25,86.379,46770.06
HLA-B*51:03,GDPAPSTFGQEA,27.741,24.305,37896.69
HLA-B*51:03,DPAPSTFGQEAG,28.592,24.403,37925.39
HLA-B*51:03,PAPSTFGQEAGV,39.294,27.885,38889.43
HLA-B*51:03,APSTFGQEAGVI,8.456,6.443,28004.18
HLA-B*51:03,PSTFGQEAGVIK,91.667,79.856,46166.25
HLA-B*51:03,STFGQEAGVIKA,40.25,36.777,40853.65
HLA-B*51:03,TFGQEAGVIKAK,63.929,77.935,45993.24
HLA-B*51:03,FGQEAGVIKAKT,73.571,66.442,44906.0
HLA-B*51:03,GQEAGVIKAKTY,64.286,74.144,45649.15
HLA-B*51:03,QEAGVIKAKTYT,52.407,72.594,45502.72
HLA-B*51:03,EAGVIKAKTYTA,31.971,23.597,37679.16
HLA-B*51:03,AGVIKAKTYTAT,91.667,88.842,47007.5
HLA-B*51:03,GVIKAKTYTATK,77.5,86.142,46747.3
HLA-B*51:03,VIKAKTYTATKN,97.5,91.784,47318.77
HLA-B*51:03,IKAKTYTATKNA,75.0,51.247,43139.13
HLA-B*51:03,KAKTYTATKNAE,91.667,88.158,46941.43
HLA-B*51:03,AKTYTATKNAEY,75.0,77.713,45973.34
HLA-B*51:03,KTYTATKNAEYQ,91.667,85.363,46672.5
HLA-B*51:03,TYTATKNAEYQG,95.0,84.376,46580.18
HLA-B*51:03,YTATKNAEYQGL,51.481,45.706,42359.32
HLA-B*51:03,TATKNAEYQGLL,35.583,23.47,37639.23
HLA-B*51:03,ATKNAEYQGLLK,88.333,78.654,46057.98
HLA-B*51:03,TKNAEYQGLLKL,21.395,24.351,37910.2
HLA-B*51:03,KNAEYQGLLKLS,67.273,65.025,44766.31
HLA-B*51:03,NAEYQGLLKLSG,47.25,41.5,41694.08
HLA-B*51:03,AEYQGLLKLSGL,23.034,32.754,40036.67
HLA-B*51:03,EYQGLLKLSGLL,44.455,31.175,39683.88
HLA-B*51:03,YQGLLKLSGLLD,90.0,49.754,42945.84
HLA-B*51:03,QGLLKLSGLLDY,81.25,65.212,44784.71
HLA-B*51:03,GLLKLSGLLDYP,97.5,76.65,45877.94
HLA-B*51:03,LLKLSGLLDYPR,93.333,70.569,45312.09
HLA-B*51:03,LKLSGLLDYPRA,80.0,54.165,43514.16
HLA-B*51:03,KLSGLLDYPRAE,97.5,89.226,47044.65
HLA-B*51:03,LSGLLDYPRAEA,80.0,44.842,42227.53
HLA-B*51:03,SGLLDYPRAEAL,28.122,28.061,38936.19
HLA-B*51:03,GLLDYPRAEALE,71.429,80.947,46265.74
HLA-B*51:03,LLDYPRAEALEV,9.2,3.916,24144.01
HLA-B*51:03,LDYPRAEALEVD,47.625,28.092,38943.77
HLA-B*51:03,DYPRAEALEVDH,51.481,39.959,41437.28
HLA-B*51:03,YPRAEALEVDHV,4.693,1.277,15923.37
HLA-B*51:03,PRAEALEVDHVV,33.107,26.932,38629.42
HLA-B*51:03,RAEALEVDHVVD,69.545,55.956,43735.07
HLA-B*51:03,AEALEVDHVVDL,28.163,34.795,40461.27
HLA-B*51:03,EALEVDHVVDLE,34.308,33.472,40187.69
HLA-B*51:03,ALEVDHVVDLER,85.0,86.979,46827.8
HLA-B*51:03,LEVDHVVDLERR,67.727,82.207,46381.03
HLA-B*51:03,EVDHVVDLERRP,63.214,72.672,45510.09
HLA-B*51:03,VDHVVDLERRPG,95.0,79.025,46091.38
HLA-B*51:03,DHVVDLERRPGA,40.812,49.879,42963.05
HLA-B*51:03,HVVDLERRPGAP,75.833,77.182,45925.6
HLA-B*51:03,VVDLERRPGAPG,95.0,71.31,45381.75
HLA-B*51:03,VDLERRPGAPGP,86.667,77.309,45937.04
HLA-B*51:03,DLERRPGAPGPK,90.0,82.289,46388.57
HLA-B*51:03,LERRPGAPGPKG,70.0,50.237,43010.04
HLA-B*51:03,ERRPGAPGPKGE,86.667,95.367,47846.48
HLA-B*51:03,RRPGAPGPKGEI,30.892,37.628,41015.74
HLA-B*51:03,RPGAPGPKGEIS,44.909,44.052,42102.06
HLA-B*51:03,PGAPGPKGEISP,82.5,94.552,47629.53
HLA-B*51:03,GAPGPKGEISPG,85.0,81.183,46287.29
HLA-B*51:03,APGPKGEISPGL,13.027,31.058,39657.27
HLA-B*51:03,PGPKGEISPGLE,91.667,94.245,47595.02
HLA-B*51:03,GPKGEISPGLES,44.727,56.516,43801.34
HLA-B*51:03,PKGEISPGLESS,97.5,96.16,48208.66
HLA-B*51:03,KGEISPGLESSP,86.667,86.479,46779.69
HLA-B*51:03,GEISPGLESSPN,91.667,84.556,46596.8
HLA-B*51:03,EISPGLESSPNN,95.0,89.568,47077.73
HLA-B*51:03,ISPGLESSPNNG,95.0,82.158,46376.51
HLA-B*51:03,SPGLESSPNNGL,10.135,26.231,38443.05
HLA-B*51:03,PGLESSPNNGLS,93.333,93.984,47565.68
HLA-B*51:03,GLESSPNNGLSV,54.074,40.556,41538.29
HLA-B*51:03,LESSPNNGLSVL,13.24,9.693,31158.27
HLA-B*51:03,ESSPNNGLSVLK,29.182,38.666,41208.82
HLA-B*51:03,SSPNNGLSVLKS,62.857,57.744,43947.09
HLA-B*51:03,SPNNGLSVLKSC,22.98,27.293,38727.35
HLA-B*51:03,PNNGLSVLKSCF,88.333,66.201,44882.2
HLA-B*51:03,NNGLSVLKSCFA,85.0,41.553,41702.63
HLA-B*51:03,NGLSVLKSCFAP,79.167,48.503,42771.02
HLA-B*51:03,GLSVLKSCFAPF,93.333,38.831,41239.12
HLA-B*51:03,LSVLKSCFAPFI,39.882,5.283,26455.76
HLA-B*51:03,SVLKSCFAPFIV,56.25,16.979,35303.14
HLA-B*51:03,VLKSCFAPFIVL,40.375,28.992,39168.14
HLA-B*51:03,LKSCFAPFIVLA,68.636,36.03,40708.48
HLA-B*51:03,KSCFAPFIVLAL,38.444,26.352,38475.1
HLA-B*51:03,SCFAPFIVLALK,41.917,25.025,38108.86
HLA-B*51:03,CFAPFIVLALKW,59.25,22.036,37186.67
HLA-B*51:03,FAPFIVLALKWI,20.528,6.421,27976.0
HLA-B*51:03,APFIVLALKWIQ,49.857,21.561,37029.3
HLA-B*51:03,PFIVLALKWIQQ,97.5,94.071,47575.44
HLA-B*51:03,FIVLALKWIQQG,81.25,48.899,42827.52
HLA-B*51:03,IVLALKWIQQGG,95.0,74.88,45718.86
HLA-B*51:03,VLALKWIQQGGS,97.5,82.985,46452.33
HLA-B*51:03,LALKWIQQGGSP,59.25,36.066,40715.54
HLA-B*51:03,ALKWIQQGGSPR,91.667,88.663,46990.19
HLA-B*51:03,LKWIQQGGSPRI,34.462,25.622,38275.8
HLA-B*51:03,KWIQQGGSPRIR,82.5,79.762,46157.74
HLA-B*51:03,WIQQGGSPRIRT,90.0,70.324,45289.06
HLA-B*51:03,IQQGGSPRIRTN,88.333,82.673,46423.7
HLA-B*51:03,QQGGSPRIRTNR,81.25,95.658,47979.17
HLA-B*51:03,QGGSPRIRTNRE,93.333,94.199,47589.86
HLA-B*51:03,GGSPRIRTNREH,82.5,93.44,47504.46
HLA-B*51:03,GSPRIRTNREHG,95.0,90.819,47210.87
HLA-B*51:03,SPRIRTNREHGV,17.067,16.536,35104.33
HLA-B*51:03,PRIRTNREHGVM,93.333,76.595,45872.97
HLA-B*51:03,RIRTNREHGVMK,90.0,84.398,46582.2
HLA-B*51:03,IRTNREHGVMKK,88.333,90.421,47166.44
HLA-B*51:03,RTNREHGVMKKV,56.0,46.298,42447.41
HLA-B*51:03,TNREHGVMKKVA,61.786,61.876,44420.84
HLA-B*51:03,NREHGVMKKVAV,44.364,44.445,42164.53
HLA-B*51:03,REHGVMKKVAVV,43.818,25.303,38186.45
HLA-B*51:03,EHGVMKKVAVVE,72.857,50.686,43067.3
HLA-B*51:03,HGVMKKVAVVEA,69.091,54.854,43603.24
HLA-B*51:03,GVMKKVAVVEAG,95.0,83.823,46529.29
HLA-B*51:03,VMKKVAVVEAGM,59.75,44.394,42156.32
HLA-B*51:03,MKKVAVVEAGMK,82.5,61.995,44433.82
HLA-B*51:03,KKVAVVEAGMKS,95.0,91.276,47261.99
HLA-B*51:03,KVAVVEAGMKSV,59.25,49.707,42939.36
HLA-B*51:03,VAVVEAGMKSVK,63.571,61.292,44356.97
HLA-B*51:03,AVVEAGMKSVKE,88.333,88.221,46947.51
HLA-B*51:03,VVEAGMKSVKEV,29.227,27.963,38910.91
HLA-B*51:03,VEAGMKSVKEVQ,73.571,67.165,44977.5
HLA-B*51:03,EAGMKSVKEVQN,63.929,66.161,44878.32
HLA-B*51:03,AGMKSVKEVQND,93.333,93.385,47498.3
HLA-B*51:03,GMKSVKEVQNDK,91.667,95.827,48056.09
HLA-B*51:03,MKSVKEVQNDKT,97.5,95.132,47739.93
HLA-B*51:03,KSVKEVQNDKTS,93.333,95.166,47755.45
HLA-B*51:03,SVKEVQNDKTSI,23.126,30.099,39432.64
HLA-B*51:03,VKEVQNDKTSIQ,93.333,93.28,47486.48
HLA-B*51:03,KEVQNDKTSIQY,49.571,72.375,45482.04
HLA-B*51:03,EVQNDKTSIQYN,78.333,82.07,46368.5
HLA-B*51:03,VQNDKTSIQYNN,91.667,91.427,47278.84
HLA-B*51:03,QNDKTSIQYNNT,88.333,92.777,47430.02
HLA-B*51:03,NDKTSIQYNNTL,27.963,23.527,37657.15
HLA-B*51:03,DKTSIQYNNTLK,46.111,46.06,42412.52
HLA-B*51:03,KTSIQYNNTLKR,77.5,73.794,45616.07
HLA-B*51:03,TSIQYNNTLKRP,70.0,52.312,43275.64
HLA-B*51:03,SIQYNNTLKRPP,91.667,70.788,45332.69
HLA-B*51:03,IQYNNTLKRPPI,31.618,9.931,31329.66
HLA-B*51:03,QYNNTLKRPPIS,95.0,80.838,46255.75
HLA-B*51:03,YNNTLKRPPISA,38.5,44.793,42219.77
HLA-B*51:03,NNTLKRPPISAS,68.636,76.506,45865.01
HLA-B*51:03,NTLKRPPISASL,9.477,16.483,35080.8
HLA-B*51:03,TLKRPPISASLH,43.0,53.702,43454.4
HLA-B*51:03,LKRPPISASLHA,15.097,5.345,26544.94
HLA-B*51:03,KRPPISASLHAA,63.929,47.895,42683.67
HLA-B*51:03,RPPISASLHAAG,64.286,32.002,39872.82
HLA-B*51:03,PPISASLHAAGP,61.071,45.767,42368.47
HLA-B*51:03,PISASLHAAGPV,82.5,42.18,41804.74
HLA-B*51:03,ISASLHAAGPVS,90.0,49.99,42978.4
HLA-B*51:03,SASLHAAGPVSA,24.325,30.29,39477.45
HLA-B*51:03,ASLHAAGPVSAK,56.5,71.2,45371.45
HLA-B*51:03,SLHAAGPVSAKM,27.093,33.634,40221.19
HLA-B*51:03,LHAAGPVSAKMA,59.5,44.098,42109.34
HLA-B*51:03,HAAGPVSAKMAN,61.071,54.686,43581.54
HLA-B*51:03,AAGPVSAKMANM,34.769,46.103,42418.95
HLA-B*51:03,AGPVSAKMANMI,33.214,22.023,37182.64
HLA-B*51:03,GPVSAKMANMIS,54.074,37.215,40937.73
HLA-B*51:03,PVSAKMANMISF,75.0,36.864,40870.44
HLA-B*51:03,VSAKMANMISFG,90.0,43.955,42087.02
HLA-B*51:03,SAKMANMISFGR,76.667,43.167,41966.52
HLA-B*51:03,AKMANMISFGRT,93.333,58.32,44015.62
HLA-B*51:03,KMANMISFGRTV,27.259,7.921,29634.23
HLA-B*51:03,MANMISFGRTVT,29.523,9.415,30947.61
HLA-B*51:03,ANMISFGRTVTQ,82.5,62.632,44503.59
HLA-B*51:03,NMISFGRTVTQY,44.636,32.47,39974.77
HLA-B*51:03,MISFGRTVTQYS,83.75,49.293,42882.25
HLA-B*51:03,ISFGRTVTQYSV,20.593,5.441,26684.6
HLA-B*51:03,SFGRTVTQYSVF,67.727,36.023,40707.16
HLA-B*51:03,FGRTVTQYSVFF,52.037,26.402,38488.43
HLA-B*51:03,GRTVTQYSVFFR,95.0,80.756,46248.23
HLA-B*51:03,RTVTQYSVFFRI,44.818,11.16,32206.8
HLA-B*51:03,TVTQYSVFFRIK,83.75,36.791,40856.29
HLA-B*51:03,VTQYSVFFRIKF,59.0,27.923,38899.97
HLA-B*51:03,TQYSVFFRIKFG,82.5,36.773,40852.76
HLA-B*51:03,QYSVFFRIKFGD,97.5,75.061,45735.7
HLA-B*51:03,YSVFFRIKFGDK,88.333,56.96,43854.0
HLA-B*51:03,SVFFRIKFGDKQ,93.333,81.314,46299.29
HLA-B*51:03,VFFRIKFGDKQC,85.0,79.363,46121.79
HLA-B*51:03,FFRIKFGDKQCS,93.333,84.288,46572.11
HLA-B*51:03,FRIKFGDKQCSL,55.0,44.19,42123.93
HLA-B*51:03,RIKFGDKQCSLK,90.0,78.007,45999.7
HLA-B*51:03,IKFGDKQCSLKV,44.636,32.742,40034.06
HLA-B*51:03,KFGDKQCSLKVV,67.273,49.869,42961.66
HLA-B*51:03,FGDKQCSLKVVS,72.857,58.208,44002.28
HLA-B*51:03,GDKQCSLKVVSD,100.0,95.109,47729.62
HLA-B*51:03,DKQCSLKVVSDR,90.0,87.247,46853.63
HLA-B*51:03,KQCSLKVVSDRS,95.0,93.271,47485.44
HLA-B*51:03,QCSLKVVSDRSG,97.5,88.647,46988.68
HLA-B*51:03,CSLKVVSDRSGV,78.333,28.041,38931.11
HLA-B*51:03,SLKVVSDRSGVT,91.667,80.893,46260.73
HLA-B*51:03,LKVVSDRSGVTL,32.968,39.91,41428.76
HLA-B*51:03,KVVSDRSGVTLH,75.0,83.899,46536.35
HLA-B*51:03,VVSDRSGVTLHG,60.0,67.121,44973.12
HLA-B*51:03,VSDRSGVTLHGM,38.278,47.502,42625.05
HLA-B*51:03,SDRSGVTLHGMA,73.571,56.708,43824.12
HLA-B*51:03,DRSGVTLHGMAT,76.667,60.545,44275.46
HLA-B*51:03,RSGVTLHGMATW,62.857,41.369,41672.87
HLA-B*51:03,SGVTLHGMATWE,88.333,64.662,44726.61
HLA-B*51:03,GVTLHGMATWEP,95.0,73.914,45627.43
HLA-B*51:03,VTLHGMATWEPT,93.333,52.815,43340.29
HLA-B*51:03,TLHGMATWEPTG,95.0,67.323,44993.09
HLA-B*51:03,LHGMATWEPTGA,85.0,47.913,42686.43
HLA-B*51:03,HGMATWEPTGAA,28.347,23.921,37782.04
HLA-B*51:03,GMATWEPTGAAA,73.571,42.692,41889.86
HLA-B*51:03,MATWEPTGAAAD,82.5,43.211,41973.34
HLA-B*51:03,ATWEPTGAAADQ,86.667,78.76,46067.45
HLA-B*51:03,TWEPTGAAADQI,29.659,22.092,37204.38
HLA-B*51:03,WEPTGAAADQIS,75.0,53.22,43392.37
HLA-B*51:03,EPTGAAADQIST,32.032,35.325,40568.21
HLA-B*51:03,PTGAAADQISTR,83.75,95.549,47929.38
HLA-B*51:03,TGAAADQISTRV,21.921,25.433,38222.82
HLA-B*51:03,GAAADQISTRVV,34.538,38.324,41145.98
HLA-B*51:03,AAADQISTRVVQ,41.25,66.496,44911.36
HLA-B*51:03,AADQISTRVVQA,31.029,45.061,42261.8
HLA-B*51:03,ADQISTRVVQAD,95.0,80.898,46261.23
HLA-B*51:03,DQISTRVVQADQ,73.571,73.664,45603.75
HLA-B*51:03,QISTRVVQADQR,91.667,93.614,47524.01
HLA-B*51:03,ISTRVVQADQRA,70.0,53.877,43476.96
HLA-B*51:03,STRVVQADQRAI,48.125,27.236,38711.87
HLA-B*51:03,TRVVQADQRAIW,48.625,52.159,43255.96
HLA-B*51:03,RVVQADQRAIWT,83.75,69.04,45163.3
HLA-B*51:03,VVQADQRAIWTN,91.667,70.381,45294.44
HLA-B*51:03,VQADQRAIWTNY,56.25,55.552,43687.29
HLA-B*51:03,QADQRAIWTNYA,38.5,29.73,39344.85
HLA-B*51:03,ADQRAIWTNYAK,90.0,62.452,44483.85
HLA-B*51:03,DQRAIWTNYAKE,78.333,60.975,44322.43
HLA-B*51:03,QRAIWTNYAKES,97.5,83.039,46457.36
HLA-B*51:03,RAIWTNYAKESR,80.0,69.478,45206.8
HLA-B*51:03,AIWTNYAKESRG,97.5,84.37,46579.68
HLA-B*51:03,IWTNYAKESRGR,97.5,95.186,47764.23
HLA-B*51:03,WTNYAKESRGRE,85.0,90.554,47181.25
HLA-B*51:03,TNYAKESRGRES,91.667,91.514,47288.57
HLA-B*51:03,NYAKESRGRESK,70.714,88.089,46934.83
HLA-B*51:03,YAKESRGRESKL,20.967,35.212,40545.85
HLA-B*51:03,AKESRGRESKLS,93.333,95.873,48077.38
HLA-B*51:03,KESRGRESKLSL,40.75,56.716,43825.05
HLA-B*51:03,ESRGRESKLSLA,52.593,50.317,43020.27
HLA-B*51:03,SRGRESKLSLAL,31.265,40.535,41534.67
HLA-B*51:03,RGRESKLSLALI,51.481,23.843,37757.12
HLA-B*51:03,GRESKLSLALIY,74.286,46.298,42447.41
HLA-B*51:03,RESKLSLALIYN,81.25,49.902,42966.32
HLA-B*51:03,ESKLSLALIYNK,72.857,53.133,43381.12
HLA-B*51:03,SKLSLALIYNKF,68.182,42.322,41828.26
HLA-B*51:03,KLSLALIYNKFN,95.0,72.777,45519.95
HLA-B*51:03,LSLALIYNKFNL,57.75,22.329,37278.93
HLA-B*51:03,SLALIYNKFNLS,90.0,60.36,44255.33
HLA-B*51:03,LALIYNKFNLSI,25.881,4.784,25709.93
HLA-B*51:03,ALIYNKFNLSIF,76.667,37.712,41031.72
HLA-B*51:03,LIYNKFNLSIFT,75.0,32.032,39879.3
HLA-B*51:03,IYNKFNLSIFTY,59.0,43.747,42055.17
HLA-B*51:03,YNKFNLSIFTYL,40.562,28.632,39078.42
HLA-B*51:03,NKFNLSIFTYLR,81.25,51.459,43166.21
HLA-B*51:03,KFNLSIFTYLRS,95.0,67.525,45013.02
HLA-B*51:03,FNLSIFTYLRSL,32.129,14.381,34092.54
HLA-B*51:03,NLSIFTYLRSLP,75.833,39.057,41280.21
HLA-B*51:03,LSIFTYLRSLPS,91.667,31.74,39812.89
HLA-B*51:03,SIFTYLRSLPSL,34.692,17.687,35598.89
HLA-B*51:03,IFTYLRSLPSLE,79.167,48.039,42704.9
HLA-B*51:03,FTYLRSLPSLEC,51.111,24.238,37877.02
HLA-B*51:03,TYLRSLPSLECI,41.333,16.223,34964.84
HLA-B*51:03,YLRSLPSLECII,41.25,15.478,34619.63
HLA-B*51:03,LRSLPSLECIIV,28.898,4.378,25030.58
HLA-B*51:03,RSLPSLECIIVG,81.25,38.947,41260.56
HLA-B*51:03,SLPSLECIIVGS,85.0,44.917,42239.4
HLA-B*51:03,LPSLECIIVGSI,11.233,0.862,13428.61
HLA-B*51:03,PSLECIIVGSIS,97.5,72.234,45468.75
HLA-B*51:03,SLECIIVGSISE,93.333,67.795,45039.82
HLA-B*51:03,LECIIVGSISEE,86.667,72.067,45453.01
HLA-B*51:03,ECIIVGSISEEL,42.385,40.968,41607.99
HLA-B*51:03,CIIVGSISEELA,86.667,60.338,44252.94
HLA-B*51:03,IIVGSISEELAA,73.571,54.292,43530.64
HLA-B*51:03,IVGSISEELAAA,80.0,64.649,44725.16
HLA-B*51:03,VGSISEELAAAE,97.5,88.516,46975.98
HLA-B*51:03,GSISEELAAAEH,88.333,90.686,47196.05
HLA-B*51:03,SISEELAAAEHF,44.091,41.673,41722.06
HLA-B*51:03,ISEELAAAEHFV,41.833,20.808,36774.56
HLA-B*51:03,SEELAAAEHFVK,69.091,50.992,43106.48
HLA-B*51:03,EELAAAEHFVKA,17.933,19.215,36191.55
HLA-B*51:03,ELAAAEHFVKAH,63.571,64.763,44737.74
HLA-B*51:03,LAAAEHFVKAHN,93.333,62.509,44490.1
HLA-B*51:03,AAAEHFVKAHNE,77.5,80.679,46241.22
HLA-B*51:03,AAEHFVKAHNEK,83.75,83.269,46478.49
HLA-B*51:03,AEHFVKAHNEKF,44.091,52.079,43245.67
HLA-B*51:03,EHFVKAHNEKFN,73.571,69.375,45196.54
HLA-B*51:03,HFVKAHNEKFND,97.5,90.892,47219.03
HLA-B*51:03,FVKAHNEKFNDH,82.5,83.308,46482.0
HLA-B*51:03,VKAHNEKFNDHV,72.143,60.993,44324.34
HLA-B*51:03,KAHNEKFNDHVK,80.0,78.112,46009.17
HLA-B*51:03,AHNEKFNDHVKD,91.667,88.479,46972.41
HLA-B*51:03,HNEKFNDHVKDA,79.167,81.588,46324.35
HLA-B*51:03,NEKFNDHVKDAI,39.118,30.805,39598.11
HLA-B*51:03,EKFNDHVKDAIG,85.0,70.892,45342.48
HLA-B*51:03,KFNDHVKDAIGL,57.5,63.352,44582.61
HLA-B*51:03,FNDHVKDAIGLE,82.5,71.075,45359.68
HLA-B*51:03,NDHVKDAIGLEE,85.0,85.263,46662.9
HLA-B*51:03,DHVKDAIGLEEY,38.056,59.32,44134.83
HLA-B*51:03,HVKDAIGLEEYT,69.091,66.9,44951.23
HLA-B*51:03,VKDAIGLEEYTF,48.125,32.631,40009.82
HLA-B*51:03,KDAIGLEEYTFR,67.727,64.174,44672.93
HLA-B*51:03,DAIGLEEYTFRL,4.562,3.625,23568.17
HLA-B*51:03,AIGLEEYTFRLT,88.333,80.323,46208.73
HLA-B*51:03,IGLEEYTFRLTD,91.667,47.836,42674.89
HLA-B*51:03,GLEEYTFRLTDM,74.286,50.015,42981.64
HLA-B*51:03,LEEYTFRLTDMV,39.647,12.841,33264.31
HLA-B*51:03,EEYTFRLTDMVF,22.45,11.143,32195.65
HLA-B*51:03,EYTFRLTDMVFV,50.926,18.729,36007.95
HLA-B*51:03,YTFRLTDMVFVN,83.75,26.463,38504.66
HLA-B*51:03,TFRLTDMVFVNS,95.0,67.318,44992.59
HLA-B*51:03,FRLTDMVFVNSA,70.714,33.474,40188.13
HLA-B*51:03,RLTDMVFVNSAE,95.0,74.739,45705.51
HLA-B*51:03,LTDMVFVNSAEE,93.333,61.015,44326.74
HLA-B*51:03,TDMVFVNSAEET,83.75,60.373,44256.76
HLA-B*51:03,DMVFVNSAEETK,71.429,57.036,43862.99
HLA-B*51:03,MVFVNSAEETKW,28.143,7.922,29635.84
HLA-B*51:03,VFVNSAEETKWT,93.333,83.105,46463.39
HLA-B*51:03,FVNSAEETKWTG,80.0,48.461,42765.01
HLA-B*51:03,VNSAEETKWTGW,59.75,56.468,43795.66
HLA-B*51:03,NSAEETKWTGWT,79.167,67.495,45010.12
HLA-B*51:03,SAEETKWTGWTT,53.333,41.978,41771.27
HLA-B*51:03,AEETKWTGWTTR,79.167,79.54,46137.77
HLA-B*51:03,EETKWTGWTTRA,49.857,50.85,43088.27
HLA-B*51:03,ETKWTGWTTRAV,35.0,16.969,35298.57
HLA-B*51:03,TKWTGWTTRAVR,88.333,62.122,44447.77
HLA-B*51:03,KWTGWTTRAVRG,100.0,88.132,46938.88
HLA-B*51:03,WTGWTTRAVRGE,97.5,83.28,46479.48
HLA-B*51:03,TGWTTRAVRGEA,79.167,45.288,42296.1
HLA-B*51:03,GWTTRAVRGEAV,79.167,57.508,43919.04
HLA-B*51:03,WTTRAVRGEAVQ,93.333,66.993,44960.48
HLA-B*51:03,TTRAVRGEAVQL,40.125,42.395,41840.48
HLA-B*51:03,TRAVRGEAVQLL,45.4,45.764,42368.01
HLA-B*51:03,RAVRGEAVQLLK,58.0,51.244,43138.66
HLA-B*51:03,AVRGEAVQLLKS,86.667,81.013,46271.77
HLA-B*51:03,VRGEAVQLLKSG,90.0,75.266,45753.99
HLA-B*51:03,RGEAVQLLKSGE,95.0,90.041,47124.12
HLA-B*51:03,GEAVQLLKSGER,78.333,91.949,47337.21
HLA-B*51:03,EAVQLLKSGERI,7.843,5.769,27130.3
HLA-B*51:03,AVQLLKSGERIL,67.273,68.115,45071.53
HLA-B*51:03,VQLLKSGERILD,90.0,68.086,45068.59
HLA-B*51:03,QLLKSGERILDE,95.0,91.487,47285.49
HLA-B*51:03,LLKSGERILDEV,56.0,40.207,41479.45
HLA-B*51:03,LKSGERILDEVF,70.714,52.25,43267.68
HLA-B*51:03,KSGERILDEVFT,90.0,78.09,46007.18
HLA-B*51:03,SGERILDEVFTQ,83.75,78.306,46026.59
HLA-B*51:03,GERILDEVFTQF,34.538,50.456,43037.95
HLA-B*51:03,ERILDEVFTQFP,61.429,56.536,43803.71
HLA-B*51:03,RILDEVFTQFPE,88.333,70.647,45319.45
HLA-B*51:03,ILDEVFTQFPEL,23.747,15.708,34727.68
HLA-B*51:03,LDEVFTQFPELF,47.375,21.335,36954.44
HLA-B*51:03,DEVFTQFPELFK,44.909,27.002,38647.84
HLA-B*51:03,EVFTQFPELFKR,23.092,35.94,40690.86
HLA-B*51:03,VFTQFPELFKRE,93.333,82.125,46373.49
HLA-B*51:03,FTQFPELFKREP,42.769,26.83,38602.28
HLA-B*51:03,TQFPELFKREPC,57.75,43.414,42004.24
HLA-B*51:03,QFPELFKREPCS,86.667,61.938,44427.57
HLA-B*51:03,FPELFKREPCSW,12.47,4.454,25178.62
HLA-B*51:03,PELFKREPCSWG,95.0,75.028,45732.72
HLA-B*51:03,ELFKREPCSWGT,77.5,49.539,42916.14
HLA-B*51:03,LFKREPCSWGTG,97.5,70.971,45349.86
HLA-B*51:03,FKREPCSWGTGG,79.167,35.011,40505.94
HLA-B*51:03,KREPCSWGTGGR,90.0,85.684,46703.3
HLA-B*51:03,REPCSWGTGGRL,27.185,18.825,36044.61
HLA-B*51:03,EPCSWGTGGRLP,22.5,14.199,34003.77
HLA-B*51:03,PCSWGTGGRLPS,100.0,73.314,45570.71
HLA-B*51:03,CSWGTGGRLPSW,55.0,14.095,33953.39
HLA-B*51:03,SWGTGGRLPSWL,71.429,58.188,43999.89
HLA-B*51:03,WGTGGRLPSWLF,59.0,25.581,38264.2
HLA-B*51:03,GTGGRLPSWLFI,56.25,24.641,37995.62
HLA-B*51:03,TGGRLPSWLFIE,88.333,45.358,42306.63
HLA-B*51:03,GGRLPSWLFIET,77.5,42.785,41905.29
HLA-B*51:03,GRLPSWLFIETQ,85.0,60.483,44268.75
HLA-B*51:03,RLPSWLFIETQG,93.333,48.591,42783.52
HLA-B*51:03,LPSWLFIETQGG,64.286,15.549,34652.98
HLA-B*51:03,PSWLFIETQGGA,86.667,48.279,42739.12
HLA-B*51:03,SWLFIETQGGAG,100.0,80.23,46200.21
HLA-B*51:03,WLFIETQGGAGD,97.5,74.196,45654.1
HLA-B*51:03,LFIETQGGAGDE,100.0,95.223,47781.3
HLA-B*51:03,FIETQGGAGDEG,97.5,88.905,47013.59
HLA-B*51:03,IETQGGAGDEGK,83.75,94.991,47679.04
HLA-B*51:03,ETQGGAGDEGKS,93.333,95.077,47715.15
HLA-B*51:03,TQGGAGDEGKSA,42.769,82.366,46395.59
HLA-B*51:03,QGGAGDEGKSAR,75.833,96.762,48484.87
HLA-B*51:03,GGAGDEGKSARS,97.5,97.323,48744.18
HLA-B*51:03,GAGDEGKSARSA,51.111,82.886,46443.29
HLA-B*51:03,AGDEGKSARSAK,74.286,91.061,47237.95
HLA-B*51:03,GDEGKSARSAKM,70.714,76.927,45902.74
HLA-B*51:03,DEGKSARSAKMG,65.455,73.638,45601.28
HLA-B*51:03,EGKSARSAKMGI,32.516,26.692,38565.55
HLA-B*51:03,GKSARSAKMGIM,93.333,72.949,45536.21
HLA-B*51:03,KSARSAKMGIMH,90.0,80.345,46210.72
HLA-B*51:03,SARSAKMGIMHG,88.333,57.788,43952.3
HLA-B*51:03,ARSAKMGIMHGP,88.333,70.078,45266.02
HLA-B*51:03,RSAKMGIMHGPL,63.929,36.407,40781.66
HLA-B*51:03,SAKMGIMHGPLD,77.5,47.015,42552.71
HLA-B*51:03,AKMGIMHGPLDR,90.0,76.484,45863.03
HLA-B*51:03,KMGIMHGPLDRY,79.167,48.867,42822.88
HLA-B*51:03,MGIMHGPLDRYS,83.75,39.776,41405.46
HLA-B*51:03,GIMHGPLDRYSV,56.25,37.192,40933.3
HLA-B*51:03,IMHGPLDRYSVK,52.407,41.827,41746.87
HLA-B*51:03,MHGPLDRYSVKA,62.143,33.474,40188.13
HLA-B*51:03,HGPLDRYSVKAR,79.167,80.63,46236.72
HLA-B*51:03,GPLDRYSVKARG,63.571,52.144,43254.1
HLA-B*51:03,PLDRYSVKARGC,97.5,92.36,47383.33
HLA-B*51:03,LDRYSVKARGCP,95.0,70.266,45283.66
HLA-B*51:03,DRYSVKARGCPL,41.667,26.521,38520.09
HLA-B*51:03,RYSVKARGCPLC,93.333,65.315,44794.88
HLA-B*51:03,YSVKARGCPLCN,95.0,57.012,43860.16
HLA-B*51:03,SVKARGCPLCNQ,95.0,85.295,46665.94
HLA-B*51:03,VKARGCPLCNQR,95.0,94.515,47625.41
HLA-B*51:03,KARGCPLCNQRV,64.286,44.825,42224.78
HLA-B*51:03,ARGCPLCNQRVD,97.5,71.91,45438.27
HLA-B*51:03,RGCPLCNQRVDI,72.857,19.323,36231.9
HLA-B*51:03,GCPLCNQRVDIV,68.182,13.649,33713.98
HLA-B*51:03,CPLCNQRVDIVD,69.545,14.844,34319.4
HLA-B*51:03,PLCNQRVDIVDP,100.0,95.647,47974.0
HLA-B*51:03,LCNQRVDIVDPM,82.5,43.223,41975.16
HLA-B*51:03,CNQRVDIVDPML,61.786,45.03,42257.22
HLA-B*51:03,NQRVDIVDPMLN,85.0,65.851,44847.74
HLA-B*51:03,QRVDIVDPMLNH,64.643,82.809,46436.28
HLA-B*51:03,RVDIVDPMLNHG,93.333,83.916,46537.88
HLA-B*51:03,VDIVDPMLNHGS,90.0,85.832,46717.46
HLA-B*51:03,DIVDPMLNHGSL,10.848,5.342,26540.33
HLA-B*51:03,IVDPMLNHGSLP,44.545,17.89,35683.73
HLA-B*51:03,VDPMLNHGSLPF,34.692,7.205,28903.05
HLA-B*51:03,DPMLNHGSLPFE,27.315,9.289,30840.64
HLA-B*51:03,PMLNHGSLPFET,97.5,69.803,45239.09
HLA-B*51:03,MLNHGSLPFETQ,85.0,57.704,43942.33
HLA-B*51:03,LNHGSLPFETQR,63.929,76.689,45881.4
HLA-B*51:03,NHGSLPFETQRA,67.727,54.059,43500.5
HLA-B*51:03,HGSLPFETQRAP,13.373,15.311,34541.45
HLA-B*51:03,GSLPFETQRAPH,66.364,55.06,43629.17
HLA-B*51:03,SLPFETQRAPHC,45.5,21.829,37118.34
HLA-B*51:03,LPFETQRAPHCV,1.027,0.265,7150.47
HLA-B*51:03,PFETQRAPHCVV,75.0,35.124,40528.28
HLA-B*51:03,FETQRAPHCVVG,80.0,41.391,41676.47
HLA-B*51:03,ETQRAPHCVVGK,59.5,61.27,44354.57
HLA-B*51:03,TQRAPHCVVGKN,83.75,56.156,43758.71
HLA-B*51:03,QRAPHCVVGKNI,45.6,31.315,39715.65
HLA-B*51:03,RAPHCVVGKNIC,79.167,56.872,43843.54
HLA-B*51:03,APHCVVGKNICA,38.333,16.66,35160.21
HLA-B*51:03,PHCVVGKNICAR,97.5,92.434,47391.52
HLA-B*51:03,HCVVGKNICARR,95.0,92.919,47445.92
HLA-B*51:03,CVVGKNICARRD,100.0,92.566,47406.41
HLA-B*51:03,VVGKNICARRDY,86.667,69.483,45207.3
HLA-B*51:03,VGKNICARRDYF,78.333,54.559,43565.04
HLA-B*51:03,GKNICARRDYFT,100.0,93.06,47461.84
HLA-B*51:03,KNICARRDYFTI,56.25,18.365,35868.75
HLA-B*51:03,NICARRDYFTIT,85.0,46.605,42492.43
HLA-B*51:03,ICARRDYFTITG,97.5,59.4,44144.39
HLA-B*51:03,CARRDYFTITGM,50.185,13.961,33885.48
HLA-B*51:03,ARRDYFTITGMV,64.286,37.253,40944.81
HLA-B*51:03,RRDYFTITGMVL,64.286,31.333,39719.95
HLA-B*51:03,RDYFTITGMVLG,82.5,46.752,42514.06
HLA-B*51:03,DYFTITGMVLGL,45.3,20.048,36502.22
HLA-B*51:03,YFTITGMVLGLI,55.25,15.651,34701.02
HLA-B*51:03,FTITGMVLGLIN,90.0,38.034,41092.6
HLA-B*51:03,TITGMVLGLINK,90.0,70.167,45274.34
HLA-B*51:03,ITGMVLGLINKN,95.0,76.274,45844.2
HLA-B*51:03,TGMVLGLINKNA,78.333,39.566,41368.74
HLA-B*51:03,GMVLGLINKNAR,95.0,88.358,46960.71
HLA-B*51:03,MVLGLINKNARE,90.0,72.578,45501.22
HLA-B*51:03,VLGLINKNAREE,100.0,96.241,48245.7
HLA-B*51:03,LGLINKNAREEI,52.593,31.179,39684.75
HLA-B*51:03,GLINKNAREEIW,78.333,68.903,45149.61
HLA-B*51:03,LINKNAREEIWI,44.091,37.904,41068.15
HLA-B*51:03,INKNAREEIWIF,40.5,29.208,39219.88
HLA-B*51:03,NKNAREEIWIFP,78.333,49.68,42935.62
HLA-B*51:03,KNAREEIWIFPS,90.0,65.674,44830.28
HLA-B*51:03,NAREEIWIFPSD,75.833,38.225,41127.73
HLA-B*51:03,AREEIWIFPSDC,93.333,76.29,45845.67
HLA-B*51:03,REEIWIFPSDCD,100.0,73.528,45590.93
HLA-B*51:03,EEIWIFPSDCDL,27.0,17.093,35351.31
HLA-B*51:03,EIWIFPSDCDLI,36.0,8.773,30399.03
HLA-B*51:03,IWIFPSDCDLIV,13.857,5.35,26552.69
HLA-B*51:03,WIFPSDCDLIVL,27.778,9.477,30999.55
HLA-B*51:03,IFPSDCDLIVLS,67.727,24.648,37997.68
HLA-B*51:03,FPSDCDLIVLSQ,21.754,12.254,32915.25
HLA-B*51:03,PSDCDLIVLSQD,100.0,94.968,47676.46
HLA-B*51:03,SDCDLIVLSQDL,50.0,47.926,42688.27
HLA-B*51:03,DCDLIVLSQDLA,59.0,39.54,41364.26
HLA-B*51:03,CDLIVLSQDLAP,93.333,56.276,43772.93
HLA-B*51:03,DLIVLSQDLAPP,79.167,46.906,42536.6
HLA-B*51:03,LIVLSQDLAPPS,97.5,70.684,45322.87
HLA-B*51:03,IVLSQDLAPPSS,78.333,72.766,45518.95
HLA-B*51:03,VLSQDLAPPSSE,88.333,90.554,47181.25
HLA-B*51:03,LSQDLAPPSSEH,58.75,75.332,45759.95
HLA-B*51:03,SQDLAPPSSEHW,21.105,34.315,40362.0
HLA-B*51:03,QDLAPPSSEHWM,18.677,28.629,39077.56
HLA-B*51:03,DLAPPSSEHWMR,26.917,35.998,40702.31
HLA-B*51:03,LAPPSSEHWMRE,50.926,47.551,42632.42
HLA-B*51:03,APPSSEHWMREQ,70.0,80.947,46265.74
HLA-B*51:03,PPSSEHWMREQL,26.067,28.454,39034.04
HLA-B*51:03,PSSEHWMREQLM,72.143,35.596,40622.25
HLA-B*51:03,SSEHWMREQLML,52.407,26.645,38553.02
HLA-B*51:03,SEHWMREQLMLI,20.732,7.602,29327.38
HLA-B*51:03,EHWMREQLMLIW,29.682,13.489,33626.54
HLA-B*51:03,HWMREQLMLIWQ,86.667,50.766,43077.55
HLA-B*51:03,WMREQLMLIWQM,52.222,16.267,34984.5
HLA-B*51:03,MREQLMLIWQMG,90.0,45.118,42270.5
HLA-B*51:03,REQLMLIWQMGT,91.667,60.422,44262.04
HLA-B*51:03,EQLMLIWQMGTP,69.091,38.356,41151.77
HLA-B*51:03,QLMLIWQMGTPI,63.929,12.662,33157.95
HLA-B*51:03,LMLIWQMGTPII,61.071,10.956,32069.45
HLA-B*51:03,MLIWQMGTPIIP,70.0,24.01,37809.85
HLA-B*51:03,LIWQMGTPIIPF,64.286,25.278,38179.43
HLA-B*51:03,IWQMGTPIIPFD,93.333,54.785,43594.27
HLA-B*51:03,WQMGTPIIPFDR,86.667,44.842,42227.53
HLA-B*51:03,QMGTPIIPFDRT,53.704,40.133,41466.88
HLA-B*51:03,MGTPIIPFDRTT,54.815,28.802,39120.71
HLA-B*51:03,GTPIIPFDRTTG,85.0,52.505,43300.46
HLA-B*51:03,TPIIPFDRTTGS,33.821,28.903,39146.12
HLA-B*51:03,PIIPFDRTTGSN,97.5,81.977,46359.94
HLA-B*51:03,IIPFDRTTGSNS,72.143,55.432,43673.11
HLA-B*51:03,IPFDRTTGSNSR,13.714,31.168,39682.16
HLA-B*51:03,PFDRTTGSNSRA,91.667,82.7,46426.21
HLA-B*51:03,FDRTTGSNSRAI,44.909,23.335,37596.51
HLA-B*51:03,DRTTGSNSRAIS,88.333,76.578,45871.46
HLA-B*51:03,RTTGSNSRAISI,45.2,34.619,40424.93
HLA-B*51:03,TTGSNSRAISIP,81.25,63.102,44555.14
HLA-B*51:03,TGSNSRAISIPP,81.25,49.074,42852.09
HLA-B*51:03,GSNSRAISIPPL,65.0,49.175,42866.02
HLA-B*51:03,SNSRAISIPPLL,12.838,12.203,32885.0
HLA-B*51:03,NSRAISIPPLLY,33.214,22.008,37177.82
HLA-B*51:03,SRAISIPPLLYP,42.615,34.573,40415.32
HLA-B*51:03,RAISIPPLLYPR,55.75,44.29,42139.9
HLA-B*51:03,AISIPPLLYPRQ,75.833,75.509,45775.77
HLA-B*51:03,ISIPPLLYPRQR,29.364,48.685,42796.96
HLA-B*51:03,SIPPLLYPRQRV,21.825,13.363,33557.5
HLA-B*51:03,IPPLLYPRQRVQ,25.224,18.769,36023.16
HLA-B*51:03,PPLLYPRQRVQK,60.0,66.014,44863.77
HLA-B*51:03,PLLYPRQRVQKF,34.692,33.931,40282.61
HLA-B*51:03,LLYPRQRVQKFW,32.065,16.764,35206.65
HLA-B*51:03,LYPRQRVQKFWF,36.619,21.074,36867.79
HLA-B*51:03,YPRQRVQKFWFR,25.761,15.642,34696.88
HLA-B*51:03,PRQRVQKFWFRL,86.667,56.588,43809.88
HLA-B*51:03,RQRVQKFWFRLG,91.667,58.528,44040.38
HLA-B*51:03,QRVQKFWFRLGV,64.643,31.087,39663.69
HLA-B*51:03,RVQKFWFRLGVS,97.5,56.88,43844.5
HLA-B*51:03,VQKFWFRLGVSR,81.25,57.76,43948.99
HLA-B*51:03,QKFWFRLGVSRE,93.333,82.032,46364.96
HLA-B*51:03,KFWFRLGVSRED,100.0,89.726,47093.01
HLA-B*51:03,FWFRLGVSREDE,97.5,91.322,47267.08
HLA-B*51:03,WFRLGVSREDEE,97.5,95.189,47765.77
HLA-B*51:03,FRLGVSREDEEK,91.667,90.919,47222.11
HLA-B*51:03,RLGVSREDEEKV,63.571,72.171,45462.86
HLA-B*51:03,LGVSREDEEKVA,85.0,80.947,46265.74
HLA-B*51:03,GVSREDEEKVAI,38.556,56.292,43774.82
HLA-B*51:03,VSREDEEKVAIS,70.714,75.952,45815.44
HLA-B*51:03,SREDEEKVAISK,60.714,83.625,46511.18
HLA-B*51:03,REDEEKVAISKL,25.955,57.032,43862.54
HLA-B*51:03,EDEEKVAISKLA,56.5,56.132,43755.89
HLA-B*51:03,DEEKVAISKLAL,21.105,25.165,38148.05
HLA-B*51:03,EEKVAISKLALV,18.512,7.424,29144.86
HLA-B*51:03,EKVAISKLALVC,63.571,36.311,40763.12
HLA-B*51:03,KVAISKLALVCT,95.0,77.614,45964.39
HLA-B*51:03,VAISKLALVCTV,13.037,4.665,25523.4
HLA-B*51:03,AISKLALVCTVP,95.0,62.724,44513.69
HLA-B*51:03,ISKLALVCTVPS,97.5,49.754,42945.84
HLA-B*51:03,SKLALVCTVPSV,36.81,18.48,35912.64
HLA-B*51:03,KLALVCTVPSVN,95.0,62.939,44537.3
HLA-B*51:03,LALVCTVPSVNH,66.364,38.579,41192.77
HLA-B*51:03,ALVCTVPSVNHP,73.571,69.178,45176.99
HLA-B*51:03,LVCTVPSVNHPG,97.5,68.701,45129.58
HLA-B*51:03,VCTVPSVNHPGA,47.0,33.4,40172.92
HLA-B*51:03,CTVPSVNHPGAV,44.727,16.05,34887.74
HLA-B*51:03,TVPSVNHPGAVH,57.0,55.896,43727.96
HLA-B*51:03,VPSVNHPGAVHH,23.747,37.52,40995.36
HLA-B*51:03,PSVNHPGAVHHK,88.333,91.153,47248.18
HLA-B*51:03,SVNHPGAVHHKM,22.87,26.38,38482.59
HLA-B*51:03,VNHPGAVHHKMI,25.478,21.511,37012.88
HLA-B*51:03,NHPGAVHHKMIK,60.714,44.17,42120.75
HLA-B*51:03,HPGAVHHKMIKT,38.889,30.089,39430.5
HLA-B*51:03,PGAVHHKMIKTM,72.143,67.106,44971.64
HLA-B*51:03,GAVHHKMIKTMG,86.667,81.462,46312.82
HLA-B*51:03,AVHHKMIKTMGR,88.333,82.903,46444.81
HLA-B*51:03,VHHKMIKTMGRI,52.037,26.181,38429.75
HLA-B*51:03,HHKMIKTMGRIE,95.0,69.473,45206.31
HLA-B*51:03,HKMIKTMGRIEG,97.5,78.826,46073.42
HLA-B*51:03,KMIKTMGRIEGA,86.667,61.749,44406.91
HLA-B*51:03,MIKTMGRIEGAY,64.286,44.905,42237.58
HLA-B*51:03,IKTMGRIEGAYI,65.455,27.262,38718.99
HLA-B*51:03,KTMGRIEGAYIE,73.571,51.065,43115.79
HLA-B*51:03,TMGRIEGAYIEK,91.667,68.784,45137.88
HLA-B*51:03,MGRIEGAYIEKP,85.0,49.744,42944.46
HLA-B*51:03,GRIEGAYIEKPL,66.364,64.758,44737.25
HLA-B*51:03,RIEGAYIEKPLI,26.05,12.892,33294.91
HLA-B*51:03,IEGAYIEKPLIL,23.402,19.391,36257.38
HLA-B*51:03,EGAYIEKPLILT,51.667,40.548,41536.92
HLA-B*51:03,GAYIEKPLILTL,18.488,18.331,35855.96
HLA-B*51:03,AYIEKPLILTLE,50.741,65.32,44795.37
HLA-B*51:03,YIEKPLILTLEV,4.975,0.867,13469.06
HLA-B*51:03,IEKPLILTLEVA,30.595,13.457,33609.09
HLA-B*51:03,EKPLILTLEVAY,43.727,24.774,38035.12
HLA-B*51:03,KPLILTLEVAYA,38.833,17.938,35704.2
HLA-B*51:03,PLILTLEVAYAT,97.5,80.559,46230.22
HLA-B*51:03,LILTLEVAYATY,61.429,41.249,41653.5
HLA-B*51:03,ILTLEVAYATYA,81.25,42.496,41857.24
HLA-B*51:03,LTLEVAYATYAL,36.762,18.871,36062.17
HLA-B*51:03,TLEVAYATYALL,20.699,5.715,27057.02
HLA-B*51:03,LEVAYATYALLD,73.571,20.9,36807.59
HLA-B*51:03,EVAYATYALLDH,72.857,35.932,40689.11
HLA-B*51:03,VAYATYALLDHA,47.125,11.43,32385.71
HLA-B*51:03,AYATYALLDHAA,75.0,47.616,42642.13
HLA-B*51:03,YATYALLDHAAL,35.083,13.314,33530.63
HLA-B*51:03,ATYALLDHAALA,56.25,26.567,38532.16
HLA-B*51:03,TYALLDHAALAN,90.0,56.764,43830.73
HLA-B*51:03,YALLDHAALANC,62.143,34.541,40408.75
HLA-B*51:03,ALLDHAALANCR,86.667,84.436,46585.71
HLA-B*51:03,LLDHAALANCRG,97.5,68.853,45144.72
HLA-B*51:03,LDHAALANCRGD,100.0,83.352,46486.02
HLA-B*51:03,DHAALANCRGDG,97.5,75.781,45800.07
HLA-B*51:03,HAALANCRGDGG,97.5,72.213,45466.79
HLA-B*51:03,AALANCRGDGGH,93.333,92.054,47349.0
HLA-B*51:03,ALANCRGDGGHT,97.5,95.016,47687.28
HLA-B*51:03,LANCRGDGGHTE,60.714,77.791,45980.31
HLA-B*51:03,ANCRGDGGHTES,95.0,96.325,48284.36
HLA-B*51:03,NCRGDGGHTESK,86.667,94.076,47575.96
HLA-B*51:03,CRGDGGHTESKA,82.5,85.837,46717.97
HLA-B*51:03,RGDGGHTESKAK,81.25,95.745,48018.66
HLA-B*51:03,GDGGHTESKAKP,86.667,95.009,47684.18
HLA-B*51:03,DGGHTESKAKPA,75.833,65.428,44806.03
HLA-B*51:03,GGHTESKAKPAD,97.5,96.435,48334.55
HLA-B*51:03,GHTESKAKPADS,97.5,96.169,48212.82
HLA-B*51:03,HTESKAKPADSL,39.353,53.68,43451.57
HLA-B*51:03,TESKAKPADSLE,53.519,71.18,45369.48
HLA-B*51:03,ESKAKPADSLEL,28.653,40.875,41592.25
HLA-B*51:03,SKAKPADSLELY,14.318,37.019,40900.52
HLA-B*51:03,KAKPADSLELYV,26.25,20.564,36686.73
HLA-B*51:03,AKPADSLELYVT,61.429,60.448,44264.93
HLA-B*51:03,KPADSLELYVTS,39.765,31.927,39855.56
HLA-B*51:03,PADSLELYVTSK,88.333,83.269,46478.49
HLA-B*51:03,ADSLELYVTSKI,31.5,10.281,31581.18
HLA-B*51:03,DSLELYVTSKIE,35.375,16.316,35006.11
HLA-B*51:03,SLELYVTSKIER,85.0,63.704,44621.21
HLA-B*51:03,LELYVTSKIERF,50.37,30.091,39430.94
HLA-B*51:03,ELYVTSKIERFL,34.192,25.146,38142.69
HLA-B*51:03,LYVTSKIERFLK,90.0,65.231,44786.64
HLA-B*51:03,YVTSKIERFLKY,36.857,30.057,39422.83
HLA-B*51:03,VTSKIERFLKYN,81.25,67.53,45013.52
HLA-B*51:03,TSKIERFLKYNH,75.0,72.035,45450.08
HLA-B*51:03,SKIERFLKYNHT,81.25,74.958,45726.29
HLA-B*51:03,KIERFLKYNHTL,47.0,39.956,41436.83
HLA-B*51:03,IERFLKYNHTLD,66.818,52.972,43360.48
HLA-B*51:03,ERFLKYNHTLDD,72.857,69.05,45164.26
HLA-B*51:03,RFLKYNHTLDDQ,90.0,91.171,47250.22
HLA-B*51:03,FLKYNHTLDDQL,56.5,34.099,40317.48
HLA-B*51:03,LKYNHTLDDQLA,65.455,41.835,41748.25
HLA-B*51:03,KYNHTLDDQLAK,79.167,83.976,46543.4
HLA-B*51:03,YNHTLDDQLAKL,35.25,41.838,41748.7
HLA-B*51:03,NHTLDDQLAKLF,36.857,37.745,41037.94
HLA-B*51:03,HTLDDQLAKLFG,69.091,55.16,43640.99
HLA-B*51:03,TLDDQLAKLFGA,67.273,54.183,43516.52
HLA-B*51:03,LDDQLAKLFGAV,46.0,21.914,37146.86
HLA-B*51:03,DDQLAKLFGAVS,58.5,36.625,40824.05
HLA-B*51:03,DQLAKLFGAVSP,43.364,35.241,40551.55
HLA-B*51:03,QLAKLFGAVSPH,88.333,67.106,44971.64
HLA-B*51:03,LAKLFGAVSPHP,65.0,36.58,40815.2
HLA-B*51:03,AKLFGAVSPHPP,90.0,75.891,45809.97
HLA-B*51:03,KLFGAVSPHPPL,29.477,23.061,37509.96
HLA-B*51:03,LFGAVSPHPPLG,69.091,47.08,42562.37
HLA-B*51:03,FGAVSPHPPLGD,70.714,48.24,42733.55
HLA-B*51:03,GAVSPHPPLGDE,83.75,86.126,46745.79
HLA-B*51:03,AVSPHPPLGDEG,90.0,81.041,46274.25
HLA-B*51:03,VSPHPPLGDEGR,61.429,82.223,46382.52
HLA-B*51:03,SPHPPLGDEGRV,4.874,5.839,27224.1
HLA-B*51:03,PHPPLGDEGRVA,54.63,60.62,44283.6
HLA-B*51:03,HPPLGDEGRVAT,28.531,43.807,42064.28
HLA-B*51:03,PPLGDEGRVATT,53.889,65.207,44784.21
HLA-B*51:03,PLGDEGRVATTN,100.0,95.655,47977.62
HLA-B*51:03,LGDEGRVATTNA,61.429,61.749,44406.91
HLA-B*51:03,GDEGRVATTNAL,53.704,54.81,43597.56
HLA-B*51:03,DEGRVATTNALR,52.593,55.288,43656.11
HLA-B*51:03,EGRVATTNALRS,85.0,71.649,45413.69
HLA-B*51:03,GRVATTNALRSS,95.0,93.371,47496.77
HLA-B*51:03,RVATTNALRSSP,88.333,73.565,45594.37
HLA-B*51:03,VATTNALRSSPM,55.75,24.811,38045.82
HLA-B*51:03,ATTNALRSSPMD,97.5,83.434,46493.57
HLA-B*51:03,TTNALRSSPMDK,90.0,79.092,46097.35
HLA-B*51:03,TNALRSSPMDKR,90.0,89.053,47027.84
HLA-B*51:03,NALRSSPMDKRP,59.0,47.263,42589.55
HLA-B*51:03,ALRSSPMDKRPT,97.5,92.2,47365.39
HLA-B*51:03,LRSSPMDKRPTF,5.452,6.304,27826.58
HLA-B*51:03,RSSPMDKRPTFA,42.385,34.446,40389.08
HLA-B*51:03,SSPMDKRPTFAQ,44.727,50.711,43070.57
HLA-B*51:03,SPMDKRPTFAQL,2.257,2.504,20847.71
HLA-B*51:03,PMDKRPTFAQLI,57.75,24.865,38061.87
HLA-B*51:03,MDKRPTFAQLIN,70.0,18.164,35792.38
HLA-B*51:03,DKRPTFAQLING,64.286,44.023,42097.5
HLA-B*51:03,KRPTFAQLINGA,77.5,49.505,42911.49
HLA-B*51:03,RPTFAQLINGAQ,78.333,50.638,43061.24
HLA-B*51:03,PTFAQLINGAQE,97.5,86.479,46779.69
HLA-B*51:03,TFAQLINGAQEC,69.091,71.748,45423.03
HLA-B*51:03,FAQLINGAQECA,52.963,23.816,37748.53
HLA-B*51:03,AQLINGAQECAP,82.5,74.901,45720.84
HLA-B*51:03,QLINGAQECAPI,54.444,26.951,38634.46
HLA-B*51:03,LINGAQECAPIT,95.0,56.296,43775.3
HLA-B*51:03,INGAQECAPITV,46.889,28.978,39164.75
HLA-B*51:03,NGAQECAPITVA,47.25,39.496,41356.66
HLA-B*51:03,GAQECAPITVAL,27.852,35.508,40604.67
HLA-B*51:03,AQECAPITVALG,73.571,57.064,43866.33
HLA-B*51:03,QECAPITVALGS,49.286,41.444,41685.05
HLA-B*51:03,ECAPITVALGSI,17.259,9.413,30945.6
HLA-B*51:03,CAPITVALGSII,31.029,5.306,26489.27
HLA-B*51:03,APITVALGSIIM,16.827,10.284,31583.56
HLA-B*51:03,PITVALGSIIMF,66.818,52.538,43304.67
HLA-B*51:03,ITVALGSIIMFP,85.0,42.572,41869.93
HLA-B*51:03,TVALGSIIMFPE,91.667,66.358,44897.75
HLA-B*51:03,VALGSIIMFPEG,82.5,44.181,42122.57
HLA-B*51:03,ALGSIIMFPEGL,81.25,51.929,43226.49
HLA-B*51:03,LGSIIMFPEGLL,64.286,22.325,37277.72
HLA-B*51:03,GSIIMFPEGLLR,57.75,55.068,43630.13
HLA-B*51:03,SIIMFPEGLLRV,35.208,18.547,35938.29
HLA-B*51:03,IIMFPEGLLRVG,70.0,33.394,40171.6
HLA-B*51:03,IMFPEGLLRVGF,29.5,10.047,31413.15
HLA-B*51:03,MFPEGLLRVGFS,72.857,41.559,41703.55
HLA-B*51:03,FPEGLLRVGFSL,5.951,1.634,17670.49
HLA-B*51:03,PEGLLRVGFSLE,95.0,79.568,46140.27
HLA-B*51:03,EGLLRVGFSLEQ,77.5,64.53,44712.1
HLA-B*51:03,GLLRVGFSLEQL,77.5,59.532,44160.14
HLA-B*51:03,LLRVGFSLEQLK,59.5,51.834,43214.34
HLA-B*51:03,LRVGFSLEQLKE,90.0,73.763,45613.13
HLA-B*51:03,RVGFSLEQLKEV,46.111,35.556,40614.34
HLA-B*51:03,VGFSLEQLKEVE,73.571,58.672,44057.54
HLA-B*51:03,GFSLEQLKEVES,95.0,88.284,46953.6
HLA-B*51:03,FSLEQLKEVESM,34.615,23.678,37704.86
HLA-B*51:03,SLEQLKEVESML,49.857,55.752,43710.93
HLA-B*51:03,LEQLKEVESMLN,70.0,63.106,44555.62
HLA-B*51:03,EQLKEVESMLNH,52.778,72.312,45476.14
HLA-B*51:03,QLKEVESMLNHN,91.667,90.709,47198.6
HLA-B*51:03,LKEVESMLNHNF,61.429,45.561,42337.31
HLA-B*51:03,KEVESMLNHNFK,69.091,60.448,44264.93
HLA-B*51:03,EVESMLNHNFKS,79.167,64.016,44655.53
HLA-B*51:03,VESMLNHNFKSL,37.368,26.904,38621.93
HLA-B*51:03,ESMLNHNFKSLA,35.458,14.59,34194.86
HLA-B*51:03,SMLNHNFKSLAD,95.0,63.73,44624.12
HLA-B*51:03,MLNHNFKSLADL,57.0,26.124,38414.78
HLA-B*51:03,LNHNFKSLADLS,97.5,73.481,45586.49
HLA-B*51:03,NHNFKSLADLSL,56.25,37.621,41014.42
HLA-B*51:03,HNFKSLADLSLK,68.636,60.066,44223.27
HLA-B*51:03,NFKSLADLSLKE,85.0,78.289,46025.11
HLA-B*51:03,FKSLADLSLKEI,20.415,12.424,33016.2
HLA-B*51:03,KSLADLSLKEID,81.25,60.105,44227.57
HLA-B*51:03,SLADLSLKEIDF,48.625,44.184,42123.03
HLA-B*51:03,LADLSLKEIDFR,61.429,62.891,44532.01
HLA-B*51:03,ADLSLKEIDFRE,93.333,91.386,47274.24
HLA-B*51:03,DLSLKEIDFREV,35.583,22.539,37345.14
HLA-B*51:03,LSLKEIDFREVR,68.636,56.704,43823.64
HLA-B*51:03,SLKEIDFREVRH,78.333,78.422,46037.04
HLA-B*51:03,LKEIDFREVRHK,90.0,87.732,46900.3
HLA-B*51:03,KEIDFREVRHKI,26.533,29.979,39404.47
HLA-B*51:03,EIDFREVRHKIY,54.074,53.563,43436.55
HLA-B*51:03,IDFREVRHKIYI,42.385,22.104,37208.0
HLA-B*51:03,DFREVRHKIYIE,63.214,53.373,43412.1
HLA-B*51:03,FREVRHKIYIEF,61.786,40.771,41574.71
HLA-B*51:03,REVRHKIYIEFC,83.75,64.156,44671.0
HLA-B*51:03,EVRHKIYIEFCM,48.75,31.211,39692.04
HLA-B*51:03,VRHKIYIEFCMK,85.0,61.076,44333.46
HLA-B*51:03,RHKIYIEFCMKV,59.0,28.849,39132.57
HLA-B*51:03,HKIYIEFCMKVL,58.0,44.101,42109.8
HLA-B*51:03,KIYIEFCMKVLE,95.0,68.238,45083.71
HLA-B*51:03,IYIEFCMKVLEE,93.333,68.228,45082.75
HLA-B*51:03,YIEFCMKVLEEI,39.588,13.1,33414.02
HLA-B*51:03,IEFCMKVLEEIW,56.5,15.926,34830.41
HLA-B*51:03,EFCMKVLEEIWL,75.0,51.74,43202.19
HLA-B*51:03,FCMKVLEEIWLA,60.357,28.542,39056.0
HLA-B*51:03,CMKVLEEIWLAI,66.818,18.956,36094.95
HLA-B*51:03,MKVLEEIWLAIL,61.071,25.929,38362.05
HLA-B*51:03,KVLEEIWLAILS,82.5,54.643,43575.88
HLA-B*51:03,VLEEIWLAILSI,47.5,16.784,35215.42
HLA-B*51:03,LEEIWLAILSIH,72.857,38.535,41184.75
HLA-B*51:03,EEIWLAILSIHR,59.0,36.132,40728.3
HLA-B*51:03,EIWLAILSIHRV,6.742,5.057,26132.0
HLA-B*51:03,IWLAILSIHRVT,39.059,42.368,41835.97
HLA-B*51:03,WLAILSIHRVTE,79.167,57.752,43948.02
HLA-B*51:03,LAILSIHRVTEA,25.597,21.384,36970.43
HLA-B*51:03,AILSIHRVTEAP,86.667,71.921,45439.23
HLA-B*51:03,ILSIHRVTEAPA,90.0,51.546,43177.43
HLA-B*51:03,LSIHRVTEAPAP,83.75,53.946,43485.91
HLA-B*51:03,SIHRVTEAPAPI,47.25,20.973,36833.9
HLA-B*51:03,IHRVTEAPAPID,91.667,50.693,43068.24
HLA-B*51:03,HRVTEAPAPIDK,79.167,79.347,46120.3
HLA-B*51:03,RVTEAPAPIDKM,41.083,51.05,43113.93
HLA-B*51:03,VTEAPAPIDKMQ,56.75,73.445,45583.02
HLA-B*51:03,TEAPAPIDKMQA,30.0,44.899,42236.65
HLA-B*51:03,EAPAPIDKMQAM,4.823,10.697,31881.59
HLA-B*51:03,APAPIDKMQAMF,8.858,13.2,33468.64
HLA-B*51:03,PAPIDKMQAMFV,31.588,17.154,35376.58
HLA-B*51:03,APIDKMQAMFVI,4.887,1.863,18673.58
HLA-B*51:03,PIDKMQAMFVIP,97.5,56.8,43835.03
HLA-B*51:03,IDKMQAMFVIPK,83.75,45.279,42294.74
HLA-B*51:03,DKMQAMFVIPKA,13.489,4.651,25502.14
HLA-B*51:03,KMQAMFVIPKAH,90.0,60.637,44285.51
HLA-B*51:03,MQAMFVIPKAHS,85.0,36.616,40822.29
HLA-B*51:03,QAMFVIPKAHSI,4.587,1.686,17913.04
HLA-B*51:03,AMFVIPKAHSII,37.684,16.045,34885.49
HLA-B*51:03,MFVIPKAHSIIA,17.829,7.326,29036.57
HLA-B*51:03,FVIPKAHSIIAP,38.167,25.046,38114.63
HLA-B*51:03,VIPKAHSIIAPT,77.5,43.893,42077.47
HLA-B*51:03,IPKAHSIIAPTE,42.231,31.437,39743.61
HLA-B*51:03,PKAHSIIAPTEV,56.75,43.435,42007.41
HLA-B*51:03,KAHSIIAPTEVN,63.214,53.206,43390.5
HLA-B*51:03,AHSIIAPTEVNY,53.148,61.037,44329.14
HLA-B*51:03,HSIIAPTEVNYS,72.143,69.424,45201.41
HLA-B*51:03,SIIAPTEVNYSI,5.711,3.36,22985.16
HLA-B*51:03,IIAPTEVNYSID,29.614,14.427,34115.04
HLA-B*51:03,IAPTEVNYSIDF,24.039,16.564,35116.86
HLA-B*51:03,APTEVNYSIDFV,8.929,5.655,26977.51
HLA-B*51:03,PTEVNYSIDFVA,88.333,43.518,42020.14
HLA-B*51:03,TEVNYSIDFVAM,37.737,26.681,38562.62
HLA-B*51:03,EVNYSIDFVAMD,85.0,49.936,42970.95
HLA-B*51:03,VNYSIDFVAMDE,91.667,65.3,44793.43
HLA-B*51:03,NYSIDFVAMDEP,82.5,49.929,42970.03
HLA-B*51:03,YSIDFVAMDEPD,95.0,46.467,42472.21
HLA-B*51:03,SIDFVAMDEPDK,97.5,90.306,47153.7
HLA-B*51:03,IDFVAMDEPDKK,69.091,81.544,46320.34
HLA-B*51:03,DFVAMDEPDKKN,90.0,92.466,47395.13
HLA-B*51:03,FVAMDEPDKKNS,88.333,91.834,47324.39
HLA-B*51:03,VAMDEPDKKNSE,65.909,86.237,46756.4
HLA-B*51:03,AMDEPDKKNSEP,49.286,77.171,45924.62
HLA-B*51:03,MDEPDKKNSEPM,51.481,52.123,43251.31
HLA-B*51:03,DEPDKKNSEPMK,55.75,73.836,45620.05
HLA-B*51:03,EPDKKNSEPMKE,45.6,66.703,44931.79
HLA-B*51:03,PDKKNSEPMKEL,58.5,85.405,46676.53
HLA-B*51:03,DKKNSEPMKELE,70.0,87.847,46911.46
HLA-B*51:03,KKNSEPMKELER,91.667,95.846,48064.92
HLA-B*51:03,KNSEPMKELERS,83.75,79.795,46160.74
HLA-B*51:03,NSEPMKELERSG,91.667,74.598,45692.16
HLA-B*51:03,SEPMKELERSGA,53.333,40.386,41509.52
HLA-B*51:03,EPMKELERSGAM,9.995,6.788,28421.76
HLA-B*51:03,PMKELERSGAML,70.0,61.388,44367.53
HLA-B*51:03,MKELERSGAMLR,75.833,56.98,43856.35
HLA-B*51:03,KELERSGAMLRS,78.333,74.906,45721.34
HLA-B*51:03,ELERSGAMLRSM,53.704,39.239,41311.93
HLA-B*51:03,LERSGAMLRSMH,64.286,58.424,44027.99
HLA-B*51:03,ERSGAMLRSMHR,48.25,58.468,44033.25
HLA-B*51:03,RSGAMLRSMHRR,82.5,83.22,46473.96
HLA-B*51:03,SGAMLRSMHRRF,69.545,40.545,41536.49
HLA-B*51:03,GAMLRSMHRRFE,91.667,65.689,44831.75
HLA-B*51:03,AMLRSMHRRFEG,97.5,69.921,45250.85
HLA-B*51:03,MLRSMHRRFEGI,59.0,18.381,35874.97
HLA-B*51:03,LRSMHRRFEGIR,97.5,67.908,45051.04
HLA-B*51:03,RSMHRRFEGIRF,59.0,33.093,40109.5
HLA-B*51:03,SMHRRFEGIRFH,63.214,54.927,43612.66
HLA-B*51:03,MHRRFEGIRFHS,91.667,59.444,44149.63
HLA-B*51:03,HRRFEGIRFHSE,93.333,90.348,47158.29
HLA-B*51:03,RRFEGIRFHSEM,42.385,34.723,40446.37
HLA-B*51:03,RFEGIRFHSEMQ,93.333,74.092,45644.24
HLA-B*51:03,FEGIRFHSEMQL,28.714,20.089,36516.84
HLA-B*51:03,EGIRFHSEMQLG,60.0,45.733,42363.45
HLA-B*51:03,GIRFHSEMQLGT,91.667,75.748,45797.09
HLA-B*51:03,IRFHSEMQLGTF,51.296,30.447,39514.2
HLA-B*51:03,RFHSEMQLGTFR,75.0,60.299,44248.63
HLA-B*51:03,FHSEMQLGTFRE,77.5,51.699,43197.04
HLA-B*51:03,HSEMQLGTFREK,72.857,67.2,44980.9
HLA-B*51:03,SEMQLGTFREKG,85.0,55.088,43632.49
HLA-B*51:03,EMQLGTFREKGL,56.75,40.162,41471.82
HLA-B*51:03,MQLGTFREKGLA,59.25,21.819,37115.13
HLA-B*51:03,QLGTFREKGLAL,45.4,49.431,42901.28
HLA-B*51:03,LGTFREKGLALL,51.667,41.891,41757.27
HLA-B*51:03,GTFREKGLALLE,81.25,69.37,45196.05
HLA-B*51:03,TFREKGLALLEA,66.364,52.433,43291.1
HLA-B*51:03,FREKGLALLEAY,69.545,47.393,42608.92
HLA-B*51:03,REKGLALLEAYT,76.667,68.898,45149.11
HLA-B*51:03,EKGLALLEAYTI,20.358,3.738,23790.29
HLA-B*51:03,KGLALLEAYTIL,55.0,32.988,40087.8
HLA-B*51:03,GLALLEAYTILA,91.667,50.27,43014.23
HLA-B*51:03,LALLEAYTILAA,55.25,16.073,34897.93
HLA-B*51:03,ALLEAYTILAAL,33.536,23.795,37742.0
HLA-B*51:03,LLEAYTILAALG,66.818,40.388,41509.98
HLA-B*51:03,LEAYTILAALGK,64.643,36.848,40867.36
HLA-B*51:03,EAYTILAALGKI,8.149,1.824,18496.82
HLA-B*51:03,AYTILAALGKIL,79.167,51.134,43124.66
HLA-B*51:03,YTILAALGKILN,88.333,42.052,41783.48
HLA-B*51:03,TILAALGKILNS,79.167,70.652,45319.95
HLA-B*51:03,ILAALGKILNSW,54.074,32.825,40052.27
HLA-B*51:03,LAALGKILNSWG,70.714,45.791,42372.14
HLA-B*51:03,AALGKILNSWGT,75.0,55.652,43699.09
HLA-B*51:03,ALGKILNSWGTP,95.0,80.296,46206.22
HLA-B*51:03,LGKILNSWGTPE,97.5,81.331,46300.81
HLA-B*51:03,GKILNSWGTPEK,93.333,91.706,47310.08
HLA-B*51:03,KILNSWGTPEKP,74.286,73.805,45617.07
HLA-B*51:03,ILNSWGTPEKPE,97.5,90.343,47157.77
HLA-B*51:03,LNSWGTPEKPEC,85.0,81.013,46271.77
HLA-B*51:03,NSWGTPEKPECD,91.667,79.64,46146.75
HLA-B*51:03,SWGTPEKPECDI,53.333,48.299,42741.88
HLA-B*51:03,WGTPEKPECDIA,77.5,57.98,43975.16
HLA-B*51:03,GTPEKPECDIAR,63.214,89.253,47047.17
HLA-B*51:03,TPEKPECDIARV,8.79,9.807,31240.3
HLA-B*51:03,PEKPECDIARVL,49.286,52.516,43301.85
HLA-B*51:03,EKPECDIARVLI,37.053,23.311,37588.78
HLA-B*51:03,KPECDIARVLIR,59.25,36.759,40850.12
HLA-B*51:03,PECDIARVLIRA,82.5,70.652,45319.95
HLA-B*51:03,ECDIARVLIRAC,45.1,55.108,43634.86
HLA-B*51:03,CDIARVLIRACF,72.143,26.228,38442.24
HLA-B*51:03,DIARVLIRACFG,79.167,45.667,42353.37
HLA-B*51:03,IARVLIRACFGE,90.0,62.724,44513.69
HLA-B*51:03,ARVLIRACFGEV,86.667,47.551,42632.42
HLA-B*51:03,RVLIRACFGEVD,100.0,72.688,45511.59
HLA-B*51:03,VLIRACFGEVDP,97.5,77.652,45967.86
HLA-B*51:03,LIRACFGEVDPD,100.0,81.676,46332.39
HLA-B*51:03,IRACFGEVDPDI,81.25,36.25,40751.24
HLA-B*51:03,RACFGEVDPDIP,93.333,74.473,45680.28
HLA-B*51:03,ACFGEVDPDIPF,36.952,45.136,42273.25
HLA-B*51:03,CFGEVDPDIPFN,93.333,65.418,44805.07
HLA-B*51:03,FGEVDPDIPFNM,38.889,35.415,40586.21
HLA-B*51:03,GEVDPDIPFNMH,50.926,80.898,46261.23
HLA-B*51:03,EVDPDIPFNMHR,36.667,54.489,43556.08
HLA-B*51:03,VDPDIPFNMHRI,8.979,8.348,30024.11
HLA-B*51:03,DPDIPFNMHRII,1.427,0.301,7802.47
HLA-B*51:03,PDIPFNMHRIID,77.5,26.094,38406.88
HLA-B*51:03,DIPFNMHRIIDG,37.316,10.296,31592.1
HLA-B*51:03,IPFNMHRIIDGG,43.818,8.114,29813.68
HLA-B*51:03,PFNMHRIIDGGQ,100.0,95.613,47958.41
HLA-B*51:03,FNMHRIIDGGQV,29.591,19.307,36226.01
HLA-B*51:03,NMHRIIDGGQVR,73.571,61.472,44376.66
HLA-B*51:03,MHRIIDGGQVRQ,85.0,67.726,45033.0
HLA-B*51:03,HRIIDGGQVRQT,88.333,93.683,47531.71
HLA-B*51:03,RIIDGGQVRQTI,28.939,25.864,38343.77
HLA-B*51:03,IIDGGQVRQTIE,79.167,70.913,45344.45
HLA-B*51:03,IDGGQVRQTIEG,95.0,86.316,46764.0
HLA-B*51:03,DGGQVRQTIEGK,55.25,78.976,46086.89
HLA-B*51:03,GGQVRQTIEGKW,80.0,72.829,45524.88
HLA-B*51:03,GQVRQTIEGKWK,95.0,91.157,47248.67
HLA-B*51:03,QVRQTIEGKWKF,36.952,42.087,41789.38
HLA-B*51:03,VRQTIEGKWKFP,81.25,69.833,45242.04
HLA-B*51:03,RQTIEGKWKFPI,63.571,23.259,37572.52
HLA-B*51:03,QTIEGKWKFPIK,60.0,41.003,41613.84
HLA-B*51:03,TIEGKWKFPIKR,69.545,65.738,44836.58
HLA-B*51:03,IEGKWKFPIKRS,91.667,75.482,45773.32
HLA-B*51:03,EGKWKFPIKRSI,10.588,11.911,32705.44
HLA-B*51:03,GKWKFPIKRSIP,86.667,74.786,45709.96
HLA-B*51:03,KWKFPIKRSIPV,27.556,7.887,29602.18
HLA-B*51:03,WKFPIKRSIPVE,61.429,18.952,36093.39
HLA-B*51:03,KFPIKRSIPVER,47.625,38.755,41225.3
HLA-B*51:03,FPIKRSIPVERA,9.907,3.037,22224.84
HLA-B*51:03,PIKRSIPVERAA,82.5,73.925,45628.43
HLA-B*51:03,IKRSIPVERAAR,91.667,85.121,46649.27
HLA-B*51:03,KRSIPVERAARV,15.243,15.846,34792.74
HLA-B*51:03,RSIPVERAARVD,60.714,43.327,41991.05
HLA-B*51:03,SIPVERAARVDV,32.903,20.378,36620.09
HLA-B*51:03,IPVERAARVDVP,25.955,15.145,34463.79
HLA-B*51:03,PVERAARVDVPL,72.857,46.27,42443.27
HLA-B*51:03,VERAARVDVPLA,69.091,36.9,40877.53
HLA-B*51:03,ERAARVDVPLAV,33.607,30.232,39463.8
HLA-B*51:03,RAARVDVPLAVF,33.286,26.441,38498.83
HLA-B*51:03,AARVDVPLAVFE,59.0,59.244,44125.75
HLA-B*51:03,ARVDVPLAVFEC,69.545,72.197,45465.32
HLA-B*51:03,RVDVPLAVFECI,27.37,5.127,26232.01
HLA-B*51:03,VDVPLAVFECIR,59.75,20.439,36641.9
HLA-B*51:03,DVPLAVFECIRM,25.493,10.543,31770.02
HLA-B*51:03,VPLAVFECIRMD,48.75,14.424,34113.94
HLA-B*51:03,PLAVFECIRMDI,93.333,37.391,40970.96
HLA-B*51:03,LAVFECIRMDIR,90.0,47.805,42670.27
HLA-B*51:03,AVFECIRMDIRL,48.25,35.567,40616.54
HLA-B*51:03,VFECIRMDIRLK,93.333,69.951,45253.8
HLA-B*51:03,FECIRMDIRLKI,16.147,6.453,28016.89
HLA-B*51:03,ECIRMDIRLKIS,57.0,47.108,42566.52
HLA-B*51:03,CIRMDIRLKISG,91.667,52.626,43315.93
HLA-B*51:03,IRMDIRLKISGN,72.857,68.529,45112.5
HLA-B*51:03,RMDIRLKISGNV,78.333,36.743,40847.01
HLA-B*51:03,MDIRLKISGNVD,91.667,56.8,43835.03
HLA-B*51:03,DIRLKISGNVDP,74.286,65.468,44809.93
HLA-B*51:03,IRLKISGNVDPP,95.0,72.751,45517.48
HLA-B*51:03,RLKISGNVDPPK,81.25,88.216,46947.0
HLA-B*51:03,LKISGNVDPPKR,91.667,92.923,47446.41
HLA-B*51:03,KISGNVDPPKRR,83.75,96.602,48411.48
HLA-B*51:03,ISGNVDPPKRRT,79.167,88.963,47019.2
HLA-B*51:03,SGNVDPPKRRTM,44.818,61.968,44430.92
HLA-B*51:03,GNVDPPKRRTML,34.846,60.927,44317.14
HLA-B*51:03,NVDPPKRRTMLD,37.632,50.314,43019.8
HLA-B*51:03,VDPPKRRTMLDE,69.545,83.395,46490.06
HLA-B*51:03,DPPKRRTMLDEV,3.993,2.785,21569.79
HLA-B*51:03,PPKRRTMLDEVR,79.167,72.218,45467.29
HLA-B*51:03,PKRRTMLDEVRD,100.0,96.47,48350.76
HLA-B*51:03,KRRTMLDEVRDA,95.0,85.247,46661.39
HLA-B*51:03,RRTMLDEVRDAR,85.0,87.789,46905.87
HLA-B*51:03,RTMLDEVRDARR,90.0,85.842,46718.48
HLA-B*51:03,TMLDEVRDARRY,60.714,62.46,44484.82
HLA-B*51:03,MLDEVRDARRYG,88.333,59.272,44129.11
HLA-B*51:03,LDEVRDARRYGK,95.0,89.695,47089.97
HLA-B*51:03,DEVRDARRYGKP,71.429,72.959,45537.18
HLA-B*51:03,EVRDARRYGKPK,77.5,80.756,46248.23
HLA-B*51:03,VRDARRYGKPKT,93.333,92.507,47399.74
HLA-B*51:03,RDARRYGKPKTP,57.25,69.119,45171.1
HLA-B*51:03,DARRYGKPKTPN,64.643,73.079,45548.52
HLA-B*51:03,ARRYGKPKTPNM,53.889,78.018,46000.71
HLA-B*51:03,RRYGKPKTPNMT,75.0,87.547,46882.55
HLA-B*51:03,RYGKPKTPNMTA,22.15,24.248,37879.88
HLA-B*51:03,YGKPKTPNMTAF,21.544,22.211,37241.85
HLA-B*51:03,GKPKTPNMTAFR,77.5,77.198,45927.11
HLA-B*51:03,KPKTPNMTAFRT,37.526,47.718,42657.34
HLA-B*51:03,PKTPNMTAFRTK,88.333,70.339,45290.52
HLA-B*51:03,KTPNMTAFRTKE,95.0,78.926,46082.4
HLA-B*51:03,TPNMTAFRTKER,45.9,54.42,43547.12
HLA-B*51:03,PNMTAFRTKERI,54.444,26.997,38646.57
HLA-B*51:03,NMTAFRTKERIL,65.909,35.159,40535.31
HLA-B*51:03,MTAFRTKERILE,78.333,41.955,41767.66
HLA-B*51:03,TAFRTKERILES,48.25,32.226,39921.6
HLA-B*51:03,AFRTKERILESV,72.143,56.736,43827.42
HLA-B*51:03,FRTKERILESVS,91.667,73.069,45547.52
HLA-B*51:03,RTKERILESVSV,33.036,28.927,39152.05
HLA-B*51:03,TKERILESVSVH,77.5,74.149,45649.65
HLA-B*51:03,KERILESVSVHI,44.545,30.838,39605.82
HLA-B*51:03,ERILESVSVHIH,63.929,56.316,43777.65
HLA-B*51:03,RILESVSVHIHG,86.667,59.72,44182.61
HLA-B*51:03,ILESVSVHIHGG,95.0,72.719,45514.52
HLA-B*51:03,LESVSVHIHGGQ,88.333,81.84,46347.42
HLA-B*51:03,ESVSVHIHGGQD,91.667,70.308,45287.57
HLA-B*51:03,SVSVHIHGGQDA,63.929,60.782,44301.34
HLA-B*51:03,VSVHIHGGQDAY,60.714,52.947,43357.18
HLA-B*51:03,SVHIHGGQDAYL,60.714,44.075,42105.7
HLA-B*51:03,VHIHGGQDAYLP,71.429,54.486,43555.6
HLA-B*51:03,HIHGGQDAYLPW,52.593,26.805,38595.61
HLA-B*51:03,IHGGQDAYLPWA,88.333,53.563,43436.55
HLA-B*51:03,HGGQDAYLPWAF,43.909,28.739,39105.07
HLA-B*51:03,GGQDAYLPWAFG,93.333,45.773,42369.4
HLA-B*51:03,GQDAYLPWAFGE,93.333,65.251,44788.58
HLA-B*51:03,QDAYLPWAFGEV,26.55,4.834,25787.66
HLA-B*51:03,DAYLPWAFGEVA,5.318,1.495,17099.28
HLA-B*51:03,AYLPWAFGEVAG,80.0,37.016,40900.07
HLA-B*51:03,YLPWAFGEVAGT,65.455,22.721,37402.56
HLA-B*51:03,LPWAFGEVAGTT,23.862,5.255,26416.0
HLA-B*51:03,PWAFGEVAGTTI,43.091,8.89,30501.16
HLA-B*51:03,WAFGEVAGTTIL,20.39,6.129,27604.65
HLA-B*51:03,AFGEVAGTTILL,44.273,42.956,41933.84
HLA-B*51:03,FGEVAGTTILLD,54.259,49.138,42860.9
HLA-B*51:03,GEVAGTTILLDP,86.667,74.405,45673.86
HLA-B*51:03,EVAGTTILLDPH,72.857,69.4,45198.99
HLA-B*51:03,VAGTTILLDPHD,97.5,72.26,45471.21
HLA-B*51:03,AGTTILLDPHDF,81.25,67.643,45024.72
HLA-B*51:03,GTTILLDPHDFG,95.0,83.505,46500.11
HLA-B*51:03,TTILLDPHDFGL,33.357,28.788,39117.32
HLA-B*51:03,TILLDPHDFGLT,79.167,67.047,44965.82
HLA-B*51:03,ILLDPHDFGLTL,1.553,1.84,18568.4
HLA-B*51:03,LLDPHDFGLTLG,14.49,12.371,32984.4
HLA-B*51:03,LDPHDFGLTLGV,6.431,2.933,21959.51
HLA-B*51:03,DPHDFGLTLGVN,8.155,4.996,26044.23
HLA-B*51:03,PHDFGLTLGVNF,65.909,53.293,43401.77
HLA-B*51:03,HDFGLTLGVNFM,45.1,32.569,39996.38
HLA-B*51:03,DFGLTLGVNFMK,65.909,51.094,43119.52
HLA-B*51:03,FGLTLGVNFMKL,34.923,22.416,37306.37
HLA-B*51:03,GLTLGVNFMKLE,95.0,80.301,46206.73
HLA-B*51:03,LTLGVNFMKLEV,45.1,15.207,34492.89
HLA-B*51:03,TLGVNFMKLEVK,90.0,64.82,44744.03
HLA-B*51:03,LGVNFMKLEVKS,97.5,69.07,45166.21
HLA-B*51:03,GVNFMKLEVKSA,86.667,67.84,45044.21
HLA-B*51:03,VNFMKLEVKSAI,26.233,15.094,34440.3
HLA-B*51:03,NFMKLEVKSAIA,78.333,44.307,42142.62
HLA-B*51:03,FMKLEVKSAIAA,61.786,33.143,40119.92
HLA-B*51:03,MKLEVKSAIAAL,40.062,23.754,37728.94
HLA-B*51:03,KLEVKSAIAALT,90.0,71.347,45385.2
HLA-B*51:03,LEVKSAIAALTL,33.107,19.511,36302.14
HLA-B*51:03,EVKSAIAALTLF,21.596,12.158,32858.31
HLA-B*51:03,VKSAIAALTLFL,68.182,31.294,39710.94
HLA-B*51:03,KSAIAALTLFLE,90.0,57.32,43896.73
HLA-B*51:03,SAIAALTLFLEL,18.134,9.902,31309.0
HLA-B*51:03,AIAALTLFLELL,72.857,38.155,41114.84
HLA-B*51:03,IAALTLFLELLI,28.184,4.045,24396.36
HLA-B*51:03,AALTLFLELLIA,53.519,26.113,38411.88
HLA-B*51:03,ALTLFLELLIAQ,95.0,76.877,45898.27
HLA-B*51:03,LTLFLELLIAQI,45.4,12.032,32784.46
HLA-B*51:03,TLFLELLIAQIR,82.5,55.408,43670.27
HLA-B*51:03,LFLELLIAQIRQ,93.333,74.212,45655.6
HLA-B*51:03,FLELLIAQIRQR,85.0,74.17,45651.62
HLA-B*51:03,LELLIAQIRQRG,91.667,64.02,44655.99
HLA-B*51:03,ELLIAQIRQRGP,82.5,75.061,45735.7
HLA-B*51:03,LLIAQIRQRGPL,47.875,32.413,39962.22
HLA-B*51:03,LIAQIRQRGPLA,66.818,43.256,41980.16
HLA-B*51:03,IAQIRQRGPLAA,34.962,29.977,39404.07
HLA-B*51:03,AQIRQRGPLAAD,80.0,83.061,46459.37
HLA-B*51:03,QIRQRGPLAADS,95.0,89.316,47053.3
HLA-B*51:03,IRQRGPLAADSQ,90.0,92.457,47394.09
HLA-B*51:03,RQRGPLAADSQV,14.828,16.226,34965.96
HLA-B*51:03,QRGPLAADSQVK,53.889,50.201,43005.38
HLA-B*51:03,RGPLAADSQVKT,60.357,63.221,44568.16
HLA-B*51:03,GPLAADSQVKTD,66.364,69.961,45254.76
HLA-B*51:03,PLAADSQVKTDD,100.0,97.067,48625.66
HLA-B*51:03,LAADSQVKTDDL,15.022,29.973,39403.2
HLA-B*51:03,AADSQVKTDDLA,36.143,54.686,43581.54
HLA-B*51:03,ADSQVKTDDLAE,93.333,93.079,47463.89
HLA-B*51:03,DSQVKTDDLAES,77.5,73.21,45560.83
HLA-B*51:03,SQVKTDDLAESF,34.346,49.165,42864.61
HLA-B*51:03,QVKTDDLAESFG,75.0,76.899,45900.29
HLA-B*51:03,VKTDDLAESFGR,90.0,89.947,47114.42
HLA-B*51:03,KTDDLAESFGRK,77.5,84.283,46571.62
HLA-B*51:03,TDDLAESFGRKL,34.808,39.478,41353.51
HLA-B*51:03,DDLAESFGRKLA,47.375,40.399,41511.77
HLA-B*51:03,DLAESFGRKLAG,59.75,41.492,41692.71
HLA-B*51:03,LAESFGRKLAGL,48.5,32.153,39905.61
HLA-B*51:03,AESFGRKLAGLI,46.222,16.053,34889.25
HLA-B*51:03,ESFGRKLAGLIA,24.688,13.711,33748.29
HLA-B*51:03,SFGRKLAGLIAV,66.364,41.802,41742.81
HLA-B*51:03,FGRKLAGLIAVD,91.667,58.428,44028.48
HLA-B*51:03,GRKLAGLIAVDP,97.5,86.211,46753.87
HLA-B*51:03,RKLAGLIAVDPG,97.5,70.256,45282.67
HLA-B*51:03,KLAGLIAVDPGT,95.0,85.037,46641.21
HLA-B*51:03,LAGLIAVDPGTS,93.333,67.352,44995.98
HLA-B*51:03,AGLIAVDPGTSV,8.169,23.863,37763.65
HLA-B*51:03,GLIAVDPGTSVL,30.054,44.92,42239.87
HLA-B*51:03,LIAVDPGTSVLD,43.545,51.933,43226.96
HLA-B*51:03,IAVDPGTSVLDM,12.671,19.618,36342.21
HLA-B*51:03,AVDPGTSVLDMA,48.375,50.985,43105.53
HLA-B*51:03,VDPGTSVLDMAI,24.377,10.113,31460.78
HLA-B*51:03,DPGTSVLDMAIA,20.106,9.166,30737.37
HLA-B*51:03,PGTSVLDMAIAL,70.0,54.814,43598.04
HLA-B*51:03,GTSVLDMAIALL,71.429,38.354,41151.32
HLA-B*51:03,TSVLDMAIALLD,83.75,34.951,40493.66
HLA-B*51:03,SVLDMAIALLDH,81.25,62.72,44513.21
HLA-B*51:03,VLDMAIALLDHP,80.0,45.106,42268.67
HLA-B*51:03,LDMAIALLDHPC,86.667,37.557,41002.44
HLA-B*51:03,DMAIALLDHPCF,24.636,9.368,30907.44
HLA-B*51:03,MAIALLDHPCFS,66.818,15.22,34499.23
HLA-B*51:03,AIALLDHPCFSE,95.0,78.212,46018.13
HLA-B*51:03,IALLDHPCFSEQ,86.667,65.162,44779.86
HLA-B*51:03,ALLDHPCFSEQM,54.259,45.348,42305.27
HLA-B*51:03,LLDHPCFSEQMI,22.16,4.385,25044.12
HLA-B*51:03,LDHPCFSEQMIV,34.269,8.462,30127.58
HLA-B*51:03,DHPCFSEQMIVL,21.053,13.783,33787.38
HLA-B*51:03,HPCFSEQMIVLE,32.161,14.066,33939.07
HLA-B*51:03,PCFSEQMIVLES,95.0,77.636,45966.37
HLA-B*51:03,CFSEQMIVLESV,60.0,16.085,34903.22
HLA-B*51:03,FSEQMIVLESVG,82.5,32.633,40010.24
HLA-B*51:03,SEQMIVLESVGM,39.0,30.489,39524.04
HLA-B*51:03,EQMIVLESVGMI,21.421,7.087,28772.62
HLA-B*51:03,QMIVLESVGMIG,91.667,51.867,43218.55
HLA-B*51:03,MIVLESVGMIGI,51.852,20.587,36695.06
HLA-B*51:03,IVLESVGMIGIE,86.667,53.465,43423.86
HLA-B*51:03,VLESVGMIGIEP,91.667,67.82,45042.27
HLA-B*51:03,LESVGMIGIEPS,95.0,61.191,44345.93
HLA-B*51:03,ESVGMIGIEPSG,78.333,56.508,43800.41
HLA-B*51:03,SVGMIGIEPSGL,70.0,55.724,43707.6
HLA-B*51:03,VGMIGIEPSGLS,83.75,59.464,44152.02
HLA-B*51:03,GMIGIEPSGLSL,41.667,38.959,41262.8
HLA-B*51:03,MIGIEPSGLSLE,70.714,61.753,44407.38
HLA-B*51:03,IGIEPSGLSLEF,10.057,5.27,26437.44
HLA-B*51:03,GIEPSGLSLEFF,37.895,25.115,38134.0
HLA-B*51:03,IEPSGLSLEFFG,51.481,26.356,38476.34
HLA-B*51:03,EPSGLSLEFFGE,31.471,27.178,38695.95
HLA-B*51:03,PSGLSLEFFGEA,95.0,57.664,43937.57
HLA-B*51:03,SGLSLEFFGEAG,97.5,60.101,44227.09
HLA-B*51:03,GLSLEFFGEAGS,97.5,80.515,46226.22
HLA-B*51:03,LSLEFFGEAGSM,43.364,17.105,35356.3
HLA-B*51:03,SLEFFGEAGSMQ,88.333,62.821,44524.29
HLA-B*51:03,LEFFGEAGSMQY,40.625,28.937,39154.58
HLA-B*51:03,EFFGEAGSMQYL,19.743,25.564,38259.66
HLA-B*51:03,FFGEAGSMQYLL,33.036,14.517,34159.0
HLA-B*51:03,FGEAGSMQYLLD,63.571,42.455,41850.44
HLA-B*51:03,GEAGSMQYLLDL,40.0,29.096,39193.16
HLA-B*51:03,EAGSMQYLLDLN,75.833,41.324,41665.67
HLA-B*51:03,AGSMQYLLDLNE,91.667,73.81,45617.57
HLA-B*51:03,GSMQYLLDLNET,93.333,62.834,44525.75
HLA-B*51:03,SMQYLLDLNETS,90.0,65.32,44795.37
HLA-B*51:03,MQYLLDLNETSA,49.571,19.702,36373.68
HLA-B*51:03,QYLLDLNETSAV,62.857,37.951,41077.05
HLA-B*51:03,YLLDLNETSAVS,85.0,56.492,43798.52
HLA-B*51:03,LLDLNETSAVSY,72.143,60.861,44309.96
HLA-B*51:03,LDLNETSAVSYD,95.0,72.797,45521.92
HLA-B*51:03,DLNETSAVSYDI,27.741,12.667,33160.47
HLA-B*51:03,LNETSAVSYDIE,93.333,63.994,44653.11
HLA-B*51:03,NETSAVSYDIEA,41.5,32.016,39875.85
HLA-B*51:03,ETSAVSYDIEAA,55.5,39.134,41293.6
HLA-B*51:03,TSAVSYDIEAAP,63.571,48.617,42787.25
HLA-B*51:03,SAVSYDIEAAPR,72.143,59.544,44161.59
HLA-B*51:03,AVSYDIEAAPRQ,90.0,90.435,47167.99
HLA-B*51:03,VSYDIEAAPRQK,46.222,66.89,44950.25
HLA-B*51:03,SYDIEAAPRQKP,62.143,71.19,45370.48
HLA-B*51:03,YDIEAAPRQKPD,90.0,71.352,45385.7
HLA-B*51:03,DIEAAPRQKPDS,90.0,92.548,47404.36
HLA-B*51:03,IEAAPRQKPDSP,38.389,52.593,43311.71
HLA-B*51:03,EAAPRQKPDSPG,65.909,58.98,44094.26
HLA-B*51:03,AAPRQKPDSPGG,90.0,93.436,47503.94
HLA-B*51:03,APRQKPDSPGGA,25.791,44.491,42171.82
HLA-B*51:03,PRQKPDSPGGAL,26.017,45.585,42341.0
HLA-B*51:03,RQKPDSPGGALF,29.318,33.286,40149.45
HLA-B*51:03,QKPDSPGGALFT,50.926,52.261,43269.08
HLA-B*51:03,KPDSPGGALFTE,37.263,44.034,42099.32
HLA-B*51:03,PDSPGGALFTEN,93.333,90.201,47141.96
HLA-B*51:03,DSPGGALFTENP,49.571,40.455,41521.2
HLA-B*51:03,SPGGALFTENPS,71.429,41.168,41640.42
HLA-B*51:03,PGGALFTENPSC,93.333,90.732,47201.16
HLA-B*51:03,GGALFTENPSCS,97.5,90.933,47223.63
HLA-B*51:03,GALFTENPSCSQ,88.333,89.774,47097.59
HLA-B*51:03,ALFTENPSCSQA,57.0,48.029,42703.52
HLA-B*51:03,LFTENPSCSQAY,62.143,54.22,43521.2
HLA-B*51:03,FTENPSCSQAYD,81.25,22.67,37386.38
HLA-B*51:03,TENPSCSQAYDF,30.622,25.275,38178.59
HLA-B*51:03,ENPSCSQAYDFL,46.444,18.783,36028.62
HLA-B*51:03,NPSCSQAYDFLE,55.25,19.431,36272.3
HLA-B*51:03,PSCSQAYDFLES,97.5,85.095,46646.74
HLA-B*51:03,SCSQAYDFLESP,37.895,31.708,39805.58
HLA-B*51:03,CSQAYDFLESPL,61.071,16.822,35232.57
HLA-B*51:03,SQAYDFLESPLN,82.5,49.973,42976.07
HLA-B*51:03,QAYDFLESPLNS,42.846,33.777,40250.8
HLA-B*51:03,AYDFLESPLNSS,90.0,81.884,46351.42
HLA-B*51:03,YDFLESPLNSSS,65.455,55.712,43706.2
HLA-B*51:03,DFLESPLNSSSA,27.63,23.089,37518.88
HLA-B*51:03,FLESPLNSSSAT,35.292,16.576,35122.18
HLA-B*51:03,LESPLNSSSATP,56.5,43.625,42036.51
HLA-B*51:03,ESPLNSSSATPP,66.818,48.935,42832.63
HLA-B*51:03,SPLNSSSATPPK,47.875,43.89,42077.01
HLA-B*51:03,PLNSSSATPPKK,95.0,95.799,48043.6
HLA-B*51:03,LNSSSATPPKKG,97.5,88.216,46947.0
HLA-B*51:03,NSSSATPPKKGQ,72.857,93.916,47557.95
HLA-B*51:03,SSSATPPKKGQF,38.278,51.513,43173.22
HLA-B*51:03,SSATPPKKGQFW,18.567,24.982,38096.49
HLA-B*51:03,SATPPKKGQFWK,43.727,49.145,42861.84
HLA-B*51:03,ATPPKKGQFWKG,70.0,64.367,44694.2
HLA-B*51:03,TPPKKGQFWKGQ,55.75,63.805,44632.32
HLA-B*51:03,PPKKGQFWKGQW,36.762,40.87,41591.33
HLA-B*51:03,PKKGQFWKGQWS,100.0,95.143,47745.11
HLA-B*51:03,KKGQFWKGQWSH,85.0,87.558,46883.55
HLA-B*51:03,KGQFWKGQWSHN,95.0,90.691,47196.56
HLA-B*51:03,GQFWKGQWSHNT,83.75,71.039,45356.23
HLA-B*51:03,QFWKGQWSHNTQ,74.286,84.803,46619.49
HLA-B*51:03,FWKGQWSHNTQG,93.333,67.889,45049.09
HLA-B*51:03,WKGQWSHNTQGP,95.0,85.632,46698.27
HLA-B*51:03,KGQWSHNTQGPK,88.333,88.616,46985.62
HLA-B*51:03,GQWSHNTQGPKA,57.5,59.2,44120.52
HLA-B*51:03,QWSHNTQGPKAG,93.333,92.914,47445.4
HLA-B*51:03,WSHNTQGPKAGG,97.5,75.349,45761.43
HLA-B*51:03,SHNTQGPKAGGI,49.714,45.312,42299.79
HLA-B*51:03,HNTQGPKAGGIF,57.75,63.875,44640.07
HLA-B*51:03,NTQGPKAGGIFD,75.0,54.617,43572.57
HLA-B*51:03,TQGPKAGGIFDS,95.0,83.724,46520.23
HLA-B*51:03,QGPKAGGIFDSA,57.25,45.873,42384.52
HLA-B*51:03,GPKAGGIFDSAP,41.167,49.057,42849.79
HLA-B*51:03,PKAGGIFDSAPS,100.0,93.449,47505.5
HLA-B*51:03,KAGGIFDSAPSN,83.75,81.813,46344.91
HLA-B*51:03,AGGIFDSAPSNA,58.75,72.03,45449.58
HLA-B*51:03,GGIFDSAPSNAS,95.0,89.874,47107.28
HLA-B*51:03,GIFDSAPSNASI,29.182,20.676,36726.83
HLA-B*51:03,IFDSAPSNASIE,76.667,48.99,42840.51
HLA-B*51:03,FDSAPSNASIED,75.0,32.655,40015.01
HLA-B*51:03,DSAPSNASIEDD,43.273,59.336,44136.73
HLA-B*51:03,SAPSNASIEDDD,97.5,89.742,47094.55
HLA-B*51:03,APSNASIEDDDL,18.549,31.861,39840.48
HLA-B*51:03,PSNASIEDDDLK,97.5,95.552,47930.92
HLA-B*51:03,SNASIEDDDLKI,36.048,36.591,40817.41
HLA-B*51:03,NASIEDDDLKIL,28.347,37.529,40997.12
HLA-B*51:03,ASIEDDDLKILN,69.545,76.085,45827.32
HLA-B*51:03,SIEDDDLKILNV,37.737,42.433,41846.82
HLA-B*51:03,IEDDDLKILNVQ,61.071,72.453,45489.43
HLA-B*51:03,EDDDLKILNVQQ,75.0,90.43,47167.47
HLA-B*51:03,DDDLKILNVQQA,48.375,48.961,42836.34
HLA-B*51:03,DDLKILNVQQAK,60.714,65.571,44820.1
HLA-B*51:03,DLKILNVQQAKK,81.25,80.652,46238.71
HLA-B*51:03,LKILNVQQAKKR,95.0,94.785,47655.83
HLA-B*51:03,KILNVQQAKKRV,57.5,58.992,44095.68
HLA-B*51:03,ILNVQQAKKRVQ,95.0,90.352,47158.8
HLA-B*51:03,LNVQQAKKRVQD,97.5,94.785,47655.83
HLA-B*51:03,NVQQAKKRVQDQ,91.667,95.108,47729.1
HLA-B*51:03,VQQAKKRVQDQR,93.333,95.856,48069.6
HLA-B*51:03,QQAKKRVQDQRA,67.727,88.789,47002.41
HLA-B*51:03,QAKKRVQDQRAE,82.5,92.379,47385.38
HLA-B*51:03,AKKRVQDQRAEY,68.636,89.084,47030.91
HLA-B*51:03,KKRVQDQRAEYI,65.0,57.296,43893.87
HLA-B*51:03,KRVQDQRAEYIG,95.0,85.779,46712.4
HLA-B*51:03,RVQDQRAEYIGP,81.25,74.421,45675.36
HLA-B*51:03,VQDQRAEYIGPS,91.667,73.032,45544.09
HLA-B*51:03,QDQRAEYIGPSQ,83.75,88.5,46974.44
HLA-B*51:03,DQRAEYIGPSQA,28.102,30.958,39634.11
HLA-B*51:03,QRAEYIGPSQAF,27.852,39.19,41303.43
HLA-B*51:03,RAEYIGPSQAFS,54.259,54.052,43499.57
HLA-B*51:03,AEYIGPSQAFSH,42.385,56.712,43824.57
HLA-B*51:03,EYIGPSQAFSHW,8.761,7.842,29558.65
HLA-B*51:03,YIGPSQAFSHWS,37.579,18.887,36068.4
HLA-B*51:03,IGPSQAFSHWSG,56.25,30.188,39453.55
HLA-B*51:03,GPSQAFSHWSGV,19.811,8.041,29747.95
HLA-B*51:03,PSQAFSHWSGVD,100.0,65.807,44843.38
HLA-B*51:03,SQAFSHWSGVDL,54.074,26.537,38524.26
HLA-B*51:03,QAFSHWSGVDLT,52.407,24.418,37929.91
HLA-B*51:03,AFSHWSGVDLTV,55.75,19.942,36463.54
HLA-B*51:03,FSHWSGVDLTVT,76.667,31.67,39796.95
HLA-B*51:03,SHWSGVDLTVTR,57.75,47.356,42603.37
HLA-B*51:03,HWSGVDLTVTRK,81.25,83.368,46487.54
HLA-B*51:03,WSGVDLTVTRKG,95.0,68.725,45132.03
HLA-B*51:03,SGVDLTVTRKGK,56.5,85.542,46689.66
HLA-B*51:03,GVDLTVTRKGKD,100.0,96.487,48358.59
HLA-B*51:03,VDLTVTRKGKDG,97.5,95.115,47732.2
HLA-B*51:03,DLTVTRKGKDGG,97.5,95.692,47994.77
HLA-B*51:03,LTVTRKGKDGGN,100.0,96.533,48379.52
HLA-B*51:03,TVTRKGKDGGNN,100.0,97.651,48896.32
HLA-B*51:03,VTRKGKDGGNNV,39.706,53.122,43379.7
HLA-B*51:03,TRKGKDGGNNVL,51.481,79.037,46092.38
HLA-B*51:03,RKGKDGGNNVLT,90.0,95.852,48067.53
HLA-B*51:03,KGKDGGNNVLTG,90.0,91.391,47274.76
HLA-B*51:03,GKDGGNNVLTGN,97.5,96.986,48588.32
HLA-B*51:03,KDGGNNVLTGNN,100.0,96.864,48532.11
HLA-B*51:03,DGGNNVLTGNNQ,90.0,93.06,47461.84
HLA-B*51:03,GGNNVLTGNNQT,95.0,96.085,48174.25
HLA-B*51:03,GNNVLTGNNQTI,61.786,44.997,42252.21
HLA-B*51:03,NNVLTGNNQTIL,45.6,44.299,42141.26
HLA-B*51:03,NVLTGNNQTILA,62.857,42.439,41847.74
HLA-B*51:03,VLTGNNQTILAN,97.5,84.803,46619.49
HLA-B*51:03,LTGNNQTILAND,100.0,81.648,46329.88
HLA-B*51:03,TGNNQTILANDY,70.714,70.172,45274.84
HLA-B*51:03,GNNQTILANDYK,90.0,88.295,46954.63
HLA-B*51:03,NNQTILANDYKI,35.292,22.388,37297.49
HLA-B*51:03,NQTILANDYKIA,85.0,56.328,43779.09
HLA-B*51:03,QTILANDYKIAQ,83.75,71.608,45409.76
HLA-B*51:03,TILANDYKIAQA,63.214,53.705,43454.88
HLA-B*51:03,ILANDYKIAQAG,91.667,62.056,44440.55
HLA-B*51:03,LANDYKIAQAGF,37.474,26.08,38403.14
HLA-B*51:03,ANDYKIAQAGFA,79.167,62.034,44438.14
HLA-B*51:03,NDYKIAQAGFAE,76.667,65.861,44848.73
HLA-B*51:03,DYKIAQAGFAES,63.571,53.979,43490.14
HLA-B*51:03,YKIAQAGFAESG,97.5,74.045,45639.79
HLA-B*51:03,KIAQAGFAESGK,88.333,88.089,46934.83
HLA-B*51:03,IAQAGFAESGKA,40.25,31.846,39837.04
HLA-B*51:03,AQAGFAESGKAR,62.143,86.537,46785.24
HLA-B*51:03,QAGFAESGKARL,47.0,57.14,43875.36
HLA-B*51:03,AGFAESGKARLV,31.853,21.672,37066.17
HLA-B*51:03,GFAESGKARLVN,91.667,79.38,46123.31
HLA-B*51:03,FAESGKARLVNY,42.846,34.252,40348.91
HLA-B*51:03,AESGKARLVNYG,79.167,77.076,45916.15
HLA-B*51:03,ESGKARLVNYGD,95.0,72.552,45498.76
HLA-B*51:03,SGKARLVNYGDE,97.5,94.378,47609.97
HLA-B*51:03,GKARLVNYGDER,97.5,95.972,48122.68
HLA-B*51:03,KARLVNYGDERK,90.0,89.1,47032.43
HLA-B*51:03,ARLVNYGDERKQ,93.333,96.476,48353.38
HLA-B*51:03,RLVNYGDERKQV,66.818,61.498,44379.52
HLA-B*51:03,LVNYGDERKQVV,36.0,37.225,40939.5
HLA-B*51:03,VNYGDERKQVVV,34.077,29.238,39227.09
HLA-B*51:03,NYGDERKQVVVR,72.143,82.508,46408.64
HLA-B*51:03,YGDERKQVVVRN,75.833,75.028,45732.72
HLA-B*51:03,GDERKQVVVRNL,61.071,65.197,44783.27
HLA-B*51:03,DERKQVVVRNLW,24.61,20.873,36797.65
HLA-B*51:03,ERKQVVVRNLWA,70.714,52.633,43316.85
HLA-B*51:03,RKQVVVRNLWAR,93.333,72.829,45524.88
HLA-B*51:03,KQVVVRNLWARS,95.0,80.811,46253.24
HLA-B*51:03,QVVVRNLWARSV,37.947,25.854,38340.88
HLA-B*51:03,VVVRNLWARSVT,93.333,55.568,43689.17
HLA-B*51:03,VVRNLWARSVTG,90.0,55.196,43645.24
HLA-B*51:03,VRNLWARSVTGP,95.0,73.45,45583.52
HLA-B*51:03,RNLWARSVTGPD,100.0,81.407,46307.83
HLA-B*51:03,NLWARSVTGPDR,80.0,70.465,45302.3
HLA-B*51:03,LWARSVTGPDRF,61.429,41.128,41634.11
HLA-B*51:03,WARSVTGPDRFQ,70.714,53.373,43412.1
HLA-B*51:03,ARSVTGPDRFQE,93.333,95.176,47760.1
HLA-B*51:03,RSVTGPDRFQER,75.0,85.921,46726.05
HLA-B*51:03,SVTGPDRFQERS,81.25,78.156,46013.14
HLA-B*51:03,VTGPDRFQERSE,90.0,93.486,47509.61
HLA-B*51:03,TGPDRFQERSEE,88.333,90.229,47145.03
HLA-B*51:03,GPDRFQERSEEL,22.21,38.153,41114.39
HLA-B*51:03,PDRFQERSEELK,86.667,89.663,47086.9
HLA-B*51:03,DRFQERSEELKK,64.286,74.849,45715.88
HLA-B*51:03,RFQERSEELKKQ,93.333,95.783,48036.32
HLA-B*51:03,FQERSEELKKQQ,91.667,95.344,47836.12
HLA-B*51:03,QERSEELKKQQL,40.438,71.326,45383.24
HLA-B*51:03,ERSEELKKQQLT,62.143,81.101,46279.77
HLA-B*51:03,RSEELKKQQLTC,66.818,69.286,45187.74
HLA-B*51:03,SEELKKQQLTCY,52.963,65.63,44825.91
HLA-B*51:03,EELKKQQLTCYF,34.077,28.932,39153.32
HLA-B*51:03,ELKKQQLTCYFI,27.167,17.779,35637.44
HLA-B*51:03,LKKQQLTCYFIK,95.0,57.396,43905.73
HLA-B*51:03,KKQQLTCYFIKT,97.5,82.196,46380.01
HLA-B*51:03,KQQLTCYFIKTK,88.333,73.492,45587.46
HLA-B*51:03,QQLTCYFIKTKS,91.667,71.926,45439.73
HLA-B*51:03,QLTCYFIKTKSD,100.0,89.132,47035.49
HLA-B*51:03,LTCYFIKTKSDR,97.5,87.484,46876.45
HLA-B*51:03,TCYFIKTKSDRG,97.5,84.611,46601.85
HLA-B*51:03,CYFIKTKSDRGL,76.667,51.255,43140.07
HLA-B*51:03,YFIKTKSDRGLN,95.0,84.272,46570.6
HLA-B*51:03,FIKTKSDRGLNT,83.75,77.154,45923.11
HLA-B*51:03,IKTKSDRGLNTL,33.714,48.756,42807.14
HLA-B*51:03,KTKSDRGLNTLK,80.0,82.667,46423.19
HLA-B*51:03,TKSDRGLNTLKG,75.833,85.574,46692.7
HLA-B*51:03,KSDRGLNTLKGI,48.25,35.475,40598.07
HLA-B*51:03,SDRGLNTLKGID,91.667,74.525,45685.23
HLA-B*51:03,DRGLNTLKGIDP,90.0,80.794,46251.72
HLA-B*51:03,RGLNTLKGIDPE,95.0,91.148,47247.66
HLA-B*51:03,GLNTLKGIDPEE,93.333,96.323,48283.3
HLA-B*51:03,LNTLKGIDPEEL,65.909,65.659,44828.83
HLA-B*51:03,NTLKGIDPEELK,53.333,72.004,45447.12
HLA-B*51:03,TLKGIDPEELKV,26.6,41.804,41743.27
HLA-B*51:03,LKGIDPEELKVM,68.636,72.824,45524.38
HLA-B*51:03,KGIDPEELKVMQ,69.545,89.184,47040.55
HLA-B*51:03,GIDPEELKVMQV,24.481,28.722,39100.83
HLA-B*51:03,IDPEELKVMQVA,41.25,28.227,38977.49
HLA-B*51:03,DPEELKVMQVAE,29.977,29.933,39393.39
HLA-B*51:03,PEELKVMQVAEK,95.0,91.386,47274.24
HLA-B*51:03,EELKVMQVAEKM,21.833,23.549,37664.1
HLA-B*51:03,ELKVMQVAEKMG,79.167,67.382,44998.92
HLA-B*51:03,LKVMQVAEKMGD,97.5,83.751,46522.75
HLA-B*51:03,KVMQVAEKMGDF,62.5,53.822,43469.93
HLA-B*51:03,VMQVAEKMGDFR,93.333,76.567,45870.48
HLA-B*51:03,MQVAEKMGDFRD,97.5,66.122,44874.45
HLA-B*51:03,QVAEKMGDFRDR,91.667,93.106,47466.95
HLA-B*51:03,VAEKMGDFRDRA,76.667,61.388,44367.53
HLA-B*51:03,AEKMGDFRDRAE,93.333,93.788,47543.54
HLA-B*51:03,EKMGDFRDRAET,81.25,78.754,46066.95
HLA-B*51:03,KMGDFRDRAETA,80.0,69.665,45225.41
HLA-B*51:03,MGDFRDRAETAD,97.5,79.889,46169.23
HLA-B*51:03,GDFRDRAETADD,100.0,96.168,48212.32
HLA-B*51:03,DFRDRAETADDN,97.5,95.22,47779.73
HLA-B*51:03,FRDRAETADDNP,80.0,81.703,46334.89
HLA-B*51:03,RDRAETADDNPH,95.0,95.328,47828.87
HLA-B*51:03,DRAETADDNPHR,58.75,91.336,47268.63
HLA-B*51:03,RAETADDNPHRQ,85.0,96.476,48353.38
HLA-B*51:03,AETADDNPHRQA,50.37,69.828,45241.54
HLA-B*51:03,ETADDNPHRQAA,38.444,49.229,42873.43
HLA-B*51:03,TADDNPHRQAAE,50.37,75.149,45743.61
HLA-B*51:03,ADDNPHRQAAEI,19.486,13.599,33686.64
HLA-B*51:03,DDNPHRQAAEIP,37.316,27.187,38698.47
HLA-B*51:03,DNPHRQAAEIPG,52.963,42.278,41821.03
HLA-B*51:03,NPHRQAAEIPGV,7.527,4.675,25538.04
HLA-B*51:03,PHRQAAEIPGVK,91.667,85.847,46719.0
HLA-B*51:03,HRQAAEIPGVKN,91.667,86.779,46808.54
HLA-B*51:03,RQAAEIPGVKNN,91.667,91.56,47293.7
HLA-B*51:03,QAAEIPGVKNNF,22.91,26.43,38495.93
HLA-B*51:03,AAEIPGVKNNFP,59.5,65.423,44805.57
HLA-B*51:03,AEIPGVKNNFPV,24.831,17.093,35351.31
HLA-B*51:03,EIPGVKNNFPVI,18.421,7.331,29041.91
HLA-B*51:03,IPGVKNNFPVIL,5.855,4.44,25151.11
HLA-B*51:03,PGVKNNFPVILA,91.667,73.664,45603.75
HLA-B*51:03,GVKNNFPVILAE,90.0,80.728,46245.73
HLA-B*51:03,VKNNFPVILAEK,91.667,77.702,45972.33
HLA-B*51:03,KNNFPVILAEKV,17.394,11.583,32487.13
HLA-B*51:03,NNFPVILAEKVS,44.455,28.188,38967.79
HLA-B*51:03,NFPVILAEKVSD,74.286,47.372,42605.68
HLA-B*51:03,FPVILAEKVSDL,7.462,3.709,23733.22
HLA-B*51:03,PVILAEKVSDLG,100.0,91.281,47262.48
HLA-B*51:03,VILAEKVSDLGA,82.5,64.139,44669.04
HLA-B*51:03,ILAEKVSDLGAK,77.5,79.264,46112.81
HLA-B*51:03,LAEKVSDLGAKC,62.5,60.36,44255.33
HLA-B*51:03,AEKVSDLGAKCH,69.091,92.145,47359.23
HLA-B*51:03,EKVSDLGAKCHR,90.0,93.673,47530.7
HLA-B*51:03,KVSDLGAKCHRG,95.0,95.057,47705.86
HLA-B*51:03,VSDLGAKCHRGL,47.5,56.248,43769.6
HLA-B*51:03,SDLGAKCHRGLK,76.667,73.565,45594.37
HLA-B*51:03,DLGAKCHRGLKK,93.333,86.532,46784.75
HLA-B*51:03,LGAKCHRGLKKR,95.0,92.475,47396.14
HLA-B*51:03,GAKCHRGLKKRL,69.545,72.787,45520.92
HLA-B*51:03,AKCHRGLKKRLA,83.75,89.758,47096.07
HLA-B*51:03,KCHRGLKKRLAC,91.667,89.284,47050.23
HLA-B*51:03,CHRGLKKRLACC,93.333,77.065,45915.18
HLA-B*51:03,HRGLKKRLACCA,91.667,74.201,45654.6
HLA-B*51:03,RGLKKRLACCAR,95.0,84.496,46591.27
HLA-B*51:03,GLKKRLACCARS,97.5,94.291,47600.18
HLA-B*51:03,LKKRLACCARSI,78.333,27.301,38729.45
HLA-B*51:03,KKRLACCARSIM,93.333,48.062,42708.15
HLA-B*51:03,KRLACCARSIMV,85.0,43.821,42066.54
HLA-B*51:03,RLACCARSIMVP,93.333,57.476,43915.24
HLA-B*51:03,LACCARSIMVPL,43.091,12.992,33354.77
HLA-B*51:03,ACCARSIMVPLG,95.0,66.737,44935.18
HLA-B*51:03,CCARSIMVPLGN,100.0,64.46,44704.34
HLA-B*51:03,CARSIMVPLGNF,64.643,16.254,34978.46
HLA-B*51:03,ARSIMVPLGNFR,83.75,69.828,45241.54
HLA-B*51:03,RSIMVPLGNFRI,41.833,12.898,33298.89
HLA-B*51:03,SIMVPLGNFRIS,70.0,40.287,41492.9
HLA-B*51:03,IMVPLGNFRISA,60.714,30.257,39469.76
HLA-B*51:03,MVPLGNFRISAS,80.0,46.545,42483.69
HLA-B*51:03,VPLGNFRISASL,4.337,2.4,20512.76
HLA-B*51:03,PLGNFRISASLI,83.75,37.684,41026.4
HLA-B*51:03,LGNFRISASLIR,81.25,42.605,41875.36
HLA-B*51:03,GNFRISASLIRI,60.0,28.429,39027.7
HLA-B*51:03,NFRISASLIRIG,85.0,51.798,43209.66
HLA-B*51:03,FRISASLIRIGY,53.889,32.264,39929.81
HLA-B*51:03,RISASLIRIGYI,53.704,19.273,36213.47
HLA-B*51:03,ISASLIRIGYIL,43.727,19.376,36251.88
HLA-B*51:03,SASLIRIGYILV,27.333,10.479,31723.64
HLA-B*51:03,ASLIRIGYILVV,51.852,26.082,38403.56
HLA-B*51:03,SLIRIGYILVVG,93.333,63.357,44583.11
HLA-B*51:03,LIRIGYILVVGT,97.5,69.749,45233.72
HLA-B*51:03,IRIGYILVVGTL,49.0,31.335,39720.39
HLA-B*51:03,RIGYILVVGTLP,93.333,60.567,44277.86
HLA-B*51:03,IGYILVVGTLPF,58.5,19.338,36237.39
HLA-B*51:03,GYILVVGTLPFD,100.0,80.854,46257.24
HLA-B*51:03,YILVVGTLPFDS,95.0,67.077,44968.75
HLA-B*51:03,ILVVGTLPFDSS,95.0,78.029,46001.69
HLA-B*51:03,LVVGTLPFDSSF,37.211,20.223,36564.68
HLA-B*51:03,VVGTLPFDSSFQ,82.5,62.909,44533.94
HLA-B*51:03,VGTLPFDSSFQG,34.885,16.205,34956.52
HLA-B*51:03,GTLPFDSSFQGE,82.5,58.968,44092.84
HLA-B*51:03,TLPFDSSFQGEV,15.825,2.486,20790.72
HLA-B*51:03,LPFDSSFQGEVV,0.896,0.19,5888.15
HLA-B*51:03,PFDSSFQGEVVR,79.167,76.368,45852.62
HLA-B*51:03,FDSSFQGEVVRV,39.471,24.308,37897.49
HLA-B*51:03,DSSFQGEVVRVE,63.214,53.439,43420.56
HLA-B*51:03,SSFQGEVVRVEP,52.963,42.409,41842.75
HLA-B*51:03,SFQGEVVRVEPT,91.667,73.523,45590.43
HLA-B*51:03,FQGEVVRVEPTQ,79.167,75.77,45799.07
HLA-B*51:03,QGEVVRVEPTQI,44.364,41.168,41640.42
HLA-B*51:03,GEVVRVEPTQIL,31.471,49.327,42886.89
HLA-B*51:03,EVVRVEPTQILT,42.923,49.199,42869.25
HLA-B*51:03,VVRVEPTQILTV,27.833,18.38,35874.58
HLA-B*51:03,VRVEPTQILTVI,6.515,1.697,17962.53
HLA-B*51:03,RVEPTQILTVIG,44.273,29.886,39382.32
HLA-B*51:03,VEPTQILTVIGT,37.316,25.585,38265.43
HLA-B*51:03,EPTQILTVIGTT,18.896,13.107,33417.98
HLA-B*51:03,PTQILTVIGTTF,68.182,53.414,43417.28
HLA-B*51:03,TQILTVIGTTFW,49.0,30.345,39490.29
HLA-B*51:03,QILTVIGTTFWC,90.0,66.112,44873.46
HLA-B*51:03,ILTVIGTTFWCG,95.0,66.058,44868.14
HLA-B*51:03,LTVIGTTFWCGS,97.5,68.406,45100.31
HLA-B*51:03,TVIGTTFWCGSV,40.312,15.24,34508.56
HLA-B*51:03,VIGTTFWCGSVL,70.0,25.795,38324.29
HLA-B*51:03,IGTTFWCGSVLV,53.704,12.769,33221.52
HLA-B*51:03,GTTFWCGSVLVE,95.0,66.004,44862.79
HLA-B*51:03,TTFWCGSVLVEL,36.619,20.391,36624.86
HLA-B*51:03,TFWCGSVLVELS,88.333,58.164,43997.05
HLA-B*51:03,FWCGSVLVELSG,97.5,67.096,44970.69
HLA-B*51:03,WCGSVLVELSGS,100.0,87.295,46858.19
HLA-B*51:03,CGSVLVELSGSL,66.364,28.708,39097.45
HLA-B*51:03,GSVLVELSGSLV,68.182,37.23,40940.37
HLA-B*51:03,SVLVELSGSLVN,91.667,51.353,43152.68
HLA-B*51:03,VLVELSGSLVNR,83.75,69.439,45202.89
HLA-B*51:03,LVELSGSLVNRQ,93.333,83.133,46465.9
HLA-B*51:03,VELSGSLVNRQP,70.714,59.772,44188.83
HLA-B*51:03,ELSGSLVNRQPS,91.667,72.234,45468.75
HLA-B*51:03,LSGSLVNRQPSQ,91.667,87.847,46911.46
HLA-B*51:03,SGSLVNRQPSQV,37.053,33.737,40242.52
HLA-B*51:03,GSLVNRQPSQVG,93.333,81.599,46325.36
HLA-B*51:03,SLVNRQPSQVGR,69.545,83.423,46492.58
HLA-B*51:03,LVNRQPSQVGRE,90.0,89.895,47109.32
HLA-B*51:03,VNRQPSQVGREK,54.63,73.904,45626.46
HLA-B*51:03,NRQPSQVGREKV,38.111,34.875,40477.89
HLA-B*51:03,RQPSQVGREKVG,80.0,73.925,45628.43
HLA-B*51:03,QPSQVGREKVGS,42.923,48.302,42742.35
HLA-B*51:03,PSQVGREKVGSL,67.273,69.193,45178.45
HLA-B*51:03,SQVGREKVGSLT,67.273,71.211,45372.44
HLA-B*51:03,QVGREKVGSLTS,81.25,85.768,46711.4
HLA-B*51:03,VGREKVGSLTSQ,88.333,91.908,47332.6
HLA-B*51:03,GREKVGSLTSQH,85.0,95.433,47876.52
HLA-B*51:03,REKVGSLTSQHV,44.545,37.478,40987.37
HLA-B*51:03,EKVGSLTSQHVA,43.364,40.957,41606.2
HLA-B*51:03,KVGSLTSQHVAV,68.182,51.955,43229.78
HLA-B*51:03,VGSLTSQHVAVE,91.667,67.648,45025.22
HLA-B*51:03,GSLTSQHVAVEP,83.75,77.27,45933.57
HLA-B*51:03,SLTSQHVAVEPN,97.5,82.453,46403.61
HLA-B*51:03,LTSQHVAVEPNA,73.571,45.885,42386.35
HLA-B*51:03,TSQHVAVEPNAQ,90.0,86.368,46769.04
HLA-B*51:03,SQHVAVEPNAQS,47.5,70.668,45321.41
HLA-B*51:03,QHVAVEPNAQSA,38.556,51.714,43198.9
HLA-B*51:03,HVAVEPNAQSAI,27.981,24.811,38045.82
HLA-B*51:03,VAVEPNAQSAIS,41.167,36.645,40828.02
HLA-B*51:03,AVEPNAQSAISA,51.481,48.094,42712.78
HLA-B*51:03,VEPNAQSAISAY,39.235,36.366,40773.71
HLA-B*51:03,EPNAQSAISAYN,45.4,29.782,39357.18
HLA-B*51:03,PNAQSAISAYNV,66.364,34.493,40398.69
HLA-B*51:03,NAQSAISAYNVI,9.103,2.823,21668.5
HLA-B*51:03,AQSAISAYNVIR,58.0,45.073,42263.62
HLA-B*51:03,QSAISAYNVIRR,75.833,50.977,43104.59
HLA-B*51:03,SAISAYNVIRRN,53.519,42.065,41785.74
HLA-B*51:03,AISAYNVIRRNS,97.5,91.038,47235.39
HLA-B*51:03,ISAYNVIRRNSG,95.0,69.719,45230.77
HLA-B*51:03,SAYNVIRRNSGQ,74.286,68.991,45158.4
HLA-B*51:03,AYNVIRRNSGQF,68.182,58.232,44005.14
HLA-B*51:03,YNVIRRNSGQFK,82.5,70.36,45292.48
HLA-B*51:03,NVIRRNSGQFKA,61.429,47.938,42690.12
HLA-B*51:03,VIRRNSGQFKAL,59.0,53.217,43391.92
HLA-B*51:03,IRRNSGQFKALG,95.0,77.984,45997.72
HLA-B*51:03,RRNSGQFKALGA,86.667,72.693,45512.05
HLA-B*51:03,RNSGQFKALGAQ,91.667,88.526,46976.98
HLA-B*51:03,NSGQFKALGAQA,53.333,46.759,42514.96
HLA-B*51:03,SGQFKALGAQAK,80.0,80.071,46185.73
HLA-B*51:03,GQFKALGAQAKC,75.833,76.705,45882.88
HLA-B*51:03,QFKALGAQAKCP,93.333,85.7,46704.84
HLA-B*51:03,FKALGAQAKCPK,83.75,78.311,46027.09
HLA-B*51:03,KALGAQAKCPKG,95.0,85.658,46700.8
HLA-B*51:03,ALGAQAKCPKGY,91.667,90.064,47126.67
HLA-B*51:03,LGAQAKCPKGYV,53.148,21.297,36941.64
HLA-B*51:03,GAQAKCPKGYVL,44.364,51.962,43230.7
HLA-B*51:03,AQAKCPKGYVLF,57.25,44.23,42130.31
HLA-B*51:03,QAKCPKGYVLFT,46.778,33.421,40177.27
HLA-B*51:03,AKCPKGYVLFTM,64.286,23.298,37584.71
HLA-B*51:03,KCPKGYVLFTMG,93.333,42.629,41879.43
HLA-B*51:03,CPKGYVLFTMGN,70.714,23.29,37582.26
HLA-B*51:03,PKGYVLFTMGNV,95.0,53.213,43391.45
HLA-B*51:03,KGYVLFTMGNVS,95.0,64.069,44661.32
HLA-B*51:03,GYVLFTMGNVSF,82.5,52.856,43345.46
HLA-B*51:03,YVLFTMGNVSFF,45.5,15.17,34475.73
HLA-B*51:03,VLFTMGNVSFFR,85.0,41.355,41670.62
HLA-B*51:03,LFTMGNVSFFRC,91.667,49.704,42938.89
HLA-B*51:03,FTMGNVSFFRCD,93.333,40.689,41560.74
HLA-B*51:03,TMGNVSFFRCDF,83.75,30.197,39455.69
HLA-B*51:03,MGNVSFFRCDFE,93.333,37.656,41021.09
HLA-B*51:03,GNVSFFRCDFET,97.5,69.616,45220.51
HLA-B*51:03,NVSFFRCDFETQ,90.0,68.081,45068.1
HLA-B*51:03,VSFFRCDFETQM,21.956,16.597,35131.69
HLA-B*51:03,SFFRCDFETQMK,75.0,63.37,44584.54
HLA-B*51:03,FFRCDFETQMKL,23.356,11.556,32468.86
HLA-B*51:03,FRCDFETQMKLV,47.5,29.0,39170.26
HLA-B*51:03,RCDFETQMKLVV,60.714,31.284,39708.79
HLA-B*51:03,CDFETQMKLVVP,76.667,35.706,40644.23
HLA-B*51:03,DFETQMKLVVPD,86.667,47.297,42594.63
HLA-B*51:03,FETQMKLVVPDM,47.75,25.092,38127.41
HLA-B*51:03,ETQMKLVVPDMK,81.25,60.874,44311.39
HLA-B*51:03,TQMKLVVPDMKQ,83.75,66.476,44909.42
HLA-B*51:03,QMKLVVPDMKQS,93.333,84.556,46596.8
HLA-B*51:03,MKLVVPDMKQSR,61.071,80.465,46221.72
HLA-B*51:03,KLVVPDMKQSRD,95.0,91.578,47295.74
HLA-B*51:03,LVVPDMKQSRDR,80.0,90.576,47183.81
HLA-B*51:03,VVPDMKQSRDRV,37.158,34.837,40470.01
HLA-B*51:03,VPDMKQSRDRVK,40.062,43.634,42037.87
HLA-B*51:03,PDMKQSRDRVKG,97.5,95.536,47923.66
HLA-B*51:03,DMKQSRDRVKGN,97.5,95.217,47778.71
HLA-B*51:03,MKQSRDRVKGNQ,100.0,96.068,48166.42
HLA-B*51:03,KQSRDRVKGNQE,95.0,96.856,48528.42
HLA-B*51:03,QSRDRVKGNQER,70.0,95.655,47977.62
HLA-B*51:03,SRDRVKGNQERT,93.333,94.332,47604.81
HLA-B*51:03,RDRVKGNQERTY,76.667,88.347,46959.71
HLA-B*51:03,DRVKGNQERTYD,93.333,95.213,47776.64
HLA-B*51:03,RVKGNQERTYDL,68.636,71.399,45390.12
HLA-B*51:03,VKGNQERTYDLS,97.5,93.669,47530.18
HLA-B*51:03,KGNQERTYDLSI,53.704,31.066,39658.98
HLA-B*51:03,GNQERTYDLSIL,70.714,59.984,44214.17
HLA-B*51:03,NQERTYDLSILD,85.0,43.652,42040.61
HLA-B*51:03,QERTYDLSILDA,72.857,51.236,43137.73
HLA-B*51:03,ERTYDLSILDAK,85.0,68.642,45123.73
HLA-B*51:03,RTYDLSILDAKA,45.0,35.43,40589.3
HLA-B*51:03,TYDLSILDAKAL,33.179,35.355,40574.36
HLA-B*51:03,YDLSILDAKALE,69.545,55.932,43732.22
HLA-B*51:03,DLSILDAKALER,73.571,67.854,45045.69
HLA-B*51:03,LSILDAKALERF,59.5,37.129,40921.34
HLA-B*51:03,SILDAKALERFS,83.75,75.482,45773.32
HLA-B*51:03,ILDAKALERFSA,72.143,47.514,42626.89
HLA-B*51:03,LDAKALERFSAI,15.485,3.828,23967.27
HLA-B*51:03,DAKALERFSAIL,15.239,8.45,30116.49
HLA-B*51:03,AKALERFSAILM,62.5,35.475,40598.07
HLA-B*51:03,KALERFSAILMD,75.833,40.346,41502.78
HLA-B*51:03,ALERFSAILMDV,86.667,41.464,41688.2
HLA-B*51:03,LERFSAILMDVC,83.75,45.967,42398.73
HLA-B*51:03,ERFSAILMDVCI,25.791,6.005,27448.9
HLA-B*51:03,RFSAILMDVCIK,91.667,54.555,43564.56
HLA-B*51:03,FSAILMDVCIKD,95.0,42.545,41865.39
HLA-B*51:03,SAILMDVCIKDG,90.0,51.9,43222.75
HLA-B*51:03,AILMDVCIKDGY,91.667,69.503,45209.25
HLA-B*51:03,ILMDVCIKDGYH,85.0,70.433,45299.35
HLA-B*51:03,LMDVCIKDGYHT,93.333,66.403,44902.12
HLA-B*51:03,MDVCIKDGYHTA,46.333,28.739,39105.07
HLA-B*51:03,DVCIKDGYHTAI,23.563,12.909,33305.01
HLA-B*51:03,VCIKDGYHTAIG,93.333,75.803,45802.05
HLA-B*51:03,CIKDGYHTAIGK,85.0,64.236,44679.7
HLA-B*51:03,IKDGYHTAIGKE,93.333,89.463,47067.53
HLA-B*51:03,KDGYHTAIGKER,91.667,93.618,47524.54
HLA-B*51:03,DGYHTAIGKERP,47.875,43.006,41942.01
HLA-B*51:03,GYHTAIGKERPP,93.333,78.56,46049.51
HLA-B*51:03,YHTAIGKERPPL,55.5,35.689,40640.7
HLA-B*51:03,HTAIGKERPPLF,31.147,27.233,38711.02
HLA-B*51:03,TAIGKERPPLFN,50.556,39.841,41416.66
HLA-B*51:03,AIGKERPPLFNV,40.75,38.663,41208.36
HLA-B*51:03,IGKERPPLFNVM,31.647,28.444,39031.5
HLA-B*51:03,GKERPPLFNVMD,86.667,65.605,44823.48
HLA-B*51:03,KERPPLFNVMDS,67.727,57.62,43932.35
HLA-B*51:03,ERPPLFNVMDSN,63.214,64.785,44740.16
HLA-B*51:03,RPPLFNVMDSNR,56.75,63.981,44651.64
HLA-B*51:03,PPLFNVMDSNRY,43.545,45.064,42262.26
HLA-B*51:03,PLFNVMDSNRYA,85.0,60.378,44257.25
HLA-B*51:03,LFNVMDSNRYAS,97.5,70.96,45348.86
HLA-B*51:03,FNVMDSNRYASF,52.963,23.241,37566.82
HLA-B*51:03,NVMDSNRYASFA,45.4,23.829,37752.62
HLA-B*51:03,VMDSNRYASFAE,90.0,58.696,44060.4
HLA-B*51:03,MDSNRYASFAET,83.75,41.601,41710.33
HLA-B*51:03,DSNRYASFAETP,52.407,33.851,40266.04
HLA-B*51:03,SNRYASFAETPF,70.0,26.83,38602.28
HLA-B*51:03,NRYASFAETPFL,37.895,14.765,34280.82
HLA-B*51:03,RYASFAETPFLF,40.062,12.531,33079.47
HLA-B*51:03,YASFAETPFLFR,47.375,16.687,35172.0
HLA-B*51:03,ASFAETPFLFRQ,70.0,52.061,43243.33
HLA-B*51:03,SFAETPFLFRQL,32.226,22.192,37235.8
HLA-B*51:03,FAETPFLFRQLQ,35.5,14.649,34223.74
HLA-B*51:03,AETPFLFRQLQS,70.714,42.0,41774.91
HLA-B*51:03,ETPFLFRQLQSN,70.714,44.707,42206.05
HLA-B*51:03,TPFLFRQLQSNE,35.042,22.243,37251.91
HLA-B*51:03,PFLFRQLQSNEM,83.75,42.553,41866.74
HLA-B*51:03,FLFRQLQSNEMG,85.0,42.605,41875.36
HLA-B*51:03,LFRQLQSNEMGL,72.857,47.771,42665.18
HLA-B*51:03,FRQLQSNEMGLG,95.0,70.177,45275.34
HLA-B*51:03,RQLQSNEMGLGC,73.571,67.712,45031.55
HLA-B*51:03,QLQSNEMGLGCR,95.0,91.711,47310.57
HLA-B*51:03,LQSNEMGLGCRV,53.148,20.264,36579.3
HLA-B*51:03,QSNEMGLGCRVG,86.667,50.259,43012.81
HLA-B*51:03,SNEMGLGCRVGS,93.333,68.041,45064.2
HLA-B*51:03,NEMGLGCRVGSK,64.643,51.579,43181.63
HLA-B*51:03,EMGLGCRVGSKF,51.852,37.089,40913.82
HLA-B*51:03,MGLGCRVGSKFP,77.5,46.445,42468.98
HLA-B*51:03,GLGCRVGSKFPS,100.0,89.174,47039.55
HLA-B*51:03,LGCRVGSKFPSN,100.0,84.003,46545.92
HLA-B*51:03,GCRVGSKFPSNY,81.25,74.327,45666.47
HLA-B*51:03,CRVGSKFPSNYP,86.667,56.824,43837.85
HLA-B*51:03,RVGSKFPSNYPT,88.333,63.893,44642.0
HLA-B*51:03,VGSKFPSNYPTV,23.046,16.0,34865.47
HLA-B*51:03,GSKFPSNYPTVD,90.0,67.677,45028.15
HLA-B*51:03,SKFPSNYPTVDT,75.833,50.846,43087.8
HLA-B*51:03,KFPSNYPTVDTK,48.875,38.366,41153.55
HLA-B*51:03,FPSNYPTVDTKK,23.92,27.106,38676.29
HLA-B*51:03,PSNYPTVDTKKK,88.333,94.204,47590.38
HLA-B*51:03,SNYPTVDTKKKT,67.727,74.838,45714.91
HLA-B*51:03,NYPTVDTKKKTG,93.333,82.114,46372.5
HLA-B*51:03,YPTVDTKKKTGF,13.798,15.08,34433.6
HLA-B*51:03,PTVDTKKKTGFT,97.5,95.314,47822.67
HLA-B*51:03,TVDTKKKTGFTG,79.167,71.989,45445.65
HLA-B*51:03,VDTKKKTGFTGD,97.5,95.615,47959.46
HLA-B*51:03,DTKKKTGFTGDG,97.5,90.727,47200.64
HLA-B*51:03,TKKKTGFTGDGH,95.0,96.171,48213.35
HLA-B*51:03,KKKTGFTGDGHF,61.786,63.366,44584.08
HLA-B*51:03,KKTGFTGDGHFK,90.0,82.722,46428.22
HLA-B*51:03,KTGFTGDGHFKL,57.0,56.032,43744.04
HLA-B*51:03,TGFTGDGHFKLE,63.929,65.448,44807.96
HLA-B*51:03,GFTGDGHFKLEP,91.667,85.637,46698.75
HLA-B*51:03,FTGDGHFKLEPP,83.75,59.524,44159.2
HLA-B*51:03,TGDGHFKLEPPG,97.5,66.836,44944.91
HLA-B*51:03,GDGHFKLEPPGL,60.0,66.939,44955.12
HLA-B*51:03,DGHFKLEPPGLH,55.75,66.973,44958.51
HLA-B*51:03,GHFKLEPPGLHQ,78.333,88.247,46950.05
HLA-B*51:03,HFKLEPPGLHQD,90.0,91.006,47231.82
HLA-B*51:03,FKLEPPGLHQDG,76.667,51.368,43154.54
HLA-B*51:03,KLEPPGLHQDGS,90.0,89.879,47107.8
HLA-B*51:03,LEPPGLHQDGSG,86.667,76.772,45888.86
HLA-B*51:03,EPPGLHQDGSGN,72.857,69.611,45220.01
HLA-B*51:03,PPGLHQDGSGNR,91.667,96.299,48272.34
HLA-B*51:03,PGLHQDGSGNRN,100.0,97.148,48663.02
HLA-B*51:03,GLHQDGSGNRNE,97.5,96.904,48550.48
HLA-B*51:03,LHQDGSGNRNES,90.0,90.915,47221.59
HLA-B*51:03,HQDGSGNRNESG,91.667,95.347,47837.66
HLA-B*51:03,QDGSGNRNESGT,97.5,96.989,48589.89
HLA-B*51:03,DGSGNRNESGTA,49.714,52.006,43236.33
HLA-B*51:03,GSGNRNESGTAY,58.0,86.137,46746.79
HLA-B*51:03,SGNRNESGTAYA,73.571,63.783,44629.91
HLA-B*51:03,GNRNESGTAYAA,81.25,75.199,45748.06
HLA-B*51:03,NRNESGTAYAAA,66.364,55.792,43715.66
HLA-B*51:03,RNESGTAYAAAF,69.091,45.421,42316.26
HLA-B*51:03,NESGTAYAAAFD,75.833,51.171,43129.34
HLA-B*51:03,ESGTAYAAAFDS,91.667,50.806,43082.69
HLA-B*51:03,SGTAYAAAFDST,90.0,63.686,44619.29
HLA-B*51:03,GTAYAAAFDSTR,85.0,70.12,45269.94
HLA-B*51:03,TAYAAAFDSTRS,70.0,43.086,41954.26
HLA-B*51:03,AYAAAFDSTRSL,8.849,17.725,35614.69
HLA-B*51:03,YAAAFDSTRSLI,10.649,2.009,19287.14
HLA-B*51:03,AAAFDSTRSLID,44.818,45.291,42296.57
HLA-B*51:03,AAFDSTRSLIDT,30.27,36.011,40704.96
HLA-B*51:03,AFDSTRSLIDTQ,90.0,88.247,46950.05
HLA-B*51:03,FDSTRSLIDTQT,86.667,74.875,45718.36
HLA-B*51:03,DSTRSLIDTQTE,72.857,81.188,46287.77
HLA-B*51:03,STRSLIDTQTEW,24.065,29.876,39379.76
HLA-B*51:03,TRSLIDTQTEWI,58.75,37.778,41044.16
HLA-B*51:03,RSLIDTQTEWIL,44.0,35.086,40520.83
HLA-B*51:03,SLIDTQTEWILL,33.929,33.484,40190.31
HLA-B*51:03,LIDTQTEWILLN,90.0,58.34,44018.0
HLA-B*51:03,IDTQTEWILLNL,57.75,38.787,41231.09
HLA-B*51:03,DTQTEWILLNLT,70.714,36.986,40894.32
HLA-B*51:03,TQTEWILLNLTL,26.067,16.404,35045.5
HLA-B*51:03,QTEWILLNLTLT,90.0,53.239,43394.72
HLA-B*51:03,TEWILLNLTLTS,68.182,40.372,41507.27
HLA-B*51:03,EWILLNLTLTSL,51.481,35.486,40600.27
HLA-B*51:03,WILLNLTLTSLM,79.167,24.109,37838.91
HLA-B*51:03,ILLNLTLTSLMK,75.833,54.953,43615.98
HLA-B*51:03,LLNLTLTSLMKG,95.0,57.732,43945.67
HLA-B*51:03,LNLTLTSLMKGR,93.333,75.138,45742.6
HLA-B*51:03,NLTLTSLMKGRE,97.5,90.476,47172.58
HLA-B*51:03,LTLTSLMKGRER,86.667,76.229,45840.23
HLA-B*51:03,TLTSLMKGRERY,72.143,69.075,45166.7
HLA-B*51:03,LTSLMKGRERYQ,93.333,85.384,46674.52
HLA-B*51:03,TSLMKGRERYQV,40.688,25.17,38149.28
HLA-B*51:03,SLMKGRERYQVM,45.5,32.105,39895.27
HLA-B*51:03,LMKGRERYQVMP,88.333,58.288,44011.81
HLA-B*51:03,MKGRERYQVMPK,91.667,62.32,44469.42
HLA-B*51:03,KGRERYQVMPKG,95.0,76.285,45845.17
HLA-B*51:03,GRERYQVMPKGA,95.0,74.812,45712.43
HLA-B*51:03,RERYQVMPKGAH,76.667,71.9,45437.27
HLA-B*51:03,ERYQVMPKGAHN,86.667,71.858,45433.34
HLA-B*51:03,RYQVMPKGAHNE,97.5,92.699,47421.27
HLA-B*51:03,YQVMPKGAHNET,24.429,34.579,40416.62
HLA-B*51:03,QVMPKGAHNETD,90.0,75.238,45751.51
HLA-B*51:03,VMPKGAHNETDS,90.0,78.887,46078.92
HLA-B*51:03,MPKGAHNETDSK,33.286,37.511,40993.55
HLA-B*51:03,PKGAHNETDSKM,59.5,90.005,47120.04
HLA-B*51:03,KGAHNETDSKME,90.0,95.512,47912.78
HLA-B*51:03,GAHNETDSKMEA,56.0,72.599,45503.19
HLA-B*51:03,AHNETDSKMEAG,88.333,87.863,46912.98
HLA-B*51:03,HNETDSKMEAGV,61.071,66.299,44891.93
HLA-B*51:03,NETDSKMEAGVK,62.857,73.753,45612.13
HLA-B*51:03,ETDSKMEAGVKQ,54.63,79.075,46095.86
HLA-B*51:03,TDSKMEAGVKQE,93.333,95.264,47799.91
HLA-B*51:03,DSKMEAGVKQED,82.5,84.009,46546.43
HLA-B*51:03,SKMEAGVKQEDL,44.455,55.428,43672.64
HLA-B*51:03,KMEAGVKQEDLA,85.0,69.439,45202.89
HLA-B*51:03,MEAGVKQEDLAG,66.818,52.896,43350.61
HLA-B*51:03,EAGVKQEDLAGI,25.955,20.049,36502.62
HLA-B*51:03,AGVKQEDLAGID,95.0,85.895,46723.55
HLA-B*51:03,GVKQEDLAGIDS,91.667,95.175,47759.58
HLA-B*51:03,VKQEDLAGIDSQ,93.333,95.551,47930.39
HLA-B*51:03,KQEDLAGIDSQI,33.214,41.975,41770.84
HLA-B*51:03,QEDLAGIDSQIR,55.0,67.781,45038.37
HLA-B*51:03,EDLAGIDSQIRL,22.32,36.225,40746.38
HLA-B*51:03,DLAGIDSQIRLA,36.429,36.2,40741.52
HLA-B*51:03,LAGIDSQIRLAG,75.0,53.373,43412.1
HLA-B*51:03,AGIDSQIRLAGS,79.167,86.826,46813.09
HLA-B*51:03,GIDSQIRLAGSF,63.571,40.918,41599.43
HLA-B*51:03,IDSQIRLAGSFE,83.75,61.608,44391.54
HLA-B*51:03,DSQIRLAGSFEI,19.554,5.452,26700.47
HLA-B*51:03,SQIRLAGSFEIE,81.25,45.885,42386.35
HLA-B*51:03,QIRLAGSFEIEE,93.333,71.07,45359.19
HLA-B*51:03,IRLAGSFEIEEL,60.0,52.028,43239.12
HLA-B*51:03,RLAGSFEIEELA,59.0,41.112,41631.4
HLA-B*51:03,LAGSFEIEELAI,41.5,16.471,35075.48
HLA-B*51:03,AGSFEIEELAII,34.923,25.991,38379.46
HLA-B*51:03,GSFEIEELAIII,39.529,23.117,37527.81
HLA-B*51:03,SFEIEELAIIIY,64.286,50.416,43032.84
HLA-B*51:03,FEIEELAIIIYI,16.573,12.285,32933.41
HLA-B*51:03,EIEELAIIIYIG,66.364,54.792,43595.2
HLA-B*51:03,IEELAIIIYIGA,79.167,48.945,42834.02
HLA-B*51:03,EELAIIIYIGAI,18.628,10.214,31533.03
HLA-B*51:03,ELAIIIYIGAIH,85.0,64.903,44753.24
HLA-B*51:03,LAIIIYIGAIHG,82.5,47.74,42660.59
HLA-B*51:03,AIIIYIGAIHGD,100.0,93.124,47469.03
HLA-B*51:03,IIIYIGAIHGDE,100.0,93.971,47564.12
HLA-B*51:03,IIYIGAIHGDEG,97.5,78.826,46073.42
HLA-B*51:03,IYIGAIHGDEGD,100.0,92.864,47439.74
HLA-B*51:03,YIGAIHGDEGDR,97.5,95.491,47902.92
HLA-B*51:03,IGAIHGDEGDRT,95.0,93.705,47534.28
HLA-B*51:03,GAIHGDEGDRTP,59.25,81.583,46323.84
HLA-B*51:03,AIHGDEGDRTPG,97.5,95.67,47984.36
HLA-B*51:03,IHGDEGDRTPGD,97.5,96.174,48214.93
HLA-B*51:03,HGDEGDRTPGDY,53.333,88.521,46976.46
HLA-B*51:03,GDEGDRTPGDYN,97.5,95.214,47777.14
HLA-B*51:03,DEGDRTPGDYNL,26.617,47.35,42602.46
HLA-B*51:03,EGDRTPGDYNLA,45.5,47.118,42567.89
HLA-B*51:03,GDRTPGDYNLAE,85.0,86.758,46806.51
HLA-B*51:03,DRTPGDYNLAER,77.5,84.211,46565.05
HLA-B*51:03,RTPGDYNLAERL,30.135,23.168,37543.67
HLA-B*51:03,TPGDYNLAERLE,38.111,31.282,39708.35
HLA-B*51:03,PGDYNLAERLEE,93.333,95.822,48053.98
HLA-B*51:03,GDYNLAERLEEL,43.364,53.162,43384.87
HLA-B*51:03,DYNLAERLEELA,56.0,39.992,41443.11
HLA-B*51:03,YNLAERLEELAA,61.786,40.04,41451.18
HLA-B*51:03,NLAERLEELAAE,88.333,77.243,45931.08
HLA-B*51:03,LAERLEELAAEL,31.824,32.379,39954.88
HLA-B*51:03,AERLEELAAELL,43.909,49.384,42894.78
HLA-B*51:03,ERLEELAAELLH,57.5,63.537,44602.89
HLA-B*51:03,RLEELAAELLHT,93.333,78.865,46076.9
HLA-B*51:03,LEELAAELLHTV,11.425,5.7,27037.12
HLA-B*51:03,EELAAELLHTVI,13.76,6.962,28631.02
HLA-B*51:03,ELAAELLHTVIR,33.964,32.54,39989.91
HLA-B*51:03,LAAELLHTVIRQ,29.386,31.25,39701.05
HLA-B*51:03,AAELLHTVIRQE,78.333,81.112,46280.78
HLA-B*51:03,AELLHTVIRQED,97.5,86.989,46828.8
HLA-B*51:03,ELLHTVIRQEDL,45.6,45.415,42315.34
HLA-B*51:03,LLHTVIRQEDLE,85.0,75.116,45740.62
HLA-B*51:03,LHTVIRQEDLEF,44.364,35.773,40657.42
HLA-B*51:03,HTVIRQEDLEFD,88.333,75.648,45788.17
HLA-B*51:03,TVIRQEDLEFDV,58.25,36.998,40896.54
HLA-B*51:03,VIRQEDLEFDVS,86.667,80.438,46219.22
HLA-B*51:03,IRQEDLEFDVSI,28.429,20.66,36721.29
HLA-B*51:03,RQEDLEFDVSID,62.143,58.032,43981.34
HLA-B*51:03,QEDLEFDVSIDT,38.5,59.952,44210.35
HLA-B*51:03,EDLEFDVSIDTL,28.714,29.425,39271.69
HLA-B*51:03,DLEFDVSIDTLG,79.167,53.767,43462.86
HLA-B*51:03,LEFDVSIDTLGE,56.75,52.137,43253.18
HLA-B*51:03,EFDVSIDTLGEN,90.0,77.841,45984.79
HLA-B*51:03,FDVSIDTLGENL,43.909,35.689,40640.7
HLA-B*51:03,DVSIDTLGENLK,68.182,63.748,44626.05
HLA-B*51:03,VSIDTLGENLKI,18.293,10.843,31986.97
HLA-B*51:03,SIDTLGENLKII,46.556,32.937,40076.53
HLA-B*51:03,IDTLGENLKIIL,58.25,47.879,42681.36
HLA-B*51:03,DTLGENLKIILQ,60.357,46.79,42519.57
HLA-B*51:03,TLGENLKIILQA,66.818,55.428,43672.64
HLA-B*51:03,LGENLKIILQAV,51.296,33.686,40232.06
HLA-B*51:03,GENLKIILQAVR,88.333,80.285,46205.21
HLA-B*51:03,ENLKIILQAVRN,72.857,72.719,45514.52
HLA-B*51:03,NLKIILQAVRNQ,90.0,87.032,46832.84
HLA-B*51:03,LKIILQAVRNQL,55.5,47.087,42563.3
HLA-B*51:03,KIILQAVRNQLK,91.667,82.979,46451.85
HLA-B*51:03,IILQAVRNQLKI,21.605,12.749,33209.65
HLA-B*51:03,ILQAVRNQLKII,58.75,34.774,40456.88
HLA-B*51:03,LQAVRNQLKIIP,79.167,55.016,43624.0
HLA-B*51:03,QAVRNQLKIIPC,64.643,53.337,43407.4
HLA-B*51:03,AVRNQLKIIPCL,50.37,40.152,41470.03
HLA-B*51:03,VRNQLKIIPCLV,60.0,32.925,40073.95
HLA-B*51:03,RNQLKIIPCLVS,93.333,61.314,44359.37
HLA-B*51:03,NQLKIIPCLVSE,72.143,57.1,43870.61
HLA-B*51:03,QLKIIPCLVSEF,60.357,42.161,41801.59
HLA-B*51:03,LKIIPCLVSEFF,29.886,9.041,30632.13
HLA-B*51:03,KIIPCLVSEFFM,62.857,22.583,37358.88
HLA-B*51:03,IIPCLVSEFFMH,79.167,41.556,41703.09
HLA-B*51:03,IPCLVSEFFMHH,30.108,23.287,37581.46
HLA-B*51:03,PCLVSEFFMHHD,100.0,95.025,47691.4
HLA-B*51:03,CLVSEFFMHHDP,95.0,50.328,43021.66
HLA-B*51:03,LVSEFFMHHDPL,29.932,12.828,33256.76
HLA-B*51:03,VSEFFMHHDPLY,52.407,22.581,37358.47
HLA-B*51:03,SEFFMHHDPLYQ,64.286,34.998,40503.3
HLA-B*51:03,EFFMHHDPLYQF,14.061,19.543,36313.91
HLA-B*51:03,FFMHHDPLYQFV,31.147,10.414,31676.64
HLA-B*51:03,FMHHDPLYQFVV,37.053,8.51,30170.63
HLA-B*51:03,MHHDPLYQFVVS,43.545,8.199,29889.91
HLA-B*51:03,HHDPLYQFVVSS,58.0,36.186,40738.89
HLA-B*51:03,HDPLYQFVVSSF,27.037,10.149,31486.66
HLA-B*51:03,DPLYQFVVSSFD,33.107,9.251,30808.3
HLA-B*51:03,PLYQFVVSSFDG,97.5,72.704,45513.05
HLA-B*51:03,LYQFVVSSFDGF,69.091,30.945,39631.09
HLA-B*51:03,YQFVVSSFDGFR,68.182,43.089,41954.72
HLA-B*51:03,QFVVSSFDGFRI,61.071,23.981,37800.86
HLA-B*51:03,FVVSSFDGFRID,83.75,38.257,41133.52
HLA-B*51:03,VVSSFDGFRIDT,95.0,73.064,45547.05
HLA-B*51:03,VSSFDGFRIDTT,88.333,68.346,45094.44
HLA-B*51:03,SSFDGFRIDTTH,43.091,59.236,44124.81
HLA-B*51:03,SFDGFRIDTTHP,80.0,70.183,45275.84
HLA-B*51:03,FDGFRIDTTHPQ,86.667,76.107,45829.3
HLA-B*51:03,DGFRIDTTHPQA,26.117,15.054,34421.3
HLA-B*51:03,GFRIDTTHPQAA,80.0,76.13,45831.3
HLA-B*51:03,FRIDTTHPQAAL,35.042,33.585,40211.18
HLA-B*51:03,RIDTTHPQAALR,78.333,75.609,45784.69
HLA-B*51:03,IDTTHPQAALRR,77.5,80.055,46184.24
HLA-B*51:03,DTTHPQAALRRY,18.848,29.813,39364.85
HLA-B*51:03,TTHPQAALRRYH,61.429,64.6,44719.83
HLA-B*51:03,THPQAALRRYHS,74.286,60.391,44258.67
HLA-B*51:03,HPQAALRRYHST,33.786,27.058,38663.29
HLA-B*51:03,PQAALRRYHSTE,97.5,92.941,47448.49
HLA-B*51:03,QAALRRYHSTET,67.273,74.415,45674.86
HLA-B*51:03,AALRRYHSTETA,35.167,33.196,40130.76
HLA-B*51:03,ALRRYHSTETAL,59.75,59.312,44133.89
HLA-B*51:03,LRRYHSTETALT,91.667,75.509,45775.77
HLA-B*51:03,RRYHSTETALTL,27.5,23.76,37730.98
HLA-B*51:03,RYHSTETALTLD,79.167,58.844,44078.05
HLA-B*51:03,YHSTETALTLDS,79.167,48.851,42820.59
HLA-B*51:03,HSTETALTLDSY,44.545,44.529,42177.75
HLA-B*51:03,STETALTLDSYR,77.5,70.778,45331.7
HLA-B*51:03,TETALTLDSYRD,90.0,72.557,45499.26
HLA-B*51:03,ETALTLDSYRDY,50.185,46.608,42492.9
HLA-B*51:03,TALTLDSYRDYK,82.5,61.99,44433.33
HLA-B*51:03,ALTLDSYRDYKT,97.5,89.158,47038.01
HLA-B*51:03,LTLDSYRDYKTE,86.667,78.76,46067.45
HLA-B*51:03,TLDSYRDYKTEG,97.5,86.784,46809.05
HLA-B*51:03,LDSYRDYKTEGD,100.0,95.161,47752.86
HLA-B*51:03,DSYRDYKTEGDE,81.25,79.252,46111.83
HLA-B*51:03,SYRDYKTEGDES,97.5,95.244,47790.61
HLA-B*51:03,YRDYKTEGDESG,93.333,93.403,47500.36
HLA-B*51:03,RDYKTEGDESGD,100.0,96.565,48394.18
HLA-B*51:03,DYKTEGDESGDV,49.0,56.148,43757.78
HLA-B*51:03,YKTEGDESGDVL,17.731,47.22,42583.1
HLA-B*51:03,KTEGDESGDVLN,75.833,91.972,47339.77
HLA-B*51:03,TEGDESGDVLNE,55.25,88.437,46968.35
HLA-B*51:03,EGDESGDVLNEA,36.0,49.747,42944.93
HLA-B*51:03,GDESGDVLNEAA,81.25,76.484,45863.03
HLA-B*51:03,DESGDVLNEAAM,35.375,37.19,40932.85
HLA-B*51:03,ESGDVLNEAAMD,85.0,68.45,45104.7
HLA-B*51:03,SGDVLNEAAMDG,97.5,84.836,46622.53
HLA-B*51:03,GDVLNEAAMDGK,97.5,95.416,47868.74
HLA-B*51:03,DVLNEAAMDGKE,91.667,90.078,47128.19
HLA-B*51:03,VLNEAAMDGKEP,76.667,76.351,45851.14
HLA-B*51:03,LNEAAMDGKEPP,62.857,60.826,44306.11
HLA-B*51:03,NEAAMDGKEPPG,91.667,66.841,44945.38
HLA-B*51:03,EAAMDGKEPPGT,72.143,75.581,45782.24
HLA-B*51:03,AAMDGKEPPGTT,36.952,62.566,44496.36
HLA-B*51:03,AMDGKEPPGTTR,54.259,92.585,47408.46
HLA-B*51:03,MDGKEPPGTTRL,26.067,48.172,42723.86
HLA-B*51:03,DGKEPPGTTRLK,27.963,53.931,43484.03
HLA-B*51:03,GKEPPGTTRLKP,67.273,65.064,44770.18
HLA-B*51:03,KEPPGTTRLKPP,65.0,64.552,44714.49
HLA-B*51:03,EPPGTTRLKPPE,43.091,53.804,43467.57
HLA-B*51:03,PPGTTRLKPPEQ,91.667,96.168,48212.32
HLA-B*51:03,PGTTRLKPPEQK,91.667,96.563,48393.65
HLA-B*51:03,GTTRLKPPEQKA,55.0,80.931,46264.25
HLA-B*51:03,TTRLKPPEQKAI,30.946,34.837,40470.01
HLA-B*51:03,TRLKPPEQKAIY,18.829,47.616,42642.13
HLA-B*51:03,RLKPPEQKAIYL,22.28,32.29,39935.43
HLA-B*51:03,LKPPEQKAIYLT,48.625,42.349,41832.79
HLA-B*51:03,KPPEQKAIYLTL,4.754,6.692,28306.66
HLA-B*51:03,PPEQKAIYLTLS,69.091,52.688,43323.89
HLA-B*51:03,PEQKAIYLTLSV,49.571,15.589,34672.12
HLA-B*51:03,EQKAIYLTLSVT,55.25,23.566,37669.39
HLA-B*51:03,QKAIYLTLSVTY,54.259,40.505,41529.74
HLA-B*51:03,KAIYLTLSVTYQ,83.75,56.68,43820.78
HLA-B*51:03,AIYLTLSVTYQD,95.0,76.927,45902.74
HLA-B*51:03,IYLTLSVTYQDT,91.667,71.399,45390.12
HLA-B*51:03,YLTLSVTYQDTV,46.889,15.704,34725.8
HLA-B*51:03,LTLSVTYQDTVG,90.0,37.841,41056.15
HLA-B*51:03,TLSVTYQDTVGA,57.75,43.64,42038.79
HLA-B*51:03,LSVTYQDTVGAC,82.5,57.06,43865.85
HLA-B*51:03,SVTYQDTVGACA,71.429,48.929,42831.7
HLA-B*51:03,VTYQDTVGACAV,35.792,14.739,34268.2
HLA-B*51:03,TYQDTVGACAVY,39.941,40.362,41505.48
HLA-B*51:03,YQDTVGACAVYD,91.667,52.983,43361.88
HLA-B*51:03,QDTVGACAVYDV,86.667,40.721,41566.15
HLA-B*51:03,DTVGACAVYDVV,26.183,5.543,26827.03
HLA-B*51:03,TVGACAVYDVVR,83.75,59.016,44098.55
HLA-B*51:03,VGACAVYDVVRV,38.611,23.367,37606.67
HLA-B*51:03,GACAVYDVVRVQ,79.167,77.326,45938.52
HLA-B*51:03,ACAVYDVVRVQL,57.0,47.635,42644.88
HLA-B*51:03,CAVYDVVRVQLQ,83.75,53.352,43409.27
HLA-B*51:03,AVYDVVRVQLQL,19.473,29.833,39369.55
HLA-B*51:03,VYDVVRVQLQLQ,81.25,70.574,45312.58
HLA-B*51:03,YDVVRVQLQLQS,77.5,61.911,44424.68
HLA-B*51:03,DVVRVQLQLQSN,70.714,67.598,45020.34
HLA-B*51:03,VVRVQLQLQSNW,41.167,27.279,38723.58
HLA-B*51:03,VRVQLQLQSNWH,86.667,74.958,45726.29
HLA-B*51:03,RVQLQLQSNWHS,93.333,71.133,45365.07
HLA-B*51:03,VQLQLQSNWHSV,31.412,19.066,36136.36
HLA-B*51:03,QLQLQSNWHSVG,95.0,62.443,44482.87
HLA-B*51:03,LQLQSNWHSVGA,66.364,35.36,40575.25
HLA-B*51:03,QLQSNWHSVGAL,58.25,37.97,41080.6
HLA-B*51:03,LQSNWHSVGALR,77.5,50.394,43030.04
HLA-B*51:03,QSNWHSVGALRG,95.0,65.084,44772.12
HLA-B*51:03,SNWHSVGALRGQ,93.333,79.12,46099.85
HLA-B*51:03,NWHSVGALRGQG,97.5,86.016,46735.15
HLA-B*51:03,WHSVGALRGQGF,61.071,38.956,41262.35
HLA-B*51:03,HSVGALRGQGFA,64.643,50.999,43107.39
HLA-B*51:03,SVGALRGQGFAL,63.929,48.208,42728.95
HLA-B*51:03,VGALRGQGFALE,85.0,65.089,44772.61
HLA-B*51:03,GALRGQGFALEL,44.545,37.389,40970.51
HLA-B*51:03,ALRGQGFALELE,86.667,75.637,45787.17
HLA-B*51:03,LRGQGFALELEP,85.0,52.505,43300.46
HLA-B*51:03,RGQGFALELEPS,93.333,76.667,45879.42
HLA-B*51:03,GQGFALELEPSL,38.889,39.416,41342.79
HLA-B*51:03,QGFALELEPSLM,40.438,22.602,37364.95
HLA-B*51:03,GFALELEPSLMA,49.571,31.505,39759.09
HLA-B*51:03,FALELEPSLMAN,56.0,27.641,38822.6
HLA-B*51:03,ALELEPSLMANC,83.75,78.234,46020.12
HLA-B*51:03,LELEPSLMANCT,61.071,29.405,39267.0
HLA-B*51:03,ELEPSLMANCTP,59.25,32.04,39881.02
HLA-B*51:03,LEPSLMANCTPL,49.857,12.993,33355.86
HLA-B*51:03,EPSLMANCTPLE,46.667,20.158,36541.75
HLA-B*51:03,PSLMANCTPLEA,90.0,40.452,41520.74
HLA-B*51:03,SLMANCTPLEAP,83.75,45.942,42395.07
HLA-B*51:03,LMANCTPLEAPH,91.667,59.864,44199.83
HLA-B*51:03,MANCTPLEAPHG,91.667,28.144,38956.83
HLA-B*51:03,ANCTPLEAPHGV,6.588,12.744,33206.78
HLA-B*51:03,NCTPLEAPHGVG,26.567,33.173,40126.0
HLA-B*51:03,CTPLEAPHGVGR,55.25,40.168,41472.7
HLA-B*51:03,TPLEAPHGVGRY,6.98,18.938,36087.92
HLA-B*51:03,PLEAPHGVGRYL,22.89,21.521,37016.07
HLA-B*51:03,LEAPHGVGRYLC,33.5,25.216,38162.07
HLA-B*51:03,EAPHGVGRYLCN,37.421,45.912,42390.48
HLA-B*51:03,APHGVGRYLCNE,46.333,51.736,43201.71
HLA-B*51:03,PHGVGRYLCNEI,90.0,48.532,42775.19
HLA-B*51:03,HGVGRYLCNEIR,88.333,62.803,44522.36
HLA-B*51:03,GVGRYLCNEIRP,97.5,84.08,46552.98
HLA-B*51:03,VGRYLCNEIRPS,100.0,75.238,45751.51
HLA-B*51:03,GRYLCNEIRPSL,51.852,49.118,42858.14
HLA-B*51:03,RYLCNEIRPSLI,68.636,27.799,38865.89
HLA-B*51:03,YLCNEIRPSLIR,72.857,48.471,42766.42
HLA-B*51:03,LCNEIRPSLIRN,90.0,75.022,45732.22
HLA-B*51:03,CNEIRPSLIRNP,93.333,69.616,45220.51
HLA-B*51:03,NEIRPSLIRNPP,45.4,21.818,37114.72
HLA-B*51:03,EIRPSLIRNPPF,38.778,24.04,37818.85
HLA-B*51:03,IRPSLIRNPPFL,43.727,24.143,37849.16
HLA-B*51:03,RPSLIRNPPFLV,8.598,3.124,22426.05
HLA-B*51:03,PSLIRNPPFLVV,42.923,22.62,37370.61
HLA-B*51:03,SLIRNPPFLVVS,67.727,49.566,42919.85
HLA-B*51:03,LIRNPPFLVVST,43.182,22.638,37376.28
HLA-B*51:03,IRNPPFLVVSTQ,40.5,32.794,40045.32
HLA-B*51:03,RNPPFLVVSTQT,62.5,55.42,43671.68
HLA-B*51:03,NPPFLVVSTQTL,2.752,3.55,23420.73
HLA-B*51:03,PPFLVVSTQTLH,38.722,36.405,40781.21
HLA-B*51:03,PFLVVSTQTLHI,74.286,29.176,39212.24
HLA-B*51:03,FLVVSTQTLHIT,81.25,41.425,41681.9
HLA-B*51:03,LVVSTQTLHITP,76.667,42.945,41932.03
HLA-B*51:03,VVSTQTLHITPP,90.0,66.531,44914.75
HLA-B*51:03,VSTQTLHITPPR,88.333,67.534,45014.01
HLA-B*51:03,STQTLHITPPRK,82.5,77.132,45921.13
HLA-B*51:03,TQTLHITPPRKE,86.667,88.589,46983.07
HLA-B*51:03,QTLHITPPRKEF,38.278,33.935,40283.46
HLA-B*51:03,TLHITPPRKEFR,77.5,70.652,45319.95
HLA-B*51:03,LHITPPRKEFRE,75.0,67.283,44989.17
HLA-B*51:03,HITPPRKEFREH,59.5,82.415,46400.11
HLA-B*51:03,ITPPRKEFREHT,70.0,72.928,45534.22
HLA-B*51:03,TPPRKEFREHTS,49.286,60.066,44223.27
HLA-B*51:03,PPRKEFREHTSA,40.062,36.7,40838.61
HLA-B*51:03,PRKEFREHTSAD,97.5,95.184,47763.71
HLA-B*51:03,RKEFREHTSADA,93.333,84.912,46629.6
HLA-B*51:03,KEFREHTSADAQ,83.75,87.237,46852.63
HLA-B*51:03,EFREHTSADAQH,73.571,87.253,46854.14
HLA-B*51:03,FREHTSADAQHQ,88.333,94.048,47572.89
HLA-B*51:03,REHTSADAQHQF,28.857,51.123,43123.27
HLA-B*51:03,EHTSADAQHQFT,39.235,53.202,43390.05
HLA-B*51:03,HTSADAQHQFTD,69.091,73.606,45598.31
HLA-B*51:03,TSADAQHQFTDI,17.275,20.363,36614.95
HLA-B*51:03,SADAQHQFTDIE,61.071,58.596,44048.47
HLA-B*51:03,ADAQHQFTDIES,85.0,73.867,45622.99
HLA-B*51:03,DAQHQFTDIESQ,46.667,57.788,43952.3
HLA-B*51:03,AQHQFTDIESQG,90.0,85.563,46691.71
HLA-B*51:03,QHQFTDIESQGA,69.545,62.052,44440.06
HLA-B*51:03,HQFTDIESQGAA,43.545,42.54,41864.5
HLA-B*51:03,QFTDIESQGAAS,95.0,87.847,46911.46
HLA-B*51:03,FTDIESQGAASY,33.929,35.43,40589.3
HLA-B*51:03,TDIESQGAASYS,77.5,73.001,45541.12
HLA-B*51:03,DIESQGAASYSG,82.5,71.268,45377.82
HLA-B*51:03,IESQGAASYSGQ,77.5,85.358,46671.99
HLA-B*51:03,ESQGAASYSGQY,34.692,39.393,41338.76
HLA-B*51:03,SQGAASYSGQYV,32.903,20.89,36804.01
HLA-B*51:03,QGAASYSGQYVR,68.636,63.234,44569.59
HLA-B*51:03,GAASYSGQYVRD,91.667,82.306,46390.06
HLA-B*51:03,AASYSGQYVRDA,56.5,51.944,43228.36
HLA-B*51:03,ASYSGQYVRDAV,32.161,20.217,36562.7
HLA-B*51:03,SYSGQYVRDAVG,85.0,56.728,43826.49
HLA-B*51:03,YSGQYVRDAVGG,95.0,65.295,44792.94
HLA-B*51:03,SGQYVRDAVGGI,55.0,31.829,39833.16
HLA-B*51:03,GQYVRDAVGGIL,57.25,46.846,42527.85
HLA-B*51:03,QYVRDAVGGILV,46.667,35.768,40656.53
HLA-B*51:03,YVRDAVGGILVF,26.1,19.373,36250.71
HLA-B*51:03,VRDAVGGILVFY,60.0,48.968,42837.27
HLA-B*51:03,RDAVGGILVFYN,88.333,67.156,44976.52
HLA-B*51:03,DAVGGILVFYNA,14.525,7.514,29243.08
HLA-B*51:03,AVGGILVFYNAQ,97.5,90.256,47148.07
HLA-B*51:03,VGGILVFYNAQI,63.929,25.502,38242.27
HLA-B*51:03,GGILVFYNAQIR,91.667,75.388,45764.88
HLA-B*51:03,GILVFYNAQIRG,100.0,86.0,46733.64
HLA-B*51:03,ILVFYNAQIRGD,100.0,84.211,46565.05
HLA-B*51:03,LVFYNAQIRGDE,97.5,84.217,46565.56
HLA-B*51:03,VFYNAQIRGDEV,39.647,25.195,38156.29
HLA-B*51:03,FYNAQIRGDEVV,53.704,28.603,39071.21
HLA-B*51:03,YNAQIRGDEVVC,72.857,58.928,44088.06
HLA-B*51:03,NAQIRGDEVVCE,78.333,68.661,45125.68
HLA-B*51:03,AQIRGDEVVCEG,91.667,78.284,46024.6
HLA-B*51:03,QIRGDEVVCEGE,97.5,95.805,48046.2
HLA-B*51:03,IRGDEVVCEGEL,61.429,58.076,43986.56
HLA-B*51:03,RGDEVVCEGELL,37.947,44.17,42120.75
HLA-B*51:03,GDEVVCEGELLA,74.286,65.871,44849.68
HLA-B*51:03,DEVVCEGELLAL,26.9,29.053,39183.0
HLA-B*51:03,EVVCEGELLALG,81.25,55.252,43651.86
HLA-B*51:03,VVCEGELLALGV,52.593,31.638,39789.64
HLA-B*51:03,VCEGELLALGVE,97.5,79.823,46163.25
HLA-B*51:03,CEGELLALGVEL,44.091,29.767,39353.79
HLA-B*51:03,EGELLALGVELM,46.556,41.042,41620.15
HLA-B*51:03,GELLALGVELMK,78.333,69.779,45236.64
HLA-B*51:03,ELLALGVELMKQ,79.167,76.174,45835.27
HLA-B*51:03,LLALGVELMKQL,27.111,39.293,41321.3
HLA-B*51:03,LALGVELMKQLL,24.987,12.823,33253.88
HLA-B*51:03,ALGVELMKQLLP,82.5,61.235,44350.73
HLA-B*51:03,LGVELMKQLLPL,27.093,18.295,35842.37
HLA-B*51:03,GVELMKQLLPLD,97.5,69.218,45180.89
HLA-B*51:03,VELMKQLLPLDA,70.714,37.012,40899.2
HLA-B*51:03,ELMKQLLPLDAK,72.857,51.896,43222.28
HLA-B*51:03,LMKQLLPLDAKV,39.882,19.631,36346.95
HLA-B*51:03,MKQLLPLDAKVN,88.333,52.4,43286.89
HLA-B*51:03,KQLLPLDAKVNK,55.5,70.976,45350.35
HLA-B*51:03,QLLPLDAKVNKD,82.5,83.757,46523.27
HLA-B*51:03,LLPLDAKVNKDT,88.333,79.59,46142.26
HLA-B*51:03,LPLDAKVNKDTK,17.912,45.427,42317.16
HLA-B*51:03,PLDAKVNKDTKA,86.667,86.668,46797.91
HLA-B*51:03,LDAKVNKDTKAD,97.5,95.403,47863.03
HLA-B*51:03,DAKVNKDTKADH,55.0,83.801,46527.29
HLA-B*51:03,AKVNKDTKADHG,100.0,97.097,48639.87
HLA-B*51:03,KVNKDTKADHGR,93.333,96.883,48541.03
HLA-B*51:03,VNKDTKADHGRF,64.643,75.537,45778.25
HLA-B*51:03,NKDTKADHGRFE,91.667,93.321,47491.11
HLA-B*51:03,KDTKADHGRFEQ,95.0,95.524,47917.97
HLA-B*51:03,DTKADHGRFEQA,38.333,43.988,42092.04
HLA-B*51:03,TKADHGRFEQAS,83.75,89.384,47059.91
HLA-B*51:03,KADHGRFEQASN,97.5,88.663,46990.19
HLA-B*51:03,ADHGRFEQASNV,40.5,32.0,39872.38
HLA-B*51:03,DHGRFEQASNVG,75.833,55.092,43632.97
HLA-B*51:03,HGRFEQASNVGS,88.333,76.705,45882.88
HLA-B*51:03,GRFEQASNVGSY,62.5,62.548,44494.43
HLA-B*51:03,RFEQASNVGSYI,26.6,11.548,32463.94
HLA-B*51:03,FEQASNVGSYIS,55.25,22.554,37349.99
HLA-B*51:03,EQASNVGSYISI,20.236,10.539,31766.92
HLA-B*51:03,QASNVGSYISIS,52.963,37.091,40914.24
HLA-B*51:03,ASNVGSYISISK,85.0,71.18,45369.48
HLA-B*51:03,SNVGSYISISKE,90.0,76.678,45880.39
HLA-B*51:03,NVGSYISISKEV,30.216,20.258,36577.32
HLA-B*51:03,VGSYISISKEVA,79.167,49.623,42927.73
HLA-B*51:03,GSYISISKEVAV,46.667,30.77,39589.96
HLA-B*51:03,SYISISKEVAVS,83.75,64.49,44707.75
HLA-B*51:03,YISISKEVAVSR,60.714,61.38,44366.55
HLA-B*51:03,ISISKEVAVSRS,83.75,71.451,45395.0
HLA-B*51:03,SISKEVAVSRSE,82.5,87.668,46894.2
HLA-B*51:03,ISKEVAVSRSEV,24.468,19.258,36207.61
HLA-B*51:03,SKEVAVSRSEVA,56.5,52.502,43299.98
HLA-B*51:03,KEVAVSRSEVAT,88.333,80.164,46194.22
HLA-B*51:03,EVAVSRSEVATS,76.667,71.754,45423.53
HLA-B*51:03,VAVSRSEVATST,43.091,54.165,43514.16
HLA-B*51:03,AVSRSEVATSTH,86.667,91.976,47340.29
HLA-B*51:03,VSRSEVATSTHP,76.667,61.538,44383.84
HLA-B*51:03,SRSEVATSTHPD,91.667,84.6,46600.86
HLA-B*51:03,RSEVATSTHPDR,93.333,89.9,47109.84
HLA-B*51:03,SEVATSTHPDRR,79.167,86.732,46803.98
HLA-B*51:03,EVATSTHPDRRH,75.833,90.188,47140.44
HLA-B*51:03,VATSTHPDRRHF,32.677,29.449,39277.64
HLA-B*51:03,ATSTHPDRRHFM,55.75,58.808,44073.76
HLA-B*51:03,TSTHPDRRHFMA,36.905,22.245,37252.32
HLA-B*51:03,STHPDRRHFMAE,71.429,52.739,43330.46
HLA-B*51:03,THPDRRHFMAES,80.0,58.104,43989.91
HLA-B*51:03,HPDRRHFMAESL,10.538,6.319,27845.55
HLA-B*51:03,PDRRHFMAESLT,93.333,65.566,44819.61
HLA-B*51:03,DRRHFMAESLTD,91.667,59.78,44189.8
HLA-B*51:03,RRHFMAESLTDK,90.0,78.522,46046.01
HLA-B*51:03,RHFMAESLTDKL,46.333,28.837,39129.61
HLA-B*51:03,HFMAESLTDKLC,77.5,55.496,43680.66
HLA-B*51:03,FMAESLTDKLCD,90.0,63.84,44636.21
HLA-B*51:03,MAESLTDKLCDR,71.429,63.238,44570.08
HLA-B*51:03,AESLTDKLCDRE,93.333,95.196,47768.88
HLA-B*51:03,ESLTDKLCDREA,54.63,48.695,42798.34
HLA-B*51:03,SLTDKLCDREAT,95.0,84.217,46565.56
HLA-B*51:03,LTDKLCDREATD,100.0,83.061,46459.37
HLA-B*51:03,TDKLCDREATDP,97.5,92.242,47370.01
HLA-B*51:03,DKLCDREATDPL,46.222,38.104,41105.48
HLA-B*51:03,KLCDREATDPLA,86.667,71.169,45368.49
HLA-B*51:03,LCDREATDPLAV,42.308,36.041,40710.68
HLA-B*51:03,CDREATDPLAVI,23.563,8.044,29750.85
HLA-B*51:03,DREATDPLAVIA,23.322,22.366,37290.64
HLA-B*51:03,REATDPLAVIAG,69.091,57.456,43912.86
HLA-B*51:03,EATDPLAVIAGG,27.167,28.434,39028.98
HLA-B*51:03,ATDPLAVIAGGT,83.75,65.999,44862.32
HLA-B*51:03,TDPLAVIAGGTS,77.5,48.614,42786.78
HLA-B*51:03,DPLAVIAGGTSH,23.023,41.584,41707.61
HLA-B*51:03,PLAVIAGGTSHI,63.214,24.531,37963.17
HLA-B*51:03,LAVIAGGTSHIT,68.636,32.542,39990.35
HLA-B*51:03,AVIAGGTSHITL,44.0,45.585,42341.0
HLA-B*51:03,VIAGGTSHITLD,79.167,72.463,45490.4
HLA-B*51:03,IAGGTSHITLDG,76.667,69.744,45233.22
HLA-B*51:03,AGGTSHITLDGR,91.667,95.241,47789.56
HLA-B*51:03,GGTSHITLDGRF,76.667,64.284,44685.0
HLA-B*51:03,GTSHITLDGRFA,86.667,61.366,44365.12
HLA-B*51:03,TSHITLDGRFAI,33.357,11.836,32655.23
HLA-B*51:03,SHITLDGRFAII,44.818,15.689,34719.04
HLA-B*51:03,HITLDGRFAIIR,90.0,57.72,43944.23
HLA-B*51:03,ITLDGRFAIIRP,65.0,44.147,42117.11
HLA-B*51:03,TLDGRFAIIRPG,95.0,53.319,43405.05
HLA-B*51:03,LDGRFAIIRPGL,67.727,43.244,41978.35
HLA-B*51:03,DGRFAIIRPGLL,14.35,10.67,31861.57
HLA-B*51:03,GRFAIIRPGLLL,37.0,21.238,36922.07
HLA-B*51:03,RFAIIRPGLLLL,32.774,18.469,35908.75
HLA-B*51:03,FAIIRPGLLLLA,30.216,10.777,31939.58
HLA-B*51:03,AIIRPGLLLLAL,43.273,27.778,38860.0
HLA-B*51:03,IIRPGLLLLALV,35.875,16.043,34884.72
HLA-B*51:03,IRPGLLLLALVS,86.667,45.639,42349.24
HLA-B*51:03,RPGLLLLALVSS,75.0,36.216,40744.62
HLA-B*51:03,PGLLLLALVSSV,82.5,50.613,43058.0
HLA-B*51:03,GLLLLALVSSVK,86.667,86.311,46763.49
HLA-B*51:03,LLLLALVSSVKQ,91.667,76.949,45904.75
HLA-B*51:03,LLLALVSSVKQT,93.333,75.061,45735.7
HLA-B*51:03,LLALVSSVKQTP,76.667,56.54,43804.2
HLA-B*51:03,LALVSSVKQTPA,59.75,22.697,37394.86
HLA-B*51:03,ALVSSVKQTPAE,93.333,90.778,47206.27
HLA-B*51:03,LVSSVKQTPAEW,33.0,29.218,39222.44
HLA-B*51:03,VSSVKQTPAEWQ,77.5,74.577,45690.18
HLA-B*51:03,SSVKQTPAEWQG,81.25,71.362,45386.66
HLA-B*51:03,SVKQTPAEWQGV,37.947,41.933,41764.05
HLA-B*51:03,VKQTPAEWQGVA,31.353,15.653,34702.14
HLA-B*51:03,KQTPAEWQGVAD,88.333,66.727,44934.22
HLA-B*51:03,QTPAEWQGVADE,78.333,68.996,45158.9
HLA-B*51:03,TPAEWQGVADEL,9.358,6.516,28096.12
HLA-B*51:03,PAEWQGVADELV,61.429,43.101,41956.54
HLA-B*51:03,AEWQGVADELVM,32.129,29.05,39182.14
HLA-B*51:03,EWQGVADELVMN,88.333,78.893,46079.39
HLA-B*51:03,WQGVADELVMNY,57.0,40.234,41483.94
HLA-B*51:03,QGVADELVMNYI,47.75,19.174,36176.26
HLA-B*51:03,GVADELVMNYIP,82.5,52.097,43248.02
HLA-B*51:03,VADELVMNYIPK,58.25,35.201,40543.65
HLA-B*51:03,ADELVMNYIPKA,68.182,43.202,41971.99
HLA-B*51:03,DELVMNYIPKAD,79.167,52.885,43349.21
HLA-B*51:03,ELVMNYIPKADG,91.667,72.286,45473.68
HLA-B*51:03,LVMNYIPKADGC,78.333,58.92,44087.09
HLA-B*51:03,VMNYIPKADGCW,72.857,34.668,40435.0
HLA-B*51:03,MNYIPKADGCWN,93.333,43.128,41960.62
HLA-B*51:03,NYIPKADGCWND,93.333,73.392,45578.11
HLA-B*51:03,YIPKADGCWNDK,95.0,77.514,45955.43
HLA-B*51:03,IPKADGCWNDKG,80.0,48.753,42806.68
HLA-B*51:03,PKADGCWNDKGA,97.5,95.186,47764.23
HLA-B*51:03,KADGCWNDKGAD,100.0,94.844,47662.53
HLA-B*51:03,ADGCWNDKGADS,97.5,96.19,48222.21
HLA-B*51:03,DGCWNDKGADSE,97.5,95.519,47915.9
HLA-B*51:03,GCWNDKGADSEV,75.833,68.406,45100.31
HLA-B*51:03,CWNDKGADSEVD,97.5,92.809,47433.59
HLA-B*51:03,WNDKGADSEVDE,95.0,92.745,47426.41
HLA-B*51:03,NDKGADSEVDEM,46.778,60.101,44227.09
HLA-B*51:03,DKGADSEVDEMR,78.333,91.098,47242.03
HLA-B*51:03,KGADSEVDEMRA,85.0,90.091,47129.71
HLA-B*51:03,GADSEVDEMRAD,95.0,95.535,47923.16
HLA-B*51:03,ADSEVDEMRADK,91.667,95.373,47849.57
HLA-B*51:03,DSEVDEMRADKD,97.5,95.312,47821.62
HLA-B*51:03,SEVDEMRADKDE,86.667,95.322,47826.28
HLA-B*51:03,EVDEMRADKDEK,76.667,87.789,46905.87
HLA-B*51:03,VDEMRADKDEKI,47.0,50.66,43064.05
HLA-B*51:03,DEMRADKDEKIL,28.449,39.028,41275.28
HLA-B*51:03,EMRADKDEKILL,33.536,46.975,42546.73
HLA-B*51:03,MRADKDEKILLK,56.75,70.924,45345.44
HLA-B*51:03,RADKDEKILLKV,35.542,32.617,40006.78
HLA-B*51:03,ADKDEKILLKVA,65.0,73.267,45566.27
HLA-B*51:03,DKDEKILLKVAG,72.143,73.038,45544.59
HLA-B*51:03,KDEKILLKVAGD,97.5,92.205,47365.88
HLA-B*51:03,DEKILLKVAGDY,48.625,50.237,43010.04
HLA-B*51:03,EKILLKVAGDYA,66.364,53.72,43456.75
HLA-B*51:03,KILLKVAGDYAV,58.75,47.3,42595.07
HLA-B*51:03,ILLKVAGDYAVR,90.0,67.736,45033.99
HLA-B*51:03,LLKVAGDYAVRW,53.519,38.131,41110.39
HLA-B*51:03,LKVAGDYAVRWY,85.0,58.792,44071.86
HLA-B*51:03,KVAGDYAVRWYE,91.667,72.944,45535.72
HLA-B*51:03,VAGDYAVRWYEW,39.647,21.396,36974.44
HLA-B*51:03,AGDYAVRWYEWE,85.0,74.932,45723.81
HLA-B*51:03,GDYAVRWYEWEL,59.5,22.351,37285.78
HLA-B*51:03,DYAVRWYEWELD,86.667,44.353,42149.93
HLA-B*51:03,YAVRWYEWELDE,80.0,38.581,41193.19
HLA-B*51:03,AVRWYEWELDEL,76.667,52.454,43293.89
HLA-B*51:03,VRWYEWELDELR,78.333,65.128,44776.48
HLA-B*51:03,RWYEWELDELRE,91.667,75.022,45732.22
HLA-B*51:03,WYEWELDELREQ,81.25,81.227,46291.29
HLA-B*51:03,YEWELDELREQF,25.448,23.113,37526.6
HLA-B*51:03,EWELDELREQFP,80.0,71.367,45387.16
HLA-B*51:03,WELDELREQFPS,73.571,51.813,43211.52
HLA-B*51:03,ELDELREQFPSL,24.974,26.889,38617.74
HLA-B*51:03,LDELREQFPSLL,42.077,31.729,39810.33
HLA-B*51:03,DELREQFPSLLH,36.571,38.891,41250.29
HLA-B*51:03,ELREQFPSLLHE,59.75,55.464,43676.89
HLA-B*51:03,LREQFPSLLHEQ,86.667,81.019,46272.25
HLA-B*51:03,REQFPSLLHEQP,54.815,40.077,41457.46
HLA-B*51:03,EQFPSLLHEQPT,40.688,27.729,38846.55
HLA-B*51:03,QFPSLLHEQPTC,54.63,28.905,39146.55
HLA-B*51:03,FPSLLHEQPTCL,2.958,2.019,19316.81
HLA-B*51:03,PSLLHEQPTCLI,74.286,27.922,38899.54
HLA-B*51:03,SLLHEQPTCLIQ,81.25,54.544,43563.16
HLA-B*51:03,LLHEQPTCLIQY,47.25,45.097,42267.28
HLA-B*51:03,LHEQPTCLIQYG,76.667,21.093,36874.16
HLA-B*51:03,HEQPTCLIQYGN,76.667,62.742,44515.62
HLA-B*51:03,EQPTCLIQYGNT,86.667,64.873,44749.83
HLA-B*51:03,QPTCLIQYGNTV,4.123,1.59,17478.62
HLA-B*51:03,PTCLIQYGNTVK,97.5,83.056,46458.86
HLA-B*51:03,TCLIQYGNTVKL,29.045,32.585,39999.87
HLA-B*51:03,CLIQYGNTVKLA,79.167,47.0,42550.4
HLA-B*51:03,LIQYGNTVKLAL,46.111,33.352,40162.92
HLA-B*51:03,IQYGNTVKLALS,62.5,48.623,42788.16
HLA-B*51:03,QYGNTVKLALSR,83.75,79.169,46104.34
HLA-B*51:03,YGNTVKLALSRN,90.0,75.554,45779.76
HLA-B*51:03,GNTVKLALSRNG,100.0,92.919,47445.92
HLA-B*51:03,NTVKLALSRNGY,57.25,46.542,42483.23
HLA-B*51:03,TVKLALSRNGYP,78.333,55.712,43706.2
HLA-B*51:03,VKLALSRNGYPD,100.0,79.535,46137.29
HLA-B*51:03,KLALSRNGYPDK,93.333,90.691,47196.56
HLA-B*51:03,LALSRNGYPDKE,83.75,76.567,45870.48
HLA-B*51:03,ALSRNGYPDKED,100.0,96.163,48209.71
HLA-B*51:03,LSRNGYPDKEDK,86.667,92.914,47445.4
HLA-B*51:03,SRNGYPDKEDKS,95.0,96.43,48332.43
HLA-B*51:03,RNGYPDKEDKSI,20.951,33.92,40280.43
HLA-B*51:03,NGYPDKEDKSII,21.702,16.017,34873.02
HLA-B*51:03,GYPDKEDKSIIF,24.961,28.0,38921.02
HLA-B*51:03,YPDKEDKSIIFD,21.079,22.668,37385.97
HLA-B*51:03,PDKEDKSIIFDS,97.5,96.344,48292.7
HLA-B*51:03,DKEDKSIIFDSL,32.161,46.339,42453.37
HLA-B*51:03,KEDKSIIFDSLV,40.125,19.831,36421.73
HLA-B*51:03,EDKSIIFDSLVT,62.5,39.442,41347.27
HLA-B*51:03,DKSIIFDSLVTW,9.829,12.789,33233.39
HLA-B*51:03,KSIIFDSLVTWY,52.593,44.106,42110.72
HLA-B*51:03,SIIFDSLVTWYD,78.333,54.69,43582.01
HLA-B*51:03,IIFDSLVTWYDL,26.75,19.076,36139.88
HLA-B*51:03,IFDSLVTWYDLQ,91.667,66.304,44892.42
HLA-B*51:03,FDSLVTWYDLQS,93.333,54.635,43574.93
HLA-B*51:03,DSLVTWYDLQSN,83.75,49.101,42855.82
HLA-B*51:03,SLVTWYDLQSNV,38.889,26.16,38424.34
HLA-B*51:03,LVTWYDLQSNVR,75.0,50.959,43102.28
HLA-B*51:03,VTWYDLQSNVRG,91.667,51.845,43215.73
HLA-B*51:03,TWYDLQSNVRGG,97.5,84.863,46625.05
HLA-B*51:03,WYDLQSNVRGGK,85.0,76.107,45829.3
HLA-B*51:03,YDLQSNVRGGKE,85.0,88.321,46957.17
HLA-B*51:03,DLQSNVRGGKEG,88.333,87.158,46845.02
HLA-B*51:03,LQSNVRGGKEGV,57.5,54.639,43575.41
HLA-B*51:03,QSNVRGGKEGVG,90.0,90.43,47167.47
HLA-B*51:03,SNVRGGKEGVGT,88.333,95.251,47793.69
HLA-B*51:03,NVRGGKEGVGTA,45.6,52.815,43340.29
HLA-B*51:03,VRGGKEGVGTAT,93.333,95.507,47910.18
HLA-B*51:03,RGGKEGVGTATK,93.333,95.516,47914.32
HLA-B*51:03,GGKEGVGTATKE,93.333,96.871,48535.24
HLA-B*51:03,GKEGVGTATKEE,97.5,97.43,48793.78
HLA-B*51:03,KEGVGTATKEEN,97.5,96.431,48332.96
HLA-B*51:03,EGVGTATKEEND,97.5,95.489,47901.9
HLA-B*51:03,GVGTATKEENDA,97.5,96.453,48342.9
HLA-B*51:03,VGTATKEENDAS,97.5,95.58,47943.38
HLA-B*51:03,GTATKEENDASR,90.0,96.127,48193.55
HLA-B*51:03,TATKEENDASRV,38.556,37.091,40914.24
HLA-B*51:03,ATKEENDASRVN,91.667,89.911,47110.87
HLA-B*51:03,TKEENDASRVNS,93.333,95.306,47819.03
HLA-B*51:03,KEENDASRVNSV,38.0,48.578,42781.67
HLA-B*51:03,EENDASRVNSVS,44.545,55.656,43699.57
HLA-B*51:03,ENDASRVNSVSD,85.0,77.702,45972.33
HLA-B*51:03,NDASRVNSVSDL,45.5,40.816,41582.35
HLA-B*51:03,DASRVNSVSDLP,37.947,23.098,37521.74
HLA-B*51:03,ASRVNSVSDLPN,95.0,73.293,45568.74
HLA-B*51:03,SRVNSVSDLPNM,55.75,48.435,42761.32
HLA-B*51:03,RVNSVSDLPNMP,85.0,71.514,45400.92
HLA-B*51:03,VNSVSDLPNMPR,86.667,75.847,45806.01
HLA-B*51:03,NSVSDLPNMPRF,34.692,23.611,37683.66
HLA-B*51:03,SVSDLPNMPRFR,66.818,65.03,44766.78
HLA-B*51:03,VSDLPNMPRFRG,70.714,43.232,41976.54
HLA-B*51:03,SDLPNMPRFRGE,86.667,76.905,45900.76
HLA-B*51:03,DLPNMPRFRGEG,93.333,64.464,44704.83
HLA-B*51:03,LPNMPRFRGEGE,67.273,52.323,43277.03
HLA-B*51:03,PNMPRFRGEGEI,45.4,11.622,32513.16
HLA-B*51:03,NMPRFRGEGEIV,40.562,13.924,33864.97
HLA-B*51:03,MPRFRGEGEIVL,5.115,2.49,20804.22
HLA-B*51:03,PRFRGEGEIVLA,80.0,79.939,46173.73
HLA-B*51:03,RFRGEGEIVLAE,90.0,82.842,46439.27
HLA-B*51:03,FRGEGEIVLAED,97.5,84.551,46596.32
HLA-B*51:03,RGEGEIVLAEDG,100.0,89.063,47028.85
HLA-B*51:03,GEGEIVLAEDGD,97.5,95.779,48034.25
HLA-B*51:03,EGEIVLAEDGDK,86.667,94.483,47621.79
HLA-B*51:03,GEIVLAEDGDKL,35.875,58.628,44052.3
HLA-B*51:03,EIVLAEDGDKLD,75.833,86.216,46754.38
HLA-B*51:03,IVLAEDGDKLDI,43.273,37.794,41047.26
HLA-B*51:03,VLAEDGDKLDIG,91.667,86.642,46795.38
HLA-B*51:03,LAEDGDKLDIGG,95.0,83.127,46465.42
HLA-B*51:03,AEDGDKLDIGGD,97.5,96.271,48259.3
HLA-B*51:03,EDGDKLDIGGDH,91.667,96.554,48389.47
HLA-B*51:03,DGDKLDIGGDHA,63.571,65.842,44846.79
HLA-B*51:03,GDKLDIGGDHAQ,95.0,96.017,48142.98
HLA-B*51:03,DKLDIGGDHAQK,76.667,85.579,46693.21
HLA-B*51:03,KLDIGGDHAQKV,48.5,59.592,44167.32
HLA-B*51:03,LDIGGDHAQKVR,75.0,80.975,46268.25
HLA-B*51:03,DIGGDHAQKVRA,55.25,62.307,44467.96
HLA-B*51:03,IGGDHAQKVRAN,93.333,91.034,47234.87
HLA-B*51:03,GGDHAQKVRANF,59.0,55.992,43739.3
HLA-B*51:03,GDHAQKVRANFE,90.0,83.39,46489.55
HLA-B*51:03,DHAQKVRANFER,59.5,63.08,44552.72
HLA-B*51:03,HAQKVRANFERH,77.5,79.673,46149.76
HLA-B*51:03,AQKVRANFERHT,90.0,94.79,47656.32
HLA-B*51:03,QKVRANFERHTW,47.375,42.12,41794.8
HLA-B*51:03,KVRANFERHTWI,50.37,29.563,39304.86
HLA-B*51:03,VRANFERHTWIE,86.667,60.083,44225.18
HLA-B*51:03,RANFERHTWIEG,75.0,51.138,43125.14
HLA-B*51:03,ANFERHTWIEGV,45.6,33.404,40173.77
HLA-B*51:03,NFERHTWIEGVG,97.5,56.056,43746.89
HLA-B*51:03,FERHTWIEGVGE,80.0,51.769,43205.92
HLA-B*51:03,ERHTWIEGVGEK,72.857,80.372,46213.23
HLA-B*51:03,RHTWIEGVGEKK,86.667,84.535,46594.79
HLA-B*51:03,HTWIEGVGEKKD,95.0,88.021,46928.23
HLA-B*51:03,TWIEGVGEKKDA,86.667,84.25,46568.59
HLA-B*51:03,WIEGVGEKKDAV,69.545,55.9,43728.44
HLA-B*51:03,IEGVGEKKDAVS,95.0,91.78,47318.26
HLA-B*51:03,EGVGEKKDAVSC,59.75,77.215,45928.59
HLA-B*51:03,GVGEKKDAVSCT,95.0,95.711,48003.06
HLA-B*51:03,VGEKKDAVSCTS,95.0,85.316,46667.95
HLA-B*51:03,GEKKDAVSCTSG,93.333,93.536,47515.28
HLA-B*51:03,EKKDAVSCTSGL,45.0,32.052,39883.62
HLA-B*51:03,KKDAVSCTSGLA,90.0,52.221,43263.95
HLA-B*51:03,KDAVSCTSGLAR,85.0,72.965,45537.68
HLA-B*51:03,DAVSCTSGLARV,12.435,5.674,27002.63
HLA-B*51:03,AVSCTSGLARVG,97.5,78.117,46009.67
HLA-B*51:03,VSCTSGLARVGY,68.182,57.86,43960.86
HLA-B*51:03,SCTSGLARVGYE,97.5,85.847,46719.0
HLA-B*51:03,CTSGLARVGYEA,91.667,48.779,42810.38
HLA-B*51:03,TSGLARVGYEAG,97.5,74.791,45710.46
HLA-B*51:03,SGLARVGYEAGT,97.5,80.104,46188.73
HLA-B*51:03,GLARVGYEAGTW,72.857,41.332,41667.02
HLA-B*51:03,LARVGYEAGTWR,52.593,40.625,41549.96
HLA-B*51:03,ARVGYEAGTWRP,86.667,81.468,46313.32
HLA-B*51:03,RVGYEAGTWRPK,90.0,81.884,46351.42
HLA-B*51:03,VGYEAGTWRPKT,55.25,58.44,44029.9
HLA-B*51:03,GYEAGTWRPKTN,100.0,92.461,47394.61
HLA-B*51:03,YEAGTWRPKTNN,91.667,69.941,45252.8
HLA-B*51:03,EAGTWRPKTNNP,39.824,58.332,44017.04
HLA-B*51:03,AGTWRPKTNNPC,95.0,88.311,46956.14
HLA-B*51:03,GTWRPKTNNPCL,45.0,44.747,42212.44
HLA-B*51:03,TWRPKTNNPCLL,49.143,41.807,41743.72
HLA-B*51:03,WRPKTNNPCLLP,76.667,38.092,41103.26
HLA-B*51:03,RPKTNNPCLLPR,60.714,46.031,42408.39
HLA-B*51:03,PKTNNPCLLPRP,100.0,91.176,47250.71
HLA-B*51:03,KTNNPCLLPRPI,44.455,12.418,33012.62
HLA-B*51:03,TNNPCLLPRPIR,68.636,32.796,40045.76
HLA-B*51:03,NNPCLLPRPIRD,86.667,44.351,42149.47
HLA-B*51:03,NPCLLPRPIRDV,11.62,4.411,25095.12
HLA-B*51:03,PCLLPRPIRDVG,95.0,77.043,45913.19
HLA-B*51:03,CLLPRPIRDVGT,95.0,64.315,44688.38
HLA-B*51:03,LLPRPIRDVGTD,93.333,55.344,43662.72
HLA-B*51:03,LPRPIRDVGTDQ,62.143,63.757,44627.03
HLA-B*51:03,PRPIRDVGTDQK,93.333,95.443,47881.18
HLA-B*51:03,RPIRDVGTDQKE,73.571,80.63,46236.72
HLA-B*51:03,PIRDVGTDQKEL,66.364,81.446,46311.32
HLA-B*51:03,IRDVGTDQKELA,64.643,75.305,45757.47
HLA-B*51:03,RDVGTDQKELAN,90.0,95.232,47785.43
HLA-B*51:03,DVGTDQKELANI,32.871,24.862,38061.06
HLA-B*51:03,VGTDQKELANIA,65.0,57.824,43956.59
HLA-B*51:03,GTDQKELANIAA,50.0,67.884,45048.6
HLA-B*51:03,TDQKELANIAAK,75.833,73.773,45614.11
HLA-B*51:03,DQKELANIAAKT,52.037,60.149,44232.36
HLA-B*51:03,QKELANIAAKTA,62.143,57.88,43963.25
HLA-B*51:03,KELANIAAKTAT,91.667,82.579,46415.17
HLA-B*51:03,ELANIAAKTATD,93.333,79.961,46175.72
HLA-B*51:03,LANIAAKTATDD,97.5,84.66,46606.39
HLA-B*51:03,ANIAAKTATDDD,100.0,96.853,48526.85
HLA-B*51:03,NIAAKTATDDDS,93.333,94.41,47613.56
HLA-B*51:03,IAAKTATDDDSI,14.828,8.281,29963.73
HLA-B*51:03,AAKTATDDDSIG,88.333,77.863,45986.77
HLA-B*51:03,AKTATDDDSIGI,47.375,55.772,43713.3
HLA-B*51:03,KTATDDDSIGIF,52.222,50.912,43096.2
HLA-B*51:03,TATDDDSIGIFP,46.333,40.83,41584.6
HLA-B*51:03,ATDDDSIGIFPD,88.333,83.806,46527.79
HLA-B*51:03,TDDDSIGIFPDL,32.613,25.465,38231.94
HLA-B*51:03,DDDSIGIFPDLY,42.692,31.333,39719.95
HLA-B*51:03,DDSIGIFPDLYQ,73.571,53.596,43440.78
HLA-B*51:03,DSIGIFPDLYQA,10.83,9.229,30789.96
HLA-B*51:03,SIGIFPDLYQAP,67.727,65.664,44829.32
HLA-B*51:03,IGIFPDLYQAPI,20.878,3.05,22255.16
HLA-B*51:03,GIFPDLYQAPIY,46.556,23.527,37657.15
HLA-B*51:03,IFPDLYQAPIYN,64.643,25.493,38239.78
HLA-B*51:03,FPDLYQAPIYNL,2.949,1.853,18627.97
HLA-B*51:03,PDLYQAPIYNLS,86.667,64.723,44733.39
HLA-B*51:03,DLYQAPIYNLSA,15.019,10.575,31792.71
HLA-B*51:03,LYQAPIYNLSAQ,65.0,42.51,41859.51
HLA-B*51:03,YQAPIYNLSAQY,24.377,22.054,37192.31
HLA-B*51:03,QAPIYNLSAQYK,59.75,47.56,42633.82
HLA-B*51:03,APIYNLSAQYKY,18.201,25.867,38344.61
HLA-B*51:03,PIYNLSAQYKYI,75.833,33.857,40267.34
HLA-B*51:03,IYNLSAQYKYIM,57.75,32.488,39978.67
HLA-B*51:03,YNLSAQYKYIMQ,83.75,52.112,43249.89
HLA-B*51:03,NLSAQYKYIMQL,26.183,17.665,35589.64
HLA-B*51:03,LSAQYKYIMQLQ,72.143,41.849,41750.51
HLA-B*51:03,SAQYKYIMQLQL,16.293,12.342,32967.64
HLA-B*51:03,AQYKYIMQLQLP,63.214,48.64,42790.47
HLA-B*51:03,QYKYIMQLQLPE,93.333,66.683,44929.84
HLA-B*51:03,YKYIMQLQLPES,90.0,54.223,43521.68
HLA-B*51:03,KYIMQLQLPEST,86.667,68.809,45140.32
HLA-B*51:03,YIMQLQLPESTY,41.083,25.9,38353.73
HLA-B*51:03,IMQLQLPESTYN,93.333,71.174,45368.99
HLA-B*51:03,MQLQLPESTYNT,67.727,45.7,42358.39
HLA-B*51:03,QLQLPESTYNTT,56.25,54.154,43512.73
HLA-B*51:03,LQLPESTYNTTV,26.4,12.463,33039.05
HLA-B*51:03,QLPESTYNTTVD,76.667,50.408,43031.9
HLA-B*51:03,LPESTYNTTVDV,6.731,1.39,16521.85
HLA-B*51:03,PESTYNTTVDVY,75.833,64.886,44751.3
HLA-B*51:03,ESTYNTTVDVYT,81.25,58.528,44040.38
HLA-B*51:03,STYNTTVDVYTL,22.72,19.534,36310.78
HLA-B*51:03,TYNTTVDVYTLL,24.766,24.124,37843.42
HLA-B*51:03,YNTTVDVYTLLY,59.75,28.475,39039.1
HLA-B*51:03,NTTVDVYTLLYF,46.667,25.477,38235.24
HLA-B*51:03,TTVDVYTLLYFY,53.333,33.474,40188.13
HLA-B*51:03,TVDVYTLLYFYK,85.0,59.296,44131.95
HLA-B*51:03,VDVYTLLYFYKE,95.0,71.018,45354.27
HLA-B*51:03,DVYTLLYFYKEV,12.975,3.948,24207.3
HLA-B*51:03,VYTLLYFYKEVG,97.5,62.869,44529.6
HLA-B*51:03,YTLLYFYKEVGL,47.75,23.47,37639.23
HLA-B*51:03,TLLYFYKEVGLT,93.333,69.331,45192.14
HLA-B*51:03,LLYFYKEVGLTS,68.636,49.293,42882.25
HLA-B*51:03,LYFYKEVGLTSP,82.5,61.476,44377.11
HLA-B*51:03,YFYKEVGLTSPD,97.5,65.842,44846.79
HLA-B*51:03,FYKEVGLTSPDN,95.0,83.45,46495.07
HLA-B*51:03,YKEVGLTSPDNV,51.481,34.571,40414.88
HLA-B*51:03,KEVGLTSPDNVQ,86.667,80.334,46209.71
HLA-B*51:03,EVGLTSPDNVQT,61.071,79.756,46157.26
HLA-B*51:03,VGLTSPDNVQTL,20.463,31.586,39777.58
HLA-B*51:03,GLTSPDNVQTLD,76.667,76.838,45894.81
HLA-B*51:03,LTSPDNVQTLDN,72.857,72.192,45464.82
HLA-B*51:03,TSPDNVQTLDNK,49.0,74.238,45658.05
HLA-B*51:03,SPDNVQTLDNKP,34.615,49.0,42841.89
HLA-B*51:03,PDNVQTLDNKPN,100.0,96.878,48538.4
HLA-B*51:03,DNVQTLDNKPNQ,73.571,94.241,47594.5
HLA-B*51:03,NVQTLDNKPNQI,29.114,31.476,39752.63
HLA-B*51:03,VQTLDNKPNQID,81.25,80.016,46180.72
HLA-B*51:03,QTLDNKPNQIDV,41.0,42.373,41836.86
HLA-B*51:03,TLDNKPNQIDVS,88.333,88.126,46938.37
HLA-B*51:03,LDNKPNQIDVSL,10.037,7.568,29294.71
HLA-B*51:03,DNKPNQIDVSLE,26.75,45.855,42381.79
HLA-B*51:03,NKPNQIDVSLET,49.714,51.67,43193.3
HLA-B*51:03,KPNQIDVSLETA,24.948,30.182,39452.28
HLA-B*51:03,PNQIDVSLETAS,95.0,89.7,47090.45
HLA-B*51:03,NQIDVSLETASD,86.667,71.394,45389.62
HLA-B*51:03,QIDVSLETASDS,93.333,91.473,47283.97
HLA-B*51:03,IDVSLETASDSL,53.333,42.828,41912.54
HLA-B*51:03,DVSLETASDSLS,76.667,61.757,44407.86
HLA-B*51:03,VSLETASDSLSA,41.75,29.567,39305.7
HLA-B*51:03,SLETASDSLSAN,93.333,80.268,46203.72
HLA-B*51:03,LETASDSLSANC,77.5,63.998,44653.6
HLA-B*51:03,ETASDSLSANCE,83.75,86.358,46768.04
HLA-B*51:03,TASDSLSANCEN,93.333,76.633,45876.43
HLA-B*51:03,ASDSLSANCENS,97.5,92.713,47422.83
HLA-B*51:03,SDSLSANCENSI,51.296,21.744,37090.25
HLA-B*51:03,DSLSANCENSIG,64.643,33.263,40144.66
HLA-B*51:03,SLSANCENSIGV,70.714,43.586,42030.61
HLA-B*51:03,LSANCENSIGVF,68.636,35.603,40623.55
HLA-B*51:03,SANCENSIGVFC,61.429,47.161,42574.34
HLA-B*51:03,ANCENSIGVFCR,95.0,91.034,47234.87
HLA-B*51:03,NCENSIGVFCRV,54.259,15.919,34827.4
HLA-B*51:03,CENSIGVFCRVE,91.667,46.339,42453.37
HLA-B*51:03,ENSIGVFCRVEF,57.0,33.773,40249.91
HLA-B*51:03,NSIGVFCRVEFE,75.0,42.768,41902.56
HLA-B*51:03,SIGVFCRVEFEG,97.5,78.555,46049.0
HLA-B*51:03,IGVFCRVEFEGI,77.5,33.251,40142.07
HLA-B*51:03,GVFCRVEFEGIF,72.857,40.947,41604.4
HLA-B*51:03,VFCRVEFEGIFK,93.333,75.692,45792.13
HLA-B*51:03,FCRVEFEGIFKS,67.727,49.599,42924.5
HLA-B*51:03,CRVEFEGIFKSL,49.714,32.058,39884.9
HLA-B*51:03,RVEFEGIFKSLR,77.5,67.628,45023.27
HLA-B*51:03,VEFEGIFKSLRP,46.889,37.03,40902.74
HLA-B*51:03,EFEGIFKSLRPT,85.0,56.544,43804.68
HLA-B*51:03,FEGIFKSLRPTA,62.143,36.725,40843.48
HLA-B*51:03,EGIFKSLRPTAG,86.667,61.665,44397.78
HLA-B*51:03,GIFKSLRPTAGR,82.5,85.653,46700.29
HLA-B*51:03,IFKSLRPTAGRD,100.0,92.827,47435.64
HLA-B*51:03,FKSLRPTAGRDQ,97.5,95.342,47835.07
HLA-B*51:03,KSLRPTAGRDQQ,93.333,95.136,47741.5
HLA-B*51:03,SLRPTAGRDQQI,28.245,31.488,39755.22
HLA-B*51:03,LRPTAGRDQQIV,56.75,42.06,41784.85
HLA-B*51:03,RPTAGRDQQIVC,31.029,37.489,40989.56
HLA-B*51:03,PTAGRDQQIVCI,54.63,48.724,42802.51
HLA-B*51:03,TAGRDQQIVCID,62.5,55.1,43633.9
HLA-B*51:03,AGRDQQIVCIDD,86.667,88.558,46980.04
HLA-B*51:03,GRDQQIVCIDDA,78.333,82.656,46422.2
HLA-B*51:03,RDQQIVCIDDAY,81.25,64.236,44679.7
HLA-B*51:03,DQQIVCIDDAYL,40.438,27.632,38820.07
HLA-B*51:03,QQIVCIDDAYLL,26.867,31.441,39744.48
HLA-B*51:03,QIVCIDDAYLLQ,88.333,72.051,45451.54
HLA-B*51:03,IVCIDDAYLLQH,88.333,79.336,46119.32
HLA-B*51:03,VCIDDAYLLQHR,72.143,85.0,46637.66
HLA-B*51:03,CIDDAYLLQHRQ,88.333,70.01,45259.66
HLA-B*51:03,IDDAYLLQHRQE,90.0,81.435,46310.31
HLA-B*51:03,DDAYLLQHRQEL,14.611,12.939,33323.4
HLA-B*51:03,DAYLLQHRQELK,16.467,12.252,32913.81
HLA-B*51:03,AYLLQHRQELKD,97.5,90.421,47166.44
HLA-B*51:03,YLLQHRQELKDL,56.0,49.202,42869.72
HLA-B*51:03,LLQHRQELKDLE,95.0,86.779,46808.54
HLA-B*51:03,LQHRQELKDLED,95.0,89.121,47034.46
HLA-B*51:03,QHRQELKDLEDL,69.545,76.8,45891.34
HLA-B*51:03,HRQELKDLEDLT,88.333,88.311,46956.14
HLA-B*51:03,RQELKDLEDLTI,46.889,34.96,40495.41
HLA-B*51:03,QELKDLEDLTIA,65.0,53.359,43410.23
HLA-B*51:03,ELKDLEDLTIAN,80.0,72.009,45447.61
HLA-B*51:03,LKDLEDLTIANL,39.471,39.337,41328.93
HLA-B*51:03,KDLEDLTIANLR,80.0,79.845,46165.24
HLA-B*51:03,DLEDLTIANLRT,74.286,71.571,45406.31
HLA-B*51:03,LEDLTIANLRTR,68.182,67.416,45002.31
HLA-B*51:03,EDLTIANLRTRS,86.667,79.734,46155.24
HLA-B*51:03,DLTIANLRTRSA,28.612,28.449,39032.78
HLA-B*51:03,LTIANLRTRSAK,83.75,61.327,44360.8
HLA-B*51:03,TIANLRTRSAKL,54.815,50.638,43061.24
HLA-B*51:03,IANLRTRSAKLM,36.429,25.216,38162.07
HLA-B*51:03,ANLRTRSAKLMA,81.25,69.572,45216.11
HLA-B*51:03,NLRTRSAKLMAA,76.667,51.754,43204.05
HLA-B*51:03,LRTRSAKLMAAW,74.286,36.561,40811.68
HLA-B*51:03,RTRSAKLMAAWV,65.909,29.446,39276.78
HLA-B*51:03,TRSAKLMAAWVE,93.333,57.372,43902.9
HLA-B*51:03,RSAKLMAAWVEP,85.0,45.636,42348.78
HLA-B*51:03,SAKLMAAWVEPL,30.324,16.661,35160.59
HLA-B*51:03,AKLMAAWVEPLL,40.438,26.633,38549.69
HLA-B*51:03,KLMAAWVEPLLG,83.75,35.662,40635.43
HLA-B*51:03,LMAAWVEPLLGE,88.333,47.248,42587.25
HLA-B*51:03,MAAWVEPLLGER,47.5,31.134,39674.43
HLA-B*51:03,AAWVEPLLGERP,59.25,42.063,41785.31
HLA-B*51:03,AWVEPLLGERPY,44.909,41.696,41725.66
HLA-B*51:03,WVEPLLGERPYL,41.0,23.274,37577.39
HLA-B*51:03,VEPLLGERPYLA,39.824,23.838,37755.49
HLA-B*51:03,EPLLGERPYLAL,5.209,4.032,24371.29
HLA-B*51:03,PLLGERPYLALS,93.333,81.413,46308.31
HLA-B*51:03,LLGERPYLALSV,34.231,22.074,37198.76
HLA-B*51:03,LGERPYLALSVS,52.593,14.415,34109.52
HLA-B*51:03,GERPYLALSVSI,30.486,9.489,31009.94
HLA-B*51:03,ERPYLALSVSIR,68.636,30.812,39599.82
HLA-B*51:03,RPYLALSVSIRP,27.574,10.748,31918.17
HLA-B*51:03,PYLALSVSIRPA,91.667,51.193,43132.12
HLA-B*51:03,YLALSVSIRPAS,80.0,58.928,44088.06
HLA-B*51:03,LALSVSIRPASP,57.0,28.908,39147.38
HLA-B*51:03,ALSVSIRPASPY,72.857,51.433,43162.95
HLA-B*51:03,LSVSIRPASPYI,23.333,5.488,26752.53
HLA-B*51:03,SVSIRPASPYID,70.0,45.012,42254.5
HLA-B*51:03,VSIRPASPYIDE,69.545,39.391,41338.31
HLA-B*51:03,SIRPASPYIDER,70.0,64.886,44751.3
HLA-B*51:03,IRPASPYIDERQ,90.0,91.084,47240.5
HLA-B*51:03,RPASPYIDERQS,47.0,55.112,43635.33
HLA-B*51:03,PASPYIDERQSE,85.0,90.979,47228.75
HLA-B*51:03,ASPYIDERQSEE,85.0,83.505,46500.11
HLA-B*51:03,SPYIDERQSEES,50.556,44.621,42192.36
HLA-B*51:03,PYIDERQSEESN,100.0,96.069,48166.95
HLA-B*51:03,YIDERQSEESNR,75.0,88.616,46985.62
HLA-B*51:03,IDERQSEESNRN,97.5,96.517,48372.19
HLA-B*51:03,DERQSEESNRNA,31.706,52.775,43335.15
HLA-B*51:03,ERQSEESNRNAP,70.714,80.044,46183.23
HLA-B*51:03,RQSEESNRNAPV,51.852,45.267,42292.91
HLA-B*51:03,QSEESNRNAPVE,91.667,78.516,46045.53
HLA-B*51:03,SEESNRNAPVET,69.545,78.295,46025.58
HLA-B*51:03,EESNRNAPVETH,45.5,77.287,45935.05
HLA-B*51:03,ESNRNAPVETHF,21.982,31.115,39670.14
HLA-B*51:03,SNRNAPVETHFQ,81.25,86.626,46793.87
HLA-B*51:03,NRNAPVETHFQQ,49.857,60.98,44322.91
HLA-B*51:03,RNAPVETHFQQK,79.167,78.931,46082.9
HLA-B*51:03,NAPVETHFQQKF,15.825,18.319,35851.29
HLA-B*51:03,APVETHFQQKFV,5.652,3.299,22840.4
HLA-B*51:03,PVETHFQQKFVA,81.25,47.706,42655.5
HLA-B*51:03,VETHFQQKFVAS,72.143,56.432,43791.4
HLA-B*51:03,ETHFQQKFVASL,26.033,19.197,36184.89
HLA-B*51:03,THFQQKFVASLS,67.273,33.785,40252.54
HLA-B*51:03,HFQQKFVASLST,71.429,52.476,43296.71
HLA-B*51:03,FQQKFVASLSTL,37.0,21.502,37009.68
HLA-B*51:03,QQKFVASLSTLK,61.071,59.84,44196.95
HLA-B*51:03,QKFVASLSTLKS,88.333,66.156,44877.83
HLA-B*51:03,KFVASLSTLKSH,82.5,82.47,46405.11
HLA-B*51:03,FVASLSTLKSHT,81.25,59.98,44213.68
HLA-B*51:03,VASLSTLKSHTK,67.273,68.588,45118.35
HLA-B*51:03,ASLSTLKSHTKT,91.667,86.905,46820.7
HLA-B*51:03,SLSTLKSHTKTV,45.4,40.261,41488.41
HLA-B*51:03,LSTLKSHTKTVV,40.125,23.101,37522.54
HLA-B*51:03,STLKSHTKTVVI,32.032,18.818,36041.87
HLA-B*51:03,TLKSHTKTVVIS,80.0,65.408,44804.09
HLA-B*51:03,LKSHTKTVVISL,43.182,39.35,41331.16
HLA-B*51:03,KSHTKTVVISLV,54.259,27.276,38722.76
HLA-B*51:03,SHTKTVVISLVT,75.833,52.203,43261.6
HLA-B*51:03,HTKTVVISLVTQ,78.333,69.469,45205.81
HLA-B*51:03,TKTVVISLVTQA,57.75,50.547,43049.61
HLA-B*51:03,KTVVISLVTQAV,58.5,36.161,40734.03
HLA-B*51:03,TVVISLVTQAVA,72.143,40.777,41575.59
HLA-B*51:03,VVISLVTQAVAA,64.643,47.446,42616.75
HLA-B*51:03,VISLVTQAVAAS,93.333,77.154,45923.11
HLA-B*51:03,ISLVTQAVAASK,80.0,61.841,44417.0
HLA-B*51:03,SLVTQAVAASKA,75.0,61.793,44411.7
HLA-B*51:03,LVTQAVAASKAE,91.667,82.645,46421.18
HLA-B*51:03,VTQAVAASKAEK,88.333,79.767,46158.24
HLA-B*51:03,TQAVAASKAEKM,39.059,49.182,42866.93
HLA-B*51:03,QAVAASKAEKMK,75.833,80.559,46230.22
HLA-B*51:03,AVAASKAEKMKH,90.0,95.191,47766.82
HLA-B*51:03,VAASKAEKMKHN,88.333,91.317,47266.59
HLA-B*51:03,AASKAEKMKHNQ,91.667,96.636,48427.18
HLA-B*51:03,ASKAEKMKHNQW,54.074,69.291,45188.21
HLA-B*51:03,SKAEKMKHNQWD,88.333,91.235,47257.39
HLA-B*51:03,KAEKMKHNQWDG,93.333,86.832,46813.61
HLA-B*51:03,AEKMKHNQWDGE,95.0,95.946,48110.7
HLA-B*51:03,EKMKHNQWDGEG,97.5,87.937,46920.09
HLA-B*51:03,KMKHNQWDGEGD,100.0,96.003,48136.73
HLA-B*51:03,MKHNQWDGEGDE,91.667,93.454,47506.03
HLA-B*51:03,KHNQWDGEGDEA,74.286,81.616,46326.86
HLA-B*51:03,HNQWDGEGDEAS,95.0,95.179,47761.12
HLA-B*51:03,NQWDGEGDEASL,25.97,41.707,41727.46
HLA-B*51:03,QWDGEGDEASLG,90.0,90.686,47196.05
HLA-B*51:03,WDGEGDEASLGV,50.741,34.351,40369.42
HLA-B*51:03,DGEGDEASLGVM,52.778,52.586,43310.76
HLA-B*51:03,GEGDEASLGVMS,78.333,84.995,46637.18
HLA-B*51:03,EGDEASLGVMSL,11.885,20.028,36495.11
HLA-B*51:03,GDEASLGVMSLA,68.636,39.442,41347.27
HLA-B*51:03,DEASLGVMSLAG,45.6,36.918,40881.06
HLA-B*51:03,EASLGVMSLAGT,58.5,44.178,42122.11
HLA-B*51:03,ASLGVMSLAGTS,95.0,71.66,45414.68
HLA-B*51:03,SLGVMSLAGTSK,90.0,80.745,46247.21
HLA-B*51:03,LGVMSLAGTSKG,97.5,74.228,45657.07
HLA-B*51:03,GVMSLAGTSKGN,97.5,91.281,47262.48
HLA-B*51:03,VMSLAGTSKGNI,57.75,21.359,36962.45
HLA-B*51:03,MSLAGTSKGNIL,38.167,17.143,35371.97
HLA-B*51:03,SLAGTSKGNILE,88.333,82.596,46416.66
HLA-B*51:03,LAGTSKGNILEK,69.091,70.986,45351.32
HLA-B*51:03,AGTSKGNILEKD,95.0,95.655,47977.62
HLA-B*51:03,GTSKGNILEKDH,95.0,96.245,48247.29
HLA-B*51:03,TSKGNILEKDHK,78.333,90.087,47129.22
HLA-B*51:03,SKGNILEKDHKD,97.5,96.278,48262.41
HLA-B*51:03,KGNILEKDHKDA,97.5,95.762,48026.44
HLA-B*51:03,GNILEKDHKDAY,73.571,87.0,46829.82
HLA-B*51:03,NILEKDHKDAYP,71.429,72.443,45488.43
HLA-B*51:03,ILEKDHKDAYPL,67.273,44.928,42241.23
HLA-B*51:03,LEKDHKDAYPLF,35.083,36.884,40874.42
HLA-B*51:03,EKDHKDAYPLFA,62.143,54.967,43617.86
HLA-B*51:03,KDHKDAYPLFAP,76.667,59.94,44208.92
HLA-B*51:03,DHKDAYPLFAPG,54.63,14.174,33991.62
HLA-B*51:03,HKDAYPLFAPGK,85.0,48.763,42808.09
HLA-B*51:03,KDAYPLFAPGKH,62.857,56.136,43756.34
HLA-B*51:03,DAYPLFAPGKHK,17.031,19.846,36427.65
HLA-B*51:03,AYPLFAPGKHKK,38.222,54.468,43553.24
HLA-B*51:03,YPLFAPGKHKKH,25.627,33.141,40119.48
HLA-B*51:03,PLFAPGKHKKHR,93.333,95.886,48083.12
HLA-B*51:03,LFAPGKHKKHRV,45.8,47.681,42651.81
HLA-B*51:03,FAPGKHKKHRVD,65.909,70.005,45259.16
HLA-B*51:03,APGKHKKHRVDV,39.059,47.681,42651.81
HLA-B*51:03,PGKHKKHRVDVL,82.5,93.87,47552.8
HLA-B*51:03,GKHKKHRVDVLP,95.0,93.605,47522.97
HLA-B*51:03,KHKKHRVDVLPT,90.0,89.047,47027.33
HLA-B*51:03,HKKHRVDVLPTI,29.068,30.522,39531.74
HLA-B*51:03,KKHRVDVLPTIW,66.818,52.95,43357.66
HLA-B*51:03,KHRVDVLPTIWA,71.429,50.5,43043.56
HLA-B*51:03,HRVDVLPTIWAR,45.6,48.396,42755.77
HLA-B*51:03,RVDVLPTIWARS,86.667,68.927,45152.05
HLA-B*51:03,VDVLPTIWARSD,93.333,58.46,44032.28
HLA-B*51:03,DVLPTIWARSDR,46.667,53.104,43377.37
HLA-B*51:03,VLPTIWARSDRA,82.5,36.15,40731.82
HLA-B*51:03,LPTIWARSDRAG,79.167,29.98,39404.91
HLA-B*51:03,PTIWARSDRAGD,100.0,96.016,48142.48
HLA-B*51:03,TIWARSDRAGDG,100.0,88.721,46995.8
HLA-B*51:03,IWARSDRAGDGS,100.0,95.006,47682.64
HLA-B*51:03,WARSDRAGDGSV,43.182,21.884,37136.82
HLA-B*51:03,ARSDRAGDGSVL,68.182,71.597,45408.77
HLA-B*51:03,RSDRAGDGSVLD,85.0,73.951,45630.91
HLA-B*51:03,SDRAGDGSVLDF,63.929,58.248,44007.04
HLA-B*51:03,DRAGDGSVLDFG,86.667,74.546,45687.21
HLA-B*51:03,RAGDGSVLDFGN,86.667,82.426,46401.1
HLA-B*51:03,AGDGSVLDFGND,97.5,95.071,47712.05
HLA-B*51:03,GDGSVLDFGNDE,97.5,96.582,48402.05
HLA-B*51:03,DGSVLDFGNDEW,45.3,30.673,39567.27
HLA-B*51:03,GSVLDFGNDEWT,93.333,75.792,45801.05
HLA-B*51:03,SVLDFGNDEWTV,20.78,13.507,33636.36
HLA-B*51:03,VLDFGNDEWTVQ,93.333,78.981,46087.39
HLA-B*51:03,LDFGNDEWTVQY,45.8,37.944,41075.7
HLA-B*51:03,DFGNDEWTVQYT,75.0,63.585,44608.18
HLA-B*51:03,FGNDEWTVQYTE,71.429,45.985,42401.5
HLA-B*51:03,GNDEWTVQYTEE,91.667,86.905,46820.7
HLA-B*51:03,NDEWTVQYTEED,97.5,77.038,45912.69
HLA-B*51:03,DEWTVQYTEEDF,16.04,17.321,35446.3
HLA-B*51:03,EWTVQYTEEDFG,93.333,78.61,46054.0
HLA-B*51:03,WTVQYTEEDFGE,93.333,76.179,45835.77
HLA-B*51:03,TVQYTEEDFGEG,97.5,82.946,46448.82
HLA-B*51:03,VQYTEEDFGEGG,91.667,75.991,45818.89
HLA-B*51:03,QYTEEDFGEGGL,58.5,63.133,44558.5
HLA-B*51:03,YTEEDFGEGGLI,29.205,8.522,30181.41
HLA-B*51:03,TEEDFGEGGLIN,64.286,50.197,43004.91
HLA-B*51:03,EEDFGEGGLINL,30.946,40.053,41453.43
HLA-B*51:03,EDFGEGGLINLY,32.29,37.159,40927.09
HLA-B*51:03,DFGEGGLINLYE,70.714,68.578,45117.39
HLA-B*51:03,FGEGGLINLYEL,14.783,32.855,40058.75
HLA-B*51:03,GEGGLINLYELG,86.667,77.187,45926.11
HLA-B*51:03,EGGLINLYELGL,59.0,48.412,42758.09
HLA-B*51:03,GGLINLYELGLD,90.0,91.116,47244.07
HLA-B*51:03,GLINLYELGLDV,78.333,46.307,42448.77
HLA-B*51:03,LINLYELGLDVY,79.167,45.779,42370.3
HLA-B*51:03,INLYELGLDVYK,81.25,58.832,44076.6
HLA-B*51:03,NLYELGLDVYKM,33.357,22.616,37369.38
HLA-B*51:03,LYELGLDVYKMA,74.286,48.097,42713.22
HLA-B*51:03,YELGLDVYKMAV,36.0,15.393,34579.96
HLA-B*51:03,ELGLDVYKMAVA,79.167,52.505,43300.46
HLA-B*51:03,LGLDVYKMAVAA,62.857,30.608,39551.86
HLA-B*51:03,GLDVYKMAVAAM,75.0,40.035,41450.27
HLA-B*51:03,LDVYKMAVAAMK,90.0,55.136,43638.15
HLA-B*51:03,DVYKMAVAAMKA,26.917,14.46,34131.3
HLA-B*51:03,VYKMAVAAMKAV,33.286,23.875,37767.33
HLA-B*51:03,YKMAVAAMKAVT,72.143,48.218,42730.33
HLA-B*51:03,KMAVAAMKAVTE,93.333,71.775,45425.49
HLA-B*51:03,MAVAAMKAVTEV,10.921,3.285,22806.56
HLA-B*51:03,AVAAMKAVTEVA,59.5,50.718,43071.49
HLA-B*51:03,VAAMKAVTEVAS,54.63,51.532,43175.56
HLA-B*51:03,AAMKAVTEVAST,47.375,53.038,43368.93
HLA-B*51:03,AMKAVTEVASTI,29.886,19.532,36309.98
HLA-B*51:03,MKAVTEVASTIL,55.25,25.911,38357.05
HLA-B*51:03,KAVTEVASTILT,66.364,55.632,43696.75
HLA-B*51:03,AVTEVASTILTA,57.0,49.125,42859.05
HLA-B*51:03,VTEVASTILTAL,27.111,27.16,38690.93
HLA-B*51:03,TEVASTILTALG,57.0,41.254,41654.39
HLA-B*51:03,EVASTILTALGL,23.011,18.983,36105.1
HLA-B*51:03,VASTILTALGLL,25.448,16.009,34869.63
HLA-B*51:03,ASTILTALGLLT,93.333,64.077,44662.3
HLA-B*51:03,STILTALGLLTI,39.176,10.295,31591.43
HLA-B*51:03,TILTALGLLTIK,74.286,48.237,42733.11
HLA-B*51:03,ILTALGLLTIKE,95.0,68.145,45074.43
HLA-B*51:03,LTALGLLTIKET,91.667,60.066,44223.27
HLA-B*51:03,TALGLLTIKETY,37.0,32.214,39919.0
HLA-B*51:03,ALGLLTIKETYP,95.0,82.508,46408.64
HLA-B*51:03,LGLLTIKETYPV,47.625,14.0,33907.13
HLA-B*51:03,GLLTIKETYPVI,57.0,24.602,37984.11
HLA-B*51:03,LLTIKETYPVII,58.0,23.251,37570.07
HLA-B*51:03,LTIKETYPVIIL,41.583,22.277,37262.39
HLA-B*51:03,TIKETYPVIILG,61.786,42.82,41911.18
HLA-B*51:03,IKETYPVIILGL,45.8,32.946,40078.7
HLA-B*51:03,KETYPVIILGLR,66.818,51.798,43209.66
HLA-B*51:03,ETYPVIILGLRL,7.977,5.897,27303.45
HLA-B*51:03,TYPVIILGLRLI,25.552,4.416,25104.62
HLA-B*51:03,YPVIILGLRLIH,22.51,6.017,27463.45
HLA-B*51:03,PVIILGLRLIHT,100.0,92.617,47412.03
HLA-B*51:03,VIILGLRLIHTG,90.0,63.37,44584.54
HLA-B*51:03,IILGLRLIHTGY,62.5,49.29,42881.78
HLA-B*51:03,ILGLRLIHTGYG,100.0,76.39,45854.6
HLA-B*51:03,LGLRLIHTGYGH,83.75,75.293,45756.47
HLA-B*51:03,GLRLIHTGYGHE,97.5,95.704,47999.96
HLA-B*51:03,LRLIHTGYGHEI,48.0,23.541,37661.64
HLA-B*51:03,RLIHTGYGHEIE,91.667,67.52,45012.56
HLA-B*51:03,LIHTGYGHEIEN,93.333,67.451,45005.74
HLA-B*51:03,IHTGYGHEIENK,88.333,78.056,46004.18
HLA-B*51:03,HTGYGHEIENKK,70.0,87.063,46835.89
HLA-B*51:03,TGYGHEIENKKG,83.75,87.174,46846.53
HLA-B*51:03,GYGHEIENKKGP,85.0,92.145,47359.23
HLA-B*51:03,YGHEIENKKGPS,88.333,79.806,46161.76
HLA-B*51:03,GHEIENKKGPSQ,88.333,96.133,48196.16
HLA-B*51:03,HEIENKKGPSQG,76.667,88.847,47008.02
HLA-B*51:03,EIENKKGPSQGP,62.143,88.489,46973.44
HLA-B*51:03,IENKKGPSQGPV,36.714,34.799,40462.13
HLA-B*51:03,ENKKGPSQGPVQ,86.667,89.832,47103.21
HLA-B*51:03,NKKGPSQGPVQI,3.484,8.897,30507.44
HLA-B*51:03,KKGPSQGPVQIV,30.351,43.836,42068.81
HLA-B*51:03,KGPSQGPVQIVT,44.545,65.974,44859.89
HLA-B*51:03,GPSQGPVQIVTL,9.009,19.839,36424.88
HLA-B*51:03,PSQGPVQIVTLI,15.963,7.63,29354.68
HLA-B*51:03,SQGPVQIVTLIS,24.455,17.002,35313.48
HLA-B*51:03,QGPVQIVTLISF,32.0,21.715,37080.61
HLA-B*51:03,GPVQIVTLISFL,11.979,18.776,36025.88
HLA-B*51:03,PVQIVTLISFLE,97.5,80.997,46270.25
HLA-B*51:03,VQIVTLISFLEG,93.333,52.717,43327.63
HLA-B*51:03,QIVTLISFLEGL,72.143,44.356,42150.37
HLA-B*51:03,IVTLISFLEGLI,57.0,15.861,34799.9
HLA-B*51:03,VTLISFLEGLIG,95.0,37.347,40962.53
HLA-B*51:03,TLISFLEGLIGI,47.875,20.075,36512.09
HLA-B*51:03,LISFLEGLIGIL,65.909,31.053,39655.96
HLA-B*51:03,ISFLEGLIGILQ,69.545,37.838,41055.7
HLA-B*51:03,SFLEGLIGILQK,62.143,70.365,45292.98
HLA-B*51:03,FLEGLIGILQKM,58.75,40.846,41587.28
HLA-B*51:03,LEGLIGILQKMQ,79.167,69.395,45198.5
HLA-B*51:03,EGLIGILQKMQE,75.833,78.826,46073.42
HLA-B*51:03,GLIGILQKMQEK,82.5,93.879,47553.84
HLA-B*51:03,LIGILQKMQEKE,100.0,95.991,48130.99
HLA-B*51:03,IGILQKMQEKEK,88.333,92.26,47372.05
HLA-B*51:03,GILQKMQEKEKS,97.5,96.134,48196.66
HLA-B*51:03,ILQKMQEKEKSV,57.25,52.538,43304.67
HLA-B*51:03,LQKMQEKEKSVG,86.667,88.237,46949.03
HLA-B*51:03,QKMQEKEKSVGP,75.0,86.153,46748.32
HLA-B*51:03,KMQEKEKSVGPI,72.143,42.531,41863.12
HLA-B*51:03,MQEKEKSVGPIK,68.636,57.36,43901.45
HLA-B*51:03,QEKEKSVGPIKP,55.5,80.975,46268.25
HLA-B*51:03,EKEKSVGPIKPS,82.5,84.77,46616.49
HLA-B*51:03,KEKSVGPIKPSG,88.333,91.276,47261.99
HLA-B*51:03,EKSVGPIKPSGE,95.0,96.139,48198.74
HLA-B*51:03,KSVGPIKPSGED,88.333,82.673,46423.7
HLA-B*51:03,SVGPIKPSGEDG,93.333,93.71,47534.8
HLA-B*51:03,VGPIKPSGEDGI,47.375,40.54,41535.58
HLA-B*51:03,GPIKPSGEDGII,13.079,12.202,32884.28
HLA-B*51:03,PIKPSGEDGIIN,93.333,90.339,47157.25
HLA-B*51:03,IKPSGEDGIINA,52.963,62.689,44509.85
HLA-B*51:03,KPSGEDGIINAW,13.889,22.708,37398.51
HLA-B*51:03,PSGEDGIINAWN,81.25,90.023,47122.08
HLA-B*51:03,SGEDGIINAWNG,69.091,67.293,44990.15
HLA-B*51:03,GEDGIINAWNGF,44.273,52.276,43270.95
HLA-B*51:03,EDGIINAWNGFK,91.667,70.684,45322.87
HLA-B*51:03,DGIINAWNGFKL,20.439,15.274,34524.25
HLA-B*51:03,GIINAWNGFKLV,34.769,24.504,37955.36
HLA-B*51:03,IINAWNGFKLVL,48.375,22.915,37464.12
HLA-B*51:03,INAWNGFKLVLE,77.5,49.337,42888.28
HLA-B*51:03,NAWNGFKLVLED,53.148,28.502,39045.87
HLA-B*51:03,AWNGFKLVLEDL,70.0,63.84,44636.21
HLA-B*51:03,WNGFKLVLEDLD,97.5,74.395,45672.89
HLA-B*51:03,NGFKLVLEDLDI,19.318,11.966,32742.26
HLA-B*51:03,GFKLVLEDLDII,77.5,43.664,42042.42
HLA-B*51:03,FKLVLEDLDIIS,91.667,54.902,43609.37
HLA-B*51:03,KLVLEDLDIISM,44.909,57.088,43869.16
HLA-B*51:03,LVLEDLDIISML,34.0,27.549,38797.4
HLA-B*51:03,VLEDLDIISMLA,64.286,47.786,42667.49
HLA-B*51:03,LEDLDIISMLAI,33.857,15.894,34815.34
HLA-B*51:03,EDLDIISMLAIS,54.815,45.218,42285.57
HLA-B*51:03,DLDIISMLAISL,31.794,21.747,37091.04
HLA-B*51:03,LDIISMLAISLL,46.333,11.9,32698.37
HLA-B*51:03,DIISMLAISLLN,66.364,25.183,38153.0
HLA-B*51:03,IISMLAISLLNL,65.455,27.879,38887.75
HLA-B*51:03,ISMLAISLLNLT,72.143,28.147,38957.66
HLA-B*51:03,SMLAISLLNLTY,62.143,31.94,39858.6
HLA-B*51:03,MLAISLLNLTYS,91.667,45.685,42356.1
HLA-B*51:03,LAISLLNLTYSF,35.083,8.21,29899.61
HLA-B*51:03,AISLLNLTYSFQ,95.0,71.039,45356.23
HLA-B*51:03,ISLLNLTYSFQH,76.667,52.33,43277.98
HLA-B*51:03,SLLNLTYSFQHR,88.333,75.078,45737.18
HLA-B*51:03,LLNLTYSFQHRL,29.273,14.752,34274.5
HLA-B*51:03,LNLTYSFQHRLL,59.75,21.852,37125.98
HLA-B*51:03,NLTYSFQHRLLF,31.529,10.163,31496.2
HLA-B*51:03,LTYSFQHRLLFV,27.185,5.587,26885.72
HLA-B*51:03,TYSFQHRLLFVD,83.75,34.763,40454.69
HLA-B*51:03,YSFQHRLLFVDK,69.091,24.709,38015.77
HLA-B*51:03,SFQHRLLFVDKF,69.091,41.254,41654.39
HLA-B*51:03,FQHRLLFVDKFS,82.5,49.949,42972.83
HLA-B*51:03,QHRLLFVDKFSA,57.75,37.48,40987.79
HLA-B*51:03,HRLLFVDKFSAA,70.0,47.944,42691.05
HLA-B*51:03,RLLFVDKFSAAP,91.667,59.432,44148.21
HLA-B*51:03,LLFVDKFSAAPA,80.0,30.836,39605.39
HLA-B*51:03,LFVDKFSAAPAI,40.75,10.281,31580.84
HLA-B*51:03,FVDKFSAAPAIQ,71.429,27.557,38799.5
HLA-B*51:03,VDKFSAAPAIQF,36.238,32.403,39960.05
HLA-B*51:03,DKFSAAPAIQFA,6.904,9.447,30974.07
HLA-B*51:03,KFSAAPAIQFAR,79.167,62.276,44464.6
HLA-B*51:03,FSAAPAIQFARS,52.222,22.472,37324.12
HLA-B*51:03,SAAPAIQFARSP,25.806,27.753,38853.29
HLA-B*51:03,AAPAIQFARSPA,61.071,37.689,41027.28
HLA-B*51:03,APAIQFARSPAA,23.529,13.684,33733.32
HLA-B*51:03,PAIQFARSPAAL,36.714,33.141,40119.48
HLA-B*51:03,AIQFARSPAALE,80.0,64.666,44727.1
HLA-B*51:03,IQFARSPAALEE,72.143,51.014,43109.26
HLA-B*51:03,QFARSPAALEEN,97.5,82.103,46371.48
HLA-B*51:03,FARSPAALEENQ,61.071,56.652,43817.47
HLA-B*51:03,ARSPAALEENQG,95.0,90.517,47177.18
HLA-B*51:03,RSPAALEENQGA,56.25,59.068,44104.75
HLA-B*51:03,SPAALEENQGAD,67.727,59.372,44141.04
HLA-B*51:03,PAALEENQGADL,67.727,77.021,45911.21
HLA-B*51:03,AALEENQGADLF,30.946,35.057,40515.14
HLA-B*51:03,ALEENQGADLFN,88.333,83.012,46454.85
HLA-B*51:03,LEENQGADLFND,91.667,81.857,46348.91
HLA-B*51:03,EENQGADLFNDY,38.111,49.663,42933.3
HLA-B*51:03,ENQGADLFNDYF,46.111,32.8,40046.64
HLA-B*51:03,NQGADLFNDYFI,64.286,18.837,36049.29
HLA-B*51:03,QGADLFNDYFIR,75.833,48.571,42780.76
HLA-B*51:03,GADLFNDYFIRA,68.636,47.635,42644.88
HLA-B*51:03,ADLFNDYFIRAA,66.364,39.671,41387.1
HLA-B*51:03,DLFNDYFIRAAL,26.75,10.307,31599.96
HLA-B*51:03,LFNDYFIRAALD,93.333,54.103,43506.16
HLA-B*51:03,FNDYFIRAALDA,70.0,36.525,40804.62
HLA-B*51:03,NDYFIRAALDAM,58.5,23.844,37757.54
HLA-B*51:03,DYFIRAALDAMK,75.0,46.342,42453.84
HLA-B*51:03,YFIRAALDAMKL,28.653,21.932,37152.9
HLA-B*51:03,FIRAALDAMKLV,23.138,9.153,30726.07
HLA-B*51:03,IRAALDAMKLVA,68.636,38.143,41112.62
HLA-B*51:03,RAALDAMKLVAL,35.375,37.625,41015.32
HLA-B*51:03,AALDAMKLVALA,40.688,22.992,37488.46
HLA-B*51:03,ALDAMKLVALAK,85.0,57.084,43868.71
HLA-B*51:03,LDAMKLVALAKY,55.5,28.261,38985.91
HLA-B*51:03,DAMKLVALAKYL,6.496,2.968,22051.9
HLA-B*51:03,AMKLVALAKYLV,68.636,33.015,40093.46
HLA-B*51:03,MKLVALAKYLVE,81.25,37.222,40939.05
HLA-B*51:03,KLVALAKYLVEQ,97.5,88.405,46965.29
HLA-B*51:03,LVALAKYLVEQK,77.5,69.301,45189.2
HLA-B*51:03,VALAKYLVEQKA,36.476,23.129,37531.47
HLA-B*51:03,ALAKYLVEQKAD,97.5,88.495,46973.92
HLA-B*51:03,LAKYLVEQKADL,34.923,33.318,40155.95
HLA-B*51:03,AKYLVEQKADLT,91.667,82.475,46405.62
HLA-B*51:03,KYLVEQKADLTF,47.875,38.719,41218.62
HLA-B*51:03,YLVEQKADLTFF,52.963,33.006,40091.7
HLA-B*51:03,LVEQKADLTFFP,85.0,51.01,43108.79
HLA-B*51:03,VEQKADLTFFPT,77.5,39.902,41427.42
HLA-B*51:03,EQKADLTFFPTV,13.812,6.999,28675.98
HLA-B*51:03,VELFGEGSVTASD,95.0,77.913,45991.25
HLA-B*51:03,ELFGEGSVTASDR,75.0,82.481,46406.13
HLA-B*51:03,LFGEGSVTASDRS,97.5,94.46,47619.24
HLA-B*51:03,FGEGSVTASDRSL,42.077,54.085,43503.8
HLA-B*51:03,GEGSVTASDRSLV,59.75,55.18,43643.36
HLA-B*51:03,EGSVTASDRSLVE,80.0,71.545,45403.85
HLA-B*51:03,GSVTASDRSLVEL,56.0,63.502,44599.04
HLA-B*51:03,SVTASDRSLVELK,82.5,77.038,45912.69
HLA-B*51:03,VTASDRSLVELKR,83.75,82.453,46403.61
HLA-B*51:03,TASDRSLVELKRT,65.909,72.74,45516.48
HLA-B*51:03,ASDRSLVELKRTV,35.708,34.799,40462.13
HLA-B*51:03,SDRSLVELKRTVV,61.071,42.428,41845.93
HLA-B*51:03,DRSLVELKRTVVS,77.5,62.083,44443.45
HLA-B*51:03,RSLVELKRTVVSL,51.852,38.484,41175.37
HLA-B*51:03,SLVELKRTVVSLV,44.364,31.768,39819.36
HLA-B*51:03,LVELKRTVVSLVP,90.0,54.639,43575.41
HLA-B*51:03,VELKRTVVSLVPI,47.125,17.155,35376.94
HLA-B*51:03,ELKRTVVSLVPIV,39.235,22.379,37294.68
HLA-B*51:03,LKRTVVSLVPIVS,93.333,63.216,44567.67
HLA-B*51:03,KRTVVSLVPIVSY,74.286,65.915,44854.05
HLA-B*51:03,RTVVSLVPIVSYD,93.333,69.262,45185.29
HLA-B*51:03,TVVSLVPIVSYDD,95.0,79.801,46161.25
HLA-B*51:03,VVSLVPIVSYDDA,81.25,42.591,41873.09
HLA-B*51:03,VSLVPIVSYDDAI,41.5,12.845,33266.84
HLA-B*51:03,SLVPIVSYDDAIR,82.5,57.572,43926.66
HLA-B*51:03,LVPIVSYDDAIRH,63.214,59.876,44201.25
HLA-B*51:03,VPIVSYDDAIRHC,16.929,18.772,36024.33
HLA-B*51:03,PIVSYDDAIRHCY,85.0,71.07,45359.19
HLA-B*51:03,IVSYDDAIRHCYD,91.667,74.05,45640.29
HLA-B*51:03,VSYDDAIRHCYDK,78.333,71.639,45412.69
HLA-B*51:03,SYDDAIRHCYDKD,91.667,92.406,47388.46
HLA-B*51:03,YDDAIRHCYDKDV,63.571,42.635,41880.36
HLA-B*51:03,DDAIRHCYDKDVS,95.0,76.6,45873.47
HLA-B*51:03,DAIRHCYDKDVSF,5.372,7.772,29490.62
HLA-B*51:03,AIRHCYDKDVSFQ,83.75,86.868,46817.14
HLA-B*51:03,IRHCYDKDVSFQH,75.0,85.884,46722.52
HLA-B*51:03,RHCYDKDVSFQHE,77.5,88.116,46937.37
HLA-B*51:03,HCYDKDVSFQHEG,86.667,82.809,46436.28
HLA-B*51:03,CYDKDVSFQHEGG,100.0,91.844,47325.43
HLA-B*51:03,YDKDVSFQHEGGR,73.571,80.164,46194.22
HLA-B*51:03,DKDVSFQHEGGRV,38.111,42.395,41840.48
HLA-B*51:03,KDVSFQHEGGRVM,53.333,50.948,43100.86
HLA-B*51:03,DVSFQHEGGRVME,67.273,70.986,45351.32
HLA-B*51:03,VSFQHEGGRVMER,77.5,59.52,44158.71
HLA-B*51:03,SFQHEGGRVMERT,90.0,86.947,46824.75
HLA-B*51:03,FQHEGGRVMERTE,86.667,85.068,46644.21
HLA-B*51:03,QHEGGRVMERTEL,63.929,73.058,45546.55
HLA-B*51:03,HEGGRVMERTELE,74.286,80.29,46205.72
HLA-B*51:03,EGGRVMERTELEF,63.929,47.867,42679.52
HLA-B*51:03,GGRVMERTELEFW,70.714,55.536,43685.4
HLA-B*51:03,GRVMERTELEFWG,97.5,71.733,45421.54
HLA-B*51:03,RVMERTELEFWGI,44.545,17.262,35421.39
HLA-B*51:03,VMERTELEFWGIL,67.727,30.04,39418.99
HLA-B*51:03,MERTELEFWGILL,40.0,20.016,36490.76
HLA-B*51:03,ERTELEFWGILLV,36.714,13.899,33851.41
HLA-B*51:03,RTELEFWGILLVT,93.333,47.74,42660.59
HLA-B*51:03,TELEFWGILLVTE,74.286,49.983,42977.46
HLA-B*51:03,ELEFWGILLVTEK,86.667,54.271,43527.8
HLA-B*51:03,LEFWGILLVTEKL,36.571,22.457,37319.29
HLA-B*51:03,EFWGILLVTEKLV,59.25,33.703,40235.56
HLA-B*51:03,FWGILLVTEKLVK,91.667,75.886,45809.47
HLA-B*51:03,WGILLVTEKLVKS,97.5,79.341,46119.8
HLA-B*51:03,GILLVTEKLVKSE,100.0,96.308,48276.51
HLA-B*51:03,ILLVTEKLVKSES,97.5,91.912,47333.12
HLA-B*51:03,LLVTEKLVKSESK,91.667,90.636,47190.45
HLA-B*51:03,LVTEKLVKSESKN,100.0,95.184,47763.71
HLA-B*51:03,VTEKLVKSESKNG,100.0,95.912,48095.09
HLA-B*51:03,TEKLVKSESKNGE,91.667,96.171,48213.35
HLA-B*51:03,EKLVKSESKNGEK,95.0,96.311,48277.57
HLA-B*51:03,KLVKSESKNGEKE,100.0,97.298,48732.59
HLA-B*51:03,LVKSESKNGEKEV,63.571,69.739,45232.73
HLA-B*51:03,VKSESKNGEKEVE,97.5,96.382,48310.49
HLA-B*51:03,KSESKNGEKEVEA,86.667,91.418,47277.84
HLA-B*51:03,SESKNGEKEVEAP,75.0,85.116,46648.76
HLA-B*51:03,ESKNGEKEVEAPS,88.333,84.699,46609.93
HLA-B*51:03,SKNGEKEVEAPSA,86.667,92.475,47396.14
HLA-B*51:03,KNGEKEVEAPSAG,97.5,95.704,47999.96
HLA-B*51:03,NGEKEVEAPSAGV,66.818,55.708,43705.71
HLA-B*51:03,GEKEVEAPSAGVS,93.333,90.686,47196.05
HLA-B*51:03,EKEVEAPSAGVSH,49.857,83.647,46513.18
HLA-B*51:03,KEVEAPSAGVSHC,58.25,66.097,44872.02
HLA-B*51:03,EVEAPSAGVSHCS,82.5,74.332,45666.94
HLA-B*51:03,VEAPSAGVSHCSG,91.667,74.854,45716.38
HLA-B*51:03,EAPSAGVSHCSGM,17.549,30.113,39436.05
HLA-B*51:03,APSAGVSHCSGMA,45.1,43.801,42063.36
HLA-B*51:03,PSAGVSHCSGMAI,75.0,31.623,39786.2
HLA-B*51:03,SAGVSHCSGMAIK,83.75,44.945,42243.98
HLA-B*51:03,AGVSHCSGMAIKL,62.5,56.308,43776.71
HLA-B*51:03,GVSHCSGMAIKLK,97.5,86.611,46792.33
HLA-B*51:03,VSHCSGMAIKLKL,40.75,24.937,38083.3
HLA-B*51:03,SHCSGMAIKLKLE,90.0,75.764,45798.57
HLA-B*51:03,HCSGMAIKLKLEQ,78.333,83.149,46467.43
HLA-B*51:03,CSGMAIKLKLEQH,93.333,76.744,45886.38
HLA-B*51:03,SGMAIKLKLEQHL,53.148,38.617,41199.89
HLA-B*51:03,GMAIKLKLEQHLS,95.0,68.942,45153.51
HLA-B*51:03,MAIKLKLEQHLSK,39.765,33.931,40282.61
HLA-B*51:03,AIKLKLEQHLSKG,97.5,95.102,47726.51
HLA-B*51:03,IKLKLEQHLSKGR,91.667,95.269,47801.98
HLA-B*51:03,KLKLEQHLSKGRI,70.714,55.696,43704.3
HLA-B*51:03,LKLEQHLSKGRID,93.333,75.044,45734.2
HLA-B*51:03,KLEQHLSKGRIDT,100.0,95.223,47781.3
HLA-B*51:03,LEQHLSKGRIDTP,86.667,66.826,44943.93
HLA-B*51:03,EQHLSKGRIDTPY,70.714,62.201,44456.43
HLA-B*51:03,QHLSKGRIDTPYD,95.0,87.042,46833.87
HLA-B*51:03,HLSKGRIDTPYDY,69.091,70.882,45341.52
HLA-B*51:03,LSKGRIDTPYDYY,70.714,62.812,44523.34
HLA-B*51:03,SKGRIDTPYDYYV,75.833,53.658,43448.77
HLA-B*51:03,KGRIDTPYDYYVL,59.0,48.036,42704.46
HLA-B*51:03,GRIDTPYDYYVLK,57.25,45.006,42253.57
HLA-B*51:03,RIDTPYDYYVLKF,32.452,17.724,35614.3
HLA-B*51:03,IDTPYDYYVLKFT,73.571,40.045,41452.06
HLA-B*51:03,DTPYDYYVLKFTR,53.333,36.173,40736.23
HLA-B*51:03,TPYDYYVLKFTRA,9.313,3.539,23399.44
HLA-B*51:03,PYDYYVLKFTRAE,97.5,86.726,46803.46
HLA-B*51:03,YDYYVLKFTRAEC,78.333,60.299,44248.63
HLA-B*51:03,DYYVLKFTRAECA,57.5,29.027,39176.63
HLA-B*51:03,YYVLKFTRAECAD,100.0,83.773,46524.77
HLA-B*51:03,YVLKFTRAECADL,54.444,37.621,41014.42
HLA-B*51:03,VLKFTRAECADLI,75.0,29.368,39258.09
HLA-B*51:03,LKFTRAECADLIG,97.5,51.189,43131.67
HLA-B*51:03,KFTRAECADLIGQ,97.5,83.894,46535.84
HLA-B*51:03,FTRAECADLIGQT,91.667,60.505,44271.15
HLA-B*51:03,TRAECADLIGQTK,71.429,76.894,45899.78
HLA-B*51:03,RAECADLIGQTKI,41.5,25.743,38309.78
HLA-B*51:03,AECADLIGQTKIE,88.333,80.329,46209.2
HLA-B*51:03,ECADLIGQTKIES,88.333,85.216,46658.36
HLA-B*51:03,CADLIGQTKIESS,90.0,60.756,44298.45
HLA-B*51:03,ADLIGQTKIESSV,60.357,49.872,42962.13
HLA-B*51:03,DLIGQTKIESSVE,76.667,67.608,45021.32
HLA-B*51:03,LIGQTKIESSVEA,76.667,63.972,44650.7
HLA-B*51:03,IGQTKIESSVEAG,97.5,90.247,47147.07
HLA-B*51:03,GQTKIESSVEAGR,73.571,94.858,47664.07
HLA-B*51:03,QTKIESSVEAGRL,70.0,64.464,44704.83
HLA-B*51:03,TKIESSVEAGRLV,33.857,31.166,39681.73
HLA-B*51:03,KIESSVEAGRLVQ,95.0,80.438,46219.22
HLA-B*51:03,IESSVEAGRLVQS,88.333,71.18,45369.48
HLA-B*51:03,ESSVEAGRLVQSA,52.222,45.742,42364.81
HLA-B*51:03,SSVEAGRLVQSAS,86.667,72.672,45510.09
HLA-B*51:03,SVEAGRLVQSASN,97.5,87.374,46865.8
HLA-B*51:03,VEAGRLVQSASNI,37.526,25.03,38110.08
HLA-B*51:03,EAGRLVQSASNIY,38.611,36.118,40725.65
HLA-B*51:03,AGRLVQSASNIYV,75.0,44.437,42163.14
HLA-B*51:03,GRLVQSASNIYVA,91.667,68.627,45122.28
HLA-B*51:03,RLVQSASNIYVAT,90.0,72.035,45450.08
HLA-B*51:03,LVQSASNIYVATA,76.667,42.319,41827.83
HLA-B*51:03,VQSASNIYVATAY,72.143,54.256,43525.92
HLA-B*51:03,QSASNIYVATAYH,82.5,68.75,45134.47
HLA-B*51:03,SASNIYVATAYHG,93.333,53.005,43364.7
HLA-B*51:03,ASNIYVATAYHGH,93.333,86.847,46815.12
HLA-B*51:03,SNIYVATAYHGHL,59.5,35.954,40693.52
HLA-B*51:03,NIYVATAYHGHLW,39.647,18.752,36016.54
HLA-B*51:03,IYVATAYHGHLWN,91.667,50.777,43078.96
HLA-B*51:03,YVATAYHGHLWNR,80.0,49.677,42935.18
HLA-B*51:03,VATAYHGHLWNRY,64.286,42.627,41878.98
HLA-B*51:03,ATAYHGHLWNRYS,95.0,75.504,45775.3
HLA-B*51:03,TAYHGHLWNRYSK,52.778,42.951,41932.95
HLA-B*51:03,AYHGHLWNRYSKA,91.667,65.62,44824.96
HLA-B*51:03,YHGHLWNRYSKAS,97.5,72.568,45500.26
HLA-B*51:03,HGHLWNRYSKASV,64.643,36.084,40719.06
HLA-B*51:03,GHLWNRYSKASVI,56.75,26.584,38536.76
HLA-B*51:03,HLWNRYSKASVIL,43.455,31.202,39689.89
HLA-B*51:03,LWNRYSKASVILD,91.667,60.747,44297.48
HLA-B*51:03,WNRYSKASVILDS,97.5,65.241,44787.62
HLA-B*51:03,NRYSKASVILDSP,77.5,49.721,42941.22
HLA-B*51:03,RYSKASVILDSPH,95.0,85.105,46647.77
HLA-B*51:03,YSKASVILDSPHN,97.5,69.237,45182.84
HLA-B*51:03,SKASVILDSPHNS,91.667,91.967,47339.25
HLA-B*51:03,KASVILDSPHNSS,78.333,88.721,46995.8
HLA-B*51:03,ASVILDSPHNSSL,52.778,51.101,43120.46
HLA-B*51:03,SVILDSPHNSSLG,82.5,65.851,44847.74
HLA-B*51:03,VILDSPHNSSLGI,15.235,5.895,27299.91
HLA-B*51:03,ILDSPHNSSLGIR,61.429,32.897,40067.87
HLA-B*51:03,LDSPHNSSLGIRA,66.364,41.031,41618.35
HLA-B*51:03,DSPHNSSLGIRAQ,72.857,57.968,43973.71
HLA-B*51:03,SPHNSSLGIRAQA,22.96,23.013,37494.94
HLA-B*51:03,PHNSSLGIRAQAC,97.5,90.197,47141.44
HLA-B*51:03,HNSSLGIRAQACY,73.571,64.508,44709.68
HLA-B*51:03,NSSLGIRAQACYL,53.519,31.313,39715.24
HLA-B*51:03,SSLGIRAQACYLF,57.75,21.79,37105.48
HLA-B*51:03,SLGIRAQACYLFL,77.5,34.214,40341.05
HLA-B*51:03,LGIRAQACYLFLV,63.571,16.847,35244.0
HLA-B*51:03,GIRAQACYLFLVF,82.5,44.086,42107.52
HLA-B*51:03,IRAQACYLFLVFG,97.5,56.384,43785.72
HLA-B*51:03,RAQACYLFLVFGI,76.667,18.88,36065.68
HLA-B*51:03,AQACYLFLVFGIL,75.0,32.292,39935.86
HLA-B*51:03,QACYLFLVFGILL,57.75,18.755,36017.71
HLA-B*51:03,ACYLFLVFGILLI,75.0,46.73,42510.82
HLA-B*51:03,CYLFLVFGILLIH,95.0,68.652,45124.69
HLA-B*51:03,YLFLVFGILLIHI,66.818,31.471,39751.34
HLA-B*51:03,LFLVFGILLIHID,97.5,76.534,45867.5
HLA-B*51:03,FLVFGILLIHIDP,97.5,80.953,46266.25
HLA-B*51:03,LVFGILLIHIDPK,86.667,53.793,43466.14
HLA-B*51:03,VFGILLIHIDPKL,50.185,46.994,42549.47
HLA-B*51:03,FGILLIHIDPKLV,38.444,17.554,35543.47
HLA-B*51:03,GILLIHIDPKLVY,56.0,69.252,45184.3
HLA-B*51:03,ILLIHIDPKLVYV,37.368,30.71,39575.82
HLA-B*51:03,LLIHIDPKLVYVP,78.333,49.566,42919.85
HLA-B*51:03,LIHIDPKLVYVPA,44.182,14.057,33935.02
HLA-B*51:03,IHIDPKLVYVPAH,48.125,50.058,42987.24
HLA-B*51:03,HIDPKLVYVPAHE,80.0,68.484,45108.11
HLA-B*51:03,IDPKLVYVPAHES,63.929,48.286,42740.03
HLA-B*51:03,DPKLVYVPAHESV,1.768,1.434,16761.87
HLA-B*51:03,PKLVYVPAHESVV,85.0,48.873,42823.82
HLA-B*51:03,KLVYVPAHESVVI,24.091,13.959,33884.39
HLA-B*51:03,LVYVPAHESVVIL,19.831,15.01,34401.19
HLA-B*51:03,VYVPAHESVVILF,38.111,20.631,36710.94
HLA-B*51:03,YVPAHESVVILFT,54.074,29.931,39392.96
HLA-B*51:03,VPAHESVVILFTD,43.545,18.818,36041.87
HLA-B*51:03,PAHESVVILFTDS,95.0,88.953,47018.17
HLA-B*51:03,AHESVVILFTDSW,62.5,37.681,41025.95
HLA-B*51:03,HESVVILFTDSWP,80.0,47.746,42661.49
HLA-B*51:03,ESVVILFTDSWPA,46.222,17.187,35390.36
HLA-B*51:03,SVVILFTDSWPAR,86.667,63.506,44599.5
HLA-B*51:03,VVILFTDSWPART,93.333,67.047,44965.82
HLA-B*51:03,VILFTDSWPARTE,97.5,84.064,46551.45
HLA-B*51:03,ILFTDSWPARTEI,29.909,9.392,30928.2
HLA-B*51:03,LFTDSWPARTEIL,60.0,34.161,40330.12
HLA-B*51:03,FTDSWPARTEILG,72.143,24.085,37831.95
HLA-B*51:03,TDSWPARTEILGA,70.714,36.32,40764.91
HLA-B*51:03,DSWPARTEILGAL,10.863,8.679,30317.25
HLA-B*51:03,SWPARTEILGALA,76.667,24.84,38054.46
HLA-B*51:03,WPARTEILGALAN,76.667,21.39,36972.44
HLA-B*51:03,PARTEILGALANS,100.0,89.889,47108.8
HLA-B*51:03,ARTEILGALANSQ,93.333,92.521,47401.27
HLA-B*51:03,RTEILGALANSQF,65.455,47.635,42644.88
HLA-B*51:03,TEILGALANSQFA,46.556,27.109,38677.11
HLA-B*51:03,EILGALANSQFAF,54.259,31.467,39750.47
HLA-B*51:03,ILGALANSQFAFA,78.333,42.196,41807.46
HLA-B*51:03,LGALANSQFAFAE,97.5,62.452,44483.85
HLA-B*51:03,GALANSQFAFAEG,97.5,72.709,45513.55
HLA-B*51:03,ALANSQFAFAEGT,95.0,73.246,45564.3
HLA-B*51:03,LANSQFAFAEGTK,78.333,59.644,44173.53
HLA-B*51:03,ANSQFAFAEGTKL,28.857,34.966,40496.75
HLA-B*51:03,NSQFAFAEGTKLI,31.941,8.929,30535.5
HLA-B*51:03,SQFAFAEGTKLIR,61.786,35.865,40675.91
HLA-B*51:03,QFAFAEGTKLIRA,74.286,43.042,41947.47
HLA-B*51:03,FAFAEGTKLIRAA,29.114,10.066,31426.75
HLA-B*51:03,AFAEGTKLIRAAV,63.929,39.761,41402.77
HLA-B*51:03,FAEGTKLIRAAVV,31.588,8.668,30308.06
HLA-B*51:03,AEGTKLIRAAVVV,57.75,44.006,42094.79
HLA-B*51:03,EGTKLIRAAVVVF,47.0,36.893,40876.18
HLA-B*51:03,GTKLIRAAVVVFV,83.75,57.384,43904.31
HLA-B*51:03,TKLIRAAVVVFVA,79.167,40.989,41611.59
HLA-B*51:03,KLIRAAVVVFVAG,97.5,80.728,46245.73
HLA-B*51:03,LIRAAVVVFVAGI,68.182,30.942,39630.25
HLA-B*51:03,IRAAVVVFVAGIK,95.0,64.587,44718.39
HLA-B*51:03,RAAVVVFVAGIKA,60.357,42.248,41816.04
HLA-B*51:03,AAVVVFVAGIKAF,55.0,52.925,43354.38
HLA-B*51:03,AVVVFVAGIKAFW,62.857,48.906,42828.46
HLA-B*51:03,VVVFVAGIKAFWR,93.333,66.358,44897.75
HLA-B*51:03,VVFVAGIKAFWRN,95.0,64.578,44717.41
HLA-B*51:03,VFVAGIKAFWRNL,75.0,47.895,42683.67
HLA-B*51:03,FVAGIKAFWRNLN,90.0,57.96,43972.77
HLA-B*51:03,VAGIKAFWRNLNS,95.0,63.866,44639.09
HLA-B*51:03,AGIKAFWRNLNSS,95.0,76.445,45859.57
HLA-B*51:03,GIKAFWRNLNSSP,97.5,83.675,46515.7
HLA-B*51:03,IKAFWRNLNSSPI,85.0,17.811,35650.93
HLA-B*51:03,KAFWRNLNSSPIY,59.75,25.22,38163.3
HLA-B*51:03,AFWRNLNSSPIYG,97.5,72.323,45477.11
HLA-B*51:03,FWRNLNSSPIYGL,54.259,43.057,41949.74
HLA-B*51:03,WRNLNSSPIYGLG,97.5,47.319,42597.85
HLA-B*51:03,RNLNSSPIYGLGF,75.0,41.332,41667.02
HLA-B*51:03,NLNSSPIYGLGFD,91.667,49.081,42853.02
HLA-B*51:03,LNSSPIYGLGFDF,69.545,26.903,38621.5
HLA-B*51:03,NSSPIYGLGFDFD,93.333,44.078,42106.16
HLA-B*51:03,SSPIYGLGFDFDP,93.333,48.325,42745.6
HLA-B*51:03,SPIYGLGFDFDPN,85.0,37.747,41038.39
HLA-B*51:03,PIYGLGFDFDPND,100.0,95.701,47998.91
HLA-B*51:03,IYGLGFDFDPNDS,100.0,95.709,48002.54
HLA-B*51:03,YGLGFDFDPNDSP,57.0,53.538,43433.25
HLA-B*51:03,GLGFDFDPNDSPR,93.333,90.563,47182.26
HLA-B*51:03,LGFDFDPNDSPRL,29.591,25.787,38322.21
HLA-B*51:03,GFDFDPNDSPRLL,16.453,20.787,36767.0
HLA-B*51:03,FDFDPNDSPRLLQ,24.688,29.217,39222.01
HLA-B*51:03,DFDPNDSPRLLQT,40.812,56.268,43771.97
HLA-B*51:03,FDPNDSPRLLQTP,37.211,39.83,41414.87
HLA-B*51:03,DPNDSPRLLQTPV,1.738,1.892,18803.13
HLA-B*51:03,PNDSPRLLQTPVI,46.444,20.516,36669.68
HLA-B*51:03,NDSPRLLQTPVIH,69.545,45.37,42308.46
HLA-B*51:03,DSPRLLQTPVIHF,15.862,18.345,35861.37
HLA-B*51:03,SPRLLQTPVIHFS,37.368,19.222,36194.28
HLA-B*51:03,PRLLQTPVIHFSL,78.333,41.341,41668.36
HLA-B*51:03,RLLQTPVIHFSLI,26.183,4.602,25425.27
HLA-B*51:03,LLQTPVIHFSLIT,59.5,15.275,34524.63
HLA-B*51:03,LQTPVIHFSLITC,62.5,24.043,37819.68
HLA-B*51:03,QTPVIHFSLITCP,73.571,30.611,39552.7
HLA-B*51:03,TPVIHFSLITCPI,12.174,1.144,15197.7
HLA-B*51:03,PVIHFSLITCPIL,81.25,39.121,41291.36
HLA-B*51:03,VIHFSLITCPILN,95.0,51.652,43190.96
HLA-B*51:03,IHFSLITCPILNS,83.75,40.995,41612.5
HLA-B*51:03,HFSLITCPILNSV,44.818,21.358,36962.04
HLA-B*51:03,FSLITCPILNSVH,78.333,38.685,41212.38
HLA-B*51:03,SLITCPILNSVHA,31.206,18.743,36013.41
HLA-B*51:03,LITCPILNSVHAA,79.167,32.762,40038.4
HLA-B*51:03,ITCPILNSVHAAE,83.75,55.516,43683.03
HLA-B*51:03,TCPILNSVHAAEE,95.0,71.352,45385.7
HLA-B*51:03,CPILNSVHAAEEQ,75.833,43.72,42051.07
HLA-B*51:03,PILNSVHAAEEQD,100.0,96.969,48580.43
HLA-B*51:03,ILNSVHAAEEQDA,91.667,71.43,45393.04
HLA-B*51:03,LNSVHAAEEQDAL,49.429,48.688,42797.43
HLA-B*51:03,NSVHAAEEQDALL,41.25,31.282,39708.35
HLA-B*51:03,SVHAAEEQDALLP,75.0,60.382,44257.73
HLA-B*51:03,VHAAEEQDALLPR,79.167,75.869,45807.99
HLA-B*51:03,HAAEEQDALLPRK,64.286,71.649,45413.69
HLA-B*51:03,AAEEQDALLPRKG,91.667,87.526,46880.5
HLA-B*51:03,AEEQDALLPRKGR,82.5,94.442,47617.15
HLA-B*51:03,EEQDALLPRKGRV,27.333,28.575,39064.03
HLA-B*51:03,EQDALLPRKGRVY,57.25,55.22,43648.05
HLA-B*51:03,QDALLPRKGRVYT,68.182,64.578,44717.41
HLA-B*51:03,DALLPRKGRVYTN,63.929,38.196,41122.4
HLA-B*51:03,ALLPRKGRVYTNR,93.333,89.3,47051.75
HLA-B*51:03,LLPRKGRVYTNRS,95.0,81.72,46336.39
HLA-B*51:03,LPRKGRVYTNRSQ,70.714,68.75,45134.47
HLA-B*51:03,PRKGRVYTNRSQE,97.5,97.077,48630.39
HLA-B*51:03,RKGRVYTNRSQEA,91.667,88.037,46929.74
HLA-B*51:03,KGRVYTNRSQEAP,95.0,88.111,46936.86
HLA-B*51:03,GRVYTNRSQEAPG,100.0,91.967,47339.25
HLA-B*51:03,RVYTNRSQEAPGQ,97.5,93.586,47520.92
HLA-B*51:03,VYTNRSQEAPGQE,93.333,95.37,47848.03
HLA-B*51:03,YTNRSQEAPGQEM,46.0,48.744,42805.3
HLA-B*51:03,TNRSQEAPGQEMI,27.296,42.798,41907.54
HLA-B*51:03,NRSQEAPGQEMII,42.769,31.0,39643.97
HLA-B*51:03,RSQEAPGQEMIIL,42.154,39.545,41365.16
HLA-B*51:03,SQEAPGQEMIILG,70.714,59.064,44104.27
HLA-B*51:03,QEAPGQEMIILGS,73.571,73.283,45567.74
HLA-B*51:03,EAPGQEMIILGSR,53.148,52.411,43288.28
HLA-B*51:03,APGQEMIILGSRL,23.655,26.22,38440.16
HLA-B*51:03,PGQEMIILGSRLT,97.5,85.358,46671.99
HLA-B*51:03,GQEMIILGSRLTC,88.333,76.069,45825.84
HLA-B*51:03,QEMIILGSRLTCM,66.364,34.554,40411.38
HLA-B*51:03,EMIILGSRLTCMK,86.667,61.151,44341.61
HLA-B*51:03,MIILGSRLTCMKA,79.167,31.631,39787.92
HLA-B*51:03,IILGSRLTCMKAV,49.143,33.459,40185.1
HLA-B*51:03,ILGSRLTCMKAVE,97.5,84.168,46561.02
HLA-B*51:03,LGSRLTCMKAVEK,93.333,75.166,45745.08
HLA-B*51:03,GSRLTCMKAVEKG,100.0,88.116,46937.37
HLA-B*51:03,SRLTCMKAVEKGW,90.0,65.714,44834.15
HLA-B*51:03,RLTCMKAVEKGWS,100.0,89.521,47073.15
HLA-B*51:03,LTCMKAVEKGWSN,95.0,71.842,45431.88
HLA-B*51:03,TCMKAVEKGWSNQ,97.5,92.324,47379.23
HLA-B*51:03,CMKAVEKGWSNQR,93.333,88.521,46976.46
HLA-B*51:03,MKAVEKGWSNQRA,86.667,77.863,45986.77
HLA-B*51:03,KAVEKGWSNQRAF,38.278,34.717,40445.07
HLA-B*51:03,AVEKGWSNQRAFK,91.667,79.485,46132.8
HLA-B*51:03,VEKGWSNQRAFKR,80.0,74.598,45692.16
HLA-B*51:03,EKGWSNQRAFKRK,95.0,88.221,46947.51
HLA-B*51:03,KGWSNQRAFKRKS,97.5,90.325,47155.73
HLA-B*51:03,GWSNQRAFKRKSY,93.333,73.45,45583.52
HLA-B*51:03,WSNQRAFKRKSYW,39.059,16.707,35181.14
HLA-B*51:03,SNQRAFKRKSYWD,82.5,69.011,45160.36
HLA-B*51:03,NQRAFKRKSYWDA,78.333,53.862,43475.09
HLA-B*51:03,QRAFKRKSYWDAE,93.333,77.785,45979.8
HLA-B*51:03,RAFKRKSYWDAEY,60.357,32.895,40067.43
HLA-B*51:03,AFKRKSYWDAEYD,100.0,82.097,46370.98
HLA-B*51:03,FKRKSYWDAEYDV,73.571,41.265,41656.19
HLA-B*51:03,KRKSYWDAEYDVA,95.0,76.19,45836.74
HLA-B*51:03,RKSYWDAEYDVAN,100.0,87.821,46908.93
HLA-B*51:03,KSYWDAEYDVANN,97.5,81.55,46320.85
HLA-B*51:03,SYWDAEYDVANNP,57.5,57.192,43881.53
HLA-B*51:03,YWDAEYDVANNPS,97.5,80.882,46259.75
HLA-B*51:03,WDAEYDVANNPST,91.667,74.823,45713.44
HLA-B*51:03,DAEYDVANNPSTL,11.186,18.959,36096.12
HLA-B*51:03,AEYDVANNPSTLL,15.216,27.61,38814.19
HLA-B*51:03,EYDVANNPSTLLE,50.556,62.012,44435.73
HLA-B*51:03,YDVANNPSTLLES,79.167,63.155,44560.91
HLA-B*51:03,DVANNPSTLLESA,24.792,19.973,36474.97
HLA-B*51:03,VANNPSTLLESAV,24.558,17.813,35651.69
HLA-B*51:03,ANNPSTLLESAVL,55.75,35.404,40584.02
HLA-B*51:03,NNPSTLLESAVLQ,81.25,58.328,44016.55
HLA-B*51:03,NPSTLLESAVLQP,35.958,25.551,38255.93
HLA-B*51:03,PSTLLESAVLQPA,97.5,62.434,44481.93
HLA-B*51:03,STLLESAVLQPAQ,95.0,70.548,45310.13
HLA-B*51:03,TLLESAVLQPAQV,28.041,20.626,36708.98
HLA-B*51:03,LLESAVLQPAQVA,61.429,47.619,42642.57
HLA-B*51:03,LESAVLQPAQVAG,81.25,57.648,43935.67
HLA-B*51:03,ESAVLQPAQVAGT,83.75,64.965,44760.02
HLA-B*51:03,SAVLQPAQVAGTL,17.829,13.012,33366.32
HLA-B*51:03,AVLQPAQVAGTLY,53.333,42.899,41924.32
HLA-B*51:03,VLQPAQVAGTLYT,74.286,48.023,42702.59
HLA-B*51:03,LQPAQVAGTLYTQ,76.667,46.326,42451.54
HLA-B*51:03,QPAQVAGTLYTQG,60.0,38.864,41245.38
HLA-B*51:03,PAQVAGTLYTQGH,97.5,95.443,47881.18
HLA-B*51:03,AQVAGTLYTQGHY,76.667,70.83,45336.61
HLA-B*51:03,QVAGTLYTQGHYF,40.375,26.4,38488.0
HLA-B*51:03,VAGTLYTQGHYFT,71.429,47.356,42603.37
HLA-B*51:03,AGTLYTQGHYFTD,95.0,75.161,45744.58
HLA-B*51:03,GTLYTQGHYFTDQ,97.5,92.1,47354.09
HLA-B*51:03,TLYTQGHYFTDQK,69.545,66.004,44862.79
HLA-B*51:03,LYTQGHYFTDQKS,95.0,70.517,45307.18
HLA-B*51:03,YTQGHYFTDQKSQ,85.0,72.672,45510.09
HLA-B*51:03,TQGHYFTDQKSQN,97.5,95.512,47912.78
HLA-B*51:03,QGHYFTDQKSQNQ,95.0,95.65,47975.55
HLA-B*51:03,GHYFTDQKSQNQS,93.333,89.132,47035.49
HLA-B*51:03,HYFTDQKSQNQST,80.0,85.195,46656.34
HLA-B*51:03,YFTDQKSQNQSTP,85.0,77.038,45912.69
HLA-B*51:03,FTDQKSQNQSTPT,86.667,72.73,45515.52
HLA-B*51:03,TDQKSQNQSTPTK,82.5,91.478,47284.49
HLA-B*51:03,DQKSQNQSTPTKL,26.25,53.479,43425.74
HLA-B*51:03,QKSQNQSTPTKLA,74.286,82.93,46447.33
HLA-B*51:03,KSQNQSTPTKLAI,55.5,38.763,41226.65
HLA-B*51:03,SQNQSTPTKLAID,78.333,63.704,44621.21
HLA-B*51:03,QNQSTPTKLAIDI,40.438,22.752,37412.28
HLA-B*51:03,NQSTPTKLAIDIG,86.667,55.56,43688.24
HLA-B*51:03,QSTPTKLAIDIGQ,91.667,77.741,45975.83
HLA-B*51:03,STPTKLAIDIGQL,46.111,41.268,41656.64
HLA-B*51:03,TPTKLAIDIGQLI,1.355,0.928,13920.06
HLA-B*51:03,PTKLAIDIGQLIR,85.0,69.68,45226.87
HLA-B*51:03,TKLAIDIGQLIRP,55.0,48.295,42741.44
HLA-B*51:03,KLAIDIGQLIRPS,68.182,68.627,45122.28
HLA-B*51:03,LAIDIGQLIRPSF,18.207,9.437,30966.04
HLA-B*51:03,AIDIGQLIRPSFL,61.786,56.092,43751.14
HLA-B*51:03,IDIGQLIRPSFLI,37.789,13.362,33557.13
HLA-B*51:03,DIGQLIRPSFLIE,82.5,36.668,40832.45
HLA-B*51:03,IGQLIRPSFLIEK,81.25,49.051,42848.85
HLA-B*51:03,GQLIRPSFLIEKA,63.929,45.63,42347.85
HLA-B*51:03,QLIRPSFLIEKAK,81.25,57.16,43877.71
HLA-B*51:03,LIRPSFLIEKAKP,88.333,56.448,43793.29
HLA-B*51:03,IRPSFLIEKAKPA,82.5,49.785,42950.03
HLA-B*51:03,RPSFLIEKAKPAD,86.667,53.979,43490.14
HLA-B*51:03,PSFLIEKAKPADN,100.0,95.557,47932.99
HLA-B*51:03,SFLIEKAKPADNK,95.0,90.979,47228.75
HLA-B*51:03,FLIEKAKPADNKF,23.287,26.735,38576.82
HLA-B*51:03,LIEKAKPADNKFS,82.5,86.532,46784.75
HLA-B*51:03,IEKAKPADNKFSM,16.151,16.6,35133.21
HLA-B*51:03,EKAKPADNKFSMY,48.75,50.912,43096.2
HLA-B*51:03,KAKPADNKFSMYE,72.143,74.254,45659.55
HLA-B*51:03,AKPADNKFSMYEK,79.167,84.085,46553.49
HLA-B*51:03,KPADNKFSMYEKE,72.857,71.795,45427.45
HLA-B*51:03,PADNKFSMYEKEV,67.273,58.22,44003.7
HLA-B*51:03,ADNKFSMYEKEVE,95.0,87.347,46863.27
HLA-B*51:03,DNKFSMYEKEVEL,19.412,25.953,38368.68
HLA-B*51:03,NKFSMYEKEVELQ,75.833,66.767,44938.1
HLA-B*51:03,KFSMYEKEVELQH,75.833,74.149,45649.65
HLA-B*51:03,FSMYEKEVELQHM,58.0,23.759,37730.57
HLA-B*51:03,SMYEKEVELQHML,22.55,24.325,37902.43
HLA-B*51:03,MYEKEVELQHMLR,62.857,52.921,43353.91
HLA-B*51:03,YEKEVELQHMLRI,25.701,17.238,35411.8
HLA-B*51:03,EKEVELQHMLRIC,63.571,65.167,44780.35
HLA-B*51:03,KEVELQHMLRICL,37.105,43.777,42059.73
HLA-B*51:03,EVELQHMLRICLF,53.333,19.549,36316.28
HLA-B*51:03,VELQHMLRICLFT,81.25,44.032,42098.88
HLA-B*51:03,ELQHMLRICLFTA,82.5,39.566,41368.74
HLA-B*51:03,LQHMLRICLFTAT,86.667,42.924,41928.4
HLA-B*51:03,QHMLRICLFTATI,44.909,10.18,31508.47
HLA-B*51:03,HMLRICLFTATIS,95.0,49.892,42964.91
HLA-B*51:03,MLRICLFTATISA,64.643,28.727,39102.09
HLA-B*51:03,LRICLFTATISAN,97.5,57.064,43866.33
HLA-B*51:03,RICLFTATISANP,95.0,69.601,45219.02
HLA-B*51:03,ICLFTATISANPE,100.0,86.805,46811.07
HLA-B*51:03,CLFTATISANPED,100.0,81.698,46334.39
HLA-B*51:03,LFTATISANPEDK,97.5,88.963,47019.2
HLA-B*51:03,FTATISANPEDKS,97.5,78.942,46083.88
HLA-B*51:03,TATISANPEDKSG,97.5,85.753,46709.9
HLA-B*51:03,ATISANPEDKSGQ,95.0,96.518,48372.71
HLA-B*51:03,TISANPEDKSGQQ,85.0,96.263,48255.62
HLA-B*51:03,ISANPEDKSGQQS,86.667,90.869,47216.47
HLA-B*51:03,SANPEDKSGQQSK,61.071,89.753,47095.56
HLA-B*51:03,ANPEDKSGQQSKE,95.0,97.152,48665.12
HLA-B*51:03,NPEDKSGQQSKEG,72.143,84.387,46581.18
HLA-B*51:03,PEDKSGQQSKEGG,100.0,97.809,48969.91
HLA-B*51:03,EDKSGQQSKEGGK,88.333,96.767,48487.46
HLA-B*51:03,DKSGQQSKEGGKQ,95.0,97.53,48840.25
HLA-B*51:03,KSGQQSKEGGKQS,97.5,97.61,48877.27
HLA-B*51:03,SGQQSKEGGKQST,93.333,96.732,48471.21
HLA-B*51:03,GQQSKEGGKQSTG,97.5,96.974,48583.06
HLA-B*51:03,QQSKEGGKQSTGR,91.667,97.011,48599.89
HLA-B*51:03,QSKEGGKQSTGRD,100.0,96.856,48528.42
HLA-B*51:03,SKEGGKQSTGRDD,100.0,98.022,49069.08
HLA-B*51:03,KEGGKQSTGRDDY,70.714,95.854,48068.55
HLA-B*51:03,EGGKQSTGRDDYA,91.667,83.324,46483.53
HLA-B*51:03,GGKQSTGRDDYAE,97.5,97.125,48652.51
HLA-B*51:03,GKQSTGRDDYAEK,90.0,96.057,48161.2
HLA-B*51:03,KQSTGRDDYAEKG,97.5,95.692,47994.77
HLA-B*51:03,QSTGRDDYAEKGA,90.0,89.495,47070.6
HLA-B*51:03,STGRDDYAEKGAP,86.667,79.308,46116.82
HLA-B*51:03,TGRDDYAEKGAPK,81.25,86.5,46781.71
HLA-B*51:03,GRDDYAEKGAPKL,41.417,71.007,45353.28
HLA-B*51:03,RDDYAEKGAPKLL,47.5,60.94,44318.6
HLA-B*51:03,DDYAEKGAPKLLS,49.714,64.982,44761.95
HLA-B*51:03,DYAEKGAPKLLST,55.25,63.08,44552.72
HLA-B*51:03,YAEKGAPKLLSTT,58.0,59.072,44105.24
HLA-B*51:03,AEKGAPKLLSTTR,57.25,80.329,46209.2
HLA-B*51:03,EKGAPKLLSTTRC,65.0,79.402,46125.3
HLA-B*51:03,KGAPKLLSTTRCP,86.667,78.959,46085.4
HLA-B*51:03,GAPKLLSTTRCPR,88.333,87.795,46906.38
HLA-B*51:03,APKLLSTTRCPRV,15.455,12.78,33227.99
HLA-B*51:03,PKLLSTTRCPRVT,100.0,95.187,47764.75
HLA-B*51:03,KLLSTTRCPRVTT,91.667,83.647,46513.18
HLA-B*51:03,LLSTTRCPRVTTA,74.286,58.2,44001.34
HLA-B*51:03,LSTTRCPRVTTAL,57.5,39.494,41356.2
HLA-B*51:03,STTRCPRVTTALQ,81.25,71.414,45391.58
HLA-B*51:03,TTRCPRVTTALQG,95.0,63.739,44625.1
HLA-B*51:03,TRCPRVTTALQGP,90.0,63.959,44649.25
HLA-B*51:03,RCPRVTTALQGPE,100.0,81.112,46280.78
HLA-B*51:03,CPRVTTALQGPER,59.75,46.464,42471.75
HLA-B*51:03,PRVTTALQGPERP,95.0,95.239,47788.51
HLA-B*51:03,RVTTALQGPERPQ,97.5,96.557,48390.53
HLA-B*51:03,VTTALQGPERPQG,97.5,91.157,47248.67
HLA-B*51:03,TTALQGPERPQGD,97.5,95.608,47956.34
HLA-B*51:03,TALQGPERPQGDT,77.5,85.253,46661.91
HLA-B*51:03,ALQGPERPQGDTP,70.714,83.894,46535.84
HLA-B*51:03,LQGPERPQGDTPG,97.5,89.937,47113.39
HLA-B*51:03,QGPERPQGDTPGW,30.514,46.489,42475.42
HLA-B*51:03,GPERPQGDTPGWK,81.25,84.792,46618.5
HLA-B*51:03,PERPQGDTPGWKV,49.714,44.983,42249.92
HLA-B*51:03,ERPQGDTPGWKVR,70.0,72.85,45526.85
HLA-B*51:03,RPQGDTPGWKVRS,56.5,52.797,43337.95
HLA-B*51:03,PQGDTPGWKVRSI,48.875,48.029,42703.52
HLA-B*51:03,QGDTPGWKVRSIY,54.074,48.328,42746.04
HLA-B*51:03,GDTPGWKVRSIYI,56.5,30.976,39638.4
HLA-B*51:03,DTPGWKVRSIYIL,21.956,18.506,35922.73
HLA-B*51:03,TPGWKVRSIYILR,50.37,30.482,39522.34
HLA-B*51:03,PGWKVRSIYILRL,79.167,58.828,44076.15
HLA-B*51:03,GWKVRSIYILRLP,97.5,75.321,45758.95
HLA-B*51:03,WKVRSIYILRLPA,91.667,37.55,41001.12
HLA-B*51:03,KVRSIYILRLPAY,73.571,59.856,44198.86
HLA-B*51:03,VRSIYILRLPAYC,93.333,64.257,44682.09
HLA-B*51:03,RSIYILRLPAYCI,68.636,19.069,36137.55
HLA-B*51:03,SIYILRLPAYCIV,63.929,19.55,36316.68
HLA-B*51:03,IYILRLPAYCIVV,65.455,29.844,39372.09
HLA-B*51:03,YILRLPAYCIVVR,64.286,38.525,41182.96
HLA-B*51:03,ILRLPAYCIVVRT,83.75,48.916,42829.84
HLA-B*51:03,LRLPAYCIVVRTE,91.667,63.379,44585.52
HLA-B*51:03,RLPAYCIVVRTEG,97.5,65.546,44817.68
HLA-B*51:03,LPAYCIVVRTEGE,91.667,51.98,43233.04
HLA-B*51:03,PAYCIVVRTEGEI,67.727,24.645,37996.85
HLA-B*51:03,AYCIVVRTEGEIA,93.333,79.607,46143.78
HLA-B*51:03,YCIVVRTEGEIAR,82.5,79.989,46178.22
HLA-B*51:03,CIVVRTEGEIARA,95.0,71.581,45407.3
HLA-B*51:03,IVVRTEGEIARAT,83.75,78.538,46047.52
HLA-B*51:03,VVRTEGEIARATV,58.0,36.65,40828.89
HLA-B*51:03,VRTEGEIARATVL,53.889,47.406,42610.76
HLA-B*51:03,RTEGEIARATVLE,91.667,75.653,45788.68
HLA-B*51:03,TEGEIARATVLEL,20.431,23.744,37725.68
HLA-B*51:03,EGEIARATVLELA,63.571,43.92,42081.57
HLA-B*51:03,GEIARATVLELAE,88.333,80.893,46260.73
HLA-B*51:03,EIARATVLELAEA,72.857,52.983,43361.88
HLA-B*51:03,IARATVLELAEAS,83.75,60.584,44279.77
HLA-B*51:03,ARATVLELAEASV,59.5,54.362,43539.59
HLA-B*51:03,RATVLELAEASVQ,95.0,77.669,45969.37
HLA-B*51:03,ATVLELAEASVQA,66.818,67.347,44995.49
HLA-B*51:03,TVLELAEASVQAL,32.548,34.979,40499.36
HLA-B*51:03,VLELAEASVQALS,81.25,70.506,45306.21
HLA-B*51:03,LELAEASVQALSK,75.0,60.993,44324.34
HLA-B*51:03,ELAEASVQALSKA,51.667,51.094,43119.52
HLA-B*51:03,LAEASVQALSKAG,93.333,74.624,45694.63
HLA-B*51:03,AEASVQALSKAGP,82.5,77.414,45946.48
HLA-B*51:03,EASVQALSKAGPF,31.059,21.631,37052.54
HLA-B*51:03,ASVQALSKAGPFP,91.667,68.75,45134.47
HLA-B*51:03,SVQALSKAGPFPG,97.5,72.437,45487.93
HLA-B*51:03,VQALSKAGPFPGV,57.75,34.852,40473.09
HLA-B*51:03,QALSKAGPFPGVF,41.667,22.636,37375.87
HLA-B*51:03,ALSKAGPFPGVFT,93.333,72.646,45507.62
HLA-B*51:03,LSKAGPFPGVFTA,6.676,2.193,19852.67
HLA-B*51:03,SKAGPFPGVFTAC,35.042,26.812,38597.27
HLA-B*51:03,KAGPFPGVFTACT,67.273,53.012,43365.62
HLA-B*51:03,AGPFPGVFTACTL,29.841,15.328,34549.67
HLA-B*51:03,GPFPGVFTACTLR,25.388,21.399,36975.63
HLA-B*51:03,PFPGVFTACTLRL,64.286,19.617,36341.82
HLA-B*51:03,FPGVFTACTLRLI,8.926,0.282,7450.92
HLA-B*51:03,PGVFTACTLRLIG,100.0,73.022,45543.09
HLA-B*51:03,GVFTACTLRLIGE,100.0,82.552,46412.65
HLA-B*51:03,VFTACTLRLIGET,97.5,69.793,45238.12
HLA-B*51:03,FTACTLRLIGETD,97.5,55.14,43638.62
HLA-B*51:03,TACTLRLIGETDL,62.857,41.377,41674.21
HLA-B*51:03,ACTLRLIGETDLH,95.0,90.576,47183.81
HLA-B*51:03,CTLRLIGETDLHS,97.5,70.318,45288.57
HLA-B*51:03,TLRLIGETDLHSN,97.5,85.153,46652.3
HLA-B*51:03,LRLIGETDLHSNT,93.333,85.163,46653.3
HLA-B*51:03,RLIGETDLHSNTP,81.25,70.637,45318.46
HLA-B*51:03,LIGETDLHSNTPH,97.5,91.821,47322.86
HLA-B*51:03,IGETDLHSNTPHK,93.333,88.3,46955.14
HLA-B*51:03,GETDLHSNTPHKP,70.0,84.874,46626.08
HLA-B*51:03,ETDLHSNTPHKPC,72.143,72.098,45455.97
HLA-B*51:03,TDLHSNTPHKPCA,83.75,66.658,44927.41
HLA-B*51:03,DLHSNTPHKPCAL,36.762,33.366,40165.95
HLA-B*51:03,LHSNTPHKPCALI,14.191,1.865,18679.84
HLA-B*51:03,HSNTPHKPCALIL,39.059,21.843,37123.15
HLA-B*51:03,SNTPHKPCALILL,46.111,21.089,36872.98
HLA-B*51:03,NTPHKPCALILLT,57.25,21.622,37049.72
HLA-B*51:03,TPHKPCALILLTQ,45.0,25.99,38379.05
HLA-B*51:03,PHKPCALILLTQL,64.286,43.375,41998.33
HLA-B*51:03,HKPCALILLTQLL,41.833,27.075,38667.91
HLA-B*51:03,KPCALILLTQLLV,20.667,5.153,26269.49
HLA-B*51:03,PCALILLTQLLVR,100.0,80.526,46227.21
HLA-B*51:03,CALILLTQLLVRS,97.5,59.516,44158.23
HLA-B*51:03,ALILLTQLLVRSS,97.5,86.616,46792.84
HLA-B*51:03,LILLTQLLVRSSI,32.806,14.901,34347.66
HLA-B*51:03,ILLTQLLVRSSIP,81.25,54.471,43553.72
HLA-B*51:03,LLTQLLVRSSIPY,85.0,51.71,43198.45
HLA-B*51:03,LTQLLVRSSIPYM,53.519,29.481,39285.29
HLA-B*51:03,TQLLVRSSIPYMA,68.182,45.491,42326.77
HLA-B*51:03,QLLVRSSIPYMAG,97.5,65.408,44804.09
HLA-B*51:03,LLVRSSIPYMAGL,72.857,31.177,39684.31
HLA-B*51:03,LVRSSIPYMAGLR,85.0,55.628,43696.27
HLA-B*51:03,VRSSIPYMAGLRS,53.519,25.226,38164.98
HLA-B*51:03,RSSIPYMAGLRSF,36.905,12.051,32795.45
HLA-B*51:03,SSIPYMAGLRSFN,78.333,33.771,40249.5
HLA-B*51:03,SIPYMAGLRSFNE,86.667,44.647,42196.46
HLA-B*51:03,IPYMAGLRSFNEA,12.097,2.124,19639.24
HLA-B*51:03,PYMAGLRSFNEAF,83.75,39.55,41366.05
HLA-B*51:03,YMAGLRSFNEAFN,95.0,55.972,43736.96
HLA-B*51:03,MAGLRSFNEAFNH,75.833,39.272,41317.73
HLA-B*51:03,AGLRSFNEAFNHC,83.75,75.476,45772.82
HLA-B*51:03,GLRSFNEAFNHCP,97.5,81.21,46289.8
HLA-B*51:03,LRSFNEAFNHCPV,90.0,25.425,38220.74
HLA-B*51:03,RSFNEAFNHCPVK,85.0,39.262,41315.95
HLA-B*51:03,SFNEAFNHCPVKL,47.0,38.564,41190.08
HLA-B*51:03,FNEAFNHCPVKLD,95.0,60.602,44281.68
HLA-B*51:03,NEAFNHCPVKLDL,35.5,26.865,38611.46
HLA-B*51:03,EAFNHCPVKLDLF,21.281,5.829,27211.15
HLA-B*51:03,AFNHCPVKLDLFA,54.63,28.144,38956.83
HLA-B*51:03,FNHCPVKLDLFAV,54.815,15.023,34407.16
HLA-B*51:03,NHCPVKLDLFAVK,81.25,46.502,42477.25
HLA-B*51:03,HCPVKLDLFAVKR,90.0,63.603,44610.14
HLA-B*51:03,CPVKLDLFAVKRR,71.429,33.162,40123.83
HLA-B*51:03,PVKLDLFAVKRRG,100.0,94.163,47585.75
HLA-B*51:03,VKLDLFAVKRRGK,95.0,90.403,47164.4
HLA-B*51:03,KLDLFAVKRRGKL,75.0,64.02,44655.99
HLA-B*51:03,LDLFAVKRRGKLT,95.0,79.779,46159.25
HLA-B*51:03,DLFAVKRRGKLTM,23.69,16.51,35092.95
HLA-B*51:03,LFAVKRRGKLTMI,69.091,41.902,41759.07
HLA-B*51:03,FAVKRRGKLTMIL,36.667,18.675,35987.31
HLA-B*51:03,AVKRRGKLTMILA,88.333,70.678,45322.37
HLA-B*51:03,VKRRGKLTMILAL,75.833,55.548,43686.8
HLA-B*51:03,KRRGKLTMILALA,95.0,70.992,45351.82
HLA-B*51:03,RRGKLTMILALAL,81.25,40.221,41481.69
HLA-B*51:03,RGKLTMILALALI,72.143,21.317,36948.46
HLA-B*51:03,GKLTMILALALIG,100.0,70.136,45271.43
HLA-B*51:03,KLTMILALALIGK,93.333,75.415,45767.36
HLA-B*51:03,LTMILALALIGKS,97.5,53.118,43379.25
HLA-B*51:03,TMILALALIGKSG,97.5,64.288,44685.49
HLA-B*51:03,MILALALIGKSGY,54.259,37.735,41036.17
HLA-B*51:03,ILALALIGKSGYE,97.5,88.253,46950.57
HLA-B*51:03,LALALIGKSGYES,91.667,58.896,44084.25
HLA-B*51:03,ALALIGKSGYESP,93.333,85.5,46685.62
HLA-B*51:03,LALIGKSGYESPM,72.143,27.879,38887.75
HLA-B*51:03,ALIGKSGYESPMR,93.333,88.605,46984.62
HLA-B*51:03,LIGKSGYESPMRD,100.0,83.532,46502.62
HLA-B*51:03,IGKSGYESPMRDA,91.667,80.767,46249.24
HLA-B*51:03,GKSGYESPMRDAE,97.5,95.938,48107.07
HLA-B*51:03,KSGYESPMRDAEK,88.333,90.393,47163.4
HLA-B*51:03,SGYESPMRDAEKV,13.593,12.008,32770.25
HLA-B*51:03,GYESPMRDAEKVA,85.0,56.352,43781.91
HLA-B*51:03,YESPMRDAEKVAE,74.286,49.286,42881.3
HLA-B*51:03,ESPMRDAEKVAET,71.429,64.187,44674.37
HLA-B*51:03,SPMRDAEKVAETS,59.75,41.64,41716.62
HLA-B*51:03,PMRDAEKVAETSS,100.0,95.802,48044.62
HLA-B*51:03,MRDAEKVAETSSA,66.818,65.689,44831.75
HLA-B*51:03,RDAEKVAETSSAS,95.0,90.252,47147.55
HLA-B*51:03,DAEKVAETSSASN,91.667,78.859,46076.43
HLA-B*51:03,AEKVAETSSASNK,86.667,93.326,47491.63
HLA-B*51:03,EKVAETSSASNKL,44.091,54.763,43591.43
HLA-B*51:03,KVAETSSASNKLV,61.429,45.67,42353.8
HLA-B*51:03,VAETSSASNKLVI,27.63,15.121,34452.61
HLA-B*51:03,AETSSASNKLVIL,45.8,54.103,43506.16
HLA-B*51:03,ETSSASNKLVILF,35.583,26.017,38386.52
HLA-B*51:03,TSSASNKLVILFG,93.333,56.364,43783.35
HLA-B*51:03,SSASNKLVILFGQ,93.333,75.338,45760.42
HLA-B*51:03,SASNKLVILFGQD,93.333,71.816,45429.42
HLA-B*51:03,ASNKLVILFGQDH,93.333,92.521,47401.27
HLA-B*51:03,SNKLVILFGQDHV,52.037,37.836,41055.25
HLA-B*51:03,NKLVILFGQDHVS,80.0,66.019,44864.26
HLA-B*51:03,KLVILFGQDHVSL,70.714,57.124,43873.43
HLA-B*51:03,LVILFGQDHVSLL,43.636,29.938,39394.69
HLA-B*51:03,VILFGQDHVSLLA,72.857,44.405,42158.14
HLA-B*51:03,ILFGQDHVSLLAM,54.444,29.874,39379.35
HLA-B*51:03,LFGQDHVSLLAML,66.818,43.042,41947.47
HLA-B*51:03,FGQDHVSLLAMLI,30.892,7.711,29431.96
HLA-B*51:03,GQDHVSLLAMLIS,95.0,58.436,44029.41
HLA-B*51:03,QDHVSLLAMLISD,95.0,60.879,44311.88
HLA-B*51:03,DHVSLLAMLISDP,79.167,39.183,41302.09
HLA-B*51:03,HVSLLAMLISDPV,57.5,9.251,30808.3
HLA-B*51:03,VSLLAMLISDPVG,97.5,40.952,41605.28
HLA-B*51:03,SLLAMLISDPVGN,100.0,54.143,43511.32
HLA-B*51:03,LLAMLISDPVGNQ,95.0,62.614,44501.67
HLA-B*51:03,LAMLISDPVGNQA,24.662,13.391,33572.73
HLA-B*51:03,AMLISDPVGNQAM,66.818,52.633,43316.85
HLA-B*51:03,MLISDPVGNQAMY,24.0,16.209,34958.41
HLA-B*51:03,LISDPVGNQAMYA,62.857,39.386,41337.4
HLA-B*51:03,ISDPVGNQAMYAI,21.404,10.784,31944.07
HLA-B*51:03,SDPVGNQAMYAIK,67.727,50.518,43045.89
HLA-B*51:03,DPVGNQAMYAIKL,4.862,4.501,25269.23
HLA-B*51:03,PVGNQAMYAIKLF,82.5,42.643,41881.7
HLA-B*51:03,VGNQAMYAIKLFA,82.5,34.414,40382.54
HLA-B*51:03,GNQAMYAIKLFAY,91.667,56.084,43750.19
HLA-B*51:03,NQAMYAIKLFAYR,76.667,46.288,42446.01
HLA-B*51:03,QAMYAIKLFAYRG,93.333,41.547,41701.75
HLA-B*51:03,AMYAIKLFAYRGC,95.0,70.485,45304.25
HLA-B*51:03,MYAIKLFAYRGCT,93.333,55.616,43694.84
HLA-B*51:03,YAIKLFAYRGCTS,74.286,38.184,41120.17
HLA-B*51:03,AIKLFAYRGCTSR,88.333,81.665,46331.37
HLA-B*51:03,IKLFAYRGCTSRF,85.0,32.758,40037.52
HLA-B*51:03,KLFAYRGCTSRFF,80.0,20.751,36753.86
HLA-B*51:03,LFAYRGCTSRFFE,97.5,48.916,42829.84
HLA-B*51:03,FAYRGCTSRFFER,59.25,21.156,36894.91
HLA-B*51:03,AYRGCTSRFFERS,97.5,85.063,46643.73
HLA-B*51:03,YRGCTSRFFERSN,100.0,84.825,46621.54
HLA-B*51:03,RGCTSRFFERSNL,83.75,52.075,43245.2
HLA-B*51:03,GCTSRFFERSNLK,93.333,73.199,45559.86
HLA-B*51:03,CTSRFFERSNLKV,81.25,30.949,39631.96
HLA-B*51:03,TSRFFERSNLKVW,65.455,38.157,41115.27
HLA-B*51:03,SRFFERSNLKVWI,78.333,37.785,41045.48
HLA-B*51:03,RFFERSNLKVWIP,79.167,51.685,43195.17
HLA-B*51:03,FFERSNLKVWIPR,95.0,60.598,44281.2
HLA-B*51:03,FERSNLKVWIPRQ,85.0,66.289,44890.95
HLA-B*51:03,ERSNLKVWIPRQR,91.667,92.781,47430.5
HLA-B*51:03,RSNLKVWIPRQRN,97.5,88.184,46943.97
HLA-B*51:03,SNLKVWIPRQRNG,100.0,87.905,46917.04
HLA-B*51:03,NLKVWIPRQRNGT,97.5,92.109,47355.13
HLA-B*51:03,LKVWIPRQRNGTH,70.714,78.439,46038.55
HLA-B*51:03,KVWIPRQRNGTHG,95.0,84.786,46617.99
HLA-B*51:03,VWIPRQRNGTHGC,75.0,83.467,46496.6
HLA-B*51:03,WIPRQRNGTHGCH,93.333,83.308,46482.0
HLA-B*51:03,IPRQRNGTHGCHR,66.818,70.397,45295.9
HLA-B*51:03,PRQRNGTHGCHRL,81.25,90.467,47171.55
HLA-B*51:03,RQRNGTHGCHRLV,61.429,49.273,42879.45
HLA-B*51:03,QRNGTHGCHRLVF,72.857,55.412,43670.75
HLA-B*51:03,RNGTHGCHRLVFG,97.5,80.46,46221.21
HLA-B*51:03,NGTHGCHRLVFGE,97.5,81.511,46317.33
HLA-B*51:03,GTHGCHRLVFGEI,82.5,38.472,41173.14
HLA-B*51:03,THGCHRLVFGEIT,97.5,60.567,44277.86
HLA-B*51:03,HGCHRLVFGEITN,100.0,80.016,46180.72
HLA-B*51:03,GCHRLVFGEITNL,66.818,56.408,43788.55
HLA-B*51:03,CHRLVFGEITNLW,72.857,28.046,38932.39
HLA-B*51:03,HRLVFGEITNLWD,90.0,71.315,45382.24
HLA-B*51:03,RLVFGEITNLWDE,97.5,78.278,46024.1
HLA-B*51:03,LVFGEITNLWDEA,75.0,42.907,41925.67
HLA-B*51:03,VFGEITNLWDEAN,97.5,86.853,46815.63
HLA-B*51:03,FGEITNLWDEANR,95.0,85.342,46670.48
HLA-B*51:03,GEITNLWDEANRA,74.286,70.24,45281.21
HLA-B*51:03,EITNLWDEANRAV,43.364,37.867,41061.05
HLA-B*51:03,ITNLWDEANRAVP,93.333,62.377,44475.67
HLA-B*51:03,TNLWDEANRAVPT,93.333,74.995,45729.74
HLA-B*51:03,NLWDEANRAVPTM,33.214,23.512,37652.27
HLA-B*51:03,LWDEANRAVPTMD,90.0,66.654,44926.92
HLA-B*51:03,WDEANRAVPTMDQ,97.5,77.043,45913.19
HLA-B*51:03,DEANRAVPTMDQF,15.925,18.459,35904.88
HLA-B*51:03,EANRAVPTMDQFV,19.0,9.408,30941.58
HLA-B*51:03,ANRAVPTMDQFVD,95.0,72.657,45508.62
HLA-B*51:03,NRAVPTMDQFVDT,91.667,70.084,45266.52
HLA-B*51:03,RAVPTMDQFVDTE,85.0,71.211,45372.44
HLA-B*51:03,AVPTMDQFVDTEA,79.167,56.308,43776.71
HLA-B*51:03,VPTMDQFVDTEAC,49.143,32.444,39969.15
HLA-B*51:03,PTMDQFVDTEACE,97.5,95.009,47684.18
HLA-B*51:03,TMDQFVDTEACES,97.5,82.82,46437.27
HLA-B*51:03,MDQFVDTEACESA,82.5,50.215,43007.23
HLA-B*51:03,DQFVDTEACESAI,26.25,9.544,31050.57
HLA-B*51:03,QFVDTEACESAIK,95.0,79.779,46159.25
HLA-B*51:03,FVDTEACESAIKG,93.333,68.342,45093.94
HLA-B*51:03,VDTEACESAIKGG,100.0,93.93,47559.49
HLA-B*51:03,DTEACESAIKGGL,50.556,47.471,42620.44
HLA-B*51:03,TEACESAIKGGLY,63.571,39.298,41322.21
HLA-B*51:03,EACESAIKGGLYT,55.75,43.798,42062.9
HLA-B*51:03,ACESAIKGGLYTT,95.0,81.769,46340.9
HLA-B*51:03,CESAIKGGLYTTS,95.0,62.184,44454.51
HLA-B*51:03,ESAIKGGLYTTSL,39.176,31.179,39684.75
HLA-B*51:03,SAIKGGLYTTSLQ,56.25,50.284,43016.09
HLA-B*51:03,AIKGGLYTTSLQD,97.5,91.317,47266.59
HLA-B*51:03,IKGGLYTTSLQDV,79.167,63.076,44552.23
HLA-B*51:03,KGGLYTTSLQDVV,81.25,49.471,42906.84
HLA-B*51:03,GGLYTTSLQDVVS,100.0,88.842,47007.5
HLA-B*51:03,GLYTTSLQDVVSI,54.259,31.271,39705.79
HLA-B*51:03,LYTTSLQDVVSIN,93.333,56.2,43763.93
HLA-B*51:03,YTTSLQDVVSINT,90.0,58.644,44054.21
HLA-B*51:03,TTSLQDVVSINTQ,93.333,81.227,46291.29
HLA-B*51:03,TSLQDVVSINTQK,72.857,72.26,45471.21
HLA-B*51:03,SLQDVVSINTQKI,40.688,34.243,40347.16
HLA-B*51:03,LQDVVSINTQKIS,90.0,65.418,44805.07
HLA-B*51:03,QDVVSINTQKISL,44.273,48.01,42700.74
HLA-B*51:03,DVVSINTQKISLS,64.286,52.903,43351.56
HLA-B*51:03,VVSINTQKISLSG,97.5,75.299,45756.97
HLA-B*51:03,VSINTQKISLSGS,95.0,81.336,46301.29
HLA-B*51:03,SINTQKISLSGSI,54.63,26.581,38535.91
HLA-B*51:03,INTQKISLSGSIF,67.273,45.573,42339.14
HLA-B*51:03,NTQKISLSGSIFH,77.5,61.736,44405.45
HLA-B*51:03,TQKISLSGSIFHF,57.25,41.668,41721.14
HLA-B*51:03,QKISLSGSIFHFV,54.074,28.783,39116.06
HLA-B*51:03,KISLSGSIFHFVS,97.5,71.472,45397.0
HLA-B*51:03,ISLSGSIFHFVSM,46.667,23.696,37710.57
HLA-B*51:03,SLSGSIFHFVSMQ,90.0,62.399,44478.08
HLA-B*51:03,LSGSIFHFVSMQQ,91.667,67.992,45059.32
HLA-B*51:03,SGSIFHFVSMQQP,73.571,48.604,42785.4
HLA-B*51:03,GSIFHFVSMQQPL,66.364,34.554,40411.38
HLA-B*51:03,SIFHFVSMQQPLS,85.0,49.175,42866.02
HLA-B*51:03,IFHFVSMQQPLSN,97.5,61.366,44365.12
HLA-B*51:03,FHFVSMQQPLSND,93.333,54.785,43594.27
HLA-B*51:03,HFVSMQQPLSNDC,93.333,76.091,45827.82
HLA-B*51:03,FVSMQQPLSNDCK,91.667,68.401,45099.82
HLA-B*51:03,VSMQQPLSNDCKL,26.433,18.144,35784.65
HLA-B*51:03,SMQQPLSNDCKLH,83.75,68.927,45152.05
HLA-B*51:03,MQQPLSNDCKLHA,54.259,31.755,39816.34
HLA-B*51:03,QQPLSNDCKLHAS,88.333,77.381,45943.49
HLA-B*51:03,QPLSNDCKLHAST,44.636,37.653,41020.64
HLA-B*51:03,PLSNDCKLHASTY,82.5,67.672,45027.66
HLA-B*51:03,LSNDCKLHASTYM,65.909,35.194,40542.32
HLA-B*51:03,SNDCKLHASTYMD,95.0,84.797,46619.01
HLA-B*51:03,NDCKLHASTYMDH,81.25,85.353,46671.48
HLA-B*51:03,DCKLHASTYMDHD,95.0,83.636,46512.2
HLA-B*51:03,CKLHASTYMDHDL,90.0,46.592,42490.6
HLA-B*51:03,KLHASTYMDHDLA,90.0,49.29,42881.78
HLA-B*51:03,LHASTYMDHDLAS,91.667,58.156,43996.09
HLA-B*51:03,HASTYMDHDLASM,50.185,32.226,39921.6
HLA-B*51:03,ASTYMDHDLASMR,90.0,72.573,45500.75
HLA-B*51:03,STYMDHDLASMRG,91.667,46.887,42533.83
HLA-B*51:03,TYMDHDLASMRGC,79.167,68.15,45074.93
HLA-B*51:03,YMDHDLASMRGCG,97.5,68.327,45092.49
HLA-B*51:03,MDHDLASMRGCGN,100.0,75.033,45733.22
HLA-B*51:03,DHDLASMRGCGNS,90.0,72.051,45451.54
HLA-B*51:03,HDLASMRGCGNSM,69.545,45.803,42373.97
HLA-B*51:03,DLASMRGCGNSME,91.667,70.157,45273.38
HLA-B*51:03,LASMRGCGNSMEK,75.0,58.636,44053.24
HLA-B*51:03,ASMRGCGNSMEKV,59.5,40.715,41565.24
HLA-B*51:03,SMRGCGNSMEKVM,78.333,53.319,43405.05
HLA-B*51:03,MRGCGNSMEKVMA,93.333,68.696,45129.09
HLA-B*51:03,RGCGNSMEKVMAS,95.0,79.54,46137.77
HLA-B*51:03,GCGNSMEKVMASN,100.0,95.223,47781.3
HLA-B*51:03,CGNSMEKVMASNF,81.25,34.33,40365.07
HLA-B*51:03,GNSMEKVMASNFY,81.25,46.517,42479.55
HLA-B*51:03,NSMEKVMASNFYL,21.36,10.643,31841.93
HLA-B*51:03,SMEKVMASNFYLH,90.0,48.838,42818.71
HLA-B*51:03,MEKVMASNFYLHF,43.273,7.246,28947.8
HLA-B*51:03,EKVMASNFYLHFA,75.833,29.321,39247.05
HLA-B*51:03,KVMASNFYLHFAK,88.333,39.234,41311.05
HLA-B*51:03,VMASNFYLHFAKL,48.875,12.809,33245.61
HLA-B*51:03,MASNFYLHFAKLG,60.0,14.19,33999.71
HLA-B*51:03,ASNFYLHFAKLGL,75.833,41.723,41730.18
HLA-B*51:03,SNFYLHFAKLGLE,93.333,56.34,43780.5
HLA-B*51:03,NFYLHFAKLGLES,93.333,62.671,44507.92
HLA-B*51:03,FYLHFAKLGLESN,97.5,74.687,45700.55
HLA-B*51:03,YLHFAKLGLESNI,56.0,21.967,37164.57
HLA-B*51:03,LHFAKLGLESNIL,61.429,31.045,39654.25
HLA-B*51:03,HFAKLGLESNILS,91.667,71.608,45409.76
HLA-B*51:03,FAKLGLESNILSG,80.0,48.49,42769.18
HLA-B*51:03,AKLGLESNILSGF,64.643,63.801,44631.87
HLA-B*51:03,KLGLESNILSGFL,82.5,52.564,43307.97
HLA-B*51:03,LGLESNILSGFLW,63.929,21.455,36994.05
HLA-B*51:03,GLESNILSGFLWP,95.0,58.716,44062.79
HLA-B*51:03,LESNILSGFLWPA,79.167,28.912,39148.24
HLA-B*51:03,ESNILSGFLWPAA,71.429,33.655,40225.55
HLA-B*51:03,SNILSGFLWPAAF,62.5,21.312,36946.86
HLA-B*51:03,NILSGFLWPAAFE,91.667,48.711,42800.66
HLA-B*51:03,ILSGFLWPAAFEL,57.5,21.592,37039.71
HLA-B*51:03,LSGFLWPAAFELD,90.0,34.56,40412.68
HLA-B*51:03,SGFLWPAAFELDE,76.667,49.902,42966.32
HLA-B*51:03,GFLWPAAFELDEH,93.333,68.027,45062.75
HLA-B*51:03,FLWPAAFELDEHL,25.552,9.942,31338.15
HLA-B*51:03,LWPAAFELDEHLG,75.833,37.489,40989.56
HLA-B*51:03,WPAAFELDEHLGV,12.6,2.064,19455.03
HLA-B*51:03,PAAFELDEHLGVG,97.5,77.968,45996.23
HLA-B*51:03,AAFELDEHLGVGV,26.4,19.646,36352.44
HLA-B*51:03,AFELDEHLGVGVG,95.0,81.599,46325.36
HLA-B*51:03,FELDEHLGVGVGG,91.667,65.571,44820.1
HLA-B*51:03,ELDEHLGVGVGGF,41.667,50.186,43003.52
HLA-B*51:03,LDEHLGVGVGGFA,90.0,54.274,43528.28
HLA-B*51:03,DEHLGVGVGGFAS,70.714,58.288,44011.81
HLA-B*51:03,EHLGVGVGGFASN,93.333,75.731,45795.61
HLA-B*51:03,HLGVGVGGFASNQ,97.5,95.807,48047.23
HLA-B*51:03,LGVGVGGFASNQM,61.786,50.04,42984.91
HLA-B*51:03,GVGVGGFASNQME,91.667,95.216,47778.19
HLA-B*51:03,VGVGGFASNQMER,83.75,86.379,46770.06
HLA-B*51:03,GVGGFASNQMERS,100.0,96.635,48426.65
HLA-B*51:03,VGGFASNQMERSD,100.0,95.312,47821.62
HLA-B*51:03,GGFASNQMERSDV,75.0,57.924,43968.49
HLA-B*51:03,GFASNQMERSDVD,100.0,89.895,47109.32
HLA-B*51:03,FASNQMERSDVDG,95.0,81.139,46283.26
HLA-B*51:03,ASNQMERSDVDGQ,97.5,96.008,48138.82
HLA-B*51:03,SNQMERSDVDGQG,97.5,91.592,47297.27
HLA-B*51:03,NQMERSDVDGQGA,44.545,52.546,43305.62
HLA-B*51:03,QMERSDVDGQGAL,56.5,53.698,43453.92
HLA-B*51:03,MERSDVDGQGALG,76.667,49.226,42872.96
HLA-B*51:03,ERSDVDGQGALGD,90.0,93.728,47536.86
HLA-B*51:03,RSDVDGQGALGDG,95.0,93.623,47525.02
HLA-B*51:03,SDVDGQGALGDGI,52.963,43.589,42031.07
HLA-B*51:03,DVDGQGALGDGIA,62.5,59.68,44177.83
HLA-B*51:03,VDGQGALGDGIAS,91.667,85.0,46637.66
HLA-B*51:03,DGQGALGDGIASY,37.684,52.717,43327.63
HLA-B*51:03,GQGALGDGIASYP,91.667,84.392,46581.69
HLA-B*51:03,QGALGDGIASYPE,97.5,92.772,47429.5
HLA-B*51:03,GALGDGIASYPED,97.5,95.097,47723.93
HLA-B*51:03,ALGDGIASYPEDL,70.714,73.017,45542.62
HLA-B*51:03,LGDGIASYPEDLA,80.0,49.677,42935.18
HLA-B*51:03,GDGIASYPEDLAF,38.222,33.608,40215.98
HLA-B*51:03,DGIASYPEDLAFP,51.852,31.499,39757.8
HLA-B*51:03,GIASYPEDLAFPK,85.0,62.878,44530.55
HLA-B*51:03,IASYPEDLAFPKF,29.75,15.348,34559.0
HLA-B*51:03,ASYPEDLAFPKFP,54.63,37.778,41044.16
HLA-B*51:03,SYPEDLAFPKFPF,41.25,15.323,34547.42
HLA-B*51:03,YPEDLAFPKFPFV,0.867,0.174,5552.0
HLA-B*51:03,PEDLAFPKFPFVT,76.667,43.78,42060.19
HLA-B*51:03,EDLAFPKFPFVTY,18.122,14.174,33991.99
HLA-B*51:03,DLAFPKFPFVTYL,14.904,4.659,25513.72
HLA-B*51:03,LAFPKFPFVTYLY,20.642,5.929,27346.03
HLA-B*51:03,AFPKFPFVTYLYP,49.571,12.916,33309.69
HLA-B*51:03,FPKFPFVTYLYPE,18.829,7.801,29519.02
HLA-B*51:03,PKFPFVTYLYPEN,97.5,47.245,42586.78
HLA-B*51:03,KFPFVTYLYPENL,25.463,4.193,24675.9
HLA-B*51:03,FPFVTYLYPENLY,7.138,1.625,17632.48
HLA-B*51:03,PFVTYLYPENLYE,95.0,81.035,46273.77
HLA-B*51:03,FVTYLYPENLYED,95.0,63.37,44584.54
HLA-B*51:03,VTYLYPENLYEDS,97.5,71.748,45423.03
HLA-B*51:03,TYLYPENLYEDSI,52.407,17.494,35518.47
HLA-B*51:03,YLYPENLYEDSIK,45.0,31.224,39695.04
HLA-B*51:03,LYPENLYEDSIKY,21.553,24.5,37954.14
HLA-B*51:03,YPENLYEDSIKYN,23.632,25.326,38193.05
HLA-B*51:03,PENLYEDSIKYNQ,95.0,95.526,47918.99
HLA-B*51:03,ENLYEDSIKYNQG,91.667,88.963,47019.2
HLA-B*51:03,NLYEDSIKYNQGI,35.792,20.909,36810.77
HLA-B*51:03,LYEDSIKYNQGIR,88.333,66.122,44874.45
HLA-B*51:03,YEDSIKYNQGIRL,24.143,26.777,38588.09
HLA-B*51:03,EDSIKYNQGIRLG,56.75,71.263,45377.33
HLA-B*51:03,DSIKYNQGIRLGM,38.556,26.862,38610.64
HLA-B*51:03,SIKYNQGIRLGML,76.667,59.108,44109.53
HLA-B*51:03,IKYNQGIRLGMLI,51.111,14.629,34214.12
HLA-B*51:03,KYNQGIRLGMLIQ,93.333,62.834,44525.75
HLA-B*51:03,YNQGIRLGMLIQL,53.704,42.668,41885.78
HLA-B*51:03,NQGIRLGMLIQLV,66.364,37.578,41006.43
HLA-B*51:03,QGIRLGMLIQLVR,85.0,61.555,44385.76
HLA-B*51:03,GIRLGMLIQLVRA,97.5,70.527,45308.17
HLA-B*51:03,IRLGMLIQLVRAL,54.259,41.751,41734.68
HLA-B*51:03,RLGMLIQLVRALM,90.0,45.506,42329.07
HLA-B*51:03,LGMLIQLVRALMR,88.333,50.748,43075.24
HLA-B*51:03,GMLIQLVRALMRI,86.667,35.971,40697.03
HLA-B*51:03,MLIQLVRALMRIG,88.333,44.216,42128.03
HLA-B*51:03,LIQLVRALMRIGG,100.0,72.568,45500.26
HLA-B*51:03,IQLVRALMRIGGV,66.818,25.269,38176.95
HLA-B*51:03,QLVRALMRIGGVK,95.0,74.734,45705.0
HLA-B*51:03,LVRALMRIGGVKP,93.333,69.345,45193.6
HLA-B*51:03,VRALMRIGGVKPI,82.5,35.347,40572.61
HLA-B*51:03,RALMRIGGVKPIP,79.167,46.392,42461.18
HLA-B*51:03,ALMRIGGVKPIPE,97.5,77.752,45976.81
HLA-B*51:03,LMRIGGVKPIPET,85.0,68.858,45145.21
HLA-B*51:03,MRIGGVKPIPETD,93.333,73.606,45598.31
HLA-B*51:03,RIGGVKPIPETDE,100.0,97.313,48739.44
HLA-B*51:03,IGGVKPIPETDEG,74.286,67.382,44998.92
HLA-B*51:03,GGVKPIPETDEGD,100.0,96.937,48565.7
HLA-B*51:03,GVKPIPETDEGDR,86.667,96.485,48357.56
HLA-B*51:03,VKPIPETDEGDRD,100.0,96.926,48560.47
HLA-B*51:03,KPIPETDEGDRDV,11.744,21.567,37031.28
HLA-B*51:03,PIPETDEGDRDVE,100.0,97.179,48677.77
HLA-B*51:03,IPETDEGDRDVEK,69.091,84.211,46565.05
HLA-B*51:03,PETDEGDRDVEKL,66.364,91.4,47275.8
HLA-B*51:03,ETDEGDRDVEKLP,68.182,80.186,46196.21
HLA-B*51:03,TDEGDRDVEKLPN,95.0,95.726,48010.34
HLA-B*51:03,DEGDRDVEKLPNR,75.833,93.49,47510.13
HLA-B*51:03,EGDRDVEKLPNRE,95.0,96.343,48292.2
HLA-B*51:03,GDRDVEKLPNREA,81.25,86.405,46772.6
HLA-B*51:03,DRDVEKLPNREAT,80.0,85.726,46707.37
HLA-B*51:03,RDVEKLPNREATQ,93.333,95.399,47860.96
HLA-B*51:03,DVEKLPNREATQA,33.571,39.326,41327.14
HLA-B*51:03,VEKLPNREATQAV,37.737,29.634,39321.87
HLA-B*51:03,EKLPNREATQAVK,80.0,72.166,45462.36
HLA-B*51:03,KLPNREATQAVKQ,91.667,87.4,46868.34
HLA-B*51:03,LPNREATQAVKQL,12.491,11.423,32380.81
HLA-B*51:03,PNREATQAVKQLA,93.333,79.413,46126.29
HLA-B*51:03,NREATQAVKQLAK,88.333,83.773,46524.77
HLA-B*51:03,REATQAVKQLAKL,44.727,50.226,43008.62
HLA-B*51:03,EATQAVKQLAKLF,26.167,29.766,39353.35
HLA-B*51:03,ATQAVKQLAKLFL,69.091,57.708,43942.81
HLA-B*51:03,TQAVKQLAKLFLA,72.143,50.945,43100.39
HLA-B*51:03,QAVKQLAKLFLAR,80.0,64.069,44661.32
HLA-B*51:03,AVKQLAKLFLART,93.333,84.118,46556.49
HLA-B*51:03,VKQLAKLFLARTS,97.5,86.116,46744.76
HLA-B*51:03,KQLAKLFLARTSS,93.333,78.2,46017.12
HLA-B*51:03,QLAKLFLARTSSH,80.0,84.031,46548.45
HLA-B*51:03,LAKLFLARTSSHS,91.667,72.599,45503.19
HLA-B*51:03,AKLFLARTSSHSN,97.5,92.58,47407.94
HLA-B*51:03,KLFLARTSSHSNS,97.5,91.377,47273.23
HLA-B*51:03,LFLARTSSHSNSS,97.5,88.768,47000.38
HLA-B*51:03,FLARTSSHSNSSD,100.0,88.468,46971.41
HLA-B*51:03,LARTSSHSNSSDI,30.676,17.562,35546.54
HLA-B*51:03,ARTSSHSNSSDIQ,95.0,93.678,47531.21
HLA-B*51:03,RTSSHSNSSDIQL,56.25,64.802,44742.1
HLA-B*51:03,TSSHSNSSDIQLH,78.333,85.184,46655.34
HLA-B*51:03,SSHSNSSDIQLHR,74.286,83.751,46522.75
HLA-B*51:03,SHSNSSDIQLHRV,43.909,37.571,41005.11
HLA-B*51:03,HSNSSDIQLHRVT,70.0,69.316,45190.66
HLA-B*51:03,SNSSDIQLHRVTV,43.545,32.899,40068.31
HLA-B*51:03,NSSDIQLHRVTVV,26.733,16.742,35196.75
HLA-B*51:03,SSDIQLHRVTVVK,76.667,59.604,44168.74
HLA-B*51:03,SDIQLHRVTVVKL,34.038,37.838,41055.7
HLA-B*51:03,DIQLHRVTVVKLN,79.167,61.463,44375.68
HLA-B*51:03,IQLHRVTVVKLNL,46.667,39.139,41294.5
HLA-B*51:03,QLHRVTVVKLNLY,64.286,55.228,43649.01
HLA-B*51:03,LHRVTVVKLNLYN,93.333,67.17,44977.97
HLA-B*51:03,HRVTVVKLNLYNR,91.667,83.992,46544.9
HLA-B*51:03,RVTVVKLNLYNRP,95.0,82.355,46394.58
HLA-B*51:03,VTVVKLNLYNRPL,59.5,40.359,41505.03
HLA-B*51:03,TVVKLNLYNRPLG,95.0,68.632,45122.74
HLA-B*51:03,VVKLNLYNRPLGP,90.0,67.643,45024.72
HLA-B*51:03,VKLNLYNRPLGPL,81.25,46.361,42456.57
HLA-B*51:03,KLNLYNRPLGPLE,97.5,88.0,46926.17
HLA-B*51:03,LNLYNRPLGPLEA,81.25,53.454,43422.43
HLA-B*51:03,NLYNRPLGPLEAN,79.167,60.25,44243.38
HLA-B*51:03,LYNRPLGPLEANR,91.667,85.021,46639.67
HLA-B*51:03,YNRPLGPLEANRP,85.0,70.6,45315.04
HLA-B*51:03,NRPLGPLEANRPE,73.571,76.229,45840.23
HLA-B*51:03,RPLGPLEANRPEC,30.919,42.005,41775.8
HLA-B*51:03,PLGPLEANRPECG,100.0,95.818,48051.91
HLA-B*51:03,LGPLEANRPECGR,90.0,90.595,47185.85
HLA-B*51:03,GPLEANRPECGRL,26.283,29.622,39318.88
HLA-B*51:03,PLEANRPECGRLA,93.333,73.387,45577.61
HLA-B*51:03,LEANRPECGRLAV,39.765,8.527,30185.32
HLA-B*51:03,EANRPECGRLAVG,61.071,44.644,42196.0
HLA-B*51:03,ANRPECGRLAVGN,97.5,86.484,46780.2
HLA-B*51:03,NRPECGRLAVGNV,66.818,38.862,41244.95
HLA-B*51:03,RPECGRLAVGNVS,76.667,45.594,42342.36
HLA-B*51:03,PECGRLAVGNVSI,78.333,59.22,44122.9
HLA-B*51:03,ECGRLAVGNVSIT,83.75,70.819,45335.61
HLA-B*51:03,CGRLAVGNVSITD,100.0,78.433,46038.05
HLA-B*51:03,GRLAVGNVSITDR,97.5,94.89,47667.7
HLA-B*51:03,RLAVGNVSITDRI,70.0,34.738,40449.45
HLA-B*51:03,LAVGNVSITDRIC,83.75,50.722,43071.96
HLA-B*51:03,AVGNVSITDRICQ,95.0,94.918,47670.77
HLA-B*51:03,VGNVSITDRICQD,100.0,90.778,47206.27
HLA-B*51:03,GNVSITDRICQDI,91.667,59.536,44160.62
HLA-B*51:03,NVSITDRICQDII,65.909,31.03,39650.82
HLA-B*51:03,VSITDRICQDIIT,97.5,65.925,44855.03
HLA-B*51:03,SITDRICQDIITF,50.556,46.508,42478.18
HLA-B*51:03,ITDRICQDIITFN,86.667,67.387,44999.41
HLA-B*51:03,TDRICQDIITFNM,72.143,45.579,42340.07
HLA-B*51:03,DRICQDIITFNML,38.111,31.388,39732.43
HLA-B*51:03,RICQDIITFNMLP,95.0,63.484,44597.11
HLA-B*51:03,ICQDIITFNMLPL,72.143,35.558,40614.78
HLA-B*51:03,CQDIITFNMLPLL,68.636,17.072,35342.53
HLA-B*51:03,QDIITFNMLPLLG,85.0,48.484,42768.27
HLA-B*51:03,DIITFNMLPLLGQ,81.25,45.936,42394.17
HLA-B*51:03,IITFNMLPLLGQH,78.333,63.032,44547.44
HLA-B*51:03,ITFNMLPLLGQHY,51.852,28.719,39099.97
HLA-B*51:03,TFNMLPLLGQHYR,38.444,48.393,42755.3
HLA-B*51:03,FNMLPLLGQHYRR,64.643,54.391,43543.36
HLA-B*51:03,NMLPLLGQHYRRS,78.333,69.867,45245.45
HLA-B*51:03,MLPLLGQHYRRST,75.833,54.38,43541.95
HLA-B*51:03,LPLLGQHYRRSTG,60.714,25.449,38227.38
HLA-B*51:03,PLLGQHYRRSTGA,97.5,78.45,46039.53
HLA-B*51:03,LLGQHYRRSTGAR,95.0,82.716,46427.71
HLA-B*51:03,LGQHYRRSTGARA,86.667,63.098,44554.65
HLA-B*51:03,GQHYRRSTGARAA,75.833,76.179,45835.77
HLA-B*51:03,QHYRRSTGARAAG,93.333,69.262,45185.29
HLA-B*51:03,HYRRSTGARAAGV,90.0,66.201,44882.2
HLA-B*51:03,YRRSTGARAAGVP,95.0,69.783,45237.13
HLA-B*51:03,RRSTGARAAGVPE,95.0,91.272,47261.47
HLA-B*51:03,RSTGARAAGVPEF,59.25,59.068,44104.75
HLA-B*51:03,STGARAAGVPEFL,42.231,43.348,41994.24
HLA-B*51:03,TGARAAGVPEFLR,85.0,69.621,45221.0
HLA-B*51:03,GARAAGVPEFLRG,95.0,78.704,46062.46
HLA-B*51:03,ARAAGVPEFLRGT,91.667,88.4,46964.77
HLA-B*51:03,RAAGVPEFLRGTR,75.0,78.76,46067.45
HLA-B*51:03,AAGVPEFLRGTRL,33.5,27.152,38688.84
HLA-B*51:03,AGVPEFLRGTRLC,63.571,60.901,44314.28
HLA-B*51:03,GVPEFLRGTRLCQ,93.333,81.495,46315.84
HLA-B*51:03,VPEFLRGTRLCQG,63.214,37.11,40917.8
HLA-B*51:03,PEFLRGTRLCQGP,95.0,85.911,46725.05
HLA-B*51:03,EFLRGTRLCQGPV,70.0,29.444,39276.38
HLA-B*51:03,FLRGTRLCQGPVL,49.571,24.067,37826.63
HLA-B*51:03,LRGTRLCQGPVLH,91.667,78.693,46061.45
HLA-B*51:03,RGTRLCQGPVLHR,90.0,83.012,46454.85
HLA-B*51:03,GTRLCQGPVLHRG,97.5,88.689,46992.74
HLA-B*51:03,TRLCQGPVLHRGL,80.0,59.16,44115.73
HLA-B*51:03,RLCQGPVLHRGLN,97.5,82.196,46380.01
HLA-B*51:03,LCQGPVLHRGLNR,91.667,84.573,46598.33
HLA-B*51:03,CQGPVLHRGLNRV,72.857,46.05,42411.12
HLA-B*51:03,QGPVLHRGLNRVA,80.0,62.992,44543.1
HLA-B*51:03,GPVLHRGLNRVAA,57.0,42.978,41937.49
HLA-B*51:03,PVLHRGLNRVAAL,75.833,60.075,44224.21
HLA-B*51:03,VLHRGLNRVAALA,93.333,59.612,44169.71
HLA-B*51:03,LHRGLNRVAALAE,95.0,72.093,45455.47
HLA-B*51:03,HRGLNRVAALAEY,88.333,80.131,46191.21
HLA-B*51:03,RGLNRVAALAEYG,97.5,75.388,45764.88
HLA-B*51:03,GLNRVAALAEYGA,97.5,79.241,46110.82
HLA-B*51:03,LNRVAALAEYGAQ,100.0,83.127,46465.42
HLA-B*51:03,NRVAALAEYGAQI,45.6,26.593,38539.27
HLA-B*51:03,RVAALAEYGAQIK,86.667,68.258,45085.66
HLA-B*51:03,VAALAEYGAQIKD,88.333,62.75,44516.59
HLA-B*51:03,AALAEYGAQIKDG,86.667,78.627,46055.48
HLA-B*51:03,ALAEYGAQIKDGT,93.333,89.305,47052.27
HLA-B*51:03,LAEYGAQIKDGTS,97.5,85.853,46719.48
HLA-B*51:03,AEYGAQIKDGTSQ,75.833,89.963,47115.94
HLA-B*51:03,EYGAQIKDGTSQF,24.61,48.438,42761.79
HLA-B*51:03,YGAQIKDGTSQFA,51.296,45.47,42323.58
HLA-B*51:03,GAQIKDGTSQFAL,61.429,59.256,44127.2
HLA-B*51:03,AQIKDGTSQFALL,50.926,44.885,42234.36
HLA-B*51:03,QIKDGTSQFALLK,72.857,66.954,44956.57
HLA-B*51:03,IKDGTSQFALLKR,91.667,75.681,45791.16
HLA-B*51:03,KDGTSQFALLKRI,55.25,34.531,40406.56
HLA-B*51:03,DGTSQFALLKRIA,64.286,36.614,40821.84
HLA-B*51:03,GTSQFALLKRIAD,100.0,74.113,45646.21
HLA-B*51:03,TSQFALLKRIADN,97.5,71.2,45371.45
HLA-B*51:03,SQFALLKRIADNC,83.75,64.126,44667.6
HLA-B*51:03,QFALLKRIADNCD,100.0,93.166,47473.65
HLA-B*51:03,FALLKRIADNCDD,97.5,77.685,45970.85
HLA-B*51:03,ALLKRIADNCDDS,100.0,96.479,48354.94
HLA-B*51:03,LLKRIADNCDDSA,88.333,65.61,44823.98
HLA-B*51:03,LKRIADNCDDSAA,93.333,78.776,46068.94
HLA-B*51:03,KRIADNCDDSAAR,86.667,95.287,47810.24
HLA-B*51:03,RIADNCDDSAARL,59.25,65.63,44825.91
HLA-B*51:03,IADNCDDSAARLC,72.857,63.691,44619.78
HLA-B*51:03,ADNCDDSAARLCH,88.333,95.49,47902.4
HLA-B*51:03,DNCDDSAARLCHA,75.0,50.788,43080.36
HLA-B*51:03,NCDDSAARLCHAS,91.667,72.547,45498.29
HLA-B*51:03,CDDSAARLCHASD,100.0,77.082,45916.66
HLA-B*51:03,DDSAARLCHASDP,95.0,74.87,45717.89
HLA-B*51:03,DSAARLCHASDPA,79.167,35.742,40651.26
HLA-B*51:03,SAARLCHASDPAV,43.0,21.321,36949.65
HLA-B*51:03,AARLCHASDPAVT,88.333,67.426,45003.3
HLA-B*51:03,ARLCHASDPAVTE,65.909,87.379,46866.32
HLA-B*51:03,RLCHASDPAVTEG,93.333,88.163,46941.91
HLA-B*51:03,LCHASDPAVTEGT,97.5,91.592,47297.27
HLA-B*51:03,CHASDPAVTEGTE,91.667,71.795,45427.45
HLA-B*51:03,HASDPAVTEGTEQ,60.357,93.175,47474.66
HLA-B*51:03,ASDPAVTEGTEQL,21.447,45.597,42342.82
HLA-B*51:03,SDPAVTEGTEQLY,42.385,56.072,43748.78
HLA-B*51:03,DPAVTEGTEQLYR,31.588,44.744,42211.98
HLA-B*51:03,PAVTEGTEQLYRT,97.5,95.069,47711.55
HLA-B*51:03,AVTEGTEQLYRTG,95.0,93.175,47474.66
HLA-B*51:03,VTEGTEQLYRTGS,97.5,93.797,47544.58
HLA-B*51:03,TEGTEQLYRTGSG,95.0,84.031,46548.45
HLA-B*51:03,EGTEQLYRTGSGR,78.333,87.1,46839.46
HLA-B*51:03,GTEQLYRTGSGRR,97.5,95.73,48011.88
HLA-B*51:03,TEQLYRTGSGRRS,88.333,89.474,47068.56
HLA-B*51:03,EQLYRTGSGRRSW,54.074,43.464,42011.96
HLA-B*51:03,QLYRTGSGRRSWS,91.667,71.127,45364.57
HLA-B*51:03,LYRTGSGRRSWSI,68.636,28.685,39091.53
HLA-B*51:03,YRTGSGRRSWSIA,81.25,47.514,42626.89
HLA-B*51:03,RTGSGRRSWSIAV,68.182,40.755,41572.0
HLA-B*51:03,TGSGRRSWSIAVH,90.0,72.453,45489.43
HLA-B*51:03,GSGRRSWSIAVHA,83.75,59.384,44142.48
HLA-B*51:03,SGRRSWSIAVHAE,95.0,71.649,45413.69
HLA-B*51:03,GRRSWSIAVHAER,93.333,82.623,46419.18
HLA-B*51:03,RRSWSIAVHAERT,97.5,80.329,46209.2
HLA-B*51:03,RSWSIAVHAERTS,90.0,64.798,44741.61
HLA-B*51:03,SWSIAVHAERTSG,97.5,82.733,46429.24
HLA-B*51:03,WSIAVHAERTSGL,49.571,21.224,36917.68
HLA-B*51:03,SIAVHAERTSGLI,64.286,23.91,37778.36
HLA-B*51:03,IAVHAERTSGLIG,93.333,47.427,42613.98
HLA-B*51:03,AVHAERTSGLIGH,88.333,82.278,46387.55
HLA-B*51:03,VHAERTSGLIGHW,43.727,37.192,40933.3
HLA-B*51:03,HAERTSGLIGHWE,88.333,67.751,45035.44
HLA-B*51:03,AERTSGLIGHWEL,47.0,46.15,42425.81
HLA-B*51:03,ERTSGLIGHWELE,86.667,73.267,45566.27
HLA-B*51:03,RTSGLIGHWELEV,66.818,38.719,41218.62
HLA-B*51:03,TSGLIGHWELEVI,51.667,29.247,39229.21
HLA-B*51:03,SGLIGHWELEVID,91.667,67.618,45022.29
HLA-B*51:03,GLIGHWELEVIDL,86.667,69.582,45217.07
HLA-B*51:03,LIGHWELEVIDLF,54.259,29.295,39240.68
HLA-B*51:03,IGHWELEVIDLFS,91.667,60.356,44254.85
HLA-B*51:03,GHWELEVIDLFSL,53.889,44.408,42158.57
HLA-B*51:03,HWELEVIDLFSLT,80.0,59.28,44130.05
HLA-B*51:03,WELEVIDLFSLTI,32.548,6.546,28131.72
HLA-B*51:03,ELEVIDLFSLTIP,88.333,51.765,43205.45
HLA-B*51:03,LEVIDLFSLTIPY,69.545,26.691,38565.13
HLA-B*51:03,EVIDLFSLTIPYP,54.444,29.636,39322.28
HLA-B*51:03,VIDLFSLTIPYPE,95.0,68.863,45145.71
HLA-B*51:03,IDLFSLTIPYPEK,88.333,65.31,44794.41
HLA-B*51:03,DLFSLTIPYPEKR,35.792,53.895,43479.32
HLA-B*51:03,LFSLTIPYPEKRA,88.333,50.974,43104.14
HLA-B*51:03,FSLTIPYPEKRAN,49.0,37.604,41011.3
HLA-B*51:03,SLTIPYPEKRANA,77.5,57.28,43891.97
HLA-B*51:03,LTIPYPEKRANAG,90.0,54.384,43542.4
HLA-B*51:03,TIPYPEKRANAGV,28.918,13.827,33811.88
HLA-B*51:03,IPYPEKRANAGVE,29.932,15.586,34670.62
HLA-B*51:03,PYPEKRANAGVER,77.5,81.966,46358.96
HLA-B*51:03,YPEKRANAGVERA,28.633,19.844,36426.86
HLA-B*51:03,PEKRANAGVERAG,100.0,96.3,48272.87
HLA-B*51:03,EKRANAGVERAGC,97.5,93.408,47500.88
HLA-B*51:03,KRANAGVERAGCI,75.0,53.931,43484.03
HLA-B*51:03,RANAGVERAGCIK,88.333,73.523,45590.43
HLA-B*51:03,ANAGVERAGCIKV,61.071,60.351,44254.36
HLA-B*51:03,NAGVERAGCIKVK,90.0,71.608,45409.76
HLA-B*51:03,AGVERAGCIKVKA,77.5,74.087,45643.74
HLA-B*51:03,GVERAGCIKVKAA,93.333,86.8,46810.56
HLA-B*51:03,VERAGCIKVKAAN,93.333,83.324,46483.53
HLA-B*51:03,ERAGCIKVKAANG,97.5,94.446,47617.68
HLA-B*51:03,RAGCIKVKAANGL,60.0,53.793,43466.14
HLA-B*51:03,AGCIKVKAANGLW,82.5,60.048,44221.36
HLA-B*51:03,GCIKVKAANGLWP,97.5,86.558,46787.26
HLA-B*51:03,CIKVKAANGLWPG,97.5,59.444,44149.63
HLA-B*51:03,IKVKAANGLWPGL,55.0,42.376,41837.32
HLA-B*51:03,KVKAANGLWPGLI,77.5,41.447,41685.51
HLA-B*51:03,VKAANGLWPGLIP,91.667,55.492,43680.18
HLA-B*51:03,KAANGLWPGLIPT,85.0,60.606,44282.17
HLA-B*51:03,AANGLWPGLIPTA,49.429,45.458,42321.75
HLA-B*51:03,ANGLWPGLIPTAK,68.636,72.401,45484.5
HLA-B*51:03,NGLWPGLIPTAKS,91.667,70.094,45267.48
HLA-B*51:03,GLWPGLIPTAKSL,46.222,25.65,38283.68
HLA-B*51:03,LWPGLIPTAKSLG,85.0,49.3,42883.19
HLA-B*51:03,WPGLIPTAKSLGE,64.643,31.177,39684.31
HLA-B*51:03,PGLIPTAKSLGEY,80.0,70.611,45316.0
HLA-B*51:03,GLIPTAKSLGEYI,50.0,22.675,37387.99
HLA-B*51:03,LIPTAKSLGEYIA,81.25,48.448,42763.16
HLA-B*51:03,IPTAKSLGEYIAG,59.75,26.372,38480.51
HLA-B*51:03,PTAKSLGEYIAGN,100.0,95.318,47824.21
HLA-B*51:03,TAKSLGEYIAGNP,69.091,58.02,43979.92
HLA-B*51:03,AKSLGEYIAGNPT,95.0,80.082,46186.71
HLA-B*51:03,KSLGEYIAGNPTF,45.6,40.269,41489.77
HLA-B*51:03,SLGEYIAGNPTFQ,90.0,69.719,45230.77
HLA-B*51:03,LGEYIAGNPTFQI,37.684,18.14,35783.08
HLA-B*51:03,GEYIAGNPTFQII,36.619,20.196,36555.18
HLA-B*51:03,EYIAGNPTFQIIL,35.542,33.179,40127.3
HLA-B*51:03,YIAGNPTFQIILG,69.545,17.667,35590.43
HLA-B*51:03,IAGNPTFQIILGA,51.852,24.656,38000.16
HLA-B*51:03,AGNPTFQIILGAG,90.0,66.476,44909.42
HLA-B*51:03,GNPTFQIILGAGY,67.727,43.396,42001.5
HLA-B*51:03,NPTFQIILGAGYG,67.273,23.985,37802.07
HLA-B*51:03,PTFQIILGAGYGM,90.0,58.648,44054.69
HLA-B*51:03,TFQIILGAGYGML,83.75,52.98,43361.4
HLA-B*51:03,FQIILGAGYGMLV,56.75,19.339,36237.79
HLA-B*51:03,QIILGAGYGMLVM,69.545,46.085,42416.18
HLA-B*51:03,IILGAGYGMLVME,97.5,76.368,45852.62
HLA-B*51:03,ILGAGYGMLVMEV,78.333,43.857,42072.02
HLA-B*51:03,LGAGYGMLVMEVP,95.0,58.248,44007.04
HLA-B*51:03,GAGYGMLVMEVPD,100.0,88.911,47014.11
HLA-B*51:03,AGYGMLVMEVPDM,72.857,55.232,43649.49
HLA-B*51:03,GYGMLVMEVPDML,69.091,38.145,41113.04
HLA-B*51:03,YGMLVMEVPDMLA,64.643,16.969,35298.57
HLA-B*51:03,GMLVMEVPDMLAE,95.0,83.204,46472.44
HLA-B*51:03,MLVMEVPDMLAEK,80.0,57.384,43904.31
HLA-B*51:03,LVMEVPDMLAEKE,91.667,65.91,44853.59
HLA-B*51:03,VMEVPDMLAEKEI,57.0,20.818,36778.14
HLA-B*51:03,MEVPDMLAEKEIE,80.0,45.842,42379.95
HLA-B*51:03,EVPDMLAEKEIED,91.667,73.732,45610.16
HLA-B*51:03,VPDMLAEKEIEDS,73.571,53.702,43454.4
HLA-B*51:03,PDMLAEKEIEDSP,97.5,91.555,47293.18
HLA-B*51:03,DMLAEKEIEDSPA,82.5,56.96,43854.0
HLA-B*51:03,MLAEKEIEDSPAP,65.909,57.516,43920.0
HLA-B*51:03,LAEKEIEDSPAPQ,95.0,88.6,46984.1
HLA-B*51:03,AEKEIEDSPAPQC,54.815,87.005,46830.34
HLA-B*51:03,EKEIEDSPAPQCA,66.818,79.751,46156.75
HLA-B*51:03,KEIEDSPAPQCAE,86.667,92.351,47382.29
HLA-B*51:03,EIEDSPAPQCAEH,46.556,70.872,45340.53
HLA-B*51:03,IEDSPAPQCAEHL,17.808,37.995,41085.48
HLA-B*51:03,EDSPAPQCAEHLD,65.455,59.196,44120.03
HLA-B*51:03,DSPAPQCAEHLDT,73.571,64.657,44726.12
HLA-B*51:03,SPAPQCAEHLDTQ,60.714,60.141,44231.39
HLA-B*51:03,PAPQCAEHLDTQA,90.0,77.597,45962.88
HLA-B*51:03,APQCAEHLDTQAA,38.111,30.58,39545.43
HLA-B*51:03,PQCAEHLDTQAAI,72.857,38.01,41088.15
HLA-B*51:03,QCAEHLDTQAAIA,85.0,60.391,44258.67
HLA-B*51:03,CAEHLDTQAAIAV,61.429,21.937,37154.5
HLA-B*51:03,AEHLDTQAAIAVT,78.333,64.692,44729.98
HLA-B*51:03,EHLDTQAAIAVTD,81.25,61.081,44333.92
HLA-B*51:03,HLDTQAAIAVTDA,91.667,73.591,45596.84
HLA-B*51:03,LDTQAAIAVTDAK,82.5,64.266,44683.07
HLA-B*51:03,DTQAAIAVTDAKN,97.5,78.189,46016.14
HLA-B*51:03,TQAAIAVTDAKNN,97.5,88.021,46928.23
HLA-B*51:03,QAAIAVTDAKNNA,54.259,63.787,44630.4
HLA-B*51:03,AAIAVTDAKNNAP,75.0,64.424,44700.48
HLA-B*51:03,AIAVTDAKNNAPE,100.0,95.903,48090.94
HLA-B*51:03,IAVTDAKNNAPET,66.364,77.813,45982.29
HLA-B*51:03,AVTDAKNNAPETQ,95.0,96.782,48494.32
HLA-B*51:03,VTDAKNNAPETQA,63.929,75.105,45739.65
HLA-B*51:03,TDAKNNAPETQAE,85.0,95.22,47779.73
HLA-B*51:03,DAKNNAPETQAEF,8.081,16.469,35074.71
HLA-B*51:03,AKNNAPETQAEFA,68.636,69.198,45178.94
HLA-B*51:03,KNNAPETQAEFAG,93.333,90.014,47121.05
HLA-B*51:03,NNAPETQAEFAGQ,86.667,86.411,46773.11
HLA-B*51:03,NAPETQAEFAGQK,50.741,63.743,44625.56
HLA-B*51:03,APETQAEFAGQKF,25.851,50.558,43051.0
HLA-B*51:03,PETQAEFAGQKFE,93.333,92.008,47343.87
HLA-B*51:03,ETQAEFAGQKFEA,68.636,49.869,42961.66
HLA-B*51:03,TQAEFAGQKFEAM,48.875,35.817,40666.23
HLA-B*51:03,QAEFAGQKFEAMD,93.333,77.935,45993.24
HLA-B*51:03,AEFAGQKFEAMDR,78.333,78.511,46045.03
HLA-B*51:03,EFAGQKFEAMDRP,81.25,64.697,44730.47
HLA-B*51:03,FAGQKFEAMDRPE,88.333,73.34,45573.18
HLA-B*51:03,AGQKFEAMDRPEQ,91.667,95.649,47975.02
HLA-B*51:03,GQKFEAMDRPEQK,79.167,91.743,47314.17
HLA-B*51:03,QKFEAMDRPEQKY,47.375,71.221,45373.41
HLA-B*51:03,KFEAMDRPEQKYM,61.429,52.768,43334.2
HLA-B*51:03,FEAMDRPEQKYMG,76.667,63.269,44573.47
HLA-B*51:03,EAMDRPEQKYMGQ,51.296,64.143,44669.53
HLA-B*51:03,AMDRPEQKYMGQK,91.667,91.299,47264.52
HLA-B*51:03,MDRPEQKYMGQKS,88.333,80.515,46226.22
HLA-B*51:03,DRPEQKYMGQKSN,95.0,92.049,47348.48
HLA-B*51:03,RPEQKYMGQKSNH,64.643,87.647,46892.17
HLA-B*51:03,PEQKYMGQKSNHS,97.5,96.044,48155.49
HLA-B*51:03,EQKYMGQKSNHSR,74.286,92.036,47346.95
HLA-B*51:03,QKYMGQKSNHSRG,97.5,94.254,47596.06
HLA-B*51:03,KYMGQKSNHSRGQ,97.5,96.46,48346.05
HLA-B*51:03,YMGQKSNHSRGQM,66.364,53.308,43403.65
HLA-B*51:03,MGQKSNHSRGQMN,95.0,82.432,46401.61
HLA-B*51:03,GQKSNHSRGQMNV,70.0,70.684,45322.87
HLA-B*51:03,QKSNHSRGQMNVR,95.0,91.519,47289.09
HLA-B*51:03,KSNHSRGQMNVRG,100.0,90.279,47150.62
HLA-B*51:03,SNHSRGQMNVRGD,100.0,94.648,47640.34
HLA-B*51:03,NHSRGQMNVRGDI,70.714,38.23,41128.63
HLA-B*51:03,HSRGQMNVRGDIS,97.5,78.488,46043.04
HLA-B*51:03,SRGQMNVRGDISY,82.5,75.305,45757.47
HLA-B*51:03,RGQMNVRGDISYM,75.833,54.661,43578.22
HLA-B*51:03,GQMNVRGDISYMD,95.0,74.024,45637.82
HLA-B*51:03,QMNVRGDISYMDL,50.741,53.235,43394.27
HLA-B*51:03,MNVRGDISYMDLE,95.0,69.38,45197.01
HLA-B*51:03,NVRGDISYMDLED,97.5,83.478,46497.59
HLA-B*51:03,VRGDISYMDLEDV,80.0,42.095,41790.73
HLA-B*51:03,RGDISYMDLEDVC,83.75,77.248,45931.58
HLA-B*51:03,GDISYMDLEDVCA,95.0,69.69,45227.83
HLA-B*51:03,DISYMDLEDVCAR,88.333,71.9,45437.27
HLA-B*51:03,ISYMDLEDVCARE,95.0,68.558,45115.44
HLA-B*51:03,SYMDLEDVCAREH,86.667,81.369,46304.31
HLA-B*51:03,YMDLEDVCAREHS,95.0,74.447,45677.84
HLA-B*51:03,MDLEDVCAREHSY,52.963,49.542,42916.58
HLA-B*51:03,DLEDVCAREHSYD,91.667,80.52,46226.73
HLA-B*51:03,LEDVCAREHSYDV,44.364,23.879,37768.57
HLA-B*51:03,EDVCAREHSYDVT,85.0,73.147,45554.93
HLA-B*51:03,DVCAREHSYDVTV,23.782,14.108,33959.63
HLA-B*51:03,VCAREHSYDVTVL,70.714,43.14,41962.43
HLA-B*51:03,CAREHSYDVTVLT,79.167,33.202,40132.08
HLA-B*51:03,AREHSYDVTVLTG,95.0,71.827,45430.38
HLA-B*51:03,REHSYDVTVLTGN,95.0,79.291,46115.31
HLA-B*51:03,EHSYDVTVLTGND,97.5,83.368,46487.54
HLA-B*51:03,HSYDVTVLTGNDI,20.74,10.165,31497.91
HLA-B*51:03,SYDVTVLTGNDID,91.667,69.409,45199.95
HLA-B*51:03,YDVTVLTGNDIDL,70.714,51.648,43190.49
HLA-B*51:03,DVTVLTGNDIDLV,54.63,18.491,35916.92
HLA-B*51:03,VTVLTGNDIDLVP,85.0,60.905,44314.74
HLA-B*51:03,TVLTGNDIDLVPA,90.0,57.096,43870.12
HLA-B*51:03,VLTGNDIDLVPAA,70.714,59.192,44119.55
HLA-B*51:03,LTGNDIDLVPAAL,54.074,39.972,41439.53
HLA-B*51:03,TGNDIDLVPAALG,79.167,61.793,44411.7
HLA-B*51:03,GNDIDLVPAALGS,97.5,92.479,47396.66
HLA-B*51:03,NDIDLVPAALGSE,72.143,80.033,46182.21
HLA-B*51:03,DIDLVPAALGSEK,59.0,58.708,44061.82
HLA-B*51:03,IDLVPAALGSEKK,83.75,82.037,46365.48
HLA-B*51:03,DLVPAALGSEKKL,21.447,26.388,38484.68
HLA-B*51:03,LVPAALGSEKKLD,93.333,61.002,44325.29
HLA-B*51:03,VPAALGSEKKLDY,25.104,25.027,38109.27
HLA-B*51:03,PAALGSEKKLDYG,97.5,95.0,47680.05
HLA-B*51:03,AALGSEKKLDYGV,62.143,44.908,42238.04
HLA-B*51:03,ALGSEKKLDYGVG,100.0,94.071,47575.44
HLA-B*51:03,LGSEKKLDYGVGE,97.5,92.708,47422.31
HLA-B*51:03,GSEKKLDYGVGES,100.0,95.609,47956.86
HLA-B*51:03,SEKKLDYGVGESG,86.667,76.235,45840.71
HLA-B*51:03,EKKLDYGVGESGV,85.0,70.235,45280.71
HLA-B*51:03,KKLDYGVGESGVE,95.0,94.703,47646.55
HLA-B*51:03,KLDYGVGESGVEG,97.5,93.468,47507.56
HLA-B*51:03,LDYGVGESGVEGE,93.333,89.121,47034.46
HLA-B*51:03,DYGVGESGVEGEL,38.167,50.755,43076.16
HLA-B*51:03,YGVGESGVEGELI,47.5,24.136,37847.11
HLA-B*51:03,GVGESGVEGELIS,97.5,94.689,47644.98
HLA-B*51:03,VGESGVEGELIST,95.0,89.832,47103.21
HLA-B*51:03,GESGVEGELISTL,37.632,57.34,43899.07
HLA-B*51:03,ESGVEGELISTLP,53.148,58.736,44065.18
HLA-B*51:03,SGVEGELISTLPK,67.273,69.119,45171.1
HLA-B*51:03,GVEGELISTLPKS,95.0,92.091,47353.09
HLA-B*51:03,VEGELISTLPKSI,28.878,25.381,38208.35
HLA-B*51:03,EGELISTLPKSIC,83.75,63.866,44639.09
HLA-B*51:03,GELISTLPKSICQ,93.333,77.697,45971.83
HLA-B*51:03,ELISTLPKSICQE,83.75,70.694,45323.86
HLA-B*51:03,LISTLPKSICQEE,69.545,68.967,45155.96
HLA-B*51:03,ISTLPKSICQEEE,97.5,92.489,47397.7
HLA-B*51:03,STLPKSICQEEEN,97.5,90.224,47144.51
HLA-B*51:03,TLPKSICQEEENA,78.333,56.748,43828.84
HLA-B*51:03,LPKSICQEEENAS,57.75,41.749,41734.25
HLA-B*51:03,PKSICQEEENASV,86.667,75.277,45754.99
HLA-B*51:03,KSICQEEENASVG,86.667,73.001,45541.12
HLA-B*51:03,SICQEEENASVGE,95.0,94.511,47624.89
HLA-B*51:03,ICQEEENASVGEA,90.0,74.885,45719.36
HLA-B*51:03,CQEEENASVGEAF,63.929,46.345,42454.28
HLA-B*51:03,QEEENASVGEAFK,71.429,81.183,46287.29
HLA-B*51:03,EEENASVGEAFKW,24.636,33.202,40132.08
HLA-B*51:03,EENASVGEAFKWH,57.25,59.404,44144.85
HLA-B*51:03,ENASVGEAFKWHV,25.567,24.99,38098.95
HLA-B*51:03,NASVGEAFKWHVI,17.254,8.525,30184.02
HLA-B*51:03,ASVGEAFKWHVIQ,86.667,63.352,44582.61
HLA-B*51:03,SVGEAFKWHVIQG,91.667,64.13,44668.09
HLA-B*51:03,VGEAFKWHVIQGQ,83.75,71.331,45383.73
HLA-B*51:03,GEAFKWHVIQGQV,47.0,20.122,36528.69
HLA-B*51:03,EAFKWHVIQGQVI,4.336,1.62,17610.94
HLA-B*51:03,AFKWHVIQGQVIE,93.333,77.863,45986.77
HLA-B*51:03,FKWHVIQGQVIEK,71.429,57.168,43878.67
HLA-B*51:03,KWHVIQGQVIEKV,70.714,54.406,43545.23
HLA-B*51:03,WHVIQGQVIEKVL,74.286,47.811,42671.21
HLA-B*51:03,HVIQGQVIEKVLD,86.667,82.043,46365.98
HLA-B*51:03,VIQGQVIEKVLDP,90.0,84.392,46581.69
HLA-B*51:03,IQGQVIEKVLDPN,97.5,88.432,46967.83
HLA-B*51:03,QGQVIEKVLDPNS,97.5,95.968,48120.59
HLA-B*51:03,GQVIEKVLDPNSH,90.0,95.903,48090.94
HLA-B*51:03,QVIEKVLDPNSHA,46.556,57.312,43895.76
HLA-B*51:03,VIEKVLDPNSHAK,69.545,84.65,46605.39
HLA-B*51:03,IEKVLDPNSHAKR,78.333,89.753,47095.56
HLA-B*51:03,EKVLDPNSHAKRA,33.821,46.103,42418.95
HLA-B*51:03,KVLDPNSHAKRAD,95.0,94.748,47651.68
HLA-B*51:03,VLDPNSHAKRADC,78.333,83.193,46471.45
HLA-B*51:03,LDPNSHAKRADCK,91.667,86.732,46803.98
HLA-B*51:03,DPNSHAKRADCKP,39.353,40.362,41505.48
HLA-B*51:03,PNSHAKRADCKPK,100.0,96.1,48181.02
HLA-B*51:03,NSHAKRADCKPKE,97.5,95.493,47903.97
HLA-B*51:03,SHAKRADCKPKER,82.5,94.629,47638.29
HLA-B*51:03,HAKRADCKPKERV,40.938,54.522,43560.32
HLA-B*51:03,AKRADCKPKERVG,97.5,96.241,48245.7
HLA-B*51:03,KRADCKPKERVGV,80.0,81.495,46315.84
HLA-B*51:03,RADCKPKERVGVL,31.441,30.332,39487.28
HLA-B*51:03,ADCKPKERVGVLN,76.667,80.915,46262.76
HLA-B*51:03,DCKPKERVGVLNK,60.357,75.094,45738.65
HLA-B*51:03,CKPKERVGVLNKN,97.5,82.152,46376.0
HLA-B*51:03,KPKERVGVLNKNT,73.571,80.022,46181.23
HLA-B*51:03,PKERVGVLNKNTL,78.333,74.885,45719.36
HLA-B*51:03,KERVGVLNKNTLK,85.0,82.908,46445.29
HLA-B*51:03,ERVGVLNKNTLKE,90.0,90.018,47121.56
HLA-B*51:03,RVGVLNKNTLKEK,95.0,94.442,47617.15
HLA-B*51:03,VGVLNKNTLKEKK,86.667,94.666,47642.43
HLA-B*51:03,GVLNKNTLKEKKE,100.0,97.747,48940.77
HLA-B*51:03,VLNKNTLKEKKEA,90.0,82.864,46441.28
HLA-B*51:03,LNKNTLKEKKEAW,68.182,71.858,45433.34
HLA-B*51:03,NKNTLKEKKEAWQ,95.0,96.12,48190.41
HLA-B*51:03,KNTLKEKKEAWQT,95.0,95.11,47730.14
HLA-B*51:03,NTLKEKKEAWQTL,25.313,30.828,39603.68
HLA-B*51:03,TLKEKKEAWQTLT,83.75,81.046,46274.75
HLA-B*51:03,LKEKKEAWQTLTG,95.0,73.867,45622.99
HLA-B*51:03,KEKKEAWQTLTGN,93.333,83.05,46458.38
HLA-B*51:03,EKKEAWQTLTGNS,85.0,89.447,47066.02
HLA-B*51:03,KKEAWQTLTGNST,95.0,82.3,46389.55
HLA-B*51:03,KEAWQTLTGNSTG,95.0,67.657,45026.18
HLA-B*51:03,EAWQTLTGNSTGL,17.912,14.253,34030.27
HLA-B*51:03,AWQTLTGNSTGLR,97.5,89.474,47068.56
HLA-B*51:03,WQTLTGNSTGLRQ,95.0,81.517,46317.84
HLA-B*51:03,QTLTGNSTGLRQQ,95.0,95.404,47863.55
HLA-B*51:03,TLTGNSTGLRQQD,100.0,95.872,48076.89
HLA-B*51:03,LTGNSTGLRQQDG,100.0,95.711,48003.06
HLA-B*51:03,TGNSTGLRQQDGK,86.667,95.898,48088.83
HLA-B*51:03,GNSTGLRQQDGKT,100.0,97.037,48611.99
HLA-B*51:03,NSTGLRQQDGKTF,40.5,52.619,43314.98
HLA-B*51:03,STGLRQQDGKTFP,77.5,85.153,46652.3
HLA-B*51:03,TGLRQQDGKTFPS,93.333,84.299,46573.12
HLA-B*51:03,GLRQQDGKTFPSN,97.5,95.481,47898.26
HLA-B*51:03,LRQQDGKTFPSNL,63.929,61.138,44340.18
HLA-B*51:03,RQQDGKTFPSNLS,78.333,89.179,47040.04
HLA-B*51:03,QQDGKTFPSNLSM,25.731,26.455,38502.58
HLA-B*51:03,QDGKTFPSNLSMI,56.75,37.412,40974.95
HLA-B*51:03,DGKTFPSNLSMIM,19.514,7.936,29649.62
HLA-B*51:03,GKTFPSNLSMIME,88.333,55.756,43711.41
HLA-B*51:03,KTFPSNLSMIMES,76.667,40.431,41517.15
HLA-B*51:03,TFPSNLSMIMESF,35.458,9.703,31165.02
HLA-B*51:03,FPSNLSMIMESFM,13.249,1.241,15748.09
HLA-B*51:03,PSNLSMIMESFMG,100.0,76.445,45859.57
HLA-B*51:03,SNLSMIMESFMGL,57.25,24.311,37898.32
HLA-B*51:03,NLSMIMESFMGLV,79.167,22.585,37359.7
HLA-B*51:03,LSMIMESFMGLVA,90.0,19.634,36348.12
HLA-B*51:03,SMIMESFMGLVAV,43.455,13.652,33715.44
HLA-B*51:03,MIMESFMGLVAVQ,86.667,29.096,39193.16
HLA-B*51:03,IMESFMGLVAVQI,65.0,19.7,36372.91
HLA-B*51:03,MESFMGLVAVQIG,85.0,25.493,38239.78
HLA-B*51:03,ESFMGLVAVQIGA,42.769,23.933,37785.72
HLA-B*51:03,SFMGLVAVQIGAL,75.833,44.187,42123.49
HLA-B*51:03,FMGLVAVQIGALL,33.464,18.931,36085.18
HLA-B*51:03,MGLVAVQIGALLT,75.0,34.275,40353.7
HLA-B*51:03,GLVAVQIGALLTK,82.5,79.358,46121.32
HLA-B*51:03,LVAVQIGALLTKP,93.333,66.063,44868.63
HLA-B*51:03,VAVQIGALLTKPE,88.333,67.904,45050.54
HLA-B*51:03,AVQIGALLTKPEH,91.667,92.475,47396.14
HLA-B*51:03,VQIGALLTKPEHK,76.667,83.138,46466.41
HLA-B*51:03,QIGALLTKPEHKK,93.333,95.91,48094.04
HLA-B*51:03,IGALLTKPEHKKQ,93.333,95.257,47796.8
HLA-B*51:03,GALLTKPEHKKQK,88.333,96.143,48200.85
HLA-B*51:03,ALLTKPEHKKQKP,73.571,92.045,47347.96
HLA-B*51:03,LLTKPEHKKQKPV,65.455,48.805,42814.1
HLA-B*51:03,LTKPEHKKQKPVT,88.333,82.366,46395.59
HLA-B*51:03,TKPEHKKQKPVTK,82.5,95.006,47682.64
HLA-B*51:03,KPEHKKQKPVTKM,20.073,51.915,43224.62
HLA-B*51:03,PEHKKQKPVTKMI,62.5,68.322,45091.99
HLA-B*51:03,EHKKQKPVTKMIA,53.333,68.627,45122.28
HLA-B*51:03,HKKQKPVTKMIAA,35.333,27.014,38651.18
HLA-B*51:03,KKQKPVTKMIAAE,91.667,88.589,46983.07
HLA-B*51:03,KQKPVTKMIAAEL,47.875,50.996,43106.92
HLA-B*51:03,QKPVTKMIAAELE,72.143,70.892,45342.48
HLA-B*51:03,KPVTKMIAAELES,70.0,59.736,44184.52
HLA-B*51:03,PVTKMIAAELESK,100.0,95.133,47740.46
HLA-B*51:03,VTKMIAAELESKV,29.795,27.83,38874.29
HLA-B*51:03,TKMIAAELESKVK,83.75,74.614,45693.63
HLA-B*51:03,KMIAAELESKVKL,47.125,51.404,43159.19
HLA-B*51:03,MIAAELESKVKLD,66.364,63.656,44615.92
HLA-B*51:03,IAAELESKVKLDG,76.667,76.351,45851.14
HLA-B*51:03,AAELESKVKLDGE,86.667,95.278,47806.11
HLA-B*51:03,AELESKVKLDGEM,40.812,58.616,44050.86
HLA-B*51:03,ELESKVKLDGEML,57.25,61.437,44372.79
HLA-B*51:03,LESKVKLDGEMLI,32.323,17.269,35424.45
HLA-B*51:03,ESKVKLDGEMLIE,66.818,58.68,44058.5
HLA-B*51:03,SKVKLDGEMLIEL,50.37,59.144,44113.83
HLA-B*51:03,KVKLDGEMLIELL,68.182,60.286,44247.2
HLA-B*51:03,VKLDGEMLIELLA,67.273,37.525,40996.23
HLA-B*51:03,KLDGEMLIELLAV,78.333,47.372,42605.68
HLA-B*51:03,LDGEMLIELLAVD,97.5,66.462,44907.97
HLA-B*51:03,DGEMLIELLAVDI,55.0,27.945,38905.86
HLA-B*51:03,GEMLIELLAVDIR,93.333,66.255,44887.56
HLA-B*51:03,EMLIELLAVDIRH,88.333,74.541,45686.73
HLA-B*51:03,MLIELLAVDIRHD,97.5,63.172,44562.84
HLA-B*51:03,LIELLAVDIRHDV,42.923,31.661,39794.82
HLA-B*51:03,IELLAVDIRHDVF,62.5,37.354,40963.85
HLA-B*51:03,ELLAVDIRHDVFI,41.583,22.819,37433.74
HLA-B*51:03,LLAVDIRHDVFIS,97.5,64.183,44673.88
HLA-B*51:03,LAVDIRHDVFISD,76.667,44.759,42214.27
HLA-B*51:03,AVDIRHDVFISDR,95.0,89.384,47059.91
HLA-B*51:03,VDIRHDVFISDRG,97.5,84.419,46584.21
HLA-B*51:03,DIRHDVFISDRGG,97.5,75.908,45811.45
HLA-B*51:03,IRHDVFISDRGGE,90.0,90.576,47183.81
HLA-B*51:03,RHDVFISDRGGER,91.667,89.911,47110.87
HLA-B*51:03,HDVFISDRGGERM,53.333,52.071,43244.75
HLA-B*51:03,DVFISDRGGERMD,85.0,68.41,45100.78
HLA-B*51:03,VFISDRGGERMDL,79.167,73.163,45556.39
HLA-B*51:03,FISDRGGERMDLK,83.75,79.668,46149.25
HLA-B*51:03,ISDRGGERMDLKG,90.0,89.942,47113.91
HLA-B*51:03,SDRGGERMDLKGL,73.571,78.704,46062.46
HLA-B*51:03,DRGGERMDLKGLH,91.667,92.054,47349.0
HLA-B*51:03,RGGERMDLKGLHE,95.0,93.605,47522.97
HLA-B*51:03,GGERMDLKGLHEN,100.0,95.856,48069.6
HLA-B*51:03,GERMDLKGLHENQ,95.0,95.645,47972.95
HLA-B*51:03,ERMDLKGLHENQM,54.444,61.217,44348.82
HLA-B*51:03,RMDLKGLHENQMV,67.727,50.894,43093.89
HLA-B*51:03,MDLKGLHENQMVQ,82.5,67.8,45040.32
HLA-B*51:03,DLKGLHENQMVQF,36.381,42.58,41871.28
HLA-B*51:03,LKGLHENQMVQFV,53.704,36.316,40764.01
HLA-B*51:03,KGLHENQMVQFVA,91.667,57.236,43886.73
HLA-B*51:03,GLHENQMVQFVAD,97.5,78.666,46058.96
HLA-B*51:03,LHENQMVQFVADS,97.5,74.353,45668.94
HLA-B*51:03,HENQMVQFVADSN,93.333,76.124,45830.8
HLA-B*51:03,ENQMVQFVADSNE,88.333,82.519,46409.63
HLA-B*51:03,NQMVQFVADSNEL,52.778,29.416,39269.56
HLA-B*51:03,QMVQFVADSNELA,77.5,53.891,43478.84
HLA-B*51:03,MVQFVADSNELAV,32.613,11.158,32205.74
HLA-B*51:03,VQFVADSNELAVI,43.273,16.535,35103.95
HLA-B*51:03,QFVADSNELAVIC,86.667,74.066,45641.77
HLA-B*51:03,FVADSNELAVICK,78.333,56.972,43855.41
HLA-B*51:03,VADSNELAVICKM,39.412,26.432,38496.35
HLA-B*51:03,ADSNELAVICKMA,90.0,61.894,44422.75
HLA-B*51:03,DSNELAVICKMAN,86.667,54.53,43561.25
HLA-B*51:03,SNELAVICKMANT,97.5,76.379,45853.62
HLA-B*51:03,NELAVICKMANTW,40.75,23.911,37778.78
HLA-B*51:03,ELAVICKMANTWA,90.0,62.803,44522.36
HLA-B*51:03,LAVICKMANTWAD,97.5,42.973,41936.57
HLA-B*51:03,AVICKMANTWADK,97.5,78.439,46038.55
HLA-B*51:03,VICKMANTWADKA,86.667,60.22,44240.01
HLA-B*51:03,ICKMANTWADKAN,100.0,83.505,46500.11
HLA-B*51:03,CKMANTWADKANN,100.0,77.713,45973.34
HLA-B*51:03,KMANTWADKANNT,100.0,90.005,47120.04
HLA-B*51:03,MANTWADKANNTS,78.333,52.418,43289.2
HLA-B*51:03,ANTWADKANNTSG,100.0,93.253,47483.39
HLA-B*51:03,NTWADKANNTSGA,79.167,48.964,42836.8
HLA-B*51:03,TWADKANNTSGAD,100.0,93.156,47472.61
HLA-B*51:03,WADKANNTSGADQ,95.0,85.484,46684.12
HLA-B*51:03,ADKANNTSGADQD,100.0,97.38,48770.56
HLA-B*51:03,DKANNTSGADQDY,75.833,89.558,47076.7
HLA-B*51:03,KANNTSGADQDYD,97.5,94.209,47590.91
HLA-B*51:03,ANNTSGADQDYDA,97.5,94.57,47631.59
HLA-B*51:03,NNTSGADQDYDAR,91.667,95.66,47980.22
HLA-B*51:03,NTSGADQDYDARQ,95.0,95.98,48126.3
HLA-B*51:03,TSGADQDYDARQV,64.286,52.425,43290.15
HLA-B*51:03,SGADQDYDARQVV,29.114,28.983,39166.02
HLA-B*51:03,GADQDYDARQVVY,63.929,71.456,45395.5
HLA-B*51:03,ADQDYDARQVVYK,85.0,84.896,46628.09
HLA-B*51:03,DQDYDARQVVYKK,52.593,59.624,44171.13
HLA-B*51:03,QDYDARQVVYKKP,75.0,73.68,45605.22
HLA-B*51:03,DYDARQVVYKKPI,42.462,19.605,36337.11
HLA-B*51:03,YDARQVVYKKPIE,90.0,60.457,44265.87
HLA-B*51:03,DARQVVYKKPIEV,2.237,2.316,20241.78
HLA-B*51:03,ARQVVYKKPIEVH,79.167,83.631,46511.68
HLA-B*51:03,RQVVYKKPIEVHN,85.0,85.868,46721.02
HLA-B*51:03,QVVYKKPIEVHNV,49.286,47.728,42658.74
HLA-B*51:03,VVYKKPIEVHNVN,65.0,38.429,41165.12
HLA-B*51:03,VYKKPIEVHNVNT,93.333,78.267,46023.12
HLA-B*51:03,YKKPIEVHNVNTA,50.185,46.354,42455.67
HLA-B*51:03,KKPIEVHNVNTAA,73.571,54.504,43557.96
HLA-B*51:03,KPIEVHNVNTAAE,55.0,52.79,43337.02
HLA-B*51:03,PIEVHNVNTAAEQ,100.0,96.059,48162.26
HLA-B*51:03,IEVHNVNTAAEQQ,91.667,92.745,47426.41
HLA-B*51:03,EVHNVNTAAEQQL,38.611,50.492,43042.61
HLA-B*51:03,VHNVNTAAEQQLA,76.667,56.236,43768.19
HLA-B*51:03,HNVNTAAEQQLAK,70.714,83.582,46507.16
HLA-B*51:03,NVNTAAEQQLAKK,91.667,90.952,47225.67
HLA-B*51:03,VNTAAEQQLAKKR,93.333,95.696,47996.31
HLA-B*51:03,NTAAEQQLAKKRK,90.0,92.736,47425.4
HLA-B*51:03,TAAEQQLAKKRKQ,85.0,95.285,47809.22
HLA-B*51:03,AAEQQLAKKRKQL,47.25,72.923,45533.75
HLA-B*51:03,AEQQLAKKRKQLG,82.5,90.91,47221.07
HLA-B*51:03,EQQLAKKRKQLGN,95.0,95.273,47804.04
HLA-B*51:03,QQLAKKRKQLGND,97.5,96.34,48291.14
HLA-B*51:03,QLAKKRKQLGNDE,97.5,97.156,48666.72
HLA-B*51:03,LAKKRKQLGNDEH,88.333,94.556,47630.05
HLA-B*51:03,AKKRKQLGNDEHQ,97.5,97.876,49001.15
HLA-B*51:03,KKRKQLGNDEHQC,97.5,96.824,48513.71
HLA-B*51:03,KRKQLGNDEHQCP,95.0,95.433,47876.52
HLA-B*51:03,RKQLGNDEHQCPI,77.5,47.427,42613.98
HLA-B*51:03,KQLGNDEHQCPID,91.667,72.98,45539.15
HLA-B*51:03,QLGNDEHQCPIDN,100.0,91.016,47232.83
HLA-B*51:03,LGNDEHQCPIDNI,53.704,27.227,38709.35
HLA-B*51:03,GNDEHQCPIDNIL,58.25,63.014,44545.48
HLA-B*51:03,NDEHQCPIDNILI,56.0,37.044,40905.4
HLA-B*51:03,DEHQCPIDNILIA,9.645,7.157,28850.25
HLA-B*51:03,EHQCPIDNILIAQ,57.25,40.327,41499.65
HLA-B*51:03,HQCPIDNILIAQP,70.714,48.104,42714.16
HLA-B*51:03,QCPIDNILIAQPA,79.167,22.914,37463.71
HLA-B*51:03,CPIDNILIAQPAR,39.0,22.382,37295.47
HLA-B*51:03,PIDNILIAQPARS,100.0,95.565,47936.64
HLA-B*51:03,IDNILIAQPARSA,62.857,54.964,43617.38
HLA-B*51:03,DNILIAQPARSAQ,63.571,69.995,45258.2
HLA-B*51:03,NILIAQPARSAQK,85.0,81.884,46351.42
HLA-B*51:03,ILIAQPARSAQKY,26.433,40.535,41534.67
HLA-B*51:03,LIAQPARSAQKYF,50.926,36.536,40806.81
HLA-B*51:03,IAQPARSAQKYFL,29.568,23.519,37654.73
HLA-B*51:03,AQPARSAQKYFLK,75.0,62.307,44467.96
HLA-B*51:03,QPARSAQKYFLKI,9.349,2.992,22116.89
HLA-B*51:03,PARSAQKYFLKIS,97.5,80.148,46192.73
HLA-B*51:03,ARSAQKYFLKISW,73.571,43.574,42028.79
HLA-B*51:03,RSAQKYFLKISWD,88.333,54.088,43504.25
HLA-B*51:03,SAQKYFLKISWDL,35.0,25.588,38266.27
HLA-B*51:03,AQKYFLKISWDLA,88.333,59.204,44121.0
HLA-B*51:03,QKYFLKISWDLAF,65.455,33.571,40208.14
HLA-B*51:03,KYFLKISWDLAFN,95.0,66.334,44895.32
HLA-B*51:03,YFLKISWDLAFNG,97.5,44.307,42142.62
HLA-B*51:03,FLKISWDLAFNGP,93.333,54.42,43547.12
HLA-B*51:03,LKISWDLAFNGPV,79.167,22.622,37371.41
HLA-B*51:03,KISWDLAFNGPVH,82.5,61.019,44327.23
HLA-B*51:03,ISWDLAFNGPVHN,82.5,46.013,42405.62
HLA-B*51:03,SWDLAFNGPVHNL,37.421,33.526,40198.99
HLA-B*51:03,WDLAFNGPVHNLQ,77.5,56.152,43758.26
HLA-B*51:03,DLAFNGPVHNLQP,62.5,47.941,42690.58
HLA-B*51:03,LAFNGPVHNLQPY,29.75,12.031,32783.38
HLA-B*51:03,AFNGPVHNLQPYS,91.667,74.791,45710.46
HLA-B*51:03,FNGPVHNLQPYSE,88.333,57.272,43891.01
HLA-B*51:03,NGPVHNLQPYSEE,91.667,84.036,46548.95
HLA-B*51:03,GPVHNLQPYSEED,95.0,86.484,46780.2
HLA-B*51:03,PVHNLQPYSEEDW,86.667,74.379,45671.39
HLA-B*51:03,VHNLQPYSEEDWA,54.815,39.319,41325.78
HLA-B*51:03,HNLQPYSEEDWAG,93.333,67.406,45001.36
HLA-B*51:03,NLQPYSEEDWAGM,62.857,36.523,40804.18
HLA-B*51:03,LQPYSEEDWAGML,39.824,21.517,37014.88
HLA-B*51:03,QPYSEEDWAGMLA,13.368,2.279,20123.21
HLA-B*51:03,PYSEEDWAGMLAL,77.5,33.699,40234.68
HLA-B*51:03,YSEEDWAGMLALA,70.714,32.165,39908.21
HLA-B*51:03,SEEDWAGMLALAE,81.25,62.474,44486.26
HLA-B*51:03,EEDWAGMLALAEC,69.545,49.104,42856.26
HLA-B*51:03,EDWAGMLALAECY,58.0,39.028,41275.28
HLA-B*51:03,DWAGMLALAECYA,90.0,48.188,42726.17
HLA-B*51:03,WAGMLALAECYAN,97.5,61.648,44395.86
HLA-B*51:03,AGMLALAECYANN,100.0,84.244,46568.08
HLA-B*51:03,GMLALAECYANNG,100.0,89.995,47119.01
HLA-B*51:03,MLALAECYANNGN,100.0,80.444,46219.73
HLA-B*51:03,LALAECYANNGNL,53.519,20.007,36487.61
HLA-B*51:03,ALAECYANNGNLY,63.929,58.704,44061.34
HLA-B*51:03,LAECYANNGNLYE,91.667,64.13,44668.09
HLA-B*51:03,AECYANNGNLYEE,93.333,85.921,46726.05
HLA-B*51:03,ECYANNGNLYEEA,82.5,57.848,43959.45
HLA-B*51:03,CYANNGNLYEEAV,72.857,35.057,40515.14
HLA-B*51:03,YANNGNLYEEAVA,54.815,35.28,40559.45
HLA-B*51:03,ANNGNLYEEAVAS,93.333,90.105,47131.26
HLA-B*51:03,NNGNLYEEAVASD,100.0,93.737,47537.9
HLA-B*51:03,NGNLYEEAVASDA,93.333,71.816,45429.42
HLA-B*51:03,GNLYEEAVASDAP,97.5,87.274,46856.16
HLA-B*51:03,NLYEEAVASDAPF,46.444,17.372,35467.41
HLA-B*51:03,LYEEAVASDAPFL,58.25,31.682,39799.54
HLA-B*51:03,YEEAVASDAPFLG,77.5,34.144,40326.64
HLA-B*51:03,EEAVASDAPFLGF,28.163,25.746,38310.6
HLA-B*51:03,EAVASDAPFLGFE,67.273,42.886,41922.05
HLA-B*51:03,AVASDAPFLGFEK,90.0,76.883,45898.77
HLA-B*51:03,VASDAPFLGFEKF,12.208,6.993,28669.14
HLA-B*51:03,ASDAPFLGFEKFF,48.625,28.136,38954.72
HLA-B*51:03,SDAPFLGFEKFFL,39.647,22.539,37345.14
HLA-B*51:03,DAPFLGFEKFFLL,4.541,1.694,17947.57
HLA-B*51:03,APFLGFEKFFLLV,10.749,2.837,21705.34
HLA-B*51:03,PFLGFEKFFLLVL,82.5,35.428,40588.86
HLA-B*51:03,FLGFEKFFLLVLE,90.0,43.539,42023.34
HLA-B*51:03,LGFEKFFLLVLEV,26.833,7.29,28996.08
HLA-B*51:03,GFEKFFLLVLEVR,97.5,78.228,46019.61
HLA-B*51:03,FEKFFLLVLEVRY,63.214,46.508,42478.18
HLA-B*51:03,EKFFLLVLEVRYA,71.429,45.497,42327.7
HLA-B*51:03,KFFLLVLEVRYAI,61.071,34.679,40437.19
HLA-B*51:03,FFLLVLEVRYAIS,91.667,58.728,44064.21
HLA-B*51:03,FLLVLEVRYAISL,59.0,32.825,40052.27
HLA-B*51:03,LLVLEVRYAISLD,95.0,63.699,44620.76
HLA-B*51:03,LVLEVRYAISLDS,88.333,54.945,43615.02
HLA-B*51:03,VLEVRYAISLDSV,75.833,38.056,41096.61
HLA-B*51:03,LEVRYAISLDSVD,95.0,57.012,43860.16
HLA-B*51:03,EVRYAISLDSVDT,95.0,67.928,45052.98
HLA-B*51:03,VRYAISLDSVDTE,88.333,68.263,45086.15
HLA-B*51:03,RYAISLDSVDTEL,54.815,37.653,41020.64
HLA-B*51:03,YAISLDSVDTELD,68.636,40.915,41599.0
HLA-B*51:03,AISLDSVDTELDK,95.0,95.032,47694.51
HLA-B*51:03,ISLDSVDTELDKL,28.429,39.193,41303.88
HLA-B*51:03,SLDSVDTELDKLA,80.0,76.683,45880.9
HLA-B*51:03,LDSVDTELDKLAW,49.143,45.582,42340.53
HLA-B*51:03,DSVDTELDKLAWT,51.111,49.98,42977.02
HLA-B*51:03,SVDTELDKLAWTG,83.75,71.978,45444.66
HLA-B*51:03,VDTELDKLAWTGV,71.429,55.192,43644.76
HLA-B*51:03,DTELDKLAWTGVR,81.25,63.366,44584.08
HLA-B*51:03,TELDKLAWTGVRQ,80.0,77.187,45926.11
HLA-B*51:03,ELDKLAWTGVRQQ,66.818,73.351,45574.14
HLA-B*51:03,LDKLAWTGVRQQR,91.667,88.321,46957.17
HLA-B*51:03,DKLAWTGVRQQRI,45.7,24.13,37845.05
HLA-B*51:03,KLAWTGVRQQRIN,97.5,81.216,46290.27
HLA-B*51:03,LAWTGVRQQRINE,80.0,50.266,43013.75
HLA-B*51:03,AWTGVRQQRINED,100.0,96.066,48165.4
HLA-B*51:03,WTGVRQQRINEDG,100.0,89.768,47097.11
HLA-B*51:03,TGVRQQRINEDGT,97.5,95.257,47796.8
HLA-B*51:03,GVRQQRINEDGTG,100.0,95.757,48024.36
HLA-B*51:03,VRQQRINEDGTGL,67.727,74.671,45699.08
HLA-B*51:03,RQQRINEDGTGLS,86.667,91.592,47297.27
HLA-B*51:03,QQRINEDGTGLSV,23.552,31.209,39691.61
HLA-B*51:03,QRINEDGTGLSVD,72.143,73.773,45614.11
HLA-B*51:03,RINEDGTGLSVDG,95.0,89.584,47079.25
HLA-B*51:03,INEDGTGLSVDGH,90.0,89.116,47033.94
HLA-B*51:03,NEDGTGLSVDGHR,70.0,81.44,46310.82
HLA-B*51:03,EDGTGLSVDGHRV,60.714,59.82,44194.55
HLA-B*51:03,DGTGLSVDGHRVD,86.667,82.223,46382.52
HLA-B*51:03,GTGLSVDGHRVDL,91.667,84.551,46596.32
HLA-B*51:03,TGLSVDGHRVDLI,44.545,18.041,35745.55
HLA-B*51:03,GLSVDGHRVDLIP,95.0,80.915,46262.76
HLA-B*51:03,LSVDGHRVDLIPK,75.833,61.024,44327.69
HLA-B*51:03,SVDGHRVDLIPKL,30.135,46.649,42498.87
HLA-B*51:03,VDGHRVDLIPKLP,64.286,73.914,45627.43
HLA-B*51:03,DGHRVDLIPKLPA,58.75,35.159,40535.31
HLA-B*51:03,GHRVDLIPKLPAP,81.25,75.465,45771.82
HLA-B*51:03,HRVDLIPKLPAPE,85.0,86.005,46734.15
HLA-B*51:03,RVDLIPKLPAPEN,93.333,83.215,46473.46
HLA-B*51:03,VDLIPKLPAPENS,93.333,86.132,46746.27
HLA-B*51:03,DLIPKLPAPENSP,39.353,47.09,42563.74
HLA-B*51:03,LIPKLPAPENSPL,16.813,12.143,32849.43
HLA-B*51:03,IPKLPAPENSPLV,2.746,1.265,15863.19
HLA-B*51:03,PKLPAPENSPLVH,78.333,59.112,44110.02
HLA-B*51:03,KLPAPENSPLVHS,80.0,56.668,43819.37
HLA-B*51:03,LPAPENSPLVHSE,37.0,21.11,36879.75
HLA-B*51:03,PAPENSPLVHSED,100.0,93.344,47493.68
HLA-B*51:03,APENSPLVHSEDF,24.792,42.965,41935.22
HLA-B*51:03,PENSPLVHSEDFM,69.545,56.236,43768.19
HLA-B*51:03,ENSPLVHSEDFME,79.167,72.578,45501.22
HLA-B*51:03,NSPLVHSEDFMET,73.571,50.879,43092.02
HLA-B*51:03,SPLVHSEDFMETA,23.483,13.368,33560.03
HLA-B*51:03,PLVHSEDFMETAA,97.5,77.791,45980.31
HLA-B*51:03,LVHSEDFMETAAR,80.0,65.103,44774.05
HLA-B*51:03,VHSEDFMETAARA,69.545,47.019,42553.18
HLA-B*51:03,HSEDFMETAARAA,66.364,54.179,43516.04
HLA-B*51:03,SEDFMETAARAAH,76.667,66.718,44933.23
HLA-B*51:03,EDFMETAARAAHA,70.714,40.572,41540.96
HLA-B*51:03,DFMETAARAAHAV,14.736,7.037,28718.19
HLA-B*51:03,FMETAARAAHAVE,79.167,48.698,42798.81
HLA-B*51:03,METAARAAHAVEG,91.667,51.444,43164.34
HLA-B*51:03,ETAARAAHAVEGV,46.667,32.831,40053.56
HLA-B*51:03,TAARAAHAVEGVD,86.667,69.636,45222.46
HLA-B*51:03,AARAAHAVEGVDF,66.818,53.468,43424.31
HLA-B*51:03,ARAAHAVEGVDFE,95.0,90.169,47138.4
HLA-B*51:03,RAAHAVEGVDFEL,44.091,35.377,40578.75
HLA-B*51:03,AAHAVEGVDFELV,41.833,22.645,37378.69
HLA-B*51:03,AHAVEGVDFELVP,75.0,62.232,44459.79
HLA-B*51:03,HAVEGVDFELVPV,25.463,15.02,34405.67
HLA-B*51:03,AVEGVDFELVPVP,74.286,63.866,44639.09
HLA-B*51:03,VEGVDFELVPVPR,91.667,74.348,45668.44
HLA-B*51:03,EGVDFELVPVPRT,61.071,62.395,44477.59
HLA-B*51:03,GVDFELVPVPRTK,77.5,85.7,46704.84
HLA-B*51:03,VDFELVPVPRTKG,85.0,73.753,45612.13
HLA-B*51:03,DFELVPVPRTKGL,8.244,21.4,36976.04
HLA-B*51:03,FELVPVPRTKGLC,52.222,39.681,41388.89
HLA-B*51:03,ELVPVPRTKGLCV,16.836,10.494,31734.63
HLA-B*51:03,LVPVPRTKGLCVC,72.143,49.337,42888.28
HLA-B*51:03,VPVPRTKGLCVCL,9.127,6.85,28496.58
HLA-B*51:03,PVPRTKGLCVCLL,55.75,32.913,40071.33
HLA-B*51:03,VPRTKGLCVCLLV,12.942,1.549,17316.0
HLA-B*51:03,PRTKGLCVCLLVI,95.0,57.864,43961.35
HLA-B*51:03,RTKGLCVCLLVIS,97.5,71.362,45386.66
HLA-B*51:03,TKGLCVCLLVISD,100.0,73.747,45611.63
HLA-B*51:03,KGLCVCLLVISDN,100.0,83.834,46530.32
HLA-B*51:03,GLCVCLLVISDNA,100.0,90.645,47191.45
HLA-B*51:03,LCVCLLVISDNAG,100.0,93.115,47467.99
HLA-B*51:03,CVCLLVISDNAGY,90.0,61.797,44412.18
HLA-B*51:03,VCLLVISDNAGYV,71.429,48.766,42808.53
HLA-B*51:03,CLLVISDNAGYVR,95.0,73.038,45544.59
HLA-B*51:03,LLVISDNAGYVRM,74.286,52.549,43306.07
HLA-B*51:03,LVISDNAGYVRMT,95.0,69.926,45251.34
HLA-B*51:03,VISDNAGYVRMTN,95.0,76.573,45870.99
HLA-B*51:03,ISDNAGYVRMTNE,93.333,80.816,46253.75
HLA-B*51:03,SDNAGYVRMTNEQ,88.333,94.68,47643.97
HLA-B*51:03,DNAGYVRMTNEQK,83.75,84.096,46554.48
HLA-B*51:03,NAGYVRMTNEQKD,97.5,82.059,46367.48
HLA-B*51:03,AGYVRMTNEQKDQ,97.5,95.749,48020.74
HLA-B*51:03,GYVRMTNEQKDQP,95.0,93.577,47519.91
HLA-B*51:03,YVRMTNEQKDQPW,51.667,28.415,39024.32
HLA-B*51:03,VRMTNEQKDQPWL,59.75,60.558,44276.89
HLA-B*51:03,RMTNEQKDQPWLF,50.37,36.97,40891.24
HLA-B*51:03,MTNEQKDQPWLFS,70.0,40.16,41471.37
HLA-B*51:03,TNEQKDQPWLFSI,46.556,20.372,36618.13
HLA-B*51:03,NEQKDQPWLFSIV,49.714,21.017,36849.04
HLA-B*51:03,EQKDQPWLFSIVR,48.0,37.457,40983.38
HLA-B*51:03,QKDQPWLFSIVRM,59.75,31.418,39739.3
HLA-B*51:03,KDQPWLFSIVRMK,78.333,55.48,43678.78
HLA-B*51:03,DQPWLFSIVRMKR,74.286,51.324,43148.92
HLA-B*51:03,QPWLFSIVRMKRF,17.601,9.826,31254.16
HLA-B*51:03,PWLFSIVRMKRFA,97.5,69.001,45159.39
HLA-B*51:03,WLFSIVRMKRFAV,57.0,16.357,35024.67
HLA-B*51:03,LFSIVRMKRFAVI,67.273,13.908,33856.54
HLA-B*51:03,FSIVRMKRFAVIG,90.0,29.538,39298.9
HLA-B*51:03,SIVRMKRFAVIGN,97.5,63.418,44589.86
HLA-B*51:03,IVRMKRFAVIGNP,93.333,54.905,43609.84
HLA-B*51:03,VRMKRFAVIGNPV,75.0,30.575,39544.16
HLA-B*51:03,RMKRFAVIGNPVK,95.0,68.681,45127.63
HLA-B*51:03,MKRFAVIGNPVKV,35.542,22.036,37186.67
HLA-B*51:03,KRFAVIGNPVKVP,88.333,71.634,45412.22
HLA-B*51:03,RFAVIGNPVKVPG,95.0,75.26,45753.49
HLA-B*51:03,FAVIGNPVKVPGA,52.963,36.493,40798.44
HLA-B*51:03,AVIGNPVKVPGAS,80.0,80.088,46187.21
HLA-B*51:03,VIGNPVKVPGASR,78.333,87.847,46911.46
HLA-B*51:03,IGNPVKVPGASRL,38.389,39.915,41429.67
HLA-B*51:03,GNPVKVPGASRLV,36.381,17.134,35368.16
HLA-B*51:03,NPVKVPGASRLVN,40.75,21.723,37083.02
HLA-B*51:03,PVKVPGASRLVNV,54.815,51.007,43108.34
HLA-B*51:03,VKVPGASRLVNVT,86.667,72.897,45531.28
HLA-B*51:03,KVPGASRLVNVTA,64.286,42.948,41932.49
HLA-B*51:03,VPGASRLVNVTAA,29.409,20.971,36833.09
HLA-B*51:03,PGASRLVNVTAAH,97.5,92.996,47454.64
HLA-B*51:03,GASRLVNVTAAHS,97.5,89.358,47057.36
HLA-B*51:03,ASRLVNVTAAHSL,47.25,45.742,42364.81
HLA-B*51:03,SRLVNVTAAHSLY,73.571,56.104,43752.56
HLA-B*51:03,RLVNVTAAHSLYA,90.0,57.22,43884.84
HLA-B*51:03,LVNVTAAHSLYAV,48.5,17.933,35701.87
HLA-B*51:03,VNVTAAHSLYAVK,86.667,61.626,44393.46
HLA-B*51:03,NVTAAHSLYAVKE,95.0,71.623,45411.23
HLA-B*51:03,VTAAHSLYAVKEQ,95.0,81.32,46299.8
HLA-B*51:03,TAAHSLYAVKEQG,86.667,63.203,44566.23
HLA-B*51:03,AAHSLYAVKEQGQ,95.0,93.134,47470.04
HLA-B*51:03,AHSLYAVKEQGQF,64.286,57.144,43875.81
HLA-B*51:03,HSLYAVKEQGQFR,77.5,69.902,45248.89
HLA-B*51:03,SLYAVKEQGQFRE,91.667,81.073,46277.26
HLA-B*51:03,LYAVKEQGQFRET,93.333,81.03,46273.26
HLA-B*51:03,YAVKEQGQFRETG,91.667,64.02,44655.99
HLA-B*51:03,AVKEQGQFRETGD,100.0,96.444,48338.73
HLA-B*51:03,VKEQGQFRETGDC,97.5,93.532,47514.76
HLA-B*51:03,KEQGQFRETGDCE,97.5,95.246,47791.62
HLA-B*51:03,EQGQFRETGDCER,93.333,95.559,47934.04
HLA-B*51:03,QGQFRETGDCERP,95.0,94.14,47583.17
HLA-B*51:03,GQFRETGDCERPI,69.545,39.728,41396.95
HLA-B*51:03,QFRETGDCERPIT,97.5,83.647,46513.18
HLA-B*51:03,FRETGDCERPITD,100.0,88.105,46936.34
HLA-B*51:03,RETGDCERPITDI,68.182,64.6,44719.83
HLA-B*51:03,ETGDCERPITDIS,83.75,73.121,45552.46
HLA-B*51:03,TGDCERPITDISE,97.5,90.197,47141.44
HLA-B*51:03,GDCERPITDISEL,26.383,31.655,39793.51
HLA-B*51:03,DCERPITDISELQ,40.75,51.904,43223.23
HLA-B*51:03,CERPITDISELQE,86.667,55.92,43730.81
HLA-B*51:03,ERPITDISELQEL,31.824,44.741,42211.54
HLA-B*51:03,RPITDISELQELK,50.741,53.738,43459.11
HLA-B*51:03,PITDISELQELKP,97.5,94.703,47646.55
HLA-B*51:03,ITDISELQELKPR,88.333,85.421,46678.07
HLA-B*51:03,TDISELQELKPRT,70.714,83.839,46530.82
HLA-B*51:03,DISELQELKPRTV,15.567,15.483,34622.27
HLA-B*51:03,ISELQELKPRTVV,44.545,29.25,39230.07
HLA-B*51:03,SELQELKPRTVVL,27.704,32.038,39880.58
HLA-B*51:03,ELQELKPRTVVLE,70.0,67.175,44978.46
HLA-B*51:03,LQELKPRTVVLEV,9.188,2.474,20751.61
HLA-B*51:03,QELKPRTVVLEVA,45.0,36.141,40730.06
HLA-B*51:03,ELKPRTVVLEVAG,51.296,42.3,41824.64
HLA-B*51:03,LKPRTVVLEVAGK,63.214,43.461,42011.5
HLA-B*51:03,KPRTVVLEVAGKS,70.714,61.665,44397.78
HLA-B*51:03,PRTVVLEVAGKSG,100.0,96.214,48233.19
HLA-B*51:03,RTVVLEVAGKSGY,75.0,76.44,45859.07
HLA-B*51:03,TVVLEVAGKSGYM,72.143,47.827,42673.49
HLA-B*51:03,VVLEVAGKSGYME,91.667,73.721,45609.19
HLA-B*51:03,VLEVAGKSGYMEG,97.5,83.784,46525.79
HLA-B*51:03,LEVAGKSGYMEGI,63.214,39.283,41319.52
HLA-B*51:03,EVAGKSGYMEGID,95.0,80.926,46263.74
HLA-B*51:03,VAGKSGYMEGIDF,55.75,34.865,40475.7
HLA-B*51:03,AGKSGYMEGIDFI,53.519,30.155,39445.87
HLA-B*51:03,GKSGYMEGIDFIF,91.667,48.442,42762.25
HLA-B*51:03,KSGYMEGIDFIFE,93.333,61.279,44355.51
HLA-B*51:03,SGYMEGIDFIFED,93.333,51.63,43188.18
HLA-B*51:03,GYMEGIDFIFEDS,97.5,77.259,45932.56
HLA-B*51:03,YMEGIDFIFEDSF,66.364,23.866,37764.48
HLA-B*51:03,MEGIDFIFEDSFF,63.214,22.111,37210.42
HLA-B*51:03,EGIDFIFEDSFFH,63.929,50.368,43026.79
HLA-B*51:03,GIDFIFEDSFFHG,97.5,71.915,45438.77
HLA-B*51:03,IDFIFEDSFFHGT,85.0,58.136,43993.71
HLA-B*51:03,DFIFEDSFFHGTY,50.37,27.479,38778.09
HLA-B*51:03,FIFEDSFFHGTYG,78.333,30.42,39507.81
HLA-B*51:03,IFEDSFFHGTYGI,63.214,16.661,35160.59
HLA-B*51:03,FEDSFFHGTYGII,35.292,8.992,30590.4
HLA-B*51:03,EDSFFHGTYGIIT,86.667,45.709,42359.76
HLA-B*51:03,DSFFHGTYGIITG,70.0,24.584,37978.77
HLA-B*51:03,SFFHGTYGIITGR,62.5,62.069,44441.98
HLA-B*51:03,FFHGTYGIITGRN,97.5,81.709,46335.38
HLA-B*51:03,FHGTYGIITGRNH,88.333,81.156,46284.78
HLA-B*51:03,HGTYGIITGRNHT,93.333,90.586,47184.82
HLA-B*51:03,GTYGIITGRNHTA,61.786,50.883,43092.47
HLA-B*51:03,TYGIITGRNHTAI,65.0,36.727,40843.93
HLA-B*51:03,YGIITGRNHTAIG,81.25,50.788,43080.36
HLA-B*51:03,GIITGRNHTAIGP,97.5,94.341,47605.82
HLA-B*51:03,IITGRNHTAIGPK,97.5,85.974,46731.11
HLA-B*51:03,ITGRNHTAIGPKI,39.941,23.558,37666.94
HLA-B*51:03,TGRNHTAIGPKIL,66.818,61.626,44393.46
HLA-B*51:03,GRNHTAIGPKILA,55.25,61.872,44420.35
HLA-B*51:03,RNHTAIGPKILAY,61.786,59.3,44132.44
HLA-B*51:03,NHTAIGPKILAYL,38.333,32.022,39877.14
HLA-B*51:03,HTAIGPKILAYLG,64.643,30.953,39632.8
HLA-B*51:03,TAIGPKILAYLGI,15.067,7.636,29360.07
HLA-B*51:03,AIGPKILAYLGIL,61.429,56.672,43819.85
HLA-B*51:03,IGPKILAYLGILG,93.333,59.104,44109.05
HLA-B*51:03,GPKILAYLGILGP,52.963,39.635,41380.83
HLA-B*51:03,PKILAYLGILGPN,100.0,91.665,47305.47
HLA-B*51:03,KILAYLGILGPNI,70.714,23.086,37518.09
HLA-B*51:03,ILAYLGILGPNIT,95.0,59.6,44168.29
HLA-B*51:03,LAYLGILGPNITE,59.0,33.703,40235.56
HLA-B*51:03,AYLGILGPNITEK,90.0,86.532,46784.75
HLA-B*51:03,YLGILGPNITEKP,83.75,76.883,45898.77
HLA-B*51:03,LGILGPNITEKPA,73.571,38.058,41097.03
HLA-B*51:03,GILGPNITEKPAP,90.0,90.512,47176.66
HLA-B*51:03,ILGPNITEKPAPF,62.857,44.641,42195.54
HLA-B*51:03,LGPNITEKPAPFI,49.714,19.068,36137.16
HLA-B*51:03,GPNITEKPAPFIV,17.28,11.23,32253.17
HLA-B*51:03,PNITEKPAPFIVL,54.815,47.498,42624.59
HLA-B*51:03,NITEKPAPFIVLF,5.658,3.272,22774.75
HLA-B*51:03,ITEKPAPFIVLFY,30.946,15.64,34695.76
HLA-B*51:03,TEKPAPFIVLFYN,39.235,25.545,38254.26
HLA-B*51:03,EKPAPFIVLFYNI,31.088,9.409,30941.92
HLA-B*51:03,KPAPFIVLFYNIA,25.284,12.431,33020.48
HLA-B*51:03,PAPFIVLFYNIAI,58.25,16.109,34913.8
HLA-B*51:03,APFIVLFYNIAIF,28.735,9.948,31341.87
HLA-B*51:03,PFIVLFYNIAIFP,100.0,80.011,46180.22
HLA-B*51:03,FIVLFYNIAIFPP,97.5,57.556,43924.73
HLA-B*51:03,IVLFYNIAIFPPT,97.5,56.684,43821.26
HLA-B*51:03,VLFYNIAIFPPTD,100.0,70.277,45284.65
HLA-B*51:03,LFYNIAIFPPTDE,95.0,82.404,46399.1
HLA-B*51:03,FYNIAIFPPTDEA,40.5,32.29,39935.43
HLA-B*51:03,YNIAIFPPTDEAM,44.091,24.875,38064.77
HLA-B*51:03,NIAIFPPTDEAMR,73.571,64.64,44724.18
HLA-B*51:03,IAIFPPTDEAMRI,5.312,2.922,21929.37
HLA-B*51:03,AIFPPTDEAMRIR,53.333,48.383,42753.93
HLA-B*51:03,IFPPTDEAMRIRL,39.118,26.239,38445.14
HLA-B*51:03,FPPTDEAMRIRLK,37.368,19.023,36120.34
HLA-B*51:03,PPTDEAMRIRLKL,22.61,24.347,37908.98
HLA-B*51:03,PTDEAMRIRLKLY,80.0,50.044,42985.39
HLA-B*51:03,TDEAMRIRLKLYW,63.571,31.373,39729.0
HLA-B*51:03,DEAMRIRLKLYWK,68.636,39.26,41315.5
HLA-B*51:03,EAMRIRLKLYWKE,64.286,34.869,40476.59
HLA-B*51:03,AMRIRLKLYWKES,100.0,81.555,46321.36
HLA-B*51:03,MRIRLKLYWKESL,58.0,38.816,41236.46
HLA-B*51:03,RIRLKLYWKESLE,97.5,81.32,46299.8
HLA-B*51:03,IRLKLYWKESLEY,67.273,45.261,42291.98
HLA-B*51:03,RLKLYWKESLEYA,90.0,64.433,44701.43
HLA-B*51:03,LKLYWKESLEYAS,97.5,80.307,46207.21
HLA-B*51:03,KLYWKESLEYASD,97.5,85.179,46654.83
HLA-B*51:03,LYWKESLEYASDT,97.5,77.054,45914.17
HLA-B*51:03,YWKESLEYASDTC,91.667,77.791,45980.31
HLA-B*51:03,WKESLEYASDTCD,100.0,82.18,46378.52
HLA-B*51:03,KESLEYASDTCDE,97.5,95.112,47730.64
HLA-B*51:03,ESLEYASDTCDEV,31.941,14.658,34228.18
HLA-B*51:03,SLEYASDTCDEVD,100.0,77.846,45985.26
HLA-B*51:03,LEYASDTCDEVDN,95.0,71.592,45408.27
HLA-B*51:03,EYASDTCDEVDNC,90.0,86.732,46803.98
HLA-B*51:03,YASDTCDEVDNCQ,88.333,78.749,46066.44
HLA-B*51:03,ASDTCDEVDNCQQ,97.5,97.15,48664.09
HLA-B*51:03,SDTCDEVDNCQQY,58.5,72.803,45522.41
HLA-B*51:03,DTCDEVDNCQQYI,38.667,22.937,37471.0
HLA-B*51:03,TCDEVDNCQQYIY,65.909,61.841,44417.0
HLA-B*51:03,CDEVDNCQQYIYA,88.333,63.752,44626.54
HLA-B*51:03,DEVDNCQQYIYAA,36.524,34.858,40474.39
HLA-B*51:03,EVDNCQQYIYAAN,97.5,72.98,45539.15
HLA-B*51:03,VDNCQQYIYAANI,62.5,19.64,36350.49
HLA-B*51:03,DNCQQYIYAANIT,81.25,49.33,42887.36
HLA-B*51:03,NCQQYIYAANITS,90.0,65.01,44764.84
HLA-B*51:03,CQQYIYAANITST,95.0,61.867,44419.89
HLA-B*51:03,QQYIYAANITSTK,56.5,55.408,43670.27
HLA-B*51:03,QYIYAANITSTKY,59.25,52.619,43314.98
HLA-B*51:03,YIYAANITSTKYI,31.882,9.175,30744.68
HLA-B*51:03,IYAANITSTKYIN,90.0,55.444,43674.52
HLA-B*51:03,YAANITSTKYIND,60.714,38.666,41208.82
HLA-B*51:03,AANITSTKYINDK,86.667,83.286,46479.99
HLA-B*51:03,ANITSTKYINDKT,97.5,95.272,47803.52
HLA-B*51:03,NITSTKYINDKTR,91.667,92.237,47369.49
HLA-B*51:03,ITSTKYINDKTRQ,95.0,95.461,47889.46
HLA-B*51:03,TSTKYINDKTRQA,67.727,73.048,45545.55
HLA-B*51:03,STKYINDKTRQAT,90.0,85.979,46731.62
HLA-B*51:03,TKYINDKTRQATD,97.5,94.245,47595.02
HLA-B*51:03,KYINDKTRQATDI,70.0,67.928,45052.98
HLA-B*51:03,YINDKTRQATDIG,83.75,74.509,45683.76
HLA-B*51:03,INDKTRQATDIGY,76.667,82.678,46424.21
HLA-B*51:03,NDKTRQATDIGYP,83.75,78.937,46083.41
HLA-B*51:03,DKTRQATDIGYPH,70.0,79.579,46141.28
HLA-B*51:03,KTRQATDIGYPHY,76.667,74.081,45643.24
HLA-B*51:03,TRQATDIGYPHYH,83.75,89.105,47032.94
HLA-B*51:03,RQATDIGYPHYHG,93.333,81.062,46276.27
HLA-B*51:03,QATDIGYPHYHGK,47.0,63.291,44575.86
HLA-B*51:03,ATDIGYPHYHGKE,95.0,90.645,47191.45
HLA-B*51:03,TDIGYPHYHGKER,56.25,75.952,45815.44
HLA-B*51:03,DIGYPHYHGKERP,54.63,53.826,43470.38
HLA-B*51:03,IGYPHYHGKERPQ,91.667,81.177,46286.78
HLA-B*51:03,GYPHYHGKERPQK,71.429,79.884,46168.72
HLA-B*51:03,YPHYHGKERPQKA,6.808,8.564,30217.35
HLA-B*51:03,PHYHGKERPQKAI,77.5,65.202,44783.75
HLA-B*51:03,HYHGKERPQKAIL,53.519,65.522,44815.25
HLA-B*51:03,YHGKERPQKAILI,53.333,30.69,39571.12
HLA-B*51:03,HGKERPQKAILIA,34.808,20.928,36817.56
HLA-B*51:03,GKERPQKAILIAS,93.333,79.651,46147.77
HLA-B*51:03,KERPQKAILIASN,90.0,77.065,45915.18
HLA-B*51:03,ERPQKAILIASNI,23.54,6.18,27669.85
HLA-B*51:03,RPQKAILIASNIL,27.019,16.728,35190.26
HLA-B*51:03,PQKAILIASNILM,83.75,58.72,44063.27
HLA-B*51:03,QKAILIASNILML,59.75,42.899,41924.32
HLA-B*51:03,KAILIASNILMLK,72.143,48.997,42841.45
HLA-B*51:03,AILIASNILMLKL,69.545,52.527,43303.28
HLA-B*51:03,ILIASNILMLKLS,95.0,71.738,45422.04
HLA-B*51:03,LIASNILMLKLSI,39.765,14.133,33971.76
HLA-B*51:03,IASNILMLKLSIY,54.074,21.774,37100.27
HLA-B*51:03,ASNILMLKLSIYK,93.333,70.35,45291.49
HLA-B*51:03,SNILMLKLSIYKE,95.0,75.244,45752.01
HLA-B*51:03,NILMLKLSIYKEV,46.111,27.126,38681.73
HLA-B*51:03,ILMLKLSIYKEVR,93.333,69.4,45198.99
HLA-B*51:03,LMLKLSIYKEVRT,97.5,73.105,45550.99
HLA-B*51:03,MLKLSIYKEVRTK,80.0,63.348,44582.16
HLA-B*51:03,LKLSIYKEVRTKF,67.727,51.926,43226.04
HLA-B*51:03,KLSIYKEVRTKFL,86.667,64.93,44756.12
HLA-B*51:03,LSIYKEVRTKFLA,81.25,31.819,39831.0
HLA-B*51:03,SIYKEVRTKFLAF,38.167,26.943,38632.36
HLA-B*51:03,IYKEVRTKFLAFT,88.333,67.367,44997.46
HLA-B*51:03,YKEVRTKFLAFTL,53.148,24.376,37917.59
HLA-B*51:03,KEVRTKFLAFTLQ,91.667,62.395,44477.59
HLA-B*51:03,EVRTKFLAFTLQR,68.182,62.658,44506.46
HLA-B*51:03,VRTKFLAFTLQRD,97.5,76.822,45893.33
HLA-B*51:03,RTKFLAFTLQRDC,88.333,64.574,44716.91
HLA-B*51:03,TKFLAFTLQRDCE,97.5,82.788,46434.24
HLA-B*51:03,KFLAFTLQRDCEK,95.0,78.76,46067.45
HLA-B*51:03,FLAFTLQRDCEKN,97.5,80.537,46228.22
HLA-B*51:03,LAFTLQRDCEKNP,79.167,48.893,42826.61
HLA-B*51:03,AFTLQRDCEKNPS,100.0,92.626,47413.07
HLA-B*51:03,FTLQRDCEKNPSL,30.486,27.62,38816.72
HLA-B*51:03,TLQRDCEKNPSLN,91.667,90.169,47138.4
HLA-B*51:03,LQRDCEKNPSLNN,91.667,86.258,46758.42
HLA-B*51:03,QRDCEKNPSLNNL,50.37,70.381,45294.44
HLA-B*51:03,RDCEKNPSLNNLT,86.667,90.819,47210.87
HLA-B*51:03,DCEKNPSLNNLTG,67.727,39.972,41439.53
HLA-B*51:03,CEKNPSLNNLTGQ,91.667,68.72,45131.53
HLA-B*51:03,EKNPSLNNLTGQV,46.444,31.618,39784.92
HLA-B*51:03,KNPSLNNLTGQVL,44.818,30.221,39461.23
HLA-B*51:03,NPSLNNLTGQVLR,36.048,27.394,38755.04
HLA-B*51:03,PSLNNLTGQVLRV,83.75,58.76,44068.02
HLA-B*51:03,SLNNLTGQVLRVV,60.357,40.737,41568.84
HLA-B*51:03,LNNLTGQVLRVVG,97.5,73.278,45567.24
HLA-B*51:03,NNLTGQVLRVVGI,48.5,30.369,39495.84
HLA-B*51:03,NLTGQVLRVVGIS,95.0,77.547,45958.4
HLA-B*51:03,LTGQVLRVVGISK,88.333,74.77,45708.48
HLA-B*51:03,TGQVLRVVGISKT,95.0,86.189,46751.85
HLA-B*51:03,GQVLRVVGISKTG,97.5,94.062,47574.43
HLA-B*51:03,QVLRVVGISKTGG,100.0,93.106,47466.95
HLA-B*51:03,VLRVVGISKTGGG,97.5,92.731,47424.88
HLA-B*51:03,LRVVGISKTGGGP,97.5,92.278,47374.1
HLA-B*51:03,RVVGISKTGGGPI,59.5,41.405,41678.73
HLA-B*51:03,VVGISKTGGGPIN,100.0,89.584,47079.25
HLA-B*51:03,VGISKTGGGPINQ,93.333,87.468,46874.93
HLA-B*51:03,GISKTGGGPINQV,65.909,72.213,45466.79
HLA-B*51:03,ISKTGGGPINQVK,77.5,78.527,46046.51
HLA-B*51:03,SKTGGGPINQVKI,45.0,54.106,43506.61
HLA-B*51:03,KTGGGPINQVKIV,23.805,25.874,38346.68
HLA-B*51:03,TGGGPINQVKIVI,39.353,29.815,39365.28
HLA-B*51:03,GGGPINQVKIVIE,90.0,89.126,47034.97
HLA-B*51:03,GGPINQVKIVIEF,61.429,57.692,43940.91
HLA-B*51:03,GPINQVKIVIEFK,58.0,52.086,43246.62
HLA-B*51:03,PINQVKIVIEFKE,100.0,95.518,47915.38
HLA-B*51:03,INQVKIVIEFKET,97.5,89.305,47052.27
HLA-B*51:03,NQVKIVIEFKETF,39.0,37.07,40910.26
HLA-B*51:03,QVKIVIEFKETFI,61.786,43.586,42030.61
HLA-B*51:03,VKIVIEFKETFIL,55.5,34.596,40420.14
HLA-B*51:03,KIVIEFKETFILK,83.75,60.764,44299.39
HLA-B*51:03,IVIEFKETFILKA,59.0,41.573,41705.81
HLA-B*51:03,VIEFKETFILKAD,97.5,74.207,45655.1
HLA-B*51:03,IEFKETFILKADK,90.0,65.172,44780.84
HLA-B*51:03,EFKETFILKADKP,86.667,74.645,45696.61
HLA-B*51:03,FKETFILKADKPL,75.833,39.393,41338.76
HLA-B*51:03,KETFILKADKPLN,97.5,80.318,46208.22
HLA-B*51:03,ETFILKADKPLNF,20.341,19.589,36331.2
HLA-B*51:03,TFILKADKPLNFH,79.167,74.901,45720.84
HLA-B*51:03,FILKADKPLNFHF,44.091,25.233,38167.02
HLA-B*51:03,ILKADKPLNFHFA,81.25,57.216,43884.36
HLA-B*51:03,LKADKPLNFHFAF,33.214,7.103,28790.38
HLA-B*51:03,KADKPLNFHFAFT,72.143,49.657,42932.39
HLA-B*51:03,ADKPLNFHFAFTY,56.0,31.949,39860.73
HLA-B*51:03,DKPLNFHFAFTYI,22.09,8.399,30070.59
HLA-B*51:03,KPLNFHFAFTYIA,43.818,9.736,31189.31
HLA-B*51:03,PLNFHFAFTYIAE,100.0,65.463,44809.44
HLA-B*51:03,LNFHFAFTYIAEQ,88.333,46.019,42406.55
HLA-B*51:03,NFHFAFTYIAEQP,77.5,42.67,41886.24
HLA-B*51:03,FHFAFTYIAEQPD,97.5,38.305,41142.43
HLA-B*51:03,HFAFTYIAEQPDS,97.5,72.985,45539.65
HLA-B*51:03,FAFTYIAEQPDSF,18.207,5.83,27212.04
HLA-B*51:03,AFTYIAEQPDSFC,86.667,71.164,45368.02
HLA-B*51:03,FTYIAEQPDSFCN,91.667,45.806,42374.43
HLA-B*51:03,TYIAEQPDSFCNS,93.333,77.636,45966.37
HLA-B*51:03,YIAEQPDSFCNSV,12.081,4.221,24728.82
HLA-B*51:03,IAEQPDSFCNSVP,47.75,35.439,40591.06
HLA-B*51:03,AEQPDSFCNSVPA,59.5,25.236,38167.86
HLA-B*51:03,EQPDSFCNSVPAS,50.926,45.512,42329.99
HLA-B*51:03,QPDSFCNSVPASR,40.125,41.209,41647.19
HLA-B*51:03,PDSFCNSVPASRK,97.5,73.987,45634.35
HLA-B*51:03,DSFCNSVPASRKP,29.955,21.368,36965.24
HLA-B*51:03,SFCNSVPASRKPT,97.5,92.059,47349.48
HLA-B*51:03,FCNSVPASRKPTV,4.827,3.149,22484.12
HLA-B*51:03,CNSVPASRKPTVL,51.111,31.834,39834.44
HLA-B*51:03,NSVPASRKPTVLK,40.562,50.095,42991.88
HLA-B*51:03,SVPASRKPTVLKG,75.833,60.602,44281.68
HLA-B*51:03,VPASRKPTVLKGP,34.808,37.885,41064.6
HLA-B*51:03,PASRKPTVLKGPG,100.0,93.335,47492.64
HLA-B*51:03,ASRKPTVLKGPGV,60.714,47.672,42650.43
HLA-B*51:03,SRKPTVLKGPGVG,91.667,79.889,46169.23
HLA-B*51:03,RKPTVLKGPGVGN,97.5,93.399,47499.84
HLA-B*51:03,KPTVLKGPGVGNT,75.0,74.635,45695.63
HLA-B*51:03,PTVLKGPGVGNTR,90.0,95.444,47881.68
HLA-B*51:03,TVLKGPGVGNTRN,88.333,94.629,47638.29
HLA-B*51:03,VLKGPGVGNTRNK,80.0,95.077,47715.15
HLA-B*51:03,LKGPGVGNTRNKR,97.5,96.65,48433.46
HLA-B*51:03,KGPGVGNTRNKRE,97.5,97.084,48633.56
HLA-B*51:03,GPGVGNTRNKREL,52.778,70.292,45286.11
HLA-B*51:03,PGVGNTRNKRELK,97.5,96.833,48517.93
HLA-B*51:03,GVGNTRNKRELKQ,97.5,97.294,48730.98
HLA-B*51:03,VGNTRNKRELKQG,100.0,96.808,48506.36
HLA-B*51:03,GNTRNKRELKQGS,100.0,97.651,48896.32
HLA-B*51:03,NTRNKRELKQGSI,59.25,45.603,42343.73
HLA-B*51:03,TRNKRELKQGSIV,59.75,50.08,42990.02
HLA-B*51:03,RNKRELKQGSIVN,95.0,84.792,46618.5
HLA-B*51:03,NKRELKQGSIVNM,62.857,70.01,45259.66
HLA-B*51:03,KRELKQGSIVNMY,80.0,77.132,45921.13
HLA-B*51:03,RELKQGSIVNMYE,86.667,76.96,45905.73
HLA-B*51:03,ELKQGSIVNMYEQ,88.333,82.492,46407.12
HLA-B*51:03,LKQGSIVNMYEQS,97.5,91.432,47279.36
HLA-B*51:03,KQGSIVNMYEQSS,93.333,94.922,47671.29
HLA-B*51:03,QGSIVNMYEQSSF,65.455,44.44,42163.61
HLA-B*51:03,GSIVNMYEQSSFD,97.5,79.911,46171.22
HLA-B*51:03,SIVNMYEQSSFDV,82.5,43.586,42030.61
HLA-B*51:03,IVNMYEQSSFDVN,97.5,71.409,45391.08
HLA-B*51:03,VNMYEQSSFDVNN,97.5,79.175,46104.84
HLA-B*51:03,NMYEQSSFDVNNG,91.667,60.268,44245.29
HLA-B*51:03,MYEQSSFDVNNGL,33.214,19.301,36223.68
HLA-B*51:03,YEQSSFDVNNGLG,64.286,47.861,42678.58
HLA-B*51:03,EQSSFDVNNGLGI,41.333,22.371,37292.25
HLA-B*51:03,QSSFDVNNGLGIH,85.0,64.851,44747.41
HLA-B*51:03,SSFDVNNGLGIHR,43.636,49.246,42875.75
HLA-B*51:03,SFDVNNGLGIHRD,95.0,85.421,46678.07
HLA-B*51:03,FDVNNGLGIHRDL,60.357,43.637,42038.33
HLA-B*51:03,DVNNGLGIHRDLK,74.286,75.288,45755.97
HLA-B*51:03,VNNGLGIHRDLKQ,97.5,95.871,48076.36
HLA-B*51:03,NNGLGIHRDLKQF,68.636,65.851,44847.74
HLA-B*51:03,NGLGIHRDLKQFG,93.333,76.534,45867.5
HLA-B*51:03,GLGIHRDLKQFGI,86.667,55.744,43709.97
HLA-B*51:03,LGIHRDLKQFGIF,73.571,31.226,39695.47
HLA-B*51:03,GIHRDLKQFGIFV,85.0,53.538,43433.25
HLA-B*51:03,IHRDLKQFGIFVI,52.778,19.89,36443.82
HLA-B*51:03,HRDLKQFGIFVIS,90.0,58.572,44045.63
HLA-B*51:03,RDLKQFGIFVISN,97.5,72.213,45466.79
HLA-B*51:03,DLKQFGIFVISNS,77.5,54.668,43579.17
HLA-B*51:03,LKQFGIFVISNSD,100.0,75.249,45752.52
HLA-B*51:03,KQFGIFVISNSDA,85.0,67.746,45034.95
HLA-B*51:03,QFGIFVISNSDAE,97.5,91.921,47334.12
HLA-B*51:03,FGIFVISNSDAEG,97.5,62.97,44540.69
HLA-B*51:03,GIFVISNSDAEGQ,97.5,95.979,48125.81
HLA-B*51:03,IFVISNSDAEGQS,100.0,95.516,47914.32
HLA-B*51:03,FVISNSDAEGQSE,88.333,86.311,46763.49
HLA-B*51:03,VISNSDAEGQSEL,46.556,67.042,44965.32
HLA-B*51:03,ISNSDAEGQSELK,80.0,85.763,46710.89
HLA-B*51:03,SNSDAEGQSELKK,79.167,95.268,47801.45
HLA-B*51:03,NSDAEGQSELKKI,37.053,39.931,41432.34
HLA-B*51:03,SDAEGQSELKKIS,73.571,87.584,46886.09
HLA-B*51:03,DAEGQSELKKISR,57.25,78.372,46032.55
HLA-B*51:03,AEGQSELKKISRI,48.875,52.764,43333.73
HLA-B*51:03,EGQSELKKISRIG,86.667,72.098,45455.97
HLA-B*51:03,GQSELKKISRIGG,95.0,94.282,47599.13
HLA-B*51:03,QSELKKISRIGGL,67.727,60.488,44269.23
HLA-B*51:03,SELKKISRIGGLK,72.857,70.605,45315.54
HLA-B*51:03,ELKKISRIGGLKK,82.5,86.147,46747.81
HLA-B*51:03,LKKISRIGGLKKF,82.5,80.723,46245.22
HLA-B*51:03,KKISRIGGLKKFK,97.5,95.278,47806.11
HLA-B*51:03,KISRIGGLKKFKD,97.5,95.151,47748.74
HLA-B*51:03,ISRIGGLKKFKDS,97.5,92.228,47368.45
HLA-B*51:03,SRIGGLKKFKDSK,88.333,93.545,47516.29
HLA-B*51:03,RIGGLKKFKDSKE,100.0,97.531,48840.79
HLA-B*51:03,IGGLKKFKDSKEI,46.444,41.112,41631.4
HLA-B*51:03,GGLKKFKDSKEIQ,95.0,95.835,48059.71
HLA-B*51:03,GLKKFKDSKEIQS,97.5,96.495,48362.27
HLA-B*51:03,LKKFKDSKEIQSE,95.0,95.886,48083.12
HLA-B*51:03,KKFKDSKEIQSEV,45.1,51.532,43175.56
HLA-B*51:03,KFKDSKEIQSEVE,95.0,91.866,47327.99
HLA-B*51:03,FKDSKEIQSEVEG,86.667,76.561,45869.98
HLA-B*51:03,KDSKEIQSEVEGD,97.5,96.237,48243.61
HLA-B*51:03,DSKEIQSEVEGDP,47.5,62.926,44535.86
HLA-B*51:03,SKEIQSEVEGDPF,86.667,69.596,45218.55
HLA-B*51:03,KEIQSEVEGDPFI,47.625,36.205,40742.41
HLA-B*51:03,EIQSEVEGDPFIE,72.857,66.329,44894.86
HLA-B*51:03,IQSEVEGDPFIEP,65.0,63.08,44552.72
HLA-B*51:03,QSEVEGDPFIEPE,91.667,82.185,46379.02
HLA-B*51:03,SEVEGDPFIEPER,69.545,82.054,46366.97
HLA-B*51:03,EVEGDPFIEPERQ,57.25,77.68,45970.34
HLA-B*51:03,VEGDPFIEPERQS,77.5,82.054,46366.97
HLA-B*51:03,EGDPFIEPERQSI,8.292,7.121,28810.63
HLA-B*51:03,GDPFIEPERQSIA,38.611,20.722,36743.53
HLA-B*51:03,DPFIEPERQSIAG,15.261,9.878,31291.37
HLA-B*51:03,PFIEPERQSIAGL,69.545,54.821,43598.99
HLA-B*51:03,FIEPERQSIAGLK,77.5,60.457,44265.87
HLA-B*51:03,IEPERQSIAGLKY,42.615,48.075,42710.0
HLA-B*51:03,EPERQSIAGLKYT,41.083,38.368,41154.0
HLA-B*51:03,PERQSIAGLKYTM,72.143,58.588,44047.54
HLA-B*51:03,ERQSIAGLKYTMD,91.667,74.045,45639.79
HLA-B*51:03,RQSIAGLKYTMDH,95.0,84.244,46568.08
HLA-B*51:03,QSIAGLKYTMDHN,97.5,80.12,46190.23
HLA-B*51:03,SIAGLKYTMDHNR,86.667,86.521,46783.73
HLA-B*51:03,IAGLKYTMDHNRV,46.222,30.542,39536.46
HLA-B*51:03,AGLKYTMDHNRVV,56.0,37.803,41049.06
HLA-B*51:03,GLKYTMDHNRVVR,95.0,81.199,46288.78
HLA-B*51:03,LKYTMDHNRVVRY,77.5,52.633,43316.85
HLA-B*51:03,KYTMDHNRVVRYS,95.0,74.019,45637.32
HLA-B*51:03,YTMDHNRVVRYSD,88.333,49.747,42944.93
HLA-B*51:03,TMDHNRVVRYSDS,97.5,85.789,46713.42
HLA-B*51:03,MDHNRVVRYSDSQ,95.0,86.453,46777.15
HLA-B*51:03,DHNRVVRYSDSQM,36.857,37.489,40989.56
HLA-B*51:03,HNRVVRYSDSQMI,30.73,27.863,38883.57
HLA-B*51:03,NRVVRYSDSQMIP,77.5,63.713,44622.2
HLA-B*51:03,RVVRYSDSQMIPT,86.667,71.691,45417.61
HLA-B*51:03,VVRYSDSQMIPTT,82.5,61.885,44421.81
HLA-B*51:03,VRYSDSQMIPTTD,91.667,69.001,45159.39
HLA-B*51:03,RYSDSQMIPTTDN,97.5,89.347,47056.33
HLA-B*51:03,YSDSQMIPTTDNR,73.571,67.485,45009.13
HLA-B*51:03,SDSQMIPTTDNRY,65.909,66.895,44950.74
HLA-B*51:03,DSQMIPTTDNRYL,13.109,15.625,34688.62
HLA-B*51:03,SQMIPTTDNRYLP,65.0,40.069,41456.1
HLA-B*51:03,QMIPTTDNRYLPV,59.25,13.059,33391.61
HLA-B*51:03,MIPTTDNRYLPVL,39.824,18.276,35835.02
HLA-B*51:03,IPTTDNRYLPVLE,51.111,22.755,37413.49
HLA-B*51:03,PTTDNRYLPVLEL,50.0,44.839,42227.06
HLA-B*51:03,TTDNRYLPVLELF,31.529,21.737,37087.83
HLA-B*51:03,TDNRYLPVLELFL,55.75,36.332,40767.12
HLA-B*51:03,DNRYLPVLELFLA,27.537,8.631,30275.28
HLA-B*51:03,NRYLPVLELFLAA,63.571,21.18,36902.9
HLA-B*51:03,RYLPVLELFLAAV,60.357,21.989,37171.8
HLA-B*51:03,YLPVLELFLAAVI,47.875,5.684,27015.49
HLA-B*51:03,LPVLELFLAAVIG,50.37,7.504,29233.6
HLA-B*51:03,PVLELFLAAVIGL,83.75,52.947,43357.18
HLA-B*51:03,VLELFLAAVIGLP,97.5,63.449,44593.23
HLA-B*51:03,LELFLAAVIGLPQ,93.333,50.988,43106.0
HLA-B*51:03,ELFLAAVIGLPQE,83.75,78.145,46012.14
HLA-B*51:03,LFLAAVIGLPQEL,48.5,36.684,40835.53
HLA-B*51:03,FLAAVIGLPQELS,72.857,61.828,44415.57
HLA-B*51:03,LAAVIGLPQELSE,71.429,64.236,44679.7
HLA-B*51:03,AAVIGLPQELSEA,61.429,63.862,44638.6
HLA-B*51:03,AVIGLPQELSEAE,82.5,89.711,47091.49
HLA-B*51:03,VIGLPQELSEAEL,64.643,46.276,42444.18
HLA-B*51:03,IGLPQELSEAELH,72.857,71.289,45379.79
HLA-B*51:03,GLPQELSEAELHQ,95.0,88.332,46958.17
HLA-B*51:03,LPQELSEAELHQV,3.125,1.846,18597.15
HLA-B*51:03,PQELSEAELHQVG,97.5,88.553,46979.53
HLA-B*51:03,QELSEAELHQVGV,40.188,36.775,40853.2
HLA-B*51:03,ELSEAELHQVGVV,45.2,30.779,39592.11
HLA-B*51:03,LSEAELHQVGVVP,82.5,55.408,43670.27
HLA-B*51:03,SEAELHQVGVVPK,61.786,62.337,44471.34
HLA-B*51:03,EAELHQVGVVPKV,10.271,8.041,29747.95
HLA-B*51:03,AELHQVGVVPKVS,82.5,74.071,45642.27
HLA-B*51:03,ELHQVGVVPKVSK,70.714,71.675,45416.15
HLA-B*51:03,LHQVGVVPKVSKK,82.5,77.315,45937.54
HLA-B*51:03,HQVGVVPKVSKKF,47.125,57.584,43928.07
HLA-B*51:03,QVGVVPKVSKKFV,36.571,42.46,41851.36
HLA-B*51:03,VGVVPKVSKKFVL,52.963,51.823,43212.95
HLA-B*51:03,GVVPKVSKKFVLP,83.75,67.072,44968.25
HLA-B*51:03,VVPKVSKKFVLPD,90.0,69.523,45211.21
HLA-B*51:03,VPKVSKKFVLPDE,85.0,63.801,44631.87
HLA-B*51:03,PKVSKKFVLPDEV,83.75,60.097,44226.6
HLA-B*51:03,KVSKKFVLPDEVL,61.786,55.284,43655.63
HLA-B*51:03,VSKKFVLPDEVLV,35.75,23.119,37528.22
HLA-B*51:03,SKKFVLPDEVLVM,48.875,46.903,42536.14
HLA-B*51:03,KKFVLPDEVLVMM,14.178,24.437,37935.66
HLA-B*51:03,KFVLPDEVLVMMR,57.75,60.334,44252.45
HLA-B*51:03,FVLPDEVLVMMRG,60.714,45.958,42397.37
HLA-B*51:03,VLPDEVLVMMRGM,46.556,29.657,39327.4
HLA-B*51:03,LPDEVLVMMRGMT,40.25,24.738,38024.43
HLA-B*51:03,PDEVLVMMRGMTV,56.5,22.63,37373.84
HLA-B*51:03,DEVLVMMRGMTVQ,58.5,31.254,39701.93
HLA-B*51:03,EVLVMMRGMTVQR,64.286,57.404,43906.69
HLA-B*51:03,VLVMMRGMTVQRV,77.5,34.951,40493.66
HLA-B*51:03,LVMMRGMTVQRVP,80.0,32.002,39872.82
HLA-B*51:03,VMMRGMTVQRVPW,80.0,28.058,38935.33
HLA-B*51:03,MMRGMTVQRVPWL,47.375,20.674,36726.45
HLA-B*51:03,MRGMTVQRVPWLE,91.667,51.962,43230.7
HLA-B*51:03,RGMTVQRVPWLET,82.5,58.012,43978.96
HLA-B*51:03,GMTVQRVPWLETE,95.0,84.666,46606.9
HLA-B*51:03,MTVQRVPWLETEL,25.224,20.415,36633.58
HLA-B*51:03,TVQRVPWLETELN,74.286,45.6,42343.26
HLA-B*51:03,VQRVPWLETELNV,48.5,17.313,35442.85
HLA-B*51:03,QRVPWLETELNVM,65.0,31.089,39664.12
HLA-B*51:03,RVPWLETELNVMR,73.571,58.196,44000.86
HLA-B*51:03,VPWLETELNVMRK,42.308,20.617,36705.78
HLA-B*51:03,PWLETELNVMRKD,100.0,94.909,47669.76
HLA-B*51:03,WLETELNVMRKDD,100.0,91.981,47340.78
HLA-B*51:03,LETELNVMRKDDT,86.667,86.932,46823.24
HLA-B*51:03,ETELNVMRKDDTA,60.714,49.714,42940.28
HLA-B*51:03,TELNVMRKDDTAV,44.364,29.057,39183.83
HLA-B*51:03,ELNVMRKDDTAVV,44.091,33.657,40225.99
HLA-B*51:03,LNVMRKDDTAVVG,95.0,73.45,45583.52
HLA-B*51:03,NVMRKDDTAVVGP,91.667,60.844,44308.02
HLA-B*51:03,VMRKDDTAVVGPL,77.5,39.231,41310.59
HLA-B*51:03,MRKDDTAVVGPLQ,88.333,61.744,44406.43
HLA-B*51:03,RKDDTAVVGPLQI,29.955,23.32,37591.61
HLA-B*51:03,KDDTAVVGPLQID,79.167,71.654,45414.18
HLA-B*51:03,DDTAVVGPLQIDT,61.429,56.332,43779.57
HLA-B*51:03,DTAVVGPLQIDTI,16.862,5.29,26465.49
HLA-B*51:03,TAVVGPLQIDTIK,50.926,38.683,41211.93
HLA-B*51:03,AVVGPLQIDTIKE,90.0,85.837,46717.97
HLA-B*51:03,VVGPLQIDTIKEH,68.636,82.026,46364.46
HLA-B*51:03,VGPLQIDTIKEHA,73.571,65.507,44813.8
HLA-B*51:03,GPLQIDTIKEHAL,25.015,32.871,40062.24
HLA-B*51:03,PLQIDTIKEHALR,95.0,84.222,46566.07
HLA-B*51:03,LQIDTIKEHALRL,27.556,28.517,39049.68
HLA-B*51:03,QIDTIKEHALRLH,81.25,83.138,46466.41
HLA-B*51:03,IDTIKEHALRLHM,59.25,38.613,41198.98
HLA-B*51:03,DTIKEHALRLHMR,50.556,47.053,42558.23
HLA-B*51:03,TIKEHALRLHMRR,78.333,72.51,45494.83
HLA-B*51:03,IKEHALRLHMRRR,97.5,89.311,47052.78
HLA-B*51:03,KEHALRLHMRRRM,79.167,59.484,44154.41
HLA-B*51:03,EHALRLHMRRRMD,95.0,85.126,46649.78
HLA-B*51:03,HALRLHMRRRMDV,38.444,20.154,36540.14
HLA-B*51:03,ALRLHMRRRMDVK,97.5,83.505,46500.11
HLA-B*51:03,LRLHMRRRMDVKQ,100.0,90.489,47174.11
HLA-B*51:03,RLHMRRRMDVKQE,100.0,94.543,47628.52
HLA-B*51:03,LHMRRRMDVKQEH,74.286,84.545,46595.81
HLA-B*51:03,HMRRRMDVKQEHF,71.429,60.949,44319.54
HLA-B*51:03,MRRRMDVKQEHFD,95.0,77.148,45922.64
HLA-B*51:03,RRRMDVKQEHFDL,82.5,71.326,45383.24
HLA-B*51:03,RRMDVKQEHFDLK,85.0,76.445,45859.57
HLA-B*51:03,RMDVKQEHFDLKV,58.5,45.982,42401.03
HLA-B*51:03,MDVKQEHFDLKVE,88.333,67.279,44988.7
HLA-B*51:03,DVKQEHFDLKVEL,10.681,17.057,35336.4
HLA-B*51:03,VKQEHFDLKVELT,80.0,73.653,45602.75
HLA-B*51:03,KQEHFDLKVELTE,78.333,80.915,46262.76
HLA-B*51:03,QEHFDLKVELTEA,61.071,58.476,44034.18
HLA-B*51:03,EHFDLKVELTEAI,20.976,16.059,34891.9
HLA-B*51:03,HFDLKVELTEAIG,90.0,67.928,45052.98
HLA-B*51:03,FDLKVELTEAIGR,78.333,62.619,44502.12
HLA-B*51:03,DLKVELTEAIGRA,63.214,61.898,44423.24
HLA-B*51:03,LKVELTEAIGRAE,97.5,89.621,47082.83
HLA-B*51:03,KVELTEAIGRAEH,91.667,95.368,47846.98
HLA-B*51:03,VELTEAIGRAEHF,37.947,36.355,40771.51
HLA-B*51:03,ELTEAIGRAEHFH,75.0,71.263,45377.33
HLA-B*51:03,LTEAIGRAEHFHW,58.5,30.602,39550.56
HLA-B*51:03,TEAIGRAEHFHWM,45.8,25.724,38304.39
HLA-B*51:03,EAIGRAEHFHWMR,36.667,29.425,39271.69
HLA-B*51:03,AIGRAEHFHWMRY,78.333,53.552,43435.12
HLA-B*51:03,IGRAEHFHWMRYA,83.75,38.847,41242.26
HLA-B*51:03,GRAEHFHWMRYAA,82.5,46.762,42515.43
HLA-B*51:03,RAEHFHWMRYAAD,97.5,54.048,43499.09
HLA-B*51:03,AEHFHWMRYAADQ,95.0,72.677,45510.59
HLA-B*51:03,EHFHWMRYAADQE,88.333,66.772,44938.59
HLA-B*51:03,HFHWMRYAADQEN,97.5,74.781,45709.46
HLA-B*51:03,FHWMRYAADQENR,91.667,67.569,45017.41
HLA-B*51:03,HWMRYAADQENRV,33.429,38.305,41142.43
HLA-B*51:03,WMRYAADQENRVQ,93.333,66.526,44914.29
HLA-B*51:03,MRYAADQENRVQT,78.333,64.903,44753.24
HLA-B*51:03,RYAADQENRVQTR,86.667,91.885,47330.04
HLA-B*51:03,YAADQENRVQTRY,28.469,37.609,41012.2
HLA-B*51:03,AADQENRVQTRYA,59.25,59.724,44183.1
HLA-B*51:03,ADQENRVQTRYAI,54.815,40.894,41595.38
HLA-B*51:03,DQENRVQTRYAIE,80.0,60.804,44303.74
HLA-B*51:03,QENRVQTRYAIEE,91.667,81.429,46309.83
HLA-B*51:03,ENRVQTRYAIEEI,53.889,33.623,40219.01
HLA-B*51:03,NRVQTRYAIEEIE,93.333,75.952,45815.44
HLA-B*51:03,RVQTRYAIEEIEA,91.667,72.521,45495.82
HLA-B*51:03,VQTRYAIEEIEAG,93.333,77.835,45984.28
HLA-B*51:03,QTRYAIEEIEAGD,100.0,88.779,47001.38
HLA-B*51:03,TRYAIEEIEAGDF,66.364,48.166,42722.95
HLA-B*51:03,RYAIEEIEAGDFI,44.455,18.073,35757.93
HLA-B*51:03,YAIEEIEAGDFIA,35.917,17.127,35365.47
HLA-B*51:03,AIEEIEAGDFIAG,90.0,78.189,46016.14
HLA-B*51:03,IEEIEAGDFIAGS,95.0,76.866,45897.29
HLA-B*51:03,EEIEAGDFIAGSD,80.0,69.075,45166.7
HLA-B*51:03,EIEAGDFIAGSDR,93.333,88.774,47000.89
HLA-B*51:03,IEAGDFIAGSDRE,93.333,91.949,47337.21
HLA-B*51:03,EAGDFIAGSDREL,18.079,30.951,39632.39
HLA-B*51:03,AGDFIAGSDRELV,72.143,44.948,42244.44
HLA-B*51:03,GDFIAGSDRELVL,46.111,48.795,42812.7
HLA-B*51:03,DFIAGSDRELVLF,34.154,28.522,39050.93
HLA-B*51:03,FIAGSDRELVLFV,51.852,19.769,36398.49
HLA-B*51:03,IAGSDRELVLFVH,72.143,46.082,42415.71
HLA-B*51:03,AGSDRELVLFVHA,77.5,55.992,43739.3
HLA-B*51:03,GSDRELVLFVHAD,97.5,80.909,46262.25
HLA-B*51:03,SDRELVLFVHADG,95.0,74.796,45710.96
HLA-B*51:03,DRELVLFVHADGR,90.0,77.132,45921.13
HLA-B*51:03,RELVLFVHADGRR,95.0,85.521,46687.64
HLA-B*51:03,ELVLFVHADGRRD,100.0,92.63,47413.59
HLA-B*51:03,LVLFVHADGRRDI,60.357,34.594,40419.7
HLA-B*51:03,VLFVHADGRRDIK,91.667,68.273,45087.14
HLA-B*51:03,LFVHADGRRDIKP,95.0,85.384,46674.52
HLA-B*51:03,FVHADGRRDIKPE,95.0,86.258,46758.42
HLA-B*51:03,VHADGRRDIKPEK,82.5,92.411,47388.95
HLA-B*51:03,HADGRRDIKPEKP,75.833,90.444,47168.99
HLA-B*51:03,ADGRRDIKPEKPD,97.5,97.493,48822.84
HLA-B*51:03,DGRRDIKPEKPDI,44.727,46.266,42442.8
HLA-B*51:03,GRRDIKPEKPDIE,93.333,96.387,48312.58
HLA-B*51:03,RRDIKPEKPDIET,65.909,87.468,46874.93
HLA-B*51:03,RDIKPEKPDIETV,39.294,44.707,42206.05
HLA-B*51:03,DIKPEKPDIETVR,57.0,69.975,45256.25
HLA-B*51:03,IKPEKPDIETVRL,15.101,26.038,38391.94
HLA-B*51:03,KPEKPDIETVRLT,38.778,44.5,42173.18
HLA-B*51:03,PEKPDIETVRLTF,50.0,59.056,44103.33
HLA-B*51:03,EKPDIETVRLTFI,35.75,30.65,39561.71
HLA-B*51:03,KPDIETVRLTFIM,31.265,18.816,36041.11
HLA-B*51:03,PDIETVRLTFIMH,93.333,80.082,46186.71
HLA-B*51:03,DIETVRLTFIMHF,40.0,26.413,38491.33
HLA-B*51:03,IETVRLTFIMHFR,86.667,54.57,43566.44
HLA-B*51:03,ETVRLTFIMHFRV,49.143,13.639,33708.5
HLA-B*51:03,TVRLTFIMHFRVA,70.714,38.637,41203.45
HLA-B*51:03,VRLTFIMHFRVAR,90.0,57.284,43892.45
HLA-B*51:03,RLTFIMHFRVARP,97.5,63.08,44552.72
HLA-B*51:03,LTFIMHFRVARPT,93.333,38.174,41118.4
HLA-B*51:03,TFIMHFRVARPTY,70.714,39.481,41353.96
HLA-B*51:03,FIMHFRVARPTYL,48.375,17.104,35355.91
HLA-B*51:03,IMHFRVARPTYLY,60.357,23.936,37786.55
HLA-B*51:03,MHFRVARPTYLYK,47.375,23.513,37652.68
HLA-B*51:03,HFRVARPTYLYKS,90.0,79.43,46127.8
HLA-B*51:03,FRVARPTYLYKSA,34.692,11.953,32733.75
HLA-B*51:03,RVARPTYLYKSAS,95.0,71.315,45382.24
HLA-B*51:03,VARPTYLYKSASY,32.903,27.331,38737.84
HLA-B*51:03,ARPTYLYKSASYS,93.333,68.012,45061.27
HLA-B*51:03,RPTYLYKSASYSV,20.171,6.709,28326.89
HLA-B*51:03,PTYLYKSASYSVG,97.5,72.093,45455.47
HLA-B*51:03,TYLYKSASYSVGA,86.667,53.231,43393.8
HLA-B*51:03,YLYKSASYSVGAE,90.0,56.744,43828.38
HLA-B*51:03,LYKSASYSVGAET,88.333,57.0,43858.72
HLA-B*51:03,YKSASYSVGAETL,65.455,44.506,42174.1
HLA-B*51:03,KSASYSVGAETLI,61.429,25.261,38174.88
HLA-B*51:03,SASYSVGAETLIG,86.667,50.485,43041.7
HLA-B*51:03,ASYSVGAETLIGG,80.0,58.716,44062.79
HLA-B*51:03,SYSVGAETLIGGN,97.5,86.753,46806.0
HLA-B*51:03,YSVGAETLIGGNR,81.25,74.097,45644.74
HLA-B*51:03,SVGAETLIGGNRR,93.333,95.542,47926.25
HLA-B*51:03,VGAETLIGGNRRR,86.667,95.353,47840.25
HLA-B*51:03,GAETLIGGNRRRG,97.5,95.875,48077.91
HLA-B*51:03,AETLIGGNRRRGI,64.286,51.105,43120.94
HLA-B*51:03,ETLIGGNRRRGIV,40.375,33.886,40273.44
HLA-B*51:03,TLIGGNRRRGIVN,95.0,87.726,46899.79
HLA-B*51:03,LIGGNRRRGIVNR,95.0,95.077,47715.15
HLA-B*51:03,IGGNRRRGIVNRV,52.222,53.895,43479.32
HLA-B*51:03,GGNRRRGIVNRVL,88.333,85.921,46726.05
HLA-B*51:03,GNRRRGIVNRVLS,100.0,95.225,47782.32
HLA-B*51:03,NRRRGIVNRVLSV,39.471,30.697,39572.83
HLA-B*51:03,RRRGIVNRVLSVQ,95.0,81.413,46308.31
HLA-B*51:03,RRGIVNRVLSVQD,97.5,86.832,46813.61
HLA-B*51:03,RGIVNRVLSVQDS,97.5,82.459,46404.12
HLA-B*51:03,GIVNRVLSVQDSS,97.5,95.079,47715.68
HLA-B*51:03,IVNRVLSVQDSSA,88.333,65.344,44797.79
HLA-B*51:03,VNRVLSVQDSSAK,95.0,88.474,46971.89
HLA-B*51:03,NRVLSVQDSSAKR,76.667,90.27,47149.62
HLA-B*51:03,RVLSVQDSSAKRT,95.0,90.695,47197.08
HLA-B*51:03,VLSVQDSSAKRTY,73.571,74.003,45635.85
HLA-B*51:03,LSVQDSSAKRTYA,77.5,56.816,43836.92
HLA-B*51:03,SVQDSSAKRTYAD,95.0,86.558,46787.26
HLA-B*51:03,VQDSSAKRTYADD,97.5,92.356,47382.81
HLA-B*51:03,QDSSAKRTYADDM,77.5,73.69,45606.22
HLA-B*51:03,DSSAKRTYADDMA,67.273,58.648,44054.69
HLA-B*51:03,SSAKRTYADDMAG,93.333,66.117,44873.96
HLA-B*51:03,SAKRTYADDMAGS,93.333,82.136,46374.51
HLA-B*51:03,AKRTYADDMAGSM,61.071,54.96,43616.91
HLA-B*51:03,KRTYADDMAGSMV,70.714,36.216,40744.62
HLA-B*51:03,RTYADDMAGSMVD,86.667,50.609,43057.52
HLA-B*51:03,TYADDMAGSMVDL,70.0,46.301,42447.87
HLA-B*51:03,YADDMAGSMVDLA,53.148,28.131,38953.46
HLA-B*51:03,ADDMAGSMVDLAV,62.857,28.156,38959.77
HLA-B*51:03,DDMAGSMVDLAVE,83.75,49.556,42918.46
HLA-B*51:03,DMAGSMVDLAVED,95.0,63.326,44579.74
HLA-B*51:03,MAGSMVDLAVEDL,45.9,22.676,37388.4
HLA-B*51:03,AGSMVDLAVEDLN,97.5,86.716,46802.47
HLA-B*51:03,GSMVDLAVEDLNR,95.0,87.847,46911.46
HLA-B*51:03,SMVDLAVEDLNRD,97.5,87.663,46893.71
HLA-B*51:03,MVDLAVEDLNRDV,70.714,46.524,42480.48
HLA-B*51:03,VDLAVEDLNRDVK,95.0,86.258,46758.42
HLA-B*51:03,DLAVEDLNRDVKS,93.333,90.741,47202.2
HLA-B*51:03,LAVEDLNRDVKSE,88.333,87.174,46846.53
HLA-B*51:03,AVEDLNRDVKSES,95.0,95.881,48081.04
HLA-B*51:03,VEDLNRDVKSESR,75.0,93.532,47514.76
HLA-B*51:03,EDLNRDVKSESRF,63.929,72.521,45495.82
HLA-B*51:03,DLNRDVKSESRFV,42.385,34.503,40400.88
HLA-B*51:03,LNRDVKSESRFVD,97.5,81.09,46278.75
HLA-B*51:03,NRDVKSESRFVDF,73.571,63.291,44575.86
HLA-B*51:03,RDVKSESRFVDFS,97.5,82.558,46413.16
HLA-B*51:03,DVKSESRFVDFST,61.429,47.437,42615.38
HLA-B*51:03,VKSESRFVDFSTP,83.75,63.708,44621.71
HLA-B*51:03,KSESRFVDFSTPY,78.333,51.178,43130.25
HLA-B*51:03,SESRFVDFSTPYE,78.333,64.222,44678.23
HLA-B*51:03,ESRFVDFSTPYEP,58.75,40.593,41544.55
HLA-B*51:03,SRFVDFSTPYEPV,62.5,31.363,39726.84
HLA-B*51:03,RFVDFSTPYEPVR,93.333,68.263,45086.15
HLA-B*51:03,FVDFSTPYEPVRH,85.0,63.089,44553.7
HLA-B*51:03,VDFSTPYEPVRHR,34.846,54.778,43593.31
HLA-B*51:03,DFSTPYEPVRHRY,31.941,36.082,40718.61
HLA-B*51:03,FSTPYEPVRHRYL,19.182,12.539,33084.12
HLA-B*51:03,STPYEPVRHRYLT,47.625,27.784,38861.68
HLA-B*51:03,TPYEPVRHRYLTA,2.534,1.664,17810.22
HLA-B*51:03,PYEPVRHRYLTAV,54.259,30.245,39466.79
HLA-B*51:03,YEPVRHRYLTAVF,39.0,15.256,34516.04
HLA-B*51:03,EPVRHRYLTAVFG,40.938,12.038,32787.65
HLA-B*51:03,PVRHRYLTAVFGA,97.5,66.545,44916.23
HLA-B*51:03,VRHRYLTAVFGAK,91.667,69.577,45216.6
HLA-B*51:03,RHRYLTAVFGAKT,95.0,70.334,45290.03
HLA-B*51:03,HRYLTAVFGAKTL,39.588,32.117,39897.84
HLA-B*51:03,RYLTAVFGAKTLI,50.185,21.248,36925.66
HLA-B*51:03,YLTAVFGAKTLIT,81.25,47.099,42565.14
HLA-B*51:03,LTAVFGAKTLITL,45.3,26.95,38634.03
HLA-B*51:03,TAVFGAKTLITLF,35.875,18.862,36058.66
HLA-B*51:03,AVFGAKTLITLFM,62.5,42.548,41865.85
HLA-B*51:03,VFGAKTLITLFMM,85.0,46.119,42421.24
HLA-B*51:03,FGAKTLITLFMML,32.323,26.903,38621.5
HLA-B*51:03,GAKTLITLFMMLV,53.704,43.917,42081.11
HLA-B*51:03,AKTLITLFMMLVT,97.5,82.245,46384.53
HLA-B*51:03,KTLITLFMMLVTG,100.0,73.236,45563.3
HLA-B*51:03,TLITLFMMLVTGT,97.5,78.079,46006.17
HLA-B*51:03,LITLFMMLVTGTS,100.0,70.511,45306.71
HLA-B*51:03,ITLFMMLVTGTST,93.333,62.399,44478.08
HLA-B*51:03,TLFMMLVTGTSTC,79.167,64.257,44682.09
HLA-B*51:03,LFMMLVTGTSTCD,100.0,82.185,46379.02
HLA-B*51:03,FMMLVTGTSTCDK,93.333,58.784,44070.89
HLA-B*51:03,MMLVTGTSTCDKY,70.714,33.053,40101.27
HLA-B*51:03,MLVTGTSTCDKYA,83.75,53.257,43397.07
HLA-B*51:03,LVTGTSTCDKYAI,63.571,29.194,39216.49
HLA-B*51:03,VTGTSTCDKYAII,60.714,37.335,40960.31
HLA-B*51:03,TGTSTCDKYAIIN,97.5,72.182,45463.82
HLA-B*51:03,GTSTCDKYAIINL,82.5,66.521,44913.79
HLA-B*51:03,TSTCDKYAIINLL,37.368,20.181,36549.64
HLA-B*51:03,STCDKYAIINLLF,55.25,29.773,39355.05
HLA-B*51:03,TCDKYAIINLLFV,44.182,17.906,35690.68
HLA-B*51:03,CDKYAIINLLFVD,97.5,53.807,43468.05
HLA-B*51:03,DKYAIINLLFVDR,80.0,48.685,42796.96
HLA-B*51:03,KYAIINLLFVDRD,97.5,76.456,45860.55
HLA-B*51:03,YAIINLLFVDRDA,48.25,27.736,38848.65
HLA-B*51:03,AIINLLFVDRDAL,77.5,55.664,43700.53
HLA-B*51:03,IINLLFVDRDALD,97.5,73.648,45602.28
HLA-B*51:03,INLLFVDRDALDF,86.667,49.653,42931.92
HLA-B*51:03,NLLFVDRDALDFE,95.0,72.803,45522.41
HLA-B*51:03,LLFVDRDALDFED,97.5,68.342,45093.94
HLA-B*51:03,LFVDRDALDFEDL,82.5,56.5,43799.45
HLA-B*51:03,FVDRDALDFEDLG,95.0,62.465,44485.28
HLA-B*51:03,VDRDALDFEDLGL,67.273,52.422,43289.68
HLA-B*51:03,DRDALDFEDLGLP,70.0,49.549,42917.52
HLA-B*51:03,RDALDFEDLGLPN,97.5,78.173,46014.63
HLA-B*51:03,DALDFEDLGLPND,82.5,60.576,44278.8
HLA-B*51:03,ALDFEDLGLPNDV,82.5,59.064,44104.27
HLA-B*51:03,LDFEDLGLPNDVG,93.333,68.529,45112.5
HLA-B*51:03,DFEDLGLPNDVGE,91.667,86.879,46818.17
HLA-B*51:03,FEDLGLPNDVGEN,97.5,80.668,46240.24
HLA-B*51:03,EDLGLPNDVGENT,37.789,66.801,44941.49
HLA-B*51:03,DLGLPNDVGENTN,93.333,91.871,47328.51
HLA-B*51:03,LGLPNDVGENTNL,41.417,41.93,41763.59
HLA-B*51:03,GLPNDVGENTNLI,16.342,6.079,27541.71
HLA-B*51:03,LPNDVGENTNLIL,5.994,3.033,22215.46
HLA-B*51:03,PNDVGENTNLILL,67.273,61.388,44367.53
HLA-B*51:03,NDVGENTNLILLT,85.0,65.719,44834.64
HLA-B*51:03,DVGENTNLILLTQ,69.091,64.504,44709.19
HLA-B*51:03,VGENTNLILLTQD,97.5,82.234,46383.54
HLA-B*51:03,GENTNLILLTQDS,97.5,90.595,47185.85
HLA-B*51:03,ENTNLILLTQDSP,88.333,68.912,45150.6
HLA-B*51:03,NTNLILLTQDSPV,47.875,17.594,35560.0
HLA-B*51:03,TNLILLTQDSPVK,91.667,75.592,45783.21
HLA-B*51:03,NLILLTQDSPVKG,82.5,76.932,45903.25
HLA-B*51:03,LILLTQDSPVKGV,58.25,38.271,41136.2
HLA-B*51:03,ILLTQDSPVKGVF,55.5,36.855,40868.67
HLA-B*51:03,LLTQDSPVKGVFS,93.333,71.493,45398.96
HLA-B*51:03,LTQDSPVKGVFSN,85.0,50.817,43084.08
HLA-B*51:03,TQDSPVKGVFSNI,31.912,18.608,35961.63
HLA-B*51:03,QDSPVKGVFSNIF,45.7,35.163,40536.17
HLA-B*51:03,DSPVKGVFSNIFK,65.455,40.566,41540.08
HLA-B*51:03,SPVKGVFSNIFKT,37.947,18.444,35899.04
HLA-B*51:03,PVKGVFSNIFKTV,68.182,56.252,43770.08
HLA-B*51:03,VKGVFSNIFKTVA,91.667,64.108,44665.67
HLA-B*51:03,KGVFSNIFKTVAI,66.818,32.093,39892.67
HLA-B*51:03,GVFSNIFKTVAIL,70.714,37.499,40991.36
HLA-B*51:03,VFSNIFKTVAILL,67.727,36.595,40818.31
HLA-B*51:03,FSNIFKTVAILLV,52.593,11.929,32717.82
HLA-B*51:03,SNIFKTVAILLVA,75.0,42.858,41917.51
HLA-B*51:03,NIFKTVAILLVAT,88.333,56.16,43759.19
HLA-B*51:03,IFKTVAILLVATG,91.667,60.031,44219.45
HLA-B*51:03,FKTVAILLVATGF,90.0,48.396,42755.77
HLA-B*51:03,KTVAILLVATGFS,97.5,81.38,46305.32
HLA-B*51:03,TVAILLVATGFSL,58.75,29.75,39349.52
HLA-B*51:03,VAILLVATGFSLT,71.429,38.804,41234.23
HLA-B*51:03,AILLVATGFSLTK,78.333,73.523,45590.43
HLA-B*51:03,ILLVATGFSLTKL,74.286,46.533,42481.86
HLA-B*51:03,LLVATGFSLTKLP,88.333,51.123,43123.27
HLA-B*51:03,LVATGFSLTKLPT,97.5,68.159,45075.91
HLA-B*51:03,VATGFSLTKLPTK,73.571,62.961,44539.71
HLA-B*51:03,ATGFSLTKLPTKL,64.286,58.956,44091.39
HLA-B*51:03,TGFSLTKLPTKLR,67.727,66.476,44909.42
HLA-B*51:03,GFSLTKLPTKLRC,93.333,79.629,46145.77
HLA-B*51:03,FSLTKLPTKLRCL,29.0,24.202,37866.34
HLA-B*51:03,SLTKLPTKLRCLL,39.824,22.113,37210.83
HLA-B*51:03,LTKLPTKLRCLLA,73.571,30.376,39497.54
HLA-B*51:03,TKLPTKLRCLLAR,81.25,61.059,44331.55
HLA-B*51:03,KLPTKLRCLLARS,97.5,68.568,45116.4
HLA-B*51:03,LPTKLRCLLARSE,70.0,38.61,41198.56
HLA-B*51:03,PTKLRCLLARSET,100.0,94.629,47638.29
HLA-B*51:03,TKLRCLLARSETL,64.643,46.433,42467.14
HLA-B*51:03,KLRCLLARSETLD,97.5,81.44,46310.82
HLA-B*51:03,LRCLLARSETLDS,97.5,79.673,46149.76
HLA-B*51:03,RCLLARSETLDSI,69.545,37.728,41034.84
HLA-B*51:03,CLLARSETLDSIL,85.0,38.506,41179.38
HLA-B*51:03,LLARSETLDSILG,97.5,67.367,44997.46
HLA-B*51:03,LARSETLDSILGL,35.708,23.844,37757.54
HLA-B*51:03,ARSETLDSILGLS,90.0,80.613,46235.23
HLA-B*51:03,RSETLDSILGLSI,59.25,22.616,37369.38
HLA-B*51:03,SETLDSILGLSIT,73.571,50.306,43018.86
HLA-B*51:03,ETLDSILGLSITA,30.081,28.759,39110.14
HLA-B*51:03,TLDSILGLSITAP,90.0,68.499,45109.56
HLA-B*51:03,LDSILGLSITAPE,97.5,69.031,45162.3
HLA-B*51:03,DSILGLSITAPEQ,80.0,73.173,45557.39
HLA-B*51:03,SILGLSITAPEQY,50.926,60.163,44233.79
HLA-B*51:03,ILGLSITAPEQYE,95.0,88.179,46943.46
HLA-B*51:03,LGLSITAPEQYEL,40.625,30.558,39540.31
HLA-B*51:03,GLSITAPEQYELG,95.0,79.806,46161.76
HLA-B*51:03,LSITAPEQYELGR,69.545,64.864,44748.88
HLA-B*51:03,SITAPEQYELGRM,66.364,64.025,44656.48
HLA-B*51:03,ITAPEQYELGRMR,58.75,67.869,45047.14
HLA-B*51:03,TAPEQYELGRMRN,90.0,78.544,46048.0
HLA-B*51:03,APEQYELGRMRNK,72.857,80.915,46262.76
HLA-B*51:03,PEQYELGRMRNKT,95.0,92.077,47351.56
HLA-B*51:03,EQYELGRMRNKTK,44.909,67.475,45008.18
HLA-B*51:03,QYELGRMRNKTKP,91.667,85.753,46709.9
HLA-B*51:03,YELGRMRNKTKPL,57.0,41.522,41697.69
HLA-B*51:03,ELGRMRNKTKPLN,97.5,90.494,47174.62
HLA-B*51:03,LGRMRNKTKPLNI,66.818,36.786,40855.42
HLA-B*51:03,GRMRNKTKPLNIL,80.0,71.195,45370.95
HLA-B*51:03,RMRNKTKPLNILL,43.727,37.705,41030.4
HLA-B*51:03,MRNKTKPLNILLL,50.926,25.1,38129.9
HLA-B*51:03,RNKTKPLNILLLY,39.824,27.587,38807.91
HLA-B*51:03,NKTKPLNILLLYD,64.286,47.39,42608.45
HLA-B*51:03,KTKPLNILLLYDS,78.333,70.767,45330.73
HLA-B*51:03,TKPLNILLLYDSR,70.714,63.33,44580.2
HLA-B*51:03,KPLNILLLYDSRG,72.143,40.112,41463.29
HLA-B*51:03,PLNILLLYDSRGR,100.0,95.777,48033.19
HLA-B*51:03,LNILLLYDSRGRL,58.75,40.574,41541.42
HLA-B*51:03,NILLLYDSRGRLP,83.75,51.327,43149.39
HLA-B*51:03,ILLLYDSRGRLPD,97.5,82.442,46402.6
HLA-B*51:03,LLLYDSRGRLPDP,97.5,78.893,46079.39
HLA-B*51:03,LLYDSRGRLPDPL,52.407,27.123,38680.88
HLA-B*51:03,LYDSRGRLPDPLV,50.37,28.053,38934.08
HLA-B*51:03,YDSRGRLPDPLVI,27.352,18.127,35778.44
HLA-B*51:03,DSRGRLPDPLVIF,19.716,23.711,37715.48
HLA-B*51:03,SRGRLPDPLVIFG,66.818,46.464,42471.75
HLA-B*51:03,RGRLPDPLVIFGR,81.25,65.103,44774.05
HLA-B*51:03,GRLPDPLVIFGRW,43.636,20.615,36705.0
HLA-B*51:03,RLPDPLVIFGRWI,41.167,8.49,30152.7
HLA-B*51:03,LPDPLVIFGRWIA,19.622,4.594,25412.62
HLA-B*51:03,PDPLVIFGRWIAA,52.593,20.272,36582.49
HLA-B*51:03,DPLVIFGRWIAAS,44.909,13.175,33454.9
HLA-B*51:03,PLVIFGRWIAASE,100.0,93.353,47494.69
HLA-B*51:03,LVIFGRWIAASER,90.0,65.733,44836.12
HLA-B*51:03,VIFGRWIAASERG,97.5,67.485,45009.13
HLA-B*51:03,IFGRWIAASERGR,95.0,89.984,47117.98
HLA-B*51:03,FGRWIAASERGRP,91.667,56.768,43831.21
HLA-B*51:03,GRWIAASERGRPY,79.167,69.911,45249.86
HLA-B*51:03,RWIAASERGRPYD,97.5,86.905,46820.7
HLA-B*51:03,WIAASERGRPYDV,75.0,42.706,41892.13
HLA-B*51:03,IAASERGRPYDVE,86.667,76.523,45866.52
HLA-B*51:03,AASERGRPYDVEN,95.0,89.526,47073.66
HLA-B*51:03,ASERGRPYDVENG,100.0,95.436,47878.06
HLA-B*51:03,SERGRPYDVENGS,45.5,57.8,43953.75
HLA-B*51:03,ERGRPYDVENGSH,77.5,86.089,46742.23
HLA-B*51:03,RGRPYDVENGSHL,24.403,34.702,40441.99
HLA-B*51:03,GRPYDVENGSHLI,14.373,7.199,28895.56
HLA-B*51:03,RPYDVENGSHLIE,15.119,10.217,31535.41
HLA-B*51:03,PYDVENGSHLIEV,73.571,54.136,43510.4
HLA-B*51:03,YDVENGSHLIEVQ,74.286,66.663,44927.88
HLA-B*51:03,DVENGSHLIEVQH,64.286,75.975,45817.41
HLA-B*51:03,VENGSHLIEVQHA,62.857,57.176,43879.63
HLA-B*51:03,ENGSHLIEVQHAH,58.0,79.33,46118.82
HLA-B*51:03,NGSHLIEVQHAHP,90.0,72.317,45476.61
HLA-B*51:03,GSHLIEVQHAHPV,69.545,34.224,40343.23
HLA-B*51:03,SHLIEVQHAHPVI,40.812,17.421,35487.75
HLA-B*51:03,HLIEVQHAHPVIS,69.545,50.292,43017.0
HLA-B*51:03,LIEVQHAHPVISG,97.5,65.522,44815.25
HLA-B*51:03,IEVQHAHPVISGS,75.833,63.959,44649.25
HLA-B*51:03,EVQHAHPVISGSQ,85.0,81.572,46322.86
HLA-B*51:03,VQHAHPVISGSQI,9.551,4.921,25924.73
HLA-B*51:03,QHAHPVISGSQIN,56.0,42.131,41796.6
HLA-B*51:03,HAHPVISGSQINF,18.652,20.096,36519.6
HLA-B*51:03,AHPVISGSQINFT,77.5,55.56,43688.24
HLA-B*51:03,HPVISGSQINFTG,41.25,23.385,37612.38
HLA-B*51:03,PVISGSQINFTGV,81.25,62.856,44528.14
HLA-B*51:03,VISGSQINFTGVT,95.0,72.824,45524.38
HLA-B*51:03,ISGSQINFTGVTL,43.909,31.614,39784.05
HLA-B*51:03,SGSQINFTGVTLW,44.727,27.679,38833.09
HLA-B*51:03,GSQINFTGVTLWG,86.667,65.217,44785.2
HLA-B*51:03,SQINFTGVTLWGV,66.364,23.857,37761.61
HLA-B*51:03,QINFTGVTLWGVV,70.714,30.502,39527.05
HLA-B*51:03,INFTGVTLWGVVP,88.333,54.548,43563.61
HLA-B*51:03,NFTGVTLWGVVPA,88.333,43.723,42051.54
HLA-B*51:03,FTGVTLWGVVPAT,83.75,50.186,43003.52
HLA-B*51:03,TGVTLWGVVPATV,38.889,22.061,37194.73
HLA-B*51:03,GVTLWGVVPATVD,100.0,82.946,46448.82
HLA-B*51:03,VTLWGVVPATVDS,97.5,71.639,45412.69
HLA-B*51:03,TLWGVVPATVDSI,38.5,20.916,36813.17
HLA-B*51:03,LWGVVPATVDSIA,51.667,22.98,37484.39
HLA-B*51:03,WGVVPATVDSIAN,95.0,53.304,43403.17
HLA-B*51:03,GVVPATVDSIANY,65.0,55.456,43675.93
HLA-B*51:03,VVPATVDSIANYG,88.333,59.428,44147.72
HLA-B*51:03,VPATVDSIANYGG,67.727,40.835,41585.48
HLA-B*51:03,PATVDSIANYGGE,100.0,96.197,48225.35
HLA-B*51:03,ATVDSIANYGGEP,90.0,85.095,46646.74
HLA-B*51:03,TVDSIANYGGEPD,97.5,88.479,46972.41
HLA-B*51:03,VDSIANYGGEPDM,78.333,58.508,44037.99
HLA-B*51:03,DSIANYGGEPDMM,37.368,21.65,37058.95
HLA-B*51:03,SIANYGGEPDMMK,79.167,81.846,46347.93
HLA-B*51:03,IANYGGEPDMMKI,25.284,11.685,32554.68
HLA-B*51:03,ANYGGEPDMMKIL,50.37,59.904,44204.62
HLA-B*51:03,NYGGEPDMMKILR,59.75,61.252,44352.65
HLA-B*51:03,YGGEPDMMKILRS,82.5,53.705,43454.88
HLA-B*51:03,GGEPDMMKILRSY,58.75,45.5,42328.16
HLA-B*51:03,GEPDMMKILRSYE,82.5,72.208,45466.29
HLA-B*51:03,EPDMMKILRSYET,40.25,25.3,38185.61
HLA-B*51:03,PDMMKILRSYETE,97.5,83.379,46488.53
HLA-B*51:03,DMMKILRSYETEG,90.0,50.85,43088.27
HLA-B*51:03,MMKILRSYETEGV,79.167,27.023,38653.7
HLA-B*51:03,MKILRSYETEGVM,46.667,18.367,35869.54
HLA-B*51:03,KILRSYETEGVMH,88.333,81.555,46321.36
HLA-B*51:03,ILRSYETEGVMHG,93.333,66.398,44901.63
HLA-B*51:03,LRSYETEGVMHGH,91.667,77.984,45997.72
HLA-B*51:03,RSYETEGVMHGHA,72.143,44.549,42180.93
HLA-B*51:03,SYETEGVMHGHAN,97.5,86.005,46734.15
HLA-B*51:03,YETEGVMHGHANA,49.143,43.512,42019.25
HLA-B*51:03,ETEGVMHGHANAE,88.333,84.091,46553.97
HLA-B*51:03,TEGVMHGHANAEK,88.333,83.456,46495.58
HLA-B*51:03,EGVMHGHANAEKN,97.5,92.004,47343.35
HLA-B*51:03,GVMHGHANAEKNI,72.143,52.487,43298.11
HLA-B*51:03,VMHGHANAEKNIA,90.0,65.871,44849.68
HLA-B*51:03,MHGHANAEKNIAT,91.667,75.426,45768.36
HLA-B*51:03,HGHANAEKNIATL,35.792,43.068,41951.55
HLA-B*51:03,GHANAEKNIATLI,57.25,26.832,38602.7
HLA-B*51:03,HANAEKNIATLIK,68.182,44.572,42184.6
HLA-B*51:03,ANAEKNIATLIKR,85.0,84.907,46629.09
HLA-B*51:03,NAEKNIATLIKRA,58.0,41.464,41688.2
HLA-B*51:03,AEKNIATLIKRAP,80.0,74.483,45681.29
HLA-B*51:03,EKNIATLIKRAPL,72.857,47.774,42665.65
HLA-B*51:03,KNIATLIKRAPLI,55.5,23.659,37698.75
HLA-B*51:03,NIATLIKRAPLII,34.962,19.381,36253.47
HLA-B*51:03,IATLIKRAPLIIP,69.545,34.044,40306.15
HLA-B*51:03,ATLIKRAPLIIPK,82.5,64.222,44678.23
HLA-B*51:03,TLIKRAPLIIPKD,91.667,66.88,44949.29
HLA-B*51:03,LIKRAPLIIPKDQ,91.667,79.945,46174.23
HLA-B*51:03,IKRAPLIIPKDQL,56.5,56.9,43846.87
HLA-B*51:03,KRAPLIIPKDQLS,86.667,81.309,46298.81
HLA-B*51:03,RAPLIIPKDQLST,70.714,61.107,44336.81
HLA-B*51:03,APLIIPKDQLSTK,44.727,58.816,44074.7
HLA-B*51:03,PLIIPKDQLSTKI,35.417,31.237,39698.06
HLA-B*51:03,LIIPKDQLSTKIY,50.926,43.711,42049.72
HLA-B*51:03,IIPKDQLSTKIYR,64.643,70.532,45308.66
HLA-B*51:03,IPKDQLSTKIYRP,27.074,27.236,38711.87
HLA-B*51:03,PKDQLSTKIYRPA,95.0,75.266,45753.99
HLA-B*51:03,KDQLSTKIYRPAD,100.0,91.011,47232.34
HLA-B*51:03,DQLSTKIYRPADE,85.0,80.515,46226.22
HLA-B*51:03,QLSTKIYRPADEV,46.333,39.378,41336.07
HLA-B*51:03,LSTKIYRPADEVP,85.0,53.169,43385.82
HLA-B*51:03,STKIYRPADEVPA,81.25,55.608,43693.91
HLA-B*51:03,TKIYRPADEVPAL,9.396,24.046,37820.48
HLA-B*51:03,KIYRPADEVPALM,33.857,27.117,38679.21
HLA-B*51:03,IYRPADEVPALMD,53.519,46.978,42547.16
HLA-B*51:03,YRPADEVPALMDT,47.5,50.408,43031.9
HLA-B*51:03,RPADEVPALMDTV,5.298,7.042,28723.47
HLA-B*51:03,PADEVPALMDTVD,91.667,74.609,45693.16
HLA-B*51:03,ADEVPALMDTVDA,86.667,65.113,44775.04
HLA-B*51:03,DEVPALMDTVDAE,71.429,59.516,44158.23
HLA-B*51:03,EVPALMDTVDAEV,31.618,17.844,35664.82
HLA-B*51:03,VPALMDTVDAEVG,68.636,27.403,38757.54
HLA-B*51:03,PALMDTVDAEVGD,100.0,95.169,47756.47
HLA-B*51:03,ALMDTVDAEVGDY,80.0,68.627,45122.28
HLA-B*51:03,LMDTVDAEVGDYN,97.5,81.785,46342.4
HLA-B*51:03,MDTVDAEVGDYNL,52.963,41.014,41615.64
HLA-B*51:03,DTVDAEVGDYNLI,20.846,10.411,31674.6
HLA-B*51:03,TVDAEVGDYNLIM,44.0,48.104,42714.16
HLA-B*51:03,VDAEVGDYNLIML,31.676,44.356,42150.37
HLA-B*51:03,DAEVGDYNLIMLI,7.052,0.742,12432.42
HLA-B*51:03,AEVGDYNLIMLIG,70.714,49.306,42884.1
HLA-B*51:03,EVGDYNLIMLIGR,80.0,53.523,43431.37
HLA-B*51:03,VGDYNLIMLIGRS,93.333,61.489,44378.57
HLA-B*51:03,GDYNLIMLIGRSQ,90.0,80.526,46227.21
HLA-B*51:03,DYNLIMLIGRSQP,67.727,57.76,43948.99
HLA-B*51:03,YNLIMLIGRSQPS,93.333,66.722,44933.73
HLA-B*51:03,NLIMLIGRSQPSQ,93.333,87.837,46910.44
HLA-B*51:03,LIMLIGRSQPSQV,41.667,19.248,36204.08
HLA-B*51:03,IMLIGRSQPSQVN,95.0,73.178,45557.89
HLA-B*51:03,MLIGRSQPSQVNK,66.364,59.18,44118.12
HLA-B*51:03,LIGRSQPSQVNKH,88.333,95.038,47697.09
HLA-B*51:03,IGRSQPSQVNKHA,39.941,38.688,41212.83
HLA-B*51:03,GRSQPSQVNKHAD,93.333,94.19,47588.85
HLA-B*51:03,RSQPSQVNKHADD,97.5,93.362,47495.73
HLA-B*51:03,SQPSQVNKHADDI,48.125,40.809,41580.98
HLA-B*51:03,QPSQVNKHADDIG,65.909,52.491,43298.59
HLA-B*51:03,PSQVNKHADDIGA,95.0,90.38,47161.85
HLA-B*51:03,SQVNKHADDIGAQ,90.0,93.028,47458.23
HLA-B*51:03,QVNKHADDIGAQV,20.171,31.497,39757.37
HLA-B*51:03,VNKHADDIGAQVT,67.727,76.24,45841.21
HLA-B*51:03,NKHADDIGAQVTN,80.0,80.049,46183.73
HLA-B*51:03,KHADDIGAQVTNL,50.741,62.667,44507.43
HLA-B*51:03,HADDIGAQVTNLT,42.308,54.803,43596.63
HLA-B*51:03,ADDIGAQVTNLTT,90.0,76.44,45859.07
HLA-B*51:03,DDIGAQVTNLTTK,63.214,73.163,45556.39
HLA-B*51:03,DIGAQVTNLTTKL,45.4,50.197,43004.91
HLA-B*51:03,IGAQVTNLTTKLS,86.667,75.98,45817.92
HLA-B*51:03,GAQVTNLTTKLSG,95.0,85.011,46638.68
HLA-B*51:03,AQVTNLTTKLSGG,97.5,92.758,47427.93
HLA-B*51:03,QVTNLTTKLSGGL,76.667,73.346,45573.68
HLA-B*51:03,VTNLTTKLSGGLT,97.5,84.502,46591.78
HLA-B*51:03,TNLTTKLSGGLTT,88.333,83.527,46502.12
HLA-B*51:03,NLTTKLSGGLTTV,59.5,45.503,42328.63
HLA-B*51:03,LTTKLSGGLTTVI,69.545,25.451,38227.79
HLA-B*51:03,TTKLSGGLTTVIF,55.0,46.639,42497.5
HLA-B*51:03,TKLSGGLTTVIFE,91.667,71.592,45408.27
HLA-B*51:03,KLSGGLTTVIFEY,78.333,69.69,45227.83
HLA-B*51:03,LSGGLTTVIFEYG,97.5,58.768,44068.98
HLA-B*51:03,SGGLTTVIFEYGN,97.5,86.763,46807.03
HLA-B*51:03,GGLTTVIFEYGNY,93.333,75.404,45766.39
HLA-B*51:03,GLTTVIFEYGNYS,97.5,83.001,46453.86
HLA-B*51:03,LTTVIFEYGNYSA,83.75,44.672,42200.57
HLA-B*51:03,TTVIFEYGNYSAK,72.857,60.299,44248.63
HLA-B*51:03,TVIFEYGNYSAKT,95.0,74.436,45676.84
HLA-B*51:03,VIFEYGNYSAKTV,24.922,13.013,33366.69
HLA-B*51:03,IFEYGNYSAKTVT,91.667,65.374,44800.71
HLA-B*51:03,FEYGNYSAKTVTM,29.091,16.979,35303.14
HLA-B*51:03,EYGNYSAKTVTMP,74.286,71.258,45376.86
HLA-B*51:03,YGNYSAKTVTMPF,35.625,13.614,33694.66
HLA-B*51:03,GNYSAKTVTMPFK,95.0,67.874,45047.64
HLA-B*51:03,NYSAKTVTMPFKF,56.5,30.522,39531.74
HLA-B*51:03,YSAKTVTMPFKFG,86.667,40.34,41501.89
HLA-B*51:03,SAKTVTMPFKFGE,82.5,59.408,44145.33
HLA-B*51:03,AKTVTMPFKFGEK,95.0,86.437,46775.64
HLA-B*51:03,KTVTMPFKFGEKL,16.138,13.247,33494.02
HLA-B*51:03,TVTMPFKFGEKLK,40.375,29.343,39252.14
HLA-B*51:03,VTMPFKFGEKLKT,59.0,31.247,39700.21
HLA-B*51:03,TMPFKFGEKLKTE,61.071,40.657,41555.35
HLA-B*51:03,MPFKFGEKLKTES,26.6,8.17,29863.4
HLA-B*51:03,PFKFGEKLKTESM,81.25,69.587,45217.56
HLA-B*51:03,FKFGEKLKTESMG,91.667,79.092,46097.35
HLA-B*51:03,KFGEKLKTESMGL,82.5,77.409,45945.98
HLA-B*51:03,FGEKLKTESMGLG,95.0,76.058,45824.83
HLA-B*51:03,GEKLKTESMGLGA,85.0,78.749,46066.44
HLA-B*51:03,EKLKTESMGLGAK,82.5,87.463,46874.42
HLA-B*51:03,KLKTESMGLGAKM,65.0,51.823,43212.95
HLA-B*51:03,LKTESMGLGAKMP,95.0,68.622,45121.78
HLA-B*51:03,KTESMGLGAKMPF,76.667,39.121,41291.36
HLA-B*51:03,TESMGLGAKMPFM,58.25,32.764,40038.84
HLA-B*51:03,ESMGLGAKMPFML,30.946,14.162,33986.09
HLA-B*51:03,SMGLGAKMPFMLL,27.019,17.563,35546.93
HLA-B*51:03,MGLGAKMPFMLLS,63.929,20.977,36835.09
HLA-B*51:03,GLGAKMPFMLLSF,83.75,46.003,42404.26
HLA-B*51:03,LGAKMPFMLLSFK,58.5,23.249,37569.27
HLA-B*51:03,GAKMPFMLLSFKM,52.778,9.126,30703.47
HLA-B*51:03,AKMPFMLLSFKMY,51.852,14.353,34078.89
HLA-B*51:03,KMPFMLLSFKMYP,69.545,6.447,28009.02
HLA-B*51:03,MPFMLLSFKMYPK,38.333,4.021,24350.73
HLA-B*51:03,PFMLLSFKMYPKY,85.0,47.824,42673.05
HLA-B*51:03,FMLLSFKMYPKYV,65.455,17.755,35627.4
HLA-B*51:03,MLLSFKMYPKYVG,86.667,38.37,41154.45
HLA-B*51:03,LLSFKMYPKYVGS,90.0,59.668,44176.4
HLA-B*51:03,LSFKMYPKYVGSA,70.0,26.305,38462.62
HLA-B*51:03,SFKMYPKYVGSAR,52.963,63.269,44573.47
HLA-B*51:03,FKMYPKYVGSARC,73.571,50.109,42993.76
HLA-B*51:03,KMYPKYVGSARCE,91.667,74.551,45687.71
HLA-B*51:03,MYPKYVGSARCEG,85.0,53.953,43486.86
HLA-B*51:03,YPKYVGSARCEGP,30.27,15.506,34632.74
HLA-B*51:03,PKYVGSARCEGPA,100.0,85.626,46697.76
HLA-B*51:03,KYVGSARCEGPAS,97.5,90.274,47150.11
HLA-B*51:03,YVGSARCEGPASA,66.364,60.228,44240.98
HLA-B*51:03,VGSARCEGPASAD,97.5,91.999,47342.83
HLA-B*51:03,GSARCEGPASADV,82.5,56.98,43856.35
HLA-B*51:03,SARCEGPASADVS,91.667,64.345,44691.77
HLA-B*51:03,ARCEGPASADVSE,78.333,88.742,46997.83
HLA-B*51:03,RCEGPASADVSEL,56.5,58.124,43992.29
HLA-B*51:03,CEGPASADVSELG,95.0,58.068,43985.62
HLA-B*51:03,EGPASADVSELGN,93.333,84.639,46604.38
HLA-B*51:03,GPASADVSELGNP,61.071,63.985,44652.13
HLA-B*51:03,PASADVSELGNPN,100.0,95.974,48123.2
HLA-B*51:03,ASADVSELGNPNK,83.75,92.708,47422.31
HLA-B*51:03,SADVSELGNPNKP,58.75,69.301,45189.2
HLA-B*51:03,ADVSELGNPNKPD,97.5,95.892,48085.73
HLA-B*51:03,DVSELGNPNKPDA,58.0,50.93,43098.53
HLA-B*51:03,VSELGNPNKPDAE,97.5,95.503,47908.64
HLA-B*51:03,SELGNPNKPDAEK,68.636,85.211,46657.84
HLA-B*51:03,ELGNPNKPDAEKA,68.636,79.529,46136.79
HLA-B*51:03,LGNPNKPDAEKAP,88.333,87.505,46878.47
HLA-B*51:03,GNPNKPDAEKAPG,97.5,92.228,47368.45
HLA-B*51:03,NPNKPDAEKAPGS,63.214,64.477,44706.27
HLA-B*51:03,PNKPDAEKAPGSG,100.0,96.573,48397.87
HLA-B*51:03,NKPDAEKAPGSGL,38.667,55.868,43724.63
HLA-B*51:03,KPDAEKAPGSGLP,35.708,45.776,42369.84
HLA-B*51:03,PDAEKAPGSGLPE,93.333,95.026,47691.93
HLA-B*51:03,DAEKAPGSGLPEE,70.714,80.915,46262.76
HLA-B*51:03,AEKAPGSGLPEEL,42.462,69.104,45169.65
HLA-B*51:03,EKAPGSGLPEELN,81.25,91.372,47272.72
HLA-B*51:03,KAPGSGLPEELNT,85.0,86.663,46797.4
HLA-B*51:03,APGSGLPEELNTE,69.091,84.825,46621.54
HLA-B*51:03,PGSGLPEELNTEL,43.0,66.949,44956.1
HLA-B*51:03,GSGLPEELNTELV,66.364,40.165,41472.25
HLA-B*51:03,SGLPEELNTELVE,74.286,60.207,44238.58
HLA-B*51:03,GLPEELNTELVEG,90.0,82.755,46431.25
HLA-B*51:03,LPEELNTELVEGK,59.25,47.316,42597.38
HLA-B*51:03,PEELNTELVEGKA,95.0,87.558,46883.55
HLA-B*51:03,EELNTELVEGKAP,72.143,71.013,45353.77
HLA-B*51:03,ELNTELVEGKAPP,86.667,80.926,46263.74
HLA-B*51:03,LNTELVEGKAPPG,100.0,87.747,46901.82
HLA-B*51:03,NTELVEGKAPPGG,97.5,92.996,47454.64
HLA-B*51:03,TELVEGKAPPGGA,66.364,70.047,45263.08
HLA-B*51:03,ELVEGKAPPGGAM,35.5,44.532,42178.21
HLA-B*51:03,LVEGKAPPGGAMI,21.754,19.393,36258.17
HLA-B*51:03,VEGKAPPGGAMIA,30.432,29.934,39393.83
HLA-B*51:03,EGKAPPGGAMIAT,60.0,56.7,43823.16
HLA-B*51:03,GKAPPGGAMIATG,93.333,83.056,46458.86
HLA-B*51:03,KAPPGGAMIATGV,25.045,28.163,38961.46
HLA-B*51:03,APPGGAMIATGVK,56.25,40.287,41492.9
HLA-B*51:03,PPGGAMIATGVKA,55.0,52.495,43299.06
HLA-B*51:03,PGGAMIATGVKAI,83.75,56.348,43781.46
HLA-B*51:03,GGAMIATGVKAIA,93.333,70.209,45278.26
HLA-B*51:03,GAMIATGVKAIAV,56.5,28.436,39029.38
HLA-B*51:03,AMIATGVKAIAVQ,95.0,77.475,45951.94
HLA-B*51:03,MIATGVKAIAVQM,47.25,34.873,40477.45
HLA-B*51:03,IATGVKAIAVQMT,72.857,59.348,44138.19
HLA-B*51:03,ATGVKAIAVQMTS,86.667,73.455,45584.02
HLA-B*51:03,TGVKAIAVQMTSS,90.0,86.095,46742.74
HLA-B*51:03,GVKAIAVQMTSSA,75.0,67.411,45001.85
HLA-B*51:03,VKAIAVQMTSSAS,97.5,82.497,46407.62
HLA-B*51:03,KAIAVQMTSSASP,69.545,47.573,42635.66
HLA-B*51:03,AIAVQMTSSASPQ,97.5,90.229,47145.03
HLA-B*51:03,IAVQMTSSASPQV,20.203,9.448,30975.09
HLA-B*51:03,AVQMTSSASPQVL,52.037,42.297,41824.19
HLA-B*51:03,VQMTSSASPQVLV,32.29,16.038,34882.45
HLA-B*51:03,QMTSSASPQVLVA,52.037,38.303,41141.98
HLA-B*51:03,MTSSASPQVLVAG,90.0,39.72,41395.59
HLA-B*51:03,TSSASPQVLVAGP,68.182,40.255,41487.52
HLA-B*51:03,SSASPQVLVAGPI,33.036,12.634,33140.73
HLA-B*51:03,SASPQVLVAGPIS,62.143,36.066,40715.54
HLA-B*51:03,ASPQVLVAGPISG,91.667,62.443,44482.87
HLA-B*51:03,SPQVLVAGPISGE,63.929,39.44,41346.82
HLA-B*51:03,PQVLVAGPISGEK,97.5,93.431,47503.45
HLA-B*51:03,QVLVAGPISGEKW,60.0,47.731,42659.18
HLA-B*51:03,VLVAGPISGEKWF,28.592,33.482,40189.87
HLA-B*51:03,LVAGPISGEKWFS,78.333,59.132,44112.41
HLA-B*51:03,VAGPISGEKWFSC,67.273,47.656,42648.12
HLA-B*51:03,AGPISGEKWFSCR,93.333,85.432,46679.06
HLA-B*51:03,GPISGEKWFSCRT,68.636,52.947,43357.18
HLA-B*51:03,PISGEKWFSCRTL,85.0,45.652,42351.07
HLA-B*51:03,ISGEKWFSCRTLN,95.0,55.58,43690.58
HLA-B*51:03,SGEKWFSCRTLNT,97.5,70.746,45328.77
HLA-B*51:03,GEKWFSCRTLNTC,85.0,72.182,45463.82
HLA-B*51:03,EKWFSCRTLNTCI,63.214,21.298,36942.05
HLA-B*51:03,KWFSCRTLNTCIE,97.5,75.293,45756.47
HLA-B*51:03,WFSCRTLNTCIEN,100.0,70.574,45312.58
HLA-B*51:03,FSCRTLNTCIEND,100.0,71.044,45356.73
HLA-B*51:03,SCRTLNTCIENDI,91.667,58.828,44076.15
HLA-B*51:03,CRTLNTCIENDIH,100.0,81.451,46311.83
HLA-B*51:03,RTLNTCIENDIHI,38.278,26.841,38605.19
HLA-B*51:03,TLNTCIENDIHIK,93.333,76.462,45861.05
HLA-B*51:03,LNTCIENDIHIKF,48.875,44.868,42231.64
HLA-B*51:03,NTCIENDIHIKFD,77.5,69.316,45190.66
HLA-B*51:03,TCIENDIHIKFDK,86.667,84.743,46613.96
HLA-B*51:03,CIENDIHIKFDKL,65.455,57.168,43878.67
HLA-B*51:03,IENDIHIKFDKLE,63.929,72.876,45529.32
HLA-B*51:03,ENDIHIKFDKLEY,61.786,58.712,44062.31
HLA-B*51:03,NDIHIKFDKLEYL,37.368,35.658,40634.56
HLA-B*51:03,DIHIKFDKLEYLL,39.529,24.465,37943.86
HLA-B*51:03,IHIKFDKLEYLLY,58.25,40.652,41554.47
HLA-B*51:03,HIKFDKLEYLLYN,81.25,66.811,44942.48
HLA-B*51:03,IKFDKLEYLLYNA,74.286,53.899,43479.8
HLA-B*51:03,KFDKLEYLLYNAD,97.5,81.583,46323.84
HLA-B*51:03,FDKLEYLLYNADK,95.0,77.442,45948.98
HLA-B*51:03,DKLEYLLYNADKS,91.667,74.932,45723.81
HLA-B*51:03,KLEYLLYNADKSH,90.0,88.653,46989.19
HLA-B*51:03,LEYLLYNADKSHR,79.167,72.797,45521.92
HLA-B*51:03,EYLLYNADKSHRR,69.545,85.858,46719.99
HLA-B*51:03,YLLYNADKSHRRP,70.0,63.027,44546.95
HLA-B*51:03,LLYNADKSHRRPP,90.0,62.403,44478.54
HLA-B*51:03,LYNADKSHRRPPE,100.0,95.698,47997.36
HLA-B*51:03,YNADKSHRRPPEI,23.011,23.45,37632.73
HLA-B*51:03,NADKSHRRPPEIE,39.588,53.57,43437.48
HLA-B*51:03,ADKSHRRPPEIED,97.5,95.483,47899.31
HLA-B*51:03,DKSHRRPPEIEDG,90.0,90.81,47209.84
HLA-B*51:03,KSHRRPPEIEDGW,39.0,53.993,43492.02
HLA-B*51:03,SHRRPPEIEDGWS,70.0,76.661,45878.92
HLA-B*51:03,HRRPPEIEDGWSG,73.571,63.168,44562.38
HLA-B*51:03,RRPPEIEDGWSGH,86.667,87.747,46901.82
HLA-B*51:03,RPPEIEDGWSGHH,60.357,70.141,45271.89
HLA-B*51:03,PPEIEDGWSGHHD,100.0,95.304,47818.01
HLA-B*51:03,PEIEDGWSGHHDM,63.571,59.972,44212.74
HLA-B*51:03,EIEDGWSGHHDMF,54.63,46.263,42442.34
HLA-B*51:03,IEDGWSGHHDMFR,70.714,62.702,44511.28
HLA-B*51:03,EDGWSGHHDMFRF,51.481,44.859,42230.25
HLA-B*51:03,DGWSGHHDMFRFE,63.571,52.531,43303.75
HLA-B*51:03,GWSGHHDMFRFEM,85.0,49.428,42900.81
HLA-B*51:03,WSGHHDMFRFEMT,95.0,47.142,42571.59
HLA-B*51:03,SGHHDMFRFEMTE,91.667,65.315,44794.88
HLA-B*51:03,GHHDMFRFEMTER,93.333,80.57,46231.23
HLA-B*51:03,HHDMFRFEMTERL,38.278,28.076,38939.98
HLA-B*51:03,HDMFRFEMTERLS,54.63,54.055,43500.02
HLA-B*51:03,DMFRFEMTERLSA,38.556,12.61,33126.4
HLA-B*51:03,MFRFEMTERLSAL,59.5,26.251,38448.46
HLA-B*51:03,FRFEMTERLSALG,90.0,40.745,41570.2
HLA-B*51:03,RFEMTERLSALGA,88.333,46.696,42505.78
HLA-B*51:03,FEMTERLSALGAV,47.875,12.633,33140.37
HLA-B*51:03,EMTERLSALGAVQ,91.667,63.844,44636.67
HLA-B*51:03,MTERLSALGAVQE,95.0,63.902,44642.95
HLA-B*51:03,TERLSALGAVQEG,90.0,62.039,44438.63
HLA-B*51:03,ERLSALGAVQEGT,95.0,87.426,46870.88
HLA-B*51:03,RLSALGAVQEGTA,93.333,68.671,45126.67
HLA-B*51:03,LSALGAVQEGTAG,97.5,76.534,45867.5
HLA-B*51:03,SALGAVQEGTAGQ,79.167,85.368,46673.01
HLA-B*51:03,ALGAVQEGTAGQI,69.545,60.373,44256.76
HLA-B*51:03,LGAVQEGTAGQIR,93.333,77.22,45929.09
HLA-B*51:03,GAVQEGTAGQIRI,40.0,52.097,43248.02
HLA-B*51:03,AVQEGTAGQIRIV,44.636,54.562,43565.49
HLA-B*51:03,VQEGTAGQIRIVE,91.667,79.529,46136.79
HLA-B*51:03,QEGTAGQIRIVEN,95.0,88.174,46942.94
HLA-B*51:03,EGTAGQIRIVENE,91.667,88.974,47020.2
HLA-B*51:03,GTAGQIRIVENEE,97.5,96.38,48309.43
HLA-B*51:03,TAGQIRIVENEER,85.0,91.876,47329.0
HLA-B*51:03,AGQIRIVENEERL,64.643,74.327,45666.47
HLA-B*51:03,GQIRIVENEERLR,91.667,92.104,47354.61
HLA-B*51:03,QIRIVENEERLRA,75.0,73.356,45574.64
HLA-B*51:03,IRIVENEERLRAK,95.0,89.368,47058.37
HLA-B*51:03,RIVENEERLRAKS,97.5,95.224,47781.79
HLA-B*51:03,IVENEERLRAKSS,97.5,94.57,47631.59
HLA-B*51:03,VENEERLRAKSSF,34.115,56.096,43751.62
HLA-B*51:03,ENEERLRAKSSFM,59.75,56.56,43806.57
HLA-B*51:03,NEERLRAKSSFML,47.75,41.475,41690.02
HLA-B*51:03,EERLRAKSSFMLS,62.143,44.96,42246.27
HLA-B*51:03,ERLRAKSSFMLSV,47.5,29.313,39244.93
HLA-B*51:03,RLRAKSSFMLSVA,93.333,51.769,43205.92
HLA-B*51:03,LRAKSSFMLSVAS,95.0,55.22,43648.05
HLA-B*51:03,RAKSSFMLSVASE,82.5,61.801,44412.67
HLA-B*51:03,AKSSFMLSVASEC,95.0,75.321,45758.95
HLA-B*51:03,KSSFMLSVASECG,100.0,76.24,45841.21
HLA-B*51:03,SSFMLSVASECGE,95.0,66.014,44863.77
HLA-B*51:03,SFMLSVASECGEL,73.571,39.38,41336.52
HLA-B*51:03,FMLSVASECGELS,83.75,46.806,42521.88
HLA-B*51:03,MLSVASECGELSR,91.667,67.894,45049.59
HLA-B*51:03,LSVASECGELSRG,100.0,77.708,45972.84
HLA-B*51:03,SVASECGELSRGL,68.636,59.304,44132.92
HLA-B*51:03,VASECGELSRGLQ,86.667,77.326,45938.52
HLA-B*51:03,ASECGELSRGLQQ,93.333,94.186,47588.33
HLA-B*51:03,SECGELSRGLQQP,80.0,83.998,46545.41
HLA-B*51:03,ECGELSRGLQQPM,65.909,54.227,43522.16
HLA-B*51:03,CGELSRGLQQPMH,97.5,84.113,46555.98
HLA-B*51:03,GELSRGLQQPMHC,85.0,82.103,46371.48
HLA-B*51:03,ELSRGLQQPMHCI,46.889,34.423,40384.29
HLA-B*51:03,LSRGLQQPMHCIA,81.25,36.698,40838.19
HLA-B*51:03,SRGLQQPMHCIAY,83.75,59.656,44174.95
HLA-B*51:03,RGLQQPMHCIAYD,93.333,43.682,42045.16
HLA-B*51:03,GLQQPMHCIAYDD,97.5,85.095,46646.74
HLA-B*51:03,LQQPMHCIAYDDW,83.75,29.972,39402.77
HLA-B*51:03,QQPMHCIAYDDWA,91.667,35.124,40528.28
HLA-B*51:03,QPMHCIAYDDWAV,20.236,2.064,19454.61
HLA-B*51:03,PMHCIAYDDWAVG,97.5,57.796,43953.27
HLA-B*51:03,MHCIAYDDWAVGY,48.125,38.252,41132.64
HLA-B*51:03,HCIAYDDWAVGYN,95.0,81.396,46306.82
HLA-B*51:03,CIAYDDWAVGYNT,97.5,64.477,44706.27
HLA-B*51:03,IAYDDWAVGYNTV,7.25,3.367,23003.08
HLA-B*51:03,AYDDWAVGYNTVG,93.333,76.301,45846.68
HLA-B*51:03,YDDWAVGYNTVGG,90.0,75.133,45742.13
HLA-B*51:03,DDWAVGYNTVGGL,40.688,23.807,37745.68
HLA-B*51:03,DWAVGYNTVGGLL,61.786,31.864,39841.33
HLA-B*51:03,WAVGYNTVGGLLI,42.154,7.257,28959.71
HLA-B*51:03,AVGYNTVGGLLIV,78.333,45.673,42354.27
HLA-B*51:03,VGYNTVGGLLIVF,61.071,29.165,39209.71
HLA-B*51:03,GYNTVGGLLIVFD,100.0,87.458,46873.91
HLA-B*51:03,YNTVGGLLIVFDF,65.0,48.802,42813.63
HLA-B*51:03,NTVGGLLIVFDFS,95.0,67.283,44989.17
HLA-B*51:03,TVGGLLIVFDFSI,75.0,25.854,38340.88
HLA-B*51:03,VGGLLIVFDFSIL,78.333,46.42,42465.31
HLA-B*51:03,GGLLIVFDFSILN,97.5,79.297,46115.81
HLA-B*51:03,GLLIVFDFSILNC,97.5,91.747,47314.69
HLA-B*51:03,LLIVFDFSILNCH,86.667,74.906,45721.34
HLA-B*51:03,LIVFDFSILNCHL,80.0,31.831,39833.57
HLA-B*51:03,IVFDFSILNCHLI,13.936,3.354,22972.24
HLA-B*51:03,VFDFSILNCHLIS,91.667,40.638,41552.22
HLA-B*51:03,FDFSILNCHLISD,88.333,39.152,41296.74
HLA-B*51:03,DFSILNCHLISDI,63.571,18.74,36012.25
HLA-B*51:03,FSILNCHLISDIS,93.333,39.895,41426.06
HLA-B*51:03,SILNCHLISDISE,95.0,84.825,46621.54
HLA-B*51:03,ILNCHLISDISEY,69.545,48.708,42800.19
HLA-B*51:03,LNCHLISDISEYI,56.25,25.492,38239.36
HLA-B*51:03,NCHLISDISEYIK,93.333,63.598,44609.65
HLA-B*51:03,CHLISDISEYIKL,59.5,34.524,40405.26
HLA-B*51:03,HLISDISEYIKLP,61.429,63.673,44617.85
HLA-B*51:03,LISDISEYIKLPA,78.333,42.575,41870.39
HLA-B*51:03,ISDISEYIKLPAE,82.5,68.091,45069.09
HLA-B*51:03,SDISEYIKLPAEL,39.588,38.504,41178.95
HLA-B*51:03,DISEYIKLPAELR,58.5,55.268,43653.74
HLA-B*51:03,ISEYIKLPAELRD,95.0,69.739,45232.73
HLA-B*51:03,SEYIKLPAELRDG,72.143,65.719,44834.64
HLA-B*51:03,EYIKLPAELRDGH,42.692,77.337,45939.52
HLA-B*51:03,YIKLPAELRDGHH,83.75,85.895,46723.55
HLA-B*51:03,IKLPAELRDGHHA,63.571,48.705,42799.75
HLA-B*51:03,KLPAELRDGHHAN,93.333,77.957,45995.23
HLA-B*51:03,LPAELRDGHHANY,14.51,12.122,32837.34
HLA-B*51:03,PAELRDGHHANYG,97.5,92.987,47453.61
HLA-B*51:03,AELRDGHHANYGK,79.167,84.513,46592.77
HLA-B*51:03,ELRDGHHANYGKL,37.895,47.13,42569.75
HLA-B*51:03,LRDGHHANYGKLI,59.0,30.606,39551.43
HLA-B*51:03,RDGHHANYGKLIV,69.545,42.561,41868.12
HLA-B*51:03,DGHHANYGKLIVK,70.714,55.364,43665.06
HLA-B*51:03,GHHANYGKLIVKL,65.455,63.172,44562.84
HLA-B*51:03,HHANYGKLIVKLV,53.333,32.986,40087.38
HLA-B*51:03,HANYGKLIVKLVT,65.909,52.837,43343.12
HLA-B*51:03,ANYGKLIVKLVTE,91.667,89.2,47042.1
HLA-B*51:03,NYGKLIVKLVTEA,80.0,65.044,44768.25
HLA-B*51:03,YGKLIVKLVTEAG,95.0,72.824,45524.38
HLA-B*51:03,GKLIVKLVTEAGG,100.0,95.58,47943.38
HLA-B*51:03,KLIVKLVTEAGGA,95.0,86.453,46777.15
HLA-B*51:03,LIVKLVTEAGGAD,100.0,93.664,47529.65
HLA-B*51:03,IVKLVTEAGGADD,100.0,95.469,47893.07
HLA-B*51:03,VKLVTEAGGADDQ,97.5,96.709,48460.74
HLA-B*51:03,KLVTEAGGADDQR,95.0,96.594,48407.79
HLA-B*51:03,LVTEAGGADDQRS,97.5,95.659,47979.69
HLA-B*51:03,VTEAGGADDQRSK,75.0,94.515,47625.41
HLA-B*51:03,TEAGGADDQRSKT,58.0,88.911,47014.11
HLA-B*51:03,EAGGADDQRSKTI,15.929,22.839,37439.82
HLA-B*51:03,AGGADDQRSKTIG,86.667,93.866,47552.28
HLA-B*51:03,GGADDQRSKTIGL,68.182,84.398,46582.2
HLA-B*51:03,GADDQRSKTIGLK,83.75,87.837,46910.44
HLA-B*51:03,ADDQRSKTIGLKE,88.333,93.664,47529.65
HLA-B*51:03,DDQRSKTIGLKEA,57.0,78.483,46042.53
HLA-B*51:03,DQRSKTIGLKEAP,42.538,60.514,44272.09
HLA-B*51:03,QRSKTIGLKEAPR,97.5,94.538,47628.0
HLA-B*51:03,RSKTIGLKEAPRT,95.0,90.778,47206.27
HLA-B*51:03,SKTIGLKEAPRTD,97.5,96.062,48163.81
HLA-B*51:03,KTIGLKEAPRTDA,90.0,88.3,46955.14
HLA-B*51:03,TIGLKEAPRTDAG,95.0,93.289,47487.52
HLA-B*51:03,IGLKEAPRTDAGG,100.0,94.337,47605.33
HLA-B*51:03,GLKEAPRTDAGGR,90.0,95.975,48123.73
HLA-B*51:03,LKEAPRTDAGGRR,91.667,95.796,48042.05
HLA-B*51:03,KEAPRTDAGGRRP,78.333,85.368,46673.01
HLA-B*51:03,EAPRTDAGGRRPD,93.333,87.658,46893.2
HLA-B*51:03,APRTDAGGRRPDD,95.0,95.011,47685.22
HLA-B*51:03,PRTDAGGRRPDDD,100.0,98.209,49156.21
HLA-B*51:03,RTDAGGRRPDDDL,62.143,77.658,45968.36
HLA-B*51:03,TDAGGRRPDDDLW,51.667,51.834,43214.34
HLA-B*51:03,DAGGRRPDDDLWA,54.074,50.478,43040.75
HLA-B*51:03,AGGRRPDDDLWAN,85.0,86.047,46738.19
HLA-B*51:03,GGRRPDDDLWANY,78.333,77.492,45953.45
HLA-B*51:03,GRRPDDDLWANYS,95.0,88.2,46945.48
HLA-B*51:03,RRPDDDLWANYSR,82.5,83.324,46483.53
HLA-B*51:03,RPDDDLWANYSRN,70.0,61.015,44326.74
HLA-B*51:03,PDDDLWANYSRNV,82.5,57.804,43954.23
HLA-B*51:03,DDDLWANYSRNVQ,79.167,70.475,45303.26
HLA-B*51:03,DDLWANYSRNVQV,21.395,19.579,36327.66
HLA-B*51:03,DLWANYSRNVQVI,30.081,7.941,29654.12
HLA-B*51:03,LWANYSRNVQVIE,95.0,67.958,45055.92
HLA-B*51:03,WANYSRNVQVIEK,79.167,47.015,42552.71
HLA-B*51:03,ANYSRNVQVIEKF,67.727,56.552,43805.61
HLA-B*51:03,NYSRNVQVIEKFI,57.75,31.173,39683.44
HLA-B*51:03,YSRNVQVIEKFIM,60.357,30.956,39633.67
HLA-B*51:03,SRNVQVIEKFIMA,61.071,54.468,43553.24
HLA-B*51:03,RNVQVIEKFIMAP,93.333,74.421,45675.36
HLA-B*51:03,NVQVIEKFIMAPS,93.333,63.37,44584.54
HLA-B*51:03,VQVIEKFIMAPSL,47.25,30.365,39494.97
HLA-B*51:03,QVIEKFIMAPSLL,30.676,29.941,39395.53
HLA-B*51:03,VIEKFIMAPSLLR,86.667,57.492,43917.14
HLA-B*51:03,IEKFIMAPSLLRD,93.333,54.026,43496.26
HLA-B*51:03,EKFIMAPSLLRDT,88.333,64.789,44740.62
HLA-B*51:03,KFIMAPSLLRDTL,46.889,17.667,35590.43
HLA-B*51:03,FIMAPSLLRDTLF,46.111,10.957,32070.48
HLA-B*51:03,IMAPSLLRDTLFG,88.333,39.139,41294.5
HLA-B*51:03,MAPSLLRDTLFGF,37.263,12.227,32899.57
HLA-B*51:03,APSLLRDTLFGFR,59.25,47.251,42587.71
HLA-B*51:03,PSLLRDTLFGFRD,100.0,90.27,47149.62
HLA-B*51:03,SLLRDTLFGFRDC,97.5,83.149,46467.43
HLA-B*51:03,LLRDTLFGFRDCQ,97.5,84.233,46567.09
HLA-B*51:03,LRDTLFGFRDCQG,100.0,83.412,46491.56
HLA-B*51:03,RDTLFGFRDCQGK,95.0,86.663,46797.4
HLA-B*51:03,DTLFGFRDCQGKL,39.941,23.963,37795.13
HLA-B*51:03,TLFGFRDCQGKLQ,90.0,68.952,45154.5
HLA-B*51:03,LFGFRDCQGKLQP,95.0,76.993,45908.72
HLA-B*51:03,FGFRDCQGKLQPV,48.5,13.102,33415.46
HLA-B*51:03,GFRDCQGKLQPVD,100.0,92.411,47388.95
HLA-B*51:03,FRDCQGKLQPVDA,91.667,66.742,44935.67
HLA-B*51:03,RDCQGKLQPVDAS,97.5,93.312,47490.07
HLA-B*51:03,DCQGKLQPVDASR,71.429,86.432,46775.13
HLA-B*51:03,CQGKLQPVDASRL,82.5,63.647,44614.95
HLA-B*51:03,QGKLQPVDASRLG,70.0,59.288,44131.02
HLA-B*51:03,GKLQPVDASRLGL,64.643,51.572,43180.68
HLA-B*51:03,KLQPVDASRLGLM,62.5,42.97,41936.11
HLA-B*51:03,LQPVDASRLGLMP,80.0,45.579,42340.07
HLA-B*51:03,QPVDASRLGLMPT,42.615,28.237,38980.0
HLA-B*51:03,PVDASRLGLMPTI,53.333,19.72,36380.39
HLA-B*51:03,VDASRLGLMPTIS,80.0,48.016,42701.68
HLA-B*51:03,DASRLGLMPTISA,17.549,8.302,29982.87
HLA-B*51:03,ASRLGLMPTISAH,75.833,62.992,44543.1
HLA-B*51:03,SRLGLMPTISAHG,93.333,71.524,45401.89
HLA-B*51:03,RLGLMPTISAHGR,80.0,83.527,46502.12
HLA-B*51:03,LGLMPTISAHGRA,81.25,36.114,40724.78
HLA-B*51:03,GLMPTISAHGRAQ,95.0,83.16,46468.42
HLA-B*51:03,LMPTISAHGRAQQ,91.667,78.494,46043.51
HLA-B*51:03,MPTISAHGRAQQW,10.734,4.072,24447.88
HLA-B*51:03,PTISAHGRAQQWK,95.0,88.074,46933.29
HLA-B*51:03,TISAHGRAQQWKT,91.667,83.39,46489.55
HLA-B*51:03,ISAHGRAQQWKTI,47.25,26.077,38402.32
HLA-B*51:03,SAHGRAQQWKTIG,62.143,55.944,43733.63
HLA-B*51:03,AHGRAQQWKTIGD,97.5,92.731,47424.88
HLA-B*51:03,HGRAQQWKTIGDF,75.833,55.488,43679.73
HLA-B*51:03,GRAQQWKTIGDFL,83.75,60.105,44227.57
HLA-B*51:03,RAQQWKTIGDFLK,88.333,65.556,44818.66
HLA-B*51:03,AQQWKTIGDFLKR,74.286,79.557,46139.29
HLA-B*51:03,QQWKTIGDFLKRL,50.556,44.325,42145.36
HLA-B*51:03,QWKTIGDFLKRLY,83.75,66.073,44869.59
HLA-B*51:03,WKTIGDFLKRLYL,70.0,28.281,38990.99
HLA-B*51:03,KTIGDFLKRLYLM,60.357,33.349,40162.48
HLA-B*51:03,TIGDFLKRLYLMK,91.667,59.792,44191.22
HLA-B*51:03,IGDFLKRLYLMKS,90.0,63.203,44566.23
HLA-B*51:03,GDFLKRLYLMKSP,91.667,74.066,45641.77
HLA-B*51:03,DFLKRLYLMKSPL,60.0,22.464,37321.31
HLA-B*51:03,FLKRLYLMKSPLN,95.0,59.732,44184.04
HLA-B*51:03,LKRLYLMKSPLNL,45.8,31.348,39723.39
HLA-B*51:03,KRLYLMKSPLNLG,97.5,70.553,45310.62
HLA-B*51:03,RLYLMKSPLNLGC,85.0,69.882,45246.94
HLA-B*51:03,LYLMKSPLNLGCS,97.5,72.323,45477.11
HLA-B*51:03,YLMKSPLNLGCSN,83.75,35.305,40564.26
HLA-B*51:03,LMKSPLNLGCSNR,83.75,78.848,46075.41
HLA-B*51:03,MKSPLNLGCSNRD,100.0,83.007,46454.34
HLA-B*51:03,KSPLNLGCSNRDP,95.0,68.568,45116.4
HLA-B*51:03,SPLNLGCSNRDPP,52.778,23.957,37793.5
HLA-B*51:03,PLNLGCSNRDPPV,97.5,75.98,45817.92
HLA-B*51:03,LNLGCSNRDPPVS,97.5,84.792,46618.5
HLA-B*51:03,NLGCSNRDPPVSV,25.955,39.234,41311.05
HLA-B*51:03,LGCSNRDPPVSVY,44.545,56.972,43855.41
HLA-B*51:03,GCSNRDPPVSVYW,54.259,45.948,42396.0
HLA-B*51:03,CSNRDPPVSVYWL,38.389,9.338,30881.72
HLA-B*51:03,SNRDPPVSVYWLL,17.301,4.386,25045.48
HLA-B*51:03,NRDPPVSVYWLLE,55.25,18.906,36075.82
HLA-B*51:03,RDPPVSVYWLLEA,51.667,19.394,36258.57
HLA-B*51:03,DPPVSVYWLLEAR,27.852,16.209,34958.41
HLA-B*51:03,PPVSVYWLLEARP,75.0,34.873,40477.45
HLA-B*51:03,PVSVYWLLEARPP,100.0,76.982,45907.71
HLA-B*51:03,VSVYWLLEARPPF,72.857,26.863,38611.04
HLA-B*51:03,SVYWLLEARPPFT,86.667,50.85,43088.27
HLA-B*51:03,VYWLLEARPPFTG,95.0,60.668,44288.85
HLA-B*51:03,YWLLEARPPFTGI,17.948,11.297,32297.53
HLA-B*51:03,WLLEARPPFTGIA,79.167,33.095,40109.93
HLA-B*51:03,LLEARPPFTGIAP,58.25,28.805,39121.56
HLA-B*51:03,LEARPPFTGIAPR,56.0,35.205,40544.52
HLA-B*51:03,EARPPFTGIAPRE,56.0,53.556,43435.6
HLA-B*51:03,ARPPFTGIAPREG,93.333,71.738,45422.04
HLA-B*51:03,RPPFTGIAPREGT,65.455,53.231,43393.8
HLA-B*51:03,PPFTGIAPREGTG,77.5,55.192,43644.76
HLA-B*51:03,PFTGIAPREGTGE,100.0,96.874,48536.84
HLA-B*51:03,FTGIAPREGTGET,40.375,39.884,41424.27
HLA-B*51:03,TGIAPREGTGETV,30.595,25.693,38295.68
HLA-B*51:03,GIAPREGTGETVN,93.333,90.952,47225.67
HLA-B*51:03,IAPREGTGETVNE,88.333,83.472,46497.11
HLA-B*51:03,APREGTGETVNED,57.0,69.031,45162.3
HLA-B*51:03,PREGTGETVNEDF,91.667,95.128,47737.87
HLA-B*51:03,REGTGETVNEDFS,97.5,95.181,47762.16
HLA-B*51:03,EGTGETVNEDFSQ,91.667,95.785,48036.85
HLA-B*51:03,GTGETVNEDFSQT,97.5,95.622,47962.59
HLA-B*51:03,TGETVNEDFSQTV,43.818,41.972,41770.38
HLA-B*51:03,GETVNEDFSQTVY,69.091,65.566,44819.61
HLA-B*51:03,ETVNEDFSQTVYE,65.909,60.255,44243.83
HLA-B*51:03,TVNEDFSQTVYES,91.667,75.299,45756.97
HLA-B*51:03,VNEDFSQTVYESH,81.25,88.132,46938.88
HLA-B*51:03,NEDFSQTVYESHW,43.455,36.164,40734.48
HLA-B*51:03,EDFSQTVYESHWA,61.786,40.846,41587.28
HLA-B*51:03,DFSQTVYESHWAQ,63.929,54.416,43546.64
HLA-B*51:03,FSQTVYESHWAQN,95.0,58.652,44055.15
HLA-B*51:03,SQTVYESHWAQNQ,90.0,87.726,46899.79
HLA-B*51:03,QTVYESHWAQNQK,86.667,80.208,46198.21
HLA-B*51:03,TVYESHWAQNQKQ,75.833,73.032,45544.09
HLA-B*51:03,VYESHWAQNQKQK,88.333,90.828,47211.88
HLA-B*51:03,YESHWAQNQKQKQ,81.25,89.016,47024.27
HLA-B*51:03,ESHWAQNQKQKQF,43.182,46.871,42531.53
HLA-B*51:03,SHWAQNQKQKQFA,66.364,55.496,43680.66
HLA-B*51:03,HWAQNQKQKQFAV,56.25,36.073,40716.85
HLA-B*51:03,WAQNQKQKQFAVW,48.25,20.324,36601.09
HLA-B*51:03,AQNQKQKQFAVWE,93.333,90.755,47203.71
HLA-B*51:03,QNQKQKQFAVWEQ,97.5,92.498,47398.7
HLA-B*51:03,NQKQKQFAVWEQA,62.857,51.112,43121.86
HLA-B*51:03,QKQKQFAVWEQAL,75.0,62.438,44482.41
HLA-B*51:03,KQKQFAVWEQALI,53.704,27.408,38758.81
HLA-B*51:03,QKQFAVWEQALIG,91.667,48.062,42708.15
HLA-B*51:03,KQFAVWEQALIGQ,86.667,61.015,44326.74
HLA-B*51:03,QFAVWEQALIGQN,100.0,71.686,45417.11
HLA-B*51:03,FAVWEQALIGQNS,82.5,49.684,42936.1
HLA-B*51:03,AVWEQALIGQNSK,65.909,74.598,45692.16
HLA-B*51:03,VWEQALIGQNSKG,97.5,90.686,47196.05
HLA-B*51:03,WEQALIGQNSKGK,86.667,82.311,46390.57
HLA-B*51:03,EQALIGQNSKGKL,42.462,49.38,42894.3
HLA-B*51:03,QALIGQNSKGKLC,66.818,61.419,44370.88
HLA-B*51:03,ALIGQNSKGKLCP,93.333,91.382,47273.72
HLA-B*51:03,LIGQNSKGKLCPL,85.0,55.824,43719.44
HLA-B*51:03,IGQNSKGKLCPLS,100.0,84.699,46609.93
HLA-B*51:03,GQNSKGKLCPLSA,69.545,79.297,46115.81
HLA-B*51:03,QNSKGKLCPLSAS,97.5,86.847,46815.12
HLA-B*51:03,NSKGKLCPLSASD,97.5,80.334,46209.71
HLA-B*51:03,SKGKLCPLSASDE,100.0,96.077,48170.59
HLA-B*51:03,KGKLCPLSASDEW,35.833,31.282,39708.35
HLA-B*51:03,GKLCPLSASDEWV,86.667,41.936,41764.51
HLA-B*51:03,KLCPLSASDEWVA,86.667,41.106,41630.51
HLA-B*51:03,LCPLSASDEWVAS,85.0,49.882,42963.52
HLA-B*51:03,CPLSASDEWVASR,49.429,28.086,38942.49
HLA-B*51:03,PLSASDEWVASRT,100.0,92.571,47406.93
HLA-B*51:03,LSASDEWVASRTD,97.5,61.507,44380.49
HLA-B*51:03,SASDEWVASRTDR,76.667,81.785,46342.4
HLA-B*51:03,ASDEWVASRTDRS,93.333,84.08,46552.98
HLA-B*51:03,SDEWVASRTDRSE,91.667,86.584,46789.79
HLA-B*51:03,DEWVASRTDRSEW,20.48,15.722,34734.45
HLA-B*51:03,EWVASRTDRSEWL,76.667,60.167,44234.28
HLA-B*51:03,WVASRTDRSEWLG,95.0,52.225,43264.39
HLA-B*51:03,VASRTDRSEWLGK,90.0,75.554,45779.76
HLA-B*51:03,ASRTDRSEWLGKA,88.333,72.182,45463.82
HLA-B*51:03,SRTDRSEWLGKAM,71.429,64.772,44738.7
HLA-B*51:03,RTDRSEWLGKAMP,86.667,57.796,43953.27
HLA-B*51:03,TDRSEWLGKAMPF,76.667,35.658,40634.56
HLA-B*51:03,DRSEWLGKAMPFA,80.0,45.124,42271.39
HLA-B*51:03,RSEWLGKAMPFAT,95.0,60.488,44269.23
HLA-B*51:03,SEWLGKAMPFATD,91.667,47.452,42617.66
HLA-B*51:03,EWLGKAMPFATDM,40.062,18.288,35839.66
HLA-B*51:03,WLGKAMPFATDMM,90.0,37.215,40937.73
HLA-B*51:03,LGKAMPFATDMMK,55.5,27.528,38791.52
HLA-B*51:03,GKAMPFATDMMKR,78.333,53.742,43459.58
HLA-B*51:03,KAMPFATDMMKRP,46.0,25.688,38294.44
HLA-B*51:03,AMPFATDMMKRPS,93.333,28.766,39111.82
HLA-B*51:03,MPFATDMMKRPSE,36.524,12.459,33036.92
HLA-B*51:03,PFATDMMKRPSER,93.333,88.758,46999.34
HLA-B*51:03,FATDMMKRPSERI,17.114,11.938,32723.85
HLA-B*51:03,ATDMMKRPSERIE,91.667,77.669,45969.37
HLA-B*51:03,TDMMKRPSERIEE,90.0,79.867,46167.23
HLA-B*51:03,DMMKRPSERIEEW,14.742,19.885,36442.25
HLA-B*51:03,MMKRPSERIEEWH,43.091,43.318,41989.7
HLA-B*51:03,MKRPSERIEEWHL,45.9,31.736,39812.05
HLA-B*51:03,KRPSERIEEWHLF,46.111,33.912,40278.68
HLA-B*51:03,RPSERIEEWHLFT,45.1,24.372,37916.37
HLA-B*51:03,PSERIEEWHLFTL,61.786,45.088,42265.91
HLA-B*51:03,SERIEEWHLFTLD,78.333,51.116,43122.33
HLA-B*51:03,ERIEEWHLFTLDS,65.909,61.96,44429.98
HLA-B*51:03,RIEEWHLFTLDSA,88.333,50.715,43071.05
HLA-B*51:03,IEEWHLFTLDSAD,97.5,64.016,44655.53
HLA-B*51:03,EEWHLFTLDSADF,35.042,25.969,38373.25
HLA-B*51:03,EWHLFTLDSADFP,77.5,53.924,43483.08
HLA-B*51:03,WHLFTLDSADFPL,68.636,19.053,36131.29
HLA-B*51:03,HLFTLDSADFPLG,91.667,46.329,42452.0
HLA-B*51:03,LFTLDSADFPLGA,83.75,55.54,43685.88
HLA-B*51:03,FTLDSADFPLGAP,72.857,40.412,41514.02
HLA-B*51:03,TLDSADFPLGAPR,86.667,67.313,44992.1
HLA-B*51:03,LDSADFPLGAPRI,45.0,23.415,37621.74
HLA-B*51:03,DSADFPLGAPRID,52.222,38.564,41190.08
HLA-B*51:03,SADFPLGAPRIDS,81.25,59.22,44122.9
HLA-B*51:03,ADFPLGAPRIDSS,85.0,59.628,44171.62
HLA-B*51:03,DFPLGAPRIDSSQ,68.182,70.595,45314.54
HLA-B*51:03,FPLGAPRIDSSQL,2.959,2.39,20477.94
HLA-B*51:03,PLGAPRIDSSQLN,97.5,89.795,47099.63
HLA-B*51:03,LGAPRIDSSQLNV,37.105,22.653,37381.12
HLA-B*51:03,GAPRIDSSQLNVD,95.0,84.803,46619.49
HLA-B*51:03,APRIDSSQLNVDF,33.143,38.731,41220.86
HLA-B*51:03,PRIDSSQLNVDFD,97.5,93.39,47498.83
HLA-B*51:03,RIDSSQLNVDFDF,73.571,56.776,43832.17
HLA-B*51:03,IDSSQLNVDFDFT,93.333,74.744,45706.01
HLA-B*51:03,DSSQLNVDFDFTT,65.455,49.939,42971.42
HLA-B*51:03,SSQLNVDFDFTTV,39.176,17.637,35578.1
HLA-B*51:03,SQLNVDFDFTTVL,26.633,24.454,37940.58
HLA-B*51:03,QLNVDFDFTTVLW,54.259,34.526,40405.7
HLA-B*51:03,LNVDFDFTTVLWR,83.75,49.519,42913.34
HLA-B*51:03,NVDFDFTTVLWRA,68.182,44.624,42192.82
HLA-B*51:03,VDFDFTTVLWRAA,55.5,39.72,41395.59
HLA-B*51:03,DFDFTTVLWRAAA,48.875,28.934,39153.75
HLA-B*51:03,FDFTTVLWRAAAE,93.333,57.968,43973.71
HLA-B*51:03,DFTTVLWRAAAEL,47.875,24.777,38035.93
HLA-B*51:03,FTTVLWRAAAELN,95.0,48.133,42718.32
HLA-B*51:03,TTVLWRAAAELNT,97.5,70.313,45288.07
HLA-B*51:03,TVLWRAAAELNTV,34.385,18.234,35819.12
HLA-B*51:03,VLWRAAAELNTVF,40.125,25.716,38302.32
HLA-B*51:03,LWRAAAELNTVFT,88.333,58.844,44078.05
HLA-B*51:03,WRAAAELNTVFTI,52.037,8.737,30367.79
HLA-B*51:03,RAAAELNTVFTIT,83.75,35.177,40538.81
HLA-B*51:03,AAAELNTVFTITE,69.091,47.195,42579.42
HLA-B*51:03,AAELNTVFTITEV,30.514,26.871,38613.13
HLA-B*51:03,AELNTVFTITEVV,36.762,23.625,37688.13
HLA-B*51:03,ELNTVFTITEVVR,85.0,55.86,43723.7
HLA-B*51:03,LNTVFTITEVVRL,53.519,42.828,41912.54
HLA-B*51:03,NTVFTITEVVRLL,37.684,24.727,38021.12
HLA-B*51:03,TVFTITEVVRLLE,70.0,51.659,43191.91
HLA-B*51:03,VFTITEVVRLLEI,52.778,23.314,37589.99
HLA-B*51:03,FTITEVVRLLEIK,80.0,42.842,41914.8
HLA-B*51:03,TITEVVRLLEIKL,38.611,44.276,42137.62
HLA-B*51:03,ITEVVRLLEIKLL,50.926,39.835,41415.75
HLA-B*51:03,TEVVRLLEIKLLS,73.571,58.616,44050.86
HLA-B*51:03,EVVRLLEIKLLSA,54.63,43.646,42039.71
HLA-B*51:03,VVRLLEIKLLSAV,47.0,24.297,37894.22
HLA-B*51:03,VRLLEIKLLSAVR,88.333,61.45,44374.25
HLA-B*51:03,RLLEIKLLSAVRL,45.1,45.667,42353.37
HLA-B*51:03,LLEIKLLSAVRLL,60.714,36.289,40758.73
HLA-B*51:03,LEIKLLSAVRLLN,88.333,46.915,42537.97
HLA-B*51:03,EIKLLSAVRLLNI,34.692,18.308,35847.04
HLA-B*51:03,IKLLSAVRLLNIS,97.5,58.724,44063.73
HLA-B*51:03,KLLSAVRLLNISH,91.667,79.424,46127.3
HLA-B*51:03,LLSAVRLLNISHL,54.444,31.058,39657.27
HLA-B*51:03,LSAVRLLNISHLQ,86.667,54.263,43526.88
HLA-B*51:03,SAVRLLNISHLQF,43.818,30.137,39441.59
HLA-B*51:03,AVRLLNISHLQFY,71.429,58.488,44035.61
HLA-B*51:03,VRLLNISHLQFYY,71.429,53.158,43384.39
HLA-B*51:03,RLLNISHLQFYYA,85.0,49.118,42858.14
HLA-B*51:03,LLNISHLQFYYAQ,95.0,68.701,45129.58
HLA-B*51:03,LNISHLQFYYAQA,86.667,52.976,43360.93
HLA-B*51:03,NISHLQFYYAQAC,77.5,47.498,42624.59
HLA-B*51:03,ISHLQFYYAQACS,97.5,56.54,43804.2
HLA-B*51:03,SHLQFYYAQACSN,97.5,63.133,44558.5
HLA-B*51:03,HLQFYYAQACSNS,97.5,75.692,45792.13
HLA-B*51:03,LQFYYAQACSNSL,50.741,15.885,34811.19
HLA-B*51:03,QFYYAQACSNSLY,65.909,30.387,39500.12
HLA-B*51:03,FYYAQACSNSLYR,72.857,36.216,40744.62
HLA-B*51:03,YYAQACSNSLYRA,65.455,47.954,42692.43
HLA-B*51:03,YAQACSNSLYRAK,75.0,45.585,42341.0
HLA-B*51:03,AQACSNSLYRAKD,100.0,89.553,47076.21
HLA-B*51:03,QACSNSLYRAKDG,100.0,82.251,46385.04
HLA-B*51:03,ACSNSLYRAKDGN,100.0,96.175,48215.43
HLA-B*51:03,CSNSLYRAKDGNE,100.0,91.944,47336.69
HLA-B*51:03,SNSLYRAKDGNEQ,97.5,96.297,48271.28
HLA-B*51:03,NSLYRAKDGNEQT,70.714,87.479,46875.93
HLA-B*51:03,SLYRAKDGNEQTR,83.75,90.087,47129.22
HLA-B*51:03,LYRAKDGNEQTRQ,97.5,96.85,48525.79
HLA-B*51:03,YRAKDGNEQTRQT,83.75,93.893,47555.38
HLA-B*51:03,RAKDGNEQTRQTS,66.818,94.369,47608.93
HLA-B*51:03,AKDGNEQTRQTSM,62.143,79.839,46164.73
HLA-B*51:03,KDGNEQTRQTSMR,95.0,95.734,48013.99
HLA-B*51:03,DGNEQTRQTSMRF,23.126,28.388,39017.58
HLA-B*51:03,GNEQTRQTSMRFR,95.0,92.932,47447.45
HLA-B*51:03,NEQTRQTSMRFRS,82.5,74.65,45697.11
HLA-B*51:03,EQTRQTSMRFRSI,39.824,25.099,38129.48
HLA-B*51:03,QTRQTSMRFRSIE,93.333,66.831,44944.42
HLA-B*51:03,TRQTSMRFRSIED,97.5,75.078,45737.18
HLA-B*51:03,RQTSMRFRSIEDR,95.0,75.52,45776.78
HLA-B*51:03,QTSMRFRSIEDRA,79.167,56.72,43825.53
HLA-B*51:03,TSMRFRSIEDRAS,97.5,67.736,45033.99
HLA-B*51:03,SMRFRSIEDRASN,97.5,80.334,46209.71
HLA-B*51:03,MRFRSIEDRASNN,100.0,81.084,46278.27
HLA-B*51:03,RFRSIEDRASNNS,97.5,95.162,47753.39
HLA-B*51:03,FRSIEDRASNNST,93.333,90.467,47171.55
HLA-B*51:03,RSIEDRASNNSTH,79.167,89.547,47075.7
HLA-B*51:03,SIEDRASNNSTHK,82.5,91.391,47274.76
HLA-B*51:03,IEDRASNNSTHKI,24.922,24.558,37971.38
HLA-B*51:03,EDRASNNSTHKIK,77.5,74.619,45694.13
HLA-B*51:03,DRASNNSTHKIKP,70.0,75.46,45771.31
HLA-B*51:03,RASNNSTHKIKPD,93.333,90.297,47152.66
HLA-B*51:03,ASNNSTHKIKPDG,95.0,95.864,48073.23
HLA-B*51:03,SNNSTHKIKPDGC,93.333,95.679,47988.51
HLA-B*51:03,NNSTHKIKPDGCG,100.0,95.537,47924.18
HLA-B*51:03,NSTHKIKPDGCGF,57.5,63.427,44590.84
HLA-B*51:03,STHKIKPDGCGFW,57.75,38.535,41184.75
HLA-B*51:03,THKIKPDGCGFWL,60.714,31.678,39798.67
HLA-B*51:03,HKIKPDGCGFWLQ,93.333,64.569,44716.45
HLA-B*51:03,KIKPDGCGFWLQQ,95.0,86.458,46777.66
HLA-B*51:03,IKPDGCGFWLQQG,97.5,78.261,46022.61
HLA-B*51:03,KPDGCGFWLQQGV,20.756,9.17,30740.7
HLA-B*51:03,PDGCGFWLQQGVV,90.0,40.011,41446.23
HLA-B*51:03,DGCGFWLQQGVVN,93.333,52.155,43255.52
HLA-B*51:03,GCGFWLQQGVVNA,95.0,76.639,45876.93
HLA-B*51:03,CGFWLQQGVVNAQ,95.0,66.959,44957.06
HLA-B*51:03,GFWLQQGVVNAQT,97.5,90.444,47168.99
HLA-B*51:03,FWLQQGVVNAQTF,49.857,26.033,38390.68
HLA-B*51:03,WLQQGVVNAQTFA,90.0,49.569,42920.32
HLA-B*51:03,LQQGVVNAQTFAR,90.0,67.121,44973.12
HLA-B*51:03,QQGVVNAQTFARI,57.5,32.423,39964.39
HLA-B*51:03,QGVVNAQTFARII,40.0,16.933,35282.55
HLA-B*51:03,GVVNAQTFARIIE,97.5,82.946,46448.82
HLA-B*51:03,VVNAQTFARIIED,97.5,66.462,44907.97
HLA-B*51:03,VNAQTFARIIEDA,95.0,64.798,44741.61
HLA-B*51:03,NAQTFARIIEDAM,37.579,26.204,38435.99
HLA-B*51:03,AQTFARIIEDAMR,93.333,76.44,45859.07
HLA-B*51:03,QTFARIIEDAMRR,62.857,59.496,44155.84
HLA-B*51:03,TFARIIEDAMRRN,97.5,92.008,47343.87
HLA-B*51:03,FARIIEDAMRRNE,90.0,72.646,45507.62
HLA-B*51:03,ARIIEDAMRRNEG,97.5,95.109,47729.62
HLA-B*51:03,RIIEDAMRRNEGS,97.5,94.076,47575.96
HLA-B*51:03,IIEDAMRRNEGSA,88.333,73.56,45593.87
HLA-B*51:03,IEDAMRRNEGSAR,77.5,81.353,46302.81
HLA-B*51:03,EDAMRRNEGSARS,90.0,87.768,46903.84
HLA-B*51:03,DAMRRNEGSARSA,18.024,14.525,34163.06
HLA-B*51:03,AMRRNEGSARSAV,75.0,56.852,43841.19
HLA-B*51:03,MRRNEGSARSAVE,95.0,74.196,45654.1
HLA-B*51:03,RRNEGSARSAVEF,60.0,63.449,44593.23
HLA-B*51:03,RNEGSARSAVEFV,65.455,40.375,41507.73
HLA-B*51:03,NEGSARSAVEFVY,60.714,41.439,41684.14
HLA-B*51:03,EGSARSAVEFVYT,88.333,61.595,44390.08
HLA-B*51:03,GSARSAVEFVYTL,40.125,29.922,39390.86
HLA-B*51:03,SARSAVEFVYTLT,52.963,36.541,40807.7
HLA-B*51:03,ARSAVEFVYTLTI,42.769,8.933,30538.81
HLA-B*51:03,RSAVEFVYTLTIK,78.333,27.56,38800.35
HLA-B*51:03,SAVEFVYTLTIKV,12.431,5.151,26265.8
HLA-B*51:03,AVEFVYTLTIKVK,90.0,58.352,44019.42
HLA-B*51:03,VEFVYTLTIKVKK,74.286,44.101,42109.8
HLA-B*51:03,EFVYTLTIKVKKM,67.273,49.32,42885.95
HLA-B*51:03,FVYTLTIKVKKMG,86.667,56.188,43762.52
HLA-B*51:03,VYTLTIKVKKMGT,97.5,87.384,46866.8
HLA-B*51:03,YTLTIKVKKMGTT,78.333,58.856,44079.47
HLA-B*51:03,TLTIKVKKMGTTL,55.25,51.619,43186.75
HLA-B*51:03,LTIKVKKMGTTLK,85.0,64.71,44731.91
HLA-B*51:03,TIKVKKMGTTLKI,29.977,19.209,36189.59
HLA-B*51:03,IKVKKMGTTLKIF,83.75,54.792,43595.2
HLA-B*51:03,KVKKMGTTLKIFQ,93.333,77.674,45969.84
HLA-B*51:03,VKKMGTTLKIFQG,97.5,75.609,45784.69
HLA-B*51:03,KKMGTTLKIFQGL,66.818,48.841,42819.18
HLA-B*51:03,KMGTTLKIFQGLT,97.5,79.48,46132.29
HLA-B*51:03,MGTTLKIFQGLTE,93.333,61.595,44390.08
HLA-B*51:03,GTTLKIFQGLTEE,97.5,94.959,47675.41
HLA-B*51:03,TTLKIFQGLTEEP,82.5,62.39,44477.11
HLA-B*51:03,TLKIFQGLTEEPE,97.5,91.189,47252.27
HLA-B*51:03,LKIFQGLTEEPER,95.0,90.984,47229.26
HLA-B*51:03,KIFQGLTEEPERT,90.0,92.045,47347.96
HLA-B*51:03,IFQGLTEEPERTK,75.833,87.679,46895.22
HLA-B*51:03,FQGLTEEPERTKA,55.5,70.256,45282.67
HLA-B*51:03,QGLTEEPERTKAA,62.5,80.553,46229.71
HLA-B*51:03,GLTEEPERTKAAL,49.429,56.212,43765.34
HLA-B*51:03,LTEEPERTKAALS,83.75,66.043,44866.69
HLA-B*51:03,TEEPERTKAALSW,25.224,34.581,40417.06
HLA-B*51:03,EEPERTKAALSWP,47.25,48.685,42796.96
HLA-B*51:03,EPERTKAALSWPG,65.0,25.901,38354.16
HLA-B*51:03,PERTKAALSWPGS,100.0,88.632,46987.16
HLA-B*51:03,ERTKAALSWPGSD,97.5,75.155,45744.11
HLA-B*51:03,RTKAALSWPGSDK,95.0,87.2,46849.07
HLA-B*51:03,TKAALSWPGSDKK,81.25,83.921,46538.36
HLA-B*51:03,KAALSWPGSDKKD,97.5,95.066,47709.98
HLA-B*51:03,AALSWPGSDKKDL,50.0,44.75,42212.91
HLA-B*51:03,ALSWPGSDKKDLF,67.727,43.786,42061.08
HLA-B*51:03,LSWPGSDKKDLFD,78.333,44.5,42173.18
HLA-B*51:03,SWPGSDKKDLFDR,91.667,91.967,47339.25
HLA-B*51:03,WPGSDKKDLFDRP,53.889,35.391,40581.4
HLA-B*51:03,PGSDKKDLFDRPF,91.667,77.065,45915.18
HLA-B*51:03,GSDKKDLFDRPFM,83.75,70.052,45263.57
HLA-B*51:03,SDKKDLFDRPFMI,30.568,15.712,34729.95
HLA-B*51:03,DKKDLFDRPFMIA,45.6,30.279,39474.9
HLA-B*51:03,KKDLFDRPFMIAK,86.667,63.717,44622.68
HLA-B*51:03,KDLFDRPFMIAKF,57.0,33.251,40142.07
HLA-B*51:03,DLFDRPFMIAKFG,41.583,12.273,32926.63
HLA-B*51:03,LFDRPFMIAKFGA,90.0,35.377,40578.75
HLA-B*51:03,FDRPFMIAKFGAG,95.0,41.818,41745.53
HLA-B*51:03,DRPFMIAKFGAGW,50.556,19.606,36337.5
HLA-B*51:03,RPFMIAKFGAGWA,44.818,11.721,32579.0
HLA-B*51:03,PFMIAKFGAGWAP,95.0,54.821,43598.99
HLA-B*51:03,FMIAKFGAGWAPN,97.5,51.375,43155.46
HLA-B*51:03,MIAKFGAGWAPNG,97.5,59.368,44140.55
HLA-B*51:03,IAKFGAGWAPNGV,53.519,29.71,39340.16
HLA-B*51:03,AKFGAGWAPNGVK,74.286,75.205,45748.56
HLA-B*51:03,KFGAGWAPNGVKM,63.929,63.994,44653.11
HLA-B*51:03,FGAGWAPNGVKMR,77.5,67.574,45017.9
HLA-B*51:03,GAGWAPNGVKMRS,88.333,84.069,46551.96
HLA-B*51:03,AGWAPNGVKMRSA,68.182,54.96,43616.91
HLA-B*51:03,GWAPNGVKMRSAK,86.667,86.116,46744.76
HLA-B*51:03,WAPNGVKMRSAKK,75.0,74.875,45718.36
HLA-B*51:03,APNGVKMRSAKKV,18.018,17.797,35644.75
HLA-B*51:03,PNGVKMRSAKKVE,100.0,96.759,48483.81
HLA-B*51:03,NGVKMRSAKKVEV,50.741,48.094,42712.78
HLA-B*51:03,GVKMRSAKKVEVL,72.143,69.218,45180.89
HLA-B*51:03,VKMRSAKKVEVLL,34.0,37.593,41009.11
HLA-B*51:03,KMRSAKKVEVLLT,93.333,73.982,45633.85
HLA-B*51:03,MRSAKKVEVLLTV,36.952,16.535,35103.95
HLA-B*51:03,RSAKKVEVLLTVV,61.786,34.833,40469.15
HLA-B*51:03,SAKKVEVLLTVVA,45.8,30.235,39464.64
HLA-B*51:03,AKKVEVLLTVVAY,86.667,74.128,45647.68
HLA-B*51:03,KKVEVLLTVVAYY,86.667,67.323,44993.09
HLA-B*51:03,KVEVLLTVVAYYE,97.5,87.832,46909.95
HLA-B*51:03,VEVLLTVVAYYEE,93.333,78.965,46085.88
HLA-B*51:03,EVLLTVVAYYEEI,40.875,15.716,34731.45
HLA-B*51:03,VLLTVVAYYEEIL,67.727,54.387,43542.88
HLA-B*51:03,LLTVVAYYEEILF,50.741,21.976,37167.37
HLA-B*51:03,LTVVAYYEEILFI,44.182,11.405,32368.88
HLA-B*51:03,TVVAYYEEILFII,64.286,19.363,36246.79
HLA-B*51:03,VVAYYEEILFIID,93.333,57.796,43953.27
HLA-B*51:03,VAYYEEILFIIDP,83.75,38.002,41086.83
HLA-B*51:03,AYYEEILFIIDPA,74.286,46.288,42446.01
HLA-B*51:03,YYEEILFIIDPAD,95.0,61.331,44361.29
HLA-B*51:03,YEEILFIIDPADI,62.143,26.796,38593.09
HLA-B*51:03,EEILFIIDPADIP,57.75,51.758,43204.53
HLA-B*51:03,EILFIIDPADIPA,76.667,46.075,42414.81
HLA-B*51:03,ILFIIDPADIPAT,90.0,68.799,45139.36
HLA-B*51:03,LFIIDPADIPATA,12.958,8.817,30437.2
HLA-B*51:03,FIIDPADIPATAI,9.533,6.395,27942.73
HLA-B*51:03,IIDPADIPATAIV,18.726,10.474,31720.21
HLA-B*51:03,IDPADIPATAIVQ,48.0,45.518,42330.89
HLA-B*51:03,DPADIPATAIVQS,16.24,16.005,34867.74
HLA-B*51:03,IRRFHRDPRGEIDR,100.0,96.061,48163.32
HLA-B*51:03,RRFHRDPRGEIDRH,85.0,93.179,47475.18
HLA-B*51:03,RFHRDPRGEIDRHS,97.5,95.752,48021.76
HLA-B*51:03,FHRDPRGEIDRHSA,54.074,65.935,44855.99
HLA-B*51:03,HRDPRGEIDRHSAQ,86.667,95.016,47687.28
HLA-B*51:03,RDPRGEIDRHSAQL,35.375,52.17,43257.39
HLA-B*51:03,DPRGEIDRHSAQLI,4.416,3.258,22742.24
HLA-B*51:03,PRGEIDRHSAQLIQ,97.5,95.051,47703.28
HLA-B*51:03,RGEIDRHSAQLIQQ,97.5,93.422,47502.41
HLA-B*51:03,GEIDRHSAQLIQQT,74.286,85.368,46673.01
HLA-B*51:03,EIDRHSAQLIQQTL,25.075,31.07,39659.83
HLA-B*51:03,IDRHSAQLIQQTLL,69.091,47.554,42632.89
HLA-B*51:03,DRHSAQLIQQTLLI,36.333,13.678,33730.03
HLA-B*51:03,RHSAQLIQQTLLIL,77.5,47.05,42557.76
HLA-B*51:03,HSAQLIQQTLLILE,90.0,63.765,44627.98
HLA-B*51:03,SAQLIQQTLLILEN,86.667,61.274,44355.05
HLA-B*51:03,AQLIQQTLLILENL,78.333,62.214,44457.86
HLA-B*51:03,QLIQQTLLILENLK,85.0,80.181,46195.71
HLA-B*51:03,LIQQTLLILENLKF,79.167,57.752,43948.02
HLA-B*51:03,IQQTLLILENLKFE,97.5,82.798,46435.26
HLA-B*51:03,QQTLLILENLKFEI,68.182,35.23,40549.35
HLA-B*51:03,QTLLILENLKFEIA,91.667,61.797,44412.18
HLA-B*51:03,TLLILENLKFEIAF,91.667,63.102,44555.14
HLA-B*51:03,LLILENLKFEIAFV,88.333,51.444,43164.34
HLA-B*51:03,LILENLKFEIAFVS,97.5,62.074,44442.47
HLA-B*51:03,ILENLKFEIAFVSN,100.0,84.699,46609.93
HLA-B*51:03,LENLKFEIAFVSNT,97.5,71.211,45372.44
HLA-B*51:03,ENLKFEIAFVSNTR,81.25,77.326,45938.52
HLA-B*51:03,NLKFEIAFVSNTRE,93.333,83.363,46487.04
HLA-B*51:03,LKFEIAFVSNTREK,93.333,75.681,45791.16
HLA-B*51:03,KFEIAFVSNTREKD,100.0,95.194,47767.83
HLA-B*51:03,FEIAFVSNTREKDF,75.833,42.668,41885.78
HLA-B*51:03,EIAFVSNTREKDFQ,93.333,78.367,46032.08
HLA-B*51:03,IAFVSNTREKDFQS,88.333,57.468,43914.28
HLA-B*51:03,AFVSNTREKDFQSN,100.0,95.977,48124.75
HLA-B*51:03,FVSNTREKDFQSNK,82.5,81.561,46321.84
HLA-B*51:03,VSNTREKDFQSNKF,73.571,66.358,44897.75
HLA-B*51:03,SNTREKDFQSNKFG,97.5,91.052,47236.94
HLA-B*51:03,NTREKDFQSNKFGL,59.5,59.856,44198.86
HLA-B*51:03,TREKDFQSNKFGLL,78.333,60.391,44258.67
HLA-B*51:03,REKDFQSNKFGLLS,88.333,71.399,45390.12
HLA-B*51:03,EKDFQSNKFGLLSH,86.667,86.737,46804.49
HLA-B*51:03,KDFQSNKFGLLSHG,93.333,80.739,46246.74
HLA-B*51:03,DFQSNKFGLLSHGE,95.0,87.4,46868.34
HLA-B*51:03,FQSNKFGLLSHGEG,97.5,77.674,45969.84
HLA-B*51:03,QSNKFGLLSHGEGR,95.0,92.255,47371.54
HLA-B*51:03,SNKFGLLSHGEGRG,100.0,95.084,47718.26
HLA-B*51:03,NKFGLLSHGEGRGK,93.333,93.971,47564.12
HLA-B*51:03,KFGLLSHGEGRGKA,97.5,88.526,46976.98
HLA-B*51:03,FGLLSHGEGRGKAW,63.571,42.431,41846.36
HLA-B*51:03,GLLSHGEGRGKAWR,95.0,95.276,47805.06
HLA-B*51:03,LLSHGEGRGKAWRI,72.857,44.101,42109.8
HLA-B*51:03,LSHGEGRGKAWRIY,82.5,64.064,44660.83
HLA-B*51:03,SHGEGRGKAWRIYI,75.833,43.42,42005.13
HLA-B*51:03,HGEGRGKAWRIYIH,95.0,87.037,46833.36
HLA-B*51:03,GEGRGKAWRIYIHM,77.5,54.092,43504.73
HLA-B*51:03,EGRGKAWRIYIHMF,64.286,51.532,43175.56
HLA-B*51:03,GRGKAWRIYIHMFF,97.5,60.826,44306.11
HLA-B*51:03,RGKAWRIYIHMFFD,100.0,74.854,45716.38
HLA-B*51:03,GKAWRIYIHMFFDG,100.0,89.395,47060.91
HLA-B*51:03,KAWRIYIHMFFDGI,66.364,21.156,36894.91
HLA-B*51:03,AWRIYIHMFFDGIW,95.0,39.915,41429.67
HLA-B*51:03,WRIYIHMFFDGIWV,91.667,38.22,41126.86
HLA-B*51:03,RIYIHMFFDGIWVP,80.0,51.397,43158.27
HLA-B*51:03,IYIHMFFDGIWVPM,78.333,34.258,40350.21
HLA-B*51:03,YIHMFFDGIWVPMR,95.0,47.251,42587.71
HLA-B*51:03,IHMFFDGIWVPMRT,93.333,42.518,41860.86
HLA-B*51:03,HMFFDGIWVPMRTK,85.0,51.451,43165.29
HLA-B*51:03,MFFDGIWVPMRTKG,88.333,49.761,42946.79
HLA-B*51:03,FFDGIWVPMRTKGK,88.333,80.049,46183.73
HLA-B*51:03,FDGIWVPMRTKGKP,65.455,37.66,41021.96
HLA-B*51:03,DGIWVPMRTKGKPI,32.71,8.237,29924.21
HLA-B*51:03,GIWVPMRTKGKPIE,97.5,87.521,46880.01
HLA-B*51:03,IWVPMRTKGKPIEY,54.074,52.841,43343.59
HLA-B*51:03,WVPMRTKGKPIEYL,48.125,28.317,38999.84
HLA-B*51:03,VPMRTKGKPIEYLE,45.7,24.15,37851.21
HLA-B*51:03,PMRTKGKPIEYLES,100.0,95.265,47800.41
HLA-B*51:03,MRTKGKPIEYLESK,43.273,41.204,41646.27
HLA-B*51:03,RTKGKPIEYLESKA,88.333,83.242,46475.97
HLA-B*51:03,TKGKPIEYLESKAC,83.75,80.433,46218.71
HLA-B*51:03,KGKPIEYLESKACK,95.0,92.132,47357.7
HLA-B*51:03,GKPIEYLESKACKD,100.0,95.449,47883.74
HLA-B*51:03,KPIEYLESKACKDD,95.0,81.889,46351.93
HLA-B*51:03,PIEYLESKACKDDD,100.0,97.164,48670.39
HLA-B*51:03,IEYLESKACKDDDQ,82.5,94.424,47615.1
HLA-B*51:03,EYLESKACKDDDQE,81.25,95.387,47855.8
HLA-B*51:03,YLESKACKDDDQER,95.0,95.84,48062.32
HLA-B*51:03,LESKACKDDDQERS,95.0,95.392,47857.87
HLA-B*51:03,ESKACKDDDQERSS,95.0,96.401,48318.84
HLA-B*51:03,SKACKDDDQERSSP,91.667,95.471,47894.12
HLA-B*51:03,KACKDDDQERSSPM,79.167,66.393,44901.17
HLA-B*51:03,ACKDDDQERSSPMA,91.667,91.08,47239.98
HLA-B*51:03,CKDDDQERSSPMAS,95.0,84.222,46566.07
HLA-B*51:03,KDDDQERSSPMASK,91.667,95.424,47872.35
HLA-B*51:03,DDDQERSSPMASKK,78.333,87.189,46848.07
HLA-B*51:03,DDQERSSPMASKKP,80.0,84.748,46614.47
HLA-B*51:03,DQERSSPMASKKPI,19.824,7.783,29501.78
HLA-B*51:03,QERSSPMASKKPIN,90.0,68.72,45131.53
HLA-B*51:03,ERSSPMASKKPINH,85.0,77.403,45945.48
HLA-B*51:03,RSSPMASKKPINHK,88.333,78.422,46037.04
HLA-B*51:03,SSPMASKKPINHKA,50.0,44.925,42240.77
HLA-B*51:03,SPMASKKPINHKAM,29.705,20.244,36572.18
HLA-B*51:03,PMASKKPINHKAML,54.074,38.864,41245.38
HLA-B*51:03,MASKKPINHKAMLA,59.5,27.06,38663.72
HLA-B*51:03,ASKKPINHKAMLAG,93.333,84.973,46635.16
HLA-B*51:03,SKKPINHKAMLAGY,73.571,76.855,45896.29
HLA-B*51:03,KKPINHKAMLAGYF,86.667,51.539,43176.48
HLA-B*51:03,KPINHKAMLAGYFT,76.667,38.077,41100.61
HLA-B*51:03,PINHKAMLAGYFTA,100.0,67.79,45039.33
HLA-B*51:03,INHKAMLAGYFTAL,62.857,45.345,42304.8
HLA-B*51:03,NHKAMLAGYFTALR,95.0,61.525,44382.41
HLA-B*51:03,HKAMLAGYFTALRV,63.214,23.976,37799.22
HLA-B*51:03,KAMLAGYFTALRVK,91.667,52.677,43322.49
HLA-B*51:03,AMLAGYFTALRVKT,97.5,76.733,45885.37
HLA-B*51:03,MLAGYFTALRVKTG,97.5,58.576,44046.11
HLA-B*51:03,LAGYFTALRVKTGA,91.667,51.061,43115.32
HLA-B*51:03,AGYFTALRVKTGAG,100.0,76.08,45826.84
HLA-B*51:03,GYFTALRVKTGAGQ,97.5,95.6,47952.72
HLA-B*51:03,YFTALRVKTGAGQH,93.333,91.24,47257.87
HLA-B*51:03,FTALRVKTGAGQHN,97.5,89.484,47069.6
HLA-B*51:03,TALRVKTGAGQHNK,82.5,89.568,47077.73
HLA-B*51:03,ALRVKTGAGQHNKF,78.333,77.237,45930.58
HLA-B*51:03,LRVKTGAGQHNKFW,90.0,65.561,44819.12
HLA-B*51:03,RVKTGAGQHNKFWR,97.5,93.211,47478.77
HLA-B*51:03,VKTGAGQHNKFWRK,97.5,93.074,47463.37
HLA-B*51:03,KTGAGQHNKFWRKM,78.333,73.33,45572.18
HLA-B*51:03,TGAGQHNKFWRKMP,97.5,88.442,46968.86
HLA-B*51:03,GAGQHNKFWRKMPR,95.0,87.626,46890.14
HLA-B*51:03,AGQHNKFWRKMPRR,97.5,94.565,47631.07
HLA-B*51:03,GQHNKFWRKMPRRP,97.5,92.319,47378.71
HLA-B*51:03,QHNKFWRKMPRRPR,97.5,94.117,47580.59
HLA-B*51:03,HNKFWRKMPRRPRE,100.0,96.591,48406.23
HLA-B*51:03,NKFWRKMPRRPREE,100.0,95.574,47940.78
HLA-B*51:03,KFWRKMPRRPREEW,55.75,50.503,43044.0
HLA-B*51:03,FWRKMPRRPREEWE,70.0,68.273,45087.14
HLA-B*51:03,WRKMPRRPREEWEI,72.143,32.202,39916.43
HLA-B*51:03,RKMPRRPREEWEIL,48.375,37.562,41003.34
HLA-B*51:03,KMPRRPREEWEILL,41.917,18.699,35996.27
HLA-B*51:03,MPRRPREEWEILLM,20.024,2.808,21629.38
HLA-B*51:03,PRRPREEWEILLMV,71.429,36.55,40809.46
HLA-B*51:03,RRPREEWEILLMVD,93.333,61.863,44419.4
HLA-B*51:03,RPREEWEILLMVDE,78.333,48.656,42792.79
HLA-B*51:03,PREEWEILLMVDEI,73.571,43.015,41943.39
HLA-B*51:03,REEWEILLMVDEIN,97.5,61.687,44400.19
HLA-B*51:03,EEWEILLMVDEINS,76.667,57.94,43970.39
HLA-B*51:03,EWEILLMVDEINSL,49.857,51.747,43203.11
HLA-B*51:03,WEILLMVDEINSLS,83.75,56.612,43812.73
HLA-B*51:03,EILLMVDEINSLSH,91.667,81.594,46324.86
HLA-B*51:03,ILLMVDEINSLSHV,66.818,34.18,40334.05
HLA-B*51:03,LLMVDEINSLSHVR,93.333,63.414,44589.37
HLA-B*51:03,LMVDEINSLSHVRF,67.273,38.603,41197.2
HLA-B*51:03,MVDEINSLSHVRFT,78.333,45.997,42403.33
HLA-B*51:03,VDEINSLSHVRFTT,97.5,77.519,45955.94
HLA-B*51:03,DEINSLSHVRFTTS,76.667,64.315,44688.38
HLA-B*51:03,EINSLSHVRFTTSG,95.0,76.484,45863.03
HLA-B*51:03,INSLSHVRFTTSGG,100.0,88.421,46966.83
HLA-B*51:03,NSLSHVRFTTSGGD,100.0,88.584,46982.59
HLA-B*51:03,SLSHVRFTTSGGDV,83.75,46.339,42453.37
HLA-B*51:03,LSHVRFTTSGGDVM,66.364,34.983,40500.25
HLA-B*51:03,SHVRFTTSGGDVMS,93.333,73.836,45620.05
HLA-B*51:03,HVRFTTSGGDVMSG,97.5,79.164,46103.83
HLA-B*51:03,VRFTTSGGDVMSGR,90.0,83.954,46541.39
HLA-B*51:03,RFTTSGGDVMSGRD,100.0,95.342,47835.07
HLA-B*51:03,FTTSGGDVMSGRDT,97.5,88.105,46936.34
HLA-B*51:03,TTSGGDVMSGRDTP,91.667,82.76,46431.75
HLA-B*51:03,TSGGDVMSGRDTPV,83.75,52.217,43263.47
HLA-B*51:03,SGGDVMSGRDTPVG,100.0,88.979,47020.72
HLA-B*51:03,GGDVMSGRDTPVGI,75.833,52.83,43342.17
HLA-B*51:03,GDVMSGRDTPVGII,76.667,34.556,40411.82
HLA-B*51:03,DVMSGRDTPVGIIY,40.75,28.993,39168.57
HLA-B*51:03,VMSGRDTPVGIIYF,70.714,48.185,42725.7
HLA-B*51:03,MSGRDTPVGIIYFF,26.45,5.061,26137.66
HLA-B*51:03,SGRDTPVGIIYFFA,72.143,39.306,41323.54
HLA-B*51:03,GRDTPVGIIYFFAV,76.667,33.531,40199.87
HLA-B*51:03,RDTPVGIIYFFAVI,52.037,15.12,34452.23
HLA-B*51:03,DTPVGIIYFFAVIL,17.606,16.222,34964.45
HLA-B*51:03,TPVGIIYFFAVILS,53.519,16.666,35162.5
HLA-B*51:03,PVGIIYFFAVILSS,100.0,90.261,47148.59
HLA-B*51:03,VGIIYFFAVILSSE,97.5,82.421,46400.59
HLA-B*51:03,GIIYFFAVILSSEL,74.286,48.828,42817.33
HLA-B*51:03,IIYFFAVILSSELC,95.0,61.019,44327.23
HLA-B*51:03,IYFFAVILSSELCL,78.333,40.096,41460.59
HLA-B*51:03,YFFAVILSSELCLG,97.5,57.744,43947.09
HLA-B*51:03,FFAVILSSELCLGS,97.5,71.206,45371.94
HLA-B*51:03,FAVILSSELCLGSC,71.429,65.167,44780.35
HLA-B*51:03,AVILSSELCLGSCR,97.5,88.511,46975.46
HLA-B*51:03,VILSSELCLGSCRT,100.0,88.763,46999.86
HLA-B*51:03,ILSSELCLGSCRTN,100.0,91.336,47268.63
HLA-B*51:03,LSSELCLGSCRTNL,73.571,41.31,41663.41
HLA-B*51:03,SSELCLGSCRTNLK,97.5,78.815,46072.41
HLA-B*51:03,SELCLGSCRTNLKS,97.5,73.659,45603.25
HLA-B*51:03,ELCLGSCRTNLKSL,74.286,62.895,44532.47
HLA-B*51:03,LCLGSCRTNLKSLL,90.0,64.051,44659.39
HLA-B*51:03,CLGSCRTNLKSLLL,91.667,45.545,42335.02
HLA-B*51:03,LGSCRTNLKSLLLK,95.0,66.053,44867.65
HLA-B*51:03,GSCRTNLKSLLLKL,82.5,70.694,45323.86
HLA-B*51:03,SCRTNLKSLLLKLE,97.5,90.059,47126.15
HLA-B*51:03,CRTNLKSLLLKLEA,95.0,59.3,44132.44
HLA-B*51:03,RTNLKSLLLKLEAA,90.0,70.955,45348.39
HLA-B*51:03,TNLKSLLLKLEAAR,95.0,89.389,47060.43
HLA-B*51:03,NLKSLLLKLEAARI,66.818,46.445,42468.98
HLA-B*51:03,LKSLLLKLEAARIS,100.0,83.226,46474.47
HLA-B*51:03,KSLLLKLEAARISY,88.333,73.064,45547.05
HLA-B*51:03,SLLLKLEAARISYD,97.5,87.0,46829.82
HLA-B*51:03,LLLKLEAARISYDQ,97.5,87.616,46889.14
HLA-B*51:03,LLKLEAARISYDQL,73.571,46.708,42507.62
HLA-B*51:03,LKLEAARISYDQLE,97.5,81.364,46303.8
HLA-B*51:03,KLEAARISYDQLEF,75.833,50.755,43076.16
HLA-B*51:03,LEAARISYDQLEFI,46.333,13.811,33803.11
HLA-B*51:03,EAARISYDQLEFIL,32.323,21.023,36851.03
HLA-B*51:03,AARISYDQLEFILK,88.333,64.011,44655.04
HLA-B*51:03,ARISYDQLEFILKA,66.818,56.3,43775.76
HLA-B*51:03,RISYDQLEFILKAR,93.333,73.471,45585.49
HLA-B*51:03,ISYDQLEFILKARG,95.0,60.975,44322.43
HLA-B*51:03,SYDQLEFILKARGD,97.5,87.432,46871.37
HLA-B*51:03,YDQLEFILKARGDN,100.0,87.942,46920.61
HLA-B*51:03,DQLEFILKARGDNF,41.333,31.055,39656.4
HLA-B*51:03,QLEFILKARGDNFY,83.75,67.219,44982.84
HLA-B*51:03,LEFILKARGDNFYL,59.25,27.86,38882.71
HLA-B*51:03,EFILKARGDNFYLF,60.357,33.815,40258.64
HLA-B*51:03,FILKARGDNFYLFF,81.25,37.244,40943.04
HLA-B*51:03,ILKARGDNFYLFFL,88.333,49.485,42908.69
HLA-B*51:03,LKARGDNFYLFFLL,81.25,29.675,39331.66
HLA-B*51:03,KARGDNFYLFFLLE,93.333,60.532,44274.0
HLA-B*51:03,ARGDNFYLFFLLES,97.5,75.449,45770.34
HLA-B*51:03,RGDNFYLFFLLESI,65.455,20.158,36541.75
HLA-B*51:03,GDNFYLFFLLESIG,100.0,71.133,45365.07
HLA-B*51:03,DNFYLFFLLESIGT,95.0,48.302,42742.35
HLA-B*51:03,NFYLFFLLESIGTV,52.593,25.886,38350.0
HLA-B*51:03,FYLFFLLESIGTVF,68.636,37.902,41067.7
HLA-B*51:03,YLFFLLESIGTVFD,93.333,57.368,43902.42
HLA-B*51:03,LFFLLESIGTVFDL,85.0,40.277,41491.11
HLA-B*51:03,FFLLESIGTVFDLD,97.5,67.707,45031.05
HLA-B*51:03,FLLESIGTVFDLDT,95.0,69.882,45246.94
HLA-B*51:03,LLESIGTVFDLDTP,95.0,78.787,46069.95
HLA-B*51:03,LESIGTVFDLDTPD,100.0,76.545,45868.5
HLA-B*51:03,ESIGTVFDLDTPDP,95.0,79.031,46091.88
HLA-B*51:03,SIGTVFDLDTPDPS,100.0,94.469,47620.25
HLA-B*51:03,IGTVFDLDTPDPSQ,97.5,95.635,47968.8
HLA-B*51:03,GTVFDLDTPDPSQF,60.0,57.776,43950.89
HLA-B*51:03,TVFDLDTPDPSQFL,28.796,27.854,38881.03
HLA-B*51:03,VFDLDTPDPSQFLA,35.917,22.129,37216.06
HLA-B*51:03,FDLDTPDPSQFLAE,75.833,43.071,41952.02
HLA-B*51:03,DLDTPDPSQFLAEQ,70.0,70.767,45330.73
HLA-B*51:03,LDTPDPSQFLAEQE,90.0,78.007,45999.7
HLA-B*51:03,DTPDPSQFLAEQED,82.5,71.952,45442.19
HLA-B*51:03,TPDPSQFLAEQEDI,9.639,4.555,25351.66
HLA-B*51:03,PDPSQFLAEQEDIQ,90.0,82.574,46414.66
HLA-B*51:03,DPSQFLAEQEDIQS,51.296,41.059,41622.86
HLA-B*51:03,PSQFLAEQEDIQSD,100.0,95.49,47902.4
HLA-B*51:03,SQFLAEQEDIQSDV,56.5,40.316,41497.86
HLA-B*51:03,QFLAEQEDIQSDVT,97.5,94.684,47644.49
HLA-B*51:03,FLAEQEDIQSDVTN,100.0,87.942,46920.61
HLA-B*51:03,LAEQEDIQSDVTNA,79.167,77.442,45948.98
HLA-B*51:03,AEQEDIQSDVTNAH,66.818,94.03,47570.8
HLA-B*51:03,EQEDIQSDVTNAHV,31.412,44.839,42227.06
HLA-B*51:03,QEDIQSDVTNAHVL,44.455,54.562,43565.49
HLA-B*51:03,EDIQSDVTNAHVLR,62.5,74.875,45718.36
HLA-B*51:03,DIQSDVTNAHVLRN,93.333,82.311,46390.57
HLA-B*51:03,IQSDVTNAHVLRNV,55.0,44.526,42177.29
HLA-B*51:03,QSDVTNAHVLRNVK,90.0,81.703,46334.89
HLA-B*51:03,SDVTNAHVLRNVKG,95.0,85.553,46690.68
HLA-B*51:03,DVTNAHVLRNVKGN,100.0,92.859,47439.25
HLA-B*51:03,VTNAHVLRNVKGNA,95.0,78.488,46043.04
HLA-B*51:03,TNAHVLRNVKGNAL,70.0,57.3,43894.35
HLA-B*51:03,NAHVLRNVKGNALT,86.667,61.046,44330.09
HLA-B*51:03,AHVLRNVKGNALTM,65.455,53.158,43384.39
HLA-B*51:03,HVLRNVKGNALTMT,95.0,81.303,46298.3
HLA-B*51:03,VLRNVKGNALTMTP,95.0,68.735,45133.02
HLA-B*51:03,LRNVKGNALTMTPK,97.5,85.174,46654.32
HLA-B*51:03,RNVKGNALTMTPKG,100.0,87.532,46881.01
HLA-B*51:03,NVKGNALTMTPKGT,91.667,90.005,47120.04
HLA-B*51:03,VKGNALTMTPKGTT,97.5,92.017,47344.88
HLA-B*51:03,KGNALTMTPKGTTV,56.75,43.961,42087.95
HLA-B*51:03,GNALTMTPKGTTVS,97.5,89.253,47047.17
HLA-B*51:03,NALTMTPKGTTVSG,62.143,49.653,42931.92
HLA-B*51:03,ALTMTPKGTTVSGD,100.0,94.547,47629.01
HLA-B*51:03,LTMTPKGTTVSGDG,97.5,73.737,45610.66
HLA-B*51:03,TMTPKGTTVSGDGE,95.0,95.12,47734.27
HLA-B*51:03,MTPKGTTVSGDGEH,81.25,88.863,47009.53
HLA-B*51:03,TPKGTTVSGDGEHL,14.541,26.356,38476.34
HLA-B*51:03,PKGTTVSGDGEHLL,78.333,91.514,47288.57
HLA-B*51:03,KGTTVSGDGEHLLA,91.667,77.514,45955.43
HLA-B*51:03,GTTVSGDGEHLLAA,93.333,82.36,46395.09
HLA-B*51:03,TTVSGDGEHLLAAK,90.0,80.263,46203.21
HLA-B*51:03,TVSGDGEHLLAAKD,97.5,88.458,46970.38
HLA-B*51:03,VSGDGEHLLAAKDG,97.5,93.664,47529.65
HLA-B*51:03,SGDGEHLLAAKDGG,100.0,95.211,47775.6
HLA-B*51:03,GDGEHLLAAKDGGF,93.333,81.09,46278.75
HLA-B*51:03,DGEHLLAAKDGGFV,55.0,34.237,40345.84
HLA-B*51:03,GEHLLAAKDGGFVL,44.091,50.832,43085.94
HLA-B*51:03,EHLLAAKDGGFVLK,66.364,65.817,44844.36
HLA-B*51:03,HLLAAKDGGFVLKI,58.25,39.275,41318.19
HLA-B*51:03,LLAAKDGGFVLKIS,95.0,79.236,46110.34
HLA-B*51:03,LAAKDGGFVLKISE,81.25,69.454,45204.36
HLA-B*51:03,AAKDGGFVLKISEH,66.818,89.595,47080.28
HLA-B*51:03,AKDGGFVLKISEHI,61.429,49.374,42893.39
HLA-B*51:03,KDGGFVLKISEHIA,91.667,79.834,46164.23
HLA-B*51:03,DGGFVLKISEHIAA,58.25,46.906,42536.6
HLA-B*51:03,GGFVLKISEHIAAS,97.5,88.484,46972.92
HLA-B*51:03,GFVLKISEHIAASQ,100.0,95.126,47737.38
HLA-B*51:03,FVLKISEHIAASQD,100.0,78.223,46019.11
HLA-B*51:03,VLKISEHIAASQDE,100.0,95.946,48110.7
HLA-B*51:03,LKISEHIAASQDEE,97.5,95.949,48111.75
HLA-B*51:03,KISEHIAASQDEEE,100.0,96.829,48515.8
HLA-B*51:03,ISEHIAASQDEEEM,78.333,63.572,44606.75
HLA-B*51:03,SEHIAASQDEEEMS,93.333,85.832,46717.46
HLA-B*51:03,EHIAASQDEEEMSK,58.0,85.395,46675.54
HLA-B*51:03,HIAASQDEEEMSKS,97.5,96.526,48376.4
HLA-B*51:03,IAASQDEEEMSKSP,77.5,76.406,45856.08
HLA-B*51:03,AASQDEEEMSKSPW,73.571,62.232,44459.79
HLA-B*51:03,ASQDEEEMSKSPWE,95.0,88.537,46978.01
HLA-B*51:03,SQDEEEMSKSPWEK,62.5,82.93,46447.33
HLA-B*51:03,QDEEEMSKSPWEKL,53.704,73.132,45553.46
HLA-B*51:03,DEEEMSKSPWEKLR,64.643,84.042,46549.43
HLA-B*51:03,EEEMSKSPWEKLRS,90.0,89.763,47096.59
HLA-B*51:03,EEMSKSPWEKLRSL,7.38,8.962,30564.25
HLA-B*51:03,EMSKSPWEKLRSLA,43.364,32.659,40015.86
HLA-B*51:03,MSKSPWEKLRSLAK,53.519,34.41,40381.66
HLA-B*51:03,SKSPWEKLRSLAKF,54.259,40.176,41474.04
HLA-B*51:03,KSPWEKLRSLAKFP,80.0,47.48,42621.81
HLA-B*51:03,SPWEKLRSLAKFPD,51.481,31.902,39849.96
HLA-B*51:03,PWEKLRSLAKFPDQ,100.0,95.512,47912.78
HLA-B*51:03,WEKLRSLAKFPDQC,91.667,74.984,45728.77
HLA-B*51:03,EKLRSLAKFPDQCP,82.5,79.153,46102.85
HLA-B*51:03,KLRSLAKFPDQCPM,86.667,56.208,43764.86
HLA-B*51:03,LRSLAKFPDQCPMD,100.0,82.689,46425.2
HLA-B*51:03,RSLAKFPDQCPMDN,100.0,81.966,46358.96
HLA-B*51:03,SLAKFPDQCPMDNV,78.333,38.724,41219.5
HLA-B*51:03,LAKFPDQCPMDNVS,95.0,65.133,44776.97
HLA-B*51:03,AKFPDQCPMDNVSD,97.5,86.953,46825.26
HLA-B*51:03,KFPDQCPMDNVSDK,85.0,73.293,45568.74
HLA-B*51:03,FPDQCPMDNVSDKD,86.667,48.149,42720.63
HLA-B*51:03,PDQCPMDNVSDKDD,100.0,97.608,48876.2
HLA-B*51:03,DQCPMDNVSDKDDL,70.714,51.251,43139.6
HLA-B*51:03,QCPMDNVSDKDDLR,80.0,73.46,45584.52
HLA-B*51:03,CPMDNVSDKDDLRL,12.09,4.409,25091.31
HLA-B*51:03,PMDNVSDKDDLRLQ,100.0,96.636,48427.18
HLA-B*51:03,MDNVSDKDDLRLQA,73.571,60.11,44228.06
HLA-B*51:03,DNVSDKDDLRLQAE,93.333,94.515,47625.41
HLA-B*51:03,NVSDKDDLRLQAED,100.0,95.227,47782.84
HLA-B*51:03,VSDKDDLRLQAEDE,100.0,96.711,48461.77
HLA-B*51:03,SDKDDLRLQAEDEG,97.5,96.541,48383.2
HLA-B*51:03,DKDDLRLQAEDEGS,93.333,96.567,48395.25
HLA-B*51:03,KDDLRLQAEDEGSL,68.182,74.572,45689.68
HLA-B*51:03,DDLRLQAEDEGSLP,59.5,67.613,45021.79
HLA-B*51:03,DLRLQAEDEGSLPE,91.667,81.051,46275.26
HLA-B*51:03,LRLQAEDEGSLPED,100.0,95.238,47788.02
HLA-B*51:03,RLQAEDEGSLPEDT,97.5,96.546,48385.82
HLA-B*51:03,LQAEDEGSLPEDTL,51.667,58.14,43994.19
HLA-B*51:03,QAEDEGSLPEDTLP,69.091,81.648,46329.88
HLA-B*51:03,AEDEGSLPEDTLPA,46.667,67.766,45036.92
HLA-B*51:03,EDEGSLPEDTLPAL,18.695,32.764,40038.84
HLA-B*51:03,DEGSLPEDTLPALQ,55.5,69.016,45160.85
HLA-B*51:03,EGSLPEDTLPALQF,49.571,47.523,42628.27
HLA-B*51:03,GSLPEDTLPALQFA,85.0,51.794,43209.21
HLA-B*51:03,SLPEDTLPALQFAF,63.929,30.281,39475.31
HLA-B*51:03,LPEDTLPALQFAFL,16.2,4.712,25595.85
HLA-B*51:03,PEDTLPALQFAFLA,90.0,37.478,40987.37
HLA-B*51:03,EDTLPALQFAFLAQ,82.5,52.615,43314.5
HLA-B*51:03,DTLPALQFAFLAQV,15.216,5.815,27192.03
HLA-B*51:03,TLPALQFAFLAQVT,91.667,48.367,42751.61
HLA-B*51:03,LPALQFAFLAQVTH,45.3,21.843,37123.15
HLA-B*51:03,PALQFAFLAQVTHA,93.333,47.975,42695.68
HLA-B*51:03,ALQFAFLAQVTHAG,97.5,72.448,45488.93
HLA-B*51:03,LQFAFLAQVTHAGE,95.0,67.776,45037.88
HLA-B*51:03,QFAFLAQVTHAGEL,62.857,29.481,39285.29
HLA-B*51:03,FAFLAQVTHAGELL,25.373,9.016,30611.26
HLA-B*51:03,AFLAQVTHAGELLK,93.333,79.48,46132.29
HLA-B*51:03,FLAQVTHAGELLKN,95.0,75.548,45779.25
HLA-B*51:03,LAQVTHAGELLKNY,68.636,49.448,42903.6
HLA-B*51:03,AQVTHAGELLKNYS,97.5,91.962,47338.74
HLA-B*51:03,QVTHAGELLKNYSK,93.333,89.153,47037.52
HLA-B*51:03,VTHAGELLKNYSKA,90.0,67.234,44984.32
HLA-B*51:03,THAGELLKNYSKAE,95.0,92.059,47349.48
HLA-B*51:03,HAGELLKNYSKAES,93.333,93.943,47561.05
HLA-B*51:03,AGELLKNYSKAESL,59.25,63.225,44568.64
HLA-B*51:03,GELLKNYSKAESLW,63.929,54.592,43569.28
HLA-B*51:03,ELLKNYSKAESLWK,85.0,73.283,45567.74
HLA-B*51:03,LLKNYSKAESLWKI,58.0,30.907,39622.09
HLA-B*51:03,LKNYSKAESLWKIP,97.5,71.822,45429.91
HLA-B*51:03,KNYSKAESLWKIPP,95.0,74.718,45703.53
HLA-B*51:03,NYSKAESLWKIPPD,95.0,80.926,46263.74
HLA-B*51:03,YSKAESLWKIPPDA,85.0,52.013,43237.25
HLA-B*51:03,SKAESLWKIPPDAE,97.5,90.787,47207.28
HLA-B*51:03,KAESLWKIPPDAEA,49.714,66.447,44906.5
HLA-B*51:03,AESLWKIPPDAEAA,73.571,63.814,44633.3
HLA-B*51:03,ESLWKIPPDAEAAK,57.5,69.498,45208.76
HLA-B*51:03,SLWKIPPDAEAAKV,37.947,28.231,38978.32
HLA-B*51:03,LWKIPPDAEAAKVA,85.0,65.231,44786.64
HLA-B*51:03,WKIPPDAEAAKVAR,86.667,71.362,45386.66
HLA-B*51:03,KIPPDAEAAKVARE,95.0,95.489,47901.9
HLA-B*51:03,IPPDAEAAKVAREK,48.875,61.617,44392.48
HLA-B*51:03,PPDAEAAKVAREKV,69.091,64.736,44734.83
HLA-B*51:03,PDAEAAKVAREKVI,78.333,64.095,44664.23
HLA-B*51:03,DAEAAKVAREKVII,24.312,22.303,37270.87
HLA-B*51:03,AEAAKVAREKVIIA,69.091,68.588,45118.35
HLA-B*51:03,EAAKVAREKVIIAL,21.43,29.7,39337.59
HLA-B*51:03,AAKVAREKVIIALA,78.333,66.284,44890.48
HLA-B*51:03,AKVAREKVIIALAP,97.5,87.9,46916.55
HLA-B*51:03,KVAREKVIIALAPE,100.0,92.864,47439.74
HLA-B*51:03,VAREKVIIALAPEG,93.333,72.197,45465.32
HLA-B*51:03,AREKVIIALAPEGR,95.0,95.039,47697.62
HLA-B*51:03,REKVIIALAPEGRE,97.5,94.328,47604.29
HLA-B*51:03,EKVIIALAPEGRED,100.0,96.082,48172.7
HLA-B*51:03,KVIIALAPEGREDF,85.0,75.21,45749.06
HLA-B*51:03,VIIALAPEGREDFI,45.6,26.148,38421.02
HLA-B*51:03,IIALAPEGREDFIL,85.0,49.616,42926.82
HLA-B*51:03,IALAPEGREDFILL,35.167,17.218,35403.37
HLA-B*51:03,ALAPEGREDFILLA,68.636,58.004,43977.99
HLA-B*51:03,LAPEGREDFILLAR,71.429,56.376,43784.76
HLA-B*51:03,APEGREDFILLARY,49.0,44.615,42191.43
HLA-B*51:03,PEGREDFILLARYT,97.5,87.747,46901.82
HLA-B*51:03,EGREDFILLARYTT,86.667,70.736,45327.78
HLA-B*51:03,GREDFILLARYTTD,100.0,91.844,47325.43
HLA-B*51:03,REDFILLARYTTDV,75.0,47.913,42686.43
HLA-B*51:03,EDFILLARYTTDVC,88.333,63.405,44588.42
HLA-B*51:03,DFILLARYTTDVCV,52.963,22.775,37419.57
HLA-B*51:03,FILLARYTTDVCVN,97.5,68.888,45148.15
HLA-B*51:03,ILLARYTTDVCVNL,71.429,45.773,42369.4
HLA-B*51:03,LLARYTTDVCVNLS,100.0,77.735,45975.32
HLA-B*51:03,LARYTTDVCVNLSN,100.0,67.023,44963.38
HLA-B*51:03,ARYTTDVCVNLSNK,91.667,86.574,46788.8
HLA-B*51:03,RYTTDVCVNLSNKI,79.167,47.749,42661.96
HLA-B*51:03,YTTDVCVNLSNKIQ,93.333,73.064,45547.05
HLA-B*51:03,TTDVCVNLSNKIQL,51.852,50.529,43047.28
HLA-B*51:03,TDVCVNLSNKIQLP,72.143,70.24,45281.21
HLA-B*51:03,DVCVNLSNKIQLPL,45.2,24.11,37839.32
HLA-B*51:03,VCVNLSNKIQLPLT,100.0,86.1,46743.26
HLA-B*51:03,CVNLSNKIQLPLTT,97.5,68.962,45155.46
HLA-B*51:03,VNLSNKIQLPLTTV,46.444,35.603,40623.55
HLA-B*51:03,NLSNKIQLPLTTVI,39.941,19.028,36122.29
HLA-B*51:03,LSNKIQLPLTTVIA,81.25,35.278,40559.0
HLA-B*51:03,SNKIQLPLTTVIAR,68.636,66.973,44958.51
HLA-B*51:03,NKIQLPLTTVIARG,91.667,72.39,45483.5
HLA-B*51:03,KIQLPLTTVIARGV,69.545,39.609,41376.34
HLA-B*51:03,IQLPLTTVIARGVR,86.667,62.513,44490.59
HLA-B*51:03,QLPLTTVIARGVRS,95.0,79.762,46157.74
HLA-B*51:03,LPLTTVIARGVRSA,31.206,13.083,33404.97
HLA-B*51:03,PLTTVIARGVRSAF,85.0,68.76,45135.46
HLA-B*51:03,LTTVIARGVRSAFE,91.667,76.622,45875.46
HLA-B*51:03,TTVIARGVRSAFES,97.5,85.032,46640.7
HLA-B*51:03,TVIARGVRSAFESS,95.0,83.341,46485.03
HLA-B*51:03,VIARGVRSAFESSV,65.0,51.364,43154.07
HLA-B*51:03,IARGVRSAFESSVS,95.0,74.911,45721.84
HLA-B*51:03,ARGVRSAFESSVSG,86.667,76.29,45845.67
HLA-B*51:03,RGVRSAFESSVSGL,72.143,52.991,43362.83
HLA-B*51:03,GVRSAFESSVSGLL,65.455,41.475,41690.02
HLA-B*51:03,VRSAFESSVSGLLR,91.667,63.286,44575.4
HLA-B*51:03,RSAFESSVSGLLRS,97.5,71.138,45365.56
HLA-B*51:03,SAFESSVSGLLRSN,74.286,49.552,42917.99
HLA-B*51:03,AFESSVSGLLRSNI,86.667,38.751,41224.42
HLA-B*51:03,FESSVSGLLRSNIK,78.333,51.984,43233.52
HLA-B*51:03,ESSVSGLLRSNIKK,86.667,75.116,45740.62
HLA-B*51:03,SSVSGLLRSNIKKE,97.5,93.01,47456.18
HLA-B*51:03,SVSGLLRSNIKKER,93.333,94.597,47634.69
HLA-B*51:03,VSGLLRSNIKKERG,100.0,95.79,48039.45
HLA-B*51:03,SGLLRSNIKKERGL,77.5,72.041,45450.55
HLA-B*51:03,GLLRSNIKKERGLC,100.0,96.003,48136.73
HLA-B*51:03,LLRSNIKKERGLCS,97.5,89.621,47082.83
HLA-B*51:03,LRSNIKKERGLCSE,97.5,95.667,47983.34
HLA-B*51:03,RSNIKKERGLCSEK,97.5,94.922,47671.29
HLA-B*51:03,SNIKKERGLCSEKL,75.0,77.159,45923.62
HLA-B*51:03,NIKKERGLCSEKLK,97.5,93.998,47567.22
HLA-B*51:03,IKKERGLCSEKLKP,97.5,92.612,47411.54
HLA-B*51:03,KKERGLCSEKLKPD,100.0,96.703,48458.11
HLA-B*51:03,KERGLCSEKLKPDI,85.0,67.534,45014.01
HLA-B*51:03,ERGLCSEKLKPDID,100.0,95.646,47973.47
HLA-B*51:03,RGLCSEKLKPDIDS,100.0,96.069,48166.95
HLA-B*51:03,GLCSEKLKPDIDSV,80.0,76.257,45842.69
HLA-B*51:03,LCSEKLKPDIDSVL,66.364,61.832,44416.02
HLA-B*51:03,CSEKLKPDIDSVLA,80.0,38.966,41264.13
HLA-B*51:03,SEKLKPDIDSVLAI,20.943,20.611,36703.79
HLA-B*51:03,EKLKPDIDSVLAIP,78.333,61.656,44396.81
HLA-B*51:03,KLKPDIDSVLAIPL,70.714,55.36,43664.61
HLA-B*51:03,LKPDIDSVLAIPLL,34.192,28.412,39023.49
HLA-B*51:03,KPDIDSVLAIPLLH,52.593,44.353,42149.93
HLA-B*51:03,PDIDSVLAIPLLHA,88.333,73.883,45624.49
HLA-B*51:03,DIDSVLAIPLLHAK,48.25,50.751,43075.69
HLA-B*51:03,IDSVLAIPLLHAKR,91.667,75.388,45764.88
HLA-B*51:03,DSVLAIPLLHAKRL,18.799,13.427,33592.36
HLA-B*51:03,SVLAIPLLHAKRLT,86.667,68.017,45061.76
HLA-B*51:03,VLAIPLLHAKRLTV,48.25,20.637,36712.93
HLA-B*51:03,LAIPLLHAKRLTVN,51.111,33.015,40093.46
HLA-B*51:03,AIPLLHAKRLTVNH,90.0,77.038,45912.69
HLA-B*51:03,IPLLHAKRLTVNHM,15.907,8.708,30342.83
HLA-B*51:03,PLLHAKRLTVNHMG,100.0,92.969,47451.55
HLA-B*51:03,LLHAKRLTVNHMGL,80.0,55.476,43678.3
HLA-B*51:03,LHAKRLTVNHMGLD,97.5,80.75,46247.72
HLA-B*51:03,HAKRLTVNHMGLDQ,95.0,91.167,47249.71
HLA-B*51:03,AKRLTVNHMGLDQA,95.0,90.622,47188.89
HLA-B*51:03,KRLTVNHMGLDQAG,100.0,87.937,46920.09
HLA-B*51:03,RLTVNHMGLDQAGK,93.333,91.18,47251.23
HLA-B*51:03,LTVNHMGLDQAGKF,80.0,49.189,42867.87
HLA-B*51:03,TVNHMGLDQAGKFR,95.0,84.858,46624.55
HLA-B*51:03,VNHMGLDQAGKFRE,100.0,94.186,47588.33
HLA-B*51:03,NHMGLDQAGKFRES,93.333,77.962,45995.73
HLA-B*51:03,HMGLDQAGKFRESE,97.5,95.356,47841.82
HLA-B*51:03,MGLDQAGKFRESEK,82.5,88.263,46951.57
HLA-B*51:03,GLDQAGKFRESEKS,100.0,96.7,48456.55
HLA-B*51:03,LDQAGKFRESEKSR,83.75,96.222,48236.83
HLA-B*51:03,DQAGKFRESEKSRK,88.333,95.533,47922.11
HLA-B*51:03,QAGKFRESEKSRKV,45.2,57.224,43885.32
HLA-B*51:03,AGKFRESEKSRKVP,85.0,95.219,47779.2
HLA-B*51:03,GKFRESEKSRKVPN,97.5,96.187,48220.66
HLA-B*51:03,KFRESEKSRKVPNA,95.0,91.597,47297.79
HLA-B*51:03,FRESEKSRKVPNAT,95.0,87.142,46843.5
HLA-B*51:03,RESEKSRKVPNATA,69.091,76.24,45841.21
HLA-B*51:03,ESEKSRKVPNATAG,95.0,87.768,46903.84
HLA-B*51:03,SEKSRKVPNATAGD,95.0,93.477,47508.57
HLA-B*51:03,EKSRKVPNATAGDK,95.0,95.018,47688.33
HLA-B*51:03,KSRKVPNATAGDKV,77.5,60.694,44291.74
HLA-B*51:03,SRKVPNATAGDKVE,91.667,94.643,47639.85
HLA-B*51:03,RKVPNATAGDKVEA,78.333,84.409,46583.19
HLA-B*51:03,KVPNATAGDKVEAL,52.037,54.424,43547.59
HLA-B*51:03,VPNATAGDKVEALV,16.107,4.24,24765.24
HLA-B*51:03,PNATAGDKVEALVL,88.333,69.286,45187.74
HLA-B*51:03,NATAGDKVEALVLA,63.571,39.404,41340.55
HLA-B*51:03,ATAGDKVEALVLAV,73.571,52.217,43263.47
HLA-B*51:03,TAGDKVEALVLAVY,62.5,49.246,42875.75
HLA-B*51:03,AGDKVEALVLAVYS,95.0,84.189,46563.04
HLA-B*51:03,GDKVEALVLAVYSG,97.5,91.546,47292.14
HLA-B*51:03,DKVEALVLAVYSGE,93.333,81.457,46312.34
HLA-B*51:03,KVEALVLAVYSGER,97.5,90.503,47175.62
HLA-B*51:03,VEALVLAVYSGERE,95.0,89.932,47112.9
HLA-B*51:03,EALVLAVYSGEREI,15.578,6.793,28427.6
HLA-B*51:03,ALVLAVYSGEREIN,97.5,92.022,47345.39
HLA-B*51:03,LVLAVYSGEREINR,93.333,74.823,45713.44
HLA-B*51:03,VLAVYSGEREINRS,100.0,94.634,47638.81
HLA-B*51:03,LAVYSGEREINRSN,95.0,82.202,46380.52
HLA-B*51:03,AVYSGEREINRSNL,63.214,65.655,44828.34
HLA-B*51:03,VYSGEREINRSNLG,97.5,88.189,46944.45
HLA-B*51:03,YSGEREINRSNLGR,95.0,89.347,47056.33
HLA-B*51:03,SGEREINRSNLGRE,100.0,96.363,48301.61
HLA-B*51:03,GEREINRSNLGREE,93.333,96.224,48237.89
HLA-B*51:03,EREINRSNLGREEE,97.5,96.343,48292.2
HLA-B*51:03,REINRSNLGREEEG,97.5,95.424,47872.35
HLA-B*51:03,EINRSNLGREEEGH,97.5,97.084,48633.56
HLA-B*51:03,INRSNLGREEEGHL,91.667,86.489,46780.68
HLA-B*51:03,NRSNLGREEEGHLT,95.0,95.471,47894.12
HLA-B*51:03,RSNLGREEEGHLTE,95.0,95.224,47781.79
HLA-B*51:03,SNLGREEEGHLTEG,97.5,95.868,48074.78
HLA-B*51:03,NLGREEEGHLTEGD,100.0,96.891,48544.69
HLA-B*51:03,LGREEEGHLTEGDG,100.0,96.978,48584.62
HLA-B*51:03,GREEEGHLTEGDGA,93.333,95.097,47723.93
HLA-B*51:03,REEEGHLTEGDGAM,59.25,70.945,45347.4
HLA-B*51:03,EEEGHLTEGDGAMA,73.571,77.381,45943.49
HLA-B*51:03,EEGHLTEGDGAMAI,42.462,38.37,41154.45
HLA-B*51:03,EGHLTEGDGAMAIE,88.333,75.437,45769.34
HLA-B*51:03,GHLTEGDGAMAIET,97.5,92.557,47405.37
HLA-B*51:03,HLTEGDGAMAIETE,97.5,93.637,47526.59
HLA-B*51:03,LTEGDGAMAIETED,100.0,84.419,46584.21
HLA-B*51:03,TEGDGAMAIETEDG,97.5,94.305,47601.71
HLA-B*51:03,EGDGAMAIETEDGT,97.5,93.586,47520.92
HLA-B*51:03,GDGAMAIETEDGTI,90.0,44.034,42099.32
HLA-B*51:03,DGAMAIETEDGTIG,95.0,68.189,45078.82
HLA-B*51:03,GAMAIETEDGTIGA,52.963,62.917,44534.88
HLA-B*51:03,AMAIETEDGTIGAG,100.0,83.39,46489.55
HLA-B*51:03,MAIETEDGTIGAGV,34.731,9.851,31272.09
HLA-B*51:03,AIETEDGTIGAGVM,93.333,82.311,46390.57
HLA-B*51:03,IETEDGTIGAGVMD,97.5,84.042,46549.43
HLA-B*51:03,ETEDGTIGAGVMDT,95.0,93.696,47533.27
HLA-B*51:03,TEDGTIGAGVMDTE,85.0,89.737,47094.04
HLA-B*51:03,EDGTIGAGVMDTEK,97.5,95.181,47762.16
HLA-B*51:03,DGTIGAGVMDTEKY,72.857,81.884,46351.42
HLA-B*51:03,GTIGAGVMDTEKYA,93.333,86.405,46772.6
HLA-B*51:03,TIGAGVMDTEKYAA,93.333,84.184,46562.55
HLA-B*51:03,IGAGVMDTEKYAAS,100.0,90.668,47194.0
HLA-B*51:03,GAGVMDTEKYAASI,82.5,48.227,42731.71
HLA-B*51:03,AGVMDTEKYAASIK,93.333,74.41,45674.36
HLA-B*51:03,GVMDTEKYAASIKD,97.5,85.453,46681.08
HLA-B*51:03,VMDTEKYAASIKDA,95.0,79.131,46100.86
HLA-B*51:03,MDTEKYAASIKDAQ,90.0,78.787,46069.95
HLA-B*51:03,DTEKYAASIKDAQP,75.833,78.887,46078.92
HLA-B*51:03,TEKYAASIKDAQPK,88.333,87.074,46836.92
HLA-B*51:03,EKYAASIKDAQPKS,85.0,90.448,47169.51
HLA-B*51:03,KYAASIKDAQPKSQ,97.5,96.447,48340.29
HLA-B*51:03,YAASIKDAQPKSQV,15.381,20.408,36630.79
HLA-B*51:03,AASIKDAQPKSQVC,74.286,88.316,46956.66
HLA-B*51:03,ASIKDAQPKSQVCE,95.0,93.998,47567.22
HLA-B*51:03,SIKDAQPKSQVCEG,82.5,83.806,46527.79
HLA-B*51:03,IKDAQPKSQVCEGD,100.0,95.671,47984.89
HLA-B*51:03,KDAQPKSQVCEGDK,95.0,96.24,48245.2
HLA-B*51:03,DAQPKSQVCEGDKG,73.571,83.384,46489.04
HLA-B*51:03,AQPKSQVCEGDKGV,67.727,66.043,44866.69
HLA-B*51:03,QPKSQVCEGDKGVV,25.119,19.162,36171.97
HLA-B*51:03,PKSQVCEGDKGVVG,100.0,96.345,48293.23
HLA-B*51:03,KSQVCEGDKGVVGR,95.0,95.543,47926.78
HLA-B*51:03,SQVCEGDKGVVGRN,97.5,93.655,47528.64
HLA-B*51:03,QVCEGDKGVVGRNI,78.333,59.892,44203.16
HLA-B*51:03,VCEGDKGVVGRNID,100.0,95.804,48045.68
HLA-B*51:03,CEGDKGVVGRNIDH,93.333,87.826,46909.44
HLA-B*51:03,EGDKGVVGRNIDHA,80.0,81.435,46310.31
HLA-B*51:03,GDKGVVGRNIDHAT,97.5,96.401,48318.84
HLA-B*51:03,DKGVVGRNIDHATA,90.0,81.117,46281.26
HLA-B*51:03,KGVVGRNIDHATAR,93.333,95.695,47995.79
HLA-B*51:03,GVVGRNIDHATARI,77.5,70.611,45316.0
HLA-B*51:03,VVGRNIDHATARIK,97.5,87.311,46859.73
HLA-B*51:03,VGRNIDHATARIKL,66.364,65.453,44808.46
HLA-B*51:03,GRNIDHATARIKLG,100.0,95.13,47738.91
HLA-B*51:03,RNIDHATARIKLGN,97.5,92.603,47410.5
HLA-B*51:03,NIDHATARIKLGNK,95.0,88.805,47003.92
HLA-B*51:03,IDHATARIKLGNKV,47.75,48.61,42786.31
HLA-B*51:03,DHATARIKLGNKVG,88.333,76.667,45879.42
HLA-B*51:03,HATARIKLGNKVGG,95.0,90.686,47196.05
HLA-B*51:03,ATARIKLGNKVGGV,91.667,74.191,45653.63
HLA-B*51:03,TARIKLGNKVGGVA,72.857,54.537,43562.2
HLA-B*51:03,ARIKLGNKVGGVAH,93.333,95.08,47716.2
HLA-B*51:03,RIKLGNKVGGVAHT,97.5,95.83,48057.64
HLA-B*51:03,IKLGNKVGGVAHTM,75.0,58.824,44075.66
HLA-B*51:03,KLGNKVGGVAHTMG,97.5,95.449,47883.74
HLA-B*51:03,LGNKVGGVAHTMGE,100.0,92.667,47417.69
HLA-B*51:03,GNKVGGVAHTMGEG,100.0,96.952,48572.53
HLA-B*51:03,NKVGGVAHTMGEGE,97.5,95.968,48120.59
HLA-B*51:03,KVGGVAHTMGEGET,97.5,96.3,48272.87
HLA-B*51:03,VGGVAHTMGEGETD,100.0,95.798,48043.07
HLA-B*51:03,GGVAHTMGEGETDH,97.5,97.129,48654.61
HLA-B*51:03,GVAHTMGEGETDHL,86.667,75.875,45808.49
HLA-B*51:03,VAHTMGEGETDHLE,90.0,81.736,46337.88
HLA-B*51:03,AHTMGEGETDHLEC,97.5,91.528,47290.1
HLA-B*51:03,HTMGEGETDHLECE,95.0,93.193,47476.71
HLA-B*51:03,TMGEGETDHLECEQ,100.0,96.44,48337.14
HLA-B*51:03,MGEGETDHLECEQF,70.714,54.803,43596.63
HLA-B*51:03,GEGETDHLECEQFR,91.667,95.789,48038.92
HLA-B*51:03,EGETDHLECEQFRI,75.833,48.156,42721.54
HLA-B*51:03,GETDHLECEQFRIT,95.0,88.374,46962.26
HLA-B*51:03,ETDHLECEQFRITV,41.333,29.679,39332.5
HLA-B*51:03,TDHLECEQFRITVQ,91.667,78.378,46033.06
HLA-B*51:03,DHLECEQFRITVQV,30.081,12.943,33325.57
HLA-B*51:03,HLECEQFRITVQVC,91.667,70.621,45317.0
HLA-B*51:03,LECEQFRITVQVCA,85.0,51.608,43185.36
HLA-B*51:03,ECEQFRITVQVCAN,97.5,77.58,45961.39
HLA-B*51:03,CEQFRITVQVCANI,78.333,22.403,37302.32
HLA-B*51:03,EQFRITVQVCANIP,74.286,48.071,42709.53
HLA-B*51:03,QFRITVQVCANIPL,85.0,49.02,42844.68
HLA-B*51:03,FRITVQVCANIPLT,95.0,61.683,44399.7
HLA-B*51:03,RITVQVCANIPLTL,66.364,48.052,42706.75
HLA-B*51:03,ITVQVCANIPLTLE,95.0,66.299,44891.93
HLA-B*51:03,TVQVCANIPLTLEA,65.455,45.148,42275.07
HLA-B*51:03,VQVCANIPLTLEAH,95.0,76.052,45824.36
HLA-B*51:03,QVCANIPLTLEAHY,46.889,47.994,42698.43
HLA-B*51:03,VCANIPLTLEAHYI,59.25,23.25,37569.66
HLA-B*51:03,CANIPLTLEAHYIK,93.333,47.08,42562.37
HLA-B*51:03,ANIPLTLEAHYIKT,95.0,83.007,46454.34
HLA-B*51:03,NIPLTLEAHYIKTW,42.923,28.273,38988.88
HLA-B*51:03,IPLTLEAHYIKTWM,32.71,13.366,33559.31
HLA-B*51:03,PLTLEAHYIKTWMY,85.0,51.506,43172.27
HLA-B*51:03,LTLEAHYIKTWMYW,68.636,20.362,36614.54
HLA-B*51:03,TLEAHYIKTWMYWE,97.5,63.049,44549.36
HLA-B*51:03,LEAHYIKTWMYWES,95.0,50.635,43060.77
HLA-B*51:03,EAHYIKTWMYWESE,74.286,47.136,42570.66
HLA-B*51:03,AHYIKTWMYWESEP,90.0,64.71,44731.91
HLA-B*51:03,HYIKTWMYWESEPH,95.0,73.142,45554.43
HLA-B*51:03,YIKTWMYWESEPHA,67.727,48.899,42827.52
HLA-B*51:03,IKTWMYWESEPHAA,91.667,57.148,43876.29
HLA-B*51:03,KTWMYWESEPHAAT,82.5,59.548,44162.05
HLA-B*51:03,TWMYWESEPHAATH,86.667,64.675,44728.05
HLA-B*51:03,WMYWESEPHAATHA,90.0,31.844,39836.6
HLA-B*51:03,MYWESEPHAATHAN,90.0,44.523,42176.85
HLA-B*51:03,YWESEPHAATHANN,97.5,81.161,46285.29
HLA-B*51:03,WESEPHAATHANNG,95.0,72.897,45531.28
HLA-B*51:03,ESEPHAATHANNGR,75.0,91.016,47232.83
HLA-B*51:03,SEPHAATHANNGRG,97.5,90.531,47178.7
HLA-B*51:03,EPHAATHANNGRGN,85.0,78.267,46023.12
HLA-B*51:03,PHAATHANNGRGNL,93.333,84.074,46552.46
HLA-B*51:03,HAATHANNGRGNLY,52.407,58.432,44028.96
HLA-B*51:03,AATHANNGRGNLYY,72.857,75.908,45811.45
HLA-B*51:03,ATHANNGRGNLYYE,97.5,91.13,47245.62
HLA-B*51:03,THANNGRGNLYYEP,82.5,79.867,46167.23
HLA-B*51:03,HANNGRGNLYYEPI,67.273,24.858,38059.8
HLA-B*51:03,ANNGRGNLYYEPIT,100.0,92.251,47371.02
HLA-B*51:03,NNGRGNLYYEPITS,95.0,84.436,46585.71
HLA-B*51:03,NGRGNLYYEPITSL,18.5,30.392,39501.39
HLA-B*51:03,GRGNLYYEPITSLY,64.643,57.376,43903.35
HLA-B*51:03,RGNLYYEPITSLYM,74.286,40.84,41586.4
HLA-B*51:03,GNLYYEPITSLYMQ,93.333,75.803,45802.05
HLA-B*51:03,NLYYEPITSLYMQS,72.857,60.057,44222.3
HLA-B*51:03,LYYEPITSLYMQSE,81.25,66.954,44956.57
HLA-B*51:03,YYEPITSLYMQSEI,39.294,11.576,32482.56
HLA-B*51:03,YEPITSLYMQSEIC,82.5,40.41,41513.57
HLA-B*51:03,EPITSLYMQSEICG,62.5,27.064,38664.99
HLA-B*51:03,PITSLYMQSEICGS,100.0,95.724,48009.31
HLA-B*51:03,ITSLYMQSEICGSV,73.571,32.442,39968.71
HLA-B*51:03,TSLYMQSEICGSVQ,97.5,71.106,45362.61
HLA-B*51:03,SLYMQSEICGSVQR,86.667,73.956,45631.41
HLA-B*51:03,LYMQSEICGSVQRV,70.0,36.848,40867.36
HLA-B*51:03,YMQSEICGSVQRVS,97.5,68.844,45143.76
HLA-B*51:03,MQSEICGSVQRVSA,64.643,42.256,41817.42
HLA-B*51:03,QSEICGSVQRVSAY,78.333,61.34,44362.23
HLA-B*51:03,SEICGSVQRVSAYV,47.5,20.327,36601.89
HLA-B*51:03,EICGSVQRVSAYVP,90.0,64.521,44711.12
HLA-B*51:03,ICGSVQRVSAYVPL,86.667,53.187,43388.14
HLA-B*51:03,CGSVQRVSAYVPLH,97.5,70.632,45317.96
HLA-B*51:03,GSVQRVSAYVPLHQ,97.5,92.04,47347.44
HLA-B*51:03,SVQRVSAYVPLHQN,95.0,77.791,45980.31
HLA-B*51:03,VQRVSAYVPLHQNG,95.0,79.568,46140.27
HLA-B*51:03,QRVSAYVPLHQNGN,100.0,94.607,47635.71
HLA-B*51:03,RVSAYVPLHQNGNR,93.333,91.789,47319.29
HLA-B*51:03,VSAYVPLHQNGNRY,65.0,53.384,43413.5
HLA-B*51:03,SAYVPLHQNGNRYV,11.863,7.547,29275.07
HLA-B*51:03,AYVPLHQNGNRYVD,97.5,87.995,46925.69
HLA-B*51:03,YVPLHQNGNRYVDW,74.286,45.536,42333.65
HLA-B*51:03,VPLHQNGNRYVDWL,38.0,19.599,36335.14
HLA-B*51:03,PLHQNGNRYVDWLP,97.5,80.055,46184.24
HLA-B*51:03,LHQNGNRYVDWLPD,100.0,74.807,45711.93
HLA-B*51:03,HQNGNRYVDWLPDM,81.25,59.68,44177.83
HLA-B*51:03,QNGNRYVDWLPDME,100.0,94.584,47633.16
HLA-B*51:03,NGNRYVDWLPDMEV,35.875,24.345,37908.57
HLA-B*51:03,GNRYVDWLPDMEVA,95.0,71.378,45388.16
HLA-B*51:03,NRYVDWLPDMEVAP,88.333,66.9,44951.23
HLA-B*51:03,RYVDWLPDMEVAPQ,95.0,81.128,46282.27
HLA-B*51:03,YVDWLPDMEVAPQF,30.514,17.799,35645.92
HLA-B*51:03,VDWLPDMEVAPQFD,91.667,67.387,44999.41
HLA-B*51:03,DWLPDMEVAPQFDK,77.5,70.986,45351.32
HLA-B*51:03,WLPDMEVAPQFDKV,57.75,27.396,38755.44
HLA-B*51:03,LPDMEVAPQFDKVI,17.098,4.262,24808.14
HLA-B*51:03,PDMEVAPQFDKVII,60.0,32.726,40030.6
HLA-B*51:03,DMEVAPQFDKVIIV,16.969,15.383,34575.46
HLA-B*51:03,MEVAPQFDKVIIVV,38.278,17.962,35714.24
HLA-B*51:03,EVAPQFDKVIIVVL,29.5,29.808,39363.58
HLA-B*51:03,VAPQFDKVIIVVLE,76.667,64.64,44724.18
HLA-B*51:03,APQFDKVIIVVLEP,54.074,44.106,42110.72
HLA-B*51:03,PQFDKVIIVVLEPP,93.333,82.459,46404.12
HLA-B*51:03,QFDKVIIVVLEPPE,93.333,94.103,47579.06
HLA-B*51:03,FDKVIIVVLEPPEE,95.0,90.448,47169.51
HLA-B*51:03,DKVIIVVLEPPEEC,63.929,82.53,46410.65
HLA-B*51:03,KVIIVVLEPPEECP,93.333,93.449,47505.5
HLA-B*51:03,VIIVVLEPPEECPQ,100.0,95.911,48094.57
HLA-B*51:03,IIVVLEPPEECPQV,14.885,16.705,35180.01
HLA-B*51:03,IVVLEPPEECPQVT,60.714,61.476,44377.11
HLA-B*51:03,VVLEPPEECPQVTR,52.407,78.92,46081.89
HLA-B*51:03,VLEPPEECPQVTRI,44.455,38.47,41172.71
HLA-B*51:03,LEPPEECPQVTRIH,75.833,77.514,45955.43
HLA-B*51:03,EPPEECPQVTRIHL,10.204,17.667,35590.43
HLA-B*51:03,PPEECPQVTRIHLA,67.273,48.711,42800.66
HLA-B*51:03,PEECPQVTRIHLAI,78.333,27.46,38773.06
HLA-B*51:03,EECPQVTRIHLAIS,85.0,57.656,43936.63
HLA-B*51:03,ECPQVTRIHLAISH,85.0,65.763,44839.01
HLA-B*51:03,CPQVTRIHLAISHK,86.667,37.778,41044.16
HLA-B*51:03,PQVTRIHLAISHKS,100.0,93.239,47481.86
HLA-B*51:03,QVTRIHLAISHKSS,97.5,89.016,47024.27
HLA-B*51:03,VTRIHLAISHKSSD,100.0,93.76,47540.47
HLA-B*51:03,TRIHLAISHKSSDG,100.0,94.465,47619.73
HLA-B*51:03,RIHLAISHKSSDGL,82.5,63.489,44597.57
HLA-B*51:03,IHLAISHKSSDGLY,61.071,49.286,42881.3
HLA-B*51:03,HLAISHKSSDGLYK,90.0,79.419,46126.79
HLA-B*51:03,LAISHKSSDGLYKI,21.0,10.184,31511.2
HLA-B*51:03,AISHKSSDGLYKIY,90.0,80.624,46236.21
HLA-B*51:03,ISHKSSDGLYKIYF,78.333,50.011,42981.2
HLA-B*51:03,SHKSSDGLYKIYFG,93.333,76.462,45861.05
HLA-B*51:03,HKSSDGLYKIYFGF,90.0,58.58,44046.57
HLA-B*51:03,KSSDGLYKIYFGFW,72.857,43.565,42027.43
HLA-B*51:03,SSDGLYKIYFGFWR,95.0,67.402,45000.86
HLA-B*51:03,SDGLYKIYFGFWRM,81.25,41.349,41669.73
HLA-B*51:03,DGLYKIYFGFWRMT,88.333,49.805,42952.82
HLA-B*51:03,GLYKIYFGFWRMTY,91.667,63.801,44631.87
HLA-B*51:03,LYKIYFGFWRMTYA,93.333,48.373,42752.52
HLA-B*51:03,YKIYFGFWRMTYAL,85.0,29.048,39181.71
HLA-B*51:03,KIYFGFWRMTYALL,88.333,33.684,40231.64
HLA-B*51:03,IYFGFWRMTYALLT,95.0,45.594,42342.36
HLA-B*51:03,YFGFWRMTYALLTW,79.167,27.351,38743.29
HLA-B*51:03,FGFWRMTYALLTWS,95.0,39.645,41382.61
HLA-B*51:03,GFWRMTYALLTWSA,97.5,56.42,43789.99
HLA-B*51:03,FWRMTYALLTWSAC,90.0,49.549,42917.52
HLA-B*51:03,WRMTYALLTWSACE,100.0,65.285,44791.99
HLA-B*51:03,RMTYALLTWSACEV,91.667,28.88,39140.19
HLA-B*51:03,MTYALLTWSACEVM,72.857,14.271,34039.09
HLA-B*51:03,TYALLTWSACEVML,85.0,37.801,41048.61
HLA-B*51:03,YALLTWSACEVMLA,72.143,15.954,34843.6
HLA-B*51:03,ALLTWSACEVMLAG,100.0,77.071,45915.68
HLA-B*51:03,LLTWSACEVMLAGM,97.5,54.241,43524.04
HLA-B*51:03,LTWSACEVMLAGME,97.5,63.146,44559.96
HLA-B*51:03,TWSACEVMLAGMES,100.0,77.818,45982.8
HLA-B*51:03,WSACEVMLAGMESQ,97.5,81.468,46313.32
HLA-B*51:03,SACEVMLAGMESQT,93.333,74.029,45638.29
HLA-B*51:03,ACEVMLAGMESQTF,69.545,47.384,42607.52
HLA-B*51:03,CEVMLAGMESQTFF,69.091,23.982,37801.27
HLA-B*51:03,EVMLAGMESQTFFS,85.0,47.019,42553.18
HLA-B*51:03,VMLAGMESQTFFSS,97.5,58.296,44012.75
HLA-B*51:03,MLAGMESQTFFSSE,93.333,59.684,44178.31
HLA-B*51:03,LAGMESQTFFSSEP,97.5,58.964,44092.36
HLA-B*51:03,AGMESQTFFSSEPA,90.0,41.355,41670.62
HLA-B*51:03,GMESQTFFSSEPAS,100.0,73.492,45587.46
HLA-B*51:03,MESQTFFSSEPASP,74.286,48.581,42782.14
HLA-B*51:03,ESQTFFSSEPASPF,51.852,29.54,39299.33
HLA-B*51:03,SQTFFSSEPASPFG,95.0,63.229,44569.13
HLA-B*51:03,QTFFSSEPASPFGA,83.75,44.164,42119.82
HLA-B*51:03,TFFSSEPASPFGAL,25.657,14.218,34012.95
HLA-B*51:03,FFSSEPASPFGALN,67.727,29.698,39337.19
HLA-B*51:03,FSSEPASPFGALNQ,80.0,46.734,42511.29
HLA-B*51:03,SSEPASPFGALNQL,8.752,10.598,31809.56
HLA-B*51:03,SEPASPFGALNQLP,40.375,28.417,39024.75
HLA-B*51:03,EPASPFGALNQLPS,48.875,27.233,38711.02
HLA-B*51:03,PASPFGALNQLPSV,40.062,19.76,36395.34
HLA-B*51:03,ASPFGALNQLPSVS,83.75,54.249,43524.99
HLA-B*51:03,SPFGALNQLPSVSA,13.879,8.751,30379.96
HLA-B*51:03,PFGALNQLPSVSAN,100.0,93.463,47507.04
HLA-B*51:03,FGALNQLPSVSANQ,90.0,75.476,45772.82
HLA-B*51:03,GALNQLPSVSANQY,56.25,66.668,44928.37
HLA-B*51:03,ALNQLPSVSANQYN,91.667,87.284,46857.19
HLA-B*51:03,LNQLPSVSANQYNL,60.714,44.937,42242.59
HLA-B*51:03,NQLPSVSANQYNLA,67.273,47.786,42667.49
HLA-B*51:03,QLPSVSANQYNLAL,55.75,29.872,39378.92
HLA-B*51:03,LPSVSANQYNLALD,76.667,31.326,39718.24
HLA-B*51:03,PSVSANQYNLALDN,100.0,95.048,47701.74
HLA-B*51:03,SVSANQYNLALDNK,97.5,88.779,47001.38
HLA-B*51:03,VSANQYNLALDNKK,95.0,86.716,46802.47
HLA-B*51:03,SANQYNLALDNKKT,95.0,84.009,46546.43
HLA-B*51:03,ANQYNLALDNKKTR,88.333,95.41,47866.14
HLA-B*51:03,NQYNLALDNKKTRG,97.5,80.433,46218.71
HLA-B*51:03,QYNLALDNKKTRGQ,95.0,97.104,48643.04
HLA-B*51:03,YNLALDNKKTRGQA,95.0,79.457,46130.3
HLA-B*51:03,NLALDNKKTRGQAR,95.0,95.125,47736.85
HLA-B*51:03,LALDNKKTRGQART,72.143,81.314,46299.29
HLA-B*51:03,ALDNKKTRGQARTG,100.0,96.444,48338.73
HLA-B*51:03,LDNKKTRGQARTGR,97.5,97.13,48655.11
HLA-B*51:03,DNKKTRGQARTGRP,95.0,95.467,47892.05
HLA-B*51:03,NKKTRGQARTGRPE,97.5,96.904,48550.48
HLA-B*51:03,KKTRGQARTGRPEV,76.667,85.305,46666.93
HLA-B*51:03,KTRGQARTGRPEVG,97.5,95.895,48087.28
HLA-B*51:03,TRGQARTGRPEVGL,82.5,89.432,47064.5
HLA-B*51:03,RGQARTGRPEVGLL,81.25,72.766,45518.95
HLA-B*51:03,GQARTGRPEVGLLK,82.5,84.88,46626.56
HLA-B*51:03,QARTGRPEVGLLKL,39.118,42.545,41865.39
HLA-B*51:03,ARTGRPEVGLLKLK,91.667,88.821,47005.47
HLA-B*51:03,RTGRPEVGLLKLKY,88.333,78.981,46087.39
HLA-B*51:03,TGRPEVGLLKLKYR,90.0,89.326,47054.3
HLA-B*51:03,GRPEVGLLKLKYRG,97.5,94.579,47632.63
HLA-B*51:03,RPEVGLLKLKYRGA,57.25,52.655,43319.67
HLA-B*51:03,PEVGLLKLKYRGAA,97.5,88.247,46950.05
HLA-B*51:03,EVGLLKLKYRGAAA,75.0,67.662,45026.67
HLA-B*51:03,VGLLKLKYRGAAAD,100.0,89.389,47060.43
HLA-B*51:03,GLLKLKYRGAAADQ,97.5,96.7,48456.55
HLA-B*51:03,LLKLKYRGAAADQL,81.25,62.219,44458.35
HLA-B*51:03,LKLKYRGAAADQLL,74.286,50.492,43042.61
HLA-B*51:03,KLKYRGAAADQLLP,95.0,76.434,45858.57
HLA-B*51:03,LKYRGAAADQLLPI,53.148,12.918,33310.79
HLA-B*51:03,KYRGAAADQLLPII,64.643,32.736,40032.77
HLA-B*51:03,YRGAAADQLLPIIG,86.667,47.926,42688.27
HLA-B*51:03,RGAAADQLLPIIGA,85.0,63.629,44613.02
HLA-B*51:03,GAAADQLLPIIGAL,59.0,47.288,42593.23
HLA-B*51:03,AAADQLLPIIGALT,72.143,63.115,44556.57
HLA-B*51:03,AADQLLPIIGALTA,41.333,27.236,38711.87
HLA-B*51:03,ADQLLPIIGALTAQ,88.333,71.952,45442.19
HLA-B*51:03,DQLLPIIGALTAQE,73.571,61.103,44336.32
HLA-B*51:03,QLLPIIGALTAQEA,75.0,49.758,42946.32
HLA-B*51:03,LLPIIGALTAQEAN,97.5,74.374,45670.91
HLA-B*51:03,LPIIGALTAQEANI,8.866,1.304,16060.06
HLA-B*51:03,PIIGALTAQEANIG,100.0,95.976,48124.23
HLA-B*51:03,IIGALTAQEANIGP,95.0,84.863,46625.05
HLA-B*51:03,IGALTAQEANIGPH,97.5,88.305,46955.63
HLA-B*51:03,GALTAQEANIGPHA,68.182,69.454,45204.36
HLA-B*51:03,ALTAQEANIGPHAA,50.926,82.47,46405.11
HLA-B*51:03,LTAQEANIGPHAAS,81.25,75.842,45805.51
HLA-B*51:03,TAQEANIGPHAASL,21.693,33.179,40127.3
HLA-B*51:03,AQEANIGPHAASLQ,91.667,88.616,46985.62
HLA-B*51:03,QEANIGPHAASLQK,66.364,72.907,45532.25
HLA-B*51:03,EANIGPHAASLQKP,59.0,66.998,44960.95
HLA-B*51:03,ANIGPHAASLQKPF,75.833,55.472,43677.82
HLA-B*51:03,NIGPHAASLQKPFK,91.667,73.278,45567.24
HLA-B*51:03,IGPHAASLQKPFKG,97.5,74.577,45690.18
HLA-B*51:03,GPHAASLQKPFKGI,23.23,18.807,36037.59
HLA-B*51:03,PHAASLQKPFKGIR,97.5,92.292,47375.63
HLA-B*51:03,HAASLQKPFKGIRF,41.583,41.676,41722.52
HLA-B*51:03,AASLQKPFKGIRFL,21.43,23.787,37739.55
HLA-B*51:03,ASLQKPFKGIRFLS,65.909,59.08,44106.2
HLA-B*51:03,SLQKPFKGIRFLSV,57.25,31.508,39759.96
HLA-B*51:03,LQKPFKGIRFLSVC,70.714,46.969,42545.79
HLA-B*51:03,QKPFKGIRFLSVCG,91.667,69.774,45236.17
HLA-B*51:03,KPFKGIRFLSVCGI,17.098,8.996,30594.36
HLA-B*51:03,PFKGIRFLSVCGIR,100.0,85.711,46705.83
HLA-B*51:03,FKGIRFLSVCGIRK,97.5,74.515,45684.26
HLA-B*51:03,KGIRFLSVCGIRKD,100.0,82.831,46438.28
HLA-B*51:03,GIRFLSVCGIRKDV,97.5,73.163,45556.39
HLA-B*51:03,IRFLSVCGIRKDVR,97.5,82.087,46369.99
HLA-B*51:03,RFLSVCGIRKDVRV,81.25,57.524,43920.94
HLA-B*51:03,FLSVCGIRKDVRVK,93.333,81.867,46349.93
HLA-B*51:03,LSVCGIRKDVRVKR,93.333,85.184,46655.34
HLA-B*51:03,SVCGIRKDVRVKRQ,97.5,96.166,48211.27
HLA-B*51:03,VCGIRKDVRVKRQN,100.0,97.253,48712.0
HLA-B*51:03,CGIRKDVRVKRQNR,97.5,95.885,48082.59
HLA-B*51:03,GIRKDVRVKRQNRP,100.0,96.735,48472.8
HLA-B*51:03,IRKDVRVKRQNRPI,74.286,63.146,44559.96
HLA-B*51:03,RKDVRVKRQNRPIL,75.0,78.184,46015.64
HLA-B*51:03,KDVRVKRQNRPILV,75.833,63.203,44566.23
HLA-B*51:03,DVRVKRQNRPILVL,26.717,26.571,38533.43
HLA-B*51:03,VRVKRQNRPILVLE,90.0,79.934,46173.22
HLA-B*51:03,RVKRQNRPILVLET,95.0,84.973,46635.16
HLA-B*51:03,VKRQNRPILVLETA,39.059,18.48,35912.64
HLA-B*51:03,KRQNRPILVLETAK,95.0,76.573,45870.99
HLA-B*51:03,RQNRPILVLETAKI,50.556,30.584,39546.3
HLA-B*51:03,QNRPILVLETAKIV,57.75,35.81,40664.89
HLA-B*51:03,NRPILVLETAKIVY,69.545,53.293,43401.77
HLA-B*51:03,RPILVLETAKIVYA,42.077,21.639,37055.34
HLA-B*51:03,PILVLETAKIVYAI,83.75,48.516,42772.9
HLA-B*51:03,ILVLETAKIVYAIR,95.0,68.858,45145.21
HLA-B*51:03,LVLETAKIVYAIRL,56.25,40.162,41471.82
HLA-B*51:03,VLETAKIVYAIRLS,97.5,83.456,46495.58
HLA-B*51:03,LETAKIVYAIRLSG,95.0,56.38,43785.24
HLA-B*51:03,ETAKIVYAIRLSGP,86.667,66.078,44870.08
HLA-B*51:03,TAKIVYAIRLSGPQ,93.333,83.209,46472.95
HLA-B*51:03,AKIVYAIRLSGPQA,90.0,70.48,45303.76
HLA-B*51:03,KIVYAIRLSGPQAN,100.0,95.025,47691.4
HLA-B*51:03,IVYAIRLSGPQANK,83.75,71.221,45373.41
HLA-B*51:03,VYAIRLSGPQANKQ,95.0,95.011,47685.22
HLA-B*51:03,YAIRLSGPQANKQV,27.426,16.51,35092.95
HLA-B*51:03,AIRLSGPQANKQVV,40.562,43.896,42077.93
HLA-B*51:03,IRLSGPQANKQVVV,56.25,50.179,43002.58
HLA-B*51:03,RLSGPQANKQVVVP,86.667,82.36,46395.09
HLA-B*51:03,LSGPQANKQVVVPA,78.333,51.152,43127.0
HLA-B*51:03,SGPQANKQVVVPAA,73.571,60.953,44320.03
HLA-B*51:03,GPQANKQVVVPAAG,88.333,73.142,45554.43
HLA-B*51:03,PQANKQVVVPAAGA,95.0,90.489,47174.11
HLA-B*51:03,QANKQVVVPAAGAP,85.0,75.138,45742.6
HLA-B*51:03,ANKQVVVPAAGAPH,97.5,95.534,47922.64
HLA-B*51:03,NKQVVVPAAGAPHY,35.125,48.61,42786.31
HLA-B*51:03,KQVVVPAAGAPHYL,50.37,41.849,41750.51
HLA-B*51:03,QVVVPAAGAPHYLE,83.75,77.076,45916.15
HLA-B*51:03,VVVPAAGAPHYLEK,86.667,70.919,45344.94
HLA-B*51:03,VVPAAGAPHYLEKR,82.5,79.646,46147.26
HLA-B*51:03,VPAAGAPHYLEKRN,67.727,63.405,44588.42
HLA-B*51:03,PAAGAPHYLEKRNK,76.667,95.184,47763.71
HLA-B*51:03,AAGAPHYLEKRNKD,100.0,95.798,48043.07
HLA-B*51:03,AGAPHYLEKRNKDL,63.929,75.266,45753.99
HLA-B*51:03,GAPHYLEKRNKDLI,76.667,47.034,42555.45
HLA-B*51:03,APHYLEKRNKDLIT,76.667,56.112,43753.52
HLA-B*51:03,PHYLEKRNKDLITG,100.0,92.374,47384.86
HLA-B*51:03,HYLEKRNKDLITGP,95.0,89.432,47064.5
HLA-B*51:03,YLEKRNKDLITGPL,83.75,46.821,42524.18
HLA-B*51:03,LEKRNKDLITGPLI,57.25,21.881,37135.62
HLA-B*51:03,EKRNKDLITGPLIL,48.125,53.935,43484.51
HLA-B*51:03,KRNKDLITGPLILP,93.333,81.955,46357.94
HLA-B*51:03,RNKDLITGPLILPY,86.667,62.887,44531.52
HLA-B*51:03,NKDLITGPLILPYT,90.0,68.081,45068.1
HLA-B*51:03,KDLITGPLILPYTD,97.5,73.064,45547.05
HLA-B*51:03,DLITGPLILPYTDK,82.5,81.292,46297.29
HLA-B*51:03,LITGPLILPYTDKS,100.0,89.495,47070.6
HLA-B*51:03,ITGPLILPYTDKSQ,95.0,92.69,47420.26
HLA-B*51:03,TGPLILPYTDKSQG,75.0,74.87,45717.89
HLA-B*51:03,GPLILPYTDKSQGD,95.0,85.405,46676.53
HLA-B*51:03,PLILPYTDKSQGDI,80.0,48.419,42759.0
HLA-B*51:03,LILPYTDKSQGDIH,93.333,78.616,46054.47
HLA-B*51:03,ILPYTDKSQGDIHI,39.765,10.524,31755.92
HLA-B*51:03,LPYTDKSQGDIHIA,15.716,6.985,28659.23
HLA-B*51:03,PYTDKSQGDIHIAL,77.5,62.105,44445.85
HLA-B*51:03,YTDKSQGDIHIALV,39.882,23.514,37653.1
HLA-B*51:03,TDKSQGDIHIALVA,78.333,60.554,44276.4
HLA-B*51:03,DKSQGDIHIALVAV,54.259,34.655,40432.37
HLA-B*51:03,KSQGDIHIALVAVN,97.5,76.794,45890.84
HLA-B*51:03,SQGDIHIALVAVNA,78.333,69.803,45239.09
HLA-B*51:03,QGDIHIALVAVNAK,86.667,81.67,46331.88
HLA-B*51:03,GDIHIALVAVNAKF,81.25,55.632,43696.75
HLA-B*51:03,DIHIALVAVNAKFE,93.333,72.516,45495.33
HLA-B*51:03,IHIALVAVNAKFEP,90.0,58.212,44002.76
HLA-B*51:03,HIALVAVNAKFEPY,88.333,60.439,44263.95
HLA-B*51:03,IALVAVNAKFEPYS,95.0,62.601,44500.2
HLA-B*51:03,ALVAVNAKFEPYSP,93.333,87.421,46870.37
HLA-B*51:03,LVAVNAKFEPYSPV,40.688,15.787,34764.9
HLA-B*51:03,VAVNAKFEPYSPVQ,77.5,46.025,42407.46
HLA-B*51:03,AVNAKFEPYSPVQA,79.167,76.135,45831.78
HLA-B*51:03,VNAKFEPYSPVQAL,3.828,6.618,28217.99
HLA-B*51:03,NAKFEPYSPVQALG,27.704,28.246,38982.11
HLA-B*51:03,AKFEPYSPVQALGT,58.5,61.489,44378.57
HLA-B*51:03,KFEPYSPVQALGTL,26.1,16.824,35233.7
HLA-B*51:03,FEPYSPVQALGTLL,15.325,10.333,31618.78
HLA-B*51:03,EPYSPVQALGTLLL,1.706,1.214,15614.73
HLA-B*51:03,PYSPVQALGTLLLQ,97.5,72.531,45496.79
HLA-B*51:03,YSPVQALGTLLLQV,44.727,18.185,35800.51
HLA-B*51:03,SPVQALGTLLLQVV,11.658,4.944,25962.07
HLA-B*51:03,PVQALGTLLLQVVG,100.0,89.658,47086.39
HLA-B*51:03,VQALGTLLLQVVGI,66.818,30.484,39522.77
HLA-B*51:03,QALGTLLLQVVGII,46.778,11.072,32149.01
HLA-B*51:03,ALGTLLLQVVGIIN,100.0,95.196,47768.88
HLA-B*51:03,LGTLLLQVVGIINS,100.0,88.016,46927.71
HLA-B*51:03,GTLLLQVVGIINSA,91.667,78.555,46049.0
HLA-B*51:03,TLLLQVVGIINSAH,97.5,89.058,47028.36
HLA-B*51:03,LLLQVVGIINSAHA,95.0,62.966,44540.2
HLA-B*51:03,LLQVVGIINSAHAI,61.429,30.668,39565.97
HLA-B*51:03,LQVVGIINSAHAIW,75.0,38.424,41164.25
HLA-B*51:03,QVVGIINSAHAIWT,93.333,76.091,45827.82
HLA-B*51:03,VVGIINSAHAIWTG,97.5,73.669,45604.25
HLA-B*51:03,VGIINSAHAIWTGL,71.429,41.087,41627.37
HLA-B*51:03,GIINSAHAIWTGLT,97.5,83.467,46496.6
HLA-B*51:03,IINSAHAIWTGLTR,90.0,65.645,44827.39
HLA-B*51:03,INSAHAIWTGLTRT,97.5,82.903,46444.81
HLA-B*51:03,NSAHAIWTGLTRTA,72.857,49.131,42859.99
HLA-B*51:03,SAHAIWTGLTRTAN,91.667,72.777,45519.95
HLA-B*51:03,AHAIWTGLTRTANL,81.25,46.006,42404.72
HLA-B*51:03,HAIWTGLTRTANLG,90.0,51.28,43143.33
HLA-B*51:03,AIWTGLTRTANLGD,100.0,94.762,47653.25
HLA-B*51:03,IWTGLTRTANLGDT,100.0,95.819,48052.43
HLA-B*51:03,WTGLTRTANLGDTG,100.0,85.268,46663.41
HLA-B*51:03,TGLTRTANLGDTGS,100.0,95.711,48003.06
HLA-B*51:03,GLTRTANLGDTGSI,91.667,60.303,44249.11
HLA-B*51:03,LTRTANLGDTGSIF,66.818,50.088,42990.96
HLA-B*51:03,TRTANLGDTGSIFK,93.333,83.762,46523.77
HLA-B*51:03,RTANLGDTGSIFKL,63.929,51.28,43143.33
HLA-B*51:03,TANLGDTGSIFKLG,86.667,62.14,44449.69
HLA-B*51:03,ANLGDTGSIFKLGI,88.333,58.296,44012.75
HLA-B*51:03,NLGDTGSIFKLGII,75.0,34.023,40301.79
HLA-B*51:03,LGDTGSIFKLGIIA,83.75,56.632,43815.1
HLA-B*51:03,GDTGSIFKLGIIAG,100.0,93.349,47494.2
HLA-B*51:03,DTGSIFKLGIIAGN,100.0,77.586,45961.9
HLA-B*51:03,TGSIFKLGIIAGND,100.0,91.857,47326.95
HLA-B*51:03,GSIFKLGIIAGNDP,100.0,94.703,47646.55
HLA-B*51:03,SIFKLGIIAGNDPV,63.571,31.171,39683.01
HLA-B*51:03,IFKLGIIAGNDPVN,100.0,89.732,47093.52
HLA-B*51:03,FKLGIIAGNDPVNK,90.0,83.357,46486.52
HLA-B*51:03,KLGIIAGNDPVNKG,97.5,96.004,48137.26
HLA-B*51:03,LGIIAGNDPVNKGC,95.0,88.689,46992.74
HLA-B*51:03,GIIAGNDPVNKGCQ,100.0,97.288,48727.84
HLA-B*51:03,IIAGNDPVNKGCQY,39.353,48.214,42729.86
HLA-B*51:03,IAGNDPVNKGCQYD,88.333,86.242,46756.91
HLA-B*51:03,AGNDPVNKGCQYDD,95.0,96.404,48320.43
HLA-B*51:03,GNDPVNKGCQYDDD,97.5,97.247,48708.86
HLA-B*51:03,NDPVNKGCQYDDDA,85.0,82.656,46422.2
HLA-B*51:03,DPVNKGCQYDDDAL,21.079,28.522,39050.93
HLA-B*51:03,PVNKGCQYDDDALA,95.0,90.965,47227.22
HLA-B*51:03,VNKGCQYDDDALAN,97.5,95.129,47738.39
HLA-B*51:03,NKGCQYDDDALANR,91.667,95.671,47984.89
HLA-B*51:03,KGCQYDDDALANRG,97.5,95.274,47804.57
HLA-B*51:03,GCQYDDDALANRGN,100.0,96.317,48280.68
HLA-B*51:03,CQYDDDALANRGND,100.0,91.084,47240.5
HLA-B*51:03,QYDDDALANRGNDN,100.0,97.179,48677.77
HLA-B*51:03,YDDDALANRGNDNR,91.667,95.726,48010.34
HLA-B*51:03,DDDALANRGNDNRF,62.5,65.561,44819.12
HLA-B*51:03,DDALANRGNDNRFV,65.909,45.03,42257.22
HLA-B*51:03,DALANRGNDNRFVT,66.818,46.091,42417.11
HLA-B*51:03,ALANRGNDNRFVTV,62.143,46.436,42467.61
HLA-B*51:03,LANRGNDNRFVTVT,78.333,57.152,43876.77
HLA-B*51:03,ANRGNDNRFVTVTL,75.833,67.308,44991.61
HLA-B*51:03,NRGNDNRFVTVTLG,97.5,78.666,46058.96
HLA-B*51:03,RGNDNRFVTVTLGP,95.0,80.263,46203.21
HLA-B*51:03,GNDNRFVTVTLGPL,74.286,59.724,44183.1
HLA-B*51:03,NDNRFVTVTLGPLA,83.75,48.87,42823.36
HLA-B*51:03,DNRFVTVTLGPLAS,88.333,61.652,44396.35
HLA-B*51:03,NRFVTVTLGPLAST,86.667,63.783,44629.91
HLA-B*51:03,RFVTVTLGPLASTL,72.143,52.972,43360.48
HLA-B*51:03,FVTVTLGPLASTLC,90.0,59.984,44214.17
HLA-B*51:03,VTVTLGPLASTLCK,83.75,64.099,44664.69
HLA-B*51:03,TVTLGPLASTLCKP,97.5,80.181,46195.71
HLA-B*51:03,VTLGPLASTLCKPP,90.0,63.106,44555.62
HLA-B*51:03,TLGPLASTLCKPPS,97.5,89.063,47028.85
HLA-B*51:03,LGPLASTLCKPPSD,100.0,87.047,46834.38
HLA-B*51:03,GPLASTLCKPPSDI,41.75,18.937,36087.53
HLA-B*51:03,PLASTLCKPPSDIL,79.167,65.059,44769.69
HLA-B*51:03,LASTLCKPPSDILV,35.458,16.568,35118.76
HLA-B*51:03,ASTLCKPPSDILVA,49.857,49.879,42963.05
HLA-B*51:03,STLCKPPSDILVAG,69.091,48.909,42828.93
HLA-B*51:03,TLCKPPSDILVAGA,93.333,68.46,45105.66
HLA-B*51:03,LCKPPSDILVAGAN,97.5,83.072,46460.39
HLA-B*51:03,CKPPSDILVAGANP,95.0,74.854,45716.38
HLA-B*51:03,KPPSDILVAGANPG,91.667,68.558,45115.44
HLA-B*51:03,PPSDILVAGANPGK,77.5,87.595,46887.12
HLA-B*51:03,PSDILVAGANPGKM,95.0,76.495,45864.04
HLA-B*51:03,SDILVAGANPGKMP,83.75,73.659,45603.25
HLA-B*51:03,DILVAGANPGKMPS,80.0,73.33,45572.18
HLA-B*51:03,ILVAGANPGKMPST,95.0,92.973,47452.07
HLA-B*51:03,LVAGANPGKMPSTL,24.234,21.881,37135.62
HLA-B*51:03,VAGANPGKMPSTLW,46.0,32.016,39875.85
HLA-B*51:03,AGANPGKMPSTLWE,90.0,81.676,46332.39
HLA-B*51:03,GANPGKMPSTLWEI,34.038,26.484,38510.08
HLA-B*51:03,ANPGKMPSTLWEIG,90.0,65.502,44813.31
HLA-B*51:03,NPGKMPSTLWEIGY,39.235,30.427,39509.52
HLA-B*51:03,PGKMPSTLWEIGYL,85.0,34.446,40389.08
HLA-B*51:03,GKMPSTLWEIGYLM,59.5,9.763,31208.2
HLA-B*51:03,KMPSTLWEIGYLML,61.071,12.326,32958.01
HLA-B*51:03,MPSTLWEIGYLMLG,48.75,5.051,26123.53
HLA-B*51:03,PSTLWEIGYLMLGV,97.5,62.425,44480.95
HLA-B*51:03,STLWEIGYLMLGVN,97.5,68.75,45134.47
HLA-B*51:03,TLWEIGYLMLGVNE,95.0,75.039,45733.7
HLA-B*51:03,LWEIGYLMLGVNEK,93.333,84.589,46599.84
HLA-B*51:03,WEIGYLMLGVNEKY,70.714,52.815,43340.29
HLA-B*51:03,EIGYLMLGVNEKYE,97.5,92.438,47392.04
HLA-B*51:03,IGYLMLGVNEKYEG,100.0,77.204,45927.59
HLA-B*51:03,GYLMLGVNEKYEGR,97.5,95.302,47816.96
HLA-B*51:03,YLMLGVNEKYEGRR,95.0,87.995,46925.69
HLA-B*51:03,LMLGVNEKYEGRRN,100.0,95.136,47741.5
HLA-B*51:03,MLGVNEKYEGRRNE,95.0,92.004,47343.35
HLA-B*51:03,LGVNEKYEGRRNEP,100.0,95.772,48031.12
HLA-B*51:03,GVNEKYEGRRNEPG,100.0,96.458,48344.99
HLA-B*51:03,VNEKYEGRRNEPGL,91.667,85.779,46712.4
HLA-B*51:03,NEKYEGRRNEPGLN,97.5,91.176,47250.71
HLA-B*51:03,EKYEGRRNEPGLNM,44.455,59.368,44140.55
HLA-B*51:03,KYEGRRNEPGLNMV,80.0,76.052,45824.36
HLA-B*51:03,YEGRRNEPGLNMVI,53.889,29.927,39392.12
HLA-B*51:03,EGRRNEPGLNMVIH,61.429,68.071,45067.14
HLA-B*51:03,GRRNEPGLNMVIHP,97.5,84.102,46554.99
HLA-B*51:03,RRNEPGLNMVIHPT,93.333,77.68,45970.34
HLA-B*51:03,RNEPGLNMVIHPTC,85.0,56.976,43855.89
HLA-B*51:03,NEPGLNMVIHPTCI,44.364,28.236,38979.6
HLA-B*51:03,EPGLNMVIHPTCIP,46.0,29.353,39254.7
HLA-B*51:03,PGLNMVIHPTCIPG,100.0,89.295,47051.27
HLA-B*51:03,GLNMVIHPTCIPGH,97.5,88.674,46991.22
HLA-B*51:03,LNMVIHPTCIPGHM,48.75,13.604,33689.55
HLA-B*51:03,NMVIHPTCIPGHMQ,95.0,63.221,44568.16
HLA-B*51:03,MVIHPTCIPGHMQV,26.783,12.51,33066.95
HLA-B*51:03,VIHPTCIPGHMQVL,54.259,34.63,40427.12
HLA-B*51:03,IHPTCIPGHMQVLP,74.286,39.535,41363.35
HLA-B*51:03,HPTCIPGHMQVLPS,48.0,27.911,38896.61
HLA-B*51:03,PTCIPGHMQVLPSI,45.3,12.977,33345.75
HLA-B*51:03,TCIPGHMQVLPSIK,79.167,44.368,42152.21
HLA-B*51:03,CIPGHMQVLPSIKI,45.4,18.822,36043.43
HLA-B*51:03,IPGHMQVLPSIKII,6.912,2.479,20767.11
HLA-B*51:03,PGHMQVLPSIKIIK,97.5,80.246,46201.73
HLA-B*51:03,GHMQVLPSIKIIKL,40.125,39.622,41378.59
HLA-B*51:03,HMQVLPSIKIIKLT,67.727,63.989,44652.62
HLA-B*51:03,MQVLPSIKIIKLTV,35.125,15.463,34612.89
HLA-B*51:03,QVLPSIKIIKLTVG,76.667,63.467,44595.15
HLA-B*51:03,VLPSIKIIKLTVGL,61.786,36.164,40734.48
HLA-B*51:03,LPSIKIIKLTVGLG,53.704,22.944,37473.04
HLA-B*51:03,PSIKIIKLTVGLGA,97.5,83.368,46487.54
HLA-B*51:03,SIKIIKLTVGLGAV,57.25,51.258,43140.52
HLA-B*51:03,IKIIKLTVGLGAVA,90.0,67.397,45000.37
HLA-B*51:03,KIIKLTVGLGAVAA,95.0,82.705,46426.72
HLA-B*51:03,IIKLTVGLGAVAAE,97.5,90.897,47219.55
HLA-B*51:03,IKLTVGLGAVAAEN,100.0,92.155,47360.27
HLA-B*51:03,KLTVGLGAVAAENE,100.0,96.731,48470.71
HLA-B*51:03,LTVGLGAVAAENEN,100.0,95.054,47704.32
HLA-B*51:03,TVGLGAVAAENENY,93.333,90.759,47204.23
HLA-B*51:03,VGLGAVAAENENYF,47.25,44.523,42176.85
HLA-B*51:03,GLGAVAAENENYFK,97.5,92.274,47373.58
HLA-B*51:03,LGAVAAENENYFKA,88.333,55.864,43724.18
HLA-B*51:03,GAVAAENENYFKAG,100.0,93.486,47509.61
HLA-B*51:03,AVAAENENYFKAGG,97.5,94.661,47641.91
HLA-B*51:03,VAAENENYFKAGGE,97.5,89.421,47063.46
HLA-B*51:03,AAENENYFKAGGEV,48.25,38.787,41231.09
HLA-B*51:03,AENENYFKAGGEVP,81.25,72.458,45489.9
HLA-B*51:03,ENENYFKAGGEVPV,74.286,52.564,43307.97
HLA-B*51:03,NENYFKAGGEVPVA,70.714,51.601,43184.41
HLA-B*51:03,ENYFKAGGEVPVAV,24.974,21.444,36990.44
HLA-B*51:03,NYFKAGGEVPVAVD,88.333,71.164,45368.02
HLA-B*51:03,YFKAGGEVPVAVDY,63.571,61.85,44417.94
HLA-B*51:03,FKAGGEVPVAVDYY,85.0,70.642,45318.95
HLA-B*51:03,KAGGEVPVAVDYYM,54.259,26.488,38511.34
HLA-B*51:03,AGGEVPVAVDYYMK,85.0,68.834,45142.77
HLA-B*51:03,GGEVPVAVDYYMKA,93.333,64.174,44672.93
HLA-B*51:03,GEVPVAVDYYMKAV,50.185,37.087,40913.37
HLA-B*51:03,EVPVAVDYYMKAVS,90.0,57.112,43872.02
HLA-B*51:03,VPVAVDYYMKAVSY,17.741,12.322,32955.5
HLA-B*51:03,PVAVDYYMKAVSYM,90.0,42.676,41887.13
HLA-B*51:03,VAVDYYMKAVSYMH,74.286,51.2,43133.06
HLA-B*51:03,AVDYYMKAVSYMHW,86.667,39.334,41328.47
HLA-B*51:03,VDYYMKAVSYMHWY,81.25,40.109,41462.84
HLA-B*51:03,DYYMKAVSYMHWYF,54.444,22.709,37398.92
HLA-B*51:03,YYMKAVSYMHWYFA,82.5,20.754,36755.07
HLA-B*51:03,YMKAVSYMHWYFAE,97.5,47.471,42620.44
HLA-B*51:03,MKAVSYMHWYFAED,100.0,52.378,43284.07
HLA-B*51:03,KAVSYMHWYFAEDD,100.0,72.056,45452.04
HLA-B*51:03,AVSYMHWYFAEDDK,97.5,74.348,45668.44
HLA-B*51:03,VSYMHWYFAEDDKD,100.0,68.081,45068.1
HLA-B*51:03,SYMHWYFAEDDKDF,88.333,42.515,41860.43
HLA-B*51:03,YMHWYFAEDDKDFP,95.0,43.899,42078.39
HLA-B*51:03,MHWYFAEDDKDFPS,95.0,39.974,41439.95
HLA-B*51:03,HWYFAEDDKDFPSL,54.074,42.989,41939.3
HLA-B*51:03,WYFAEDDKDFPSLA,73.571,39.558,41367.41
HLA-B*51:03,YFAEDDKDFPSLAF,46.556,30.389,39500.52
HLA-B*51:03,FAEDDKDFPSLAFA,46.0,14.96,34376.64
HLA-B*51:03,AEDDKDFPSLAFAD,82.5,80.608,46234.72
HLA-B*51:03,EDDKDFPSLAFADF,45.7,26.816,38598.52
HLA-B*51:03,DDKDFPSLAFADFQ,85.0,63.647,44614.95
HLA-B*51:03,DKDFPSLAFADFQN,97.5,71.503,45399.93
HLA-B*51:03,KDFPSLAFADFQNE,95.0,76.694,45881.91
HLA-B*51:03,DFPSLAFADFQNED,97.5,69.719,45230.77
HLA-B*51:03,FPSLAFADFQNEDR,74.286,49.492,42909.63
HLA-B*51:03,PSLAFADFQNEDRG,100.0,92.036,47346.95
HLA-B*51:03,SLAFADFQNEDRGD,100.0,94.382,47610.46
HLA-B*51:03,LAFADFQNEDRGDN,100.0,83.401,46490.54
HLA-B*51:03,AFADFQNEDRGDNG,100.0,96.256,48252.51
HLA-B*51:03,FADFQNEDRGDNGR,88.333,90.457,47170.52
HLA-B*51:03,ADFQNEDRGDNGRL,64.286,79.131,46100.86
HLA-B*51:03,DFQNEDRGDNGRLW,39.118,48.662,42793.73
HLA-B*51:03,FQNEDRGDNGRLWE,91.667,80.35,46211.23
HLA-B*51:03,QNEDRGDNGRLWEG,97.5,94.254,47596.06
HLA-B*51:03,NEDRGDNGRLWEGV,68.182,68.381,45097.87
HLA-B*51:03,EDRGDNGRLWEGVK,95.0,90.929,47223.14
HLA-B*51:03,DRGDNGRLWEGVKV,69.091,67.165,44977.5
HLA-B*51:03,RGDNGRLWEGVKVK,83.75,88.805,47003.92
HLA-B*51:03,GDNGRLWEGVKVKW,80.0,79.74,46155.74
HLA-B*51:03,DNGRLWEGVKVKWH,93.333,91.638,47302.39
HLA-B*51:03,NGRLWEGVKVKWHY,75.833,59.992,44215.14
HLA-B*51:03,GRLWEGVKVKWHYG,97.5,88.484,46972.92
HLA-B*51:03,RLWEGVKVKWHYGR,86.667,77.818,45982.8
HLA-B*51:03,LWEGVKVKWHYGRV,93.333,63.95,44648.27
HLA-B*51:03,WEGVKVKWHYGRVQ,95.0,78.937,46083.41
HLA-B*51:03,EGVKVKWHYGRVQG,97.5,89.637,47084.35
HLA-B*51:03,GVKVKWHYGRVQGP,91.667,90.339,47157.25
HLA-B*51:03,VKVKWHYGRVQGPR,100.0,90.563,47182.26
HLA-B*51:03,KVKWHYGRVQGPRI,78.333,52.454,43293.89
HLA-B*51:03,VKWHYGRVQGPRIP,95.0,73.894,45625.46
HLA-B*51:03,KWHYGRVQGPRIPV,85.0,48.708,42800.19
HLA-B*51:03,WHYGRVQGPRIPVL,49.0,24.357,37911.87
HLA-B*51:03,HYGRVQGPRIPVLQ,91.667,86.058,46739.22
HLA-B*51:03,YGRVQGPRIPVLQV,8.344,3.524,23370.61
HLA-B*51:03,GRVQGPRIPVLQVV,59.0,52.378,43284.07
HLA-B*51:03,RVQGPRIPVLQVVA,79.167,63.515,44600.47
HLA-B*51:03,VQGPRIPVLQVVAA,47.0,27.966,38911.76
HLA-B*51:03,QGPRIPVLQVVAAQ,85.0,70.298,45286.61
HLA-B*51:03,GPRIPVLQVVAAQS,75.833,72.223,45467.75
HLA-B*51:03,PRIPVLQVVAAQSH,95.0,92.42,47389.99
HLA-B*51:03,RIPVLQVVAAQSHQ,97.5,92.489,47397.7
HLA-B*51:03,IPVLQVVAAQSHQM,13.886,10.547,31772.41
HLA-B*51:03,PVLQVVAAQSHQMA,93.333,83.647,46513.18
HLA-B*51:03,VLQVVAAQSHQMAP,88.333,72.495,45493.36
HLA-B*51:03,LQVVAAQSHQMAPF,85.0,50.598,43056.13
HLA-B*51:03,QVVAAQSHQMAPFS,97.5,84.179,46562.04
HLA-B*51:03,VVAAQSHQMAPFST,97.5,78.134,46011.16
HLA-B*51:03,VAAQSHQMAPFSTT,61.071,43.53,42021.96
HLA-B*51:03,AAQSHQMAPFSTTK,74.286,73.544,45592.4
HLA-B*51:03,AQSHQMAPFSTTKV,42.769,46.0,42403.79
HLA-B*51:03,QSHQMAPFSTTKVI,10.53,3.935,24181.64
HLA-B*51:03,SHQMAPFSTTKVIG,53.519,25.668,38288.64
HLA-B*51:03,HQMAPFSTTKVIGE,68.636,35.386,40580.51
HLA-B*51:03,QMAPFSTTKVIGEE,86.667,53.155,43383.92
HLA-B*51:03,MAPFSTTKVIGEED,73.571,21.686,37070.97
HLA-B*51:03,APFSTTKVIGEEDT,54.63,48.961,42836.34
HLA-B*51:03,PFSTTKVIGEEDTE,100.0,97.023,48605.66
HLA-B*51:03,FSTTKVIGEEDTEW,58.5,51.28,43143.33
HLA-B*51:03,STTKVIGEEDTEWG,91.667,88.032,46929.23
HLA-B*51:03,TTKVIGEEDTEWGA,81.25,70.177,45275.34
HLA-B*51:03,TKVIGEEDTEWGAP,97.5,92.932,47447.45
HLA-B*51:03,KVIGEEDTEWGAPE,97.5,95.219,47779.2
HLA-B*51:03,VIGEEDTEWGAPEK,97.5,95.515,47913.83
HLA-B*51:03,IGEEDTEWGAPEKL,43.0,54.238,43523.56
HLA-B*51:03,GEEDTEWGAPEKLD,91.667,95.578,47942.86
HLA-B*51:03,EEDTEWGAPEKLDK,82.5,92.717,47423.32
HLA-B*51:03,EDTEWGAPEKLDKR,72.143,91.807,47321.34
HLA-B*51:03,DTEWGAPEKLDKRL,40.125,52.454,43293.89
HLA-B*51:03,TEWGAPEKLDKRLG,74.286,76.733,45885.37
HLA-B*51:03,EWGAPEKLDKRLGT,95.0,96.101,48181.55
HLA-B*51:03,WGAPEKLDKRLGTD,100.0,95.097,47723.93
HLA-B*51:03,GAPEKLDKRLGTDK,97.5,96.783,48494.82
HLA-B*51:03,APEKLDKRLGTDKT,83.75,88.989,47021.75
HLA-B*51:03,PEKLDKRLGTDKTW,66.818,85.874,46721.5
HLA-B*51:03,EKLDKRLGTDKTWL,75.833,83.631,46511.68
HLA-B*51:03,KLDKRLGTDKTWLG,97.5,89.232,47045.14
HLA-B*51:03,LDKRLGTDKTWLGQ,100.0,92.269,47373.06
HLA-B*51:03,DKRLGTDKTWLGQS,95.0,93.728,47536.86
HLA-B*51:03,KRLGTDKTWLGQSL,75.833,74.556,45688.21
HLA-B*51:03,RLGTDKTWLGQSLH,93.333,84.058,46550.96
HLA-B*51:03,LGTDKTWLGQSLHV,63.214,39.766,41403.65
HLA-B*51:03,GTDKTWLGQSLHVR,97.5,90.695,47197.08
HLA-B*51:03,TDKTWLGQSLHVRK,83.75,82.826,46437.77
HLA-B*51:03,DKTWLGQSLHVRKE,93.333,90.284,47151.14
HLA-B*51:03,KTWLGQSLHVRKEN,97.5,86.953,46825.26
HLA-B*51:03,TWLGQSLHVRKENR,97.5,95.401,47862.01
HLA-B*51:03,WLGQSLHVRKENRA,97.5,76.96,45905.73
HLA-B*51:03,LGQSLHVRKENRAL,72.143,55.708,43705.71
HLA-B*51:03,GQSLHVRKENRALE,97.5,95.706,48000.98
HLA-B*51:03,QSLHVRKENRALED,100.0,89.784,47098.62
HLA-B*51:03,SLHVRKENRALEDD,100.0,96.245,48247.29
HLA-B*51:03,LHVRKENRALEDDK,97.5,95.527,47919.52
HLA-B*51:03,HVRKENRALEDDKR,95.0,96.727,48469.11
HLA-B*51:03,VRKENRALEDDKRL,69.091,82.481,46406.13
HLA-B*51:03,RKENRALEDDKRLI,86.667,72.244,45469.75
HLA-B*51:03,KENRALEDDKRLIE,95.0,91.212,47254.82
HLA-B*51:03,ENRALEDDKRLIEV,49.286,46.592,42490.6
HLA-B*51:03,NRALEDDKRLIEVY,77.5,70.558,45311.12
HLA-B*51:03,RALEDDKRLIEVYA,73.571,51.718,43199.38
HLA-B*51:03,ALEDDKRLIEVYAS,97.5,92.017,47344.88
HLA-B*51:03,LEDDKRLIEVYASR,65.455,75.166,45745.08
HLA-B*51:03,EDDKRLIEVYASRN,95.0,93.788,47543.54
HLA-B*51:03,DDKRLIEVYASRNM,56.5,56.524,43802.3
HLA-B*51:03,DKRLIEVYASRNMP,60.714,58.892,44083.77
HLA-B*51:03,KRLIEVYASRNMPE,100.0,90.737,47201.68
HLA-B*51:03,RLIEVYASRNMPEF,61.071,41.176,41641.76
HLA-B*51:03,LIEVYASRNMPEFV,85.0,43.289,41985.14
HLA-B*51:03,IEVYASRNMPEFVM,75.0,36.398,40779.89
HLA-B*51:03,EVYASRNMPEFVML,23.908,21.973,37166.56
HLA-B*51:03,VYASRNMPEFVMLV,45.6,19.413,36265.63
HLA-B*51:03,YASRNMPEFVMLVD,72.857,29.984,39405.77
HLA-B*51:03,ASRNMPEFVMLVDS,97.5,73.257,45565.27
HLA-B*51:03,SRNMPEFVMLVDSA,88.333,43.887,42076.55
HLA-B*51:03,RNMPEFVMLVDSAS,95.0,59.076,44105.72
HLA-B*51:03,NMPEFVMLVDSASG,95.0,49.407,42898.01
HLA-B*51:03,MPEFVMLVDSASGI,9.579,1.388,16510.59
HLA-B*51:03,PEFVMLVDSASGIK,97.5,82.612,46418.19
HLA-B*51:03,EFVMLVDSASGIKA,80.0,64.108,44665.67
HLA-B*51:03,FVMLVDSASGIKAF,56.5,30.668,39565.97
HLA-B*51:03,VMLVDSASGIKAFN,97.5,74.922,45722.81
HLA-B*51:03,MLVDSASGIKAFNA,90.0,53.742,43459.58
HLA-B*51:03,LVDSASGIKAFNAL,53.519,36.53,40805.49
HLA-B*51:03,VDSASGIKAFNALS,91.667,76.19,45836.74
HLA-B*51:03,DSASGIKAFNALSD,93.333,71.456,45395.5
HLA-B*51:03,SASGIKAFNALSDV,55.0,26.013,38385.29
HLA-B*51:03,ASGIKAFNALSDVE,97.5,85.811,46715.44
HLA-B*51:03,SGIKAFNALSDVET,93.333,81.019,46272.25
HLA-B*51:03,GIKAFNALSDVETV,63.214,48.961,42836.34
HLA-B*51:03,IKAFNALSDVETVT,91.667,72.521,45495.82
HLA-B*51:03,KAFNALSDVETVTA,61.071,44.67,42200.11
HLA-B*51:03,AFNALSDVETVTAT,93.333,88.937,47016.66
HLA-B*51:03,FNALSDVETVTATA,80.0,48.523,42773.81
HLA-B*51:03,NALSDVETVTATAY,44.455,40.686,41560.31
HLA-B*51:03,ALSDVETVTATAYR,86.667,88.226,46948.03
HLA-B*51:03,LSDVETVTATAYRG,97.5,79.679,46150.27
HLA-B*51:03,SDVETVTATAYRGA,81.25,75.199,45748.06
HLA-B*51:03,DVETVTATAYRGAV,42.769,24.524,37961.12
HLA-B*51:03,VETVTATAYRGAVD,97.5,82.558,46413.16
HLA-B*51:03,ETVTATAYRGAVDE,97.5,87.653,46892.68
HLA-B*51:03,TVTATAYRGAVDEG,100.0,94.286,47599.65
HLA-B*51:03,VTATAYRGAVDEGF,82.5,60.044,44220.87
HLA-B*51:03,TATAYRGAVDEGFS,97.5,85.679,46702.82
HLA-B*51:03,ATAYRGAVDEGFSD,97.5,92.104,47354.61
HLA-B*51:03,TAYRGAVDEGFSDT,76.667,70.793,45333.19
HLA-B*51:03,AYRGAVDEGFSDTP,95.0,90.023,47122.08
HLA-B*51:03,YRGAVDEGFSDTPL,90.0,60.87,44310.91
HLA-B*51:03,RGAVDEGFSDTPLK,70.714,85.084,46645.75
HLA-B*51:03,GAVDEGFSDTPLKE,91.667,95.122,47735.28
HLA-B*51:03,AVDEGFSDTPLKEQ,95.0,95.747,48019.69
HLA-B*51:03,VDEGFSDTPLKEQN,100.0,96.197,48225.35
HLA-B*51:03,DEGFSDTPLKEQNG,97.5,93.124,47469.03
HLA-B*51:03,EGFSDTPLKEQNGG,88.333,79.784,46159.73
HLA-B*51:03,GFSDTPLKEQNGGG,100.0,96.796,48500.6
HLA-B*51:03,FSDTPLKEQNGGGI,47.75,33.851,40266.04
HLA-B*51:03,SDTPLKEQNGGGIC,90.0,83.686,46516.72
HLA-B*51:03,DTPLKEQNGGGICM,52.778,50.945,43100.39
HLA-B*51:03,TPLKEQNGGGICMF,25.075,19.787,36405.2
HLA-B*51:03,PLKEQNGGGICMFY,95.0,79.203,46107.34
HLA-B*51:03,LKEQNGGGICMFYQ,97.5,91.629,47301.35
HLA-B*51:03,KEQNGGGICMFYQH,86.667,86.321,46764.48
HLA-B*51:03,EQNGGGICMFYQHN,97.5,85.874,46721.5
HLA-B*51:03,QNGGGICMFYQHNA,95.0,74.624,45694.63
HLA-B*51:03,NGGGICMFYQHNAT,93.333,73.805,45617.07
HLA-B*51:03,GGGICMFYQHNATT,97.5,89.437,47065.01
HLA-B*51:03,GGICMFYQHNATTQ,97.5,93.394,47499.32
HLA-B*51:03,GICMFYQHNATTQM,83.75,58.216,44003.24
HLA-B*51:03,ICMFYQHNATTQMC,95.0,70.574,45312.58
HLA-B*51:03,CMFYQHNATTQMCS,100.0,59.68,44177.83
HLA-B*51:03,MFYQHNATTQMCSE,91.667,70.245,45281.7
HLA-B*51:03,FYQHNATTQMCSEG,97.5,74.802,45711.43
HLA-B*51:03,YQHNATTQMCSEGN,97.5,88.979,47020.72
HLA-B*51:03,QHNATTQMCSEGNN,100.0,95.274,47804.57
HLA-B*51:03,HNATTQMCSEGNNP,97.5,93.17,47474.14
HLA-B*51:03,NATTQMCSEGNNPS,97.5,91.093,47241.54
HLA-B*51:03,ATTQMCSEGNNPSQ,97.5,96.283,48265.02
HLA-B*51:03,TTQMCSEGNNPSQR,95.0,95.146,47746.15
HLA-B*51:03,TQMCSEGNNPSQRV,43.273,35.097,40523.03
HLA-B*51:03,QMCSEGNNPSQRVF,62.5,57.836,43958.03
HLA-B*51:03,MCSEGNNPSQRVFD,95.0,84.047,46549.95
HLA-B*51:03,CSEGNNPSQRVFDK,93.333,78.81,46071.94
HLA-B*51:03,SEGNNPSQRVFDKP,85.0,77.32,45938.04
HLA-B*51:03,EGNNPSQRVFDKPG,91.667,88.032,46929.23
HLA-B*51:03,GNNPSQRVFDKPGN,100.0,96.795,48500.07
HLA-B*51:03,NNPSQRVFDKPGNV,39.118,33.838,40263.41
HLA-B*51:03,NPSQRVFDKPGNVE,49.0,45.024,42256.32
HLA-B*51:03,PSQRVFDKPGNVEQ,97.5,96.056,48160.71
HLA-B*51:03,SQRVFDKPGNVEQT,86.667,89.605,47081.29
HLA-B*51:03,QRVFDKPGNVEQTA,66.818,67.938,45053.97
HLA-B*51:03,RVFDKPGNVEQTAV,39.471,42.289,41822.84
HLA-B*51:03,VFDKPGNVEQTAVI,56.75,33.08,40106.91
HLA-B*51:03,FDKPGNVEQTAVIA,74.286,59.944,44209.38
HLA-B*51:03,DKPGNVEQTAVIAP,73.571,69.173,45176.49
HLA-B*51:03,KPGNVEQTAVIAPA,75.0,41.455,41686.85
HLA-B*51:03,PGNVEQTAVIAPAR,97.5,94.812,47658.91
HLA-B*51:03,GNVEQTAVIAPARI,75.0,52.775,43335.15
HLA-B*51:03,NVEQTAVIAPARID,95.0,76.334,45849.63
HLA-B*51:03,VEQTAVIAPARIDL,52.963,55.448,43675.0
HLA-B*51:03,EQTAVIAPARIDLS,95.0,72.928,45534.22
HLA-B*51:03,QTAVIAPARIDLSS,83.75,65.871,44849.68
HLA-B*51:03,TAVIAPARIDLSSF,51.296,32.972,40084.34
HLA-B*51:03,AVIAPARIDLSSFQ,93.333,83.516,46501.12
HLA-B*51:03,VIAPARIDLSSFQG,95.0,78.588,46052.0
HLA-B*51:03,IAPARIDLSSFQGI,38.0,12.418,33012.62
HLA-B*51:03,APARIDLSSFQGIS,73.571,42.125,41795.68
HLA-B*51:03,PARIDLSSFQGISA,93.333,76.811,45892.32
HLA-B*51:03,ARIDLSSFQGISAY,58.25,56.412,43789.03
HLA-B*51:03,RIDLSSFQGISAYC,91.667,72.844,45526.35
HLA-B*51:03,IDLSSFQGISAYCI,75.0,28.785,39116.49
HLA-B*51:03,DLSSFQGISAYCIT,93.333,54.376,43541.47
HLA-B*51:03,LSSFQGISAYCITY,83.75,47.173,42576.18
HLA-B*51:03,SSFQGISAYCITYA,52.593,35.951,40693.07
HLA-B*51:03,SFQGISAYCITYAN,97.5,62.619,44502.12
HLA-B*51:03,FQGISAYCITYANP,95.0,61.507,44380.49
HLA-B*51:03,QGISAYCITYANPI,81.25,20.125,36529.87
HLA-B*51:03,GISAYCITYANPIT,100.0,76.318,45848.16
HLA-B*51:03,ISAYCITYANPITD,100.0,64.367,44694.2
HLA-B*51:03,SAYCITYANPITDL,22.76,11.903,32700.48
HLA-B*51:03,AYCITYANPITDLG,97.5,78.134,46011.16
HLA-B*51:03,YCITYANPITDLGV,80.0,35.872,40677.22
HLA-B*51:03,CITYANPITDLGVA,82.5,25.155,38145.15
HLA-B*51:03,ITYANPITDLGVAN,93.333,58.716,44062.79
HLA-B*51:03,TYANPITDLGVANN,97.5,81.199,46288.78
HLA-B*51:03,YANPITDLGVANNP,60.357,39.977,41440.41
HLA-B*51:03,ANPITDLGVANNPW,77.5,33.882,40272.58
HLA-B*51:03,NPITDLGVANNPWL,31.529,14.614,34206.71
HLA-B*51:03,PITDLGVANNPWLR,97.5,90.97,47227.74
HLA-B*51:03,ITDLGVANNPWLRG,97.5,80.252,46202.23
HLA-B*51:03,TDLGVANNPWLRGL,62.5,59.444,44149.63
HLA-B*51:03,DLGVANNPWLRGLT,95.0,80.52,46226.73
HLA-B*51:03,LGVANNPWLRGLTV,7.864,0.842,13259.97
HLA-B*51:03,GVANNPWLRGLTVL,61.429,25.415,38217.86
HLA-B*51:03,VANNPWLRGLTVLL,32.645,14.741,34268.95
HLA-B*51:03,ANNPWLRGLTVLLA,79.167,27.637,38821.32
HLA-B*51:03,NNPWLRGLTVLLAL,38.778,12.926,33315.47
HLA-B*51:03,NPWLRGLTVLLALL,10.67,2.277,20119.08
HLA-B*51:03,PWLRGLTVLLALLL,97.5,60.852,44309.0
HLA-B*51:03,WLRGLTVLLALLLS,97.5,72.766,45518.95
HLA-B*51:03,LRGLTVLLALLLSV,77.5,42.643,41881.7
HLA-B*51:03,RGLTVLLALLLSVI,81.25,34.197,40337.56
HLA-B*51:03,GLTVLLALLLSVIS,100.0,94.639,47639.33
HLA-B*51:03,LTVLLALLLSVISI,72.143,30.015,39413.02
HLA-B*51:03,TVLLALLLSVISID,100.0,80.63,46236.72
HLA-B*51:03,VLLALLLSVISIDL,93.333,72.437,45487.93
HLA-B*51:03,LLALLLSVISIDLK,95.0,79.967,46176.23
HLA-B*51:03,LALLLSVISIDLKQ,91.667,73.032,45544.09
HLA-B*51:03,ALLLSVISIDLKQL,85.0,76.157,45833.76
HLA-B*51:03,LLLSVISIDLKQLE,93.333,84.036,46548.95
HLA-B*51:03,LLSVISIDLKQLER,93.333,87.905,46917.04
HLA-B*51:03,LSVISIDLKQLERV,73.571,37.211,40936.84
HLA-B*51:03,SVISIDLKQLERVT,91.667,77.829,45983.78
HLA-B*51:03,VISIDLKQLERVTQ,97.5,95.652,47976.6
HLA-B*51:03,ISIDLKQLERVTQY,48.75,50.558,43051.0
HLA-B*51:03,SIDLKQLERVTQYN,91.667,89.853,47105.25
HLA-B*51:03,IDLKQLERVTQYNF,74.286,53.629,43445.01
HLA-B*51:03,DLKQLERVTQYNFH,86.667,79.435,46128.3
HLA-B*51:03,LKQLERVTQYNFHT,97.5,84.885,46627.07
HLA-B*51:03,KQLERVTQYNFHTQ,90.0,87.068,46836.41
HLA-B*51:03,QLERVTQYNFHTQL,51.852,40.439,41518.49
HLA-B*51:03,LERVTQYNFHTQLM,64.286,34.765,40455.14
HLA-B*51:03,ERVTQYNFHTQLMG,82.5,64.692,44729.98
HLA-B*51:03,RVTQYNFHTQLMGL,83.75,55.384,43667.43
HLA-B*51:03,VTQYNFHTQLMGLL,56.75,32.825,40052.27
HLA-B*51:03,TQYNFHTQLMGLLS,83.75,47.019,42553.18
HLA-B*51:03,QYNFHTQLMGLLSL,70.714,40.199,41478.08
HLA-B*51:03,YNFHTQLMGLLSLA,79.167,30.381,39498.82
HLA-B*51:03,NFHTQLMGLLSLAC,95.0,73.8,45616.57
HLA-B*51:03,FHTQLMGLLSLACH,95.0,68.036,45063.71
HLA-B*51:03,HTQLMGLLSLACHP,97.5,59.956,44210.83
HLA-B*51:03,TQLMGLLSLACHPA,88.333,49.074,42852.09
HLA-B*51:03,QLMGLLSLACHPAE,97.5,79.396,46124.8
HLA-B*51:03,LMGLLSLACHPAED,100.0,89.284,47050.23
HLA-B*51:03,MGLLSLACHPAEDL,75.833,37.475,40986.92
HLA-B*51:03,GLLSLACHPAEDLE,97.5,94.003,47567.74
HLA-B*51:03,LLSLACHPAEDLES,97.5,83.614,46510.18
HLA-B*51:03,LSLACHPAEDLESS,85.0,70.365,45292.98
HLA-B*51:03,SLACHPAEDLESSV,58.75,44.618,42191.89
HLA-B*51:03,LACHPAEDLESSVE,95.0,78.034,46002.2
HLA-B*51:03,ACHPAEDLESSVEY,64.643,66.688,44930.31
HLA-B*51:03,CHPAEDLESSVEYE,91.667,76.484,45863.03
HLA-B*51:03,HPAEDLESSVEYEP,48.25,47.235,42585.41
HLA-B*51:03,PAEDLESSVEYEPM,70.714,72.129,45458.9
HLA-B*51:03,AEDLESSVEYEPML,38.833,54.216,43520.75
HLA-B*51:03,EDLESSVEYEPMLG,54.63,74.097,45644.74
HLA-B*51:03,DLESSVEYEPMLGQ,70.714,75.604,45784.21
HLA-B*51:03,LESSVEYEPMLGQM,69.091,45.2,42282.85
HLA-B*51:03,ESSVEYEPMLGQMS,81.25,76.927,45902.74
HLA-B*51:03,SSVEYEPMLGQMSI,14.411,3.412,23110.36
HLA-B*51:03,SVEYEPMLGQMSIV,59.25,20.738,36749.1
HLA-B*51:03,VEYEPMLGQMSIVK,52.778,30.834,39604.95
HLA-B*51:03,EYEPMLGQMSIVKK,69.091,42.907,41925.67
HLA-B*51:03,YEPMLGQMSIVKKY,43.455,20.302,36593.18
HLA-B*51:03,EPMLGQMSIVKKYL,13.274,5.082,26167.94
HLA-B*51:03,PMLGQMSIVKKYLV,95.0,50.113,42994.2
HLA-B*51:03,MLGQMSIVKKYLVM,79.167,31.175,39683.88
HLA-B*51:03,LGQMSIVKKYLVMM,79.167,55.44,43674.04
HLA-B*51:03,GQMSIVKKYLVMMR,97.5,74.149,45649.65
HLA-B*51:03,QMSIVKKYLVMMRS,97.5,75.31,45757.95
HLA-B*51:03,MSIVKKYLVMMRSG,97.5,51.623,43187.23
HLA-B*51:03,SIVKKYLVMMRSGL,76.667,63.282,44574.91
HLA-B*51:03,IVKKYLVMMRSGLL,68.182,38.429,41165.12
HLA-B*51:03,VKKYLVMMRSGLLS,97.5,66.442,44906.0
HLA-B*51:03,KKYLVMMRSGLLSG,97.5,74.744,45706.01
HLA-B*51:03,KYLVMMRSGLLSGQ,100.0,89.595,47080.28
HLA-B*51:03,YLVMMRSGLLSGQA,95.0,58.0,43977.54
HLA-B*51:03,LVMMRSGLLSGQAH,93.333,70.042,45262.61
HLA-B*51:03,VMMRSGLLSGQAHS,100.0,77.702,45972.33
HLA-B*51:03,MMRSGLLSGQAHSG,97.5,72.85,45526.85
HLA-B*51:03,MRSGLLSGQAHSGR,97.5,91.468,47283.45
HLA-B*51:03,RSGLLSGQAHSGRQ,100.0,96.665,48440.3
HLA-B*51:03,SGLLSGQAHSGRQD,97.5,95.872,48076.89
HLA-B*51:03,GLLSGQAHSGRQDQ,100.0,97.743,48939.19
HLA-B*51:03,LLSGQAHSGRQDQT,97.5,95.323,47826.8
HLA-B*51:03,LSGQAHSGRQDQTF,78.333,62.008,44435.25
HLA-B*51:03,SGQAHSGRQDQTFL,82.5,73.027,45543.59
HLA-B*51:03,GQAHSGRQDQTFLF,68.182,51.513,43173.22
HLA-B*51:03,QAHSGRQDQTFLFA,65.455,32.931,40075.23
HLA-B*51:03,AHSGRQDQTFLFAE,97.5,85.247,46661.39
HLA-B*51:03,HSGRQDQTFLFAEI,65.455,23.561,37667.77
HLA-B*51:03,SGRQDQTFLFAEIA,86.667,36.05,40712.44
HLA-B*51:03,GRQDQTFLFAEIAA,91.667,72.223,45467.75
HLA-B*51:03,RQDQTFLFAEIAAL,57.0,38.453,41169.58
HLA-B*51:03,QDQTFLFAEIAALE,91.667,70.078,45266.02
HLA-B*51:03,DQTFLFAEIAALEE,93.333,62.355,44473.26
HLA-B*51:03,QTFLFAEIAALEEV,56.0,24.219,37871.28
HLA-B*51:03,TFLFAEIAALEEVF,79.167,46.94,42541.65
HLA-B*51:03,FLFAEIAALEEVFE,95.0,61.907,44424.21
HLA-B*51:03,LFAEIAALEEVFEA,76.667,45.006,42253.57
HLA-B*51:03,FAEIAALEEVFEAT,90.0,62.184,44454.51
HLA-B*51:03,AEIAALEEVFEATK,83.75,82.744,46430.23
HLA-B*51:03,EIAALEEVFEATKS,95.0,90.595,47185.85
HLA-B*51:03,IAALEEVFEATKSQ,75.0,83.527,46502.12
HLA-B*51:03,AALEEVFEATKSQP,75.833,78.588,46052.0
HLA-B*51:03,ALEEVFEATKSQPG,97.5,92.292,47375.63
HLA-B*51:03,LEEVFEATKSQPGT,97.5,87.663,46893.71
HLA-B*51:03,EEVFEATKSQPGTR,82.5,89.832,47103.21
HLA-B*51:03,EVFEATKSQPGTRK,61.071,77.11,45919.14
HLA-B*51:03,VFEATKSQPGTRKL,50.37,61.573,44387.7
HLA-B*51:03,FEATKSQPGTRKLT,74.286,72.777,45519.95
HLA-B*51:03,EATKSQPGTRKLTD,82.5,88.032,46929.23
HLA-B*51:03,ATKSQPGTRKLTDR,97.5,96.722,48466.49
HLA-B*51:03,TKSQPGTRKLTDRL,68.182,79.535,46137.29
HLA-B*51:03,KSQPGTRKLTDRLF,63.571,66.427,44904.55
HLA-B*51:03,SQPGTRKLTDRLFT,91.667,85.547,46690.17
HLA-B*51:03,QPGTRKLTDRLFTI,17.523,7.708,29429.1
HLA-B*51:03,PGTRKLTDRLFTIF,93.333,70.532,45308.66
HLA-B*51:03,GTRKLTDRLFTIFP,97.5,78.832,46073.93
HLA-B*51:03,TRKLTDRLFTIFPN,100.0,75.127,45741.63
HLA-B*51:03,RKLTDRLFTIFPNQ,97.5,83.434,46493.57
HLA-B*51:03,KLTDRLFTIFPNQL,67.727,58.052,43983.72
HLA-B*51:03,LTDRLFTIFPNQLF,57.75,28.31,38998.16
HLA-B*51:03,TDRLFTIFPNQLFS,81.25,53.982,43490.62
HLA-B*51:03,DRLFTIFPNQLFSM,59.75,35.868,40676.33
HLA-B*51:03,RLFTIFPNQLFSMY,46.556,35.711,40645.1
HLA-B*51:03,LFTIFPNQLFSMYC,76.667,45.282,42295.2
HLA-B*51:03,FTIFPNQLFSMYCY,54.63,28.632,39078.42
HLA-B*51:03,TIFPNQLFSMYCYS,81.25,43.943,42085.2
HLA-B*51:03,IFPNQLFSMYCYSH,78.333,57.344,43899.56
HLA-B*51:03,FPNQLFSMYCYSHK,51.667,21.91,37145.25
HLA-B*51:03,PNQLFSMYCYSHKE,100.0,89.995,47119.01
HLA-B*51:03,NQLFSMYCYSHKER,95.0,76.379,45853.62
HLA-B*51:03,QLFSMYCYSHKERK,91.667,77.857,45986.27
HLA-B*51:03,LFSMYCYSHKERKE,100.0,93.193,47476.71
HLA-B*51:03,FSMYCYSHKERKET,100.0,64.178,44673.39
HLA-B*51:03,SMYCYSHKERKETI,30.0,10.802,31957.22
HLA-B*51:03,MYCYSHKERKETIQ,95.0,79.186,46105.85
HLA-B*51:03,YCYSHKERKETIQC,79.167,80.624,46236.21
HLA-B*51:03,CYSHKERKETIQCC,95.0,88.868,47010.05
HLA-B*51:03,YSHKERKETIQCCQ,97.5,88.2,46945.48
HLA-B*51:03,SHKERKETIQCCQG,97.5,90.284,47151.14
HLA-B*51:03,HKERKETIQCCQGC,100.0,95.195,47768.36
HLA-B*51:03,KERKETIQCCQGCV,80.0,68.583,45117.88
HLA-B*51:03,ERKETIQCCQGCVN,97.5,92.507,47399.74
HLA-B*51:03,RKETIQCCQGCVNR,100.0,96.02,48144.56
HLA-B*51:03,KETIQCCQGCVNRE,97.5,95.56,47934.57
HLA-B*51:03,ETIQCCQGCVNREL,48.75,42.379,41837.78
HLA-B*51:03,TIQCCQGCVNRELY,93.333,66.511,44912.81
HLA-B*51:03,IQCCQGCVNRELYP,97.5,76.606,45873.95
HLA-B*51:03,QCCQGCVNRELYPA,100.0,80.252,46202.23
HLA-B*51:03,CCQGCVNRELYPAA,95.0,68.991,45158.4
HLA-B*51:03,CQGCVNRELYPAAK,97.5,77.652,45967.86
HLA-B*51:03,QGCVNRELYPAAKK,93.333,90.078,47128.19
HLA-B*51:03,GCVNRELYPAAKKA,86.667,83.806,46527.79
HLA-B*51:03,CVNRELYPAAKKAD,100.0,89.211,47043.1
HLA-B*51:03,VNRELYPAAKKADP,91.667,84.469,46588.75
HLA-B*51:03,NRELYPAAKKADPM,82.5,49.374,42893.39
HLA-B*51:03,RELYPAAKKADPMR,90.0,76.39,45854.6
HLA-B*51:03,ELYPAAKKADPMRM,27.019,25.121,38135.65
HLA-B*51:03,LYPAAKKADPMRMV,37.105,21.825,37117.14
HLA-B*51:03,YPAAKKADPMRMVG,36.714,11.863,32673.27
HLA-B*51:03,PAAKKADPMRMVGH,97.5,96.118,48189.35
HLA-B*51:03,AAKKADPMRMVGHW,47.5,26.603,38541.76
HLA-B*51:03,AKKADPMRMVGHWI,69.545,21.809,37111.92
HLA-B*51:03,KKADPMRMVGHWIR,93.333,56.548,43805.16
HLA-B*51:03,KADPMRMVGHWIRS,88.333,59.24,44125.29
HLA-B*51:03,ADPMRMVGHWIRSL,36.619,16.116,34917.2
HLA-B*51:03,DPMRMVGHWIRSLR,35.25,16.292,34995.5
HLA-B*51:03,PMRMVGHWIRSLRV,90.0,35.726,40648.19
HLA-B*51:03,MRMVGHWIRSLRVA,88.333,38.501,41178.5
HLA-B*51:03,RMVGHWIRSLRVAT,97.5,73.935,45629.4
HLA-B*51:03,MVGHWIRSLRVATE,97.5,66.619,44923.5
HLA-B*51:03,VGHWIRSLRVATEI,62.5,23.367,37606.67
HLA-B*51:03,GHWIRSLRVATEID,97.5,75.022,45732.22
HLA-B*51:03,HWIRSLRVATEIDS,100.0,89.379,47059.4
HLA-B*51:03,WIRSLRVATEIDSV,68.636,37.297,40953.23
HLA-B*51:03,IRSLRVATEIDSVM,66.818,43.122,41959.73
HLA-B*51:03,RSLRVATEIDSVML,72.857,50.408,43031.9
HLA-B*51:03,SLRVATEIDSVMLS,86.667,69.262,45185.29
HLA-B*51:03,LRVATEIDSVMLSV,68.182,34.264,40351.51
HLA-B*51:03,RVATEIDSVMLSVG,97.5,76.118,45830.3
HLA-B*51:03,VATEIDSVMLSVGW,52.778,29.824,39367.41
HLA-B*51:03,ATEIDSVMLSVGWI,63.571,33.817,40259.08
HLA-B*51:03,TEIDSVMLSVGWIF,38.167,27.862,38883.14
HLA-B*51:03,EIDSVMLSVGWIFK,88.333,63.26,44572.5
HLA-B*51:03,IDSVMLSVGWIFKF,72.857,33.613,40216.83
HLA-B*51:03,DSVMLSVGWIFKFA,73.571,27.374,38749.59
HLA-B*51:03,SVMLSVGWIFKFAT,95.0,56.068,43748.3
HLA-B*51:03,VMLSVGWIFKFATS,97.5,66.654,44926.92
HLA-B*51:03,MLSVGWIFKFATSI,52.593,10.079,31436.28
HLA-B*51:03,LSVGWIFKFATSIA,93.333,39.452,41349.05
HLA-B*51:03,SVGWIFKFATSIAG,97.5,64.284,44685.0
HLA-B*51:03,VGWIFKFATSIAGA,95.0,55.76,43711.86
HLA-B*51:03,GWIFKFATSIAGAV,88.333,50.43,43034.7
HLA-B*51:03,WIFKFATSIAGAVH,95.0,61.736,44405.45
HLA-B*51:03,IFKFATSIAGAVHP,95.0,68.489,45108.6
HLA-B*51:03,FKFATSIAGAVHPD,100.0,70.23,45280.24
HLA-B*51:03,KFATSIAGAVHPDG,100.0,93.481,47509.09
HLA-B*51:03,FATSIAGAVHPDGN,97.5,79.673,46149.76
HLA-B*51:03,ATSIAGAVHPDGNE,100.0,96.688,48450.77
HLA-B*51:03,TSIAGAVHPDGNEL,32.419,46.903,42536.14
HLA-B*51:03,SIAGAVHPDGNELD,91.667,89.442,47065.5
HLA-B*51:03,IAGAVHPDGNELDK,91.667,86.711,46801.96
HLA-B*51:03,AGAVHPDGNELDKD,97.5,96.982,48586.73
HLA-B*51:03,GAVHPDGNELDKDL,69.091,83.357,46486.52
HLA-B*51:03,AVHPDGNELDKDLV,44.909,56.22,43766.3
HLA-B*51:03,VHPDGNELDKDLVM,45.7,44.003,42094.32
HLA-B*51:03,HPDGNELDKDLVMV,21.272,18.409,35885.83
HLA-B*51:03,PDGNELDKDLVMVS,100.0,95.166,47755.45
HLA-B*51:03,DGNELDKDLVMVSS,85.0,75.277,45754.99
HLA-B*51:03,GNELDKDLVMVSSD,100.0,95.627,47965.15
HLA-B*51:03,NELDKDLVMVSSDE,95.0,89.542,47075.18
HLA-B*51:03,ELDKDLVMVSSDEA,82.5,63.809,44632.82
HLA-B*51:03,LDKDLVMVSSDEAT,97.5,89.347,47056.33
HLA-B*51:03,DKDLVMVSSDEATV,48.0,37.066,40909.39
HLA-B*51:03,KDLVMVSSDEATVV,71.429,52.02,43238.2
HLA-B*51:03,DLVMVSSDEATVVE,80.0,74.108,45645.71
HLA-B*51:03,LVMVSSDEATVVEF,72.857,35.057,40515.14
HLA-B*51:03,VMVSSDEATVVEFQ,95.0,76.905,45900.76
HLA-B*51:03,MVSSDEATVVEFQN,97.5,69.567,45215.61
HLA-B*51:03,VSSDEATVVEFQNS,97.5,89.353,47056.85
HLA-B*51:03,SSDEATVVEFQNSI,32.871,19.455,36281.33
HLA-B*51:03,SDEATVVEFQNSIP,79.167,68.164,45076.41
HLA-B*51:03,DEATVVEFQNSIPN,83.75,53.917,43482.15
HLA-B*51:03,EATVVEFQNSIPNI,20.691,9.406,30939.91
HLA-B*51:03,ATVVEFQNSIPNIV,68.636,46.812,42522.78
HLA-B*51:03,TVVEFQNSIPNIVK,85.0,67.997,45059.81
HLA-B*51:03,VVEFQNSIPNIVKQ,93.333,81.035,46273.77
HLA-B*51:03,VEFQNSIPNIVKQL,32.0,31.475,39752.22
HLA-B*51:03,EFQNSIPNIVKQLE,74.286,73.894,45625.46
HLA-B*51:03,FQNSIPNIVKQLET,88.333,66.644,44925.93
HLA-B*51:03,QNSIPNIVKQLETT,93.333,87.395,46867.83
HLA-B*51:03,NSIPNIVKQLETTD,88.333,78.649,46057.47
HLA-B*51:03,SIPNIVKQLETTDR,90.0,95.145,47745.63
HLA-B*51:03,IPNIVKQLETTDRD,95.0,68.868,45146.2
HLA-B*51:03,PNIVKQLETTDRDE,100.0,98.263,49181.77
HLA-B*51:03,NIVKQLETTDRDEP,95.0,93.815,47546.64
HLA-B*51:03,IVKQLETTDRDEPG,97.5,95.353,47840.25
HLA-B*51:03,VKQLETTDRDEPGA,97.5,93.028,47458.23
HLA-B*51:03,KQLETTDRDEPGAY,73.571,83.226,46474.47
HLA-B*51:03,QLETTDRDEPGAYL,51.111,62.342,44471.83
HLA-B*51:03,LETTDRDEPGAYLG,75.833,72.568,45500.26
HLA-B*51:03,ETTDRDEPGAYLGL,39.765,49.296,42882.72
HLA-B*51:03,TTDRDEPGAYLGLT,86.667,66.732,44934.68
HLA-B*51:03,TDRDEPGAYLGLTD,86.667,79.657,46148.27
HLA-B*51:03,DRDEPGAYLGLTDP,65.909,57.08,43868.23
HLA-B*51:03,RDEPGAYLGLTDPD,97.5,93.12,47468.51
HLA-B*51:03,DEPGAYLGLTDPDL,52.222,52.856,43345.46
HLA-B*51:03,EPGAYLGLTDPDLT,80.0,60.382,44257.73
HLA-B*51:03,PGAYLGLTDPDLTD,100.0,96.279,48262.94
HLA-B*51:03,GAYLGLTDPDLTDL,58.75,66.9,44951.23
HLA-B*51:03,AYLGLTDPDLTDLF,64.286,53.301,43402.73
HLA-B*51:03,YLGLTDPDLTDLFR,63.571,51.958,43230.25
HLA-B*51:03,LGLTDPDLTDLFRP,97.5,76.91,45901.26
HLA-B*51:03,GLTDPDLTDLFRPR,93.333,90.503,47175.62
HLA-B*51:03,LTDPDLTDLFRPRS,95.0,82.974,46451.34
HLA-B*51:03,TDPDLTDLFRPRSV,35.417,25.536,38251.79
HLA-B*51:03,DPDLTDLFRPRSVV,3.802,2.045,19395.55
HLA-B*51:03,PDLTDLFRPRSVVQ,97.5,90.819,47210.87
HLA-B*51:03,DLTDLFRPRSVVQL,29.114,33.606,40215.54
HLA-B*51:03,LTDLFRPRSVVQLI,9.0,2.111,19597.63
HLA-B*51:03,TDLFRPRSVVQLIP,52.593,31.667,39796.11
HLA-B*51:03,DLFRPRSVVQLIPS,50.37,33.32,40156.39
HLA-B*51:03,LFRPRSVVQLIPSP,68.182,42.15,41799.75
HLA-B*51:03,FRPRSVVQLIPSPT,56.5,31.87,39842.64
HLA-B*51:03,RPRSVVQLIPSPTS,56.75,48.286,42740.03
HLA-B*51:03,PRSVVQLIPSPTSL,61.429,67.953,45055.43
HLA-B*51:03,RSVVQLIPSPTSLG,77.5,70.835,45337.11
HLA-B*51:03,SVVQLIPSPTSLGV,18.079,11.734,32587.47
HLA-B*51:03,VVQLIPSPTSLGVE,70.714,44.491,42171.82
HLA-B*51:03,VQLIPSPTSLGVEK,67.273,51.769,43205.92
HLA-B*51:03,QLIPSPTSLGVEKK,77.5,75.199,45748.06
HLA-B*51:03,LIPSPTSLGVEKKR,71.429,58.784,44070.89
HLA-B*51:03,IPSPTSLGVEKKRI,4.76,1.833,18539.1
HLA-B*51:03,PSPTSLGVEKKRIE,97.5,89.247,47046.68
HLA-B*51:03,SPTSLGVEKKRIEA,42.846,35.318,40566.9
HLA-B*51:03,PTSLGVEKKRIEAG,100.0,96.544,48384.76
HLA-B*51:03,TSLGVEKKRIEAGE,97.5,95.449,47883.74
HLA-B*51:03,SLGVEKKRIEAGER,97.5,96.735,48472.8
HLA-B*51:03,LGVEKKRIEAGERL,58.25,65.581,44821.05
HLA-B*51:03,GVEKKRIEAGERLS,97.5,96.091,48176.86
HLA-B*51:03,VEKKRIEAGERLSQ,86.667,93.44,47504.46
HLA-B*51:03,EKKRIEAGERLSQS,93.333,95.427,47873.93
HLA-B*51:03,KKRIEAGERLSQSG,100.0,96.012,48140.89
HLA-B*51:03,KRIEAGERLSQSGC,93.333,95.075,47714.14
HLA-B*51:03,RIEAGERLSQSGCV,93.333,66.368,44898.73
HLA-B*51:03,IEAGERLSQSGCVH,82.5,77.447,45949.48
HLA-B*51:03,EAGERLSQSGCVHR,75.833,89.242,47046.17
HLA-B*51:03,AGERLSQSGCVHRY,90.0,85.132,46650.29
HLA-B*51:03,GERLSQSGCVHRYM,88.333,60.747,44297.48
HLA-B*51:03,ERLSQSGCVHRYMK,95.0,81.714,46335.88
HLA-B*51:03,RLSQSGCVHRYMKS,97.5,91.574,47295.22
HLA-B*51:03,LSQSGCVHRYMKSS,100.0,84.545,46595.81
HLA-B*51:03,SQSGCVHRYMKSSS,95.0,86.416,46773.59
HLA-B*51:03,QSGCVHRYMKSSSA,77.5,46.232,42437.77
HLA-B*51:03,SGCVHRYMKSSSAL,75.833,47.498,42624.59
HLA-B*51:03,GCVHRYMKSSSALI,83.75,39.473,41352.63
HLA-B*51:03,CVHRYMKSSSALID,100.0,61.437,44372.79
HLA-B*51:03,VHRYMKSSSALIDT,97.5,68.164,45076.41
HLA-B*51:03,HRYMKSSSALIDTP,91.667,61.586,44389.13
HLA-B*51:03,RYMKSSSALIDTPV,90.0,32.587,40000.28
HLA-B*51:03,YMKSSSALIDTPVC,80.0,51.152,43127.0
HLA-B*51:03,MKSSSALIDTPVCA,83.75,51.506,43172.27
HLA-B*51:03,KSSSALIDTPVCAV,85.0,50.357,43025.38
HLA-B*51:03,SSSALIDTPVCAVV,62.857,26.226,38441.82
HLA-B*51:03,SSALIDTPVCAVVI,63.214,22.333,37280.15
HLA-B*51:03,SALIDTPVCAVVIS,90.0,46.417,42464.85
HLA-B*51:03,ALIDTPVCAVVISA,77.5,61.037,44329.14
HLA-B*51:03,LIDTPVCAVVISAI,59.0,25.316,38190.17
HLA-B*51:03,IDTPVCAVVISAIS,93.333,66.599,44921.56
HLA-B*51:03,DTPVCAVVISAISS,93.333,64.78,44739.68
HLA-B*51:03,TPVCAVVISAISSL,13.879,8.504,30165.75
HLA-B*51:03,PVCAVVISAISSLF,93.333,53.432,43419.63
HLA-B*51:03,VCAVVISAISSLFE,97.5,75.321,45758.95
HLA-B*51:03,CAVVISAISSLFEN,100.0,58.348,44018.94
HLA-B*51:03,AVVISAISSLFENF,91.667,58.752,44067.08
HLA-B*51:03,VVISAISSLFENFI,49.571,18.835,36048.5
HLA-B*51:03,VISAISSLFENFIA,97.5,57.652,43936.15
HLA-B*51:03,ISAISSLFENFIAL,32.129,18.47,35909.14
HLA-B*51:03,SAISSLFENFIALP,55.25,27.965,38911.34
HLA-B*51:03,AISSLFENFIALPS,97.5,67.525,45013.02
HLA-B*51:03,ISSLFENFIALPSK,85.0,56.576,43808.46
HLA-B*51:03,SSLFENFIALPSKE,91.667,70.809,45334.65
HLA-B*51:03,SLFENFIALPSKED,95.0,70.574,45312.58
HLA-B*51:03,LFENFIALPSKEDF,70.0,49.946,42972.36
HLA-B*51:03,FENFIALPSKEDFQ,91.667,57.184,43880.56
HLA-B*51:03,ENFIALPSKEDFQI,25.448,13.914,33859.84
HLA-B*51:03,NFIALPSKEDFQIF,51.852,37.03,40902.74
HLA-B*51:03,FIALPSKEDFQIFK,82.5,47.889,42682.74
HLA-B*51:03,IALPSKEDFQIFKR,74.286,56.3,43775.76
HLA-B*51:03,ALPSKEDFQIFKRF,43.273,31.571,39774.14
HLA-B*51:03,LPSKEDFQIFKRFS,47.75,30.878,39615.25
HLA-B*51:03,PSKEDFQIFKRFSE,100.0,95.477,47896.71
HLA-B*51:03,SKEDFQIFKRFSEY,58.5,48.867,42822.88
HLA-B*51:03,KEDFQIFKRFSEYG,91.667,74.421,45675.36
HLA-B*51:03,EDFQIFKRFSEYGF,65.0,44.589,42187.32
HLA-B*51:03,DFQIFKRFSEYGFT,93.333,65.256,44789.07
HLA-B*51:03,FQIFKRFSEYGFTK,80.0,51.499,43171.36
HLA-B*51:03,QIFKRFSEYGFTKD,95.0,81.506,46316.85
HLA-B*51:03,IFKRFSEYGFTKDT,97.5,87.879,46914.52
HLA-B*51:03,FKRFSEYGFTKDTR,91.667,87.621,46889.63
HLA-B*51:03,KRFSEYGFTKDTRD,100.0,94.867,47665.11
HLA-B*51:03,RFSEYGFTKDTRDE,100.0,95.843,48063.34
HLA-B*51:03,FSEYGFTKDTRDEV,58.75,38.45,41169.13
HLA-B*51:03,SEYGFTKDTRDEVF,40.562,34.996,40502.86
HLA-B*51:03,EYGFTKDTRDEVFG,97.5,89.447,47066.02
HLA-B*51:03,YGFTKDTRDEVFGA,72.143,45.358,42306.63
HLA-B*51:03,GFTKDTRDEVFGAV,90.0,53.468,43424.31
HLA-B*51:03,FTKDTRDEVFGAVN,95.0,64.205,44676.3
HLA-B*51:03,TKDTRDEVFGAVNA,83.75,78.267,46023.12
HLA-B*51:03,KDTRDEVFGAVNAI,65.909,31.976,39866.77
HLA-B*51:03,DTRDEVFGAVNAII,38.556,20.666,36723.25
HLA-B*51:03,TRDEVFGAVNAIIR,86.667,70.913,45344.45
HLA-B*51:03,RDEVFGAVNAIIRM,59.5,51.513,43173.22
HLA-B*51:03,DEVFGAVNAIIRMD,85.0,59.964,44211.77
HLA-B*51:03,EVFGAVNAIIRMDL,38.056,32.665,40017.18
HLA-B*51:03,VFGAVNAIIRMDLE,100.0,86.726,46803.46
HLA-B*51:03,FGAVNAIIRMDLEV,46.444,24.01,37809.85
HLA-B*51:03,GAVNAIIRMDLEVI,60.0,47.433,42614.91
HLA-B*51:03,AVNAIIRMDLEVIP,93.333,76.827,45893.8
HLA-B*51:03,VNAIIRMDLEVIPI,68.636,27.65,38825.11
HLA-B*51:03,NAIIRMDLEVIPIR,70.714,44.066,42104.34
HLA-B*51:03,AIIRMDLEVIPIRE,100.0,86.121,46745.28
HLA-B*51:03,IIRMDLEVIPIREL,47.5,46.251,42440.51
HLA-B*51:03,IRMDLEVIPIRELR,81.25,64.934,44756.61
HLA-B*51:03,RMDLEVIPIRELRQ,97.5,87.137,46842.99
HLA-B*51:03,MDLEVIPIRELRQS,72.143,49.579,42921.7
HLA-B*51:03,DLEVIPIRELRQSA,54.444,50.179,43002.58
HLA-B*51:03,LEVIPIRELRQSAE,90.0,82.536,46411.16
HLA-B*51:03,EVIPIRELRQSAEQ,79.167,85.463,46682.1
HLA-B*51:03,VIPIRELRQSAEQE,97.5,95.417,47869.26
HLA-B*51:03,IPIRELRQSAEQEA,32.774,26.559,38530.1
HLA-B*51:03,PIRELRQSAEQEAM,88.333,84.113,46555.98
HLA-B*51:03,IRELRQSAEQEAMV,72.143,53.6,43441.23
HLA-B*51:03,RELRQSAEQEAMVI,58.0,30.071,39426.23
HLA-B*51:03,ELRQSAEQEAMVIQ,85.0,71.284,45379.32
HLA-B*51:03,LRQSAEQEAMVIQM,81.25,63.541,44603.38
HLA-B*51:03,RQSAEQEAMVIQMR,91.667,85.032,46640.7
HLA-B*51:03,QSAEQEAMVIQMRR,85.0,74.729,45704.54
HLA-B*51:03,SAEQEAMVIQMRRT,95.0,82.957,46449.81
HLA-B*51:03,AEQEAMVIQMRRTK,81.25,84.392,46581.69
HLA-B*51:03,EQEAMVIQMRRTKR,93.333,93.504,47511.66
HLA-B*51:03,QEAMVIQMRRTKRI,48.75,21.356,36961.23
HLA-B*51:03,EAMVIQMRRTKRIK,65.909,30.856,39610.09
HLA-B*51:03,AMVIQMRRTKRIKV,82.5,57.776,43950.89
HLA-B*51:03,MVIQMRRTKRIKVF,53.704,32.339,39946.22
HLA-B*51:03,VIQMRRTKRIKVFD,97.5,89.547,47075.7
HLA-B*51:03,IQMRRTKRIKVFDF,80.0,51.043,43112.98
HLA-B*51:03,QMRRTKRIKVFDFV,85.0,42.749,41899.37
HLA-B*51:03,MRRTKRIKVFDFVY,88.333,49.774,42948.64
HLA-B*51:03,RRTKRIKVFDFVYF,93.333,68.711,45130.57
HLA-B*51:03,RTKRIKVFDFVYFD,97.5,72.072,45453.51
HLA-B*51:03,TKRIKVFDFVYFDT,100.0,87.295,46858.19
HLA-B*51:03,KRIKVFDFVYFDTS,100.0,85.184,46655.34
HLA-B*51:03,RIKVFDFVYFDTSL,82.5,48.045,42705.84
HLA-B*51:03,IKVFDFVYFDTSLS,97.5,69.788,45237.63
HLA-B*51:03,KVFDFVYFDTSLSL,42.231,26.669,38559.29
HLA-B*51:03,VFDFVYFDTSLSLG,88.333,55.752,43710.93
HLA-B*51:03,FDFVYFDTSLSLGL,63.571,24.584,37978.77
HLA-B*51:03,DFVYFDTSLSLGLD,85.0,65.428,44806.03
HLA-B*51:03,FVYFDTSLSLGLDT,91.667,52.812,43339.82
HLA-B*51:03,VYFDTSLSLGLDTR,81.25,73.356,45574.64
HLA-B*51:03,YFDTSLSLGLDTRR,81.25,74.995,45729.74
HLA-B*51:03,FDTSLSLGLDTRRT,93.333,85.511,46686.65
HLA-B*51:03,DTSLSLGLDTRRTL,32.419,31.733,39811.17
HLA-B*51:03,TSLSLGLDTRRTLE,91.667,74.123,45647.18
HLA-B*51:03,SLSLGLDTRRTLEP,91.667,84.458,46587.73
HLA-B*51:03,LSLGLDTRRTLEPR,95.0,82.245,46384.53
HLA-B*51:03,SLGLDTRRTLEPRA,95.0,86.526,46784.24
HLA-B*51:03,LGLDTRRTLEPRAA,83.75,74.322,45665.96
HLA-B*51:03,GLDTRRTLEPRAAN,100.0,95.649,47975.02
HLA-B*51:03,LDTRRTLEPRAANT,97.5,94.492,47622.84
HLA-B*51:03,DTRRTLEPRAANTQ,91.667,90.929,47223.14
HLA-B*51:03,TRRTLEPRAANTQG,88.333,82.607,46417.68
HLA-B*51:03,RRTLEPRAANTQGK,97.5,94.337,47605.33
HLA-B*51:03,RTLEPRAANTQGKT,93.333,89.721,47092.52
HLA-B*51:03,TLEPRAANTQGKTN,100.0,95.903,48090.94
HLA-B*51:03,LEPRAANTQGKTNY,64.643,75.066,45736.17
HLA-B*51:03,EPRAANTQGKTNYE,53.889,73.205,45560.36
HLA-B*51:03,PRAANTQGKTNYEH,97.5,97.053,48619.36
HLA-B*51:03,RAANTQGKTNYEHT,97.5,93.591,47521.44
HLA-B*51:03,AANTQGKTNYEHTG,95.0,95.615,47959.46
HLA-B*51:03,ANTQGKTNYEHTGI,90.0,80.641,46237.73
HLA-B*51:03,NTQGKTNYEHTGID,97.5,88.179,46943.46
HLA-B*51:03,TQGKTNYEHTGIDL,81.25,75.853,45806.51
HLA-B*51:03,QGKTNYEHTGIDLR,95.0,95.296,47814.38
HLA-B*51:03,GKTNYEHTGIDLRA,93.333,82.004,46362.45
HLA-B*51:03,KTNYEHTGIDLRAF,88.333,68.002,45060.31
HLA-B*51:03,TNYEHTGIDLRAFN,95.0,79.33,46118.82
HLA-B*51:03,NYEHTGIDLRAFNY,76.667,63.168,44562.38
HLA-B*51:03,YEHTGIDLRAFNYY,50.741,47.96,42693.36
HLA-B*51:03,EHTGIDLRAFNYYV,63.214,30.338,39488.58
HLA-B*51:03,HTGIDLRAFNYYVN,97.5,74.108,45645.71
HLA-B*51:03,TGIDLRAFNYYVNV,46.111,13.128,33429.21
HLA-B*51:03,GIDLRAFNYYVNVH,97.5,79.64,46146.75
HLA-B*51:03,IDLRAFNYYVNVHL,62.5,37.6,41010.43
HLA-B*51:03,DLRAFNYYVNVHLA,60.714,27.034,38656.61
HLA-B*51:03,LRAFNYYVNVHLAT,97.5,63.704,44621.21
HLA-B*51:03,RAFNYYVNVHLATK,78.333,55.58,43690.58
HLA-B*51:03,AFNYYVNVHLATKG,97.5,88.384,46963.26
HLA-B*51:03,FNYYVNVHLATKGV,68.182,30.473,39520.2
HLA-B*51:03,NYYVNVHLATKGVF,57.0,29.703,39338.46
HLA-B*51:03,YYVNVHLATKGVFM,73.571,45.333,42302.98
HLA-B*51:03,YVNVHLATKGVFME,93.333,64.561,44715.47
HLA-B*51:03,VNVHLATKGVFMES,95.0,79.679,46150.27
HLA-B*51:03,NVHLATKGVFMESI,54.815,25.962,38371.18
HLA-B*51:03,VHLATKGVFMESIK,95.0,65.098,44773.56
HLA-B*51:03,HLATKGVFMESIKK,88.333,79.651,46147.77
HLA-B*51:03,LATKGVFMESIKKG,95.0,71.122,45364.07
HLA-B*51:03,ATKGVFMESIKKGL,65.909,69.001,45159.39
HLA-B*51:03,TKGVFMESIKKGLS,100.0,94.675,47643.45
HLA-B*51:03,KGVFMESIKKGLSN,100.0,91.871,47328.51
HLA-B*51:03,GVFMESIKKGLSNL,80.0,58.316,44015.13
HLA-B*51:03,VFMESIKKGLSNLL,42.538,32.335,39945.37
HLA-B*51:03,FMESIKKGLSNLLA,86.667,44.428,42161.79
HLA-B*51:03,MESIKKGLSNLLAI,53.333,8.574,30226.51
HLA-B*51:03,ESIKKGLSNLLAII,35.5,15.57,34663.11
HLA-B*51:03,SIKKGLSNLLAIIA,91.667,61.459,44375.2
HLA-B*51:03,IKKGLSNLLAIIAS,97.5,78.998,46088.88
HLA-B*51:03,KKGLSNLLAIIASN,100.0,88.263,46951.57
HLA-B*51:03,KGLSNLLAIIASNR,95.0,86.163,46749.32
HLA-B*51:03,GLSNLLAIIASNRY,86.667,78.793,46070.42
HLA-B*51:03,LSNLLAIIASNRYG,97.5,74.191,45653.63
HLA-B*51:03,SNLLAIIASNRYGD,100.0,91.551,47292.66
HLA-B*51:03,NLLAIIASNRYGDR,97.5,89.037,47026.33
HLA-B*51:03,LLAIIASNRYGDRF,91.667,55.244,43650.9
HLA-B*51:03,LAIIASNRYGDRFQ,95.0,76.484,45863.03
HLA-B*51:03,AIIASNRYGDRFQV,70.714,49.852,42959.34
HLA-B*51:03,IIASNRYGDRFQVP,95.0,72.265,45471.71
HLA-B*51:03,IASNRYGDRFQVPE,97.5,70.48,45303.76
HLA-B*51:03,ASNRYGDRFQVPES,100.0,89.521,47073.15
HLA-B*51:03,SNRYGDRFQVPESV,45.3,41.204,41646.27
HLA-B*51:03,NRYGDRFQVPESVY,68.636,60.813,44304.68
HLA-B*51:03,RYGDRFQVPESVYL,54.63,52.965,43359.53
HLA-B*51:03,YGDRFQVPESVYLL,17.777,23.442,37630.28
HLA-B*51:03,GDRFQVPESVYLLA,72.857,37.293,40952.34
HLA-B*51:03,DRFQVPESVYLLAS,75.0,43.381,41999.23
HLA-B*51:03,RFQVPESVYLLASD,95.0,74.462,45679.31
HLA-B*51:03,FQVPESVYLLASDI,59.5,16.287,34993.21
HLA-B*51:03,QVPESVYLLASDIE,90.0,61.938,44427.57
HLA-B*51:03,VPESVYLLASDIER,65.909,39.722,41396.04
HLA-B*51:03,PESVYLLASDIERT,97.5,91.203,47253.79
HLA-B*51:03,ESVYLLASDIERTT,66.364,64.666,44727.1
