Residue,Chain,ResNum,Atom,AtomNum,X,Y,Z,Charge,Hydrophobicity,Accept
SER,A,2,N,1,-18.736,-12.34,-7.291,-0.4157,-0.0062,1
SER,A,2,CA,2,-17.576,-11.998,-6.35,-0.0249,-0.1217,1
SER,A,2,C,3,-17.215,-10.556,-6.454,0.5973,-0.2645,1
SER,A,2,O,4,-17.529,-9.877,-7.428,-0.5679,0.4881,1
SER,A,2,CB,5,-16.413,-12.785,-6.637,0.2117,-0.1217,1
SER,A,2,OG,6,-16.78,-14.218,-6.535,-0.6546,0.4881,1
HIS,A,3,N,7,-16.626,-10.027,-5.383,-0.4157,-0.0062,1
HIS,A,3,CA,8,-16.391,-8.606,-5.228,0.0188,-0.1217,1
HIS,A,3,C,9,-15.051,-8.365,-4.585,0.5973,-0.2645,1
HIS,A,3,O,10,-14.493,-9.21,-3.949,-0.5679,0.4881,1
HIS,A,3,CB,11,-17.487,-7.942,-4.391,-0.0462,0.2169,1
HIS,A,3,CG,12,-18.856,-8.054,-5.002,-0.0266,-0.1217,1
HIS,A,3,CD2,13,-19.836,-8.905,-4.756,0.1292,-0.1217,1
HIS,A,3,ND1,14,-19.267,-7.22,-5.978,-0.3811,0.3544,1
HIS,A,3,CE1,15,-20.501,-7.565,-6.354,0.2057,-0.1217,1
HIS,A,3,NE2,16,-20.873,-8.573,-5.592,-0.5727,0.3544,1
SER,A,4,N,17,-14.538,-7.156,-4.727,-0.4157,-0.0062,1
SER,A,4,CA,18,-13.223,-6.731,-4.21,-0.0249,-0.1217,1
SER,A,4,C,19,-13.269,-5.364,-3.578,0.5973,-0.2645,1
SER,A,4,O,20,-14.066,-4.487,-3.99,-0.5679,0.4881,1
SER,A,4,CB,21,-12.205,-6.708,-5.307,0.2117,-0.1217,1
SER,A,4,OG,22,-12.502,-5.82,-6.361,-0.6546,0.4881,1
MET,A,5,N,23,-12.357,-5.15,-2.645,-0.4157,-0.0062,1
MET,A,5,CA,24,-12.088,-3.801,-2.12,-0.0237,-0.1217,1
MET,A,5,C,25,-10.588,-3.613,-2.26,0.5973,-0.2645,1
MET,A,5,O,26,-9.806,-4.508,-1.943,-0.5679,0.4881,1
MET,A,5,CB,27,-12.521,-3.644,-0.653,0.0342,0.2169,1
MET,A,5,CG,28,-12.327,-2.167,-0.174,0.0018,-0.1217,1
MET,A,5,SD,29,-13.252,-1.804,1.31,-0.2737,0.4989,1
MET,A,5,CE,30,-12.433,-2.814,2.563,-0.0536,-0.1217,1
ARG,A,6,N,31,-10.187,-2.425,-2.659,-0.3479,-0.0062,1
ARG,A,6,CA,32,-8.784,-2.078,-2.849,-0.2637,-0.1217,1
ARG,A,6,C,33,-8.491,-0.688,-2.398,0.7341,-0.2645,1
ARG,A,6,O,34,-9.279,0.218,-2.713,-0.5894,0.4881,1
ARG,A,6,CB,35,-8.353,-2.17,-4.295,-0.0007,0.2169,1
ARG,A,6,CG,36,-8.375,-3.533,-4.953,0.039,0.2169,1
ARG,A,6,CD,37,-7.31,-4.447,-4.435,0.0486,-0.1217,1
ARG,A,6,NE,38,-7.33,-5.73,-5.11,-0.5295,-0.0062,1
ARG,A,6,CZ,39,-8.196,-6.729,-4.85,0.8076,-0.2645,1
TYR,A,7,N,40,-7.374,-0.497,-1.747,-0.4157,-0.0062,1
TYR,A,7,CA,41,-6.786,0.825,-1.492,-0.0014,-0.1217,1
TYR,A,7,C,42,-5.499,0.909,-2.23,0.5973,-0.2645,1
TYR,A,7,O,43,-4.678,-0.029,-2.246,-0.5679,0.4881,1
TYR,A,7,CB,44,-6.635,1.08,0.004,-0.0152,0.2169,1
TYR,A,7,CG,45,-7.925,1.336,0.696,-0.0011,-0.2607,1
TYR,A,7,CD1,46,-8.546,2.538,0.644,-0.1906,-0.2607,1
TYR,A,7,CD2,47,-8.525,0.361,1.377,-0.1906,-0.2607,1
TYR,A,7,CE1,48,-9.767,2.773,1.311,-0.2341,-0.2607,1
TYR,A,7,CE2,49,-9.785,0.52,1.999,-0.2341,-0.2607,1
TYR,A,7,CZ,50,-10.32,1.765,1.979,0.3226,-0.1217,1
PHE,A,8,N,51,-5.256,2.068,-2.833,-0.4157,-0.0062,1
PHE,A,8,CA,52,-4.034,2.4,-3.599,-0.0024,-0.1217,1
PHE,A,8,C,53,-3.403,3.641,-3.021,0.5973,-0.2645,1
PHE,A,8,O,54,-4.077,4.733,-3.033,-0.5679,0.4881,1
PHE,A,8,CB,55,-4.368,2.632,-5.049,-0.0343,0.2169,1
PHE,A,8,CG,56,-4.964,1.444,-5.758,0.0118,-0.2607,1
PHE,A,8,CD1,57,-4.224,0.451,-6.294,-0.1256,-0.2607,1
PHE,A,8,CD2,58,-6.34,1.316,-5.835,-0.1256,-0.2607,1
PHE,A,8,CE1,59,-4.817,-0.703,-6.879,-0.1704,-0.2607,1
PHE,A,8,CE2,60,-6.882,0.178,-6.503,-0.1704,-0.2607,1
PHE,A,8,CZ,61,-6.096,-0.783,-7.025,-0.1072,-0.2607,1
TYR,A,9,N,62,-2.206,3.556,-2.492,-0.4157,-0.0062,1
TYR,A,9,CA,63,-1.478,4.73,-1.952,-0.0014,-0.1217,1
TYR,A,9,C,64,-0.304,5.022,-2.804,0.5973,-0.2645,1
TYR,A,9,O,65,0.443,4.113,-3.192,-0.5679,0.4881,1
TYR,A,9,CB,66,-0.995,4.428,-0.52,-0.0152,0.2169,1
TYR,A,9,CG,67,-2.06,4.077,0.57,-0.0011,-0.2607,1
TYR,A,9,CD1,68,-3.402,4.35,0.436,-0.1906,-0.2607,1
TYR,A,9,CD2,69,-1.622,3.437,1.716,-0.1906,-0.2607,1
TYR,A,9,CE1,70,-4.311,4.078,1.463,-0.2341,-0.2607,1
TYR,A,9,CE2,71,-2.511,3.199,2.754,-0.2341,-0.2607,1
TYR,A,9,CZ,72,-3.844,3.508,2.597,0.3226,-0.1217,1
THR,A,10,N,73,0.021,6.308,-3.033,-0.4157,-0.0062,1
THR,A,10,CA,74,1.179,6.762,-3.766,-0.0389,-0.1217,1
THR,A,10,C,75,1.848,7.894,-3.005,0.5973,-0.2645,1
THR,A,10,O,76,1.168,8.883,-2.69,-0.5679,0.4881,1
THR,A,10,CB,77,0.79,7.25,-5.165,0.3654,-0.1217,1
THR,A,10,CG2,78,1.989,7.661,-5.963,-0.2438,0.2169,1
THR,A,10,OG1,79,0.094,6.203,-5.901,-0.6761,0.4881,1
SER,A,11,N,80,3.139,7.777,-2.751,-0.4157,-0.0062,1
SER,A,11,CA,81,3.934,8.88,-2.204,-0.0249,-0.1217,1
SER,A,11,C,82,5.058,9.187,-3.115,0.5973,-0.2645,1
SER,A,11,O,83,5.792,8.279,-3.543,-0.5679,0.4881,1
SER,A,11,CB,84,4.463,8.476,-0.877,0.2117,-0.1217,1
SER,A,11,OG,85,4.989,9.6,-0.215,-0.6546,0.4881,1
VAL,A,12,N,86,5.284,10.497,-3.409,-0.4157,-0.0062,1
VAL,A,12,CA,87,6.35,10.952,-4.329,-0.0875,-0.1217,1
VAL,A,12,C,88,7.189,12.008,-3.665,0.5973,-0.2645,1
VAL,A,12,O,89,6.652,13.052,-3.248,-0.5679,0.4881,1
VAL,A,12,CB,90,5.731,11.484,-5.614,0.2985,1.5299,1
VAL,A,12,CG1,91,6.782,11.916,-6.597,-0.3192,-0.9227,1
VAL,A,12,CG2,92,4.784,10.482,-6.299,-0.3192,-0.9227,1
SER,A,13,N,93,8.489,11.772,-3.529,-0.4157,-0.0062,1
SER,A,13,CA,94,9.373,12.785,-2.959,-0.0249,-0.1217,1
SER,A,13,C,95,9.566,13.933,-3.981,0.5973,-0.2645,1
SER,A,13,O,96,9.513,13.795,-5.188,-0.5679,0.4881,1
SER,A,13,CB,97,10.689,12.223,-2.494,0.2117,-0.1217,1
SER,A,13,OG,98,11.398,11.684,-3.533,-0.6546,0.4881,1
ARG,A,14,N,99,9.819,15.122,-3.341,-0.3479,-0.0062,1
ARG,A,14,CA,100,9.97,16.375,-4.131,-0.2637,-0.1217,1
ARG,A,14,C,101,11.13,17.143,-3.547,0.7341,-0.2645,1
ARG,A,14,O,102,10.947,18.2,-2.907,-0.5894,0.4881,1
ARG,A,14,CB,103,8.668,17.187,-4.088,-0.0007,0.2169,1
ARG,A,14,CG,104,7.378,16.502,-4.522,0.039,0.2169,1
ARG,A,14,CD,105,6.238,17.513,-4.387,0.0486,-0.1217,1
ARG,A,14,NE,106,5.615,17.554,-3.109,-0.5295,-0.0062,1
ARG,A,14,CZ,107,4.336,18.006,-2.921,0.8076,-0.2645,1
PRO,A,15,N,108,12.333,16.648,-3.759,-0.2548,-0.0062,1
PRO,A,15,CA,109,13.498,17.325,-3.182,-0.0266,-0.1217,1
PRO,A,15,C,110,13.641,18.809,-3.595,0.5896,-0.2645,1
PRO,A,15,O,111,13.504,19.135,-4.737,-0.5748,0.4881,1
PRO,A,15,CB,112,14.663,16.598,-3.836,-0.007,0.2169,1
PRO,A,15,CG,113,14.156,15.295,-4.171,0.0189,0.2169,1
PRO,A,15,CD,114,12.719,15.459,-4.514,0.0192,-0.1217,1
GLY,A,16,N,115,13.884,19.586,-2.577,-0.4157,-0.0062,1
GLY,A,16,CA,116,13.958,21.056,-2.798,-0.0252,-0.1217,1
GLY,A,16,C,117,12.636,21.762,-2.8,0.5973,-0.2645,1
GLY,A,16,O,118,12.636,23.003,-2.788,-0.5679,0.4881,1
GLY,A,16,1HA,119,14.379,21.195,-3.794,0.0698,nan,1
GLY,A,16,2HA,120,14.572,21.488,-2.008,0.0698,nan,1
ARG,A,17,N,121,11.52,21.02,-2.785,-0.3479,-0.0062,1
ARG,A,17,CA,122,10.172,21.572,-3.001,-0.2637,-0.1217,1
ARG,A,17,C,123,9.202,20.984,-1.968,0.7341,-0.2645,1
ARG,A,17,O,124,8.047,20.717,-2.245,-0.5894,0.4881,1
ARG,A,17,CB,125,9.632,21.297,-4.428,-0.0007,0.2169,1
ARG,A,17,CG,126,10.599,21.338,-5.601,0.039,0.2169,1
ARG,A,17,CD,127,10.155,22.152,-6.791,0.0486,-0.1217,1
ARG,A,17,NE,128,10.839,23.461,-6.768,-0.5295,-0.0062,1
ARG,A,17,CZ,129,11.762,23.915,-7.635,0.8076,-0.2645,1
GLY,A,18,N,130,9.646,20.748,-0.777,-0.4157,-0.0062,1
GLY,A,18,CA,131,8.802,20.445,0.327,-0.0252,-0.1217,1
GLY,A,18,C,132,8.604,18.945,0.497,0.5973,-0.2645,1
GLY,A,18,O,133,9.396,18.161,0.019,-0.5679,0.4881,1
GLY,A,18,1HA,134,9.251,20.846,1.235,0.0698,nan,1
GLY,A,18,2HA,135,7.827,20.894,0.138,0.0698,nan,1
GLU,A,19,N,136,7.626,18.608,1.292,-0.5163,-0.0062,1
GLU,A,19,CA,137,7.388,17.266,1.776,0.0397,-0.1217,1
GLU,A,19,C,138,6.744,16.468,0.615,0.5366,-0.2645,1
GLU,A,19,O,139,6.254,17.038,-0.347,-0.5819,0.4881,1
GLU,A,19,CB,140,6.391,17.33,2.89,0.056,0.2169,1
GLU,A,19,CG,141,6.831,18.251,4.008,0.0136,0.2169,1
GLU,A,19,CD,142,7.544,17.452,5.037,0.8054,-0.2645,1
GLU,A,19,OE1,143,6.826,16.865,5.895,-0.8188,0.7653,1
GLU,A,19,OE2,144,8.797,17.415,4.944,-0.8188,0.7653,1
PRO,A,20,N,145,6.786,15.152,0.763,-0.2548,-0.0062,1
PRO,A,20,CA,146,6.297,14.347,-0.374,-0.0266,-0.1217,1
PRO,A,20,C,147,4.794,14.527,-0.651,0.5896,-0.2645,1
PRO,A,20,O,148,4.008,14.872,0.278,-0.5748,0.4881,1
PRO,A,20,CB,149,6.524,12.913,0.08,-0.007,0.2169,1
PRO,A,20,CG,150,7.639,12.984,0.988,0.0189,0.2169,1
PRO,A,20,CD,151,7.36,14.24,1.779,0.0192,-0.1217,1
ARG,A,21,N,152,4.396,14.349,-1.878,-0.3479,-0.0062,1
ARG,A,21,CA,153,2.95,14.302,-2.22,-0.2637,-0.1217,1
ARG,A,21,C,154,2.423,12.946,-1.805,0.7341,-0.2645,1
ARG,A,21,O,155,3.051,11.944,-2.204,-0.5894,0.4881,1
ARG,A,21,CB,156,2.817,14.48,-3.688,-0.0007,0.2169,1
ARG,A,21,CG,157,1.459,14.333,-4.358,0.039,0.2169,1
ARG,A,21,CD,158,0.829,15.688,-4.284,0.0486,-0.1217,1
ARG,A,21,NE,159,-0.579,15.821,-4.843,-0.5295,-0.0062,1
ARG,A,21,CZ,160,-0.833,16.049,-6.105,0.8076,-0.2645,1
PHE,A,22,N,161,1.303,12.796,-1.168,-0.4157,-0.0062,1
PHE,A,22,CA,162,0.644,11.537,-0.817,-0.0024,-0.1217,1
PHE,A,22,C,163,-0.747,11.569,-1.33,0.5973,-0.2645,1
PHE,A,22,O,164,-1.54,12.495,-1.071,-0.5679,0.4881,1
PHE,A,22,CB,165,0.671,11.268,0.7,-0.0343,0.2169,1
PHE,A,22,CG,166,-0.037,10.044,1.097,0.0118,-0.2607,1
PHE,A,22,CD1,167,0.554,8.829,1.095,-0.1256,-0.2607,1
PHE,A,22,CD2,168,-1.384,10.15,1.502,-0.1256,-0.2607,1
PHE,A,22,CE1,169,-0.167,7.687,1.488,-0.1704,-0.2607,1
PHE,A,22,CE2,170,-2.027,9.032,1.889,-0.1704,-0.2607,1
PHE,A,22,CZ,171,-1.474,7.839,1.867,-0.1072,-0.2607,1
ILE,A,23,N,172,-1.13,10.534,-2.074,-0.4157,-0.0062,1
ILE,A,23,CA,173,-2.5,10.351,-2.56,-0.0597,-0.1217,1
ILE,A,23,C,174,-3.01,9.001,-2.195,0.5973,-0.2645,1
ILE,A,23,O,175,-2.27,7.971,-2.386,-0.5679,0.4881,1
ILE,A,23,CB,176,-2.593,10.538,-4.05,0.1303,0.2169,1
ILE,A,23,CG1,177,-2.247,12.002,-4.468,-0.043,0.2169,1
ILE,A,23,CG2,178,-3.971,10.116,-4.584,-0.3204,-0.9227,1
ILE,A,23,CD1,179,-2.081,12.33,-5.925,-0.066,0.2169,1
ALA,A,24,N,180,-4.21,8.862,-1.68,-0.4157,-0.0062,1
ALA,A,24,CA,181,-4.854,7.59,-1.403,0.0337,-0.1217,1
ALA,A,24,C,182,-6.162,7.547,-2.114,0.5973,-0.2645,1
ALA,A,24,O,183,-6.924,8.548,-2.123,-0.5679,0.4881,1
ALA,A,24,CB,184,-5.103,7.404,0.064,-0.1825,0.2169,1
VAL,A,25,N,185,-6.513,6.407,-2.697,-0.4157,-0.0062,1
VAL,A,25,CA,186,-7.858,6.177,-3.307,-0.0875,-0.1217,1
VAL,A,25,C,187,-8.346,4.822,-2.864,0.5973,-0.2645,1
VAL,A,25,O,188,-7.545,3.863,-2.668,-0.5679,0.4881,1
VAL,A,25,CB,189,-7.812,6.299,-4.802,0.2985,1.5299,1
VAL,A,25,CG1,190,-7.487,7.7,-5.257,-0.3192,-0.9227,1
VAL,A,25,CG2,191,-6.971,5.355,-5.417,-0.3192,-0.9227,1
GLY,A,26,N,192,-9.625,4.675,-2.672,-0.4157,-0.0062,1
GLY,A,26,CA,193,-10.263,3.369,-2.403,-0.0252,-0.1217,1
GLY,A,26,C,194,-11.284,3.049,-3.439,0.5973,-0.2645,1
GLY,A,26,O,195,-11.998,3.947,-3.92,-0.5679,0.4881,1
GLY,A,26,1HA,196,-9.498,2.592,-2.404,0.0698,nan,1
GLY,A,26,2HA,197,-10.756,3.417,-1.432,0.0698,nan,1
TYR,A,27,N,198,-11.377,1.767,-3.768,-0.4157,-0.0062,1
TYR,A,27,CA,199,-12.317,1.189,-4.773,-0.0014,-0.1217,1
TYR,A,27,C,200,-13.06,0.028,-4.175,0.5973,-0.2645,1
TYR,A,27,O,201,-12.521,-0.762,-3.386,-0.5679,0.4881,1
TYR,A,27,CB,202,-11.593,0.657,-5.968,-0.0152,0.2169,1
TYR,A,27,CG,203,-11.097,1.682,-6.925,-0.0011,-0.2607,1
TYR,A,27,CD1,204,-9.871,2.318,-6.761,-0.1906,-0.2607,1
TYR,A,27,CD2,205,-11.814,2.006,-8.049,-0.1906,-0.2607,1
TYR,A,27,CE1,206,-9.422,3.292,-7.678,-0.2341,-0.2607,1
TYR,A,27,CE2,207,-11.367,2.959,-8.962,-0.2341,-0.2607,1
TYR,A,27,CZ,208,-10.152,3.533,-8.732,0.3226,-0.1217,1
VAL,A,28,N,209,-14.35,-0.089,-4.525,-0.4157,-0.0062,1
VAL,A,28,CA,210,-15.066,-1.368,-4.462,-0.0875,-0.1217,1
VAL,A,28,C,211,-15.317,-1.772,-5.886,0.5973,-0.2645,1
VAL,A,28,O,212,-15.919,-0.994,-6.666,-0.5679,0.4881,1
VAL,A,28,CB,213,-16.364,-1.257,-3.704,0.2985,1.5299,1
VAL,A,28,CG1,214,-17.165,-2.577,-3.849,-0.3192,-0.9227,1
VAL,A,28,CG2,215,-16.079,-0.95,-2.227,-0.3192,-0.9227,1
ASP,A,29,N,216,-14.872,-2.946,-6.31,-0.5163,-0.0062,1
ASP,A,29,CA,217,-14.948,-3.338,-7.703,0.0381,-0.1217,1
ASP,A,29,C,218,-14.36,-2.269,-8.561,0.5366,-0.2645,1
ASP,A,29,O,219,-13.24,-1.806,-8.29,-0.5819,0.4881,1
ASP,A,29,CB,220,-16.415,-3.766,-8.054,-0.0303,0.2169,1
ASP,A,29,CG,221,-16.961,-4.906,-7.21,0.7994,-0.2645,1
ASP,A,29,OD1,222,-16.119,-5.779,-6.805,-0.8014,0.7653,1
ASP,A,29,OD2,223,-18.174,-4.917,-6.939,-0.8014,0.7653,1
ASP,A,30,N,224,-15.061,-1.807,-9.59,-0.5163,-0.0062,1
ASP,A,30,CA,225,-14.594,-0.75,-10.492,0.0381,-0.1217,1
ASP,A,30,C,226,-15.026,0.639,-10.075,0.5366,-0.2645,1
ASP,A,30,O,227,-14.965,1.546,-10.904,-0.5819,0.4881,1
ASP,A,30,CB,228,-14.971,-1.081,-11.97,-0.0303,0.2169,1
ASP,A,30,CG,229,-14.334,-2.328,-12.523,0.7994,-0.2645,1
ASP,A,30,OD1,230,-13.212,-2.735,-12.071,-0.8014,0.7653,1
ASP,A,30,OD2,231,-14.998,-3.05,-13.27,-0.8014,0.7653,1
THR,A,31,N,232,-15.526,0.797,-8.859,-0.4157,-0.0062,1
THR,A,31,CA,233,-16.095,2.089,-8.377,-0.0389,-0.1217,1
THR,A,31,C,234,-15.233,2.779,-7.306,0.5973,-0.2645,1
THR,A,31,O,235,-15.023,2.182,-6.24,-0.5679,0.4881,1
THR,A,31,CB,236,-17.512,1.834,-7.777,0.3654,-0.1217,1
THR,A,31,CG2,237,-18.146,3.177,-7.304,-0.2438,0.2169,1
THR,A,31,OG1,238,-18.347,1.29,-8.834,-0.6761,0.4881,1
GLN,A,32,N,239,-14.684,3.95,-7.599,-0.4157,-0.0062,1
GLN,A,32,CA,240,-13.951,4.679,-6.571,-0.0031,-0.1217,1
GLN,A,32,C,241,-14.889,5.249,-5.526,0.5973,-0.2645,1
GLN,A,32,O,242,-16.019,5.691,-5.908,-0.5679,0.4881,1
GLN,A,32,CB,243,-13.234,5.816,-7.186,-0.0036,0.2169,1
GLN,A,32,CG,244,-12.172,6.397,-6.251,-0.0645,0.2169,1
GLN,A,32,CD,245,-11.666,7.756,-6.642,0.6951,-0.2645,1
GLN,A,32,NE2,246,-11.127,8.403,-5.754,-0.9407,-0.0062,1
GLN,A,32,OE1,247,-11.813,8.191,-7.784,-0.6086,0.4881,1
PHE,A,33,N,248,-14.569,5.164,-4.271,-0.4157,-0.0062,1
PHE,A,33,CA,249,-15.469,5.637,-3.238,-0.0024,-0.1217,1
PHE,A,33,C,250,-14.886,6.624,-2.294,0.5973,-0.2645,1
PHE,A,33,O,251,-15.64,7.324,-1.576,-0.5679,0.4881,1
PHE,A,33,CB,252,-16.2,4.539,-2.523,-0.0343,0.2169,1
PHE,A,33,CG,253,-15.364,3.699,-1.603,0.0118,-0.2607,1
PHE,A,33,CD1,254,-14.541,2.732,-2.031,-0.1256,-0.2607,1
PHE,A,33,CD2,255,-15.452,3.9,-0.253,-0.1256,-0.2607,1
PHE,A,33,CE1,256,-13.734,2.02,-1.185,-0.1704,-0.2607,1
PHE,A,33,CE2,257,-14.703,3.189,0.669,-0.1704,-0.2607,1
PHE,A,33,CZ,258,-13.814,2.208,0.206,-0.1072,-0.2607,1
VAL,A,34,N,259,-13.56,6.722,-2.134,-0.4157,-0.0062,1
VAL,A,34,CA,260,-12.939,7.691,-1.246,-0.0875,-0.1217,1
VAL,A,34,C,261,-11.641,8.168,-1.819,0.5973,-0.2645,1
VAL,A,34,O,262,-11.031,7.512,-2.718,-0.5679,0.4881,1
VAL,A,34,CB,263,-12.638,7.147,0.136,0.2985,1.5299,1
VAL,A,34,CG1,264,-13.9,6.99,0.988,-0.3192,-0.9227,1
VAL,A,34,CG2,265,-11.831,5.837,0.13,-0.3192,-0.9227,1
ARG,A,35,N,266,-11.159,9.331,-1.378,-0.3479,-0.0062,1
ARG,A,35,CA,267,-9.869,9.875,-1.775,-0.2637,-0.1217,1
ARG,A,35,C,268,-9.266,10.669,-0.642,0.7341,-0.2645,1
ARG,A,35,O,269,-9.984,11.276,0.165,-0.5894,0.4881,1
ARG,A,35,CB,270,-9.893,10.694,-3.015,-0.0007,0.2169,1
ARG,A,35,CG,271,-10.762,11.951,-2.959,0.039,0.2169,1
ARG,A,35,CD,272,-10.001,13.166,-2.509,0.0486,-0.1217,1
ARG,A,35,NE,273,-9.092,13.692,-3.466,-0.5295,-0.0062,1
ARG,A,35,CZ,274,-8.911,14.984,-3.824,0.8076,-0.2645,1
PHE,A,36,N,275,-7.932,10.786,-0.685,-0.4157,-0.0062,1
PHE,A,36,CA,276,-7.187,11.739,0.141,-0.0024,-0.1217,1
PHE,A,36,C,277,-6.08,12.302,-0.706,0.5973,-0.2645,1
PHE,A,36,O,278,-5.401,11.548,-1.43,-0.5679,0.4881,1
PHE,A,36,CB,279,-6.653,11.07,1.398,-0.0343,0.2169,1
PHE,A,36,CG,280,-5.818,12.014,2.271,0.0118,-0.2607,1
PHE,A,36,CD1,281,-4.509,12.188,2.111,-0.1256,-0.2607,1
PHE,A,36,CD2,282,-6.411,12.768,3.244,-0.1256,-0.2607,1
PHE,A,36,CE1,283,-3.769,13.023,2.893,-0.1704,-0.2607,1
PHE,A,36,CE2,284,-5.699,13.588,4.084,-0.1704,-0.2607,1
PHE,A,36,CZ,285,-4.397,13.748,3.899,-0.1072,-0.2607,1
ASP,A,37,N,286,-5.726,13.58,-0.635,-0.5163,-0.0062,1
ASP,A,37,CA,287,-4.589,14.174,-1.259,0.0381,-0.1217,1
ASP,A,37,C,288,-3.907,15.077,-0.298,0.5366,-0.2645,1
ASP,A,37,O,289,-4.527,16.101,0.158,-0.5819,0.4881,1
ASP,A,37,CB,290,-5.047,14.908,-2.554,-0.0303,0.2169,1
ASP,A,37,CG,291,-3.916,15.516,-3.425,0.7994,-0.2645,1
ASP,A,37,OD1,292,-2.767,15.693,-2.939,-0.8014,0.7653,1
ASP,A,37,OD2,293,-4.194,15.637,-4.706,-0.8014,0.7653,1
SER,A,38,N,294,-2.646,14.878,-0.02,-0.4157,-0.0062,1
SER,A,38,CA,295,-1.796,15.797,0.853,-0.0249,-0.1217,1
SER,A,38,C,296,-1.895,17.202,0.354,0.5973,-0.2645,1
SER,A,38,O,297,-1.766,18.124,1.247,-0.5679,0.4881,1
SER,A,38,CB,298,-0.283,15.319,0.743,0.2117,-0.1217,1
SER,A,38,OG,299,0.183,15.506,-0.54,-0.6546,0.4881,1
ASP,A,39,N,300,-2.075,17.504,-0.879,-0.5163,-0.0062,1
ASP,A,39,CA,301,-1.988,18.879,-1.466,0.0381,-0.1217,1
ASP,A,39,C,302,-3.359,19.5,-1.615,0.5366,-0.2645,1
ASP,A,39,O,303,-3.534,20.67,-2.084,-0.5819,0.4881,1
ASP,A,39,CB,304,-1.243,18.917,-2.794,-0.0303,0.2169,1
ASP,A,39,CG,305,0.247,18.729,-2.673,0.7994,-0.2645,1
ASP,A,39,OD1,306,0.846,18.288,-1.617,-0.8014,0.7653,1
ASP,A,39,OD2,307,0.89,19.024,-3.698,-0.8014,0.7653,1
ALA,A,40,N,308,-4.417,18.842,-1.185,-0.4157,-0.0062,1
ALA,A,40,CA,309,-5.733,19.455,-1.143,0.0337,-0.1217,1
ALA,A,40,C,310,-5.942,20.239,0.159,0.5973,-0.2645,1
ALA,A,40,O,311,-5.322,20.091,1.093,-0.5679,0.4881,1
ALA,A,40,CB,312,-6.758,18.378,-1.3,-0.1825,0.2169,1
ALA,A,41,N,313,-6.972,21.13,0.136,-0.4157,-0.0062,1
ALA,A,41,CA,314,-7.154,22.02,1.291,0.0337,-0.1217,1
ALA,A,41,C,315,-7.764,21.365,2.502,0.5973,-0.2645,1
ALA,A,41,O,316,-7.43,21.68,3.587,-0.5679,0.4881,1
ALA,A,41,CB,317,-8.041,23.189,0.928,-0.1825,0.2169,1
SER,A,42,N,318,-8.573,20.321,2.273,-0.4157,-0.0062,1
SER,A,42,CA,319,-9.401,19.822,3.366,-0.0249,-0.1217,1
SER,A,42,C,320,-8.588,19.12,4.431,0.5973,-0.2645,1
SER,A,42,O,321,-8.896,19.159,5.628,-0.5679,0.4881,1
SER,A,42,CB,322,-10.53,18.972,2.87,0.2117,-0.1217,1
SER,A,42,OG,323,-9.966,17.653,2.507,-0.6546,0.4881,1
GLN,A,43,N,324,-7.499,18.416,4.047,-0.4157,-0.0062,1
GLN,A,43,CA,325,-6.788,17.542,4.919,-0.0031,-0.1217,1
GLN,A,43,C,326,-7.657,16.453,5.506,0.5973,-0.2645,1
GLN,A,43,O,327,-7.423,16.051,6.638,-0.5679,0.4881,1
GLN,A,43,CB,328,-5.919,18.325,6.008,-0.0036,0.2169,1
GLN,A,43,CG,329,-4.942,19.28,5.36,-0.0645,0.2169,1
GLN,A,43,CD,330,-3.871,18.553,4.555,0.6951,-0.2645,1
GLN,A,43,NE2,331,-3.812,18.76,3.261,-0.9407,-0.0062,1
GLN,A,43,OE1,332,-3.163,17.819,5.147,-0.6086,0.4881,1
ARG,A,44,N,333,-8.635,15.994,4.757,-0.3479,-0.0062,1
ARG,A,44,CA,334,-9.566,14.988,5.235,-0.2637,-0.1217,1
ARG,A,44,C,335,-9.756,13.931,4.133,0.7341,-0.2645,1
ARG,A,44,O,336,-9.658,14.248,2.926,-0.5894,0.4881,1
ARG,A,44,CB,337,-10.937,15.553,5.416,-0.0007,0.2169,1
ARG,A,44,CG,338,-11.161,16.688,6.412,0.039,0.2169,1
ARG,A,44,CD,339,-11.062,16.256,7.786,0.0486,-0.1217,1
ARG,A,44,NE,340,-12.236,15.474,8.149,-0.5295,-0.0062,1
ARG,A,44,CZ,341,-12.351,14.87,9.311,0.8076,-0.2645,1
MET,A,45,N,342,-9.949,12.679,4.551,-0.4157,-0.0062,1
MET,A,45,CA,343,-10.481,11.683,3.597,-0.0237,-0.1217,1
MET,A,45,C,344,-11.828,12.217,3.101,0.5973,-0.2645,1
MET,A,45,O,345,-12.64,12.698,3.965,-0.5679,0.4881,1
MET,A,45,CB,346,-10.638,10.305,4.254,0.0342,0.2169,1
MET,A,45,CG,347,-11.008,9.181,3.276,0.0018,-0.1217,1
MET,A,45,SD,348,-9.624,8.607,2.286,-0.2737,0.4989,1
MET,A,45,CE,349,-9.252,7.135,3.241,-0.0536,-0.1217,1
GLU,A,46,N,350,-12.169,12.063,1.837,-0.5163,-0.0062,1
GLU,A,46,CA,351,-13.375,12.634,1.247,0.0397,-0.1217,1
GLU,A,46,C,352,-14.176,11.601,0.511,0.5366,-0.2645,1
GLU,A,46,O,353,-13.578,10.673,-0.134,-0.5819,0.4881,1
GLU,A,46,CB,354,-13.038,13.748,0.282,0.056,0.2169,1
GLU,A,46,CG,355,-12.3,14.986,0.866,0.0136,0.2169,1
GLU,A,46,CD,356,-11.671,15.849,-0.311,0.8054,-0.2645,1
GLU,A,46,OE1,357,-10.519,16.458,-0.281,-0.8188,0.7653,1
GLU,A,46,OE2,358,-12.23,15.93,-1.339,-0.8188,0.7653,1
PRO,A,47,N,359,-15.498,11.698,0.424,-0.2548,-0.0062,1
PRO,A,47,CA,360,-16.324,10.771,-0.309,-0.0266,-0.1217,1
PRO,A,47,C,361,-16.28,11.003,-1.792,0.5896,-0.2645,1
PRO,A,47,O,362,-16.175,12.131,-2.275,-0.5748,0.4881,1
PRO,A,47,CB,363,-17.759,11.063,0.205,-0.007,0.2169,1
PRO,A,47,CG,364,-17.666,12.485,0.585,0.0189,0.2169,1
PRO,A,47,CD,365,-16.287,12.683,1.17,0.0192,-0.1217,1
ARG,A,48,N,366,-16.343,9.887,-2.563,-0.3479,-0.0062,1
ARG,A,48,CA,367,-16.389,9.89,-4.022,-0.2637,-0.1217,1
ARG,A,48,C,368,-17.524,9.014,-4.573,0.7341,-0.2645,1
ARG,A,48,O,369,-17.577,8.848,-5.788,-0.5894,0.4881,1
ARG,A,48,CB,370,-15.034,9.49,-4.612,-0.0007,0.2169,1
ARG,A,48,CG,371,-13.993,10.612,-4.513,0.039,0.2169,1
ARG,A,48,CD,372,-14.394,11.906,-5.261,0.0486,-0.1217,1
ARG,A,48,NE,373,-13.475,13.046,-5.127,-0.5295,-0.0062,1
ARG,A,48,CZ,374,-13.525,14.038,-4.232,0.8076,-0.2645,1
ALA,A,49,N,375,-18.326,8.428,-3.755,-0.4157,-0.0062,1
ALA,A,49,CA,376,-19.506,7.645,-4.21,0.0337,-0.1217,1
ALA,A,49,C,377,-20.657,8.004,-3.284,0.5973,-0.2645,1
ALA,A,49,O,378,-20.497,8.337,-2.106,-0.5679,0.4881,1
ALA,A,49,CB,379,-19.271,6.152,-4.07,-0.1825,0.2169,1
PRO,A,50,N,380,-21.911,7.911,-3.838,-0.2548,-0.0062,1
PRO,A,50,CA,381,-23.0,8.386,-2.968,-0.0266,-0.1217,1
PRO,A,50,C,382,-23.262,7.601,-1.753,0.5896,-0.2645,1
PRO,A,50,O,383,-23.583,8.14,-0.691,-0.5748,0.4881,1
PRO,A,50,CB,384,-24.247,8.338,-3.881,-0.007,0.2169,1
PRO,A,50,CG,385,-23.814,7.998,-5.224,0.0189,0.2169,1
PRO,A,50,CD,386,-22.345,7.579,-5.222,0.0192,-0.1217,1
TRP,A,51,N,387,-23.06,6.315,-1.808,-0.4157,-0.0062,1
TRP,A,51,CA,388,-23.407,5.431,-0.729,-0.0275,-0.1217,1
TRP,A,51,C,389,-22.44,5.476,0.468,0.5973,-0.2645,1
TRP,A,51,O,390,-22.703,4.865,1.517,-0.5679,0.4881,1
TRP,A,51,CB,391,-23.499,3.942,-1.218,-0.005,0.2169,1
TRP,A,51,CG,392,-22.41,3.564,-2.183,-0.1415,-0.2607,1
TRP,A,51,CD1,393,-22.453,3.588,-3.531,-0.1638,-0.1217,1
TRP,A,51,CD2,394,-21.11,3.06,-1.824,0.1243,-0.2607,1
TRP,A,51,CE2,395,-20.408,2.819,-3.044,0.138,-0.1217,1
TRP,A,51,CE3,396,-20.481,2.817,-0.641,-0.2387,-0.2607,1
TRP,A,51,NE1,397,-21.256,3.115,-4.044,-0.3418,-0.0062,1
TRP,A,51,CZ2,398,-19.065,2.345,-3.07,-0.2601,-0.2607,1
TRP,A,51,CZ3,399,-19.196,2.323,-0.696,-0.1972,-0.2607,1
ILE,A,52,N,400,-21.268,6.145,0.368,-0.4157,-0.0062,1
ILE,A,52,CA,401,-20.402,6.267,1.476,-0.0597,-0.1217,1
ILE,A,52,C,402,-20.709,7.575,2.287,0.5973,-0.2645,1
ILE,A,52,O,403,-20.225,7.756,3.396,-0.5679,0.4881,1
ILE,A,52,CB,404,-18.881,6.227,1.013,0.1303,0.2169,1
ILE,A,52,CG1,405,-17.932,5.87,2.19,-0.043,0.2169,1
ILE,A,52,CG2,406,-18.432,7.589,0.427,-0.3204,-0.9227,1
ILE,A,52,CD1,407,-18.051,4.47,2.711,-0.066,0.2169,1
GLU,A,53,N,408,-21.45,8.495,1.674,-0.5163,-0.0062,1
GLU,A,53,CA,409,-21.74,9.795,2.324,0.0397,-0.1217,1
GLU,A,53,C,410,-22.536,9.628,3.6,0.5366,-0.2645,1
GLU,A,53,O,411,-22.265,10.406,4.524,-0.5819,0.4881,1
GLU,A,53,CB,412,-22.504,10.685,1.365,0.056,0.2169,1
GLU,A,53,CG,413,-21.653,11.138,0.219,0.0136,0.2169,1
GLU,A,53,CD,414,-22.442,11.881,-0.863,0.8054,-0.2645,1
GLU,A,53,OE1,415,-23.615,12.278,-0.604,-0.8188,0.7653,1
GLU,A,53,OE2,416,-21.871,12.085,-1.961,-0.8188,0.7653,1
GLN,A,54,N,417,-23.252,8.54,3.769,-0.4157,-0.0062,1
GLN,A,54,CA,418,-24.012,8.261,4.946,-0.0031,-0.1217,1
GLN,A,54,C,419,-23.172,7.956,6.182,0.5973,-0.2645,1
GLN,A,54,O,420,-23.675,7.908,7.294,-0.5679,0.4881,1
GLN,A,54,CB,421,-25.023,7.145,4.72,-0.0036,0.2169,1
GLN,A,54,CG,422,-24.469,5.771,4.438,-0.0645,0.2169,1
GLN,A,54,CD,423,-25.533,4.75,4.011,0.6951,-0.2645,1
GLN,A,54,NE2,424,-25.641,4.511,2.727,-0.9407,-0.0062,1
GLN,A,54,OE1,425,-26.21,4.151,4.854,-0.6086,0.4881,1
GLU,A,55,N,426,-21.89,7.6,6.009,-0.5163,-0.0062,1
GLU,A,55,CA,427,-21.052,7.324,7.144,0.0397,-0.1217,1
GLU,A,55,C,428,-20.89,8.612,7.996,0.5366,-0.2645,1
GLU,A,55,O,429,-20.755,9.7,7.46,-0.5819,0.4881,1
GLU,A,55,CB,430,-19.662,6.795,6.712,0.056,0.2169,1
GLU,A,55,CG,431,-19.735,5.504,5.892,0.0136,0.2169,1
GLU,A,55,CD,432,-20.248,4.252,6.603,0.8054,-0.2645,1
GLU,A,55,OE1,433,-20.266,4.25,7.852,-0.8188,0.7653,1
GLU,A,55,OE2,434,-20.582,3.22,5.935,-0.8188,0.7653,1
GLY,A,56,N,435,-20.876,8.34,9.284,-0.4157,-0.0062,1
GLY,A,56,CA,436,-20.819,9.386,10.287,-0.0252,-0.1217,1
GLY,A,56,C,437,-19.453,9.973,10.542,0.5973,-0.2645,1
GLY,A,56,O,438,-18.409,9.544,9.971,-0.5679,0.4881,1
GLY,A,56,1HA,439,-21.478,10.194,9.968,0.0698,nan,1
GLY,A,56,2HA,440,-21.12,8.916,11.224,0.0698,nan,1
PRO,A,57,N,441,-19.327,11.01,11.367,-0.2548,-0.0062,1
PRO,A,57,CA,442,-18.112,11.756,11.513,-0.0266,-0.1217,1
PRO,A,57,C,443,-17.05,10.911,12.12,0.5896,-0.2645,1
PRO,A,57,O,444,-15.845,11.154,11.85,-0.5748,0.4881,1
PRO,A,57,CB,445,-18.481,12.935,12.451,-0.007,0.2169,1
PRO,A,57,CG,446,-19.769,12.525,12.992,0.0189,0.2169,1
PRO,A,57,CD,447,-20.505,11.696,12.006,0.0192,-0.1217,1
GLU,A,58,N,448,-17.344,9.919,12.919,-0.5163,-0.0062,1
GLU,A,58,CA,449,-16.307,9.076,13.504,0.0397,-0.1217,1
GLU,A,58,C,450,-15.58,8.273,12.37,0.5366,-0.2645,1
GLU,A,58,O,451,-14.383,8.015,12.52,-0.5819,0.4881,1
GLU,A,58,CB,452,-16.836,8.146,14.555,0.056,0.2169,1
GLU,A,58,CG,453,-17.444,8.885,15.742,0.0136,0.2169,1
GLU,A,58,CD,454,-17.887,7.938,16.842,0.8054,-0.2645,1
GLU,A,58,OE1,455,-18.744,8.38,17.671,-0.8188,0.7653,1
GLU,A,58,OE2,456,-17.371,6.778,16.906,-0.8188,0.7653,1
TYR,A,59,N,457,-16.379,7.853,11.375,-0.4157,-0.0062,1
TYR,A,59,CA,458,-15.803,7.141,10.181,-0.0014,-0.1217,1
TYR,A,59,C,459,-14.846,8.076,9.519,0.5973,-0.2645,1
TYR,A,59,O,460,-13.625,7.721,9.321,-0.5679,0.4881,1
TYR,A,59,CB,461,-16.882,6.693,9.258,-0.0152,0.2169,1
TYR,A,59,CG,462,-16.329,6.065,7.965,-0.0011,-0.2607,1
TYR,A,59,CD1,463,-16.106,6.834,6.846,-0.1906,-0.2607,1
TYR,A,59,CD2,464,-16.143,4.698,7.868,-0.1906,-0.2607,1
TYR,A,59,CE1,465,-15.654,6.251,5.629,-0.2341,-0.2607,1
TYR,A,59,CE2,466,-15.706,4.099,6.686,-0.2341,-0.2607,1
TYR,A,59,CZ,467,-15.414,4.911,5.647,0.3226,-0.1217,1
TRP,A,60,N,468,-15.209,9.282,9.171,-0.4157,-0.0062,1
TRP,A,60,CA,469,-14.311,10.207,8.473,-0.0275,-0.1217,1
TRP,A,60,C,470,-13.145,10.57,9.283,0.5973,-0.2645,1
TRP,A,60,O,471,-12.002,10.729,8.768,-0.5679,0.4881,1
TRP,A,60,CB,472,-15.083,11.419,7.92,-0.005,0.2169,1
TRP,A,60,CG,473,-16.154,10.969,6.933,-0.1415,-0.2607,1
TRP,A,60,CD1,474,-17.522,10.849,7.146,-0.1638,-0.1217,1
TRP,A,60,CD2,475,-15.946,10.436,5.648,0.1243,-0.2607,1
TRP,A,60,CE2,476,-17.201,10.031,5.11,0.138,-0.1217,1
TRP,A,60,CE3,477,-14.765,10.261,4.855,-0.2387,-0.2607,1
TRP,A,60,NE1,478,-18.144,10.348,6.096,-0.3418,-0.0062,1
TRP,A,60,CZ2,479,-17.325,9.45,3.868,-0.2601,-0.2607,1
TRP,A,60,CZ3,480,-14.929,9.713,3.632,-0.1972,-0.2607,1
ASP,A,61,N,481,-13.287,10.783,10.605,-0.5163,-0.0062,1
ASP,A,61,CA,482,-12.155,11.063,11.456,0.0381,-0.1217,1
ASP,A,61,C,483,-11.13,9.918,11.48,0.5366,-0.2645,1
ASP,A,61,O,484,-9.923,10.203,11.361,-0.5819,0.4881,1
ASP,A,61,CB,485,-12.576,11.371,12.915,-0.0303,0.2169,1
ASP,A,61,CG,486,-13.297,12.676,13.108,0.7994,-0.2645,1
ASP,A,61,OD1,487,-13.331,13.559,12.263,-0.8014,0.7653,1
ASP,A,61,OD2,488,-13.856,12.819,14.302,-0.8014,0.7653,1
GLN,A,62,N,489,-11.606,8.69,11.577,-0.4157,-0.0062,1
GLN,A,62,CA,490,-10.696,7.554,11.635,-0.0031,-0.1217,1
GLN,A,62,C,491,-9.965,7.329,10.284,0.5973,-0.2645,1
GLN,A,62,O,492,-8.771,7.079,10.282,-0.5679,0.4881,1
GLN,A,62,CB,493,-11.38,6.311,12.126,-0.0036,0.2169,1
GLN,A,62,CG,494,-10.452,5.121,12.264,-0.0645,0.2169,1
GLN,A,62,CD,495,-9.478,5.405,13.434,0.6951,-0.2645,1
GLN,A,62,NE2,496,-8.166,5.359,13.228,-0.9407,-0.0062,1
GLN,A,62,OE1,497,-9.949,5.76,14.556,-0.6086,0.4881,1
GLU,A,63,N,498,-10.706,7.449,9.209,-0.5163,-0.0062,1
GLU,A,63,CA,499,-10.101,7.262,7.903,0.0397,-0.1217,1
GLU,A,63,C,500,-9.069,8.299,7.664,0.5366,-0.2645,1
GLU,A,63,O,501,-7.982,8.002,7.117,-0.5819,0.4881,1
GLU,A,63,CB,502,-11.137,7.297,6.785,0.056,0.2169,1
GLU,A,63,CG,503,-12.193,6.2,6.889,0.0136,0.2169,1
GLU,A,63,CD,504,-11.575,4.846,6.966,0.8054,-0.2645,1
GLU,A,63,OE1,505,-10.858,4.464,6.017,-0.8188,0.7653,1
GLU,A,63,OE2,506,-11.729,4.152,7.993,-0.8188,0.7653,1
THR,A,64,N,507,-9.329,9.563,8.053,-0.4157,-0.0062,1
THR,A,64,CA,508,-8.352,10.619,7.95,-0.0389,-0.1217,1
THR,A,64,C,509,-7.082,10.35,8.792,0.5973,-0.2645,1
THR,A,64,O,510,-5.963,10.498,8.316,-0.5679,0.4881,1
THR,A,64,CB,511,-9.022,11.977,8.317,0.3654,-0.1217,1
THR,A,64,CG2,512,-7.992,13.055,8.274,-0.2438,0.2169,1
THR,A,64,OG1,513,-10.107,12.225,7.401,-0.6761,0.4881,1
ARG,A,65,N,514,-7.305,9.912,10.022,-0.3479,-0.0062,1
ARG,A,65,CA,515,-6.147,9.619,10.857,-0.2637,-0.1217,1
ARG,A,65,C,516,-5.262,8.541,10.236,0.7341,-0.2645,1
ARG,A,65,O,517,-4.05,8.621,10.214,-0.5894,0.4881,1
ARG,A,65,CB,518,-6.529,9.169,12.256,-0.0007,0.2169,1
ARG,A,65,CG,519,-7.123,10.229,13.167,0.039,0.2169,1
ARG,A,65,CD,520,-7.185,9.79,14.664,0.0486,-0.1217,1
ARG,A,65,NE,521,-8.353,8.961,14.788,-0.5295,-0.0062,1
ARG,A,65,CZ,522,-9.613,9.422,15.028,0.8076,-0.2645,1
ASN,A,66,N,523,-5.926,7.534,9.682,-0.4157,-0.0062,1
ASN,A,66,CA,524,-5.156,6.385,9.101,0.0143,-0.1217,1
ASN,A,66,C,525,-4.302,6.793,7.901,0.5973,-0.2645,1
ASN,A,66,O,526,-3.147,6.486,7.831,-0.5679,0.4881,1
ASN,A,66,CB,527,-6.069,5.233,8.709,-0.2041,0.2169,1
ASN,A,66,CG,528,-6.737,4.534,9.874,0.713,-0.2645,1
ASN,A,66,ND2,529,-7.755,3.724,9.548,-0.9191,-0.0062,1
ASN,A,66,OD1,530,-6.356,4.753,11.049,-0.5931,0.4881,1
VAL,A,67,N,531,-4.904,7.553,7.012,-0.4157,-0.0062,1
VAL,A,67,CA,532,-4.125,7.935,5.811,-0.0875,-0.1217,1
VAL,A,67,C,533,-3.089,8.983,6.146,0.5973,-0.2645,1
VAL,A,67,O,534,-2.003,8.956,5.539,-0.5679,0.4881,1
VAL,A,67,CB,535,-4.998,8.276,4.6,0.2985,1.5299,1
VAL,A,67,CG1,536,-5.816,7.066,4.134,-0.3192,-0.9227,1
VAL,A,67,CG2,537,-5.865,9.467,4.859,-0.3192,-0.9227,1
LYS,A,68,N,538,-3.308,9.882,7.075,-0.3479,-0.0062,1
LYS,A,68,CA,539,-2.279,10.812,7.503,-0.24,-0.1217,1
LYS,A,68,C,540,-1.107,10.076,8.105,0.7341,-0.2645,1
LYS,A,68,O,541,0.052,10.338,7.82,-0.5894,0.4881,1
LYS,A,68,CB,542,-2.811,11.845,8.495,-0.0094,0.2169,1
LYS,A,68,CG,543,-3.689,12.84,7.767,0.0187,0.2169,1
LYS,A,68,CD,544,-4.285,13.808,8.829,-0.0479,0.2169,1
LYS,A,68,CE,545,-4.894,14.999,8.129,-0.0143,-0.1217,1
LYS,A,68,NZ,546,-5.848,15.802,8.97,-0.3854,-0.1231,1
ALA,A,69,N,547,-1.366,9.075,8.927,-0.4157,-0.0062,1
ALA,A,69,CA,548,-0.278,8.239,9.538,0.0337,-0.1217,1
ALA,A,69,C,549,0.482,7.515,8.428,0.5973,-0.2645,1
ALA,A,69,O,550,1.706,7.512,8.454,-0.5679,0.4881,1
ALA,A,69,CB,551,-0.742,7.275,10.588,-0.1825,0.2169,1
GLN,A,70,N,552,-0.173,6.971,7.416,-0.4157,-0.0062,1
GLN,A,70,CA,553,0.561,6.345,6.311,-0.0031,-0.1217,1
GLN,A,70,C,554,1.365,7.367,5.53,0.5973,-0.2645,1
GLN,A,70,O,555,2.471,7.03,5.153,-0.5679,0.4881,1
GLN,A,70,CB,556,-0.416,5.621,5.362,-0.0036,0.2169,1
GLN,A,70,CG,557,0.378,4.819,4.315,-0.0645,0.2169,1
GLN,A,70,CD,558,1.177,3.673,4.839,0.6951,-0.2645,1
GLN,A,70,NE2,559,2.404,3.514,4.493,-0.9407,-0.0062,1
GLN,A,70,OE1,560,0.65,2.859,5.603,-0.6086,0.4881,1
SER,A,71,N,561,0.835,8.573,5.328,-0.4157,-0.0062,1
SER,A,71,CA,562,1.627,9.562,4.602,-0.0249,-0.1217,1
SER,A,71,C,563,2.942,9.876,5.334,0.5973,-0.2645,1
SER,A,71,O,564,4.011,10.027,4.754,-0.5679,0.4881,1
SER,A,71,CB,565,0.845,10.828,4.403,0.2117,-0.1217,1
SER,A,71,OG,566,0.688,11.646,5.527,-0.6546,0.4881,1
GLN,A,72,N,567,2.897,9.907,6.678,-0.4157,-0.0062,1
GLN,A,72,CA,568,4.1,10.172,7.454,-0.0031,-0.1217,1
GLN,A,72,C,569,5.053,8.978,7.456,0.5973,-0.2645,1
GLN,A,72,O,570,6.258,9.168,7.364,-0.5679,0.4881,1
GLN,A,72,CB,571,3.704,10.568,8.882,-0.0036,0.2169,1
GLN,A,72,CG,572,2.948,11.933,8.923,-0.0645,0.2169,1
GLN,A,72,CD,573,3.779,13.155,8.399,0.6951,-0.2645,1
GLN,A,72,NE2,574,3.1,14.14,7.938,-0.9407,-0.0062,1
GLN,A,72,OE1,575,4.954,13.206,8.444,-0.6086,0.4881,1
THR,A,73,N,576,4.544,7.757,7.482,-0.4157,-0.0062,1
THR,A,73,CA,577,5.382,6.574,7.308,-0.0389,-0.1217,1
THR,A,73,C,578,6.084,6.591,5.971,0.5973,-0.2645,1
THR,A,73,O,579,7.27,6.348,5.876,-0.5679,0.4881,1
THR,A,73,CB,580,4.523,5.331,7.454,0.3654,-0.1217,1
THR,A,73,CG2,581,5.239,4.066,7.299,-0.2438,0.2169,1
THR,A,73,OG1,582,3.924,5.339,8.769,-0.6761,0.4881,1
ASP,A,74,N,583,5.322,6.905,4.88,-0.5163,-0.0062,1
ASP,A,74,CA,584,5.909,6.945,3.554,0.0381,-0.1217,1
ASP,A,74,C,585,7.013,8.005,3.448,0.5366,-0.2645,1
ASP,A,74,O,586,8.037,7.779,2.788,-0.5819,0.4881,1
ASP,A,74,CB,587,4.899,7.196,2.485,-0.0303,0.2169,1
ASP,A,74,CG,588,4.06,6.101,2.153,0.7994,-0.2645,1
ASP,A,74,OD1,589,4.178,4.911,2.67,-0.8014,0.7653,1
ASP,A,74,OD2,590,3.129,6.279,1.27,-0.8014,0.7653,1
ARG,A,75,N,591,6.813,9.178,4.094,-0.3479,-0.0062,1
ARG,A,75,CA,592,7.845,10.21,4.067,-0.2637,-0.1217,1
ARG,A,75,C,593,9.121,9.687,4.617,0.7341,-0.2645,1
ARG,A,75,O,594,10.231,9.843,4.08,-0.5894,0.4881,1
ARG,A,75,CB,595,7.319,11.435,4.836,-0.0007,0.2169,1
ARG,A,75,CG,596,8.365,12.528,4.963,0.039,0.2169,1
ARG,A,75,CD,597,7.89,13.706,5.815,0.0486,-0.1217,1
ARG,A,75,NE,598,7.495,13.307,7.158,-0.5295,-0.0062,1
ARG,A,75,CZ,599,8.286,13.011,8.141,0.8076,-0.2645,1
VAL,A,76,N,600,9.033,9.014,5.781,-0.4157,-0.0062,1
VAL,A,76,CA,601,10.205,8.433,6.45,-0.0875,-0.1217,1
VAL,A,76,C,602,10.794,7.332,5.608,0.5973,-0.2645,1
VAL,A,76,O,603,12.007,7.249,5.381,-0.5679,0.4881,1
VAL,A,76,CB,604,9.853,7.968,7.873,0.2985,1.5299,1
VAL,A,76,CG1,605,11.018,7.164,8.493,-0.3192,-0.9227,1
VAL,A,76,CG2,606,9.514,9.155,8.744,-0.3192,-0.9227,1
ASP,A,77,N,607,9.938,6.479,5.082,-0.5163,-0.0062,1
ASP,A,77,CA,608,10.38,5.325,4.248,0.0381,-0.1217,1
ASP,A,77,C,609,11.058,5.709,2.932,0.5366,-0.2645,1
ASP,A,77,O,610,12.021,5.093,2.507,-0.5819,0.4881,1
ASP,A,77,CB,611,9.237,4.423,3.897,-0.0303,0.2169,1
ASP,A,77,CG,612,8.688,3.565,5.144,0.7994,-0.2645,1
ASP,A,77,OD1,613,9.39,3.538,6.201,-0.8014,0.7653,1
ASP,A,77,OD2,614,7.606,3.012,4.95,-0.8014,0.7653,1
LEU,A,78,N,615,10.636,6.862,2.352,-0.4157,-0.0062,1
LEU,A,78,CA,616,11.34,7.38,1.177,-0.0518,-0.1217,1
LEU,A,78,C,617,12.804,7.659,1.557,0.5973,-0.2645,1
LEU,A,78,O,618,13.749,7.361,0.829,-0.5679,0.4881,1
LEU,A,78,CB,619,10.684,8.655,0.628,-0.1102,0.2169,1
LEU,A,78,CG,620,9.433,8.322,-0.208,0.3531,1.5299,1
LEU,A,78,CD1,621,8.452,9.487,-0.259,-0.4121,-0.9227,1
LEU,A,78,CD2,622,9.789,7.909,-1.627,-0.4121,-0.9227,1
GLY,A,79,N,623,13.025,8.241,2.745,-0.4157,-0.0062,1
GLY,A,79,CA,624,14.427,8.454,3.198,-0.0252,-0.1217,1
GLY,A,79,C,625,15.146,7.205,3.516,0.5973,-0.2645,1
GLY,A,79,O,626,16.286,7.009,3.179,-0.5679,0.4881,1
GLY,A,79,1HA,627,14.969,8.972,2.407,0.0698,nan,1
GLY,A,79,2HA,628,14.378,9.036,4.119,0.0698,nan,1
THR,A,80,N,629,14.44,6.257,4.176,-0.4157,-0.0062,1
THR,A,80,CA,630,15.072,4.977,4.552,-0.0389,-0.1217,1
THR,A,80,C,631,15.515,4.229,3.279,0.5973,-0.2645,1
THR,A,80,O,632,16.653,3.748,3.21,-0.5679,0.4881,1
THR,A,80,CB,633,14.1,4.116,5.327,0.3654,-0.1217,1
THR,A,80,CG2,634,14.681,2.819,5.686,-0.2438,0.2169,1
THR,A,80,OG1,635,13.76,4.85,6.533,-0.6761,0.4881,1
LEU,A,81,N,636,14.626,4.13,2.293,-0.4157,-0.0062,1
LEU,A,81,CA,637,14.971,3.387,1.066,-0.0518,-0.1217,1
LEU,A,81,C,638,16.089,4.095,0.279,0.5973,-0.2645,1
LEU,A,81,O,639,16.93,3.407,-0.265,-0.5679,0.4881,1
LEU,A,81,CB,640,13.739,3.097,0.204,-0.1102,0.2169,1
LEU,A,81,CG,641,12.981,1.8,0.576,0.3531,1.5299,1
LEU,A,81,CD1,642,12.566,1.681,2.038,-0.4121,-0.9227,1
LEU,A,81,CD2,643,11.777,1.609,-0.326,-0.4121,-0.9227,1
ARG,A,82,N,644,16.036,5.395,0.227,-0.3479,-0.0062,1
ARG,A,82,CA,645,17.119,6.124,-0.436,-0.2637,-0.1217,1
ARG,A,82,C,646,18.44,5.711,0.167,0.7341,-0.2645,1
ARG,A,82,O,647,19.45,5.505,-0.523,-0.5894,0.4881,1
ARG,A,82,CB,648,16.85,7.634,-0.282,-0.0007,0.2169,1
ARG,A,82,CG,649,17.865,8.469,-1.085,0.039,0.2169,1
ARG,A,82,CD,650,17.638,9.935,-0.914,0.0486,-0.1217,1
ARG,A,82,NE,651,18.0,10.496,0.289,-0.5295,-0.0062,1
ARG,A,82,CZ,652,19.191,10.866,0.674,0.8076,-0.2645,1
GLY,A,83,N,653,18.476,5.627,1.498,-0.4157,-0.0062,1
GLY,A,83,CA,654,19.682,5.204,2.148,-0.0252,-0.1217,1
GLY,A,83,C,655,20.067,3.765,1.884,0.5973,-0.2645,1
GLY,A,83,O,656,21.207,3.433,1.627,-0.5679,0.4881,1
GLY,A,83,1HA,657,20.496,5.843,1.806,0.0698,nan,1
GLY,A,83,2HA,658,19.5,5.284,3.22,0.0698,nan,1
TYR,A,84,N,659,19.118,2.798,1.831,-0.4157,-0.0062,1
TYR,A,84,CA,660,19.434,1.402,1.512,-0.0014,-0.1217,1
TYR,A,84,C,661,20.102,1.29,0.155,0.5973,-0.2645,1
TYR,A,84,O,662,20.983,0.487,-0.038,-0.5679,0.4881,1
TYR,A,84,CB,663,18.148,0.513,1.482,-0.0152,0.2169,1
TYR,A,84,CG,664,17.444,0.298,2.793,-0.0011,-0.2607,1
TYR,A,84,CD1,665,18.0,0.519,4.055,-0.1906,-0.2607,1
TYR,A,84,CD2,666,16.138,-0.203,2.743,-0.1906,-0.2607,1
TYR,A,84,CE1,667,17.284,0.261,5.24,-0.2341,-0.2607,1
TYR,A,84,CE2,668,15.427,-0.486,3.9,-0.2341,-0.2607,1
TYR,A,84,CZ,669,16.024,-0.21,5.125,0.3226,-0.1217,1
TYR,A,85,N,670,19.62,2.087,-0.804,-0.4157,-0.0062,1
TYR,A,85,CA,671,20.064,2.007,-2.219,-0.0014,-0.1217,1
TYR,A,85,C,672,21.252,2.939,-2.443,0.5973,-0.2645,1
TYR,A,85,O,673,21.823,2.884,-3.537,-0.5679,0.4881,1
TYR,A,85,CB,674,18.893,2.341,-3.159,-0.0152,0.2169,1
TYR,A,85,CG,675,17.871,1.238,-3.246,-0.0011,-0.2607,1
TYR,A,85,CD1,676,18.159,-0.021,-3.846,-0.1906,-0.2607,1
TYR,A,85,CD2,677,16.566,1.447,-2.776,-0.1906,-0.2607,1
TYR,A,85,CE1,678,17.139,-0.987,-3.953,-0.2341,-0.2607,1
TYR,A,85,CE2,679,15.634,0.491,-2.843,-0.2341,-0.2607,1
TYR,A,85,CZ,680,15.913,-0.678,-3.462,0.3226,-0.1217,1
ASN,A,86,N,681,21.636,3.77,-1.503,-0.4157,-0.0062,1
ASN,A,86,CA,682,22.723,4.759,-1.719,0.0143,-0.1217,1
ASN,A,86,C,683,22.368,5.687,-2.814,0.5973,-0.2645,1
ASN,A,86,O,684,23.269,6.089,-3.594,-0.5679,0.4881,1
ASN,A,86,CB,685,24.087,4.086,-1.855,-0.2041,0.2169,1
ASN,A,86,CG,686,24.457,3.26,-0.652,0.713,-0.2645,1
ASN,A,86,ND2,687,24.882,2.039,-0.889,-0.9191,-0.0062,1
ASN,A,86,OD1,688,24.392,3.731,0.486,-0.5931,0.4881,1
GLN,A,87,N,689,21.133,6.147,-2.898,-0.4157,-0.0062,1
GLN,A,87,CA,690,20.689,7.085,-3.916,-0.0031,-0.1217,1
GLN,A,87,C,691,20.927,8.539,-3.513,0.5973,-0.2645,1
GLN,A,87,O,692,20.93,8.905,-2.329,-0.5679,0.4881,1
GLN,A,87,CB,693,19.234,6.798,-4.227,-0.0036,0.2169,1
GLN,A,87,CG,694,19.015,5.557,-5.042,-0.0645,0.2169,1
GLN,A,87,CD,695,17.601,5.17,-5.166,0.6951,-0.2645,1
GLN,A,87,NE2,696,17.294,4.572,-6.302,-0.9407,-0.0062,1
GLN,A,87,OE1,697,16.834,5.373,-4.241,-0.6086,0.4881,1
SER,A,88,N,698,21.043,9.415,-4.51,-0.4157,-0.0062,1
SER,A,88,CA,699,21.176,10.866,-4.285,-0.0249,-0.1217,1
SER,A,88,C,700,19.96,11.479,-3.653,0.5973,-0.2645,1
SER,A,88,O,701,18.838,11.186,-4.121,-0.5679,0.4881,1
SER,A,88,CB,702,21.467,11.49,-5.662,0.2117,-0.1217,1
SER,A,88,OG,703,21.515,12.917,-5.534,-0.6546,0.4881,1
GLU,A,89,N,704,20.157,12.479,-2.817,-0.5163,-0.0062,1
GLU,A,89,CA,705,19.08,13.281,-2.313,0.0397,-0.1217,1
GLU,A,89,C,706,18.43,14.171,-3.324,0.5366,-0.2645,1
GLU,A,89,O,707,17.393,14.744,-3.008,-0.5819,0.4881,1
GLU,A,89,CB,708,19.627,14.105,-1.179,0.056,0.2169,1
GLU,A,89,CG,709,20.644,15.275,-1.605,0.0136,0.2169,1
GLU,A,89,CD,710,21.535,15.731,-0.426,0.8054,-0.2645,1
GLU,A,89,OE1,711,22.33,14.923,0.088,-0.8188,0.7653,1
GLU,A,89,OE2,712,21.482,16.969,-0.164,-0.8188,0.7653,1
ASP,A,90,N,713,19.001,14.31,-4.492,-0.5163,-0.0062,1
ASP,A,90,CA,714,18.448,15.182,-5.513,0.0381,-0.1217,1
ASP,A,90,C,715,17.343,14.505,-6.275,0.5366,-0.2645,1
ASP,A,90,O,716,16.618,15.174,-7.034,-0.5819,0.4881,1
ASP,A,90,CB,717,19.587,15.678,-6.513,-0.0303,0.2169,1
ASP,A,90,CG,718,20.531,16.745,-5.782,0.7994,-0.2645,1
ASP,A,90,OD1,719,20.026,17.377,-4.819,-0.8014,0.7653,1
ASP,A,90,OD2,720,21.641,16.84,-6.324,-0.8014,0.7653,1
GLY,A,91,N,721,17.255,13.21,-6.309,-0.4157,-0.0062,1
GLY,A,91,CA,722,16.251,12.527,-7.141,-0.0252,-0.1217,1
GLY,A,91,C,723,14.853,12.423,-6.488,0.5973,-0.2645,1
GLY,A,91,O,724,14.699,12.3,-5.28,-0.5679,0.4881,1
GLY,A,91,1HA,725,16.152,13.075,-8.078,0.0698,nan,1
GLY,A,91,2HA,726,16.606,11.507,-7.285,0.0698,nan,1
SER,A,92,N,727,13.83,12.444,-7.295,-0.4157,-0.0062,1
SER,A,92,CA,728,12.463,12.138,-6.899,-0.0249,-0.1217,1
SER,A,92,C,729,12.226,10.66,-6.998,0.5973,-0.2645,1
SER,A,92,O,730,12.567,10.011,-7.994,-0.5679,0.4881,1
SER,A,92,CB,731,11.502,12.88,-7.793,0.2117,-0.1217,1
SER,A,92,OG,732,10.166,12.522,-7.486,-0.6546,0.4881,1
HIS,A,93,N,733,11.606,10.076,-5.967,-0.4157,-0.0062,1
HIS,A,93,CA,734,11.33,8.623,-5.895,0.0188,-0.1217,1
HIS,A,93,C,735,9.889,8.446,-5.452,0.5973,-0.2645,1
HIS,A,93,O,736,9.246,9.327,-4.9,-0.5679,0.4881,1
HIS,A,93,CB,737,12.29,7.953,-4.97,-0.0462,0.2169,1
HIS,A,93,CG,738,13.707,8.068,-5.414,-0.0266,-0.1217,1
HIS,A,93,CD2,739,14.658,8.937,-5.122,0.1292,-0.1217,1
HIS,A,93,ND1,740,14.231,7.223,-6.325,-0.3811,0.3544,1
HIS,A,93,CE1,741,15.507,7.544,-6.601,0.2057,-0.1217,1
HIS,A,93,NE2,742,15.737,8.652,-5.952,-0.5727,0.3544,1
THR,A,94,N,743,9.39,7.231,-5.722,-0.4157,-0.0062,1
THR,A,94,CA,744,7.979,6.863,-5.516,-0.0389,-0.1217,1
THR,A,94,C,745,7.796,5.63,-4.717,0.5973,-0.2645,1
THR,A,94,O,746,8.403,4.599,-5.066,-0.5679,0.4881,1
THR,A,94,CB,747,7.268,6.717,-6.842,0.3654,-0.1217,1
THR,A,94,CG2,748,5.795,6.5,-6.726,-0.2438,0.2169,1
THR,A,94,OG1,749,7.452,7.868,-7.659,-0.6761,0.4881,1
ILE,A,95,N,750,6.931,5.614,-3.733,-0.4157,-0.0062,1
ILE,A,95,CA,751,6.479,4.431,-3.063,-0.0597,-0.1217,1
ILE,A,95,C,752,5.041,4.229,-3.414,0.5973,-0.2645,1
ILE,A,95,O,753,4.236,5.163,-3.293,-0.5679,0.4881,1
ILE,A,95,CB,754,6.698,4.445,-1.537,0.1303,0.2169,1
ILE,A,95,CG1,755,8.191,4.376,-1.197,-0.043,0.2169,1
ILE,A,95,CG2,756,5.942,3.315,-0.86,-0.3204,-0.9227,1
ILE,A,95,CD1,757,8.499,4.559,0.298,-0.066,0.2169,1
GLN,A,96,N,758,4.645,3.016,-3.801,-0.4157,-0.0062,1
GLN,A,96,CA,759,3.251,2.655,-4.06,-0.0031,-0.1217,1
GLN,A,96,C,760,2.863,1.463,-3.222,0.5973,-0.2645,1
GLN,A,96,O,761,3.693,0.537,-3.094,-0.5679,0.4881,1
GLN,A,96,CB,762,3.019,2.343,-5.522,-0.0036,0.2169,1
GLN,A,96,CG,763,3.124,3.563,-6.436,-0.0645,0.2169,1
GLN,A,96,CD,764,3.397,3.209,-7.874,0.6951,-0.2645,1
GLN,A,96,NE2,765,2.341,2.888,-8.622,-0.9407,-0.0062,1
GLN,A,96,OE1,766,4.552,3.205,-8.307,-0.6086,0.4881,1
ILE,A,97,N,767,1.651,1.48,-2.71,-0.4157,-0.0062,1
ILE,A,97,CA,768,1.132,0.421,-1.87,-0.0597,-0.1217,1
ILE,A,97,C,769,-0.232,0.085,-2.385,0.5973,-0.2645,1
ILE,A,97,O,770,-1.062,0.954,-2.6,-0.5679,0.4881,1
ILE,A,97,CB,771,1.039,0.79,-0.412,0.1303,0.2169,1
ILE,A,97,CG1,772,2.433,1.077,0.175,-0.043,0.2169,1
ILE,A,97,CG2,773,0.338,-0.306,0.399,-0.3204,-0.9227,1
ILE,A,97,CD1,774,2.416,1.824,1.52,-0.066,0.2169,1
MET,A,98,N,775,-0.522,-1.218,-2.546,-0.4157,-0.0062,1
MET,A,98,CA,776,-1.915,-1.703,-2.8,-0.0237,-0.1217,1
MET,A,98,C,777,-2.232,-2.703,-1.717,0.5973,-0.2645,1
MET,A,98,O,778,-1.385,-3.535,-1.354,-0.5679,0.4881,1
MET,A,98,CB,779,-2.07,-2.223,-4.187,0.0342,0.2169,1
MET,A,98,CG,780,-3.375,-2.909,-4.497,0.0018,-0.1217,1
MET,A,98,SD,781,-3.713,-4.578,-3.946,-0.2737,0.4989,1
MET,A,98,CE,782,-3.141,-5.612,-5.255,-0.0536,-0.1217,1
TYR,A,99,N,783,-3.478,-2.673,-1.255,-0.4157,-0.0062,1
TYR,A,99,CA,784,-3.948,-3.747,-0.392,-0.0014,-0.1217,1
TYR,A,99,C,785,-5.414,-3.917,-0.493,0.5973,-0.2645,1
TYR,A,99,O,786,-6.126,-3.006,-0.962,-0.5679,0.4881,1
TYR,A,99,CB,787,-3.539,-3.556,1.097,-0.0152,0.2169,1
TYR,A,99,CG,788,-4.13,-2.416,1.844,-0.0011,-0.2607,1
TYR,A,99,CD1,789,-3.566,-1.14,1.785,-0.1906,-0.2607,1
TYR,A,99,CD2,790,-5.317,-2.535,2.563,-0.1906,-0.2607,1
TYR,A,99,CE1,791,-4.136,-0.056,2.454,-0.2341,-0.2607,1
TYR,A,99,CE2,792,-5.868,-1.464,3.233,-0.2341,-0.2607,1
TYR,A,99,CZ,793,-5.254,-0.239,3.17,0.3226,-0.1217,1
GLY,A,100,N,794,-5.96,-5.034,-0.027,-0.4157,-0.0062,1
GLY,A,100,CA,795,-7.407,-5.24,0.06,-0.0252,-0.1217,1
GLY,A,100,C,796,-7.73,-6.702,-0.024,0.5973,-0.2645,1
GLY,A,100,O,797,-6.931,-7.556,0.264,-0.5679,0.4881,1
GLY,A,100,1HA,798,-7.771,-4.844,1.008,0.0698,nan,1
GLY,A,100,2HA,799,-7.89,-4.722,-0.769,0.0698,nan,1
CYS,A,101,N,800,-9.012,-6.956,-0.272,-0.4157,-0.0062,1
CYS,A,101,CA,801,-9.56,-8.316,-0.111,0.0213,-0.1217,1
CYS,A,101,C,802,-10.593,-8.561,-1.168,0.5973,-0.2645,1
CYS,A,101,O,803,-11.162,-7.661,-1.774,-0.5679,0.4881,1
CYS,A,101,CB,804,-10.183,-8.488,1.28,-0.1231,-0.1217,1
CYS,A,101,SG,805,-11.438,-7.267,1.763,-0.3119,0.4989,1
ASP,A,102,N,806,-10.821,-9.871,-1.413,-0.5163,-0.0062,1
ASP,A,102,CA,807,-11.852,-10.419,-2.357,0.0381,-0.1217,1
ASP,A,102,C,808,-12.799,-11.275,-1.569,0.5366,-0.2645,1
ASP,A,102,O,809,-12.319,-12.042,-0.673,-0.5819,0.4881,1
ASP,A,102,CB,810,-11.182,-11.268,-3.436,-0.0303,0.2169,1
ASP,A,102,CG,811,-10.33,-10.552,-4.437,0.7994,-0.2645,1
ASP,A,102,OD1,812,-10.304,-9.29,-4.409,-0.8014,0.7653,1
ASP,A,102,OD2,813,-9.556,-11.22,-5.137,-0.8014,0.7653,1
VAL,A,103,N,814,-14.125,-11.104,-1.82,-0.4157,-0.0062,1
VAL,A,103,CA,815,-15.114,-12.011,-1.259,-0.0875,-0.1217,1
VAL,A,103,C,816,-15.949,-12.623,-2.343,0.5973,-0.2645,1
VAL,A,103,O,817,-16.094,-12.132,-3.425,-0.5679,0.4881,1
VAL,A,103,CB,818,-16.059,-11.269,-0.315,0.2985,1.5299,1
VAL,A,103,CG1,819,-15.275,-10.762,0.869,-0.3192,-0.9227,1
VAL,A,103,CG2,820,-16.87,-10.206,-1.004,-0.3192,-0.9227,1
GLY,A,104,N,821,-16.47,-13.813,-1.988,-0.4157,-0.0062,1
GLY,A,104,CA,822,-17.342,-14.543,-2.936,-0.0252,-0.1217,1
GLY,A,104,C,823,-18.745,-14.155,-2.806,0.5973,-0.2645,1
GLY,A,104,O,824,-19.12,-13.232,-2.163,-0.5679,0.4881,1
GLY,A,104,1HA,825,-17.012,-14.33,-3.953,0.0698,nan,1
GLY,A,104,2HA,826,-17.267,-15.606,-2.709,0.0698,nan,1
PRO,A,105,N,827,-19.578,-14.924,-3.558,-0.2548,-0.0062,1
PRO,A,105,CA,828,-20.989,-14.557,-3.596,-0.0266,-0.1217,1
PRO,A,105,C,829,-21.729,-14.712,-2.286,0.5896,-0.2645,1
PRO,A,105,O,830,-22.8,-14.095,-2.105,-0.5748,0.4881,1
PRO,A,105,CB,831,-21.47,-15.486,-4.767,-0.007,0.2169,1
PRO,A,105,CG,832,-20.552,-16.659,-4.779,0.0189,0.2169,1
PRO,A,105,CD,833,-19.192,-16.118,-4.364,0.0192,-0.1217,1
ASP,A,106,N,834,-21.263,-15.514,-1.428,-0.5163,-0.0062,1
ASP,A,106,CA,835,-21.772,-15.689,-0.091,0.0381,-0.1217,1
ASP,A,106,C,836,-21.13,-14.721,0.941,0.5366,-0.2645,1
ASP,A,106,O,837,-21.379,-14.843,2.175,-0.5819,0.4881,1
ASP,A,106,CB,838,-21.538,-17.177,0.343,-0.0303,0.2169,1
ASP,A,106,CG,839,-20.05,-17.621,0.275,0.7994,-0.2645,1
ASP,A,106,OD1,840,-19.147,-16.766,-0.151,-0.8014,0.7653,1
ASP,A,106,OD2,841,-19.807,-18.859,0.515,-0.8014,0.7653,1
GLY,A,107,N,842,-20.264,-13.808,0.499,-0.4157,-0.0062,1
GLY,A,107,CA,843,-19.6,-12.897,1.375,-0.0252,-0.1217,1
GLY,A,107,C,844,-18.364,-13.459,2.05,0.5973,-0.2645,1
GLY,A,107,O,845,-17.742,-12.735,2.812,-0.5679,0.4881,1
GLY,A,107,1HA,846,-19.304,-12.022,0.796,0.0698,nan,1
GLY,A,107,2HA,847,-20.307,-12.662,2.171,0.0698,nan,1
ARG,A,108,N,848,-17.987,-14.719,1.783,-0.3479,-0.0062,1
ARG,A,108,CA,849,-16.88,-15.267,2.469,-0.2637,-0.1217,1
ARG,A,108,C,850,-15.573,-14.769,1.837,0.7341,-0.2645,1
ARG,A,108,O,851,-15.438,-14.531,0.616,-0.5894,0.4881,1
ARG,A,108,CB,852,-16.859,-16.777,2.525,-0.0007,0.2169,1
ARG,A,108,CG,853,-17.985,-17.305,3.451,0.039,0.2169,1
ARG,A,108,CD,854,-17.822,-18.78,3.472,0.0486,-0.1217,1
ARG,A,108,NE,855,-18.796,-19.41,4.363,-0.5295,-0.0062,1
ARG,A,108,CZ,856,-18.5,-19.751,5.589,0.8076,-0.2645,1
PHE,A,109,N,857,-14.562,-14.632,2.693,-0.4157,-0.0062,1
PHE,A,109,CA,858,-13.199,-14.261,2.296,-0.0024,-0.1217,1
PHE,A,109,C,859,-12.649,-15.213,1.302,0.5973,-0.2645,1
PHE,A,109,O,860,-12.571,-16.445,1.595,-0.5679,0.4881,1
PHE,A,109,CB,861,-12.342,-14.257,3.574,-0.0343,0.2169,1
PHE,A,109,CG,862,-10.928,-14.073,3.367,0.0118,-0.2607,1
PHE,A,109,CD1,863,-10.375,-12.857,3.196,-0.1256,-0.2607,1
PHE,A,109,CD2,864,-10.041,-15.2,3.399,-0.1256,-0.2607,1
PHE,A,109,CE1,865,-8.96,-12.732,3.037,-0.1704,-0.2607,1
PHE,A,109,CE2,866,-8.705,-15.063,3.226,-0.1704,-0.2607,1
PHE,A,109,CZ,867,-8.19,-13.857,3.072,-0.1072,-0.2607,1
LEU,A,110,N,868,-12.141,-14.757,0.163,-0.4157,-0.0062,1
LEU,A,110,CA,869,-11.382,-15.545,-0.796,-0.0518,-0.1217,1
LEU,A,110,C,870,-9.934,-15.45,-0.617,0.5973,-0.2645,1
LEU,A,110,O,871,-9.213,-16.419,-0.402,-0.5679,0.4881,1
LEU,A,110,CB,872,-11.776,-15.185,-2.241,-0.1102,0.2169,1
LEU,A,110,CG,873,-13.245,-15.371,-2.631,0.3531,1.5299,1
LEU,A,110,CD1,874,-13.623,-14.788,-3.973,-0.4121,-0.9227,1
LEU,A,110,CD2,875,-13.633,-16.821,-2.659,-0.4121,-0.9227,1
ARG,A,111,N,876,-9.431,-14.205,-0.618,-0.3479,-0.0062,1
ARG,A,111,CA,877,-8.009,-13.953,-0.429,-0.2637,-0.1217,1
ARG,A,111,C,878,-7.824,-12.444,-0.109,0.7341,-0.2645,1
ARG,A,111,O,879,-8.696,-11.622,-0.35,-0.5894,0.4881,1
ARG,A,111,CB,880,-7.108,-14.359,-1.534,-0.0007,0.2169,1
ARG,A,111,CG,881,-7.198,-13.452,-2.753,0.039,0.2169,1
ARG,A,111,CD,882,-5.936,-13.567,-3.516,0.0486,-0.1217,1
ARG,A,111,NE,883,-4.687,-13.074,-2.934,-0.5295,-0.0062,1
ARG,A,111,CZ,884,-3.441,-13.157,-3.376,0.8076,-0.2645,1
GLY,A,112,N,885,-6.589,-12.172,0.345,-0.4157,-0.0062,1
GLY,A,112,CA,886,-6.147,-10.793,0.657,-0.0252,-0.1217,1
GLY,A,112,C,887,-4.895,-10.47,-0.074,0.5973,-0.2645,1
GLY,A,112,O,888,-4.213,-11.313,-0.614,-0.5679,0.4881,1
GLY,A,112,1HA,889,-6.927,-10.091,0.362,0.0698,nan,1
GLY,A,112,2HA,890,-5.959,-10.717,1.728,0.0698,nan,1
TYR,A,113,N,891,-4.551,-9.176,-0.05,-0.4157,-0.0062,1
TYR,A,113,CA,892,-3.367,-8.651,-0.756,-0.0014,-0.1217,1
TYR,A,113,C,893,-2.768,-7.515,0.046,0.5973,-0.2645,1
TYR,A,113,O,894,-3.468,-6.704,0.655,-0.5679,0.4881,1
TYR,A,113,CB,895,-3.806,-7.974,-2.084,-0.0152,0.2169,1
TYR,A,113,CG,896,-4.667,-8.835,-3.02,-0.0011,-0.2607,1
TYR,A,113,CD1,897,-6.006,-8.952,-2.866,-0.1906,-0.2607,1
TYR,A,113,CD2,898,-4.069,-9.521,-4.0,-0.1906,-0.2607,1
TYR,A,113,CE1,899,-6.79,-9.751,-3.681,-0.2341,-0.2607,1
TYR,A,113,CE2,900,-4.834,-10.284,-4.924,-0.2341,-0.2607,1
TYR,A,113,CZ,901,-6.165,-10.38,-4.685,0.3226,-0.1217,1
ARG,A,114,N,902,-1.432,-7.475,-0.008,-0.3479,-0.0062,1
ARG,A,114,CA,903,-0.65,-6.259,0.415,-0.2637,-0.1217,1
ARG,A,114,C,904,0.63,-6.329,-0.369,0.7341,-0.2645,1
ARG,A,114,O,905,1.406,-7.281,-0.254,-0.5894,0.4881,1
ARG,A,114,CB,906,-0.398,-6.23,1.902,-0.0007,0.2169,1
ARG,A,114,CG,907,0.682,-5.256,2.368,0.039,0.2169,1
ARG,A,114,CD,908,0.407,-3.827,2.028,0.0486,-0.1217,1
ARG,A,114,NE,909,1.601,-2.975,2.28,-0.5295,-0.0062,1
ARG,A,114,CZ,910,1.712,-2.021,3.199,0.8076,-0.2645,1
GLN,A,115,N,911,0.865,-5.34,-1.246,-0.4157,-0.0062,1
GLN,A,115,CA,912,2.06,-5.327,-2.111,-0.0031,-0.1217,1
GLN,A,115,C,913,2.601,-3.918,-2.226,0.5973,-0.2645,1
GLN,A,115,O,914,1.807,-2.975,-2.333,-0.5679,0.4881,1
GLN,A,115,CB,915,1.614,-5.887,-3.497,-0.0036,0.2169,1
GLN,A,115,CG,916,1.077,-7.266,-3.422,-0.0645,0.2169,1
GLN,A,115,CD,917,0.267,-7.676,-4.595,0.6951,-0.2645,1
GLN,A,115,NE2,918,-0.289,-8.837,-4.458,-0.9407,-0.0062,1
GLN,A,115,OE1,919,0.167,-6.966,-5.696,-0.6086,0.4881,1
ASP,A,116,N,920,3.884,-3.791,-2.307,-0.5163,-0.0062,1
ASP,A,116,CA,921,4.553,-2.493,-2.285,0.0381,-0.1217,1
ASP,A,116,C,922,5.568,-2.45,-3.385,0.5366,-0.2645,1
ASP,A,116,O,923,6.282,-3.423,-3.697,-0.5819,0.4881,1
ASP,A,116,CB,924,5.311,-2.28,-0.973,-0.0303,0.2169,1
ASP,A,116,CG,925,4.525,-2.309,0.226,0.7994,-0.2645,1
ASP,A,116,OD1,926,3.57,-3.17,0.426,-0.8014,0.7653,1
ASP,A,116,OD2,927,4.704,-1.48,1.12,-0.8014,0.7653,1
ALA,A,117,N,928,5.71,-1.26,-3.971,-0.4157,-0.0062,1
ALA,A,117,CA,929,6.684,-0.951,-5.047,0.0337,-0.1217,1
ALA,A,117,C,930,7.554,0.181,-4.643,0.5973,-0.2645,1
ALA,A,117,O,931,7.165,1.043,-3.819,-0.5679,0.4881,1
ALA,A,117,CB,932,5.979,-0.633,-6.357,-0.1825,0.2169,1
TYR,A,118,N,933,8.708,0.309,-5.252,-0.4157,-0.0062,1
TYR,A,118,CA,934,9.606,1.456,-5.179,-0.0014,-0.1217,1
TYR,A,118,C,935,10.029,1.792,-6.592,0.5973,-0.2645,1
TYR,A,118,O,936,10.515,0.928,-7.326,-0.5679,0.4881,1
TYR,A,118,CB,937,10.811,1.139,-4.237,-0.0152,0.2169,1
TYR,A,118,CG,938,11.747,2.332,-4.064,-0.0011,-0.2607,1
TYR,A,118,CD1,939,11.354,3.481,-3.449,-0.1906,-0.2607,1
TYR,A,118,CD2,940,13.059,2.259,-4.444,-0.1906,-0.2607,1
TYR,A,118,CE1,941,12.19,4.54,-3.241,-0.2341,-0.2607,1
TYR,A,118,CE2,942,13.931,3.311,-4.232,-0.2341,-0.2607,1
TYR,A,118,CZ,943,13.501,4.406,-3.636,0.3226,-0.1217,1
ASP,A,119,N,944,9.792,3.024,-6.963,-0.5163,-0.0062,1
ASP,A,119,CA,945,10.13,3.477,-8.325,0.0381,-0.1217,1
ASP,A,119,C,946,9.467,2.613,-9.389,0.5366,-0.2645,1
ASP,A,119,O,947,10.071,2.373,-10.454,-0.5819,0.4881,1
ASP,A,119,CB,948,11.631,3.709,-8.472,-0.0303,0.2169,1
ASP,A,119,CG,949,12.078,4.891,-7.688,0.7994,-0.2645,1
ASP,A,119,OD1,950,11.316,5.817,-7.422,-0.8014,0.7653,1
ASP,A,119,OD2,951,13.292,4.864,-7.311,-0.8014,0.7653,1
GLY,A,120,N,952,8.249,2.157,-9.164,-0.4157,-0.0062,1
GLY,A,120,CA,953,7.443,1.45,-10.129,-0.0252,-0.1217,1
GLY,A,120,C,954,7.847,-0.001,-10.337,0.5973,-0.2645,1
GLY,A,120,O,955,7.382,-0.61,-11.326,-0.5679,0.4881,1
GLY,A,120,1HA,956,6.407,1.472,-9.792,0.0698,nan,1
GLY,A,120,2HA,957,7.587,1.954,-11.085,0.0698,nan,1
LYS,A,121,N,958,8.635,-0.56,-9.43,-0.3479,-0.0062,1
LYS,A,121,CA,959,8.999,-1.982,-9.492,-0.24,-0.1217,1
LYS,A,121,C,960,8.704,-2.619,-8.159,0.7341,-0.2645,1
LYS,A,121,O,961,8.797,-1.976,-7.102,-0.5894,0.4881,1
LYS,A,121,CB,962,10.486,-2.11,-9.841,-0.0094,0.2169,1
LYS,A,121,CG,963,10.879,-1.493,-11.178,0.0187,0.2169,1
LYS,A,121,CD,964,12.124,-2.203,-11.769,-0.0479,0.2169,1
LYS,A,121,CE,965,11.782,-3.426,-12.647,-0.0143,-0.1217,1
LYS,A,121,NZ,966,12.91,-4.426,-12.709,-0.3854,-0.1231,1
ASP,A,122,N,967,8.45,-3.919,-8.172,-0.5163,-0.0062,1
ASP,A,122,CA,968,8.203,-4.633,-6.933,0.0381,-0.1217,1
ASP,A,122,C,969,9.296,-4.415,-5.937,0.5366,-0.2645,1
ASP,A,122,O,970,10.475,-4.467,-6.246,-0.5819,0.4881,1
ASP,A,122,CB,971,8.178,-6.153,-7.213,-0.0303,0.2169,1
ASP,A,122,CG,972,7.077,-6.613,-7.906,0.7994,-0.2645,1
ASP,A,122,OD1,973,6.079,-5.915,-8.251,-0.8014,0.7653,1
ASP,A,122,OD2,974,6.9,-7.89,-8.168,-0.8014,0.7653,1
TYR,A,123,N,975,8.885,-4.163,-4.691,-0.4157,-0.0062,1
TYR,A,123,CA,976,9.793,-4.019,-3.571,-0.0014,-0.1217,1
TYR,A,123,C,977,9.564,-5.178,-2.621,0.5973,-0.2645,1
TYR,A,123,O,978,10.476,-6.003,-2.385,-0.5679,0.4881,1
TYR,A,123,CB,979,9.64,-2.605,-2.9,-0.0152,0.2169,1
TYR,A,123,CG,980,10.572,-2.378,-1.74,-0.0011,-0.2607,1
TYR,A,123,CD1,981,11.942,-2.061,-1.963,-0.1906,-0.2607,1
TYR,A,123,CD2,982,10.171,-2.478,-0.432,-0.1906,-0.2607,1
TYR,A,123,CE1,983,12.818,-1.86,-0.919,-0.2341,-0.2607,1
TYR,A,123,CE2,984,11.06,-2.293,0.631,-0.2341,-0.2607,1
TYR,A,123,CZ,985,12.363,-1.978,0.369,0.3226,-0.1217,1
ILE,A,124,N,986,8.401,-5.235,-1.955,-0.4157,-0.0062,1
ILE,A,124,CA,987,8.047,-6.347,-1.021,-0.0597,-0.1217,1
ILE,A,124,C,988,6.591,-6.644,-1.186,0.5973,-0.2645,1
ILE,A,124,O,989,5.787,-5.744,-1.462,-0.5679,0.4881,1
ILE,A,124,CB,990,8.466,-6.01,0.406,0.1303,0.2169,1
ILE,A,124,CG1,991,8.449,-7.275,1.284,-0.043,0.2169,1
ILE,A,124,CG2,992,7.637,-4.938,1.015,-0.3204,-0.9227,1
ILE,A,124,CD1,993,9.118,-7.076,2.642,-0.066,0.2169,1
ALA,A,125,N,994,6.213,-7.896,-1.023,-0.4157,-0.0062,1
ALA,A,125,CA,995,4.818,-8.319,-1.142,0.0337,-0.1217,1
ALA,A,125,C,996,4.502,-9.357,-0.098,0.5973,-0.2645,1
ALA,A,125,O,997,5.304,-10.235,0.234,-0.5679,0.4881,1
ALA,A,125,CB,998,4.538,-8.904,-2.528,-0.1825,0.2169,1
LEU,A,126,N,999,3.325,-9.266,0.443,-0.4157,-0.0062,1
LEU,A,126,CA,1000,2.743,-10.308,1.281,-0.0518,-0.1217,1
LEU,A,126,C,1001,2.323,-11.441,0.408,0.5973,-0.2645,1
LEU,A,126,O,1002,1.624,-11.22,-0.612,-0.5679,0.4881,1
LEU,A,126,CB,1003,1.524,-9.74,2.045,-0.1102,0.2169,1
LEU,A,126,CG,1004,0.941,-10.622,3.114,0.3531,1.5299,1
LEU,A,126,CD1,1005,1.893,-11.05,4.233,-0.4121,-0.9227,1
LEU,A,126,CD2,1006,-0.275,-9.905,3.75,-0.4121,-0.9227,1
ASN,A,127,N,1007,2.798,-12.657,0.698,-0.4157,-0.0062,1
ASN,A,127,CA,1008,2.37,-13.836,-0.103,0.0143,-0.1217,1
ASN,A,127,C,1009,0.926,-14.135,0.161,0.5973,-0.2645,1
ASN,A,127,O,1010,0.292,-13.691,1.1,-0.5679,0.4881,1
ASN,A,127,CB,1011,3.288,-14.993,0.266,-0.2041,0.2169,1
ASN,A,127,CG,1012,4.728,-14.779,-0.143,0.713,-0.2645,1
ASN,A,127,ND2,1013,5.615,-15.307,0.599,-0.9191,-0.0062,1
ASN,A,127,OD1,1014,5.017,-14.145,-1.173,-0.5931,0.4881,1
GLU,A,128,N,1015,0.353,-14.947,-0.735,-0.5163,-0.0062,1
GLU,A,128,CA,1016,-1.081,-15.314,-0.614,0.0397,-0.1217,1
GLU,A,128,C,1017,-1.533,-15.945,0.667,0.5366,-0.2645,1
GLU,A,128,O,1018,-2.568,-15.816,1.163,-0.5819,0.4881,1
GLU,A,128,CB,1019,-1.474,-16.154,-1.826,0.056,0.2169,1
GLU,A,128,CG,1020,-2.953,-16.544,-1.89,0.0136,0.2169,1
GLU,A,128,CD,1021,-3.409,-17.213,-3.13,0.8054,-0.2645,1
GLU,A,128,OE1,1022,-2.533,-17.639,-3.948,-0.8188,0.7653,1
GLU,A,128,OE2,1023,-4.665,-17.33,-3.277,-0.8188,0.7653,1
ASP,A,129,N,1024,-0.49,-16.699,1.318,-0.5163,-0.0062,1
ASP,A,129,CA,1025,-0.74,-17.251,2.635,0.0381,-0.1217,1
ASP,A,129,C,1026,-0.953,-16.256,3.73,0.5366,-0.2645,1
ASP,A,129,O,1027,-1.334,-16.608,4.85,-0.5819,0.4881,1
ASP,A,129,CB,1028,0.329,-18.329,3.01,-0.0303,0.2169,1
ASP,A,129,CG,1029,1.708,-17.849,3.192,0.7994,-0.2645,1
ASP,A,129,OD1,1030,2.016,-16.654,3.399,-0.8014,0.7653,1
ASP,A,129,OD2,1031,2.608,-18.773,3.312,-0.8014,0.7653,1
LEU,A,130,N,1032,-0.641,-14.955,3.475,-0.4157,-0.0062,1
LEU,A,130,CA,1033,-0.768,-13.882,4.46,-0.0518,-0.1217,1
LEU,A,130,C,1034,0.108,-14.117,5.707,0.5973,-0.2645,1
LEU,A,130,O,1035,-0.176,-13.551,6.72,-0.5679,0.4881,1
LEU,A,130,CB,1036,-2.208,-13.628,4.818,-0.1102,0.2169,1
LEU,A,130,CG,1037,-3.15,-13.425,3.652,0.3531,1.5299,1
LEU,A,130,CD1,1038,-4.548,-13.098,4.145,-0.4121,-0.9227,1
LEU,A,130,CD2,1039,-2.709,-12.407,2.638,-0.4121,-0.9227,1
ARG,A,131,N,1040,1.154,-14.891,5.515,-0.3479,-0.0062,1
ARG,A,131,CA,1041,2.003,-15.362,6.659,-0.2637,-0.1217,1
ARG,A,131,C,1042,3.441,-15.243,6.337,0.7341,-0.2645,1
ARG,A,131,O,1043,4.311,-15.623,7.192,-0.5894,0.4881,1
ARG,A,131,CB,1044,1.612,-16.794,7.065,-0.0007,0.2169,1
ARG,A,131,CG,1045,0.26,-16.886,7.694,0.039,0.2169,1
ARG,A,131,CD,1046,-0.292,-18.272,7.774,0.0486,-0.1217,1
ARG,A,131,NE,1047,-1.523,-18.379,8.496,-0.5295,-0.0062,1
ARG,A,131,CZ,1048,-2.73,-18.207,8.005,0.8076,-0.2645,1
SER,A,132,N,1049,3.856,-14.698,5.199,-0.4157,-0.0062,1
SER,A,132,CA,1050,5.225,-14.645,4.751,-0.0249,-0.1217,1
SER,A,132,C,1051,5.367,-13.584,3.683,0.5973,-0.2645,1
SER,A,132,O,1052,4.345,-13.221,3.087,-0.5679,0.4881,1
SER,A,132,CB,1053,5.599,-16.058,4.231,0.2117,-0.1217,1
SER,A,132,OG,1054,4.853,-16.408,3.104,-0.6546,0.4881,1
TRP,A,133,N,1055,6.564,-13.15,3.422,-0.4157,-0.0062,1
TRP,A,133,CA,1056,6.845,-12.065,2.495,-0.0275,-0.1217,1
TRP,A,133,C,1057,7.736,-12.467,1.391,0.5973,-0.2645,1
TRP,A,133,O,1058,8.671,-13.29,1.622,-0.5679,0.4881,1
TRP,A,133,CB,1059,7.521,-10.902,3.268,-0.005,0.2169,1
TRP,A,133,CG,1060,6.75,-10.396,4.43,-0.1415,-0.2607,1
TRP,A,133,CD1,1061,6.865,-10.786,5.728,-0.1638,-0.1217,1
TRP,A,133,CD2,1062,5.728,-9.423,4.409,0.1243,-0.2607,1
TRP,A,133,CE2,1063,5.241,-9.265,5.75,0.138,-0.1217,1
TRP,A,133,CE3,1064,5.147,-8.643,3.402,-0.2387,-0.2607,1
TRP,A,133,NE1,1065,5.97,-10.121,6.515,-0.3418,-0.0062,1
TRP,A,133,CZ2,1066,4.215,-8.408,6.046,-0.2601,-0.2607,1
TRP,A,133,CZ3,1067,4.105,-7.74,3.737,-0.1972,-0.2607,1
THR,A,134,N,1068,7.635,-11.871,0.234,-0.4157,-0.0062,1
THR,A,134,CA,1069,8.607,-11.955,-0.909,-0.0389,-0.1217,1
THR,A,134,C,1070,9.29,-10.636,-1.079,0.5973,-0.2645,1
THR,A,134,O,1071,8.579,-9.623,-1.395,-0.5679,0.4881,1
THR,A,134,CB,1072,7.961,-12.41,-2.172,0.3654,-0.1217,1
THR,A,134,CG2,1073,8.954,-12.448,-3.365,-0.2438,0.2169,1
THR,A,134,OG1,1074,7.486,-13.727,-1.987,-0.6761,0.4881,1
ALA,A,135,N,1075,10.576,-10.549,-0.875,-0.4157,-0.0062,1
ALA,A,135,CA,1076,11.39,-9.381,-1.108,0.0337,-0.1217,1
ALA,A,135,C,1077,12.027,-9.4,-2.47,0.5973,-0.2645,1
ALA,A,135,O,1078,12.59,-10.444,-2.835,-0.5679,0.4881,1
ALA,A,135,CB,1079,12.444,-9.327,-0.068,-0.1825,0.2169,1
ALA,A,136,N,1080,11.987,-8.299,-3.222,-0.4157,-0.0062,1
ALA,A,136,CA,1081,12.463,-8.351,-4.612,0.0337,-0.1217,1
ALA,A,136,C,1082,13.926,-8.139,-4.74,0.5973,-0.2645,1
ALA,A,136,O,1083,14.485,-8.456,-5.879,-0.5679,0.4881,1
ALA,A,136,CB,1084,11.715,-7.263,-5.385,-0.1825,0.2169,1
ASP,A,137,N,1085,14.682,-7.653,-3.801,-0.5163,-0.0062,1
ASP,A,137,CA,1086,16.079,-7.303,-3.89,0.0381,-0.1217,1
ASP,A,137,C,1087,16.694,-7.225,-2.476,0.5366,-0.2645,1
ASP,A,137,O,1088,16.011,-7.431,-1.458,-0.5819,0.4881,1
ASP,A,137,CB,1089,16.289,-6.013,-4.715,-0.0303,0.2169,1
ASP,A,137,CG,1090,15.796,-4.832,-4.12,0.7994,-0.2645,1
ASP,A,137,OD1,1091,15.596,-4.718,-2.857,-0.8014,0.7653,1
ASP,A,137,OD2,1092,15.305,-3.864,-4.821,-0.8014,0.7653,1
MET,A,138,N,1093,17.962,-6.928,-2.39,-0.4157,-0.0062,1
MET,A,138,CA,1094,18.66,-6.95,-1.141,-0.0237,-0.1217,1
MET,A,138,C,1095,18.195,-5.866,-0.239,0.5973,-0.2645,1
MET,A,138,O,1096,18.182,-6.005,1.006,-0.5679,0.4881,1
MET,A,138,CB,1097,20.194,-6.819,-1.317,0.0342,0.2169,1
MET,A,138,CG,1098,20.688,-8.097,-1.849,0.0018,-0.1217,1
MET,A,138,SD,1099,20.682,-9.512,-0.704,-0.2737,0.4989,1
MET,A,138,CE,1100,22.005,-9.049,0.383,-0.0536,-0.1217,1
ALA,A,139,N,1101,17.807,-4.698,-0.715,-0.4157,-0.0062,1
ALA,A,139,CA,1102,17.275,-3.641,0.134,0.0337,-0.1217,1
ALA,A,139,C,1103,15.977,-4.129,0.768,0.5973,-0.2645,1
ALA,A,139,O,1104,15.74,-3.989,1.979,-0.5679,0.4881,1
ALA,A,139,CB,1105,17.026,-2.355,-0.686,-0.1825,0.2169,1
ALA,A,140,N,1106,15.075,-4.714,-0.018,-0.4157,-0.0062,1
ALA,A,140,CA,1107,13.838,-5.217,0.523,0.0337,-0.1217,1
ALA,A,140,C,1108,14.001,-6.339,1.459,0.5973,-0.2645,1
ALA,A,140,O,1109,13.162,-6.524,2.351,-0.5679,0.4881,1
ALA,A,140,CB,1110,12.906,-5.581,-0.639,-0.1825,0.2169,1
GLN,A,141,N,1111,15.103,-7.088,1.411,-0.4157,-0.0062,1
GLN,A,141,CA,1112,15.415,-8.063,2.433,-0.0031,-0.1217,1
GLN,A,141,C,1113,15.605,-7.452,3.799,0.5973,-0.2645,1
GLN,A,141,O,1114,15.294,-8.114,4.807,-0.5679,0.4881,1
GLN,A,141,CB,1115,16.672,-8.887,2.046,-0.0036,0.2169,1
GLN,A,141,CG,1116,16.536,-9.75,0.81,-0.0645,0.2169,1
GLN,A,141,CD,1117,15.573,-10.932,0.918,0.6951,-0.2645,1
GLN,A,141,NE2,1118,15.29,-11.574,-0.225,-0.9407,-0.0062,1
GLN,A,141,OE1,1119,15.211,-11.318,1.949,-0.6086,0.4881,1
ILE,A,142,N,1120,16.128,-6.241,3.871,-0.4157,-0.0062,1
ILE,A,142,CA,1121,16.241,-5.543,5.149,-0.0597,-0.1217,1
ILE,A,142,C,1122,14.868,-5.327,5.693,0.5973,-0.2645,1
ILE,A,142,O,1123,14.545,-5.606,6.871,-0.5679,0.4881,1
ILE,A,142,CB,1124,16.986,-4.192,5.004,0.1303,0.2169,1
ILE,A,142,CG1,1125,18.403,-4.395,4.446,-0.043,0.2169,1
ILE,A,142,CG2,1126,17.018,-3.464,6.343,-0.3204,-0.9227,1
ILE,A,142,CD1,1127,19.026,-3.09,3.917,-0.066,0.2169,1
THR,A,143,N,1128,13.95,-4.739,4.869,-0.4157,-0.0062,1
THR,A,143,CA,1129,12.594,-4.5,5.304,-0.0389,-0.1217,1
THR,A,143,C,1130,11.932,-5.799,5.703,0.5973,-0.2645,1
THR,A,143,O,1131,11.195,-5.887,6.705,-0.5679,0.4881,1
THR,A,143,CB,1132,11.79,-3.8,4.194,0.3654,-0.1217,1
THR,A,143,CG2,1133,10.323,-3.661,4.592,-0.2438,0.2169,1
THR,A,143,OG1,1134,12.386,-2.518,3.925,-0.6761,0.4881,1
LYS,A,144,N,1135,12.15,-6.9,4.942,-0.3479,-0.0062,1
LYS,A,144,CA,1136,11.532,-8.167,5.302,-0.24,-0.1217,1
LYS,A,144,C,1137,11.975,-8.59,6.682,0.7341,-0.2645,1
LYS,A,144,O,1138,11.143,-9.073,7.46,-0.5894,0.4881,1
LYS,A,144,CB,1139,11.93,-9.207,4.2,-0.0094,0.2169,1
LYS,A,144,CG,1140,11.417,-10.609,4.496,0.0187,0.2169,1
LYS,A,144,CD,1141,11.654,-11.565,3.356,-0.0479,0.2169,1
LYS,A,144,CE,1142,11.282,-12.98,3.656,-0.0143,-0.1217,1
LYS,A,144,NZ,1143,11.466,-13.917,2.544,-0.3854,-0.1231,1
ARG,A,145,N,1144,13.256,-8.542,7.019,-0.3479,-0.0062,1
ARG,A,145,CA,1145,13.68,-8.93,8.391,-0.2637,-0.1217,1
ARG,A,145,C,1146,13.003,-8.058,9.452,0.7341,-0.2645,1
ARG,A,145,O,1147,12.639,-8.511,10.532,-0.5894,0.4881,1
ARG,A,145,CB,1148,15.221,-8.889,8.527,-0.0007,0.2169,1
ARG,A,145,CG,1149,15.885,-10.018,7.793,0.039,0.2169,1
ARG,A,145,CD,1150,17.403,-10.049,8.066,0.0486,-0.1217,1
ARG,A,145,NE,1151,18.086,-8.891,7.517,-0.5295,-0.0062,1
ARG,A,145,CZ,1152,18.521,-8.795,6.254,0.8076,-0.2645,1
LYS,A,146,N,1153,12.875,-6.752,9.163,-0.3479,-0.0062,1
LYS,A,146,CA,1154,12.199,-5.834,10.085,-0.24,-0.1217,1
LYS,A,146,C,1155,10.786,-6.207,10.301,0.7341,-0.2645,1
LYS,A,146,O,1156,10.255,-6.229,11.41,-0.5894,0.4881,1
LYS,A,146,CB,1157,12.359,-4.384,9.543,-0.0094,0.2169,1
LYS,A,146,CG,1158,11.845,-3.302,10.502,0.0187,0.2169,1
LYS,A,146,CD,1159,11.886,-1.934,9.809,-0.0479,0.2169,1
LYS,A,146,CE,1160,11.44,-0.758,10.63,-0.0143,-0.1217,1
LYS,A,146,NZ,1161,12.409,-0.344,11.654,-0.3854,-0.1231,1
TRP,A,147,N,1162,10.071,-6.545,9.228,-0.4157,-0.0062,1
TRP,A,147,CA,1163,8.629,-6.903,9.289,-0.0275,-0.1217,1
TRP,A,147,C,1164,8.444,-8.286,9.891,0.5973,-0.2645,1
TRP,A,147,O,1165,7.439,-8.498,10.583,-0.5679,0.4881,1
TRP,A,147,CB,1166,8.063,-6.775,7.871,-0.005,0.2169,1
TRP,A,147,CG,1167,7.862,-5.342,7.447,-0.1415,-0.2607,1
TRP,A,147,CD1,1168,8.254,-4.207,8.123,-0.1638,-0.1217,1
TRP,A,147,CD2,1169,7.203,-4.896,6.267,0.1243,-0.2607,1
TRP,A,147,CE2,1170,7.214,-3.514,6.274,0.138,-0.1217,1
TRP,A,147,CE3,1171,6.533,-5.563,5.207,-0.2387,-0.2607,1
TRP,A,147,NE1,1172,7.846,-3.113,7.405,-0.3418,-0.0062,1
TRP,A,147,CZ2,1173,6.601,-2.793,5.25,-0.2601,-0.2607,1
TRP,A,147,CZ3,1174,6.006,-4.819,4.193,-0.1972,-0.2607,1
GLU,A,148,N,1175,9.375,-9.196,9.653,-0.5163,-0.0062,1
GLU,A,148,CA,1176,9.31,-10.499,10.357,0.0397,-0.1217,1
GLU,A,148,C,1177,9.451,-10.334,11.85,0.5366,-0.2645,1
GLU,A,148,O,1178,8.646,-10.861,12.633,-0.5819,0.4881,1
GLU,A,148,CB,1179,10.37,-11.468,9.815,0.056,0.2169,1
GLU,A,148,CG,1180,10.016,-11.94,8.409,0.0136,0.2169,1
GLU,A,148,CD,1181,11.127,-12.682,7.733,0.8054,-0.2645,1
GLU,A,148,OE1,1182,12.313,-12.505,8.065,-0.8188,0.7653,1
GLU,A,148,OE2,1183,10.829,-13.392,6.765,-0.8188,0.7653,1
ALA,A,149,N,1184,10.412,-9.517,12.282,-0.4157,-0.0062,1
ALA,A,149,CA,1185,10.61,-9.237,13.731,0.0337,-0.1217,1
ALA,A,149,C,1186,9.383,-8.654,14.278,0.5973,-0.2645,1
ALA,A,149,O,1187,9.051,-8.949,15.447,-0.5679,0.4881,1
ALA,A,149,CB,1188,11.815,-8.368,13.932,-0.1825,0.2169,1
ALA,A,150,N,1189,8.676,-7.774,13.577,-0.4157,-0.0062,1
ALA,A,150,CA,1190,7.523,-7.003,14.047,0.0337,-0.1217,1
ALA,A,150,C,1191,6.221,-7.776,13.972,0.5973,-0.2645,1
ALA,A,150,O,1192,5.17,-7.186,14.3,-0.5679,0.4881,1
ALA,A,150,CB,1193,7.44,-5.738,13.318,-0.1825,0.2169,1
HIS,A,151,N,1194,6.255,-9.006,13.449,-0.4157,-0.0062,1
HIS,A,151,CA,1195,5.002,-9.739,13.179,0.0188,-0.1217,1
HIS,A,151,C,1196,4.059,-8.968,12.343,0.5973,-0.2645,1
HIS,A,151,O,1197,2.834,-8.961,12.5,-0.5679,0.4881,1
HIS,A,151,CB,1198,4.403,-10.233,14.553,-0.0462,0.2169,1
HIS,A,151,CG,1199,5.348,-11.0,15.39,-0.0266,-0.1217,1
HIS,A,151,CD2,1200,6.035,-10.636,16.506,0.1292,-0.1217,1
HIS,A,151,ND1,1201,5.663,-12.314,15.169,-0.3811,0.3544,1
HIS,A,151,CE1,1202,6.492,-12.745,16.106,0.2057,-0.1217,1
HIS,A,151,NE2,1203,6.744,-11.739,16.916,-0.5727,0.3544,1
ALA,A,152,N,1204,4.575,-8.298,11.355,-0.4157,-0.0062,1
ALA,A,152,CA,1205,3.752,-7.489,10.479,0.0337,-0.1217,1
ALA,A,152,C,1206,2.75,-8.326,9.662,0.5973,-0.2645,1
ALA,A,152,O,1207,1.644,-7.822,9.354,-0.5679,0.4881,1
ALA,A,152,CB,1208,4.66,-6.792,9.496,-0.1825,0.2169,1
ALA,A,153,N,1209,3.067,-9.535,9.298,-0.4157,-0.0062,1
ALA,A,153,CA,1210,2.134,-10.351,8.528,0.0337,-0.1217,1
ALA,A,153,C,1211,0.869,-10.627,9.345,0.5973,-0.2645,1
ALA,A,153,O,1212,-0.216,-10.585,8.758,-0.5679,0.4881,1
ALA,A,153,CB,1213,2.736,-11.637,8.055,-0.1825,0.2169,1
GLU,A,154,N,1214,1.005,-10.879,10.618,-0.5163,-0.0062,1
GLU,A,154,CA,1215,-0.155,-11.165,11.475,0.0397,-0.1217,1
GLU,A,154,C,1216,-1.033,-9.923,11.505,0.5366,-0.2645,1
GLU,A,154,O,1217,-2.258,-10.02,11.517,-0.5819,0.4881,1
GLU,A,154,CB,1218,0.286,-11.527,12.866,0.056,0.2169,1
GLU,A,154,CG,1219,-0.801,-12.045,13.754,0.0136,0.2169,1
GLU,A,154,CD,1220,-0.246,-12.514,15.115,0.8054,-0.2645,1
GLU,A,154,OE1,1221,0.985,-12.292,15.437,-0.8188,0.7653,1
GLU,A,154,OE2,1222,-1.095,-13.069,15.874,-0.8188,0.7653,1
GLN,A,155,N,1223,-0.421,-8.728,11.58,-0.4157,-0.0062,1
GLN,A,155,CA,1224,-1.216,-7.495,11.573,-0.0031,-0.1217,1
GLN,A,155,C,1225,-2.021,-7.333,10.303,0.5973,-0.2645,1
GLN,A,155,O,1226,-3.191,-6.964,10.265,-0.5679,0.4881,1
GLN,A,155,CB,1227,-0.283,-6.264,11.778,-0.0036,0.2169,1
GLN,A,155,CG,1228,0.527,-6.272,13.095,-0.0645,0.2169,1
GLN,A,155,CD,1229,1.436,-5.089,13.086,0.6951,-0.2645,1
GLN,A,155,NE2,1230,2.714,-5.251,13.23,-0.9407,-0.0062,1
GLN,A,155,OE1,1231,0.932,-3.965,12.975,-0.6086,0.4881,1
GLN,A,156,N,1232,-1.366,-7.597,9.186,-0.4157,-0.0062,1
GLN,A,156,CA,1233,-2.018,-7.493,7.899,-0.0031,-0.1217,1
GLN,A,156,C,1234,-3.161,-8.498,7.768,0.5973,-0.2645,1
GLN,A,156,O,1235,-4.263,-8.175,7.375,-0.5679,0.4881,1
GLN,A,156,CB,1236,-1.032,-7.696,6.752,-0.0036,0.2169,1
GLN,A,156,CG,1237,-0.002,-6.597,6.605,-0.0645,0.2169,1
GLN,A,156,CD,1238,-0.599,-5.261,6.243,0.6951,-0.2645,1
GLN,A,156,NE2,1239,-0.189,-4.268,6.915,-0.9407,-0.0062,1
GLN,A,156,OE1,1240,-1.452,-5.22,5.351,-0.6086,0.4881,1
ARG,A,157,N,1241,-2.865,-9.753,8.164,-0.3479,-0.0062,1
ARG,A,157,CA,1242,-3.868,-10.82,8.037,-0.2637,-0.1217,1
ARG,A,157,C,1243,-5.078,-10.566,8.888,0.7341,-0.2645,1
ARG,A,157,O,1244,-6.195,-10.806,8.433,-0.5894,0.4881,1
ARG,A,157,CB,1245,-3.25,-12.199,8.354,-0.0007,0.2169,1
ARG,A,157,CG,1246,-4.297,-13.296,8.214,0.039,0.2169,1
ARG,A,157,CD,1247,-3.783,-14.687,8.434,0.0486,-0.1217,1
ARG,A,157,NE,1248,-3.338,-14.9,9.75,-0.5295,-0.0062,1
ARG,A,157,CZ,1249,-4.089,-15.356,10.758,0.8076,-0.2645,1
ALA,A,158,N,1250,-4.877,-10.044,10.099,-0.4157,-0.0062,1
ALA,A,158,CA,1251,-6.007,-9.718,10.977,0.0337,-0.1217,1
ALA,A,158,C,1252,-6.942,-8.723,10.307,0.5973,-0.2645,1
ALA,A,158,O,1253,-8.18,-8.889,10.339,-0.5679,0.4881,1
ALA,A,158,CB,1254,-5.558,-9.229,12.308,-0.1825,0.2169,1
TYR,A,159,N,1255,-6.399,-7.689,9.664,-0.4157,-0.0062,1
TYR,A,159,CA,1256,-7.218,-6.725,8.896,-0.0014,-0.1217,1
TYR,A,159,C,1257,-7.876,-7.366,7.69,0.5973,-0.2645,1
TYR,A,159,O,1258,-9.066,-7.241,7.422,-0.5679,0.4881,1
TYR,A,159,CB,1259,-6.355,-5.503,8.483,-0.0152,0.2169,1
TYR,A,159,CG,1260,-7.018,-4.644,7.457,-0.0011,-0.2607,1
TYR,A,159,CD1,1261,-7.983,-3.685,7.833,-0.1906,-0.2607,1
TYR,A,159,CD2,1262,-6.799,-4.769,6.109,-0.1906,-0.2607,1
TYR,A,159,CE1,1263,-8.638,-2.926,6.908,-0.2341,-0.2607,1
TYR,A,159,CE2,1264,-7.442,-3.981,5.214,-0.2341,-0.2607,1
TYR,A,159,CZ,1265,-8.331,-3.03,5.577,0.3226,-0.1217,1
LEU,A,160,N,1266,-7.092,-8.085,6.871,-0.4157,-0.0062,1
LEU,A,160,CA,1267,-7.559,-8.571,5.572,-0.0518,-0.1217,1
LEU,A,160,C,1268,-8.684,-9.58,5.734,0.5973,-0.2645,1
LEU,A,160,O,1269,-9.571,-9.585,4.889,-0.5679,0.4881,1
LEU,A,160,CB,1270,-6.372,-9.153,4.748,-0.1102,0.2169,1
LEU,A,160,CG,1271,-5.338,-8.09,4.356,0.3531,1.5299,1
LEU,A,160,CD1,1272,-4.048,-8.77,3.844,-0.4121,-0.9227,1
LEU,A,160,CD2,1273,-5.848,-7.121,3.333,-0.4121,-0.9227,1
GLU,A,161,N,1274,-8.592,-10.465,6.714,-0.5163,-0.0062,1
GLU,A,161,CA,1275,-9.654,-11.495,6.993,0.0397,-0.1217,1
GLU,A,161,C,1276,-10.726,-10.95,7.835,0.5366,-0.2645,1
GLU,A,161,O,1277,-11.777,-11.661,7.939,-0.5819,0.4881,1
GLU,A,161,CB,1278,-8.979,-12.69,7.709,0.056,0.2169,1
GLU,A,161,CG,1279,-7.959,-13.433,6.871,0.0136,0.2169,1
GLU,A,161,CD,1280,-7.354,-14.685,7.583,0.8054,-0.2645,1
GLU,A,161,OE1,1281,-7.348,-14.757,8.854,-0.8188,0.7653,1
GLU,A,161,OE2,1282,-6.816,-15.51,6.847,-0.8188,0.7653,1
GLY,A,162,N,1283,-10.63,-9.804,8.477,-0.4157,-0.0062,1
GLY,A,162,CA,1284,-11.543,-9.258,9.431,-0.0252,-0.1217,1
GLY,A,162,C,1285,-12.244,-7.997,8.915,0.5973,-0.2645,1
GLY,A,162,O,1286,-13.149,-8.062,8.092,-0.5679,0.4881,1
GLY,A,162,1HA,1287,-12.298,-10.009,9.664,0.0698,nan,1
GLY,A,162,2HA,1288,-10.97,-8.98,10.316,0.0698,nan,1
ARG,A,163,N,1289,-11.747,-6.872,9.323,-0.3479,-0.0062,1
ARG,A,163,CA,1290,-12.269,-5.563,8.968,-0.2637,-0.1217,1
ARG,A,163,C,1291,-12.464,-5.399,7.498,0.7341,-0.2645,1
ARG,A,163,O,1292,-13.454,-4.807,7.041,-0.5894,0.4881,1
ARG,A,163,CB,1293,-11.41,-4.453,9.553,-0.0007,0.2169,1
ARG,A,163,CG,1294,-11.67,-4.353,11.045,0.039,0.2169,1
ARG,A,163,CD,1295,-10.795,-3.254,11.681,0.0486,-0.1217,1
ARG,A,163,NE,1296,-11.467,-2.006,11.366,-0.5295,-0.0062,1
ARG,A,163,CZ,1297,-11.142,-1.108,10.471,0.8076,-0.2645,1
CYS,A,164,N,1298,-11.482,-5.785,6.669,-0.4157,-0.0062,1
CYS,A,164,CA,1299,-11.581,-5.564,5.292,0.0213,-0.1217,1
CYS,A,164,C,1300,-12.831,-6.21,4.692,0.5973,-0.2645,1
CYS,A,164,O,1301,-13.622,-5.598,3.991,-0.5679,0.4881,1
CYS,A,164,CB,1302,-10.336,-6.136,4.57,-0.1231,-0.1217,1
CYS,A,164,SG,1303,-10.141,-5.661,2.879,-0.3119,0.4989,1
VAL,A,165,N,1304,-13.066,-7.481,5.022,-0.4157,-0.0062,1
VAL,A,165,CA,1305,-14.195,-8.24,4.536,-0.0875,-0.1217,1
VAL,A,165,C,1306,-15.499,-7.668,5.137,0.5973,-0.2645,1
VAL,A,165,O,1307,-16.512,-7.569,4.447,-0.5679,0.4881,1
VAL,A,165,CB,1308,-14.049,-9.734,4.937,0.2985,1.5299,1
VAL,A,165,CG1,1309,-15.372,-10.589,4.956,-0.3192,-0.9227,1
VAL,A,165,CG2,1310,-12.888,-10.323,4.172,-0.3192,-0.9227,1
GLU,A,166,N,1311,-15.471,-7.334,6.417,-0.5163,-0.0062,1
GLU,A,166,CA,1312,-16.701,-6.851,7.055,0.0397,-0.1217,1
GLU,A,166,C,1313,-17.157,-5.539,6.501,0.5366,-0.2645,1
GLU,A,166,O,1314,-18.346,-5.308,6.193,-0.5819,0.4881,1
GLU,A,166,CB,1315,-16.501,-6.719,8.557,0.056,0.2169,1
GLU,A,166,CG,1316,-16.283,-8.073,9.304,0.0136,0.2169,1
GLU,A,166,CD,1317,-15.399,-8.052,10.588,0.8054,-0.2645,1
GLU,A,166,OE1,1318,-14.926,-9.208,10.977,-0.8188,0.7653,1
GLU,A,166,OE2,1319,-15.101,-6.979,11.17,-0.8188,0.7653,1
TRP,A,167,N,1320,-16.224,-4.627,6.211,-0.4157,-0.0062,1
TRP,A,167,CA,1321,-16.6,-3.359,5.609,-0.0275,-0.1217,1
TRP,A,167,C,1322,-16.955,-3.497,4.127,0.5973,-0.2645,1
TRP,A,167,O,1323,-17.887,-2.84,3.67,-0.5679,0.4881,1
TRP,A,167,CB,1324,-15.511,-2.318,5.857,-0.005,0.2169,1
TRP,A,167,CG,1325,-15.57,-1.758,7.257,-0.1415,-0.2607,1
TRP,A,167,CD1,1326,-14.955,-2.295,8.344,-0.1638,-0.1217,1
TRP,A,167,CD2,1327,-16.321,-0.656,7.71,0.1243,-0.2607,1
TRP,A,167,CE2,1328,-16.09,-0.536,9.088,0.138,-0.1217,1
TRP,A,167,CE3,1329,-17.115,0.255,7.066,-0.2387,-0.2607,1
TRP,A,167,NE1,1330,-15.229,-1.513,9.498,-0.3418,-0.0062,1
TRP,A,167,CZ2,1331,-16.684,0.491,9.853,-0.2601,-0.2607,1
TRP,A,167,CZ3,1332,-17.704,1.303,7.842,-0.1972,-0.2607,1
LEU,A,168,N,1333,-16.266,-4.368,3.375,-0.4157,-0.0062,1
LEU,A,168,CA,1334,-16.661,-4.599,1.997,-0.0518,-0.1217,1
LEU,A,168,C,1335,-18.143,-5.089,1.986,0.5973,-0.2645,1
LEU,A,168,O,1336,-18.907,-4.582,1.142,-0.5679,0.4881,1
LEU,A,168,CB,1337,-15.719,-5.628,1.351,-0.1102,0.2169,1
LEU,A,168,CG,1338,-16.133,-6.05,-0.032,0.3531,1.5299,1
LEU,A,168,CD1,1339,-16.362,-4.932,-0.982,-0.4121,-0.9227,1
LEU,A,168,CD2,1340,-15.043,-6.954,-0.549,-0.4121,-0.9227,1
ARG,A,169,N,1341,-18.496,-6.012,2.857,-0.3479,-0.0062,1
ARG,A,169,CA,1342,-19.904,-6.497,2.926,-0.2637,-0.1217,1
ARG,A,169,C,1343,-20.865,-5.375,3.229,0.7341,-0.2645,1
ARG,A,169,O,1344,-21.944,-5.284,2.556,-0.5894,0.4881,1
ARG,A,169,CB,1345,-20.057,-7.607,3.909,-0.0007,0.2169,1
ARG,A,169,CG,1346,-19.338,-8.861,3.473,0.039,0.2169,1
ARG,A,169,CD,1347,-19.845,-10.105,4.18,0.0486,-0.1217,1
ARG,A,169,NE,1348,-19.359,-10.128,5.534,-0.5295,-0.0062,1
ARG,A,169,CZ,1349,-18.526,-11.028,6.1,0.8076,-0.2645,1
ARG,A,170,N,1350,-20.503,-4.484,4.136,-0.3479,-0.0062,1
ARG,A,170,CA,1351,-21.31,-3.338,4.45,-0.2637,-0.1217,1
ARG,A,170,C,1352,-21.495,-2.449,3.26,0.7341,-0.2645,1
ARG,A,170,O,1353,-22.634,-2.014,2.932,-0.5894,0.4881,1
ARG,A,170,CB,1354,-20.689,-2.535,5.572,-0.0007,0.2169,1
ARG,A,170,CG,1355,-21.441,-1.279,5.996,0.039,0.2169,1
ARG,A,170,CD,1356,-20.566,-0.447,6.934,0.0486,-0.1217,1
ARG,A,170,NE,1357,-21.101,0.84,7.356,-0.5295,-0.0062,1
ARG,A,170,CZ,1358,-21.608,1.021,8.571,0.8076,-0.2645,1
TYR,A,171,N,1359,-20.436,-2.086,2.559,-0.4157,-0.0062,1
TYR,A,171,CA,1360,-20.544,-1.252,1.377,-0.0014,-0.1217,1
TYR,A,171,C,1361,-21.345,-1.877,0.29,0.5973,-0.2645,1
TYR,A,171,O,1362,-22.134,-1.192,-0.37,-0.5679,0.4881,1
TYR,A,171,CB,1363,-19.144,-0.898,0.846,-0.0152,0.2169,1
TYR,A,171,CG,1364,-18.21,-0.198,1.779,-0.0011,-0.2607,1
TYR,A,171,CD1,1365,-18.62,0.651,2.778,-0.1906,-0.2607,1
TYR,A,171,CD2,1366,-16.808,-0.388,1.651,-0.1906,-0.2607,1
TYR,A,171,CE1,1367,-17.747,1.298,3.62,-0.2341,-0.2607,1
TYR,A,171,CE2,1368,-15.932,0.216,2.493,-0.2341,-0.2607,1
TYR,A,171,CZ,1369,-16.415,1.087,3.493,0.3226,-0.1217,1
LEU,A,172,N,1370,-21.183,-3.149,0.034,-0.4157,-0.0062,1
LEU,A,172,CA,1371,-22.002,-3.831,-0.977,-0.0518,-0.1217,1
LEU,A,172,C,1372,-23.486,-3.745,-0.618,0.5973,-0.2645,1
LEU,A,172,O,1373,-24.263,-3.661,-1.601,-0.5679,0.4881,1
LEU,A,172,CB,1374,-21.573,-5.279,-1.106,-0.1102,0.2169,1
LEU,A,172,CG,1375,-20.191,-5.503,-1.761,0.3531,1.5299,1
LEU,A,172,CD1,1376,-19.713,-6.917,-1.532,-0.4121,-0.9227,1
LEU,A,172,CD2,1377,-20.235,-5.153,-3.218,-0.4121,-0.9227,1
GLU,A,173,N,1378,-23.851,-3.844,0.605,-0.5163,-0.0062,1
GLU,A,173,CA,1379,-25.3,-3.727,0.99,0.0397,-0.1217,1
GLU,A,173,C,1380,-25.706,-2.283,0.874,0.5366,-0.2645,1
GLU,A,173,O,1381,-26.732,-1.955,0.185,-0.5819,0.4881,1
GLU,A,173,CB,1382,-25.461,-4.229,2.411,0.056,0.2169,1
GLU,A,173,CG,1383,-26.91,-4.202,2.873,0.0136,0.2169,1
GLU,A,173,CD,1384,-27.872,-4.964,1.925,0.8054,-0.2645,1
GLU,A,173,OE1,1385,-27.584,-5.992,1.251,-0.8188,0.7653,1
GLU,A,173,OE2,1386,-29.059,-4.47,1.849,-0.8188,0.7653,1
ASN,A,174,N,1387,-24.955,-1.327,1.401,-0.4157,-0.0062,1
ASN,A,174,CA,1388,-25.44,0.097,1.409,0.0143,-0.1217,1
ASN,A,174,C,1389,-25.468,0.612,0.009,0.5973,-0.2645,1
ASN,A,174,O,1390,-26.259,1.5,-0.36,-0.5679,0.4881,1
ASN,A,174,CB,1391,-24.533,0.984,2.248,-0.2041,0.2169,1
ASN,A,174,CG,1392,-24.613,0.72,3.747,0.713,-0.2645,1
ASN,A,174,ND2,1393,-25.582,0.038,4.149,-0.9191,-0.0062,1
ASN,A,174,OD1,1394,-23.713,1.135,4.512,-0.5931,0.4881,1
GLY,A,175,N,1395,-24.481,0.216,-0.817,-0.4157,-0.0062,1
GLY,A,175,CA,1396,-24.36,0.641,-2.172,-0.0252,-0.1217,1
GLY,A,175,C,1397,-24.97,-0.295,-3.165,0.5973,-0.2645,1
GLY,A,175,O,1398,-24.673,-0.227,-4.397,-0.5679,0.4881,1
GLY,A,175,1HA,1399,-24.848,1.611,-2.272,0.0698,nan,1
GLY,A,175,2HA,1400,-23.293,0.681,-2.393,0.0698,nan,1
LYS,A,176,N,1401,-25.849,-1.23,-2.769,-0.3479,-0.0062,1
LYS,A,176,CA,1402,-26.309,-2.287,-3.666,-0.24,-0.1217,1
LYS,A,176,C,1403,-26.957,-1.768,-4.965,0.7341,-0.2645,1
LYS,A,176,O,1404,-26.848,-2.416,-5.994,-0.5894,0.4881,1
LYS,A,176,CB,1405,-27.267,-3.243,-2.944,-0.0094,0.2169,1
LYS,A,176,CG,1406,-28.586,-2.653,-2.509,0.0187,0.2169,1
LYS,A,176,CD,1407,-29.289,-3.623,-1.532,-0.0479,0.2169,1
LYS,A,176,CE,1408,-29.511,-4.972,-2.189,-0.0143,-0.1217,1
LYS,A,176,NZ,1409,-30.557,-5.743,-1.43,-0.3854,-0.1231,1
GLU,A,177,N,1410,-27.658,-0.655,-4.905,-0.5163,-0.0062,1
GLU,A,177,CA,1411,-28.421,-0.226,-6.078,0.0397,-0.1217,1
GLU,A,177,C,1412,-27.53,0.137,-7.23,0.5366,-0.2645,1
GLU,A,177,O,1413,-28.001,0.138,-8.347,-0.5819,0.4881,1
GLU,A,177,CB,1414,-29.371,0.922,-5.734,0.056,0.2169,1
GLU,A,177,CG,1415,-30.582,0.451,-4.9,0.0136,0.2169,1
GLU,A,177,CD,1416,-31.399,1.621,-4.286,0.8054,-0.2645,1
GLU,A,177,OE1,1417,-32.182,1.363,-3.332,-0.8188,0.7653,1
GLU,A,177,OE2,1418,-31.278,2.8,-4.737,-0.8188,0.7653,1
THR,A,178,N,1419,-26.295,0.526,-6.962,-0.4157,-0.0062,1
THR,A,178,CA,1420,-25.293,0.675,-7.994,-0.0389,-0.1217,1
THR,A,178,C,1421,-24.218,-0.413,-8.043,0.5973,-0.2645,1
THR,A,178,O,1422,-24.024,-1.04,-9.134,-0.5679,0.4881,1
THR,A,178,CB,1423,-24.641,2.013,-7.854,0.3654,-0.1217,1
THR,A,178,CG2,1424,-25.613,3.121,-8.086,-0.2438,0.2169,1
THR,A,178,OG1,1425,-24.155,2.152,-6.544,-0.6761,0.4881,1
LEU,A,179,N,1426,-23.536,-0.734,-6.915,-0.4157,-0.0062,1
LEU,A,179,CA,1427,-22.461,-1.765,-6.931,-0.0518,-0.1217,1
LEU,A,179,C,1428,-22.898,-3.103,-7.384,0.5973,-0.2645,1
LEU,A,179,O,1429,-22.173,-3.887,-7.929,-0.5679,0.4881,1
LEU,A,179,CB,1430,-21.838,-1.96,-5.589,-0.1102,0.2169,1
LEU,A,179,CG,1431,-21.124,-0.737,-5.013,0.3531,1.5299,1
LEU,A,179,CD1,1432,-20.738,-0.895,-3.572,-0.4121,-0.9227,1
LEU,A,179,CD2,1433,-19.916,-0.343,-5.824,-0.4121,-0.9227,1
