Chain,ResNum,Residue,X,Y,Z,Weight
A,2,SER,-15.150245401707938,-12.49325848256362,-7.268278510838831,0.0
A,3,HIS,-19.377987869437693,-8.018001640075376,-4.957642622658547,0.0
A,4,SER,-12.151944406363352,-6.384785393996516,-5.650039513894839,0.0
A,5,MET,-12.606997973538522,-2.479482694312692,1.157379799997063,0.0
A,6,ARG,-8.309376182782026,-4.700792742197756,-5.711224655821993,0.0
A,7,TYR,-8.64657142857143,0.9501428571428572,1.1158571428571429,1.0
A,8,PHE,-4.923857142857144,0.4715714285714286,-6.096428571428573,0.0
A,9,SER,-0.8236331933853142,4.54780828549396,-0.525965527089938,5.4
A,10,THR,1.494265497958592,6.837612532295221,-5.803916459694063,0.0
A,11,SER,4.848859380801417,9.419591087596038,-0.4149949590152229,0.0
A,12,VAL,5.684666666666666,11.433333333333334,-6.207666666666666,0.0
A,13,SER,11.039571330648617,12.138130808556822,-3.4403030374432357,0.0
A,14,ARG,6.163301147415807,17.442342598653937,-4.162777111763695,0.0
A,15,PRO,13.454999999999998,16.213666666666665,-5.435999999999999,0.0
A,16,GLY,13.653,21.7625,-3.7865,0.0
A,17,ARG,8.686692856845864,21.415845423277784,-7.29294471943445,0.0
A,18,GLY,8.5165,21.1655,0.3749999999999999,0.0
A,19,GLU,7.277190293362809,17.559166957217066,4.460110124970969,0.0
A,20,PRO,7.484666666666665,13.763,0.8273333333333333,0.0
A,21,ARG,0.5199487751475647,15.468373583296506,-4.956816552711538,0.0
A,22,PHE,-0.3007142857142857,9.269857142857145,1.243142857142857,0.0
A,23,ILE,-2.4555,11.3625,-4.97075,0.0
A,24,ALA,-4.649,7.323,-0.126,1.2
A,25,VAL,-7.248,6.3663333333333325,-5.222666666666666,0.0
A,26,GLY,-9.903999999999998,2.8265,-2.057,0.0
A,27,TYR,-10.500714285714286,2.4120000000000004,-7.474428571428572,0.0
A,28,VAL,-16.459666666666667,-1.4576666666666664,-3.066,0.0
A,29,ASP,-16.6996727751121,-5.046610708879559,-6.993737158341188,0.0
A,30,ASP,-14.602158673207091,-2.707636120869391,-12.035697301716503,0.0
A,31,THR,-17.868182242500264,2.140597655254439,-8.090129695612847,0.0
A,32,GLN,-11.678830745524548,7.31894376032153,-6.851290143390722,0.0
A,33,PHE,-14.384571428571432,3.0762857142857145,-0.8765714285714289,0.0
A,34,VAL,-12.542666666666664,6.196999999999999,0.2593333333333333,0.0
A,35,ARG,-8.76951391554718,11.846489966114826,-5.068774962554837,0.0
A,36,PHE,-5.193714285714286,12.498714285714286,2.446428571428572,0.0
A,37,ASP,-4.027093882986319,15.720370008996658,-3.529975609059492,0.0
A,38,SER,-0.2084793576671522,15.239718490275042,0.4341257675720447,0.0
A,39,ASP,0.0662539842344272,18.8043682382258,-2.972487736697798,0.0
A,40,ALA,-6.779,18.336,-1.128,0.0
A,41,ALA,-7.772999999999999,23.482,0.593,0.0
A,42,SER,-10.291903393025448,18.98752350555508,2.304796839745238,0.0
A,43,GLN,-3.3697190196601587,18.707813570255453,4.4146335715456,0.0
A,44,ARG,-11.400692856845865,17.333890652391894,6.802163033027486,0.0
A,45,MET,-10.125762243204749,8.961696016094214,2.717222426173659,2.8
A,46,GLU,-11.807007911006322,15.319197081364887,-0.8638876848767781,0.0
A,47,PRO,-17.098333333333333,11.899333333333333,0.378,0.0
A,48,ARG,-13.710115586051026,10.972037569576123,-5.531861435335018,0.0
A,49,ALA,-19.422,6.378,-4.459,0.0
A,50,PRO,-23.389666666666663,8.889666666666665,-4.9353333333333325,0.0
A,51,TRP,-20.99659236617481,3.3754146074553613,-2.278537495070156,0.0
A,52,ILE,-18.371,5.9295,0.93125,0.0
A,53,GLU,-21.88462070090751,11.995520503646825,-0.6395690309531719,0.0
A,54,GLN,-25.23045840179021,5.111786743740152,3.146650646571109,0.0
A,55,GLU,-19.981921907108145,4.60092953883331,6.383176717358646,0.0
A,56,GLY,-21.741000000000003,9.3625,10.0835,0.0
A,57,PRO,-20.256,12.366666666666664,11.828333333333331,0.0
A,58,GLU,-18.602245496958773,8.310465470559356,15.958010433356163,0.0
A,59,TYR,-16.094285714285718,5.553428571428572,7.147714285714287,0.0
A,60,TRP,-16.699774480597352,10.289065536282662,5.361858828314597,0.0
A,61,ASP,-13.945343847285296,13.203580459400792,12.481649747950762,0.0
A,62,GLU,-11.90475416496403,4.7262320914631095,12.58294013975817,0.0
A,63,GLU,-11.378559159099128,5.3232428628964685,6.838942047689462,9.9
A,64,THR,-9.600439060102843,12.712282853673283,7.794895575866911,0.0
A,65,GLY,-6.537000000000001,10.468,11.3915,0.0
A,66,LYS,-7.994871312735352,3.882943957799698,10.339852250915945,0.0
A,67,VAL,-5.537999999999999,9.160666666666666,4.604333333333333,7.6
A,68,LYS,-4.512536027128766,14.371019512096067,8.45742941792475,0.0
A,69,ALA,-1.304,7.699,10.791999999999998,0.0
A,70,HIS,-0.1931010293793588,4.591462054225304,4.233603432824753,3.2
A,71,SER,0.9246663025162084,11.55819825493388,4.291855839259704,0.0
A,72,GLN,2.5818682532813115,11.836519332928926,10.358658425291424,0.0
A,73,THR,4.009912741683199,4.980352946173796,8.10057075964359,0.0
A,74,ASP,3.6413042655585066,5.785264069774083,2.266429554736812,3.6
A,75,ARG,8.021420579996304,13.282759643478869,5.872163864927316,0.0
A,76,GLU,11.337317754344287,7.663883589733036,8.629932061183151,2.4
A,77,ASN,7.984806662972296,3.4313626058568736,4.706968466802669,2.7
A,78,LEU,9.536,8.727500000000001,-0.2804999999999999,0.0
A,79,ARG,13.039814334849188,11.29827106332656,5.624009773614302,0.0
A,80,ILE,13.57075,3.4895000000000005,6.102,3.0
A,81,ALA,13.405,3.647,-0.083,0.0
A,82,LEU,16.302,8.75,-0.6829999999999999,0.0
A,83,ARG,18.76442037242424,5.826069039627891,5.655215817893549,0.0
A,84,TYR,16.895285714285716,-0.0628571428571428,3.679571428571429,0.0
A,85,TYR,16.836285714285715,0.4265714285714286,-3.335714285714286,0.0
A,86,ASN,24.106343121936085,3.0082136764286167,-0.8726241425301704,0.0
A,87,GLN,17.71319605645985,5.526864461590505,-5.1165532706816,0.0
A,88,SER,21.077328927826805,12.642249078913547,-4.4380604989575305,0.0
A,89,GLU,18.026817391278783,13.880351864863195,1.382336660208902,0.0
A,90,ALA,19.424,15.762,-5.777,0.0
A,91,GLY,16.323,12.7235,-7.698,0.0
A,92,SER,10.592885135521092,12.714204524033931,-8.004942635592496,0.0
A,93,HIS,14.468529293371274,8.53304594814343,-5.321894163729852,0.0
A,94,THR,7.442467479898253,6.975784285407306,-7.093699980510427,0.0
A,95,VAL,7.155999999999998,4.389333333333333,-0.9173333333333332,1.5
A,96,GLN,3.6913148363228223,3.165401252953929,-7.2466546408690355,0.0
A,97,ARG,0.2456393789985421,0.1430004854091989,1.91905829519519,4.7
A,98,MET,-2.897002716633137,-3.888216346789233,-4.238181529831569,0.0
A,99,TYR,-4.374857142857143,-1.2617142857142858,2.2651428571428576,2.1
A,100,GLY,-7.605,-4.665,0.0755,0.0
A,101,CYS,-11.069596932640607,-7.644577920457382,1.8995273725525788,0.0
A,102,ASP,-10.205390176505867,-10.315965459257988,-4.010019824779367,0.0
A,103,VAL,-15.842999999999998,-10.723,0.1983333333333333,0.0
A,104,GLY,-16.602999999999998,-15.19,-2.9985,0.0
A,105,SER,-20.991353454431213,-16.458106688944106,-4.314466412475367,0.0
A,106,ASP,-19.12438431796761,-18.16801641890155,0.4140744651986405,0.0
A,107,TRP,-21.958239290269457,-11.442408024397896,1.3708351923080069,0.0
A,108,ARG,-17.524378400644373,-19.20649821484804,3.6745890546994273,0.0
A,109,PHE,-9.45614285714286,-13.73357142857143,3.266142857142857,0.0
A,110,LEU,-12.983,-15.73975,-2.46125,0.0
A,111,ARG,-5.546527120546829,-13.23395688496221,-3.957233493750437,0.0
A,112,GLY,-6.1715,-10.339,1.062,0.0
A,113,TYR,-5.285857142857143,-9.154714285714286,-3.412285714285715,0.0
A,114,HIS,0.455087258741678,-4.578450998376491,3.2859829778741028,2.3
A,115,GLN,1.0922830051996435,-5.726591532536613,-4.517390046872203,0.0
A,116,TYR,4.426857142857143,-1.0574285714285714,1.327714285714286,5.8
A,117,ALA,5.798,-0.504,-6.262,0.0
A,118,TYR,12.39,3.207714285714286,-3.928571428571429,0.0
A,119,ASP,12.25238636006626,5.208889765944078,-7.501226530145946,0.0
A,120,GLY,7.321,2.078,-10.512,0.0
A,121,LYS,12.817658648390012,-1.1438300004157886,-11.158988077176838,0.0
A,122,ASP,6.743254259132322,-5.993383022020392,-8.385172025390567,0.0
A,123,TYR,11.029285714285717,-2.249,-0.9217142857142858,0.0
A,124,ILE,8.34575,-6.41425,1.262,0.0
A,125,ALA,4.351,-8.775,-2.595,0.0
A,126,LEU,1.04175,-10.687,3.32375,0.0
A,127,LYS,5.830218382246529,-15.99925692264105,-0.0690531313566929,0.0
A,128,GLU,-1.4472649084692746,-16.64190042009766,-4.071888525660059,0.0
A,129,ASP,1.961295679461914,-17.978935209779223,2.9021637141918712,0.0
A,130,LEU,-3.0692500000000003,-13.75575,3.8925,0.0
A,131,ARG,0.6161276126602196,-18.688760821869327,7.819295116544942,0.0
A,132,SER,5.776008039870905,-16.284716990831978,3.5209735669608437,0.0
A,133,TRP,5.567360225020743,-9.429021506749551,4.491724415171879,0.0
A,134,THR,7.642766070152468,-12.79882500362306,-2.720669941581254,0.0
A,135,ALA,12.495,-9.511,-0.3579999999999999,0.0
A,136,ALA,11.365,-7.043000000000001,-5.449,0.0
A,137,ASP,15.489839488190098,-4.820401554422642,-4.317278103847142,0.0
A,138,MET,20.63892569641257,-8.892093070382824,-1.581846238564443,0.0
A,139,ALA,17.166,-2.561,-1.028,0.0
A,140,ALA,12.916,-5.714,-0.975,0.0
A,141,GLN,15.58776709720932,-10.665793870120051,0.9935194037959912,0.0
A,142,ILE,17.97875,-4.12725,4.5965,0.0
A,143,THR,11.656592503010888,-3.525052451938213,4.186430574642566,0.0
A,144,LYS,11.738594357456494,-11.945983224696432,3.629654801860542,0.0
A,145,ARG,17.235076560247304,-10.322421169191536,6.776743181144979,0.0
A,146,LYS,14.317434235272616,-3.136628462126317,9.549607805160743,0.0
A,147,TRP,7.1629594865295125,-4.864732952001159,6.6470085557221,0.0
A,148,GLU,10.72742406639248,-12.977576380457371,7.534176270508792,0.0
A,149,ALA,12.159000000000002,-9.434,13.514,0.0
A,150,ALA,7.92,-6.418,13.536,0.0
A,151,HIS,6.108303426829288,-12.389563704976815,15.270738845147118,0.0
A,152,VAL,4.603,-6.260666666666666,9.63,4.6
A,153,ALA,2.991,-11.887,7.984999999999999,0.0
A,154,GLU,0.0656624402117833,-12.92589638081015,14.621353490573524,0.0
A,155,GLN,1.0591374348605993,-5.9671928980298645,13.456790263168177,0.0
A,156,GLN,-0.6633281447941326,-5.702625341577736,7.182940242710609,3.7
A,157,ARG,-3.867270370345301,-14.854694485512985,8.801318684354127,0.0
A,158,ALA,-5.518,-9.542,12.398,1.4
A,159,TYR,-6.965000000000002,-4.061714285714286,7.174428571428572,0.0
A,160,LEU,-5.3015,-8.360249999999999,4.16125,0.0
A,161,GLU,-7.612811108922592,-14.40721464080033,7.447085665820983,0.0
A,162,GLY,-11.682,-9.677,9.948,0.0
A,163,THR,-10.82552107622422,-4.301868490357658,10.27827293398032,0.0
A,164,CYS,-10.256564965855208,-5.8059251310207145,3.396415704335595,0.0
A,165,VAL,-14.018333333333333,-10.162,4.993666666666667,0.0
A,166,ASP,-16.20764157241596,-7.609231842458514,9.65618674135321,0.0
A,167,GLY,-15.7855,-2.6905,5.9190000000000005,3.8
A,168,LEU,-15.75375,-5.988,0.10375,0.0
A,169,ARG,-20.806594253670458,-8.960903371982347,5.409239628407333,0.0
A,170,ARG,-20.51265185588439,0.0092436138553706,7.246307246940165,0.0
A,171,TYR,-17.159714285714287,0.3408571428571429,2.6442857142857146,2.9
A,172,LEU,-20.46775,-5.5915,-1.6502499999999998,0.0
A,173,GLU,-26.973936323895582,-4.312581766174054,3.0165746988908126,0.0
A,174,ASN,-23.77518955566488,1.3415767568530028,3.5951328633560213,0.0
A,175,GLY,-23.9165,1.115,-2.5045,0.0
A,176,LYS,-29.051705784008377,-5.027095275576085,-2.382673552321858,0.0
A,177,GLU,-30.85349290184884,1.309732060595192,-4.988950687766603,0.0
A,178,THR,-24.451152678317097,2.809147910867685,-7.218077723417971,0.0
A,179,LEU,-20.703750000000003,-0.867,-4.9035,0.0
