Chain,ResNum,Residue,X,Y,Z,Weight
A,2,SER,-16.03651887156199,-13.246532223745469,-7.233013080855683,0.0
A,3,HIS,-19.2909854659923,-7.969790759567632,-5.217013826647952,0.0
A,4,SER,-12.275333968811584,-6.229762502499073,-5.514034608573958,0.0
A,5,MET,-12.61347530800746,-2.2884066726383643,1.2536371459199107,0.0
A,6,ARG,-8.492909992048443,-4.54550091811959,-5.743306657744936,0.0
A,7,TYR,-8.721142857142858,1.7978571428571433,1.072857142857143,1.0
A,8,PHE,-5.218000000000001,0.7465714285714288,-6.300428571428573,0.0
A,9,PHE,-2.742571428571429,3.688,0.634857142857143,5.4
A,10,THR,0.898430384744162,6.870952795254538,-5.894981689795959,0.0
A,11,SER,4.014530045982921,8.274215969782652,-0.6002092936909149,0.0
A,12,VAL,5.620333333333331,11.531666666666666,-6.4913333333333325,0.0
A,13,SER,10.930083661782769,12.319731571130722,-3.280167187901637,0.0
A,14,ARG,6.058068589351231,17.460005891952292,-3.7645003640568975,0.0
A,15,PRO,13.263333333333332,16.747999999999998,-5.143666666666666,0.0
A,16,GLY,13.982,19.856,-0.0614999999999999,0.0
A,17,ARG,9.677059266013586,21.566304300964017,-5.280977125172076,0.0
A,18,GLY,8.273,21.2045,0.661,0.0
A,19,GLU,5.315143956208714,16.804210098806735,4.5006215975470285,0.0
A,20,PRO,6.629,13.693333333333332,1.0179999999999998,0.0
A,21,ARG,0.604023706727752,15.48853027409504,-5.082411984772461,0.0
A,22,PHE,-0.4705714285714286,9.648428571428571,1.1450000000000002,0.0
A,23,ILE,-2.54525,11.2945,-5.14275,0.0
A,24,ALA,-4.742,7.662,-0.122,1.2
A,25,VAL,-7.338666666666666,6.4063333333333325,-5.159,0.0
A,26,GLY,-10.193,3.1535,-1.846,0.0
A,27,TYR,-10.811000000000002,2.3398571428571437,-7.389000000000001,0.0
A,28,VAL,-16.609666666666666,-1.5590000000000002,-3.1266666666666665,0.0
A,29,ASP,-17.08260818838717,-4.599521459886328,-7.250818163967669,0.0
A,30,ASP,-14.00226011767058,-2.523502723988233,-12.28968176820038,0.0
A,31,THR,-17.926691969796156,1.880574767499388,-8.082900628163932,0.0
A,32,GLN,-12.110561565156663,7.491714732505602,-6.507784469028518,0.0
A,33,PHE,-14.668000000000005,3.179428571428572,-0.8778571428571429,0.0
A,34,VAL,-12.789,6.634,0.4966666666666666,0.0
A,35,ARG,-10.018186497050635,12.960942362653531,-3.294100613465689,0.0
A,36,PHE,-5.404714285714286,12.862142857142858,2.5741428571428573,0.0
A,37,ASP,-4.385425331305515,15.487562269728386,-3.865208065575643,0.0
A,38,SER,-0.1230636335075543,15.610171957558624,0.1168050152800388,0.0
A,39,ASP,0.1895534801359495,18.70641647388113,-2.7905474181018475,0.0
A,40,ALA,-6.891,18.685,-1.83,0.0
A,41,ALA,-8.916,22.819,0.451,0.0
A,42,SER,-10.12689017650587,17.892410547510927,2.5390752149201727,0.0
A,43,GLN,-4.162738553833378,18.520886090279184,4.308809408481092,0.0
A,44,ARG,-11.47297300080547,15.912567982589731,7.571097771275572,0.0
A,45,MET,-9.799451798117444,8.894602020587675,2.991041101925138,2.8
A,46,GLU,-11.92564134713472,15.586582551101102,-0.1376086947574516,0.0
A,47,PRO,-17.11933333333333,12.07633333333333,0.6619999999999999,0.0
A,48,ARG,-14.192114407660569,11.64411672930895,-4.853154091313012,0.0
A,49,ALA,-19.334,6.027000000000001,-4.407,0.0
A,50,PRO,-23.392,7.747999999999999,-4.633666666666667,0.0
A,51,TRP,-20.99357343775008,2.9828150723640388,-1.921628796616442,0.0
A,52,ILE,-18.13975,6.043,1.5167499999999998,0.0
A,53,GLU,-22.0381577556378,11.731843981784989,-0.0381943326503193,0.0
A,54,GLN,-25.53708132571078,4.810384149460456,3.751414704976473,0.0
A,55,GLU,-20.16419960665453,4.428821039572671,6.812316801848547,0.0
A,56,GLY,-21.541,9.4845,10.4985,0.0
A,57,PRO,-19.858,12.266,12.423999999999998,0.0
A,58,GLU,-19.038943111897677,8.650933463468554,15.030971051772845,0.0
A,59,TYR,-15.935428571428575,5.756857142857143,7.036285714285715,0.0
A,60,TRP,-16.46326691120757,10.539954583661313,5.821725958569865,0.0
A,61,ASP,-13.129085978779312,13.00362958044155,13.090755348013596,0.0
A,62,GLY,-11.153,7.306999999999999,12.154,0.0
A,63,GLU,-11.377636017274272,5.00831360628412,7.021671865215971,9.9
A,64,THR,-9.447026700715115,12.422403109336503,7.984547397142528,0.0
A,65,ARG,-7.394548642933185,8.788406924719993,14.05372630205538,0.0
A,66,LYS,-7.952001489748551,3.9625746026558266,9.939632308655789,0.0
A,67,VAL,-5.657333333333333,8.90933333333333,4.648666666666666,7.6
A,68,LYS,-4.172513048514812,13.641699302860852,8.636204623184188,0.0
A,69,ALA,-1.065,6.589,10.224,0.0
A,70,HIS,-2.3640701519429776,3.9479724313769,5.452963750310949,3.2
A,71,SER,0.9094125896095736,11.199345550224203,4.06689508182675,0.0
A,72,GLN,3.6605883195935016,12.039179959036412,8.479826990175825,0.0
A,73,THR,4.071470533264703,4.617929142908544,7.921728780102644,0.0
A,74,HIS,3.3493650683667147,5.188173217413987,1.8113472828707973,3.6
A,75,ARG,7.573722073902743,13.284289674869306,5.731333760725495,0.0
A,76,VAL,9.784333333333333,7.572333333333333,8.379666666666665,2.4
A,77,ASP,8.191778921400623,3.536142186473595,4.27795762288293,2.7
A,78,LEU,9.6,8.7875,-0.2564999999999999,0.0
A,79,GLY,14.5295,9.0315,3.7165,0.0
A,80,THR,13.945620637958692,3.703017450663895,5.6493930946943385,3.0
A,81,LEU,12.497,2.676,0.2415,0.0
A,82,ARG,16.613802793649196,9.889908917444012,0.2594447370007191,0.0
A,83,GLY,19.9155,5.278499999999999,2.6870000000000003,0.0
A,84,TYR,16.692571428571426,0.0544285714285714,3.4192857142857145,0.0
A,85,TYR,17.08085714285715,0.334,-3.373142857142858,0.0
A,86,ASN,24.29615940693128,3.016659464123696,-1.219154789707734,0.0
A,87,GLN,17.93180836576612,5.802437657728432,-5.020385610109398,0.0
A,88,SER,21.407908162682435,12.115484534315826,-5.024888948390598,0.0
A,89,GLU,19.27453913023027,14.587932117039385,1.4821870390023488,0.0
A,90,ALA,19.328,15.956,-5.841,0.0
A,91,GLY,16.275500000000005,13.265,-8.325,0.0
A,92,SER,10.674135578213807,12.61831407620027,-7.65320125382001,0.0
A,93,HIS,14.461500169345609,8.408221540340278,-5.695970197277112,0.0
A,94,THR,6.96461186265348,7.1999911297455865,-7.415783710714766,0.0
A,95,VAL,6.785333333333333,4.565333333333333,-1.1973333333333334,1.5
A,96,GLN,3.8276435804584974,3.132514728992534,-7.3043173103102195,0.0
A,97,ARG,1.39420039503155,0.5627896924355776,1.7120379160667545,4.7
A,98,MET,-2.9837276024611223,-3.40757394381709,-4.461058459008208,0.0
A,99,TYR,-4.131,-1.6297142857142857,2.4438571428571434,2.1
A,100,GLY,-7.6595,-4.688,-0.383,0.0
A,101,CYS,-11.010327563128165,-7.491727499602968,1.8537543163100936,0.0
A,102,ASP,-9.777739611001628,-10.425236340787707,-4.435212970896524,0.0
A,103,VAL,-15.826333333333332,-11.004666666666669,-0.5506666666666666,0.0
A,104,GLY,-16.344,-15.1225,-4.137,0.0
A,105,SER,-20.467854204152744,-15.839469682689286,-6.503560020563791,0.0
A,106,ASP,-19.698079916745208,-17.907392082940618,-0.9286080527232742,0.0
A,107,TRP,-22.16467802240144,-9.996974566814002,-0.2230279332146113,0.0
A,108,ARG,-17.583147506379454,-17.552785325364372,3.865320798430445,0.0
A,109,PHE,-9.86514285714286,-13.835714285714287,3.033428571428571,0.0
A,110,LEU,-12.504,-16.089250000000003,-3.36175,0.0
A,111,ARG,-6.1892247947405625,-13.26409697450828,-3.9822852040120704,0.0
A,112,GLY,-6.506500000000001,-10.2795,0.6595,0.0
A,113,TYR,-5.543571428571429,-7.938142857142858,-3.0974285714285723,0.0
A,114,HIS,0.42507812564918,-4.405448114242017,2.602472120033428,2.3
A,115,GLN,0.7685685028605762,-6.853101029480396,-4.707434237938289,0.0
A,116,TYR,6.226285714285716,-0.3037142857142856,0.2124285714285714,5.8
A,117,ALA,6.065,-0.86,-5.968,0.0
A,118,TYR,12.374285714285715,3.1717142857142857,-3.714285714285715,0.0
A,119,ASP,12.307401076028905,5.059378320195356,-7.694274833633222,0.0
A,120,GLY,7.457999999999999,1.68,-10.387,0.0
A,121,LYS,12.585275083907138,-3.741612240885442,-9.065224101759302,0.0
A,122,ASP,6.792042309285122,-6.337945223916831,-8.12918101847885,0.0
A,123,TYR,11.302571428571431,-2.575,-1.0012857142857143,0.0
A,124,ILE,8.354,-6.193749999999999,1.5854999999999997,0.0
A,125,ALA,4.646,-8.71,-2.308,0.0
A,126,LEU,0.94375,-10.55775,3.2585000000000006,0.0
A,127,LYS,5.846789657303039,-16.12888982049207,-0.1810560773328408,0.0
A,128,GLU,-3.0794281615362222,-16.11431472634856,-2.9000798303146462,0.0
A,129,ASP,1.5990068117556333,-17.82612426812898,3.410765226487304,0.0
A,130,LEU,-3.15375,-13.494,3.97075,0.0
A,131,ARG,-0.4107794334120753,-17.641602606189707,7.311470557804789,0.0
A,132,SER,5.08645973638363,-16.745613979093484,4.145289820923657,0.0
A,133,TRP,6.088331803136101,-9.578696208374716,4.79037966100833,0.0
A,134,THR,7.515070762142253,-12.850051782296472,-2.5972987801526184,0.0
A,135,ALA,12.319,-9.693,-0.3709999999999999,0.0
A,136,ALA,11.866,-7.722,-5.995,0.0
A,137,ASP,15.174568674492328,-4.584832130208779,-5.3170059942021535,0.0
A,138,MET,20.87496920659628,-8.02797505102865,-0.9204211075052496,0.0
A,139,ALA,17.252,-2.578,-0.607,0.0
A,140,ALA,13.077000000000002,-5.87,-0.505,0.0
A,141,GLN,17.231006520072793,-10.942395735316964,1.620302621748254,0.0
A,142,THR,17.6226211127047,-4.332465191122749,5.398583922601408,0.0
A,143,THR,11.63050886775575,-3.510579345050398,4.238704368163033,0.0
A,144,LYS,11.9740572557233,-11.924300141464874,3.218365126991233,0.0
A,145,HIS,15.705884465275473,-10.095665497726197,10.340171067987002,0.0
A,146,LYS,12.193041936647331,-2.5898308674481565,10.301318580568095,0.0
A,147,TRP,7.320653976021017,-4.486075713698948,6.628511476025104,0.0
A,148,GLU,11.04637088244027,-12.646823673634977,7.725262553688128,0.0
A,149,ALA,11.655,-9.284,13.855000000000002,0.0
A,150,ALA,7.525,-5.971,13.233,0.0
A,151,HIS,5.60130755502286,-11.796870609964987,15.282350053669935,0.0
A,152,VAL,4.344333333333332,-5.998333333333333,9.277333333333331,4.6
A,153,ALA,2.895,-11.447,8.068,0.0
A,154,GLU,0.8024994664259948,-12.489991359922858,14.74042490717576,0.0
A,155,GLN,0.8683383981075465,-5.651953863723845,13.205095694159551,0.0
A,156,LEU,-0.35,-6.173749999999999,6.64775,3.7
A,157,ARG,-3.885934842034116,-14.5345820881427,8.82276837762128,0.0
A,158,ALA,-5.548,-9.081,12.109,1.4
A,159,TYR,-7.26957142857143,-4.207714285714286,6.450857142857143,0.0
A,160,LEU,-5.39575,-8.5435,3.92025,0.0
A,161,GLU,-7.663947883195799,-14.447344682927689,7.471241345958801,0.0
A,162,GLY,-11.754,-9.6375,9.7025,0.0
A,163,THR,-11.06262769418361,-4.154153632806448,9.817809077143728,0.0
A,164,CYS,-10.067184994441543,-5.826847607595799,3.1990507067177893,0.0
A,165,VAL,-13.796666666666663,-10.029,4.102,0.0
A,166,GLU,-15.72897626992083,-7.76361593254919,10.201410769669478,0.0
A,167,TRP,-16.17845412469297,-1.3087955382791223,8.383147129281562,3.8
A,168,LEU,-15.696999999999996,-5.88625,-0.07375,0.0
A,169,ARG,-18.97433071096332,-9.946328908245093,4.3071519772366935,0.0
A,170,ARG,-20.74077780474495,-0.7256395179171108,6.811117803913377,0.0
A,171,TYR,-17.391000000000005,0.1204285714285714,2.549285714285715,2.9
A,172,LEU,-20.35975,-5.753500000000001,-1.9125,0.0
A,173,GLU,-26.74212706704805,-5.301689480507645,2.509718205309869,0.0
A,174,ASN,-24.36334178559543,0.6525459266226822,3.930531111380107,0.0
A,175,GLY,-24.4935,1.118,-2.29,0.0
A,176,LYS,-29.72226822113645,-4.870665025751506,-2.365027934880389,0.0
A,177,GLU,,,,0.0
A,178,THR,-24.740240891123246,2.380198358878,-7.108847701479709,0.0
A,179,LEU,-20.95975,-0.959,-4.62825,0.0
