,Residue,ResNum,Atom,AtomNum,Coord,Charge
0,GLY,1,N,1,[ 23.948 -16.093   8.675],-0.4157
1,GLY,1,CA,2,[ 23.514 -15.075   7.723],-0.0252
2,GLY,1,C,3,[ 24.272 -13.767   7.919],0.5973
3,GLY,1,O,4,[ 25.227 -13.702   8.692],-0.5679
4,GLY,1,1H,5,[ 23.428 -16.945   8.518],0.2719
5,GLY,1,2H,6,[ 24.934 -16.273   8.551],0.2719
6,GLY,1,3H,7,[ 23.781 -15.767   9.616],0.2719
7,GLY,1,1HA,8,[ 23.671 -15.438   6.707],0.0698
8,GLY,1,2HA,9,[ 22.446 -14.899   7.841],0.0698
9,SER,2,N,10,[ 23.834 -12.731   7.21 ],-0.4157
10,SER,2,CA,11,[ 24.457 -11.415   7.296],-0.0249
11,SER,2,C,12,[ 24.09  -10.713   8.601],0.5973
12,SER,2,O,13,[ 23.156 -11.118   9.292],-0.5679
13,SER,2,CB,14,[ 24.035 -10.561   6.114],0.2117
14,SER,2,OG,15,[ 22.67  -10.248   6.179],-0.6546
15,SER,2,H,16,[ 23.047 -12.859   6.589],0.2719
16,SER,2,HA,17,[ 25.54  -11.548   7.287],0.0843
17,SER,2,1HB,18,[24.62  -9.642  6.099],0.0352
18,SER,2,2HB,19,[ 24.245 -11.095   5.188],0.0352
19,SER,2,HG,20,[22.548 -9.766  7.001],0.4275
20,HID,3,N,21,[24.81  -9.637  8.907],-0.4157
21,HID,3,CA,22,[24.567 -8.838 10.1  ],0.0188
22,HID,3,C,23,[24.596 -7.36   9.772],0.5973
23,HID,3,O,24,[25.318 -6.923  8.886],-0.5679
24,HID,3,CB,25,[25.607 -9.157 11.165],-0.0462
25,HID,3,CG,26,[ 25.531 -10.55   11.616],-0.0266
26,HID,3,CD2,27,[ 26.309 -11.617  11.327],0.1292
27,HID,3,ND1,28,[ 24.559 -10.995  12.478],-0.3811
28,HID,3,CE1,29,[ 24.737 -12.276  12.705],0.2057
29,HID,3,NE2,30,[ 25.793 -12.68   12.019],-0.5727
30,HID,3,H,31,[25.567 -9.38   8.293],0.2719
31,HID,3,HA,32,[23.571 -9.043 10.487],0.0881
32,HID,3,1HB,33,[26.603 -8.967 10.77 ],0.0402
33,HID,3,2HB,34,[25.464 -8.498 12.023],0.0402
34,HID,3,HD1,35,[ 23.778 -10.462  12.824],0.3649
35,HID,3,HD2,36,[ 27.189 -11.75   10.698],0.1147
36,HID,3,HE1,37,[ 24.065 -12.82   13.367],0.1392
37,SER,4,N,38,[23.901 -6.566 10.568],-0.4157
38,SER,4,CA,39,[23.942 -5.128 10.321],-0.0249
39,SER,4,C,40,[24.264 -4.271 11.534],0.5973
40,SER,4,O,41,[23.731 -4.454 12.617],-0.5679
41,SER,4,CB,42,[22.614 -4.674  9.751],0.2117
42,SER,4,OG,43,[22.359 -5.279  8.514],-0.6546
43,SER,4,H,44,[23.341 -6.962 11.317],0.2719
44,SER,4,HA,45,[24.745 -4.933  9.617],0.0843
45,SER,4,1HB,46,[21.817 -4.924 10.452],0.0352
46,SER,4,2HB,47,[22.62  -3.59   9.631],0.0352
47,SER,4,HG,48,[22.868 -4.787  7.864],0.4275
48,MET,5,N,49,[25.068 -3.241 11.31 ],-0.4157
49,MET,5,CA,50,[25.324 -2.238 12.33 ],-0.0237
50,MET,5,C,51,[24.599 -0.953 11.97 ],0.5973
51,MET,5,O,52,[24.776 -0.424 10.878],-0.5679
52,MET,5,CB,53,[26.809 -1.982 12.486],0.0342
53,MET,5,CG,54,[27.142 -0.926 13.515],0.0018
54,MET,5,SD,55,[28.883 -0.759 13.757],-0.2737
55,MET,5,CE,56,[29.13  -2.223 14.638],-0.0536
56,MET,5,H,57,[25.448 -3.104 10.383],0.2719
57,MET,5,HA,58,[24.942 -2.597 13.282],0.088
58,MET,5,1HB,59,[27.307 -2.89  12.768],0.0241
59,MET,5,2HB,60,[27.221 -1.67  11.534],0.0241
60,MET,5,1HG,61,[26.739  0.033 13.194],0.044
61,MET,5,2HG,62,[26.679 -1.188 14.468],0.044
62,MET,5,1HE,63,[30.162 -2.317 14.89 ],0.0684
63,MET,5,2HE,64,[28.535 -2.199 15.541],0.0684
64,MET,5,3HE,65,[28.836 -3.049 14.037],0.0684
65,ARG,6,N,66,[23.952 -0.341 12.958],-0.3479
66,ARG,6,CA,67,[23.222  0.899 12.718],-0.2637
67,ARG,6,C,68,[23.332  1.946 13.816],0.7341
68,ARG,6,O,69,[23.281  1.657 15.004],-0.5894
69,ARG,6,CB,70,[21.745  0.607 12.509],-0.0007
70,ARG,6,CG,71,[20.884  1.837 12.226],0.039
71,ARG,6,CD,72,[19.486  1.476 11.924],0.0486
72,ARG,6,NE,73,[18.668  2.65  11.666],-0.5295
73,ARG,6,CZ,74,[17.353  2.616 11.379],0.8076
74,ARG,6,NH1,75,[16.725  1.464 11.316],-0.8627
75,ARG,6,NH2,76,[16.693  3.737 11.16 ],-0.8627
76,ARG,6,H,77,[23.85  -0.813 13.846],0.2747
77,ARG,6,HA,78,[23.638  1.361 11.823],0.156
78,ARG,6,1HB,79,[21.625 -0.08  11.671],0.0327
79,ARG,6,2HB,80,[21.343  0.118 13.392],0.0327
80,ARG,6,1HG,81,[20.883  2.493 13.099],0.0285
81,ARG,6,2HG,82,[21.279  2.369 11.383],0.0285
82,ARG,6,1HD,83,[19.46   0.839 11.039],0.0687
83,ARG,6,2HD,84,[19.059  0.94  12.771],0.0687
84,ARG,6,HE,85,[19.119  3.556 11.706],0.3456
85,ARG,6,1HH1,86,[17.228  0.604 11.484],0.4478
86,ARG,6,2HH1,87,[15.738  1.437 11.101],0.4478
87,ARG,6,1HH2,88,[17.175  4.625 11.208],0.4478
88,ARG,6,2HH2,89,[15.709  3.709 10.945],0.4478
89,TYR,7,N,90,[23.591  3.175 13.402],-0.4157
90,TYR,7,CA,91,[23.724  4.304 14.297],-0.0014
91,TYR,7,C,92,[22.602  5.247 13.949],0.5973
92,TYR,7,O,93,[22.536  5.735 12.821],-0.5679
93,TYR,7,CB,94,[25.08   4.995 14.183],-0.0152
94,TYR,7,CG,95,[26.248  4.166 14.582],-0.0011
95,TYR,7,CD1,96,[26.892  3.379 13.648],-0.1906
96,TYR,7,CD2,97,[26.685  4.189 15.894],-0.1906
97,TYR,7,CE1,98,[27.966  2.618 14.019],-0.2341
98,TYR,7,CE2,99,[27.765  3.426 16.271],-0.2341
99,TYR,7,CZ,100,[28.406  2.642 15.343],0.3226
100,TYR,7,OH,101,[29.482  1.883 15.726],-0.5579
101,TYR,7,H,102,[23.87   3.31  12.446],0.2719
102,TYR,7,HA,103,[23.631  3.966 15.329],0.0876
103,TYR,7,1HB,104,[25.237  5.31  13.154],0.0295
104,TYR,7,2HB,105,[25.082  5.89  14.808],0.0295
105,TYR,7,HD1,106,[26.546  3.362 12.618],0.1699
106,TYR,7,HD2,107,[26.173  4.813 16.628],0.1699
107,TYR,7,HE1,108,[28.469  2.001 13.282],0.1656
108,TYR,7,HE2,109,[28.11   3.443 17.305],0.1656
109,TYR,7,HH,110,[29.65   2.017 16.662],0.3992
110,PHE,8,N,111,[21.77   5.595 14.915],-0.4157
111,PHE,8,CA,112,[20.629  6.408 14.571],-0.0024
112,PHE,8,C,113,[20.575  7.651 15.44 ],0.5973
113,PHE,8,O,114,[20.679  7.58  16.654],-0.5679
114,PHE,8,CB,115,[19.354  5.598 14.724],-0.0343
115,PHE,8,CG,116,[18.151  6.336 14.338],0.0118
116,PHE,8,CD1,117,[17.857  6.5   12.991],-0.1256
117,PHE,8,CD2,118,[17.297  6.877 15.274],-0.1256
118,PHE,8,CE1,119,[16.744  7.183 12.592],-0.1704
119,PHE,8,CE2,120,[16.174  7.565 14.869],-0.1704
120,PHE,8,CZ,121,[15.903  7.715 13.522],-0.1072
121,PHE,8,H,122,[21.798  5.119 15.803],0.2719
122,PHE,8,HA,123,[20.736  6.746 13.544],0.0978
123,PHE,8,1HB,124,[19.419  4.697 14.11 ],0.0295
124,PHE,8,2HB,125,[19.247  5.28  15.762],0.0295
125,PHE,8,HD1,126,[18.529  6.073 12.243],0.133
126,PHE,8,HD2,127,[17.514  6.759 16.336],0.133
127,PHE,8,HE1,128,[16.53  7.3  11.53],0.143
128,PHE,8,HE2,129,[15.5    7.992 15.61 ],0.143
129,PHE,8,HZ,130,[15.026  8.254 13.205],0.1297
130,HIE,9,N,131,[20.415  8.803 14.804],-0.4157
131,HIE,9,CA,132,[20.46  10.068 15.514],-0.0581
132,HIE,9,C,133,[19.155 10.824 15.365],0.5973
133,HIE,9,O,134,[18.692 11.028 14.248],-0.5679
134,HIE,9,CB,135,[21.621 10.925 15.002],-0.0074
135,HIE,9,CG,136,[22.986 10.338 15.152],0.1868
136,HIE,9,CD2,137,[23.649  9.436 14.384],-0.2207
137,HIE,9,ND1,138,[23.833 10.661 16.182],-0.5432
138,HIE,9,CE1,139,[24.965  9.983 16.046],0.1635
139,HIE,9,NE2,140,[24.874  9.235 14.964],-0.2795
140,HIE,9,H,141,[20.413  8.815 13.797],0.2719
141,HIE,9,HA,142,[20.608  9.888 16.574],0.136
142,HIE,9,1HB,143,[21.475 11.128 13.952],0.0367
143,HIE,9,2HB,144,[21.624 11.88  15.527],0.0367
144,HIE,9,HD2,145,[23.275  8.961 13.475],0.1862
145,HIE,9,HE1,146,[25.823 10.037 16.718],0.1435
146,HIE,9,HE2,147,[25.59   8.613 14.614],0.3339
147,THR,10,N,148,[18.697 11.471 16.438],-0.4157
148,THR,10,CA,149,[17.516 12.317 16.324],-0.0389
149,THR,10,C,150,[17.671 13.636 17.069],0.5973
150,THR,10,O,151,[18.    13.673 18.253],-0.5679
151,THR,10,CB,152,[16.239 11.622 16.83 ],0.3654
152,THR,10,CG2,153,[15.06  12.546 16.681],-0.2438
153,THR,10,OG1,154,[16.007 10.434 16.086],-0.6761
154,THR,10,H,155,[19.069 11.247 17.349],0.2719
155,THR,10,HA,156,[17.378 12.573 15.274],0.1007
156,THR,10,HB,157,[16.365 11.357 17.88 ],0.0043
157,THR,10,HG1,158,[16.755  9.841 16.19 ],0.4102
158,THR,10,1HG2,159,[14.16  12.05  17.041],0.0642
159,THR,10,2HG2,160,[15.233 13.438 17.255],0.0642
160,THR,10,3HG2,161,[14.933 12.807 15.635],0.0642
161,SER,11,N,162,[17.575 14.733 16.329],-0.4157
162,SER,11,CA,163,[17.741 16.061 16.895],-0.0249
163,SER,11,C,164,[16.407 16.786 16.802],0.5973
164,SER,11,O,165,[15.936 17.073 15.708],-0.5679
165,SER,11,CB,166,[18.815 16.81  16.152],0.2117
166,SER,11,OG,167,[18.913 18.106 16.618],-0.6546
167,SER,11,H,168,[17.453 14.653 15.332],0.2719
168,SER,11,HA,169,[18.053 15.966 17.925],0.0843
169,SER,11,1HB,170,[19.766 16.299 16.277],0.0352
170,SER,11,2HB,171,[18.586 16.815 15.097],0.0352
171,SER,11,HG,172,[19.611 18.52  16.103],0.4275
172,VAL,12,N,173,[15.916 17.338 17.917],-0.4157
173,VAL,12,CA,174,[14.617 18.015 17.834],-0.0875
174,VAL,12,C,175,[14.603 19.405 18.451],0.5973
175,VAL,12,O,176,[15.005 19.598 19.592],-0.5679
176,VAL,12,CB,177,[13.516 17.187 18.523],0.2985
177,VAL,12,CG1,178,[12.19  17.927 18.423],-0.3192
178,VAL,12,CG2,179,[13.437 15.829 17.891],-0.3192
179,VAL,12,H,180,[16.345 17.13  18.81 ],0.2719
180,VAL,12,HA,181,[14.357 18.124 16.786],0.0969
181,VAL,12,HB,182,[13.748 17.079 19.584],-0.0297
182,VAL,12,1HG1,183,[11.41  17.346 18.907],0.0791
183,VAL,12,2HG1,184,[12.275 18.891 18.909],0.0791
184,VAL,12,3HG1,185,[11.933 18.071 17.37 ],0.0791
185,VAL,12,1HG2,186,[12.658 15.245 18.379],0.0791
186,VAL,12,2HG2,187,[13.203 15.934 16.837],0.0791
187,VAL,12,3HG2,188,[14.385 15.33  18.002],0.0791
188,SER,13,N,189,[14.276 20.408 17.641],-0.4157
189,SER,13,CA,190,[14.3   21.777 18.132],-0.0249
190,SER,13,C,191,[13.187 22.018 19.125],0.5973
191,SER,13,O,192,[12.097 21.463 19.012],-0.5679
192,SER,13,CB,193,[14.179 22.79  17.006],0.2117
193,SER,13,OG,194,[15.245 22.72  16.139],-0.6546
194,SER,13,H,195,[14.033 20.222 16.68 ],0.2719
195,SER,13,HA,196,[15.252 21.952 18.622],0.0843
196,SER,13,1HB,197,[13.277 22.617 16.466],0.0352
197,SER,13,2HB,198,[14.122 23.79  17.421],0.0352
198,SER,13,HG,199,[15.237 21.829 15.783],0.4275
199,ARG,14,N,200,[13.462 22.873 20.088],-0.3479
200,ARG,14,CA,201,[12.461 23.261 21.061],-0.2637
201,ARG,14,C,202,[12.664 24.717 21.484],0.7341
202,ARG,14,O,203,[13.085 24.981 22.608],-0.5894
203,ARG,14,CB,204,[12.531 22.357 22.28 ],-0.0007
204,ARG,14,CG,205,[13.834 22.434 23.07 ],0.039
205,ARG,14,CD,206,[13.831 21.493 24.215],0.0486
206,ARG,14,NE,207,[15.068 21.56  24.982],-0.5295
207,ARG,14,CZ,208,[15.339 20.806 26.066],0.8076
208,ARG,14,NH1,209,[14.454 19.936 26.498],-0.8627
209,ARG,14,NH2,210,[16.493 20.943 26.694],-0.8627
210,ARG,14,H,211,[14.38  23.292 20.132],0.2747
211,ARG,14,HA,212,[11.473 23.156 20.613],0.156
212,ARG,14,1HB,213,[11.724 22.603 22.959],0.0327
213,ARG,14,2HB,214,[12.394 21.32  21.972],0.0327
214,ARG,14,1HG,215,[14.671 22.179 22.416],0.0285
215,ARG,14,2HG,216,[13.969 23.442 23.453],0.0285
216,ARG,14,1HD,217,[13.005 21.736 24.882],0.0687
217,ARG,14,2HD,218,[13.714 20.479 23.849],0.0687
218,ARG,14,HE,219,[15.776 22.22  24.68 ],0.3456
219,ARG,14,1HH1,220,[13.571 19.831 26.018],0.4478
220,ARG,14,2HH1,221,[14.657 19.371 27.311],0.4478
221,ARG,14,1HH2,222,[17.173 21.613 26.362],0.4478
222,ARG,14,2HH2,223,[16.695 20.377 27.505],0.4478
223,PRO,15,N,224,[12.271 25.685 20.635],-0.2548
224,PRO,15,CA,225,[12.368 27.109 20.859],-0.0266
225,PRO,15,C,226,[11.676 27.542 22.139],0.5896
226,PRO,15,O,227,[10.54  27.149 22.409],-0.5748
227,PRO,15,CB,228,[11.681 27.686 19.616],-0.007
228,PRO,15,CG,229,[11.915 26.646 18.556],0.0189
229,PRO,15,CD,230,[11.799 25.345 19.256],0.0192
230,PRO,15,HA,231,[13.431 27.392 20.897],0.0641
231,PRO,15,1HB,232,[10.614 27.858 19.819],0.0253
232,PRO,15,2HB,233,[12.118 28.663 19.36 ],0.0253
233,PRO,15,1HG,234,[11.185 26.745 17.757],0.0213
234,PRO,15,2HG,235,[12.903 26.785 18.097],0.0213
235,PRO,15,1HD,236,[10.754 25.001 19.264],0.0391
236,PRO,15,2HD,237,[12.43  24.657 18.742],0.0391
237,GLY,16,N,238,[12.377 28.357 22.921],-0.4157
238,GLY,16,CA,239,[11.866 28.871 24.185],-0.0252
239,GLY,16,C,240,[12.017 27.874 25.333],0.5973
240,GLY,16,O,241,[11.752 28.209 26.487],-0.5679
241,GLY,16,H,242,[13.302 28.634 22.628],0.2719
242,GLY,16,1HA,243,[12.395 29.789 24.442],0.0698
243,GLY,16,2HA,244,[10.813 29.125 24.073],0.0698
244,ARG,17,N,245,[12.478 26.664 25.023],-0.3479
245,ARG,17,CA,246,[12.627 25.615 26.02 ],-0.2637
246,ARG,17,C,247,[14.079 25.166 26.152],0.7341
247,ARG,17,O,248,[14.366 24.18  26.83 ],-0.5894
248,ARG,17,CB,249,[11.759 24.425 25.661],-0.0007
249,ARG,17,CG,250,[10.269 24.694 25.686],0.039
250,ARG,17,CD,251,[ 9.489 23.495 25.287],0.0486
251,ARG,17,NE,252,[ 9.625 22.411 26.244],-0.5295
252,ARG,17,CZ,253,[ 9.19  21.151 26.039],0.8076
253,ARG,17,NH1,254,[ 8.596 20.837 24.909],-0.8627
254,ARG,17,NH2,255,[ 9.363 20.232 26.973],-0.8627
255,ARG,17,H,256,[12.674 26.431 24.059],0.2747
256,ARG,17,HA,257,[12.28  26.    26.979],0.156
257,ARG,17,1HB,258,[12.009 24.084 24.683],0.0327
258,ARG,17,2HB,259,[11.959 23.608 26.353],0.0327
259,ARG,17,1HG,260,[ 9.968 24.978 26.695],0.0285
260,ARG,17,2HG,261,[10.035 25.505 24.994],0.0285
261,ARG,17,1HD,262,[ 8.434 23.756 25.218],0.0687
262,ARG,17,2HD,263,[ 9.838 23.141 24.32 ],0.0687
263,ARG,17,HE,264,[10.078 22.615 27.125],0.3456
264,ARG,17,1HH1,265,[ 8.465 21.539 24.194],0.4478
265,ARG,17,2HH1,266,[ 8.27  19.893 24.756],0.4478
266,ARG,17,1HH2,267,[ 9.819 20.474 27.841],0.4478
267,ARG,17,2HH2,268,[ 9.037 19.29  26.819],0.4478
268,GLY,18,N,269,[14.986 25.89  25.496],-0.4157
269,GLY,18,CA,270,[16.404 25.538 25.525],-0.0252
270,GLY,18,C,271,[16.87  24.941 24.202],0.5973
271,GLY,18,O,272,[16.138 24.943 23.213],-0.5679
272,GLY,18,H,273,[14.689 26.694 24.961],0.2719
273,GLY,18,1HA,274,[16.993 26.427 25.748],0.0698
274,GLY,18,2HA,275,[16.586 24.823 26.327],0.0698
275,GLU,19,N,276,[18.109 24.456 24.19 ],-0.5163
276,GLU,19,CA,277,[18.718 23.917 22.98 ],0.0397
277,GLU,19,C,278,[17.998 22.626 22.579],0.5366
278,GLU,19,O,279,[17.369 21.998 23.427],-0.5819
279,GLU,19,CB,280,[20.213 23.656 23.209],0.056
280,GLU,19,CG,281,[20.512 22.499 24.139],0.0136
281,GLU,19,CD,282,[20.436 22.884 25.592],0.8054
282,GLU,19,OE1,283,[19.871 23.909 25.887],-0.8188
283,GLU,19,OE2,284,[20.947 22.153 26.407],-0.8188
284,GLU,19,H,285,[18.651 24.477 25.043],0.2936
285,GLU,19,HA,286,[18.585 24.656 22.2  ],0.1105
286,GLU,19,1HB,287,[20.7   23.452 22.264],-0.0173
287,GLU,19,2HB,288,[20.679 24.549 23.626],-0.0173
288,GLU,19,1HG,289,[19.797 21.699 23.949],-0.0425
289,GLU,19,2HG,290,[21.508 22.118 23.92 ],-0.0425
290,PRO,20,N,291,[18.069 22.195 21.304],-0.2548
291,PRO,20,CA,292,[17.486 20.971 20.788],-0.0266
292,PRO,20,C,293,[17.911 19.737 21.577],0.5896
293,PRO,20,O,294,[18.969 19.714 22.202],-0.5748
294,PRO,20,CB,295,[18.013 20.925 19.353],-0.007
295,PRO,20,CG,296,[18.256 22.361 18.991],0.0189
296,PRO,20,CD,297,[18.767 22.992 20.252],0.0192
297,PRO,20,HA,298,[16.395 21.08  20.822],0.0641
298,PRO,20,1HB,299,[18.901 20.335 19.309],0.0253
299,PRO,20,2HB,300,[17.282 20.445 18.695],0.0253
300,PRO,20,1HG,301,[18.977 22.427 18.166],0.0213
301,PRO,20,2HG,302,[17.33  22.827 18.637],0.0213
302,PRO,20,1HD,303,[19.855 22.874 20.302],0.0391
303,PRO,20,2HD,304,[18.482 24.044 20.249],0.0391
304,ARG,21,N,305,[17.023 18.751 21.62 ],-0.3479
305,ARG,21,CA,306,[17.274 17.48  22.287],-0.2637
306,ARG,21,C,307,[18.073 16.593 21.346],0.7341
307,ARG,21,O,308,[17.779 16.542 20.156],-0.5894
308,ARG,21,CB,309,[15.962 16.816 22.657],-0.0007
309,ARG,21,CG,310,[15.157 17.564 23.691],0.039
310,ARG,21,CD,311,[13.87  16.897 23.976],0.0486
311,ARG,21,NE,312,[12.979 16.919 22.822],-0.5295
312,ARG,21,CZ,313,[11.81  16.258 22.75 ],0.8076
313,ARG,21,NH1,314,[11.402 15.529 23.765],-0.8627
314,ARG,21,NH2,315,[11.069 16.339 21.66 ],-0.8627
315,ARG,21,H,316,[16.202 18.846 21.04 ],0.2747
316,ARG,21,HA,317,[17.841 17.661 23.2  ],0.156
317,ARG,21,1HB,318,[15.345 16.706 21.764],0.0327
318,ARG,21,2HB,319,[16.159 15.814 23.045],0.0327
319,ARG,21,1HG,320,[15.723 17.623 24.62 ],0.0285
320,ARG,21,2HG,321,[14.949 18.568 23.327],0.0285
321,ARG,21,1HD,322,[14.052 15.858 24.247],0.0687
322,ARG,21,2HD,323,[13.373 17.407 24.802],0.0687
323,ARG,21,HE,324,[13.259 17.471 22.021],0.3456
324,ARG,21,1HH1,325,[11.968 15.465 24.601],0.4478
325,ARG,21,2HH1,326,[10.525 15.032 23.711],0.4478
326,ARG,21,1HH2,327,[11.381 16.899 20.88 ],0.4478
327,ARG,21,2HH2,328,[10.192 15.842 21.609],0.4478
328,PHE,22,N,329,[19.023 15.817 21.863],-0.4157
329,PHE,22,CA,330,[19.775 14.937 20.975],-0.0024
330,PHE,22,C,331,[19.868 13.507 21.499],0.5973
331,PHE,22,O,332,[20.332 13.262 22.611],-0.5679
332,PHE,22,CB,333,[21.185 15.482 20.75 ],-0.0343
333,PHE,22,CG,334,[21.239 16.859 20.208],0.0118
334,PHE,22,CD1,335,[21.321 17.931 21.083],-0.1256
335,PHE,22,CD2,336,[21.213 17.121 18.866],-0.1256
336,PHE,22,CE1,337,[21.373 19.214 20.62 ],-0.1704
337,PHE,22,CE2,338,[21.267 18.42  18.413],-0.1704
338,PHE,22,CZ,339,[21.348 19.453 19.292],-0.1072
339,PHE,22,H,340,[19.237 15.85  22.842],0.2719
340,PHE,22,HA,341,[19.249 14.878 20.026],0.0978
341,PHE,22,1HB,342,[21.727 15.478 21.681],0.0295
342,PHE,22,2HB,343,[21.718 14.832 20.057],0.0295
343,PHE,22,HD1,344,[21.344 17.742 22.156],0.133
344,PHE,22,HD2,345,[21.149 16.298 18.156],0.133
345,PHE,22,HE1,346,[21.438 20.047 21.321],0.143
346,PHE,22,HE2,347,[21.247 18.627 17.354],0.143
347,PHE,22,HZ,348,[21.387 20.459 18.927],0.1297
348,ILE,23,N,349,[19.396 12.55  20.705],-0.4157
349,ILE,23,CA,350,[19.449 11.158 21.127],-0.0597
350,ILE,23,C,351,[20.149 10.295 20.079],0.5973
351,ILE,23,O,352,[19.841 10.356 18.896],-0.5679
352,ILE,23,CB,353,[18.042 10.585 21.393],0.1303
353,ILE,23,CG1,354,[17.361 11.384 22.516],-0.043
354,ILE,23,CG2,355,[18.13   9.099 21.749],-0.3204
355,ILE,23,CD1,356,[15.909 11.039 22.707],-0.066
356,ILE,23,H,357,[18.975 12.801 19.819],0.2719
357,ILE,23,HA,358,[20.022 11.1   22.043],0.0869
358,ILE,23,HB,359,[17.429 10.702 20.498],0.0187
359,ILE,23,1HG1,360,[17.893 11.195 23.451],0.0236
360,ILE,23,2HG1,361,[17.438 12.445 22.293],0.0236
361,ILE,23,1HG2,362,[17.131  8.707 21.934],0.0882
362,ILE,23,2HG2,363,[18.58   8.555 20.932],0.0882
363,ILE,23,3HG2,364,[18.738  8.972 22.644],0.0882
364,ILE,23,1HD1,365,[15.495 11.644 23.518],0.0186
365,ILE,23,2HD1,366,[15.362 11.244 21.785],0.0186
366,ILE,23,3HD1,367,[15.815  9.983 22.958],0.0186
367,THR,24,N,368,[21.077  9.456 20.524],-0.4157
368,THR,24,CA,369,[21.803  8.578 19.612],-0.0389
369,THR,24,C,370,[21.675  7.139 20.061],0.5973
370,THR,24,O,371,[21.951  6.816 21.213],-0.5679
371,THR,24,CB,372,[23.294  8.958 19.502],0.3654
372,THR,24,CG2,373,[24.005  8.    18.544],-0.2438
373,THR,24,OG1,374,[23.428 10.308 19.016],-0.6761
374,THR,24,H,375,[21.35   9.498 21.497],0.2719
375,THR,24,HA,376,[21.356  8.662 18.632],0.1007
376,THR,24,HB,377,[23.746  8.899 20.464],0.0043
377,THR,24,HG1,378,[23.326 10.329 18.063],0.4102
378,THR,24,1HG2,379,[25.056  8.272 18.472],0.0642
379,THR,24,2HG2,380,[23.921  6.982 18.915],0.0642
380,THR,24,3HG2,381,[23.546  8.064 17.559],0.0642
381,VAL,25,N,382,[21.366  6.233 19.135],-0.4157
382,VAL,25,CA,383,[21.24   4.852 19.554],-0.0875
383,VAL,25,C,384,[21.924  3.859 18.599],0.5973
384,VAL,25,O,385,[21.883  4.002 17.379],-0.5679
385,VAL,25,CB,386,[19.759  4.471 19.681],0.2985
386,VAL,25,CG1,387,[19.679  3.119 20.133],-0.3192
387,VAL,25,CG2,388,[19.042  5.409 20.622],-0.3192
388,VAL,25,H,389,[21.136  6.517 18.195],0.2719
389,VAL,25,HA,390,[21.732  4.749 20.513],0.0969
390,VAL,25,HB,391,[19.281  4.524 18.703],-0.0297
391,VAL,25,1HG1,392,[18.638  2.835 20.227],0.0791
392,VAL,25,2HG1,393,[20.164  2.466 19.425],0.0791
393,VAL,25,3HG1,394,[20.169  3.061 21.086],0.0791
394,VAL,25,1HG2,395,[17.995  5.12  20.696],0.0791
395,VAL,25,2HG2,396,[19.502  5.355 21.596],0.0791
396,VAL,25,3HG2,397,[19.108  6.421 20.249],0.0791
397,GLY,26,N,398,[22.726  2.95  19.157],-0.4157
398,GLY,26,CA,399,[23.458  1.983 18.354],-0.0252
399,GLY,26,C,400,[22.777  0.62  18.41 ],0.5973
400,GLY,26,O,401,[22.498  0.111 19.496],-0.5679
401,GLY,26,H,402,[22.87   2.966 20.15 ],0.2719
402,GLY,26,1HA,403,[23.512  2.331 17.327],0.0698
403,GLY,26,2HA,404,[24.481  1.904 18.718],0.0698
404,TYR,27,N,405,[22.737 -0.05  17.256],-0.4157
405,TYR,27,CA,406,[22.139 -1.37  17.12 ],-0.0014
406,TYR,27,C,407,[23.001 -2.361 16.348],0.5973
407,TYR,27,O,408,[23.722 -1.999 15.42 ],-0.5679
408,TYR,27,CB,409,[20.761 -1.331 16.453],-0.0152
409,TYR,27,CG,410,[19.674 -0.558 17.134],-0.0011
410,TYR,27,CD1,411,[19.499  0.788 16.852],-0.1906
411,TYR,27,CD2,412,[18.849 -1.191 18.044],-0.1906
412,TYR,27,CE1,413,[18.498  1.492 17.481],-0.2341
413,TYR,27,CE2,414,[17.85  -0.492 18.674],-0.2341
414,TYR,27,CZ,415,[17.67   0.845 18.399],0.3226
415,TYR,27,OH,416,[16.668  1.545 19.03 ],-0.5579
416,TYR,27,H,417,[22.97   0.447 16.412],0.2719
417,TYR,27,HA,418,[22.039 -1.793 18.117],0.0876
418,TYR,27,1HB,419,[20.86  -0.906 15.458],0.0295
419,TYR,27,2HB,420,[20.389 -2.353 16.346],0.0295
420,TYR,27,HD1,421,[20.153  1.287 16.132],0.1699
421,TYR,27,HD2,422,[18.991 -2.243 18.262],0.1699
422,TYR,27,HE1,423,[18.356  2.551 17.262],0.1656
423,TYR,27,HE2,424,[17.202 -0.996 19.391],0.1656
424,TYR,27,HH,425,[16.678  2.457 18.729],0.3992
425,VAL,28,N,426,[22.9   -3.626 16.719],-0.4157
426,VAL,28,CA,427,[23.412 -4.69  15.868],-0.0875
427,VAL,28,C,428,[22.204 -5.573 15.618],0.5973
428,VAL,28,O,429,[21.64 -6.13 16.56],-0.5679
429,VAL,28,CB,430,[24.552 -5.52  16.484],0.2985
430,VAL,28,CG1,431,[24.959 -6.563 15.505],-0.3192
431,VAL,28,CG2,432,[25.723 -4.607 16.859],-0.3192
432,VAL,28,H,433,[22.284 -3.857 17.489],0.2719
433,VAL,28,HA,434,[23.843 -4.26  14.972],0.0969
434,VAL,28,HB,435,[24.214 -6.015 17.351],-0.0297
435,VAL,28,1HG1,436,[25.765 -7.162 15.925],0.0791
436,VAL,28,2HG1,437,[24.112 -7.208 15.283],0.0791
437,VAL,28,3HG1,438,[25.295 -6.087 14.606],0.0791
438,VAL,28,1HG2,439,[26.524 -5.204 17.295],0.0791
439,VAL,28,2HG2,440,[26.09  -4.099 15.965],0.0791
440,VAL,28,3HG2,441,[25.39  -3.866 17.583],0.0791
441,ASP,29,N,442,[21.809 -5.681 14.352],-0.5163
442,ASP,29,CA,443,[20.595 -6.371 13.959],0.0381
443,ASP,29,C,444,[19.422 -5.756 14.725],0.5366
444,ASP,29,O,445,[19.201 -4.549 14.627],-0.5819
445,ASP,29,CB,446,[20.694 -7.87  14.265],-0.0303
446,ASP,29,CG,447,[21.823 -8.496 13.454],0.7994
447,ASP,29,OD1,448,[21.994 -8.072 12.331],-0.8014
448,ASP,29,OD2,449,[22.494 -9.373 13.942],-0.8014
449,ASP,29,H,450,[22.351 -5.229 13.636],0.2936
450,ASP,29,HA,451,[20.447 -6.254 12.884],0.088
451,ASP,29,1HB,452,[20.875 -8.038 15.323],-0.0122
452,ASP,29,2HB,453,[19.749 -8.362 14.029],-0.0122
453,ASP,30,N,454,[18.67  -6.551 15.474],-0.5163
454,ASP,30,CA,455,[17.515 -6.012 16.184],0.0381
455,ASP,30,C,456,[17.719 -5.801 17.685],0.5366
456,ASP,30,O,457,[16.74  -5.634 18.415],-0.5819
457,ASP,30,CB,458,[16.312 -6.926 15.979],-0.0303
458,ASP,30,CG,459,[15.847 -6.917 14.534],0.7994
459,ASP,30,OD1,460,[15.815 -5.853 13.959],-0.8014
460,ASP,30,OD2,461,[15.528 -7.952 14.013],-0.8014
461,ASP,30,H,462,[18.893 -7.533 15.549],0.2936
462,ASP,30,HA,463,[17.292 -5.03  15.766],0.088
463,ASP,30,1HB,464,[16.563 -7.937 16.262],-0.0122
464,ASP,30,2HB,465,[15.5   -6.608 16.62 ],-0.0122
465,THR,31,N,466,[18.96  -5.89  18.169],-0.4157
466,THR,31,CA,467,[19.222 -5.687 19.594],-0.0389
467,THR,31,C,468,[19.956 -4.376 19.894],0.5973
468,THR,31,O,469,[20.722 -3.861 19.083],-0.5679
469,THR,31,CB,470,[20.04  -6.859 20.185],0.3654
470,THR,31,CG2,471,[20.37  -6.612 21.67 ],-0.2438
471,THR,31,OG1,472,[19.301 -8.073 20.075],-0.6761
472,THR,31,H,473,[19.742 -5.973 17.531],0.2719
473,THR,31,HA,474,[18.264 -5.617 20.108],0.1007
474,THR,31,HB,475,[20.953 -6.962 19.635],0.0043
475,THR,31,HG1,476,[19.372 -8.418 19.185],0.4102
476,THR,31,1HG2,477,[20.945 -7.453 22.06 ],0.0642
477,THR,31,2HG2,478,[20.95  -5.706 21.777],0.0642
478,THR,31,3HG2,479,[19.446 -6.513 22.237],0.0642
479,LEU,32,N,480,[19.483 -3.704 20.942],-0.4157
480,LEU,32,CA,481,[20.027 -2.44  21.438],-0.0518
481,LEU,32,C,482,[21.336 -2.591 22.19 ],0.5973
482,LEU,32,O,483,[21.438 -3.404 23.109],-0.5679
483,LEU,32,CB,484,[19.004 -1.767 22.351],-0.1102
484,LEU,32,CG,485,[19.464 -0.49  22.983],0.3531
485,LEU,32,CD1,486,[19.701  0.508 21.962],-0.4121
486,LEU,32,CD2,487,[ 1.8419e+01 -1.3000e-02  2.3971e+01],-0.4121
487,LEU,32,H,488,[18.756 -4.141 21.49 ],0.2719
488,LEU,32,HA,489,[20.219 -1.795 20.582],0.0922
489,LEU,32,1HB,490,[18.108 -1.553 21.771],0.0457
490,LEU,32,2HB,491,[18.738 -2.46  23.149],0.0457
491,LEU,32,HG,492,[20.393 -0.655 23.496],-0.0361
492,LEU,32,1HD1,493,[20.031  1.416 22.451],0.1
493,LEU,32,2HD1,494,[20.467  0.157 21.275],0.1
494,LEU,32,3HD1,495,[18.78   0.69  21.415],0.1
495,LEU,32,1HD2,496,[18.752  0.918 24.433],0.1
496,LEU,32,2HD2,497,[17.477  0.158 23.451],0.1
497,LEU,32,3HD2,498,[18.276 -0.77  24.743],0.1
498,PHE,33,N,499,[22.358 -1.854 21.757],-0.4157
499,PHE,33,CA,500,[23.657 -1.912 22.401],-0.0024
500,PHE,33,C,501,[24.184 -0.593 22.959],0.5973
501,PHE,33,O,502,[24.644 -0.541 24.092],-0.5679
502,PHE,33,CB,503,[24.648 -2.468 21.39 ],-0.0343
503,PHE,33,CG,504,[24.219 -3.781 21.041],0.0118
504,PHE,33,CD1,505,[23.573 -4.024 19.918],-0.1256
505,PHE,33,CD2,506,[24.475 -4.788 21.87 ],-0.1256
506,PHE,33,CE1,507,[23.186 -5.291 19.632],-0.1704
507,PHE,33,CE2,508,[24.093 -6.047 21.589],-0.1704
508,PHE,33,CZ,509,[23.459 -6.289 20.486],-0.1072
509,PHE,33,H,510,[22.208 -1.159 21.04 ],0.2719
510,PHE,33,HA,511,[23.578 -2.582 23.258],0.0978
511,PHE,33,1HB,512,[24.688 -1.821 20.513],0.0295
512,PHE,33,2HB,513,[25.637 -2.493 21.791],0.0295
513,PHE,33,HD1,514,[23.365 -3.208 19.246],0.133
514,PHE,33,HD2,515,[24.995 -4.569 22.767],0.133
515,PHE,33,HE1,516,[22.658 -5.506 18.72 ],0.143
516,PHE,33,HE2,517,[24.3   -6.862 22.255],0.143
517,PHE,33,HZ,518,[23.155 -7.299 20.268],0.1297
518,VAL,34,N,519,[23.946  0.53  22.295],-0.4157
519,VAL,34,CA,520,[24.492  1.758 22.884],-0.0875
520,VAL,34,C,521,[23.515  2.947 22.894],0.5973
521,VAL,34,O,522,[22.8    3.175 21.932],-0.5679
522,VAL,34,CB,523,[25.76   2.173 22.12 ],0.2985
523,VAL,34,CG1,524,[26.294  3.413 22.681],-0.3192
524,VAL,34,CG2,525,[26.805  1.042 22.18 ],-0.3192
525,VAL,34,H,526,[23.421  0.533 21.426],0.2719
526,VAL,34,HA,527,[24.736  1.561 23.922],0.0969
527,VAL,34,HB,528,[25.509  2.373 21.078],-0.0297
528,VAL,34,1HG1,529,[27.17   3.687 22.142],0.0791
529,VAL,34,2HG1,530,[25.557  4.204 22.6  ],0.0791
530,VAL,34,3HG1,531,[26.541  3.254 23.732],0.0791
531,VAL,34,1HG2,532,[27.698  1.344 21.635],0.0791
532,VAL,34,2HG2,533,[27.064  0.841 23.222],0.0791
533,VAL,34,3HG2,534,[26.401  0.143 21.731],0.0791
534,ARG,35,N,535,[23.434  3.694 24.   ],-0.3479
535,ARG,35,CA,536,[22.513  4.845 23.986],-0.2637
536,ARG,35,C,537,[23.023  6.118 24.694],0.7341
537,ARG,35,O,538,[23.684  6.076 25.728],-0.5894
538,ARG,35,CB,539,[21.184  4.469 24.622],-0.0007
539,ARG,35,CG,540,[20.151  5.595 24.627],0.039
540,ARG,35,CD,541,[18.828  5.138 25.1  ],0.0486
541,ARG,35,NE,542,[17.858  6.229 25.127],-0.5295
542,ARG,35,CZ,543,[16.572  6.099 25.509],0.8076
543,ARG,35,NH1,544,[16.115  4.926 25.892],-0.8627
544,ARG,35,NH2,545,[15.769  7.149 25.499],-0.8627
545,ARG,35,H,546,[23.959  3.436 24.829],0.2747
546,ARG,35,HA,547,[22.358  5.128 22.949],0.156
547,ARG,35,1HB,548,[20.752  3.619 24.09 ],0.0327
548,ARG,35,2HB,549,[21.349  4.16  25.655],0.0327
549,ARG,35,1HG,550,[20.487  6.398 25.286],0.0285
550,ARG,35,2HG,551,[20.031  5.985 23.625],0.0285
551,ARG,35,1HD,552,[18.454  4.36  24.434],0.0687
552,ARG,35,2HD,553,[18.922  4.737 26.11 ],0.0687
553,ARG,35,HE,554,[18.173  7.153 24.838],0.3456
554,ARG,35,1HH1,555,[16.727  4.123 25.9  ],0.4478
555,ARG,35,2HH1,556,[15.151  4.829 26.178],0.4478
556,ARG,35,1HH2,557,[16.119  8.052 25.204],0.4478
557,ARG,35,2HH2,558,[14.806  7.051 25.785],0.4478
558,PHE,36,N,559,[22.821  7.258 24.007],-0.4157
559,PHE,36,CA,560,[23.238  8.596 24.448],-0.0024
560,PHE,36,C,561,[22.082  9.591 24.485],0.5973
561,PHE,36,O,562,[21.445  9.862 23.474],-0.5679
562,PHE,36,CB,563,[24.332  9.148 23.539],-0.0343
563,PHE,36,CG,564,[24.813 10.54  23.892],0.0118
564,PHE,36,CD1,565,[25.987 10.759 24.591],-0.1256
565,PHE,36,CD2,566,[24.057 11.648 23.504],-0.1256
566,PHE,36,CE1,567,[26.394 12.051 24.895],-0.1704
567,PHE,36,CE2,568,[24.464 12.929 23.807],-0.1704
568,PHE,36,CZ,569,[25.633 13.129 24.502],-0.1072
569,PHE,36,H,570,[22.393  7.191 23.097],0.2719
570,PHE,36,HA,571,[23.612  8.52  25.469],0.0978
571,PHE,36,1HB,572,[25.179  8.495 23.568],0.0295
572,PHE,36,2HB,573,[23.978  9.172 22.537],0.0295
573,PHE,36,HD1,574,[26.585  9.914 24.898],0.133
574,PHE,36,HD2,575,[23.127 11.488 22.952],0.133
575,PHE,36,HE1,576,[27.314 12.219 25.443],0.143
576,PHE,36,HE2,577,[23.861 13.783 23.496],0.143
577,PHE,36,HZ,578,[25.956 14.14  24.744],0.1297
578,ASP,37,N,579,[21.842 10.172 25.652],-0.5163
579,ASP,37,CA,580,[20.793 11.182 25.813],0.0381
580,ASP,37,C,581,[21.395 12.506 26.268],0.5366
581,ASP,37,O,582,[21.661 12.697 27.452],-0.5819
582,ASP,37,CB,583,[19.728 10.723 26.819],-0.0303
583,ASP,37,CG,584,[18.914  9.507 26.368],0.7994
584,ASP,37,OD1,585,[18.936  9.181 25.209],-0.8014
585,ASP,37,OD2,586,[18.272  8.917 27.205],-0.8014
586,ASP,37,H,587,[22.418  9.933 26.448],0.2936
587,ASP,37,HA,588,[20.307 11.339 24.85 ],0.088
588,ASP,37,1HB,589,[20.208 10.473 27.763],-0.0122
589,ASP,37,2HB,590,[19.032 11.543 27.009],-0.0122
590,SER,38,N,591,[21.093 13.57  25.517],-0.4157
591,SER,38,CA,592,[21.516 14.913 25.912],-0.0249
592,SER,38,C,593,[20.739 15.43  27.124],0.5973
593,SER,38,O,594,[21.166 16.378 27.785],-0.5679
594,SER,38,CB,595,[21.347 15.881 24.776],0.2117
595,SER,38,OG,596,[19.991 16.12  24.549],-0.6546
596,SER,38,H,597,[20.725 13.436 24.586],0.2719
597,SER,38,HA,598,[22.571 14.872 26.185],0.0843
598,SER,38,1HB,599,[21.856 16.813 25.009],0.0352
599,SER,38,2HB,600,[21.808 15.474 23.889],0.0352
600,SER,38,HG,601,[19.646 16.486 25.367],0.4275
601,ASP,39,N,602,[19.59  14.807 27.405],-0.5163
602,ASP,39,CA,603,[18.716 15.222 28.498],0.0381
603,ASP,39,C,604,[19.136 14.629 29.828],0.5366
604,ASP,39,O,605,[18.599 14.99  30.875],-0.5819
605,ASP,39,CB,606,[17.26  14.858 28.199],-0.0303
606,ASP,39,CG,607,[16.655 15.661 27.059],0.7994
607,ASP,39,OD1,608,[17.13  16.739 26.798],-0.8014
608,ASP,39,OD2,609,[15.719 15.185 26.462],-0.8014
609,ASP,39,H,610,[19.309 14.022 26.833],0.2936
610,ASP,39,HA,611,[18.791 16.306 28.597],0.088
611,ASP,39,1HB,612,[17.199 13.799 27.946],-0.0122
612,ASP,39,2HB,613,[16.656 15.02  29.093],-0.0122
613,ALA,40,N,614,[20.08  13.707 29.781],-0.4157
614,ALA,40,CA,615,[20.579 13.042 30.964],0.0337
615,ALA,40,C,616,[21.262 14.049 31.862],0.5973
616,ALA,40,O,617,[21.765 15.069 31.391],-0.5679
617,ALA,40,CB,618,[21.536 11.931 30.58 ],-0.1825
618,ALA,40,H,619,[20.502 13.475 28.893],0.2719
619,ALA,40,HA,620,[19.746 12.601 31.511],0.0823
620,ALA,40,1HB,621,[21.93  11.459 31.481],0.0603
621,ALA,40,2HB,622,[21.012 11.187 29.986],0.0603
622,ALA,40,3HB,623,[22.342 12.351 30.008],0.0603
623,ALA,41,N,624,[21.297 13.756 33.158],-0.4157
624,ALA,41,CA,625,[22.014 14.601 34.106],0.0337
625,ALA,41,C,626,[23.478 14.685 33.692],0.5973
626,ALA,41,O,627,[24.139 15.705 33.883],-0.5679
627,ALA,41,CB,628,[21.875 14.055 35.516],-0.1825
628,ALA,41,H,629,[20.831 12.926 33.494],0.2719
629,ALA,41,HA,630,[21.588 15.605 34.087],0.0823
630,ALA,41,1HB,631,[22.433 14.687 36.207],0.0603
631,ALA,41,2HB,632,[20.823 14.047 35.802],0.0603
632,ALA,41,3HB,633,[22.269 13.04  35.551],0.0603
633,SER,42,N,634,[23.973 13.583 33.139],-0.4157
634,SER,42,CA,635,[25.345 13.448 32.683],-0.0249
635,SER,42,C,636,[25.364 12.553 31.438],0.5973
636,SER,42,O,637,[25.564 11.344 31.555],-0.5679
637,SER,42,CB,638,[26.203 12.844 33.775],0.2117
638,SER,42,OG,639,[27.549 12.796 33.388],-0.6546
639,SER,42,H,640,[23.357 12.79  33.026],0.2719
640,SER,42,HA,641,[25.742 14.431 32.439],0.0843
641,SER,42,1HB,642,[26.103 13.439 34.684],0.0352
642,SER,42,2HB,643,[25.85  11.84  33.999],0.0352
643,SER,42,HG,644,[27.578 12.251 32.597],0.4275
644,PRO,43,N,645,[25.165 13.129 30.236],-0.2548
645,PRO,43,CA,646,[25.111 12.449 28.953],-0.0266
646,PRO,43,C,647,[26.366 11.654 28.677],0.5896
647,PRO,43,O,648,[27.481 12.143 28.868],-0.5748
648,PRO,43,CB,649,[24.952 13.608 27.97 ],-0.007
649,PRO,43,CG,650,[24.278 14.687 28.774],0.0189
650,PRO,43,CD,651,[24.879 14.573 30.141],0.0192
651,PRO,43,HA,652,[24.236 11.784 28.923],0.0641
652,PRO,43,1HB,653,[25.937 13.914 27.586],0.0253
653,PRO,43,2HB,654,[24.357 13.285 27.105],0.0253
654,PRO,43,1HG,655,[24.457 15.671 28.317],0.0213
655,PRO,43,2HG,656,[23.188 14.535 28.779],0.0213
656,PRO,43,1HD,657,[25.798 15.174 30.202],0.0391
657,PRO,43,2HD,658,[24.159 14.908 30.872],0.0391
658,ARG,44,N,659,[26.173 10.427 28.22 ],-0.3479
659,ARG,44,CA,660,[27.275  9.54  27.899],-0.2637
660,ARG,44,C,661,[26.779  8.354 27.078],0.7341
661,ARG,44,O,662,[25.602  8.006 27.161],-0.5894
662,ARG,44,CB,663,[27.942  9.044 29.179],-0.0007
663,ARG,44,CG,664,[27.059  8.182 30.038],0.039
664,ARG,44,CD,665,[27.734  7.763 31.304],0.0486
665,ARG,44,NE,666,[26.876  6.9   32.122],-0.5295
666,ARG,44,CZ,667,[27.246  6.34  33.292],0.8076
667,ARG,44,NH1,668,[28.452  6.557 33.773],-0.8627
668,ARG,44,NH2,669,[26.398  5.575 33.956],-0.8627
669,ARG,44,H,670,[25.227 10.098 28.082],0.2747
670,ARG,44,HA,671,[27.996 10.091 27.334],0.156
671,ARG,44,1HB,672,[28.832  8.469 28.926],0.0327
672,ARG,44,2HB,673,[28.264  9.894 29.778],0.0327
673,ARG,44,1HG,674,[26.157  8.735 30.303],0.0285
674,ARG,44,2HG,675,[26.791  7.298 29.494],0.0285
675,ARG,44,1HD,676,[28.643  7.213 31.066],0.0687
676,ARG,44,2HD,677,[27.987  8.647 31.89 ],0.0687
677,ARG,44,HE,678,[25.936  6.708 31.786],0.3456
678,ARG,44,1HH1,679,[29.1    7.142 33.265],0.4478
679,ARG,44,2HH1,680,[28.728  6.138 34.649],0.4478
680,ARG,44,1HH2,681,[25.472  5.409 33.588],0.4478
681,ARG,44,2HH2,682,[26.676  5.158 34.832],0.4478
682,GLU,45,N,683,[27.672  7.7   26.33 ],-0.5163
683,GLU,45,CA,684,[27.222  6.467 25.679],0.0397
684,GLU,45,C,685,[27.275  5.297 26.637],0.5366
685,GLU,45,O,686,[28.342  4.845 27.057],-0.5819
686,GLU,45,CB,687,[28.031  6.111 24.441],0.056
687,GLU,45,CG,688,[27.788  7.041 23.29 ],0.0136
688,GLU,45,CD,689,[28.493  6.654 22.054],0.8054
689,GLU,45,OE1,690,[28.331  5.562 21.619],-0.8188
690,GLU,45,OE2,691,[29.188  7.432 21.543],-0.8188
691,GLU,45,H,692,[28.627  8.024 26.254],0.2936
692,GLU,45,HA,693,[26.184  6.598 25.372],0.1105
693,GLU,45,1HB,694,[29.096  6.13  24.682],-0.0173
694,GLU,45,2HB,695,[27.792  5.12  24.131],-0.0173
695,GLU,45,1HG,696,[26.73   7.068 23.085],-0.0425
696,GLU,45,2HG,697,[28.101  8.041 23.575],-0.0425
697,GLU,46,N,698,[26.081  4.794 26.945],-0.5163
698,GLU,46,CA,699,[25.863  3.745 27.915],0.0397
699,GLU,46,C,700,[25.672  2.372 27.276],0.5366
700,GLU,46,O,701,[25.024  2.262 26.238],-0.5819
701,GLU,46,CB,702,[24.646  4.071 28.783],0.056
702,GLU,46,CG,703,[24.83   5.275 29.62 ],0.0136
703,GLU,46,CD,704,[23.647  5.596 30.487],0.8054
704,GLU,46,OE1,705,[22.543  5.315 30.085],-0.8188
705,GLU,46,OE2,706,[23.858  6.122 31.549],-0.8188
706,GLU,46,H,707,[25.269  5.231 26.536],0.2936
707,GLU,46,HA,708,[26.752  3.704 28.53 ],0.1105
708,GLU,46,1HB,709,[23.774  4.222 28.146],-0.0173
709,GLU,46,2HB,710,[24.43   3.226 29.438],-0.0173
710,GLU,46,1HG,711,[25.696  5.128 30.261],-0.0425
711,GLU,46,2HG,712,[25.029  6.119 28.975],-0.0425
712,PRO,47,N,713,[26.302  1.317 27.821],-0.2548
713,PRO,47,CA,714,[26.194 -0.044 27.372],-0.0266
714,PRO,47,C,715,[24.792 -0.554 27.687],0.5896
715,PRO,47,O,716,[24.332 -0.439 28.824],-0.5748
716,PRO,47,CB,717,[27.262 -0.76  28.199],-0.007
717,PRO,47,CG,718,[27.388  0.062 29.458],0.0189
718,PRO,47,CD,719,[27.151  1.49  29.03 ],0.0192
719,PRO,47,HA,720,[26.427 -0.104 26.3  ],0.0641
720,PRO,47,1HB,721,[26.947 -1.796 28.4  ],0.0253
721,PRO,47,2HB,722,[28.192 -0.816 27.65 ],0.0253
722,PRO,47,1HG,723,[26.653 -0.277 30.202],0.0213
723,PRO,47,2HG,724,[28.374 -0.073 29.905],0.0213
724,PRO,47,1HD,725,[26.627  2.014 29.85 ],0.0391
725,PRO,47,2HD,726,[28.112  1.981 28.797],0.0391
726,ARG,48,N,727,[24.167 -1.228 26.729],-0.3479
727,ARG,48,CA,728,[22.811 -1.724 26.89 ],-0.2637
728,ARG,48,C,729,[22.794 -3.243 26.726],0.7341
729,ARG,48,O,730,[21.734 -3.863 26.634],-0.5894
730,ARG,48,CB,731,[21.89  -1.08  25.867],-0.0007
731,ARG,48,CG,732,[21.85   0.461 25.903],0.039
732,ARG,48,CD,733,[21.195  0.977 27.122],0.0486
733,ARG,48,NE,734,[19.789  0.623 27.165],-0.5295
734,ARG,48,CZ,735,[18.99   0.781 28.235],0.8076
735,ARG,48,NH1,736,[19.47   1.288 29.347],-0.8627
736,ARG,48,NH2,737,[17.72   0.423 28.166],-0.8627
737,ARG,48,H,738,[24.572 -1.261 25.811],0.2747
738,ARG,48,HA,739,[22.465 -1.498 27.899],0.156
739,ARG,48,1HB,740,[22.193 -1.373 24.878],0.0327
740,ARG,48,2HB,741,[20.873 -1.437 26.017],0.0327
741,ARG,48,1HG,742,[22.864  0.852 25.875],0.0285
742,ARG,48,2HG,743,[21.297  0.834 25.045],0.0285
743,ARG,48,1HD,744,[21.682  0.558 28.002],0.0687
744,ARG,48,2HD,745,[21.277  2.065 27.144],0.0687
745,ARG,48,HE,746,[19.38   0.229 26.33 ],0.3456
746,ARG,48,1HH1,747,[20.442  1.561 29.4  ],0.4478
747,ARG,48,2HH1,748,[18.869  1.405 30.15 ],0.4478
748,ARG,48,1HH2,749,[17.35   0.032 27.31 ],0.4478
749,ARG,48,2HH2,750,[17.119  0.54  28.968],0.4478
750,ALA,49,N,751,[23.984 -3.836 26.719],-0.4157
751,ALA,49,CA,752,[24.167 -5.277 26.569],0.0337
752,ALA,49,C,753,[25.403 -5.653 27.393],0.5973
753,ALA,49,O,754,[26.46  -5.054 27.213],-0.5679
754,ALA,49,CB,755,[24.361 -5.666 25.131],-0.1825
755,ALA,49,H,756,[24.805 -3.259 26.837],0.2719
756,ALA,49,HA,757,[23.296 -5.801 26.926],0.0823
757,ALA,49,1HB,758,[24.591 -6.729 25.069],0.0603
758,ALA,49,2HB,759,[23.446 -5.46  24.574],0.0603
759,ALA,49,3HB,760,[25.17  -5.092 24.736],0.0603
760,PRO,50,N,761,[25.362 -6.752 28.165],-0.2548
761,PRO,50,CA,762,[26.462 -7.306 28.951],-0.0266
762,PRO,50,C,763,[27.803 -7.531 28.244],0.5896
763,PRO,50,O,764,[28.846 -7.417 28.889],-0.5748
764,PRO,50,CB,765,[25.878 -8.654 29.392],-0.007
765,PRO,50,CG,766,[24.41  -8.377 29.533],0.0189
766,PRO,50,CD,767,[24.074 -7.44  28.415],0.0192
767,PRO,50,HA,768,[26.641 -6.634 29.804],0.0641
768,PRO,50,1HB,769,[26.101 -9.424 28.638],0.0253
769,PRO,50,2HB,770,[26.348 -8.979 30.332],0.0253
770,PRO,50,1HG,771,[23.84  -9.316 29.475],0.0213
771,PRO,50,2HG,772,[24.201 -7.938 30.52 ],0.0213
772,PRO,50,1HD,773,[23.746 -8.011 27.53 ],0.0391
773,PRO,50,2HD,774,[23.282 -6.761 28.764],0.0391
774,TRP,51,N,775,[27.818 -7.853 26.947],-0.4157
775,TRP,51,CA,776,[29.117 -8.084 26.306],-0.0275
776,TRP,51,C,777,[29.898 -6.794 26.076],0.5973
777,TRP,51,O,778,[31.111 -6.82  25.887],-0.5679
778,TRP,51,CB,779,[29.025 -8.787 24.967],-0.005
779,TRP,51,CG,780,[28.331 -8.027 23.983],-0.1415
780,TRP,51,CD1,781,[27.048 -8.127 23.651],-0.1638
781,TRP,51,CD2,782,[28.868 -6.992 23.139],0.1243
782,TRP,51,CE2,783,[27.845 -6.549 22.357],0.138
783,TRP,51,CE3,784,[30.129 -6.423 23.   ],-0.2387
784,TRP,51,NE1,785,[26.758 -7.249 22.683],-0.3418
785,TRP,51,CZ2,786,[27.994 -5.555 21.423],-0.2601
786,TRP,51,CZ3,787,[30.3   -5.425 22.07 ],-0.1972
787,TRP,51,CH2,788,[29.252 -5.003 21.301],-0.1134
788,TRP,51,H,789,[26.958 -7.929 26.423],0.2719
789,TRP,51,HA,790,[29.707 -8.727 26.957],0.1123
790,TRP,51,1HB,791,[30.023 -8.997 24.603],0.0339
791,TRP,51,2HB,792,[28.514 -9.741 25.092],0.0339
792,TRP,51,HD1,793,[26.341 -8.82  24.101],0.2062
793,TRP,51,HE1,794,[25.876 -7.132 22.268],0.3412
794,TRP,51,HE3,795,[30.961 -6.761 23.617],0.17
795,TRP,51,HZ2,796,[27.176 -5.199 20.797],0.1572
796,TRP,51,HZ3,797,[31.29  -4.982 21.964],0.1447
797,TRP,51,HH2,798,[29.41  -4.222 20.582],0.1417
798,ILE,52,N,799,[29.204 -5.659 26.102],-0.4157
799,ILE,52,CA,800,[29.812 -4.374 25.787],-0.0597
800,ILE,52,C,801,[30.842 -3.976 26.826],0.5973
801,ILE,52,O,802,[31.951 -3.576 26.49 ],-0.5679
802,ILE,52,CB,803,[28.784 -3.262 25.677],0.1303
803,ILE,52,CG1,804,[27.879 -3.511 24.56 ],-0.043
804,ILE,52,CG2,805,[29.499 -1.927 25.518],-0.3204
805,ILE,52,CD1,806,[26.735 -2.622 24.589],-0.066
806,ILE,52,H,807,[28.211 -5.691 26.285],0.2719
807,ILE,52,HA,808,[30.327 -4.453 24.838],0.0869
808,ILE,52,HB,809,[28.174 -3.24  26.575],0.0187
809,ILE,52,1HG1,810,[28.419 -3.378 23.628],0.0236
810,ILE,52,2HG1,811,[27.539 -4.545 24.603],0.0236
811,ILE,52,1HG2,812,[28.765 -1.128 25.437],0.0882
812,ILE,52,2HG2,813,[30.129 -1.752 26.379],0.0882
813,ILE,52,3HG2,814,[30.112 -1.948 24.616],0.0882
814,ILE,52,1HD1,815,[26.113 -2.831 23.777],0.0186
815,ILE,52,2HD1,816,[26.19  -2.769 25.508],0.0186
816,ILE,52,3HD1,817,[27.074 -1.592 24.53 ],0.0186
817,GLU,53,N,818,[30.493 -4.225 28.085],-0.5163
818,GLU,53,CA,819,[31.275 -3.86  29.264],0.0397
819,GLU,53,C,820,[32.789 -4.05  29.145],0.5366
820,GLU,53,O,821,[33.543 -3.118 29.43 ],-0.5819
821,GLU,53,CB,822,[30.79  -4.655 30.473],0.056
822,GLU,53,CG,823,[31.495 -4.296 31.775],0.0136
823,GLU,53,CD,824,[30.966 -5.053 32.964],0.8054
824,GLU,53,OE1,825,[30.069 -5.844 32.792],-0.8188
825,GLU,53,OE2,826,[31.46  -4.838 34.046],-0.8188
826,GLU,53,H,827,[29.566 -4.594 28.243],0.2936
827,GLU,53,HA,828,[31.13  -2.809 29.449],0.1105
828,GLU,53,1HB,829,[29.721 -4.492 30.61 ],-0.0173
829,GLU,53,2HB,830,[30.938 -5.721 30.291],-0.0173
830,GLU,53,1HG,831,[32.558 -4.509 31.669],-0.0425
831,GLU,53,2HG,832,[31.381 -3.227 31.952],-0.0425
832,GLN,54,N,833,[33.225 -5.159 28.546],-0.4157
833,GLN,54,CA,834,[34.652 -5.487 28.414],-0.0031
834,GLN,54,C,835,[35.489 -4.429 27.671],0.5973
835,GLN,54,O,836,[36.717 -4.438 27.764],-0.5679
836,GLN,54,CB,837,[34.814 -6.823 27.691],-0.0036
837,GLN,54,CG,838,[34.447 -6.791 26.228],-0.0645
838,GLN,54,CD,839,[34.473 -8.18  25.614],0.6951
839,GLN,54,NE2,840,[33.292 -8.73  25.368],-0.9407
840,GLN,54,OE1,841,[35.54  -8.75  25.366],-0.6086
841,GLN,54,H,842,[32.547 -5.86  28.283],0.2719
842,GLN,54,HA,843,[35.068 -5.574 29.417],0.085
843,GLN,54,1HB,844,[35.85  -7.153 27.769],0.0171
844,GLN,54,2HB,845,[34.193 -7.574 28.177],0.0171
845,GLN,54,1HG,846,[33.452 -6.388 26.127],0.0352
846,GLN,54,2HG,847,[35.157 -6.162 25.692],0.0352
847,GLN,54,1HE2,848,[33.236 -9.644 24.964],0.4251
848,GLN,54,2HE2,849,[32.455 -8.224 25.589],0.4251
849,GLU,55,N,850,[34.833 -3.512 26.961],-0.5163
850,GLU,55,CA,851,[35.525 -2.473 26.203],0.0397
851,GLU,55,C,852,[36.249 -1.495 27.131],0.5366
852,GLU,55,O,853,[37.299 -0.955 26.781],-0.5819
853,GLU,55,CB,854,[34.544 -1.71  25.314],0.056
854,GLU,55,CG,855,[33.972 -2.53  24.149],0.0136
855,GLU,55,CD,856,[35.03  -2.979 23.168],0.8054
856,GLU,55,OE1,857,[35.794 -2.155 22.728],-0.8188
857,GLU,55,OE2,858,[35.07  -4.146 22.86 ],-0.8188
858,GLU,55,H,859,[33.828 -3.563 26.899],0.2936
859,GLU,55,HA,860,[36.291 -2.944 25.587],0.1105
860,GLU,55,1HB,861,[33.704 -1.356 25.918],-0.0173
861,GLU,55,2HB,862,[35.033 -0.847 24.902],-0.0173
862,GLU,55,1HG,863,[33.47  -3.407 24.544],-0.0425
863,GLU,55,2HG,864,[33.23  -1.928 23.626],-0.0425
864,GLY,56,N,865,[35.706 -1.3   28.327],-0.4157
865,GLY,56,CA,866,[36.288 -0.393 29.312],-0.0252
866,GLY,56,C,867,[35.803  1.061 29.151],0.5973
867,GLY,56,O,868,[35.56   1.514 28.033],-0.5679
868,GLY,56,H,869,[34.846 -1.777 28.558],0.2719
869,GLY,56,1HA,870,[36.017 -0.767 30.288],0.0698
870,GLY,56,2HA,871,[37.373 -0.412 29.226],0.0698
871,PRO,57,N,872,[35.847  1.855 30.244],-0.2548
872,PRO,57,CA,873,[35.593  3.287 30.326],-0.0266
873,PRO,57,C,874,[36.383  4.128 29.328],0.5896
874,PRO,57,O,875,[35.882  5.145 28.857],-0.5748
875,PRO,57,CB,876,[36.015  3.616 31.756],-0.007
876,PRO,57,CG,877,[35.725  2.368 32.515],0.0189
877,PRO,57,CD,878,[36.079  1.243 31.576],0.0192
878,PRO,57,HA,879,[34.527  3.467 30.172],0.0641
879,PRO,57,1HB,880,[37.079  3.894 31.778],0.0253
880,PRO,57,2HB,881,[35.448  4.483 32.124],0.0253
881,PRO,57,1HG,882,[36.317  2.341 33.441],0.0213
882,PRO,57,2HG,883,[34.665  2.345 32.813],0.0213
883,PRO,57,1HD,884,[37.132  0.947 31.702],0.0391
884,PRO,57,2HD,885,[35.396  0.417 31.811],0.0391
885,GLU,58,N,886,[37.586  3.686 28.953],-0.5163
886,GLU,58,CA,887,[38.391  4.464 28.012],0.0397
887,GLU,58,C,888,[37.705  4.531 26.662],0.5366
888,GLU,58,O,889,[37.661  5.582 26.022],-0.5819
889,GLU,58,CB,890,[39.781  3.848 27.866],0.056
890,GLU,58,CG,891,[40.652  3.98  29.102],0.0136
891,GLU,58,CD,892,[41.988  3.304 28.954],0.8054
892,GLU,58,OE1,893,[42.195  2.647 27.963],-0.8188
893,GLU,58,OE2,894,[42.803  3.444 29.836],-0.8188
894,GLU,58,H,895,[37.957  2.836 29.352],0.2936
895,GLU,58,HA,896,[38.499  5.478 28.399],0.1105
896,GLU,58,1HB,897,[39.684  2.786 27.632],-0.0173
897,GLU,58,2HB,898,[40.303  4.32  27.033],-0.0173
898,GLU,58,1HG,899,[40.816  5.038 29.308],-0.0425
899,GLU,58,2HG,900,[40.123  3.549 29.952],-0.0425
900,HIE,59,N,901,[37.139  3.401 26.263],-0.4157
901,HIE,59,CA,902,[36.43   3.273 25.009],-0.0581
902,HIE,59,C,903,[35.232  4.182 25.015],0.5973
903,HIE,59,O,904,[35.077  5.038 24.149],-0.5679
904,HIE,59,CB,905,[35.991  1.829 24.769],-0.0074
905,HIE,59,CG,906,[35.276  1.621 23.475],0.1868
906,HIE,59,CD2,907,[33.973  1.372 23.209],-0.2207
907,HIE,59,ND1,908,[35.917  1.658 22.255],-0.5432
908,HIE,59,CE1,909,[35.035  1.44  21.293],0.1635
909,HIE,59,NE2,910,[33.85   1.264 21.847],-0.2795
910,HIE,59,H,911,[37.242  2.58  26.843],0.2719
911,HIE,59,HA,912,[37.093  3.537 24.185],0.136
912,HIE,59,1HB,913,[36.864  1.176 24.783],0.0367
913,HIE,59,2HB,914,[35.333  1.509 25.572],0.0367
914,HIE,59,HD2,915,[33.173  1.276 23.94 ],0.1862
915,HIE,59,HE1,916,[35.251  1.411 20.225],0.1435
916,HIE,59,HE2,917,[32.988  1.081 21.354],0.3339
917,TRP,60,N,918,[34.498  4.11  26.116],-0.4157
918,TRP,60,CA,919,[33.251  4.825 26.267],-0.0275
919,TRP,60,C,920,[33.467  6.328 26.229],0.5973
920,TRP,60,O,921,[32.747  7.028 25.53 ],-0.5679
921,TRP,60,CB,922,[32.615  4.405 27.578],-0.005
922,TRP,60,CG,923,[32.119  3.023 27.52 ],-0.1415
923,TRP,60,CD1,924,[31.796  2.334 26.391],-0.1638
924,TRP,60,CD2,925,[31.877  2.122 28.615],0.1243
925,TRP,60,CE2,926,[31.416  0.933 28.064],0.138
926,TRP,60,CE3,927,[32.012  2.227 30.003],-0.2387
927,TRP,60,NE1,928,[31.372  1.082 26.709],-0.3418
928,TRP,60,CZ2,929,[31.088 -0.139 28.834],-0.2601
929,TRP,60,CZ3,930,[31.68   1.139 30.785],-0.1972
930,TRP,60,CH2,931,[ 3.1230e+01 -1.6000e-02  3.0217e+01],-0.1134
931,TRP,60,H,932,[34.679  3.333 26.746],0.2719
932,TRP,60,HA,933,[32.589  4.542 25.448],0.1123
933,TRP,60,1HB,934,[33.343  4.493 28.378],0.0339
934,TRP,60,2HB,935,[31.788  5.076 27.814],0.0339
935,TRP,60,HD1,936,[31.867  2.73  25.38 ],0.2062
936,TRP,60,HE1,937,[31.073  0.376 26.051],0.3412
937,TRP,60,HE3,938,[32.373  3.145 30.457],0.17
938,TRP,60,HZ2,939,[30.731 -1.056 28.397],0.1572
939,TRP,60,HZ3,940,[31.787  1.228 31.867],0.1447
940,TRP,60,HH2,941,[30.976 -0.859 30.858],0.1417
941,ASP,61,N,942,[34.564  6.794 26.834],-0.5163
942,ASP,61,CA,943,[34.832  8.228 26.889],0.0381
943,ASP,61,C,944,[35.056  8.788 25.489],0.5366
944,ASP,61,O,945,[34.448  9.79  25.108],-0.5819
945,ASP,61,CB,946,[36.061  8.528 27.753],-0.0303
946,ASP,61,CG,947,[35.803  8.354 29.252],0.7994
947,ASP,61,OD1,948,[34.66   8.256 29.634],-0.8014
948,ASP,61,OD2,949,[36.755  8.323 29.997],-0.8014
949,ASP,61,H,950,[35.046  6.195 27.485],0.2936
950,ASP,61,HA,951,[33.966  8.728 27.325],0.088
951,ASP,61,1HB,952,[36.878  7.864 27.462],-0.0122
952,ASP,61,2HB,953,[36.388  9.551 27.575],-0.0122
953,ARG,62,N,954,[35.724  7.995 24.649],-0.3479
954,ARG,62,CA,955,[36.028  8.416 23.288],-0.2637
955,ARG,62,C,956,[34.771  8.435 22.436],0.7341
956,ARG,62,O,957,[34.522  9.393 21.698],-0.5894
957,ARG,62,CB,958,[37.051  7.477 22.673],-0.0007
958,ARG,62,CG,959,[38.44   7.575 23.276],0.039
959,ARG,62,CD,960,[39.357  6.555 22.712],0.0486
960,ARG,62,NE,961,[40.688  6.641 23.294],-0.5295
961,ARG,62,CZ,962,[41.679  5.754 23.075],0.8076
962,ARG,62,NH1,963,[41.475  4.721 22.287],-0.8627
963,ARG,62,NH2,964,[42.856  5.923 23.652],-0.8627
964,ARG,62,H,965,[36.215  7.192 25.027],0.2747
965,ARG,62,HA,966,[36.447  9.421 23.32 ],0.156
966,ARG,62,1HB,967,[36.716  6.448 22.781],0.0327
967,ARG,62,2HB,968,[37.137  7.682 21.606],0.0327
968,ARG,62,1HG,969,[38.857  8.561 23.071],0.0285
969,ARG,62,2HG,970,[38.377  7.424 24.353],0.0285
970,ARG,62,1HD,971,[38.958  5.56  22.915],0.0687
971,ARG,62,2HD,972,[39.445  6.699 21.636],0.0687
972,ARG,62,HE,973,[40.883  7.423 23.905],0.3456
973,ARG,62,1HH1,974,[40.576  4.592 21.846],0.4478
974,ARG,62,2HH1,975,[42.218  4.057 22.125],0.4478
975,ARG,62,1HH2,976,[43.012  6.717 24.257],0.4478
976,ARG,62,2HH2,977,[43.597  5.259 23.488],0.4478
977,GLU,63,N,978,[33.916  7.44  22.654],-0.5163
978,GLU,63,CA,979,[32.697  7.302 21.885],0.0397
979,GLU,63,C,980,[31.722  8.399 22.285],0.5366
980,GLU,63,O,981,[31.107  9.038 21.431],-0.5819
981,GLU,63,CB,982,[32.103  5.911 22.097],0.056
982,GLU,63,CG,983,[32.944  4.784 21.505],0.0136
983,GLU,63,CD,984,[33.095  4.88  20.001],0.8054
984,GLU,63,OE1,985,[32.099  5.004 19.329],-0.8188
985,GLU,63,OE2,986,[34.208  4.831 19.53 ],-0.8188
986,GLU,63,H,987,[34.202  6.678 23.255],0.2936
987,GLU,63,HA,988,[32.931  7.426 20.832],0.1105
988,GLU,63,1HB,989,[31.986  5.723 23.165],-0.0173
989,GLU,63,2HB,990,[31.125  5.859 21.654],-0.0173
990,GLU,63,1HG,991,[33.931  4.804 21.954],-0.0425
991,GLU,63,2HG,992,[32.48   3.834 21.759],-0.0425
992,THR,64,N,993,[31.771  8.778 23.557],-0.4157
993,THR,64,CA,994,[30.89   9.802 24.075],-0.0389
994,THR,64,C,995,[31.19  11.132 23.437],0.5973
995,THR,64,O,996,[30.276 11.827 22.993],-0.5679
996,THR,64,CB,997,[30.992  9.935 25.589],0.3654
997,THR,64,CG2,998,[30.131 11.06  26.016],-0.2438
998,THR,64,OG1,999,[30.562  8.706 26.216],-0.6761
999,THR,64,H,1000,[32.254  8.19  24.215],0.2719
1000,THR,64,HA,1001,[29.862  9.522 23.852],0.1007
1001,THR,64,HB,1002,[32.024 10.125 25.869],0.0043
1002,THR,64,HG1,1003,[31.123  7.984 25.921],0.4102
1003,THR,64,1HG2,1004,[30.189 11.174 27.098],0.0642
1004,THR,64,2HG2,1005,[30.471 11.976 25.535],0.0642
1005,THR,64,3HG2,1006,[29.122 10.849 25.727],0.0642
1006,GLN,65,N,1007,[32.481 11.408 23.258],-0.4157
1007,GLN,65,CA,1008,[32.892 12.68  22.704],-0.0031
1008,GLN,65,C,1009,[32.305 12.836 21.313],0.5973
1009,GLN,65,O,1010,[31.779 13.897 20.98 ],-0.5679
1010,GLN,65,CB,1011,[34.413 12.793 22.656],-0.0036
1011,GLN,65,CG,1012,[34.903 14.154 22.201],-0.0645
1012,GLN,65,CD,1013,[34.526 15.257 23.177],0.6951
1013,GLN,65,NE2,1014,[33.873 16.298 22.67 ],-0.9407
1014,GLN,65,OE1,1015,[34.818 15.174 24.372],-0.6086
1015,GLN,65,H,1016,[33.169 10.849 23.747],0.2719
1016,GLN,65,HA,1017,[32.511 13.48  23.339],0.085
1017,GLN,65,1HB,1018,[34.825 12.593 23.645],0.0171
1018,GLN,65,2HB,1019,[34.812 12.04  21.976],0.0171
1019,GLN,65,1HG,1020,[35.987 14.128 22.115],0.0352
1020,GLN,65,2HG,1021,[34.455 14.382 21.232],0.0352
1021,GLN,65,1HE2,1022,[33.599 17.056 23.264],0.4251
1022,GLN,65,2HE2,1023,[33.656 16.326 21.694],0.4251
1023,ILE,66,N,1024,[32.195 11.715 20.591],-0.4157
1024,ILE,66,CA,1025,[31.671 11.759 19.236],-0.0597
1025,ILE,66,C,1026,[30.214 12.193 19.251],0.5973
1026,ILE,66,O,1027,[29.845 13.126 18.549],-0.5679
1027,ILE,66,CB,1028,[31.782 10.404 18.522],0.1303
1028,ILE,66,CG1,1029,[33.251 10.067 18.287],-0.043
1029,ILE,66,CG2,1030,[31.003 10.448 17.209],-0.3204
1030,ILE,66,CD1,1031,[33.481  8.64  17.842],-0.066
1031,ILE,66,H,1032,[32.747 10.91  20.874],0.2719
1032,ILE,66,HA,1033,[32.263 12.468 18.658],0.0869
1033,ILE,66,HB,1034,[31.376  9.628 19.146],0.0187
1034,ILE,66,1HG1,1035,[33.652 10.738 17.529],0.0236
1035,ILE,66,2HG1,1036,[33.805 10.237 19.212],0.0236
1036,ILE,66,1HG2,1037,[31.084  9.486 16.706],0.0882
1037,ILE,66,2HG2,1038,[29.954 10.662 17.414],0.0882
1038,ILE,66,3HG2,1039,[31.414 11.229 16.568],0.0882
1039,ILE,66,1HD1,1040,[34.547  8.471 17.695],0.0186
1040,ILE,66,2HD1,1041,[33.109  7.957 18.601],0.0186
1041,ILE,66,3HD1,1042,[32.955  8.461 16.907],0.0186
1042,CYS,67,N,1043,[29.422 11.629 20.171],-0.4157
1043,CYS,67,CA,1044,[28.003 11.986 20.244],0.0213
1044,CYS,67,C,1045,[27.813 13.455 20.553],0.5973
1045,CYS,67,O,1046,[27.023 14.124 19.895],-0.5679
1046,CYS,67,CB,1047,[27.259 11.185 21.296],-0.1231
1047,CYS,67,SG,1048,[27.025  9.491 20.872],-0.3119
1048,CYS,67,H,1049,[29.77  10.824 20.682],0.2719
1049,CYS,67,HA,1050,[27.548 11.777 19.276],0.1124
1050,CYS,67,1HB,1051,[27.806 11.226 22.237],0.1112
1051,CYS,67,2HB,1052,[26.284 11.63  21.464],0.1112
1052,CYS,67,HG,1053,[26.376  9.157 21.987],0.1933
1053,LYS,68,N,1054,[28.667 13.994 21.413],-0.3479
1054,LYS,68,CA,1055,[28.543 15.394 21.786],-0.24
1055,LYS,68,C,1056,[28.878 16.267 20.582],0.7341
1056,LYS,68,O,1057,[28.243 17.297 20.352],-0.5894
1057,LYS,68,CB,1058,[29.454 15.723 22.965],-0.0094
1058,LYS,68,CG,1059,[29.005 15.109 24.286],0.0187
1059,LYS,68,CD,1060,[29.957 15.462 25.411],-0.0479
1060,LYS,68,CE,1061,[29.503 14.86  26.734],-0.0143
1061,LYS,68,NZ,1062,[30.459 15.169 27.838],-0.3854
1062,LYS,68,H,1063,[29.248 13.382 21.973],0.2747
1063,LYS,68,HA,1064,[27.513 15.585 22.093],0.1426
1064,LYS,68,1HB,1065,[30.465 15.37  22.754],0.0362
1065,LYS,68,2HB,1066,[29.506 16.803 23.095],0.0362
1066,LYS,68,1HG,1067,[28.01  15.475 24.537],0.0103
1067,LYS,68,2HG,1068,[28.96  14.022 24.187],0.0103
1068,LYS,68,1HD,1069,[30.957 15.086 25.173],0.0621
1069,LYS,68,2HD,1070,[30.01  16.545 25.516],0.0621
1070,LYS,68,1HE,1071,[28.521 15.256 26.992],0.1135
1071,LYS,68,2HE,1072,[29.422 13.785 26.631],0.1135
1072,LYS,68,1HZ,1073,[30.127 14.756 28.697],0.34
1073,LYS,68,2HZ,1074,[31.368 14.792 27.612],0.34
1074,LYS,68,3HZ,1075,[30.529 16.17  27.952],0.34
1075,ALA,69,N,1076,[29.866 15.832 19.807],-0.4157
1076,ALA,69,CA,1077,[30.323 16.563 18.638],0.0337
1077,ALA,69,C,1078,[29.192 16.614 17.611],0.5973
1078,ALA,69,O,1079,[28.848 17.685 17.112],-0.5679
1079,ALA,69,CB,1080,[31.563 15.905 18.051],-0.1825
1080,ALA,69,H,1081,[30.396 15.026 20.106],0.2719
1081,ALA,69,HA,1082,[30.582 17.583 18.923],0.0823
1082,ALA,69,1HB,1083,[31.873 16.445 17.157],0.0603
1083,ALA,69,2HB,1084,[32.368 15.927 18.786],0.0603
1084,ALA,69,3HB,1085,[31.345 14.88  17.79 ],0.0603
1085,LYS,70,N,1086,[28.466 15.494 17.502],-0.3479
1086,LYS,70,CA,1087,[27.374 15.36  16.545],-0.24
1087,LYS,70,C,1088,[26.191 16.199 16.987],0.7341
1088,LYS,70,O,1089,[25.588 16.895 16.18 ],-0.5894
1089,LYS,70,CB,1090,[26.963 13.893 16.389],-0.0094
1090,LYS,70,CG,1091,[28.017 13.014 15.729],0.0187
1091,LYS,70,CD,1092,[28.26  13.425 14.291],-0.0479
1092,LYS,70,CE,1093,[29.26  12.501 13.615],-0.0143
1093,LYS,70,NZ,1094,[29.532 12.914 12.208],-0.3854
1094,LYS,70,H,1095,[28.846 14.65  17.903],0.2747
1095,LYS,70,HA,1096,[27.712 15.729 15.577],0.1426
1096,LYS,70,1HB,1097,[26.741 13.471 17.368],0.0362
1097,LYS,70,2HB,1098,[26.052 13.831 15.792],0.0362
1098,LYS,70,1HG,1099,[28.949 13.087 16.276],0.0103
1099,LYS,70,2HG,1100,[27.688 11.975 15.749],0.0103
1100,LYS,70,1HD,1101,[27.319 13.395 13.741],0.0621
1101,LYS,70,2HD,1102,[28.646 14.445 14.266],0.0621
1102,LYS,70,1HE,1103,[30.194 12.511 14.177],0.1135
1103,LYS,70,2HE,1104,[28.866 11.484 13.616],0.1135
1104,LYS,70,1HZ,1105,[30.198 12.279 11.793],0.34
1105,LYS,70,2HZ,1106,[28.673 12.895 11.679],0.34
1106,LYS,70,3HZ,1107,[29.911 13.851 12.2  ],0.34
1107,ALA,71,N,1108,[26.023 16.314 18.304],-0.4157
1108,ALA,71,CA,1109,[24.908 17.071 18.844],0.0337
1109,ALA,71,C,1110,[25.067 18.53  18.436],0.5973
1110,ALA,71,O,1111,[24.145 19.14  17.901],-0.5679
1111,ALA,71,CB,1112,[24.85  16.915 20.356],-0.1825
1112,ALA,71,H,1113,[26.494 15.659 18.909],0.2719
1113,ALA,71,HA,1114,[23.981 16.688 18.422],0.0823
1114,ALA,71,1HB,1115,[24.028 17.487 20.747],0.0603
1115,ALA,71,2HB,1116,[24.711 15.863 20.61 ],0.0603
1116,ALA,71,3HB,1117,[25.774 17.269 20.793],0.0603
1117,GLN,72,N,1118,[26.306 19.014 18.51 ],-0.4157
1118,GLN,72,CA,1119,[26.611 20.397 18.173],-0.0031
1119,GLN,72,C,1120,[26.451 20.645 16.679],0.5973
1120,GLN,72,O,1121,[25.837 21.631 16.268],-0.5679
1121,GLN,72,CB,1122,[28.029 20.759 18.612],-0.0036
1122,GLN,72,CG,1123,[28.375 22.222 18.415],-0.0645
1123,GLN,72,CD,1124,[27.494 23.141 19.246],0.6951
1124,GLN,72,NE2,1125,[26.855 24.101 18.59 ],-0.9407
1125,GLN,72,OE1,1126,[27.391 22.987 20.467],-0.6086
1126,GLN,72,H,1127,[27.005 18.465 18.997],0.2719
1127,GLN,72,HA,1128,[25.919 21.044 18.714],0.085
1128,GLN,72,1HB,1129,[28.155 20.518 19.668],0.0171
1129,GLN,72,2HB,1130,[28.746 20.16  18.052],0.0171
1130,GLN,72,1HG,1131,[29.412 22.382 18.709],0.0352
1131,GLN,72,2HG,1132,[28.241 22.478 17.362],0.0352
1132,GLN,72,1HE2,1133,[26.261 24.737 19.084],0.4251
1133,GLN,72,2HE2,1134,[26.966 24.19  17.599],0.4251
1134,THR,73,N,1135,[26.846 19.653 15.879],-0.4157
1135,THR,73,CA,1136,[26.776 19.767 14.431],-0.0389
1136,THR,73,C,1137,[25.33  19.884 13.988],0.5973
1137,THR,73,O,1138,[24.968 20.823 13.282],-0.5679
1138,THR,73,CB,1139,[27.428 18.558 13.734],0.3654
1139,THR,73,CG2,1140,[27.272 18.676 12.232],-0.2438
1140,THR,73,OG1,1141,[28.819 18.503 14.066],-0.6761
1141,THR,73,H,1142,[27.382 18.893 16.278],0.2719
1142,THR,73,HA,1143,[27.31  20.665 14.123],0.1007
1143,THR,73,HB,1144,[26.95  17.643 14.076],0.0043
1144,THR,73,HG1,1145,[28.917 18.413 15.018],0.4102
1145,THR,73,1HG2,1146,[27.736 17.816 11.75 ],0.0642
1146,THR,73,2HG2,1147,[26.21  18.706 11.978],0.0642
1147,THR,73,3HG2,1148,[27.754 19.589 11.886],0.0642
1148,ASP,74,N,1149,[24.488 19.047 14.591],-0.5163
1149,ASP,74,CA,1150,[23.081 18.983 14.241],0.0381
1150,ASP,74,C,1151,[22.375 20.263 14.646],0.5366
1151,ASP,74,O,1152,[21.614 20.816 13.859],-0.5819
1152,ASP,74,CB,1153,[22.427 17.763 14.889],-0.0303
1153,ASP,74,CG,1154,[22.844 16.448 14.23 ],0.7994
1154,ASP,74,OD1,1155,[23.428 16.494 13.172],-0.8014
1155,ASP,74,OD2,1156,[22.573 15.413 14.789],-0.8014
1156,ASP,74,H,1157,[24.879 18.261 15.086],0.2936
1157,ASP,74,HA,1158,[22.999 18.892 13.16 ],0.088
1158,ASP,74,1HB,1159,[22.693 17.727 15.939],-0.0122
1159,ASP,74,2HB,1160,[21.342 17.856 14.827],-0.0122
1160,ARG,75,N,1161,[22.835 20.881 15.737],-0.3479
1161,ARG,75,CA,1162,[22.188 22.1   16.199],-0.2637
1162,ARG,75,C,1163,[22.33  23.159 15.117],0.7341
1163,ARG,75,O,1164,[21.367 23.839 14.759],-0.5894
1164,ARG,75,CB,1165,[22.805 22.597 17.497],-0.0007
1165,ARG,75,CG,1166,[22.151 23.832 18.075],0.039
1166,ARG,75,CD,1167,[22.721 24.186 19.395],0.0486
1167,ARG,75,NE,1168,[22.126 25.396 19.933],-0.5295
1168,ARG,75,CZ,1169,[22.472 25.962 21.101],0.8076
1169,ARG,75,NH1,1170,[23.41  25.419 21.844],-0.8627
1170,ARG,75,NH2,1171,[21.868 27.067 21.505],-0.8627
1171,ARG,75,H,1172,[23.377 20.346 16.401],0.2747
1172,ARG,75,HA,1173,[21.142 21.887 16.412],0.156
1173,ARG,75,1HB,1174,[22.753 21.826 18.24 ],0.0327
1174,ARG,75,2HB,1175,[23.857 22.824 17.338],0.0327
1175,ARG,75,1HG,1176,[22.303 24.674 17.398],0.0285
1176,ARG,75,2HG,1177,[21.084 23.654 18.198],0.0285
1177,ARG,75,1HD,1178,[22.539 23.373 20.099],0.0687
1178,ARG,75,2HD,1179,[23.794 24.348 19.297],0.0687
1179,ARG,75,HE,1180,[21.4   25.843 19.39 ],0.3456
1180,ARG,75,1HH1,1181,[23.871 24.574 21.536],0.4478
1181,ARG,75,2HH1,1182,[23.669 25.844 22.721],0.4478
1182,ARG,75,1HH2,1183,[21.146 27.485 20.934],0.4478
1183,ARG,75,2HH2,1184,[22.128 27.492 22.382],0.4478
1184,GLU,76,N,1185,[23.55  23.276 14.595],-0.5163
1185,GLU,76,CA,1186,[23.868 24.271 13.588],0.0397
1186,GLU,76,C,1187,[23.109 23.98  12.296],0.5366
1187,GLU,76,O,1188,[22.508 24.882 11.713],-0.5819
1188,GLU,76,CB,1189,[25.373 24.299 13.321],0.056
1189,GLU,76,CG,1190,[26.206 24.841 14.478],0.0136
1190,GLU,76,CD,1191,[25.909 26.288 14.788],0.8054
1191,GLU,76,OE1,1192,[25.937 27.088 13.884],-0.8188
1192,GLU,76,OE2,1193,[25.654 26.592 15.931],-0.8188
1193,GLU,76,H,1194,[24.307 22.749 15.017],0.2936
1194,GLU,76,HA,1195,[23.569 25.252 13.961],0.1105
1195,GLU,76,1HB,1196,[25.723 23.292 13.1  ],-0.0173
1196,GLU,76,2HB,1197,[25.576 24.915 12.445],-0.0173
1197,GLU,76,1HG,1198,[26.006 24.241 15.368],-0.0425
1198,GLU,76,2HG,1199,[27.261 24.736 14.232],-0.0425
1199,ASP,77,N,1200,[22.969 22.685 11.975],-0.5163
1200,ASP,77,CA,1201,[22.307 22.278 10.741],0.0381
1201,ASP,77,C,1202,[20.838 22.669 10.768],0.5366
1202,ASP,77,O,1203,[20.326 23.195  9.792],-0.5819
1203,ASP,77,CB,1204,[22.435 20.772 10.505],-0.0303
1204,ASP,77,CG,1205,[23.841 20.337 10.089],0.7994
1205,ASP,77,OD1,1206,[24.634 21.186  9.753],-0.8014
1206,ASP,77,OD2,1207,[24.108 19.159 10.112],-0.8014
1207,ASP,77,H,1208,[23.56  22.012 12.443],0.2936
1208,ASP,77,HA,1209,[22.785 22.793  9.907],0.088
1209,ASP,77,1HB,1210,[22.166 20.245 11.409],-0.0122
1210,ASP,77,2HB,1211,[21.734 20.468  9.726],-0.0122
1211,LEU,78,N,1212,[20.222 22.591 11.947],-0.4157
1212,LEU,78,CA,1213,[18.805 22.91  12.083],-0.0518
1213,LEU,78,C,1214,[18.561 24.365 11.728],0.5973
1214,LEU,78,O,1215,[17.608 24.68  11.017],-0.5679
1215,LEU,78,CB,1216,[18.346 22.63  13.516],-0.1102
1216,LEU,78,CG,1217,[18.253 21.159 13.923],0.3531
1217,LEU,78,CD1,1218,[18.028 21.061 15.397],-0.4121
1218,LEU,78,CD2,1219,[17.118 20.505 13.144],-0.4121
1219,LEU,78,H,1220,[20.673 22.075 12.687],0.2719
1220,LEU,78,HA,1221,[18.235 22.271 11.41 ],0.0922
1221,LEU,78,1HB,1222,[19.036 23.111 14.2  ],0.0457
1222,LEU,78,2HB,1223,[17.363 23.07  13.656],0.0457
1223,LEU,78,HG,1224,[19.183 20.655 13.7  ],-0.0361
1224,LEU,78,1HD1,1225,[17.963 20.034 15.679],0.1
1225,LEU,78,2HD1,1226,[18.856 21.527 15.922],0.1
1226,LEU,78,3HD1,1227,[17.136 21.549 15.65 ],0.1
1227,LEU,78,1HD2,1228,[17.047 19.461 13.426],0.1
1228,LEU,78,2HD2,1229,[16.178 21.01  13.371],0.1
1229,LEU,78,3HD2,1230,[17.32  20.58  12.074],0.1
1230,ARG,79,N,1231,[19.492 25.227 12.122],-0.3479
1231,ARG,79,CA,1232,[19.36  26.65  11.856],-0.2637
1232,ARG,79,C,1233,[19.537 26.924 10.363],0.7341
1233,ARG,79,O,1234,[18.789 27.706  9.771],-0.5894
1234,ARG,79,CB,1235,[20.389 27.427 12.656],-0.0007
1235,ARG,79,CG,1236,[20.267 27.262 14.175],0.039
1236,ARG,79,CD,1237,[19.038 27.911 14.724],0.0486
1237,ARG,79,NE,1238,[17.839 27.103 14.515],-0.5295
1238,ARG,79,CZ,1239,[17.509 25.996 15.216],0.8076
1239,ARG,79,NH1,1240,[18.293 25.562 16.178],-0.8627
1240,ARG,79,NH2,1241,[16.387 25.35  14.926],-0.8627
1241,ARG,79,H,1242,[20.239 24.899 12.727],0.2747
1242,ARG,79,HA,1243,[18.369 26.974 12.168],0.156
1243,ARG,79,1HB,1244,[21.389 27.114 12.367],0.0327
1244,ARG,79,2HB,1245,[20.301 28.49  12.427],0.0327
1245,ARG,79,1HG,1246,[20.226 26.2   14.418],0.0285
1246,ARG,79,2HG,1247,[21.132 27.716 14.66 ],0.0285
1247,ARG,79,1HD,1248,[19.157 28.063 15.796],0.0687
1248,ARG,79,2HD,1249,[18.884 28.872 14.235],0.0687
1249,ARG,79,HE,1250,[17.204 27.396 13.787],0.3456
1250,ARG,79,1HH1,1251,[19.147 26.056 16.396],0.4478
1251,ARG,79,2HH1,1252,[18.042 24.734 16.699],0.4478
1252,ARG,79,1HH2,1253,[15.788 25.691 14.185],0.4478
1253,ARG,79,2HH2,1254,[16.116 24.515 15.439],0.4478
1254,THR,80,N,1255,[20.444 26.174  9.736],-0.4157
1255,THR,80,CA,1256,[20.734 26.329  8.318],-0.0389
1256,THR,80,C,1257,[19.525 25.943  7.482],0.5973
1257,THR,80,O,1258,[19.109 26.68   6.589],-0.5679
1258,THR,80,CB,1259,[21.949 25.493  7.885],0.3654
1259,THR,80,CG2,1260,[22.16 25.64  6.4 ],-0.2438
1260,THR,80,OG1,1261,[23.119 25.939  8.586],-0.6761
1261,THR,80,H,1262,[21.059 25.595 10.295],0.2719
1262,THR,80,HA,1263,[20.961 27.376  8.122],0.1007
1263,THR,80,HB,1264,[21.777 24.448  8.128],0.0043
1264,THR,80,HG1,1265,[22.982 25.837  9.532],0.4102
1265,THR,80,1HG2,1266,[23.021 25.048  6.091],0.0642
1266,THR,80,2HG2,1267,[21.269 25.289  5.88 ],0.0642
1267,THR,80,3HG2,1268,[22.337 26.686  6.157],0.0642
1268,LEU,81,N,1269,[18.871 24.866  7.9  ],-0.4157
1269,LEU,81,CA,1270,[17.724 24.324  7.199],-0.0518
1270,LEU,81,C,1271,[16.557 25.307  7.282],0.5973
1271,LEU,81,O,1272,[15.849 25.502  6.296],-0.5679
1272,LEU,81,CB,1273,[17.364 22.983  7.827],-0.1102
1273,LEU,81,CG,1274,[18.426 21.888  7.562],0.3531
1274,LEU,81,CD1,1275,[18.126 20.67   8.35 ],-0.4121
1275,LEU,81,CD2,1276,[18.446 21.585  6.094],-0.4121
1276,LEU,81,H,1277,[19.322 24.276  8.582],0.2719
1277,LEU,81,HA,1278,[17.987 24.177  6.153],0.0922
1278,LEU,81,1HB,1279,[17.253 23.117  8.901],0.0457
1279,LEU,81,2HB,1280,[16.413 22.66   7.426],0.0457
1280,LEU,81,HG,1281,[19.394 22.232  7.87 ],-0.0361
1281,LEU,81,1HD1,1282,[18.884 19.915  8.15 ],0.1
1282,LEU,81,2HD1,1283,[18.13  20.912  9.412],0.1
1283,LEU,81,3HD1,1284,[17.177 20.308  8.071],0.1
1284,LEU,81,1HD2,1285,[19.189 20.817  5.893],0.1
1285,LEU,81,2HD2,1286,[17.463 21.23   5.784],0.1
1286,LEU,81,3HD2,1287,[18.696 22.482  5.545],0.1
1287,LEU,82,N,1288,[16.472 26.085  8.377],-0.4157
1288,LEU,82,CA,1289,[15.386 27.063  8.467],-0.0518
1289,LEU,82,C,1290,[15.522 28.05   7.325],0.5973
1290,LEU,82,O,1291,[14.539 28.511  6.75 ],-0.5679
1291,LEU,82,CB,1292,[15.402 27.825  9.802],-0.1102
1292,LEU,82,CG,1293,[15.063 27.06  11.052],0.3531
1293,LEU,82,CD1,1294,[15.32  27.951 12.238],-0.4121
1294,LEU,82,CD2,1295,[13.634 26.614 10.997],-0.4121
1295,LEU,82,H,1296,[17.022 25.862  9.197],0.2719
1296,LEU,82,HA,1297,[14.431 26.543  8.4  ],0.0922
1297,LEU,82,1HB,1298,[16.391 28.238  9.951],0.0457
1298,LEU,82,2HB,1299,[14.691 28.65   9.737],0.0457
1299,LEU,82,HG,1300,[15.703 26.195 11.138],-0.0361
1300,LEU,82,1HD1,1301,[15.08  27.414 13.155],0.1
1301,LEU,82,2HD1,1302,[16.367 28.241 12.255],0.1
1302,LEU,82,3HD1,1303,[14.698 28.836 12.165],0.1
1303,LEU,82,1HD2,1304,[13.398 26.066 11.897],0.1
1304,LEU,82,2HD2,1305,[12.981 27.485 10.918],0.1
1305,LEU,82,3HD2,1306,[13.488 25.973 10.129],0.1
1306,ARG,83,N,1307,[16.772 28.388  7.005],-0.3479
1307,ARG,83,CA,1308,[17.04  29.388  5.986],-0.2637
1308,ARG,83,C,1309,[16.706 28.827  4.611],0.7341
1309,ARG,83,O,1310,[16.055 29.489  3.801],-0.5894
1310,ARG,83,CB,1311,[18.498 29.829  6.016],-0.0007
1311,ARG,83,CG,1312,[18.893 30.63   7.239],0.039
1312,ARG,83,CD,1313,[20.337 30.969  7.228],0.0486
1313,ARG,83,NE,1314,[20.722 31.738  8.4  ],-0.5295
1314,ARG,83,CZ,1315,[21.988 32.084  8.706],0.8076
1315,ARG,83,NH1,1316,[22.977 31.721  7.92 ],-0.8627
1316,ARG,83,NH2,1317,[22.235 32.786  9.798],-0.8627
1317,ARG,83,H,1318,[17.517 28.132  7.647],0.2747
1318,ARG,83,HA,1319,[16.436 30.271  6.196],0.156
1319,ARG,83,1HB,1320,[19.144 28.97   5.973],0.0327
1320,ARG,83,2HB,1321,[18.71  30.436  5.138],0.0327
1321,ARG,83,1HG,1322,[18.323 31.559  7.264],0.0285
1322,ARG,83,2HG,1323,[18.681 30.048  8.138],0.0285
1323,ARG,83,1HD,1324,[20.925 30.05   7.213],0.0687
1324,ARG,83,2HD,1325,[20.564 31.56   6.341],0.0687
1325,ARG,83,HE,1326,[19.988 32.035  9.029],0.3456
1326,ARG,83,1HH1,1327,[22.788 31.184  7.085],0.4478
1327,ARG,83,2HH1,1328,[23.925 31.98   8.15 ],0.4478
1328,ARG,83,1HH2,1329,[21.474 33.064 10.402],0.4478
1329,ARG,83,2HH2,1330,[23.183 33.045 10.028],0.4478
1330,TYR,84,N,1331,[17.042 27.548  4.403],-0.4157
1331,TYR,84,CA,1332,[16.815 26.892  3.12 ],-0.0014
1332,TYR,84,C,1333,[15.345 26.821  2.74 ],0.5973
1333,TYR,84,O,1334,[14.962 27.171  1.624],-0.5679
1334,TYR,84,CB,1335,[17.392 25.487  3.087],-0.0152
1335,TYR,84,CG,1336,[18.867 25.322  3.05 ],-0.0011
1336,TYR,84,CD1,1337,[19.752 26.373  2.856],-0.1906
1337,TYR,84,CD2,1338,[19.335 24.072  3.217],-0.1906
1338,TYR,84,CE1,1339,[21.131 26.099  2.838],-0.2341
1339,TYR,84,CE2,1340,[20.642 23.804  3.201],-0.2341
1340,TYR,84,CZ,1341,[21.559 24.768  3.019],0.3226
1341,TYR,84,OH,1342,[22.902 24.394  3.019],-0.5579
1342,TYR,84,H,1343,[17.588 27.073  5.111],0.2719
1343,TYR,84,HA,1344,[17.301 27.487  2.347],0.0876
1344,TYR,84,1HB,1345,[17.052 24.948  3.971],0.0295
1345,TYR,84,2HB,1346,[17.008 24.991  2.215],0.0295
1346,TYR,84,HD1,1347,[19.38  27.389  2.719],0.1699
1347,TYR,84,HD2,1348,[18.637 23.258  3.366],0.1699
1348,TYR,84,HE1,1349,[21.852 26.902  2.689],0.1656
1349,TYR,84,HE2,1350,[20.966 22.811  3.335],0.1656
1350,TYR,84,HH,1351,[22.96  23.418  3.132],0.3992
1351,TYR,85,N,1352,[14.516 26.539  3.738],-0.4157
1352,TYR,85,CA,1353,[13.095 26.33   3.519],-0.0014
1353,TYR,85,C,1354,[12.262 27.54   3.908],0.5973
1354,TYR,85,O,1355,[11.042 27.528  3.748],-0.5679
1355,TYR,85,CB,1356,[12.607 25.1    4.282],-0.0152
1356,TYR,85,CG,1357,[13.157 23.783  3.782],-0.0011
1357,TYR,85,CD1,1358,[14.283 23.204  4.359],-0.1906
1358,TYR,85,CD2,1359,[12.523 23.147  2.731],-0.1906
1359,TYR,85,CE1,1360,[14.759 22.002  3.88 ],-0.2341
1360,TYR,85,CE2,1361,[12.997 21.952  2.256],-0.2341
1361,TYR,85,CZ,1362,[14.101 21.377  2.816],0.3226
1362,TYR,85,OH,1363,[14.561 20.181  2.326],-0.5579
1363,TYR,85,H,1364,[14.92  26.174  4.59 ],0.2719
1364,TYR,85,HA,1365,[12.936 26.166  2.452],0.0876
1365,TYR,85,1HB,1366,[12.879 25.195  5.334],0.0295
1366,TYR,85,2HB,1367,[11.521 25.047  4.229],0.0295
1367,TYR,85,HD1,1368,[14.785 23.693  5.181],0.1699
1368,TYR,85,HD2,1369,[11.64  23.598  2.276],0.1699
1369,TYR,85,HE1,1370,[15.638 21.547  4.328],0.1656
1370,TYR,85,HE2,1371,[12.491 21.458  1.425],0.1656
1371,TYR,85,HH,1372,[14.001 19.896  1.589],0.3992
1372,ASN,86,N,1373,[12.922 28.572  4.424],-0.4157
1373,ASN,86,CA,1374,[12.235 29.776  4.872],0.0143
1374,ASN,86,C,1375,[11.163 29.46   5.91 ],0.5973
1375,ASN,86,O,1376,[10.002 29.837  5.747],-0.5679
1376,ASN,86,CB,1377,[11.623 30.518  3.694],-0.2041
1377,ASN,86,CG,1378,[11.227 31.929  4.039],0.713
1378,ASN,86,ND2,1379,[10.182 32.413  3.415],-0.9191
1379,ASN,86,OD1,1380,[11.867 32.582  4.871],-0.5931
1380,ASN,86,H,1381,[13.924 28.514  4.542],0.2719
1381,ASN,86,HA,1382,[12.967 30.435  5.343],0.1048
1382,ASN,86,1HB,1383,[12.338 30.545  2.871],0.0797
1383,ASN,86,2HB,1384,[10.742 29.986  3.342],0.0797
1384,ASN,86,1HD2,1385,[ 9.873 33.345  3.603],0.4196
1385,ASN,86,2HD2,1386,[ 9.694 31.85   2.748],0.4196
1386,GLN,87,N,1387,[11.549 28.723  6.947],-0.4157
1387,GLN,87,CA,1388,[10.621 28.36   8.007],-0.0031
1388,GLN,87,C,1389,[10.818 29.223  9.238],0.5973
1389,GLN,87,O,1390,[11.92  29.703  9.507],-0.5679
1390,GLN,87,CB,1391,[10.785 26.888  8.37 ],-0.0036
1391,GLN,87,CG,1392,[10.548 25.957  7.22 ],-0.0645
1392,GLN,87,CD,1393,[ 9.116 25.973  6.744],0.6951
1393,GLN,87,NE2,1394,[ 8.916 26.277  5.465],-0.9407
1394,GLN,87,OE1,1395,[ 8.19  25.712  7.517],-0.6086
1395,GLN,87,H,1396,[12.529 28.484  7.03 ],0.2719
1396,GLN,87,HA,1397,[ 9.605 28.533  7.655],0.085
1397,GLN,87,1HB,1398,[11.785 26.719  8.744],0.0171
1398,GLN,87,2HB,1399,[10.09  26.63   9.168],0.0171
1399,GLN,87,1HG,1400,[11.181 26.258  6.405],0.0352
1400,GLN,87,2HG,1401,[10.791 24.942  7.533],0.0352
1401,GLN,87,1HE2,1402,[ 7.986 26.301  5.095],0.4251
1402,GLN,87,2HE2,1403,[ 9.696 26.483  4.865],0.4251
1403,SER,88,N,1404,[ 9.738 29.404  9.989],-0.4157
1404,SER,88,CA,1405,[ 9.775 30.164 11.226],-0.0249
1405,SER,88,C,1406,[10.594 29.44  12.28 ],0.5973
1406,SER,88,O,1407,[10.258 28.324 12.677],-0.5679
1407,SER,88,CB,1408,[ 8.367 30.411 11.731],0.2117
1408,SER,88,OG,1409,[ 8.381 31.074 12.963],-0.6546
1409,SER,88,H,1410,[ 8.862 28.998  9.69 ],0.2719
1410,SER,88,HA,1411,[10.249 31.127 11.028],0.0843
1411,SER,88,1HB,1412,[ 7.819 31.006 11.002],0.0352
1412,SER,88,2HB,1413,[ 7.848 29.458 11.835],0.0352
1413,SER,88,HG,1414,[ 8.859 30.5   13.567],0.4275
1414,GLU,89,N,1415,[11.525 30.169 12.885],-0.5163
1415,GLU,89,CA,1416,[12.382 29.628 13.933],0.0397
1416,GLU,89,C,1417,[11.589 29.158 15.144],0.5366
1417,GLU,89,O,1418,[11.997 28.233 15.842],-0.5819
1418,GLU,89,CB,1419,[13.407 30.67  14.377],0.056
1419,GLU,89,CG,1420,[14.444 30.149 15.367],0.0136
1420,GLU,89,CD,1421,[15.506 31.164 15.694],0.8054
1421,GLU,89,OE1,1422,[15.451 32.245 15.159],-0.8188
1422,GLU,89,OE2,1423,[16.371 30.859 16.48 ],-0.8188
1423,GLU,89,H,1424,[11.731 31.089 12.521],0.2936
1424,GLU,89,HA,1425,[12.91  28.767 13.533],0.1105
1425,GLU,89,1HB,1426,[13.938 31.053 13.506],-0.0173
1426,GLU,89,2HB,1427,[12.892 31.511 14.842],-0.0173
1427,GLU,89,1HG,1428,[13.938 29.86  16.289],-0.0425
1428,GLU,89,2HG,1429,[14.916 29.26  14.951],-0.0425
1429,ALA,90,N,1430,[10.453 29.81  15.386],-0.4157
1430,ALA,90,CA,1431,[ 9.581 29.524 16.521],0.0337
1431,ALA,90,C,1432,[ 9.086 28.07  16.532],0.5973
1432,ALA,90,O,1433,[ 8.725 27.546 17.586],-0.5679
1433,ALA,90,CB,1434,[ 8.399 30.477 16.512],-0.1825
1434,ALA,90,H,1435,[10.184 30.55  14.754],0.2719
1435,ALA,90,HA,1436,[10.151 29.671 17.438],0.0823
1436,ALA,90,1HB,1437,[ 7.756 30.267 17.366],0.0603
1437,ALA,90,2HB,1438,[ 8.761 31.503 16.572],0.0603
1438,ALA,90,3HB,1439,[ 7.834 30.344 15.591],0.0603
1439,GLY,91,N,1440,[ 9.042 27.427 15.366],-0.4157
1440,GLY,91,CA,1441,[ 8.545 26.058 15.266],-0.0252
1441,GLY,91,C,1442,[ 9.616 25.013 15.56 ],0.5973
1442,GLY,91,O,1443,[10.81  25.271 15.409],-0.5679
1443,GLY,91,H,1444,[ 9.35  27.896 14.524],0.2719
1444,GLY,91,1HA,1445,[ 7.72  25.923 15.965],0.0698
1445,GLY,91,2HA,1446,[ 8.153 25.893 14.264],0.0698
1446,SER,92,N,1447,[ 9.167 23.822 15.961],-0.4157
1447,SER,92,CA,1448,[10.047 22.684 16.214],-0.0249
1448,SER,92,C,1449,[10.303 21.926 14.913],0.5973
1449,SER,92,O,1450,[ 9.395 21.773 14.095],-0.5679
1450,SER,92,CB,1451,[ 9.43  21.76  17.249],0.2117
1451,SER,92,OG,1452,[10.208 20.604 17.432],-0.6546
1452,SER,92,H,1453,[ 8.172 23.698 16.082],0.2719
1453,SER,92,HA,1454,[10.998 23.055 16.599],0.0843
1454,SER,92,1HB,1455,[ 9.337 22.291 18.196],0.0352
1455,SER,92,2HB,1456,[ 8.429 21.478 16.929],0.0352
1456,SER,92,HG,1457,[11.056 20.903 17.765],0.4275
1457,HID,93,N,1458,[11.531 21.449 14.73 ],-0.4157
1458,HID,93,CA,1459,[11.911 20.684 13.547],0.0188
1459,HID,93,C,1460,[12.762 19.478 13.932],0.5973
1460,HID,93,O,1461,[13.439 19.481 14.954],-0.5679
1461,HID,93,CB,1462,[12.667 21.566 12.553],-0.0462
1462,HID,93,CG,1463,[11.842 22.697 11.998],-0.0266
1463,HID,93,CD2,1464,[11.683 23.968 12.421],0.1292
1464,HID,93,ND1,1465,[11.055 22.569 10.861],-0.3811
1465,HID,93,CE1,1466,[10.453 23.721 10.621],0.2057
1466,HID,93,NE2,1467,[10.817 24.582 11.549],-0.5727
1467,HID,93,H,1468,[12.23  21.622 15.433],0.2719
1468,HID,93,HA,1469,[11.018 20.293 13.059],0.0881
1469,HID,93,1HB,1470,[13.548 21.991 13.038],0.0402
1470,HID,93,2HB,1471,[13.006 20.958 11.735],0.0402
1471,HID,93,HD1,1472,[10.879 21.729 10.329],0.3649
1472,HID,93,HD2,1473,[12.096 24.524 13.261],0.1147
1473,HID,93,HE1,1474,[ 9.785 23.83   9.766],0.1392
1474,THR,94,N,1475,[12.762 18.449 13.09 ],-0.4157
1475,THR,94,CA,1476,[13.559 17.266 13.396],-0.0389
1476,THR,94,C,1477,[14.613 16.953 12.334],0.5973
1477,THR,94,O,1478,[14.32  16.777 11.162],-0.5679
1478,THR,94,CB,1479,[12.642 16.042 13.572],0.3654
1479,THR,94,CG2,1480,[13.456 14.827 13.879],-0.2438
1480,THR,94,OG1,1481,[11.721 16.281 14.645],-0.6761
1481,THR,94,H,1482,[12.223 18.494 12.235],0.2719
1482,THR,94,HA,1483,[14.087 17.449 14.32 ],0.1007
1483,THR,94,HB,1484,[12.078 15.877 12.654],0.0043
1484,THR,94,HG1,1485,[11.187 17.053 14.44 ],0.4102
1485,THR,94,1HG2,1486,[12.799 13.968 14.002],0.0642
1486,THR,94,2HG2,1487,[14.127 14.652 13.077],0.0642
1487,THR,94,3HG2,1488,[14.017 14.985 14.798],0.0642
1488,LEU,95,N,1489,[15.811 16.612 12.786],-0.4157
1489,LEU,95,CA,1490,[16.869 16.227 11.867],-0.0518
1490,LEU,95,C,1491,[17.408 14.854 12.247],0.5973
1491,LEU,95,O,1492,[17.788 14.612 13.388],-0.5679
1492,LEU,95,CB,1493,[17.977 17.279 11.908],-0.1102
1493,LEU,95,CG,1494,[19.193 17.037 11.073],0.3531
1494,LEU,95,CD1,1495,[18.791 17.01   9.617],-0.4121
1495,LEU,95,CD2,1496,[20.205 18.139 11.362],-0.4121
1496,LEU,95,H,1497,[16.019 16.722 13.768],0.2719
1497,LEU,95,HA,1498,[16.464 16.172 10.859],0.0922
1498,LEU,95,1HB,1499,[17.559 18.221 11.59 ],0.0457
1499,LEU,95,2HB,1500,[18.317 17.383 12.929],0.0457
1500,LEU,95,HG,1501,[19.624 16.065 11.319],-0.0361
1501,LEU,95,1HD1,1502,[19.67  16.834  9.003],0.1
1502,LEU,95,2HD1,1503,[18.077 16.22   9.456],0.1
1503,LEU,95,3HD1,1504,[18.346 17.959  9.347],0.1
1504,LEU,95,1HD2,1505,[21.1   17.978 10.762],0.1
1505,LEU,95,2HD2,1506,[19.769 19.11  11.113],0.1
1506,LEU,95,3HD2,1507,[20.471 18.124 12.419],0.1
1507,GLN,96,N,1508,[17.279 13.891 11.334],-0.4157
1508,GLN,96,CA,1509,[17.655 12.528 11.668],-0.0031
1509,GLN,96,C,1510,[18.738 11.989 10.774],0.5973
1510,GLN,96,O,1511,[18.75  12.209  9.569],-0.5679
1511,GLN,96,CB,1512,[16.443 11.597 11.598],-0.0036
1512,GLN,96,CG,1513,[15.418 11.959 12.612],-0.0645
1513,GLN,96,CD,1514,[14.202 11.082 12.622],0.6951
1514,GLN,96,NE2,1515,[13.94  10.47  13.772],-0.9407
1515,GLN,96,OE1,1516,[13.495 10.946 11.619],-0.6086
1516,GLN,96,H,1517,[16.88  14.097 10.432],0.2719
1517,GLN,96,HA,1518,[18.042 12.533 12.674],0.085
1518,GLN,96,1HB,1519,[16.001 11.645 10.612],0.0171
1519,GLN,96,2HB,1520,[16.761 10.567 11.761],0.0171
1520,GLN,96,1HG,1521,[15.87  11.892 13.593],0.0352
1521,GLN,96,2HG,1522,[15.104 12.945 12.402],0.0352
1522,GLN,96,1HE2,1523,[13.143  9.869 13.851],0.4251
1523,GLN,96,2HE2,1524,[14.543 10.609 14.564],0.4251
1524,ASN,97,N,1525,[19.551 11.116 11.335],-0.4157
1525,ASN,97,CA,1526,[20.614 10.527 10.55 ],0.0143
1526,ASN,97,C,1527,[20.758  9.045 10.802],0.5973
1527,ASN,97,O,1528,[20.626  8.556 11.92 ],-0.5679
1528,ASN,97,CB,1529,[21.94  11.227 10.805],-0.2041
1529,ASN,97,CG,1530,[21.948 12.662 10.345],0.713
1530,ASN,97,ND2,1531,[21.756 13.572 11.265],-0.9191
1531,ASN,97,OD1,1532,[22.129 12.942  9.155],-0.5931
1532,ASN,97,H,1533,[19.513 10.983 12.339],0.2719
1533,ASN,97,HA,1534,[20.352 10.634  9.506],0.1048
1534,ASN,97,1HB,1535,[22.164 11.207 11.86 ],0.0797
1535,ASN,97,2HB,1536,[22.738 10.692 10.291],0.0797
1536,ASN,97,1HD2,1537,[21.751 14.543 11.017],0.4196
1537,ASN,97,2HD2,1538,[21.614 13.3   12.217],0.4196
1538,MET,98,N,1539,[21.118  8.332  9.758],-0.4157
1539,MET,98,CA,1540,[21.365  6.913  9.863],-0.0237
1540,MET,98,C,1541,[22.715  6.614  9.26 ],0.5973
1541,MET,98,O,1542,[23.021  7.038  8.159],-0.5679
1542,MET,98,CB,1543,[20.264  6.114  9.17 ],0.0342
1543,MET,98,CG,1544,[20.441  4.602  9.259],0.0018
1544,MET,98,SD,1545,[21.482  3.954  7.931],-0.2737
1545,MET,98,CE,1546,[21.758  2.259  8.456],-0.0536
1546,MET,98,H,1547,[21.152  8.782  8.853],0.2719
1547,MET,98,HA,1548,[21.404  6.638 10.911],0.088
1548,MET,98,1HB,1549,[19.3    6.369  9.609],0.0241
1549,MET,98,2HB,1550,[20.226  6.387  8.117],0.0241
1550,MET,98,1HG,1551,[20.893  4.348 10.215],0.044
1551,MET,98,2HG,1552,[19.466  4.118  9.204],0.044
1552,MET,98,1HE,1553,[22.38   1.748  7.733],0.0684
1553,MET,98,2HE,1554,[22.251  2.254  9.421],0.0684
1554,MET,98,3HE,1555,[20.802  1.741  8.536],0.0684
1555,TYR,99,N,1556,[23.477  5.772  9.916],-0.4157
1556,TYR,99,CA,1557,[24.775  5.375  9.397],-0.0014
1557,TYR,99,C,1558,[25.04   3.923  9.702],0.5973
1558,TYR,99,O,1559,[24.761  3.447 10.796],-0.5679
1559,TYR,99,CB,1560,[25.858  6.265  9.99 ],-0.0152
1560,TYR,99,CG,1561,[27.235  5.914  9.559],-0.0011
1561,TYR,99,CD1,1562,[27.709  6.327  8.334],-0.1906
1562,TYR,99,CD2,1563,[28.034  5.167 10.403],-0.1906
1563,TYR,99,CE1,1564,[28.981  5.993  7.956],-0.2341
1564,TYR,99,CE2,1565,[29.299  4.835 10.026],-0.2341
1565,TYR,99,CZ,1566,[29.773  5.242  8.814],0.3226
1566,TYR,99,OH,1567,[31.019  4.912  8.447],-0.5579
1567,TYR,99,H,1568,[23.172  5.44  10.824],0.2719
1568,TYR,99,HA,1569,[24.769  5.491  8.316],0.0876
1569,TYR,99,1HB,1570,[25.67   7.303  9.707],0.0295
1570,TYR,99,2HB,1571,[25.819  6.21  11.074],0.0295
1571,TYR,99,HD1,1572,[27.077  6.914  7.678],0.1699
1572,TYR,99,HD2,1573,[27.655  4.845 11.363],0.1699
1573,TYR,99,HE1,1574,[29.368  6.314  6.99 ],0.1656
1574,TYR,99,HE2,1575,[29.93   4.244 10.692],0.1656
1575,TYR,99,HH,1576,[31.432  4.396  9.143],0.3992
1576,GLY,100,N,1577,[25.597  3.184  8.756],-0.4157
1577,GLY,100,CA,1578,[25.757  1.782  9.076],-0.0252
1578,GLY,100,C,1579,[26.414  0.945  8.013],0.5973
1579,GLY,100,O,1580,[26.622  1.353  6.877],-0.5679
1580,GLY,100,H,1581,[25.725  3.556  7.819],0.2719
1581,GLY,100,1HA,1582,[26.354  1.696  9.986],0.0698
1582,GLY,100,2HA,1583,[24.774  1.365  9.276],0.0698
1583,CYS,101,N,1584,[26.4   -0.352  8.26 ],-0.4157
1584,CYS,101,CA,1585,[26.916 -1.278  7.264],0.0213
1585,CYS,101,C,1586,[26.301 -2.669  7.378],0.5973
1586,CYS,101,O,1587,[25.924 -3.121  8.46 ],-0.5679
1587,CYS,101,CB,1588,[28.44  -1.377  7.378],-0.1231
1588,CYS,101,SG,1589,[29.038 -1.882  9.007],-0.3119
1589,CYS,101,H,1590,[25.985 -0.692  9.118],0.2719
1590,CYS,101,HA,1591,[26.657 -0.892  6.281],0.1124
1591,CYS,101,1HB,1592,[28.809 -2.089  6.654],0.1112
1592,CYS,101,2HB,1593,[28.886 -0.41   7.144],0.1112
1593,ASP,102,N,1594,[26.201 -3.336  6.233],-0.5163
1594,ASP,102,CA,1595,[25.688 -4.696  6.099],0.0381
1595,ASP,102,C,1596,[26.869 -5.577  5.815],0.5366
1596,ASP,102,O,1597,[27.549 -5.349  4.823],-0.5819
1597,ASP,102,CB,1598,[24.643 -4.813  4.978],-0.0303
1598,ASP,102,CG,1599,[23.342 -4.071  5.232],0.7994
1599,ASP,102,OD1,1600,[23.069 -3.716  6.351],-0.8014
1600,ASP,102,OD2,1601,[22.621 -3.865  4.274],-0.8014
1601,ASP,102,H,1602,[26.385 -2.83   5.382],0.2936
1602,ASP,102,HA,1603,[25.199 -4.991  7.028],0.088
1603,ASP,102,1HB,1604,[25.069 -4.428  4.054],-0.0122
1604,ASP,102,2HB,1605,[24.401 -5.864  4.823],-0.0122
1605,VAL,103,N,1606,[27.066 -6.616  6.614],-0.4157
1606,VAL,103,CA,1607,[28.227 -7.468  6.448],-0.0875
1607,VAL,103,C,1608,[27.837 -8.94   6.306],0.5973
1608,VAL,103,O,1609,[26.997 -9.454  7.032],-0.5679
1609,VAL,103,CB,1610,[29.131 -7.258  7.673],0.2985
1610,VAL,103,CG1,1611,[30.3   -8.118  7.627],-0.3192
1611,VAL,103,CG2,1612,[29.533 -5.779  7.723],-0.3192
1612,VAL,103,H,1613,[26.468 -6.755  7.409],0.2719
1613,VAL,103,HA,1614,[28.737 -7.173  5.535],0.0969
1614,VAL,103,HB,1615,[28.586 -7.528  8.572],-0.0297
1615,VAL,103,1HG1,1616,[30.915 -7.943  8.511],0.0791
1616,VAL,103,2HG1,1617,[29.988 -9.149  7.608],0.0791
1617,VAL,103,3HG1,1618,[30.86  -7.894  6.748],0.0791
1618,VAL,103,1HG2,1619,[30.175 -5.601  8.583],0.0791
1619,VAL,103,2HG2,1620,[30.07  -5.525  6.811],0.0791
1620,VAL,103,3HG2,1621,[28.645 -5.158  7.806],0.0791
1621,GLY,104,N,1622,[28.428 -9.607  5.327],-0.4157
1622,GLY,104,CA,1623,[ 28.153 -11.015   5.062],-0.0252
1623,GLY,104,C,1624,[ 28.731 -11.92    6.149],0.5973
1624,GLY,104,O,1625,[ 29.593 -11.503   6.917],-0.5679
1625,GLY,104,H,1626,[29.175 -9.156  4.821],0.2719
1626,GLY,104,1HA,1627,[ 27.078 -11.144   5.002],0.0698
1627,GLY,104,2HA,1628,[ 28.575 -11.291   4.098],0.0698
1628,PRO,105,N,1629,[ 28.428 -13.228   6.09 ],-0.2548
1629,PRO,105,CA,1630,[ 28.947 -14.304   6.941],-0.0266
1630,PRO,105,C,1631,[ 30.477 -14.364   6.996],0.5896
1631,PRO,105,O,1632,[ 31.049 -14.853   7.971],-0.5748
1632,PRO,105,CB,1633,[ 28.371 -15.55    6.269],-0.007
1633,PRO,105,CG,1634,[ 27.082 -15.079   5.67 ],0.0189
1634,PRO,105,CD,1635,[ 27.35  -13.676   5.194],0.0192
1635,PRO,105,HA,1636,[ 28.549 -14.173   7.958],0.0641
1636,PRO,105,1HB,1637,[ 29.078 -15.932   5.517],0.0253
1637,PRO,105,2HB,1638,[ 28.23  -16.349   7.012],0.0253
1638,PRO,105,1HG,1639,[ 26.778 -15.744   4.849],0.0213
1639,PRO,105,2HG,1640,[ 26.288 -15.117   6.42 ],0.0213
1640,PRO,105,1HD,1641,[ 27.68  -13.681   4.149],0.0391
1641,PRO,105,2HD,1642,[ 26.427 -13.101   5.311],0.0391
1642,ASP,106,N,1643,[ 31.131 -13.883   5.946],-0.5163
1643,ASP,106,CA,1644,[ 32.587 -13.898   5.847],0.0381
1644,ASP,106,C,1645,[ 33.234 -12.687   6.513],0.5366
1645,ASP,106,O,1646,[ 34.435 -12.693   6.786],-0.5819
1646,ASP,106,CB,1647,[ 33.029 -13.945   4.382],-0.0303
1647,ASP,106,CG,1648,[ 32.703 -15.275   3.702],0.7994
1648,ASP,106,OD1,1649,[ 32.561 -16.255   4.395],-0.8014
1649,ASP,106,OD2,1650,[ 32.6   -15.296   2.499],-0.8014
1650,ASP,106,H,1651,[ 30.599 -13.495   5.18 ],0.2936
1651,ASP,106,HA,1652,[ 32.955 -14.79    6.353],0.088
1652,ASP,106,1HB,1653,[ 32.538 -13.142   3.832],-0.0122
1653,ASP,106,2HB,1654,[ 34.104 -13.777   4.322],-0.0122
1654,GLY,107,N,1655,[ 32.41  -11.72    6.907],-0.4157
1655,GLY,107,CA,1656,[ 32.902 -10.463   7.456],-0.0252
1656,GLY,107,C,1657,[33.066 -9.412  6.361],0.5973
1657,GLY,107,O,1658,[33.504 -8.297  6.633],-0.5679
1658,GLY,107,H,1659,[ 31.454 -11.748   6.595],0.2719
1659,GLY,107,1HA,1660,[ 32.207 -10.101   8.211],0.0698
1660,GLY,107,2HA,1661,[ 33.857 -10.627   7.953],0.0698
1661,ARG,108,N,1662,[32.726 -9.778  5.129],-0.3479
1662,ARG,108,CA,1663,[32.831 -8.893  3.973],-0.2637
1663,ARG,108,C,1664,[31.788 -7.78   3.973],0.7341
1664,ARG,108,O,1665,[30.64  -8.006  4.338],-0.5894
1665,ARG,108,CB,1666,[32.695 -9.687  2.687],-0.0007
1666,ARG,108,CG,1667,[ 31.295 -10.258   2.442],0.039
1667,ARG,108,CD,1668,[ 31.257 -11.123   1.232],0.0486
1668,ARG,108,NE,1669,[ 29.909 -11.6     0.94 ],-0.5295
1669,ARG,108,CZ,1670,[ 29.325 -12.669   1.514],0.8076
1670,ARG,108,NH1,1671,[ 29.971 -13.368   2.409],-0.8627
1671,ARG,108,NH2,1672,[ 28.095 -13.012   1.172],-0.8627
1672,ARG,108,H,1673,[ 32.384 -10.718   4.985],0.2747
1673,ARG,108,HA,1674,[33.805 -8.401  4.01 ],0.156
1674,ARG,108,1HB,1675,[32.95  -9.053  1.84 ],0.0327
1675,ARG,108,2HB,1676,[ 33.4   -10.52    2.697],0.0327
1676,ARG,108,1HG,1677,[ 30.991 -10.858   3.304],0.0285
1677,ARG,108,2HG,1678,[30.586 -9.438  2.301],0.0285
1678,ARG,108,1HD,1679,[ 31.611 -10.557   0.371],0.0687
1679,ARG,108,2HD,1680,[ 31.899 -11.991   1.386],0.0687
1680,ARG,108,HE,1681,[ 29.371 -11.09    0.253],0.3456
1681,ARG,108,1HH1,1682,[ 30.911 -13.108   2.67 ],0.4478
1682,ARG,108,2HH1,1683,[ 29.532 -14.169   2.838],0.4478
1683,ARG,108,1HH2,1684,[ 27.594 -12.472   0.48 ],0.4478
1684,ARG,108,2HH2,1685,[ 27.656 -13.813   1.601],0.4478
1685,LEU,109,N,1686,[32.138 -6.61   3.447],-0.4157
1686,LEU,109,CA,1687,[31.126 -5.562  3.332],-0.0518
1687,LEU,109,C,1688,[30.187 -5.798  2.164],0.5973
1688,LEU,109,O,1689,[30.618 -5.916  1.017],-0.5679
1689,LEU,109,CB,1690,[31.739 -4.162  3.17 ],-0.1102
1690,LEU,109,CG,1691,[30.678 -3.011  3.078],0.3531
1691,LEU,109,CD1,1692,[29.944 -2.92   4.377],-0.4121
1692,LEU,109,CD2,1693,[31.344 -1.705  2.748],-0.4121
1693,LEU,109,H,1694,[33.087 -6.438  3.147],0.2719
1694,LEU,109,HA,1695,[30.54  -5.554  4.252],0.0922
1695,LEU,109,1HB,1696,[32.386 -3.966  4.014],0.0457
1696,LEU,109,2HB,1697,[32.347 -4.149  2.266],0.0457
1697,LEU,109,HG,1698,[29.954 -3.24   2.3  ],-0.0361
1698,LEU,109,1HD1,1699,[29.21  -2.127  4.319],0.1
1699,LEU,109,2HD1,1700,[29.446 -3.853  4.578],0.1
1700,LEU,109,3HD1,1701,[30.643 -2.706  5.172],0.1
1701,LEU,109,1HD2,1702,[30.591 -0.916  2.687],0.1
1702,LEU,109,2HD2,1703,[32.046 -1.469  3.51 ],0.1
1703,LEU,109,3HD2,1704,[31.857 -1.79   1.792],0.1
1704,LEU,110,N,1705,[28.899 -5.803  2.455],-0.4157
1705,LEU,110,CA,1706,[27.87  -5.984  1.454],-0.0518
1706,LEU,110,C,1707,[27.393 -4.618  0.981],0.5973
1707,LEU,110,O,1708,[27.309 -4.355 -0.219],-0.5679
1708,LEU,110,CB,1709,[26.706 -6.79   2.024],-0.1102
1709,LEU,110,CG,1710,[27.035 -8.179  2.496],0.3531
1710,LEU,110,CD1,1711,[25.794 -8.787  3.125],-0.4121
1711,LEU,110,CD2,1712,[27.521 -9.004  1.339],-0.4121
1712,LEU,110,H,1713,[28.622 -5.731  3.417],0.2719
1713,LEU,110,HA,1714,[28.288 -6.534  0.612],0.0922
1714,LEU,110,1HB,1715,[26.291 -6.252  2.865],0.0457
1715,LEU,110,2HB,1716,[25.935 -6.876  1.26 ],0.0457
1716,LEU,110,HG,1717,[27.807 -8.129  3.251],-0.0361
1717,LEU,110,1HD1,1718,[26.014 -9.789  3.471],0.1
1718,LEU,110,2HD1,1719,[25.479 -8.174  3.972],0.1
1719,LEU,110,3HD1,1720,[24.995 -8.828  2.39 ],0.1
1720,LEU,110,1HD2,1721,[ 27.757 -10.004   1.688],0.1
1721,LEU,110,2HD2,1722,[26.746 -9.057  0.577],0.1
1722,LEU,110,3HD2,1723,[28.415 -8.544  0.914],0.1
1723,ARG,111,N,1724,[27.107 -3.742  1.95 ],-0.3479
1724,ARG,111,CA,1725,[26.585 -2.405  1.65 ],-0.2637
1725,ARG,111,C,1726,[26.855 -1.386  2.753],0.7341
1726,ARG,111,O,1727,[26.777 -1.69   3.936],-0.5894
1727,ARG,111,CB,1728,[25.089 -2.472  1.402],-0.0007
1728,ARG,111,CG,1729,[24.421 -1.144  1.088],0.039
1729,ARG,111,CD,1730,[23.001 -1.322  0.87 ],0.0486
1730,ARG,111,NE,1731,[22.688 -1.984 -0.349],-0.5295
1731,ARG,111,CZ,1732,[21.481 -2.504 -0.607],0.8076
1732,ARG,111,NH1,1733,[20.524 -2.406  0.305],-0.8627
1733,ARG,111,NH2,1734,[21.246 -3.11  -1.759],-0.8627
1734,ARG,111,H,1735,[27.214 -4.049  2.915],0.2747
1735,ARG,111,HA,1736,[27.09  -2.041  0.754],0.156
1736,ARG,111,1HB,1737,[24.888 -3.141  0.567],0.0327
1737,ARG,111,2HB,1738,[24.593 -2.885  2.28 ],0.0327
1738,ARG,111,1HG,1739,[24.557 -0.452  1.913],0.0285
1739,ARG,111,2HG,1740,[24.863 -0.715  0.187],0.0285
1740,ARG,111,1HD,1741,[22.604 -1.911  1.676],0.0687
1741,ARG,111,2HD,1742,[22.519 -0.346  0.844],0.0687
1742,ARG,111,HE,1743,[23.41  -2.066 -1.053],0.3456
1743,ARG,111,1HH1,1744,[20.708 -1.934  1.201],0.4478
1744,ARG,111,2HH1,1745,[19.611 -2.794  0.121],0.4478
1745,ARG,111,1HH2,1746,[21.98  -3.182 -2.45 ],0.4478
1746,ARG,111,2HH2,1747,[20.335 -3.499 -1.948],0.4478
1747,GLY,112,N,1748,[27.126 -0.145  2.362],-0.4157
1748,GLY,112,CA,1749,[27.302  0.915  3.347],-0.0252
1749,GLY,112,C,1750,[26.149  1.92   3.287],0.5973
1750,GLY,112,O,1751,[25.585  2.161  2.221],-0.5679
1751,GLY,112,H,1752,[27.192  0.072  1.378],0.2719
1752,GLY,112,1HA,1753,[27.36   0.486  4.346],0.0698
1753,GLY,112,2HA,1754,[28.246  1.416  3.155],0.0698
1754,TYR,113,N,1755,[25.907  2.603  4.402],-0.4157
1755,TYR,113,CA,1756,[24.838  3.585  4.526],-0.0014
1756,TYR,113,C,1757,[25.255  4.92   5.111],0.5973
1757,TYR,113,O,1758,[25.883  4.988  6.167],-0.5679
1758,TYR,113,CB,1759,[23.69   3.047  5.356],-0.0152
1759,TYR,113,CG,1760,[22.987  1.838  4.855],-0.0011
1760,TYR,113,CD1,1761,[23.456  0.589  5.189],-0.1906
1761,TYR,113,CD2,1762,[21.865  1.977  4.058],-0.1906
1762,TYR,113,CE1,1763,[22.815 -0.521  4.732],-0.2341
1763,TYR,113,CE2,1764,[21.212  0.853  3.592],-0.2341
1764,TYR,113,CZ,1765,[21.684 -0.398  3.928],0.3226
1765,TYR,113,OH,1766,[21.032 -1.535  3.463],-0.5579
1766,TYR,113,H,1767,[26.354  2.301  5.252],0.2719
1767,TYR,113,HA,1768,[24.465  3.798  3.524],0.0876
1768,TYR,113,1HB,1769,[24.057  2.801  6.35 ],0.0295
1769,TYR,113,2HB,1770,[22.938  3.823  5.457],0.0295
1770,TYR,113,HD1,1771,[24.339  0.487  5.817],0.1699
1771,TYR,113,HD2,1772,[21.5    2.972  3.798],0.1699
1772,TYR,113,HE1,1773,[23.186 -1.491  4.995],0.1656
1773,TYR,113,HE2,1774,[20.328  0.956  2.963],0.1656
1774,TYR,113,HH,1775,[21.491 -2.327  3.793],0.3992
1775,HID,114,N,1776,[24.482  5.922  4.716],-0.4157
1776,HID,114,CA,1777,[24.504  7.252  5.314],0.0188
1777,HID,114,C,1778,[23.33   8.071  4.797],0.5973
1778,HID,114,O,1779,[23.264  8.392  3.618],-0.5679
1779,HID,114,CB,1780,[25.796  8.018  5.043],-0.0462
1780,HID,114,CG,1781,[25.836  9.342  5.757],-0.0266
1781,HID,114,CD2,1782,[26.472  9.749  6.881],0.1292
1782,HID,114,ND1,1783,[25.145 10.448  5.297],-0.3811
1783,HID,114,CE1,1784,[25.356 11.467  6.109],0.2057
1784,HID,114,NE2,1785,[26.157 11.069  7.076],-0.5727
1785,HID,114,H,1786,[23.95   5.802  3.865],0.2719
1786,HID,114,HA,1787,[24.39   7.17   6.379],0.0881
1787,HID,114,1HB,1788,[26.652  7.422  5.359],0.0402
1788,HID,114,2HB,1789,[25.9    8.187  3.998],0.0402
1789,HID,114,HD1,1790,[24.512 10.469  4.523],0.3649
1790,HID,114,HD2,1791,[27.127  9.239  7.583],0.1147
1791,HID,114,HE1,1792,[24.893 12.436  5.913],0.1392
1792,GLN,115,N,1793,[22.342  8.322  5.657],-0.4157
1793,GLN,115,CA,1794,[21.148  9.036  5.228],-0.0031
1794,GLN,115,C,1795,[20.843 10.205  6.16 ],0.5973
1795,GLN,115,O,1796,[21.098 10.153  7.357],-0.5679
1796,GLN,115,CB,1797,[19.958  8.078  5.17 ],-0.0036
1797,GLN,115,CG,1798,[20.126  6.948  4.169],-0.0645
1798,GLN,115,CD,1799,[18.929  6.036  4.121],0.6951
1799,GLN,115,NE2,1800,[18.33   5.91   2.943],-0.9407
1800,GLN,115,OE1,1801,[18.541  5.445  5.133],-0.6086
1801,GLN,115,H,1802,[22.442  8.044  6.621],0.2719
1802,GLN,115,HA,1803,[21.33   9.462  4.245],0.085
1803,GLN,115,1HB,1804,[19.797  7.641  6.152],0.0171
1804,GLN,115,2HB,1805,[19.057  8.635  4.906],0.0171
1805,GLN,115,1HG,1806,[20.269  7.374  3.181],0.0352
1806,GLN,115,2HG,1807,[20.997  6.353  4.449],0.0352
1807,GLN,115,1HE2,1808,[17.528  5.317  2.849],0.4251
1808,GLN,115,2HE2,1809,[18.679  6.408  2.148],0.4251
1809,ASP,116,N,1810,[20.286 11.256  5.587],-0.5163
1810,ASP,116,CA,1811,[19.872 12.471  6.285],0.0381
1811,ASP,116,C,1812,[18.415 12.828  5.976],0.5366
1812,ASP,116,O,1813,[18.092 13.117  4.826],-0.5819
1813,ASP,116,CB,1814,[20.802 13.631  5.886],-0.0303
1814,ASP,116,CG,1815,[20.522 14.924  6.635],0.7994
1815,ASP,116,OD1,1816,[19.547 14.98   7.332],-0.8014
1816,ASP,116,OD2,1817,[21.296 15.846  6.499],-0.8014
1817,ASP,116,H,1818,[20.101 11.213  4.6  ],0.2936
1818,ASP,116,HA,1819,[19.959 12.3    7.357],0.088
1819,ASP,116,1HB,1820,[21.839 13.346  6.07 ],-0.0122
1820,ASP,116,2HB,1821,[20.7   13.827  4.817],-0.0122
1821,ALA,117,N,1822,[17.562 12.893  7.013],-0.4157
1822,ALA,117,CA,1823,[16.147 13.236  6.852],0.0337
1823,ALA,117,C,1824,[15.841 14.562  7.557],0.5973
1824,ALA,117,O,1825,[16.254 14.787  8.69 ],-0.5679
1825,ALA,117,CB,1826,[15.253 12.121  7.369],-0.1825
1826,ALA,117,H,1827,[17.885 12.622  7.925],0.2719
1827,ALA,117,HA,1828,[15.968 13.369  5.791],0.0823
1828,ALA,117,1HB,1829,[14.207 12.383  7.2  ],0.0603
1829,ALA,117,2HB,1830,[15.485 11.197  6.841],0.0603
1830,ALA,117,3HB,1831,[15.423 11.984  8.428],0.0603
1831,TYR,118,N,1832,[14.908 15.333  7.019],-0.4157
1832,TYR,118,CA,1833,[14.507 16.567  7.693],-0.0014
1833,TYR,118,C,1834,[12.986 16.695  7.787],0.5973
1834,TYR,118,O,1835,[12.26  16.441  6.834],-0.5679
1835,TYR,118,CB,1836,[15.09  17.777  6.971],-0.0152
1836,TYR,118,CG,1837,[14.772 19.077  7.639],-0.0011
1837,TYR,118,CD1,1838,[15.002 19.22   9.006],-0.1906
1838,TYR,118,CD2,1839,[14.257 20.128  6.907],-0.1906
1839,TYR,118,CE1,1840,[14.716 20.404  9.632],-0.2341
1840,TYR,118,CE2,1841,[13.968 21.325  7.534],-0.2341
1841,TYR,118,CZ,1842,[14.195 21.466  8.889],0.3226
1842,TYR,118,OH,1843,[13.908 22.655  9.51 ],-0.5579
1843,TYR,118,H,1844,[14.486 15.07   6.143],0.2719
1844,TYR,118,HA,1845,[14.887 16.546  8.711],0.0876
1845,TYR,118,1HB,1846,[16.178 17.677  6.91 ],0.0295
1846,TYR,118,2HB,1847,[14.706 17.813  5.951],0.0295
1847,TYR,118,HD1,1848,[15.407 18.388  9.579],0.1699
1848,TYR,118,HD2,1849,[14.08  20.011  5.839],0.1699
1849,TYR,118,HE1,1850,[14.897 20.51  10.7  ],0.1656
1850,TYR,118,HE2,1851,[13.561 22.157  6.962],0.1656
1851,TYR,118,HH,1852,[14.121 22.588 10.444],0.3992
1852,ASP,119,N,1853,[12.49  16.707  9.036],-0.5163
1853,ASP,119,CA,1854,[11.071 16.625  9.367],0.0381
1854,ASP,119,C,1855,[10.436 15.349  8.816],0.5366
1855,ASP,119,O,1856,[ 9.269 15.338  8.421],-0.5819
1856,ASP,119,CB,1857,[10.314 17.842  8.825],-0.0303
1857,ASP,119,CG,1858,[10.743 19.125  9.534],0.7994
1858,ASP,119,OD1,1859,[11.362 19.018 10.563],-0.8014
1859,ASP,119,OD2,1860,[10.457 20.195  9.053],-0.8014
1860,ASP,119,H,1861,[13.132 16.676  9.801],0.2936
1861,ASP,119,HA,1862,[10.973 16.615 10.452],0.088
1862,ASP,119,1HB,1863,[10.492 17.949  7.757],-0.0122
1863,ASP,119,2HB,1864,[ 9.243 17.696  8.958],-0.0122
1864,GLY,120,N,1865,[11.231 14.269  8.802],-0.4157
1865,GLY,120,CA,1866,[10.798 12.947  8.355],-0.0252
1866,GLY,120,C,1867,[10.938 12.748  6.857],0.5973
1867,GLY,120,O,1868,[10.739 11.643  6.353],-0.5679
1868,GLY,120,H,1869,[12.186 14.373  9.119],0.2719
1869,GLY,120,1HA,1870,[11.386 12.187  8.869],0.0698
1870,GLY,120,2HA,1871,[ 9.757 12.799  8.634],0.0698
1871,LYS,121,N,1872,[11.301 13.797  6.147],-0.3479
1872,LYS,121,CA,1873,[11.445 13.74   4.711],-0.24
1873,LYS,121,C,1874,[12.851 13.308  4.336],0.7341
1874,LYS,121,O,1875,[13.817 13.753  4.939],-0.5894
1875,LYS,121,CB,1876,[11.115 15.095  4.088],-0.0094
1876,LYS,121,CG,1877,[ 9.686 15.557  4.3  ],0.0187
1877,LYS,121,CD,1878,[ 9.459 16.917  3.663],-0.0479
1878,LYS,121,CE,1879,[ 8.041 17.412  3.885],-0.0143
1879,LYS,121,NZ,1880,[ 7.827 18.76   3.291],-0.3854
1880,LYS,121,H,1881,[11.449 14.681  6.608],0.2747
1881,LYS,121,HA,1882,[10.75  12.996  4.319],0.1426
1882,LYS,121,1HB,1883,[11.77  15.855  4.501],0.0362
1883,LYS,121,2HB,1884,[11.297 15.054  3.015],0.0362
1884,LYS,121,1HG,1885,[ 9.    14.834  3.858],0.0103
1885,LYS,121,2HG,1886,[ 9.482 15.62   5.372],0.0103
1886,LYS,121,1HD,1887,[10.158 17.638  4.092],0.0621
1887,LYS,121,2HD,1888,[ 9.644 16.851  2.59 ],0.0621
1888,LYS,121,1HE,1889,[ 7.344 16.707  3.434],0.1135
1889,LYS,121,2HE,1890,[ 7.846 17.458  4.957],0.1135
1890,LYS,121,1HZ,1891,[ 6.876 19.055  3.458],0.34
1891,LYS,121,2HZ,1892,[ 8.463 19.42   3.714],0.34
1892,LYS,121,3HZ,1893,[ 7.996 18.72   2.296],0.34
1893,ASP,122,N,1894,[12.989 12.576  3.252],-0.5163
1894,ASP,122,CA,1895,[14.324 12.214  2.782],0.0381
1895,ASP,122,C,1896,[15.001 13.447  2.228],0.5366
1896,ASP,122,O,1897,[14.54  14.001  1.239],-0.5819
1897,ASP,122,CB,1898,[14.228 11.112  1.718],-0.0303
1898,ASP,122,CG,1899,[15.582 10.591  1.24 ],0.7994
1899,ASP,122,OD1,1900,[16.579 11.179  1.571],-0.8014
1900,ASP,122,OD2,1901,[15.598  9.603  0.544],-0.8014
1901,ASP,122,H,1902,[12.173 12.242  2.76 ],0.2936
1902,ASP,122,HA,1903,[14.906 11.834  3.622],0.088
1903,ASP,122,1HB,1904,[13.661 10.273  2.119],-0.0122
1904,ASP,122,2HB,1905,[13.686 11.494  0.852],-0.0122
1905,TYR,123,N,1906,[16.044 13.935  2.912],-0.4157
1906,TYR,123,CA,1907,[16.749 15.13   2.482],-0.0014
1907,TYR,123,C,1908,[17.935 14.743  1.573],0.5973
1908,TYR,123,O,1909,[17.894 14.957  0.362],-0.5679
1909,TYR,123,CB,1910,[17.201 15.906  3.745],-0.0152
1910,TYR,123,CG,1911,[17.855 17.233  3.556],-0.0011
1911,TYR,123,CD1,1912,[17.089 18.327  3.239],-0.1906
1912,TYR,123,CD2,1913,[19.226 17.367  3.699],-0.1906
1913,TYR,123,CE1,1914,[17.68  19.545  3.065],-0.2341
1914,TYR,123,CE2,1915,[19.814 18.594  3.523],-0.2341
1915,TYR,123,CZ,1916,[19.04  19.674  3.208],0.3226
1916,TYR,123,OH,1917,[19.596 20.886  3.031],-0.5579
1917,TYR,123,H,1918,[16.466 13.397  3.655],0.2719
1918,TYR,123,HA,1919,[16.069 15.75   1.896],0.0876
1919,TYR,123,1HB,1920,[16.326 16.077  4.377],0.0295
1920,TYR,123,2HB,1921,[17.893 15.321  4.301],0.0295
1921,TYR,123,HD1,1922,[16.011 18.218  3.128],0.1699
1922,TYR,123,HD2,1923,[19.838 16.498  3.951],0.1699
1923,TYR,123,HE1,1924,[17.084 20.412  2.815],0.1656
1924,TYR,123,HE2,1925,[20.893 18.708  3.633],0.1656
1925,TYR,123,HH,1926,[20.536 20.837  3.117],0.3992
1926,ILE,124,N,1927,[18.99  14.146  2.151],-0.4157
1927,ILE,124,CA,1928,[20.141 13.68   1.365],-0.0597
1928,ILE,124,C,1929,[20.561 12.251  1.722],0.5973
1929,ILE,124,O,1930,[20.561 11.872  2.886],-0.5679
1930,ILE,124,CB,1931,[21.384 14.586  1.521],0.1303
1931,ILE,124,CG1,1932,[21.109 15.928  1.035],-0.043
1932,ILE,124,CG2,1933,[22.555 14.007  0.804],-0.3204
1933,ILE,124,CD1,1934,[22.173 16.879  1.348],-0.066
1934,ILE,124,H,1935,[18.925 13.897  3.131],0.2719
1935,ILE,124,HA,1936,[19.847 13.671  0.325],0.0869
1936,ILE,124,HB,1937,[21.631 14.682  2.579],0.0187
1937,ILE,124,1HG1,1938,[20.975 15.886 -0.044],0.0236
1938,ILE,124,2HG1,1939,[20.201 16.278  1.465],0.0236
1939,ILE,124,1HG2,1940,[23.416 14.657  0.925],0.0882
1940,ILE,124,2HG2,1941,[22.769 13.046  1.215],0.0882
1941,ILE,124,3HG2,1942,[22.324 13.911 -0.256],0.0882
1942,ILE,124,1HD1,1943,[21.905 17.823  0.967],0.0186
1943,ILE,124,2HD1,1944,[22.303 16.942  2.428],0.0186
1944,ILE,124,3HD1,1945,[23.107 16.551  0.891],0.0186
1945,ALA,125,N,1946,[20.845 11.436  0.708],-0.4157
1946,ALA,125,CA,1947,[21.251 10.057  0.981],0.0337
1947,ALA,125,C,1948,[22.484  9.636  0.191],0.5973
1948,ALA,125,O,1949,[22.632  9.939 -0.986],-0.5679
1949,ALA,125,CB,1950,[20.096  9.114  0.704],-0.1825
1950,ALA,125,H,1951,[20.761 11.778 -0.242],0.2719
1951,ALA,125,HA,1952,[21.523  9.996  2.032],0.0823
1952,ALA,125,1HB,1953,[20.389  8.097  0.959],0.0603
1953,ALA,125,2HB,1954,[19.235  9.408  1.308],0.0603
1954,ALA,125,3HB,1955,[19.833  9.162 -0.35 ],0.0603
1955,LEU,126,N,1956,[23.39   8.932  0.861],-0.4157
1956,LEU,126,CA,1957,[24.591  8.427  0.22 ],-0.0518
1957,LEU,126,C,1958,[24.212  7.218 -0.601],0.5973
1958,LEU,126,O,1959,[23.543  6.309 -0.111],-0.5679
1959,LEU,126,CB,1960,[25.648  8.06   1.275],-0.1102
1960,LEU,126,CG,1961,[27.005  7.569  0.767],0.3531
1961,LEU,126,CD1,1962,[ 2.7692e+01  8.6700e+00 -1.5000e-02],-0.4121
1962,LEU,126,CD2,1963,[27.845  7.13   1.961],-0.4121
1963,LEU,126,H,1964,[23.252  8.736  1.835],0.2719
1964,LEU,126,HA,1965,[25.003  9.196 -0.434],0.0922
1965,LEU,126,1HB,1966,[25.842  8.914  1.886],0.0457
1966,LEU,126,2HB,1967,[25.237  7.273  1.908],0.0457
1967,LEU,126,HG,1968,[26.858  6.731  0.093],-0.0361
1968,LEU,126,1HD1,1969,[28.656  8.318 -0.375],0.1
1969,LEU,126,2HD1,1970,[27.083  8.948 -0.85 ],0.1
1970,LEU,126,3HD1,1971,[27.841  9.523  0.624],0.1
1971,LEU,126,1HD2,1972,[28.817  6.776  1.614],0.1
1972,LEU,126,2HD2,1973,[27.986  7.969  2.63 ],0.1
1973,LEU,126,3HD2,1974,[27.335  6.324  2.492],0.1
1974,ASN,127,N,1975,[24.498  7.286 -1.881],-0.4157
1975,ASN,127,CA,1976,[24.177  6.193 -2.778],0.0143
1976,ASN,127,C,1977,[25.005  4.96  -2.435],0.5973
1977,ASN,127,O,1978,[26.111  5.082 -1.918],-0.5679
1978,ASN,127,CB,1979,[24.399  6.638 -4.202],-0.2041
1979,ASN,127,CG,1980,[23.397  7.701 -4.6  ],0.713
1980,ASN,127,ND2,1981,[23.758  8.529 -5.542],-0.9191
1981,ASN,127,OD1,1982,[22.293  7.762 -4.046],-0.5931
1982,ASN,127,H,1983,[25.117  8.017 -2.207],0.2719
1983,ASN,127,HA,1984,[23.12   5.945 -2.665],0.1048
1984,ASN,127,1HB,1985,[25.41   7.029 -4.302],0.0797
1985,ASN,127,2HB,1986,[24.311  5.783 -4.872],0.0797
1986,ASN,127,1HD2,1987,[23.134  9.249 -5.843],0.4196
1987,ASN,127,2HD2,1988,[24.658  8.439 -5.957],0.4196
1988,GLU,128,N,1989,[24.553  3.795 -2.911],-0.5163
1989,GLU,128,CA,1990,[25.249  2.516 -2.705],0.0397
1990,GLU,128,C,1991,[26.717  2.521 -3.14 ],0.5366
1991,GLU,128,O,1992,[27.52   1.746 -2.621],-0.5819
1992,GLU,128,CB,1993,[24.519  1.394 -3.447],0.056
1993,GLU,128,CG,1994,[23.133  1.073 -2.891],0.0136
1994,GLU,128,CD,1995,[22.058  1.98  -3.432],0.8054
1995,GLU,128,OE1,1996,[22.377  2.86  -4.193],-0.8188
1996,GLU,128,OE2,1997,[20.917  1.791 -3.083],-0.8188
1997,GLU,128,H,1998,[23.642  3.777 -3.344],0.2936
1998,GLU,128,HA,1999,[25.236  2.297 -1.636],0.1105
1999,GLU,128,1HB,2000,[24.406  1.669 -4.496],-0.0173
2000,GLU,128,2HB,2001,[25.117  0.484 -3.407],-0.0173
2001,GLU,128,1HG,2002,[22.881  0.041 -3.143],-0.0425
2002,GLU,128,2HG,2003,[23.16   1.156 -1.804],-0.0425
2003,ASP,129,N,2004,[27.063  3.374 -4.1  ],-0.5163
2004,ASP,129,CA,2005,[28.429  3.458 -4.617],0.0381
2005,ASP,129,C,2006,[29.391  4.015 -3.569],0.5366
2006,ASP,129,O,2007,[30.599  3.79  -3.636],-0.5819
2007,ASP,129,CB,2008,[28.471  4.335 -5.87 ],-0.0303
2008,ASP,129,CG,2009,[27.818  3.682 -7.085],0.7994
2009,ASP,129,OD1,2010,[27.556  2.504 -7.034],-0.8014
2010,ASP,129,OD2,2011,[27.588  4.369 -8.051],-0.8014
2011,ASP,129,H,2012,[26.359  3.983 -4.493],0.2936
2012,ASP,129,HA,2013,[28.761  2.454 -4.881],0.088
2013,ASP,129,1HB,2014,[27.963  5.282 -5.668],-0.0122
2014,ASP,129,2HB,2015,[29.508  4.564 -6.117],-0.0122
2015,LEU,130,N,2016,[28.819  4.737 -2.606],-0.4157
2016,LEU,130,CA,2017,[29.499  5.446 -1.525],-0.0518
2017,LEU,130,C,2018,[30.397  6.562 -2.061],0.5973
2018,LEU,130,O,2019,[31.286  7.042 -1.357],-0.5679
2019,LEU,130,CB,2020,[30.347  4.486 -0.676],-0.1102
2020,LEU,130,CG,2021,[29.587  3.284 -0.083],0.3531
2021,LEU,130,CD1,2022,[30.559  2.43   0.746],-0.4121
2022,LEU,130,CD2,2023,[28.447  3.782  0.754],-0.4121
2023,LEU,130,H,2024,[27.828  4.894 -2.677],0.2719
2024,LEU,130,HA,2025,[28.748  5.895 -0.888],0.0922
2025,LEU,130,1HB,2026,[31.155  4.098 -1.282],0.0457
2026,LEU,130,2HB,2027,[30.782  5.047  0.151],0.0457
2027,LEU,130,HG,2028,[29.201  2.662 -0.885],-0.0361
2028,LEU,130,1HD1,2029,[30.026  1.577  1.168],0.1
2029,LEU,130,2HD1,2030,[31.368  2.072  0.108],0.1
2030,LEU,130,3HD1,2031,[30.975  3.031  1.554],0.1
2031,LEU,130,1HD2,2032,[27.91   2.939  1.171],0.1
2032,LEU,130,2HD2,2033,[28.829  4.39   1.546],0.1
2033,LEU,130,3HD2,2034,[27.772  4.371  0.135],0.1
2034,SER,131,N,2035,[30.143  6.993 -3.301],-0.4157
2035,SER,131,CA,2036,[30.904  8.072 -3.917],-0.0249
2036,SER,131,C,2037,[30.016  9.143 -4.55 ],0.5973
2037,SER,131,O,2038,[30.516 10.051 -5.214],-0.5679
2038,SER,131,CB,2039,[31.876  7.512 -4.937],0.2117
2039,SER,131,OG,2040,[31.197  6.853 -5.971],-0.6546
2040,SER,131,H,2041,[29.383  6.575 -3.819],0.2719
2041,SER,131,HA,2042,[31.467  8.579 -3.132],0.0843
2042,SER,131,1HB,2043,[32.474  8.323 -5.351],0.0352
2043,SER,131,2HB,2044,[32.558  6.818 -4.444],0.0352
2044,SER,131,HG,2045,[30.702  6.145 -5.552],0.4275
2045,SER,132,N,2046,[28.705  9.045 -4.343],-0.4157
2046,SER,132,CA,2047,[27.762 10.01  -4.913],-0.0249
2047,SER,132,C,2048,[26.576 10.211 -3.979],0.5973
2048,SER,132,O,2049,[26.367  9.412 -3.069],-0.5679
2049,SER,132,CB,2050,[27.279  9.531 -6.271],0.2117
2050,SER,132,OG,2051,[26.552  8.347 -6.173],-0.6546
2051,SER,132,H,2052,[28.352  8.289 -3.774],0.2719
2052,SER,132,HA,2053,[28.283 10.954 -5.073],0.0843
2053,SER,132,1HB,2054,[26.656 10.301 -6.725],0.0352
2054,SER,132,2HB,2055,[28.136  9.374 -6.924],0.0352
2055,SER,132,HG,2056,[27.147  7.701 -5.785],0.4275
2056,TRP,133,N,2057,[25.831 11.297 -4.192],-0.4157
2057,TRP,133,CA,2058,[24.697 11.631 -3.333],-0.0275
2058,TRP,133,C,2059,[23.37  11.851 -4.049],0.5973
2059,TRP,133,O,2060,[23.336 12.305 -5.193],-0.5679
2060,TRP,133,CB,2061,[25.007 12.881 -2.525],-0.005
2061,TRP,133,CG,2062,[26.144 12.832 -1.591],-0.1415
2062,TRP,133,CD1,2063,[27.411 13.213 -1.881],-0.1638
2063,TRP,133,CD2,2064,[26.162 12.39  -0.232],0.1243
2064,TRP,133,CE2,2065,[27.466 12.537  0.218],0.138
2065,TRP,133,CE3,2066,[25.211 11.897  0.614],-0.2387
2066,TRP,133,NE1,2067,[28.209 13.039 -0.807],-0.3418
2067,TRP,133,CZ2,2068,[27.831 12.202  1.485],-0.2601
2068,TRP,133,CZ3,2069,[25.567 11.557  1.896],-0.1972
2069,TRP,133,CH2,2070,[26.844 11.705  2.324],-0.1134
2070,TRP,133,H,2071,[26.04  11.889 -4.983],0.2719
2071,TRP,133,HA,2072,[24.524 10.784 -2.67 ],0.1123
2072,TRP,133,1HB,2073,[25.202 13.682 -3.196],0.0339
2073,TRP,133,2HB,2074,[24.134 13.148 -1.928],0.0339
2074,TRP,133,HD1,2075,[27.738 13.604 -2.845],0.2062
2075,TRP,133,HE1,2076,[29.196 13.247 -0.768],0.3412
2076,TRP,133,HE3,2077,[24.196 11.783  0.275],0.17
2077,TRP,133,HZ2,2078,[28.841 12.317  1.829],0.1572
2078,TRP,133,HZ3,2079,[24.794 11.165  2.559],0.1447
2079,TRP,133,HH2,2080,[27.09  11.429  3.336],0.1417
2080,THR,134,N,2081,[22.282 11.461 -3.393],-0.4157
2081,THR,134,CA,2082,[20.94  11.787 -3.843],-0.0389
2082,THR,134,C,2083,[20.472 13.035 -3.1  ],0.5973
2083,THR,134,O,2084,[20.419 13.045 -1.875],-0.5679
2084,THR,134,CB,2085,[19.948 10.63  -3.604],0.3654
2085,THR,134,CG2,2086,[18.536 11.053 -3.993],-0.2438
2086,THR,134,OG1,2087,[20.332  9.485 -4.385],-0.6761
2087,THR,134,H,2088,[22.386 11.032 -2.489],0.2719
2088,THR,134,HA,2089,[20.961 11.984 -4.914],0.1007
2089,THR,134,HB,2090,[19.967 10.354 -2.549],0.0043
2090,THR,134,HG1,2091,[21.208  9.179 -4.133],0.4102
2091,THR,134,1HG2,2092,[17.849 10.227 -3.819],0.0642
2092,THR,134,2HG2,2093,[18.231 11.91  -3.394],0.0642
2093,THR,134,3HG2,2094,[18.516 11.324 -5.048],0.0642
2094,ALA,135,N,2095,[19.952 14.013 -3.834],-0.4157
2095,ALA,135,CA,2096,[19.412 15.227 -3.218],0.0337
2096,ALA,135,C,2097,[17.944 15.336 -3.589],0.5973
2097,ALA,135,O,2098,[17.602 15.581 -4.746],-0.5679
2098,ALA,135,CB,2099,[20.174 16.465 -3.663],-0.1825
2099,ALA,135,H,2100,[19.979 13.945 -4.841],0.2719
2100,ALA,135,HA,2101,[19.501 15.158 -2.133],0.0823
2101,ALA,135,1HB,2102,[19.733 17.34  -3.221],0.0603
2102,ALA,135,2HB,2103,[21.199 16.387 -3.35 ],0.0603
2103,ALA,135,3HB,2104,[20.135 16.549 -4.745],0.0603
2104,ALA,136,N,2105,[17.083 15.194 -2.592],-0.4157
2105,ALA,136,CA,2106,[15.642 15.163 -2.791],0.0337
2106,ALA,136,C,2107,[15.073 16.441 -3.41 ],0.5973
2107,ALA,136,O,2108,[14.117 16.386 -4.185],-0.5679
2108,ALA,136,CB,2109,[14.964 14.869 -1.478],-0.1825
2109,ALA,136,H,2110,[17.435 14.985 -1.665],0.2719
2110,ALA,136,HA,2111,[15.433 14.364 -3.502],0.0823
2111,ALA,136,1HB,2112,[13.89  14.779 -1.629],0.0603
2112,ALA,136,2HB,2113,[15.363 13.933 -1.087],0.0603
2113,ALA,136,3HB,2114,[15.163 15.681 -0.778],0.0603
2114,ASP,137,N,2115,[15.641 17.588 -3.059],-0.5163
2115,ASP,137,CA,2116,[15.14  18.87  -3.544],0.0381
2116,ASP,137,C,2117,[16.246 19.925 -3.587],0.5366
2117,ASP,137,O,2118,[17.409 19.611 -3.355],-0.5819
2118,ASP,137,CB,2119,[14.014 19.365 -2.616],-0.0303
2119,ASP,137,CG,2120,[14.44  19.563 -1.157],0.7994
2120,ASP,137,OD1,2121,[15.591 19.791 -0.915],-0.8014
2121,ASP,137,OD2,2122,[13.586 19.481 -0.296],-0.8014
2122,ASP,137,H,2123,[16.432 17.573 -2.432],0.2936
2123,ASP,137,HA,2124,[14.737 18.732 -4.548],0.088
2124,ASP,137,1HB,2125,[13.63  20.314 -2.984],-0.0122
2125,ASP,137,2HB,2126,[13.192 18.648 -2.633],-0.0122
2126,THR,138,N,2127,[15.862 21.183 -3.823],-0.4157
2127,THR,138,CA,2128,[16.814 22.293 -3.921],-0.0389
2128,THR,138,C,2129,[17.631 22.493 -2.66 ],0.5973
2129,THR,138,O,2130,[18.854 22.595 -2.725],-0.5679
2130,THR,138,CB,2131,[16.108 23.614 -4.258],0.3654
2131,THR,138,CG2,2132,[17.124 24.751 -4.278],-0.2438
2132,THR,138,OG1,2133,[15.476 23.507 -5.54 ],-0.6761
2133,THR,138,H,2134,[14.884 21.372 -3.981],0.2719
2134,THR,138,HA,2135,[17.516 22.064 -4.721],0.1007
2135,THR,138,HB,2136,[15.344 23.818 -3.507],0.0043
2136,THR,138,HG1,2137,[14.832 22.795 -5.521],0.4102
2137,THR,138,1HG2,2138,[16.62  25.686 -4.517],0.0642
2138,THR,138,2HG2,2139,[17.598 24.834 -3.297],0.0642
2139,THR,138,3HG2,2140,[17.884 24.546 -5.03 ],0.0642
2140,ALA,139,N,2141,[16.97  22.457 -1.514],-0.4157
2141,ALA,139,CA,2142,[17.646 22.658 -0.243],0.0337
2142,ALA,139,C,2143,[18.726 21.602 -0.065],0.5973
2143,ALA,139,O,2144,[19.866 21.911  0.292],-0.5679
2144,ALA,139,CB,2145,[16.637 22.591  0.878],-0.1825
2145,ALA,139,H,2146,[15.965 22.36  -1.527],0.2719
2146,ALA,139,HA,2147,[18.115 23.638 -0.225],0.0823
2147,ALA,139,1HB,2148,[17.14  22.692  1.827],0.0603
2148,ALA,139,2HB,2149,[15.913 23.397  0.767],0.0603
2149,ALA,139,3HB,2150,[16.13  21.639  0.838],0.0603
2150,ALA,140,N,2151,[18.38  20.371 -0.441],-0.4157
2151,ALA,140,CA,2152,[19.278 19.235 -0.351],0.0337
2152,ALA,140,C,2153,[20.451 19.435 -1.298],0.5973
2153,ALA,140,O,2154,[21.598 19.294 -0.894],-0.5679
2154,ALA,140,CB,2155,[18.527 17.955 -0.678],-0.1825
2155,ALA,140,H,2156,[17.426 20.203 -0.729],0.2719
2156,ALA,140,HA,2157,[19.665 19.153  0.656],0.0823
2157,ALA,140,1HB,2158,[19.198 17.121 -0.638],0.0603
2158,ALA,140,2HB,2159,[17.727 17.807  0.047],0.0603
2159,ALA,140,3HB,2160,[18.108 18.02  -1.658],0.0603
2160,GLN,141,N,2161,[20.178 20.038 -2.456],-0.4157
2161,GLN,141,CA,2162,[21.214 20.229 -3.462],-0.0031
2162,GLN,141,C,2163,[22.261 21.214 -2.972],0.5973
2163,GLN,141,O,2164,[23.456 20.987 -3.151],-0.5679
2164,GLN,141,CB,2165,[20.618 20.722 -4.779],-0.0036
2165,GLN,141,CG,2166,[21.62  20.791 -5.913],-0.0645
2166,GLN,141,CD,2167,[22.168 19.422 -6.279],0.6951
2167,GLN,141,NE2,2168,[23.488 19.3   -6.3  ],-0.9407
2168,GLN,141,OE1,2169,[21.41  18.485 -6.538],-0.6086
2169,GLN,141,H,2170,[19.217 20.046 -2.764],0.2719
2170,GLN,141,HA,2171,[21.694 19.269 -3.651],0.085
2171,GLN,141,1HB,2172,[19.805 20.061 -5.081],0.0171
2172,GLN,141,2HB,2173,[20.197 21.713 -4.641],0.0171
2173,GLN,141,1HG,2174,[21.132 21.21  -6.792],0.0352
2174,GLN,141,2HG,2175,[22.454 21.426 -5.61 ],0.0352
2175,GLN,141,1HE2,2176,[23.906 18.422 -6.534],0.4251
2176,GLN,141,2HE2,2177,[24.067 20.087 -6.082],0.4251
2177,ILE,142,N,2178,[21.824 22.207 -2.196],-0.4157
2178,ILE,142,CA,2179,[22.735 23.239 -1.717],-0.0597
2179,ILE,142,C,2180,[23.786 22.581 -0.84 ],0.5973
2180,ILE,142,O,2181,[24.989 22.721 -1.066],-0.5679
2181,ILE,142,CB,2182,[21.995 24.332 -0.927],0.1303
2182,ILE,142,CG1,2183,[21.076 25.122 -1.844],-0.043
2183,ILE,142,CG2,2184,[22.993 25.24  -0.252],-0.3204
2184,ILE,142,CD1,2185,[20.108 26.016 -1.094],-0.066
2185,ILE,142,H,2186,[20.83  22.39  -2.178],0.2719
2186,ILE,142,HA,2187,[23.214 23.712 -2.573],0.0869
2187,ILE,142,HB,2188,[21.364 23.871 -0.173],0.0187
2188,ILE,142,1HG1,2189,[21.681 25.736 -2.508],0.0236
2189,ILE,142,2HG1,2190,[20.508 24.428 -2.456],0.0236
2190,ILE,142,1HG2,2191,[22.468 26.008  0.302],0.0882
2191,ILE,142,2HG2,2192,[23.61  24.658  0.43 ],0.0882
2192,ILE,142,3HG2,2193,[23.627 25.707 -1.005],0.0882
2193,ILE,142,1HD1,2194,[19.48  26.551 -1.806],0.0186
2194,ILE,142,2HD1,2195,[19.481 25.413 -0.446],0.0186
2195,ILE,142,3HD1,2196,[20.665 26.731 -0.494],0.0186
2196,THR,143,N,2197,[23.293 21.743  0.067],-0.4157
2197,THR,143,CA,2198,[24.127 21.026  1.013],-0.0389
2198,THR,143,C,2199,[24.998 20.018  0.284],0.5973
2199,THR,143,O,2200,[26.202 19.97   0.517],-0.5679
2200,THR,143,CB,2201,[23.278 20.324  2.062],0.3654
2201,THR,143,CG2,2202,[24.123 19.501  2.957],-0.2438
2202,THR,143,OG1,2203,[22.581 21.296  2.837],-0.6761
2203,THR,143,H,2204,[22.295 21.787  0.25 ],0.2719
2204,THR,143,HA,2205,[24.782 21.738  1.513],0.1007
2205,THR,143,HB,2206,[22.575 19.702  1.575],0.0043
2206,THR,143,HG1,2207,[21.708 21.     3.01 ],0.4102
2207,THR,143,1HG2,2208,[23.495 19.007  3.699],0.0642
2208,THR,143,2HG2,2209,[24.643 18.755  2.36 ],0.0642
2209,THR,143,3HG2,2210,[24.846 20.139  3.462],0.0642
2210,GLN,144,N,2211,[24.436 19.351 -0.728],-0.4157
2211,GLN,144,CA,2212,[25.207 18.341 -1.436],-0.0031
2212,GLN,144,C,2213,[26.474 18.954 -2.007],0.5973
2213,GLN,144,O,2214,[27.565 18.45  -1.776],-0.5679
2214,GLN,144,CB,2215,[24.4   17.689 -2.559],-0.0036
2215,GLN,144,CG,2216,[25.189 16.616 -3.279],-0.0645
2216,GLN,144,CD,2217,[24.42  15.935 -4.408],0.6951
2217,GLN,144,NE2,2218,[25.079 15.775 -5.546],-0.9407
2218,GLN,144,OE1,2219,[23.262 15.56  -4.261],-0.6086
2219,GLN,144,H,2220,[23.433 19.313 -0.783],0.2719
2220,GLN,144,HA,2221,[25.45  17.54  -0.736],0.085
2221,GLN,144,1HB,2222,[23.491 17.245 -2.145],0.0171
2222,GLN,144,2HB,2223,[24.094 18.446 -3.277],0.0171
2223,GLN,144,1HG,2224,[26.079 17.069 -3.714],0.0352
2224,GLN,144,2HG,2225,[25.468 15.854 -2.561],0.0352
2225,GLN,144,1HE2,2226,[24.632 15.335 -6.326],0.4251
2226,GLN,144,2HE2,2227,[26.026 16.095 -5.626],0.4251
2227,ARG,145,N,2228,[26.338 20.137 -2.61 ],-0.3479
2228,ARG,145,CA,2229,[27.464 20.826 -3.234],-0.2637
2229,ARG,145,C,2230,[28.546 21.115 -2.202],0.7341
2230,ARG,145,O,2231,[29.728 20.858 -2.441],-0.5894
2231,ARG,145,CB,2232,[26.995 22.126 -3.861],-0.0007
2232,ARG,145,CG,2233,[26.137 21.942 -5.102],0.039
2233,ARG,145,CD,2234,[25.641 23.228 -5.629],0.0486
2234,ARG,145,NE,2235,[24.818 23.04  -6.812],-0.5295
2235,ARG,145,CZ,2236,[24.107 24.012 -7.412],0.8076
2236,ARG,145,NH1,2237,[24.128 25.234 -6.93 ],-0.8627
2237,ARG,145,NH2,2238,[23.389 23.737 -8.487],-0.8627
2238,ARG,145,H,2239,[25.404 20.461 -2.816],0.2747
2239,ARG,145,HA,2240,[27.873 20.188 -4.019],0.156
2240,ARG,145,1HB,2241,[26.419 22.692 -3.137],0.0327
2241,ARG,145,2HB,2242,[27.859 22.73  -4.135],0.0327
2242,ARG,145,1HG,2243,[26.725 21.459 -5.882],0.0285
2243,ARG,145,2HG,2244,[25.277 21.322 -4.86 ],0.0285
2244,ARG,145,1HD,2245,[25.039 23.725 -4.866],0.0687
2245,ARG,145,2HD,2246,[26.485 23.861 -5.896],0.0687
2246,ARG,145,HE,2247,[24.776 22.112 -7.213],0.3456
2247,ARG,145,1HH1,2248,[24.678 25.444 -6.109],0.4478
2248,ARG,145,2HH1,2249,[23.596 25.964 -7.381],0.4478
2249,ARG,145,1HH2,2250,[23.373 22.797 -8.857],0.4478
2250,ARG,145,2HH2,2251,[22.856 24.466 -8.937],0.4478
2251,LYS,146,N,2252,[28.113 21.463 -0.99 ],-0.3479
2252,LYS,146,CA,2253,[29.035 21.787  0.087],-0.24
2253,LYS,146,C,2254,[29.797 20.531  0.506],0.7341
2254,LYS,146,O,2255,[30.989 20.597  0.8  ],-0.5894
2255,LYS,146,CB,2256,[28.264 22.381  1.275],-0.0094
2256,LYS,146,CG,2257,[27.697 23.777  1.005],0.0187
2257,LYS,146,CD,2258,[26.892 24.31   2.191],-0.0479
2258,LYS,146,CE,2259,[26.345 25.708  1.899],-0.0143
2259,LYS,146,NZ,2260,[25.498 26.229  3.018],-0.3854
2260,LYS,146,H,2261,[27.137 21.722 -0.886],0.2747
2261,LYS,146,HA,2262,[29.765 22.511 -0.277],0.1426
2262,LYS,146,1HB,2263,[27.444 21.736  1.542],0.0362
2263,LYS,146,2HB,2264,[28.922 22.441  2.141],0.0362
2264,LYS,146,1HG,2265,[28.516 24.468  0.802],0.0103
2265,LYS,146,2HG,2266,[27.049 23.742  0.132],0.0103
2266,LYS,146,1HD,2267,[26.06  23.635  2.399],0.0621
2267,LYS,146,2HD,2268,[27.53  24.352  3.073],0.0621
2268,LYS,146,1HE,2269,[27.178 26.391  1.74 ],0.1135
2269,LYS,146,2HE,2270,[25.746 25.674  0.992],0.1135
2270,LYS,146,1HZ,2271,[25.159 27.151  2.783],0.34
2271,LYS,146,2HZ,2272,[24.704 25.6    3.164],0.34
2272,LYS,146,3HZ,2273,[26.049 26.279  3.863],0.34
2273,TRP,147,N,2274,[29.115 19.38   0.453],-0.4157
2274,TRP,147,CA,2275,[29.678 18.092  0.846],-0.0275
2275,TRP,147,C,2276,[30.673 17.605 -0.203],0.5973
2276,TRP,147,O,2277,[31.543 16.769  0.063],-0.5679
2277,TRP,147,CB,2278,[28.552 17.068  1.022],-0.005
2278,TRP,147,CG,2279,[27.773 17.315  2.265],-0.1415
2279,TRP,147,CD1,2280,[27.926 18.384  3.098],-0.1638
2280,TRP,147,CD2,2281,[26.718 16.509  2.846],0.1243
2281,TRP,147,CE2,2282,[26.302 17.159  4.008],0.138
2282,TRP,147,CE3,2283,[26.104 15.314  2.484],-0.2387
2283,TRP,147,NE1,2284,[27.051 18.299  4.145],-0.3418
2284,TRP,147,CZ2,2285,[25.296 16.651  4.816],-0.2601
2285,TRP,147,CZ3,2286,[25.093 14.81   3.298],-0.1972
2286,TRP,147,CH2,2287,[24.703 15.458  4.427],-0.1134
2287,TRP,147,H,2288,[28.121 19.432  0.281],0.2719
2288,TRP,147,HA,2289,[30.176 18.211  1.804],0.1123
2289,TRP,147,1HB,2290,[27.883 17.102  0.178],0.0339
2290,TRP,147,2HB,2291,[28.97  16.067  1.056],0.0339
2291,TRP,147,HD1,2292,[28.642 19.19   2.951],0.2062
2292,TRP,147,HE1,2293,[26.969 18.965  4.899],0.3412
2293,TRP,147,HE3,2294,[26.407 14.792  1.585],0.17
2294,TRP,147,HZ2,2295,[24.971 17.158  5.724],0.1572
2295,TRP,147,HZ3,2296,[24.615 13.879  3.016],0.1447
2296,TRP,147,HH2,2297,[23.906 15.027  5.037],0.1417
2297,GLU,148,N,2298,[30.392 17.923 -1.472],-0.5163
2298,GLU,148,CA,2299,[31.212 17.415 -2.565],0.0397
2299,GLU,148,C,2300,[32.601 18.028 -2.485],0.5366
2300,GLU,148,O,2301,[33.583 17.397 -2.097],-0.5819
2301,GLU,148,CB,2302,[30.596 17.712 -3.941],0.056
2302,GLU,148,CG,2303,[29.324 16.954 -4.278],0.0136
2303,GLU,148,CD,2304,[28.776 17.34  -5.641],0.8054
2304,GLU,148,OE1,2305,[29.327 18.229 -6.246],-0.8188
2305,GLU,148,OE2,2306,[27.813 16.751 -6.075],-0.8188
2306,GLU,148,H,2307,[29.521 18.39  -1.681],0.2936
2307,GLU,148,HA,2308,[31.292 16.332 -2.47 ],0.1105
2308,GLU,148,1HB,2309,[30.364 18.774 -4.012],-0.0173
2309,GLU,148,2HB,2310,[31.321 17.482 -4.72 ],-0.0173
2310,GLU,148,1HG,2311,[29.534 15.886 -4.265],-0.0425
2311,GLU,148,2HG,2312,[28.586 17.154 -3.524],-0.0425
2312,ALA,149,N,2313,[32.542 19.298 -2.074],-0.4157
2313,ALA,149,CA,2314,[33.738 20.09  -1.842],0.0337
2314,ALA,149,C,2315,[34.463 19.601 -0.598],0.5973
2315,ALA,149,O,2316,[35.675 19.389 -0.609],-0.5679
2316,ALA,149,CB,2317,[33.369 21.558 -1.721],-0.1825
2317,ALA,149,H,2318,[31.673 19.799 -2.219],0.2719
2318,ALA,149,HA,2319,[34.41  19.965 -2.691],0.0823
2319,ALA,149,1HB,2320,[34.269 22.146 -1.552],0.0603
2320,ALA,149,2HB,2321,[32.887 21.888 -2.641],0.0603
2321,ALA,149,3HB,2322,[32.686 21.693 -0.885],0.0603
2322,ALA,150,N,2323,[33.675 19.291  0.43 ],-0.4157
2323,ALA,150,CA,2324,[34.169 18.873  1.731],0.0337
2324,ALA,150,C,2325,[34.682 17.436  1.731],0.5973
2325,ALA,150,O,2326,[35.215 16.977  2.742],-0.5679
2326,ALA,150,CB,2327,[33.086 19.06   2.772],-0.1825
2327,ALA,150,H,2328,[32.703 19.559  0.376],0.2719
2328,ALA,150,HA,2329,[35.022 19.508  1.973],0.0823
2329,ALA,150,1HB,2330,[33.476 18.806  3.755],0.0603
2330,ALA,150,2HB,2331,[32.754 20.097  2.772],0.0603
2331,ALA,150,3HB,2332,[32.265 18.422  2.536],0.0603
2332,ARG,151,N,2333,[34.367 16.687  0.668],-0.3479
2333,ARG,151,CA,2334,[34.781 15.292  0.531],-0.2637
2334,ARG,151,C,2335,[34.176 14.427  1.632],0.7341
2335,ARG,151,O,2336,[34.837 13.532  2.162],-0.5894
2336,ARG,151,CB,2337,[36.306 15.183  0.573],-0.0007
2337,ARG,151,CG,2338,[37.029 15.962 -0.521],0.039
2338,ARG,151,CD,2339,[38.511 15.792 -0.445],0.0486
2339,ARG,151,NE,2340,[38.942 14.439 -0.762],-0.5295
2340,ARG,151,CZ,2341,[39.119 13.968 -2.014],0.8076
2341,ARG,151,NH1,2342,[38.899 14.751 -3.047],-0.8627
2342,ARG,151,NH2,2343,[39.513 12.722 -2.202],-0.8627
2343,ARG,151,H,2344,[33.994 17.136 -0.156],0.2747
2344,ARG,151,HA,2345,[34.449 14.927 -0.442],0.156
2345,ARG,151,1HB,2346,[36.678 15.54   1.523],0.0327
2346,ARG,151,2HB,2347,[36.598 14.14   0.486],0.0327
2347,ARG,151,1HG,2348,[36.698 15.609 -1.497],0.0285
2348,ARG,151,2HG,2349,[36.804 17.022 -0.422],0.0285
2349,ARG,151,1HD,2350,[38.99  16.468 -1.151],0.0687
2350,ARG,151,2HD,2351,[38.849 16.02   0.566],0.0687
2351,ARG,151,HE,2352,[3.9121e+01 1.3808e+01 8.0000e-03],0.3456
2352,ARG,151,1HH1,2353,[38.596 15.703 -2.904],0.4478
2353,ARG,151,2HH1,2354,[39.03  14.398 -3.984],0.4478
2354,ARG,151,1HH2,2355,[39.683 12.12  -1.408],0.4478
2355,ARG,151,2HH2,2356,[39.645 12.371 -3.139],0.4478
2356,VAL,152,N,2357,[32.898 14.676  1.935],-0.4157
2357,VAL,152,CA,2358,[32.181 13.912  2.946],-0.0875
2358,VAL,152,C,2359,[32.044 12.445  2.558],0.5973
2359,VAL,152,O,2360,[32.355 11.567  3.355],-0.5679
2360,VAL,152,CB,2361,[30.775 14.496  3.173],0.2985
2361,VAL,152,CG1,2362,[29.98  13.596  4.091],-0.3192
2362,VAL,152,CG2,2363,[30.907 15.872  3.737],-0.3192
2363,VAL,152,H,2364,[32.407 15.407  1.43 ],0.2719
2364,VAL,152,HA,2365,[32.734 13.977  3.883],0.0969
2365,VAL,152,HB,2366,[30.243 14.537  2.226],-0.0297
2366,VAL,152,1HG1,2367,[28.986 14.02   4.246],0.0791
2367,VAL,152,2HG1,2368,[29.889 12.625  3.648],0.0791
2368,VAL,152,3HG1,2369,[30.489 13.511  5.05 ],0.0791
2369,VAL,152,1HG2,2370,[29.922 16.292  3.901],0.0791
2370,VAL,152,2HG2,2371,[31.442 15.828  4.684],0.0791
2371,VAL,152,3HG2,2372,[31.451 16.484  3.042],0.0791
2372,ALA,153,N,2373,[31.677 12.185  1.299],-0.4157
2373,ALA,153,CA,2374,[31.493 10.814  0.819],0.0337
2374,ALA,153,C,2375,[32.772 10.012  0.934],0.5973
2375,ALA,153,O,2376,[32.732  8.845  1.306],-0.5679
2376,ALA,153,CB,2377,[31.007 10.793 -0.62 ],-0.1825
2377,ALA,153,H,2378,[31.441 12.954  0.689],0.2719
2378,ALA,153,HA,2379,[30.739 10.327  1.439],0.0823
2379,ALA,153,1HB,2380,[30.889  9.762 -0.948],0.0603
2380,ALA,153,2HB,2381,[30.07  11.295 -0.693],0.0603
2381,ALA,153,3HB,2382,[31.735 11.295 -1.255],0.0603
2382,GLU,154,N,2383,[33.911 10.658  0.705],-0.5163
2383,GLU,154,CA,2384,[35.189  9.961  0.761],0.0397
2384,GLU,154,C,2385,[35.506  9.543  2.188],0.5366
2385,GLU,154,O,2386,[35.844  8.387  2.446],-0.5819
2386,GLU,154,CB,2387,[36.292 10.858  0.211],0.056
2387,GLU,154,CG,2388,[36.176 11.141 -1.274],0.0136
2388,GLU,154,CD,2389,[36.298  9.903 -2.121],0.8054
2389,GLU,154,OE1,2390,[37.244  9.174 -1.942],-0.8188
2390,GLU,154,OE2,2391,[35.444  9.687 -2.947],-0.8188
2391,GLU,154,H,2392,[33.886 11.627  0.421],0.2936
2392,GLU,154,HA,2393,[35.124  9.067  0.14 ],0.1105
2393,GLU,154,1HB,2394,[36.28  11.808  0.737],-0.0173
2394,GLU,154,2HB,2395,[37.262 10.398  0.391],-0.0173
2395,GLU,154,1HG,2396,[35.208 11.606 -1.467],-0.0425
2396,GLU,154,2HG,2397,[36.949 11.844 -1.559],-0.0425
2397,GLN,155,N,2398,[35.126 10.404  3.129],-0.4157
2398,GLN,155,CA,2399,[35.364 10.144  4.538],-0.0031
2399,GLN,155,C,2400,[34.505  8.98   4.998],0.5973
2400,GLN,155,O,2401,[34.998  8.038  5.621],-0.5679
2401,GLN,155,CB,2402,[35.068 11.389  5.376],-0.0036
2402,GLN,155,CG,2403,[35.359 11.219  6.847],-0.0645
2403,GLN,155,CD,2404,[35.12  12.488  7.642],0.6951
2404,GLN,155,NE2,2405,[35.591 12.503  8.885],-0.9407
2405,GLN,155,OE1,2406,[34.519 13.445  7.145],-0.6086
2406,GLN,155,H,2407,[34.889 11.35   2.849],0.2719
2407,GLN,155,HA,2408,[36.415  9.887  4.676],0.085
2408,GLN,155,1HB,2409,[35.661 12.225  5.006],0.0171
2409,GLN,155,2HB,2410,[34.019 11.659  5.268],0.0171
2410,GLN,155,1HG,2411,[34.709 10.442  7.239],0.0352
2411,GLN,155,2HG,2412,[36.404 10.934  6.97 ],0.0352
2412,GLN,155,1HE2,2413,[35.463 13.314  9.46 ],0.4251
2413,GLN,155,2HE2,2414,[36.073 11.702  9.248],0.4251
2414,LEU,156,N,2415,[33.254  8.991  4.539],-0.4157
2415,LEU,156,CA,2416,[32.267  8.007  4.935],-0.0518
2416,LEU,156,C,2417,[32.591  6.656  4.356],0.5973
2417,LEU,156,O,2418,[32.599  5.664  5.071],-0.5679
2418,LEU,156,CB,2419,[30.882  8.449  4.482],-0.1102
2419,LEU,156,CG,2420,[30.334  9.662  5.165],0.3531
2420,LEU,156,CD1,2421,[29.082 10.051  4.482],-0.4121
2421,LEU,156,CD2,2422,[30.105  9.357  6.62 ],-0.4121
2422,LEU,156,H,2423,[32.922  9.837  4.099],0.2719
2423,LEU,156,HA,2424,[32.28   7.921  6.022],0.0922
2424,LEU,156,1HB,2425,[30.916  8.656  3.413],0.0457
2425,LEU,156,2HB,2426,[30.183  7.628  4.65 ],0.0457
2426,LEU,156,HG,2427,[31.033 10.484  5.079],-0.0361
2427,LEU,156,1HD1,2428,[28.666 10.934  4.964],0.1
2428,LEU,156,2HD1,2429,[29.295 10.272  3.439],0.1
2429,LEU,156,3HD1,2430,[28.376  9.242  4.545],0.1
2430,LEU,156,1HD2,2431,[29.707 10.242  7.118],0.1
2431,LEU,156,2HD2,2432,[29.4    8.546  6.708],0.1
2432,LEU,156,3HD2,2433,[31.05   9.072  7.086],0.1
2433,ARG,157,N,2434,[33.068  6.66   3.114],-0.3479
2434,ARG,157,CA,2435,[33.359  5.419  2.423],-0.2637
2435,ARG,157,C,2436,[34.428  4.673  3.181],0.7341
2436,ARG,157,O,2437,[34.295  3.486  3.456],-0.5894
2437,ARG,157,CB,2438,[33.823  5.689  1.003],-0.0007
2438,ARG,157,CG,2439,[34.122  4.448  0.186],0.039
2439,ARG,157,CD,2440,[34.458  4.782 -1.22 ],0.0486
2440,ARG,157,NE,2441,[34.808  3.594 -1.992],-0.5295
2441,ARG,157,CZ,2442,[35.181  3.605 -3.288],0.8076
2442,ARG,157,NH1,2443,[35.251  4.741 -3.944],-0.8627
2443,ARG,157,NH2,2444,[35.479  2.473 -3.902],-0.8627
2444,ARG,157,H,2445,[32.919  7.482  2.552],0.2747
2445,ARG,157,HA,2446,[32.443  4.835  2.345],0.156
2446,ARG,157,1HB,2447,[33.061  6.257  0.474],0.0327
2447,ARG,157,2HB,2448,[34.729  6.296  1.025],0.0327
2448,ARG,157,1HG,2449,[34.969  3.92   0.626],0.0285
2449,ARG,157,2HG,2450,[33.253  3.798  0.183],0.0285
2450,ARG,157,1HD,2451,[33.6    5.258 -1.696],0.0687
2451,ARG,157,2HD,2452,[35.308  5.463 -1.238],0.0687
2452,ARG,157,HE,2453,[34.767  2.695 -1.518],0.3456
2453,ARG,157,1HH1,2454,[35.023  5.609 -3.478],0.4478
2454,ARG,157,2HH1,2455,[35.53   4.749 -4.914],0.4478
2455,ARG,157,1HH2,2456,[35.427  1.596 -3.4  ],0.4478
2456,ARG,157,2HH2,2457,[35.759  2.482 -4.871],0.4478
2457,ALA,158,N,2458,[35.451  5.414  3.603],-0.4157
2458,ALA,158,CA,2459,[36.573  4.832  4.31 ],0.0337
2459,ALA,158,C,2460,[36.097  4.207  5.607],0.5973
2460,ALA,158,O,2461,[36.332  3.027  5.853],-0.5679
2461,ALA,158,CB,2462,[37.631  5.892  4.569],-0.1825
2462,ALA,158,H,2463,[35.53   6.369  3.271],0.2719
2463,ALA,158,HA,2464,[37.01   4.046  3.694],0.0823
2464,ALA,158,1HB,2465,[38.467  5.447  5.105],0.0603
2465,ALA,158,2HB,2466,[37.981  6.294  3.618],0.0603
2466,ALA,158,3HB,2467,[37.202  6.695  5.166],0.0603
2467,TYR,159,N,2468,[35.199  4.915  6.287],-0.4157
2468,TYR,159,CA,2469,[34.69   4.471  7.574],-0.0014
2469,TYR,159,C,2470,[33.823  3.218  7.431],0.5973
2470,TYR,159,O,2471,[33.884  2.323  8.261],-0.5679
2471,TYR,159,CB,2472,[33.905  5.6    8.23 ],-0.0152
2472,TYR,159,CG,2473,[34.74   6.751  8.674],-0.0011
2473,TYR,159,CD1,2474,[36.121  6.694  8.566],-0.1906
2474,TYR,159,CD2,2475,[34.129  7.876  9.195],-0.1906
2475,TYR,159,CE1,2476,[36.887  7.764  8.979],-0.2341
2476,TYR,159,CE2,2477,[34.889  8.943  9.607],-0.2341
2477,TYR,159,CZ,2478,[36.263  8.895  9.503],0.3226
2478,TYR,159,OH,2479,[37.017  9.967  9.918],-0.5579
2479,TYR,159,H,2480,[35.08   5.892  6.046],0.2719
2480,TYR,159,HA,2481,[35.536  4.213  8.211],0.0876
2481,TYR,159,1HB,2482,[33.16   5.976  7.534],0.0295
2482,TYR,159,2HB,2483,[33.376  5.214  9.096],0.0295
2483,TYR,159,HD1,2484,[36.6    5.804  8.154],0.1699
2484,TYR,159,HD2,2485,[33.042  7.916  9.279],0.1699
2485,TYR,159,HE1,2486,[37.973  7.723  8.895],0.1656
2486,TYR,159,HE2,2487,[34.407  9.829 10.018],0.1656
2487,TYR,159,HH,2488,[37.948  9.776  9.779],0.3992
2488,LEU,160,N,2489,[33.016  3.182  6.371],-0.4157
2489,LEU,160,CA,2490,[32.072  2.103  6.088],-0.0518
2490,LEU,160,C,2491,[32.782  0.822  5.693],0.5973
2491,LEU,160,O,2492,[32.395 -0.261  6.121],-0.5679
2492,LEU,160,CB,2493,[31.131  2.555  4.964],-0.1102
2493,LEU,160,CG,2494,[30.111  3.61   5.387],0.3531
2494,LEU,160,CD1,2495,[29.421  4.202  4.194],-0.4121
2495,LEU,160,CD2,2496,[29.127  2.931  6.32 ],-0.4121
2496,LEU,160,H,2497,[32.982  3.997  5.78 ],0.2719
2497,LEU,160,HA,2498,[31.502  1.896  6.993],0.0922
2498,LEU,160,1HB,2499,[31.73   2.963  4.151],0.0457
2499,LEU,160,2HB,2500,[30.591  1.685  4.588],0.0457
2500,LEU,160,HG,2501,[30.612  4.423  5.894],-0.0361
2501,LEU,160,1HD1,2502,[28.699  4.951  4.524],0.1
2502,LEU,160,2HD1,2503,[30.163  4.671  3.545],0.1
2503,LEU,160,3HD1,2504,[28.911  3.432  3.655],0.1
2504,LEU,160,1HD2,2505,[28.379  3.641  6.651],0.1
2505,LEU,160,2HD2,2506,[28.645  2.119  5.79 ],0.1
2506,LEU,160,3HD2,2507,[29.655  2.538  7.19 ],0.1
2507,GLU,161,N,2508,[33.863  0.957  4.941],-0.5163
2508,GLU,161,CA,2509,[34.62  -0.196  4.482],0.0397
2509,GLU,161,C,2510,[35.554 -0.684  5.582],0.5366
2510,GLU,161,O,2511,[35.818 -1.88   5.702],-0.5819
2511,GLU,161,CB,2512,[35.411  0.169  3.225],0.056
2512,GLU,161,CG,2513,[34.515  0.449  2.013],0.0136
2513,GLU,161,CD,2514,[35.268  0.834  0.777],0.8054
2514,GLU,161,OE1,2515,[36.467  0.965  0.842],-0.8188
2515,GLU,161,OE2,2516,[34.635  0.995 -0.242],-0.8188
2516,GLU,161,H,2517,[34.084  1.865  4.558],0.2936
2517,GLU,161,HA,2518,[33.939 -0.997  4.233],0.1105
2518,GLU,161,1HB,2519,[36.018  1.054  3.421],-0.0173
2519,GLU,161,2HB,2520,[36.089 -0.644  2.972],-0.0173
2520,GLU,161,1HG,2521,[33.931 -0.441  1.797],-0.0425
2521,GLU,161,2HG,2522,[33.823  1.254  2.264],-0.0425
2522,GLY,162,N,2523,[35.932  0.238  6.46 ],-0.4157
2523,GLY,162,CA,2524,[ 3.6909e+01 -3.1000e-02  7.5000e+00],-0.0252
2524,GLY,162,C,2525,[36.291 -0.247  8.875],0.5973
2525,GLY,162,O,2526,[35.938 -1.369  9.235],-0.5679
2526,GLY,162,H,2527,[35.742  1.205  6.249],0.2719
2527,GLY,162,1HA,2528,[37.483 -0.918  7.232],0.0698
2528,GLY,162,2HA,2529,[37.605  0.805  7.557],0.0698
2529,GLU,163,N,2530,[36.151  0.849  9.615],-0.5163
2530,GLU,163,CA,2531,[35.708  0.857 11.007],0.0397
2531,GLU,163,C,2532,[34.343  0.243 11.287],0.5366
2532,GLU,163,O,2533,[34.226 -0.584 12.184],-0.5819
2533,GLU,163,CB,2534,[35.707  2.295 11.518],0.056
2534,GLU,163,CG,2535,[37.086  2.891 11.708],0.0136
2535,GLU,163,CD,2536,[37.053  4.334 12.133],0.8054
2536,GLU,163,OE1,2537,[35.985  4.897 12.185],-0.8188
2537,GLU,163,OE2,2538,[38.099  4.875 12.408],-0.8188
2538,GLU,163,H,2539,[36.422  1.732  9.205],0.2936
2539,GLU,163,HA,2540,[36.419  0.261 11.581],0.1105
2540,GLU,163,1HB,2541,[35.161  2.931 10.817],-0.0173
2541,GLU,163,2HB,2542,[35.194  2.337 12.462],-0.0173
2542,GLU,163,1HG,2543,[37.617  2.314 12.466],-0.0425
2543,GLU,163,2HG,2544,[37.638  2.807 10.772],-0.0425
2544,CYS,164,N,2545,[33.365  0.473 10.419],-0.4157
2545,CYS,164,CA,2546,[32.027 -0.047 10.686],0.0213
2546,CYS,164,C,2547,[32.057 -1.552 10.743],0.5973
2547,CYS,164,O,2548,[31.602 -2.163 11.71 ],-0.5679
2548,CYS,164,CB,2549,[31.017  0.385  9.627],-0.1231
2549,CYS,164,SG,2550,[29.279 -0.146 10.01 ],-0.3119
2550,CYS,164,H,2551,[33.491  1.162  9.699],0.2719
2551,CYS,164,HA,2552,[31.687  0.348 11.643],0.1124
2552,CYS,164,1HB,2553,[31.031  1.472  9.525],0.1112
2553,CYS,164,2HB,2554,[31.299 -0.034  8.66 ],0.1112
2554,VAL,165,N,2555,[32.696 -2.133  9.727],-0.4157
2555,VAL,165,CA,2556,[32.794 -3.564  9.577],-0.0875
2556,VAL,165,C,2557,[33.618 -4.192 10.673],0.5973
2557,VAL,165,O,2558,[33.161 -5.133 11.313],-0.5679
2558,VAL,165,CB,2559,[33.416 -3.897  8.218],0.2985
2559,VAL,165,CG1,2560,[33.665 -5.39   8.118],-0.3192
2560,VAL,165,CG2,2561,[32.503 -3.417  7.144],-0.3192
2561,VAL,165,H,2562,[33.064 -1.548  8.991],0.2719
2562,VAL,165,HA,2563,[31.787 -3.981  9.605],0.0969
2563,VAL,165,HB,2564,[34.385 -3.402  8.126],-0.0297
2564,VAL,165,1HG1,2565,[34.108 -5.622  7.15 ],0.0791
2565,VAL,165,2HG1,2566,[34.344 -5.696  8.909],0.0791
2566,VAL,165,3HG1,2567,[32.722 -5.926  8.22 ],0.0791
2567,VAL,165,1HG2,2568,[32.934 -3.646  6.179],0.0791
2568,VAL,165,2HG2,2569,[31.552 -3.902  7.235],0.0791
2569,VAL,165,3HG2,2570,[32.374 -2.355  7.239],0.0791
2570,GLU,166,N,2571,[34.769 -3.593 10.989],-0.5163
2571,GLU,166,CA,2572,[35.642 -4.167 11.999],0.0397
2572,GLU,166,C,2573,[34.965 -4.18  13.35 ],0.5366
2573,GLU,166,O,2574,[34.999 -5.186 14.06 ],-0.5819
2574,GLU,166,CB,2575,[36.955 -3.387 12.087],0.056
2575,GLU,166,CG,2576,[37.865 -3.57  10.878],0.0136
2576,GLU,166,CD,2577,[39.121 -2.741 10.953],0.8054
2577,GLU,166,OE1,2578,[39.246 -1.966 11.87 ],-0.8188
2578,GLU,166,OE2,2579,[39.955 -2.885 10.092],-0.8188
2579,GLU,166,H,2580,[35.13  -2.867 10.385],0.2936
2580,GLU,166,HA,2581,[35.875 -5.193 11.716],0.1105
2581,GLU,166,1HB,2582,[36.737 -2.322 12.193],-0.0173
2582,GLU,166,2HB,2583,[37.505 -3.7   12.975],-0.0173
2583,GLU,166,1HG,2584,[38.143 -4.621 10.801],-0.0425
2584,GLU,166,2HG,2585,[37.317 -3.302  9.98 ],-0.0425
2585,TRP,167,N,2586,[34.207 -3.121 13.631],-0.4157
2586,TRP,167,CA,2587,[33.516 -2.99  14.893],-0.0275
2587,TRP,167,C,2588,[32.463 -4.06  15.006],0.5973
2588,TRP,167,O,2589,[32.447 -4.817 15.966],-0.5679
2589,TRP,167,CB,2590,[32.879 -1.611 15.013],-0.005
2590,TRP,167,CG,2591,[33.826 -0.518 15.24 ],-0.1415
2591,TRP,167,CD1,2592,[35.091 -0.602 15.733],-0.1638
2592,TRP,167,CD2,2593,[33.581  0.875 14.972],0.1243
2593,TRP,167,CE2,2594,[34.741  1.567 15.329],0.138
2594,TRP,167,CE3,2595,[32.484  1.583 14.465],-0.2387
2595,TRP,167,NE1,2596,[35.654  0.648 15.794],-0.3418
2596,TRP,167,CZ2,2597,[34.84   2.942 15.196],-0.2601
2597,TRP,167,CZ3,2598,[32.58   2.958 14.33 ],-0.1972
2598,TRP,167,CH2,2599,[33.729  3.622 14.686],-0.1134
2599,TRP,167,H,2600,[34.279 -2.31  13.039],0.2719
2600,TRP,167,HA,2601,[34.236 -3.106 15.703],0.1123
2601,TRP,167,1HB,2602,[32.324 -1.387 14.104],0.0339
2602,TRP,167,2HB,2603,[32.172 -1.611 15.833],0.0339
2603,TRP,167,HD1,2604,[35.583 -1.527 16.034],0.2062
2604,TRP,167,HE1,2605,[36.585  0.861 16.125],0.3412
2605,TRP,167,HE3,2606,[31.572  1.058 14.178],0.17
2606,TRP,167,HZ2,2607,[35.741  3.488 15.474],0.1572
2607,TRP,167,HZ3,2608,[31.719  3.499 13.934],0.1447
2608,TRP,167,HH2,2609,[33.773  4.706 14.567],0.1417
2609,LEU,168,N,2610,[31.771 -4.302 13.889],-0.4157
2610,LEU,168,CA,2611,[30.703 -5.276 13.861],-0.0518
2611,LEU,168,C,2612,[31.248 -6.663 14.071],0.5973
2612,LEU,168,O,2613,[30.744 -7.407 14.903],-0.5679
2613,LEU,168,CB,2614,[29.941 -5.218 12.53 ],-0.1102
2614,LEU,168,CG,2615,[28.793 -6.185 12.411],0.3531
2615,LEU,168,CD1,2616,[27.818 -5.965 13.507],-0.4121
2616,LEU,168,CD2,2617,[28.147 -6.009 11.081],-0.4121
2617,LEU,168,H,2618,[31.822 -3.628 13.137],0.2719
2618,LEU,168,HA,2619,[29.997 -5.041 14.654],0.0922
2619,LEU,168,1HB,2620,[29.545 -4.225 12.383],0.0457
2620,LEU,168,2HB,2621,[30.638 -5.421 11.72 ],0.0457
2621,LEU,168,HG,2622,[29.163 -7.194 12.507],-0.0361
2622,LEU,168,1HD1,2623,[27.006 -6.672 13.398],0.1
2623,LEU,168,2HD1,2624,[28.308 -6.114 14.47 ],0.1
2624,LEU,168,3HD1,2625,[27.432 -4.962 13.458],0.1
2625,LEU,168,1HD2,2626,[27.318 -6.701 10.983],0.1
2626,LEU,168,2HD2,2627,[27.775 -4.986 10.985],0.1
2627,LEU,168,3HD2,2628,[28.863 -6.201 10.327],0.1
2628,ARG,169,N,2629,[32.356 -6.978 13.411],-0.3479
2629,ARG,169,CA,2630,[32.921 -8.307 13.509],-0.2637
2630,ARG,169,C,2631,[33.212 -8.633 14.966],0.7341
2631,ARG,169,O,2632,[32.834 -9.696 15.463],-0.5894
2632,ARG,169,CB,2633,[34.208 -8.406 12.693],-0.0007
2633,ARG,169,CG,2634,[34.063 -8.374 11.162],0.039
2634,ARG,169,CD,2635,[35.417 -8.357 10.524],0.0486
2635,ARG,169,NE,2636,[35.378 -8.247  9.073],-0.5295
2636,ARG,169,CZ,2637,[36.47  -8.055  8.304],0.8076
2637,ARG,169,NH1,2638,[37.659 -7.956  8.856],-0.8627
2638,ARG,169,NH2,2639,[36.336 -7.969  6.998],-0.8627
2639,ARG,169,H,2640,[32.697 -6.347 12.701],0.2747
2640,ARG,169,HA,2641,[32.205 -9.027 13.113],0.156
2641,ARG,169,1HB,2642,[34.868 -7.583 12.963],0.0327
2642,ARG,169,2HB,2643,[34.719 -9.336 12.941],0.0327
2643,ARG,169,1HG,2644,[33.519 -9.256 10.823],0.0285
2644,ARG,169,2HG,2645,[33.519 -7.489 10.858],0.0285
2645,ARG,169,1HD,2646,[35.978 -7.504 10.904],0.0687
2646,ARG,169,2HD,2647,[35.938 -9.28  10.77 ],0.0687
2647,ARG,169,HE,2648,[34.482 -8.316  8.592],0.3456
2648,ARG,169,1HH1,2649,[37.757 -8.024  9.86 ],0.4478
2649,ARG,169,2HH1,2650,[38.473 -7.813  8.277],0.4478
2650,ARG,169,1HH2,2651,[35.414 -8.047  6.595],0.4478
2651,ARG,169,2HH2,2652,[37.145 -7.825  6.411],0.4478
2652,ARG,170,N,2653,[33.737 -7.639 15.686],-0.3479
2653,ARG,170,CA,2654,[34.102 -7.807 17.08 ],-0.2637
2654,ARG,170,C,2655,[32.878 -7.982 17.953],0.7341
2655,ARG,170,O,2656,[32.821 -8.895 18.77 ],-0.5894
2656,ARG,170,CB,2657,[34.897 -6.603 17.56 ],-0.0007
2657,ARG,170,CG,2658,[36.283 -6.463 16.978],0.039
2658,ARG,170,CD,2659,[36.912 -5.191 17.412],0.0486
2659,ARG,170,NE,2660,[38.245 -5.023 16.865],-0.5295
2660,ARG,170,CZ,2661,[38.979 -3.9   16.977],0.8076
2661,ARG,170,NH1,2662,[38.494 -2.859 17.62 ],-0.8627
2662,ARG,170,NH2,2663,[40.186 -3.842 16.443],-0.8627
2663,ARG,170,H,2664,[34.069 -6.817 15.197],0.2747
2664,ARG,170,HA,2665,[34.729 -8.694 17.17 ],0.156
2665,ARG,170,1HB,2666,[34.359 -5.691 17.323],0.0327
2666,ARG,170,2HB,2667,[35.004 -6.649 18.644],0.0327
2667,ARG,170,1HG,2668,[36.905 -7.294 17.313],0.0285
2668,ARG,170,2HG,2669,[36.225 -6.471 15.891],0.0285
2669,ARG,170,1HD,2670,[36.297 -4.353 17.077],0.0687
2670,ARG,170,2HD,2671,[36.988 -5.176 18.499],0.0687
2671,ARG,170,HE,2672,[38.651 -5.803 16.363],0.3456
2672,ARG,170,1HH1,2673,[37.572 -2.903 18.029],0.4478
2673,ARG,170,2HH1,2674,[39.045 -2.018 17.705],0.4478
2674,ARG,170,1HH2,2675,[40.559 -4.642 15.949],0.4478
2675,ARG,170,2HH2,2676,[40.736 -3.    16.528],0.4478
2676,TYR,171,N,2677,[31.86  -7.161 17.685],-0.4157
2677,TYR,171,CA,2678,[30.634 -7.115 18.468],-0.0014
2678,TYR,171,C,2679,[29.893 -8.429 18.425],0.5973
2679,TYR,171,O,2680,[29.508 -8.973 19.454],-0.5679
2680,TYR,171,CB,2681,[29.742 -5.99  17.955],-0.0152
2681,TYR,171,CG,2682,[30.33  -4.634 18.18 ],-0.0011
2682,TYR,171,CD1,2683,[31.58  -4.512 18.781],-0.1906
2683,TYR,171,CD2,2684,[29.639 -3.514 17.795],-0.1906
2684,TYR,171,CE1,2685,[32.126 -3.267 18.992],-0.2341
2685,TYR,171,CE2,2686,[30.186 -2.263 18.005],-0.2341
2686,TYR,171,CZ,2687,[31.424 -2.14  18.6  ],0.3226
2687,TYR,171,OH,2688,[31.964 -0.893 18.807],-0.5579
2688,TYR,171,H,2689,[32.026 -6.404 17.039],0.2719
2689,TYR,171,HA,2690,[30.896 -6.917 19.507],0.0876
2690,TYR,171,1HB,2691,[29.565 -6.12  16.888],0.0295
2691,TYR,171,2HB,2692,[28.775 -6.038 18.453],0.0295
2692,TYR,171,HD1,2693,[32.128 -5.403 19.087],0.1699
2693,TYR,171,HD2,2694,[28.662 -3.612 17.327],0.1699
2694,TYR,171,HE1,2695,[33.105 -3.173 19.463],0.1656
2695,TYR,171,HE2,2696,[29.639 -1.37  17.701],0.1656
2696,TYR,171,HH,2697,[31.358 -0.223 18.479],0.3992
2697,LEU,172,N,2698,[29.898 -9.034 17.246],-0.4157
2698,LEU,172,CA,2699,[ 29.213 -10.283  16.994],-0.0518
2699,LEU,172,C,2700,[ 29.844 -11.42   17.774],0.5973
2700,LEU,172,O,2701,[ 29.145 -12.217  18.392],-0.5679
2701,LEU,172,CB,2702,[ 29.25  -10.573  15.497],-0.1102
2702,LEU,172,CG,2703,[28.43  -9.624 14.611],0.3531
2703,LEU,172,CD1,2704,[28.76  -9.919 13.175],-0.4121
2704,LEU,172,CD2,2705,[26.962 -9.8   14.884],-0.4121
2705,LEU,172,H,2706,[30.225 -8.501 16.452],0.2719
2706,LEU,172,HA,2707,[ 28.175 -10.182  17.302],0.0922
2707,LEU,172,1HB,2708,[ 30.284 -10.527  15.159],0.0457
2708,LEU,172,2HB,2709,[ 28.882 -11.578  15.33 ],0.0457
2709,LEU,172,HG,2710,[28.699 -8.603 14.814],-0.0361
2710,LEU,172,1HD1,2711,[28.193 -9.261 12.531],0.1
2711,LEU,172,2HD1,2712,[29.825 -9.76  13.006],0.1
2712,LEU,172,3HD1,2713,[ 28.506 -10.95   12.955],0.1
2713,LEU,172,1HD2,2714,[26.391 -9.123 14.252],0.1
2714,LEU,172,2HD2,2715,[ 26.67  -10.812  14.672],0.1
2715,LEU,172,3HD2,2716,[26.764 -9.581 15.911],0.1
2716,GLU,173,N,2717,[ 31.173 -11.412  17.844],-0.5163
2717,GLU,173,CA,2718,[ 31.913 -12.466  18.525],0.0397
2718,GLU,173,C,2719,[ 31.848 -12.336  20.047],0.5366
2719,GLU,173,O,2720,[ 31.22  -13.121  20.756],-0.5819
2720,GLU,173,CB,2721,[ 33.375 -12.46   18.073],0.056
2721,GLU,173,CG,2722,[ 33.592 -12.865  16.621],0.0136
2722,GLU,173,CD,2723,[ 33.204 -14.296  16.344],0.8054
2723,GLU,173,OE1,2724,[ 33.651 -15.16   17.058],-0.8188
2724,GLU,173,OE2,2725,[ 32.463 -14.521  15.418],-0.8188
2725,GLU,173,H,2726,[ 31.687 -10.762  17.258],0.2936
2726,GLU,173,HA,2727,[ 31.458 -13.423  18.271],0.1105
2727,GLU,173,1HB,2728,[ 33.79  -11.46   18.207],-0.0173
2728,GLU,173,2HB,2729,[ 33.949 -13.143  18.698],-0.0173
2729,GLU,173,1HG,2730,[ 33.    -12.212  15.983],-0.0425
2730,GLU,173,2HG,2731,[ 34.641 -12.724  16.37 ],-0.0425
2731,ASN,174,N,2732,[ 31.821 -11.067  20.449],-0.4157
2732,ASN,174,CA,2733,[ 31.702 -10.701  21.856],0.0143
2733,ASN,174,C,2734,[ 30.33  -11.025  22.427],0.5973
2734,ASN,174,O,2735,[ 30.217 -11.548  23.537],-0.5679
2735,ASN,174,CB,2736,[32.007 -9.226 22.032],-0.2041
2736,ASN,174,CG,2737,[33.458 -8.895 21.853],0.713
2737,ASN,174,ND2,2738,[33.736 -7.65  21.558],-0.9191
2738,ASN,174,OD1,2739,[34.33  -9.763 21.982],-0.5931
2739,ASN,174,H,2740,[ 32.077 -10.344  19.793],0.2719
2740,ASN,174,HA,2741,[ 32.428 -11.284  22.424],0.1048
2741,ASN,174,1HB,2742,[31.429 -8.649 21.31 ],0.0797
2742,ASN,174,2HB,2743,[31.703 -8.912 23.018],0.0797
2743,ASN,174,1HD2,2744,[34.688 -7.368 21.427],0.4196
2744,ASN,174,2HD2,2745,[32.999 -6.981 21.464],0.4196
2745,GLY,175,N,2746,[ 29.31  -10.864  21.594],-0.4157
2746,GLY,175,CA,2747,[ 27.928 -11.018  22.011],-0.0252
2747,GLY,175,C,2748,[ 27.243 -12.186  21.339],0.5973
2748,GLY,175,O,2749,[ 26.015 -12.222  21.294],-0.5679
2749,GLY,175,H,2750,[ 29.478 -10.374  20.729],0.2719
2750,GLY,175,1HA,2751,[ 27.89  -11.158  23.091],0.0698
2751,GLY,175,2HA,2752,[ 27.384 -10.106  21.784],0.0698
2752,LYS,176,N,2753,[ 28.033 -13.149  20.856],-0.3479
2753,LYS,176,CA,2754,[ 27.544 -14.323  20.13 ],-0.24
2754,LYS,176,C,2755,[ 26.432 -15.116  20.813],0.7341
2755,LYS,176,O,2756,[ 25.484 -15.543  20.159],-0.5894
2756,LYS,176,CB,2757,[ 28.713 -15.265  19.843],-0.0094
2757,LYS,176,CG,2758,[ 29.314 -15.904  21.086],0.0187
2758,LYS,176,CD,2759,[ 30.497 -16.785  20.741],-0.0479
2759,LYS,176,CE,2760,[ 31.066 -17.449  21.987],-0.0143
2760,LYS,176,NZ,2761,[ 32.247 -18.293  21.676],-0.3854
2761,LYS,176,H,2762,[ 29.037 -13.039  20.938],0.2747
2762,LYS,176,HA,2763,[ 27.135 -13.97   19.187],0.1426
2763,LYS,176,1HB,2764,[ 28.386 -16.064  19.181],0.0362
2764,LYS,176,2HB,2765,[ 29.503 -14.721  19.328],0.0362
2765,LYS,176,1HG,2766,[ 29.641 -15.122  21.773],0.0103
2766,LYS,176,2HG,2767,[ 28.56  -16.51   21.587],0.0103
2767,LYS,176,1HD,2768,[ 30.186 -17.554  20.036],0.0621
2768,LYS,176,2HD,2769,[ 31.275 -16.177  20.272],0.0621
2769,LYS,176,1HE,2770,[ 31.357 -16.677  22.698],0.1135
2770,LYS,176,2HE,2771,[ 30.294 -18.07   22.442],0.1135
2771,LYS,176,1HZ,2772,[ 32.594 -18.716  22.526],0.34
2772,LYS,176,2HZ,2773,[ 31.982 -19.018  21.025],0.34
2773,LYS,176,3HZ,2774,[ 32.972 -17.721  21.265],0.34
2774,GLU,177,N,2775,[ 26.336 -15.005  22.134],-0.5163
2775,GLU,177,CA,2776,[ 25.306 -15.723  22.876],0.0397
2776,GLU,177,C,2777,[ 23.906 -15.298  22.427],0.5366
2777,GLU,177,O,2778,[ 22.943 -16.053  22.565],-0.5819
2778,GLU,177,CB,2779,[ 25.479 -15.477  24.371],0.056
2779,GLU,177,CG,2780,[ 26.73  -16.119  24.955],0.0136
2780,GLU,177,CD,2781,[ 26.911 -15.835  26.417],0.8054
2781,GLU,177,OE1,2782,[ 26.142 -15.079  26.957],-0.8188
2782,GLU,177,OE2,2783,[ 27.824 -16.376  26.996],-0.8188
2783,GLU,177,H,2784,[ 27.081 -14.553  22.644],0.2936
2784,GLU,177,HA,2785,[ 25.418 -16.791  22.679],0.1105
2785,GLU,177,1HB,2786,[ 25.526 -14.403  24.559],-0.0173
2786,GLU,177,2HB,2787,[ 24.613 -15.865  24.908],-0.0173
2787,GLU,177,1HG,2788,[ 26.67  -17.198  24.814],-0.0425
2788,GLU,177,2HG,2789,[ 27.601 -15.754  24.408],-0.0425
2789,THR,178,N,2790,[ 23.804 -14.07   21.925],-0.4157
2790,THR,178,CA,2791,[ 22.557 -13.498  21.45 ],-0.0389
2791,THR,178,C,2792,[ 22.604 -13.189  19.958],0.5973
2792,THR,178,O,2793,[ 21.735 -13.604  19.196],-0.5679
2793,THR,178,CB,2794,[ 22.212 -12.201  22.212],0.3654
2794,THR,178,CG2,2795,[ 20.906 -11.584  21.673],-0.2438
2795,THR,178,OG1,2796,[ 22.059 -12.493  23.608],-0.6761
2796,THR,178,H,2797,[ 24.64  -13.512  21.841],0.2719
2797,THR,178,HA,2798,[ 21.756 -14.213  21.637],0.1007
2798,THR,178,HB,2799,[ 23.026 -11.485  22.088],0.0043
2799,THR,178,HG1,2800,[ 22.878 -12.862  23.948],0.4102
2800,THR,178,1HG2,2801,[ 20.679 -10.67   22.223],0.0642
2801,THR,178,2HG2,2802,[ 21.021 -11.351  20.613],0.0642
2802,THR,178,3HG2,2803,[ 20.089 -12.293  21.799],0.0642
2803,LEU,179,N,2804,[ 23.614 -12.424  19.562],-0.4157
2804,LEU,179,CA,2805,[ 23.792 -11.983  18.184],-0.0518
2805,LEU,179,C,2806,[ 23.995 -13.115  17.173],0.5973
2806,LEU,179,O,2807,[ 23.649 -12.959  16.004],-0.5679
2807,LEU,179,CB,2808,[ 24.99  -11.031  18.12 ],-0.1102
2808,LEU,179,CG,2809,[24.716 -9.668 18.772],0.3531
2809,LEU,179,CD1,2810,[26.006 -8.811 18.85 ],-0.4121
2810,LEU,179,CD2,2811,[23.633 -8.993 17.921],-0.4121
2811,LEU,179,H,2812,[ 24.363 -12.249  20.217],0.2719
2812,LEU,179,HA,2813,[ 22.885 -11.461  17.881],0.0922
2813,LEU,179,1HB,2814,[ 25.838 -11.5    18.623],0.0457
2814,LEU,179,2HB,2815,[ 25.253 -10.88   17.081],0.0457
2815,LEU,179,HG,2816,[24.37  -9.81  19.798],-0.0361
2816,LEU,179,1HD1,2817,[25.781 -7.853 19.317],0.1
2817,LEU,179,2HD1,2818,[26.755 -9.335 19.445],0.1
2818,LEU,179,3HD1,2819,[26.393 -8.64  17.863],0.1
2819,LEU,179,1HD2,2820,[23.393 -8.036 18.321],0.1
2820,LEU,179,2HD2,2821,[23.996 -8.873 16.909],0.1
2821,LEU,179,3HD2,2822,[22.734 -9.61  17.914],0.1
