Residue,ResNum,Atom,AtomNum,X,Y,Z,Charge,Depth,InGroove
SER,2,N,1,24.282,-12.752,7.153,-0.4157,0.0,0.0
SER,2,CA,2,24.922,-11.454,7.333,-0.0249,0.0,0.0
SER,2,C,3,24.497,-10.784,8.636,0.5973,0.0,0.0
SER,2,O,4,23.458,-11.109,9.21,-0.5679,0.0,0.0
SER,2,CB,5,24.596,-10.542,6.162,0.2117,0.0,0.0
SER,2,OG,6,23.236,-10.201,6.152,-0.6546,0.0,0.0
SER,2,H,7,23.571,-12.85,6.443,0.2719,0.0,0.0
SER,2,HA,8,26.001,-11.609,7.39,0.0843,0.0,0.0
SER,2,1HB,9,25.199,-9.636,6.227,0.0352,0.0,0.0
SER,2,2HB,10,24.855,-11.042,5.231,0.0352,0.0,0.0
SER,2,HG,11,23.069,-9.751,6.984,0.4275,0.0,0.0
HID,3,N,12,25.279,-9.792,9.043,-0.4157,0.0,0.0
HID,3,CA,13,25.044,-8.997,10.237,0.0188,0.0,0.0
HID,3,C,14,25.109,-7.525,9.894,0.5973,0.0,0.0
HID,3,O,15,25.867,-7.122,9.017,-0.5679,0.0,0.0
HID,3,CB,16,26.05,-9.354,11.323,-0.0462,0.0,0.0
HID,3,CG,17,25.898,-10.74,11.835,-0.0266,0.0,0.0
HID,3,CD2,18,26.579,-11.874,11.545,0.1292,0.0,0.0
HID,3,ND1,19,24.945,-11.088,12.771,-0.3811,0.0,0.0
HID,3,CE1,20,25.046,-12.379,13.034,0.2057,0.0,0.0
HID,3,NE2,21,26.029,-12.877,12.305,-0.5727,0.0,0.0
HID,3,H,22,26.124,-9.621,8.523,0.2719,0.0,0.0
HID,3,HA,23,24.046,-9.199,10.624,0.0881,0.0,0.0
HID,3,1HB,24,27.058,-9.238,10.929,0.0402,0.0,0.0
HID,3,2HB,25,25.939,-8.663,12.159,0.0402,0.0,0.0
HID,3,HD1,26,24.221,-10.492,13.142,0.3649,0.0,0.0
HID,3,HD2,27,27.411,-12.09,10.873,0.1147,0.0,0.0
HID,3,HE1,28,24.377,-12.853,13.752,0.1392,0.0,0.0
SER,4,N,29,24.418,-6.695,10.662,-0.4157,0.0,0.0
SER,4,CA,30,24.547,-5.266,10.39,-0.0249,0.0,0.0
SER,4,C,31,24.691,-4.391,11.62,0.5973,0.0,0.0
SER,4,O,32,24.125,-4.644,12.669,-0.5679,0.0,0.0
SER,4,CB,33,23.352,-4.79,9.593,0.2117,0.0,0.0
SER,4,OG,34,22.168,-4.924,10.334,-0.6546,0.0,0.0
SER,4,H,35,23.831,-7.055,11.411,0.2719,0.0,0.0
SER,4,HA,36,25.459,-5.114,9.815,0.0843,0.0,0.0
SER,4,1HB,37,23.496,-3.744,9.315,0.0352,0.0,0.0
SER,4,2HB,38,23.278,-5.369,8.675,0.0352,0.0,0.0
SER,4,HG,39,22.285,-4.387,11.12,0.4275,0.0,0.0
MET,5,N,40,25.391,-3.288,11.432,-0.4157,0.0,0.0
MET,5,CA,41,25.518,-2.249,12.435,-0.0237,0.0,0.0
MET,5,C,42,24.782,-0.999,12.002,0.5973,0.0,0.0
MET,5,O,43,24.987,-0.521,10.896,-0.5679,0.0,0.0
MET,5,CB,44,26.976,-1.944,12.695,0.0342,0.0,0.0
MET,5,CG,45,27.203,-0.857,13.686,0.0018,0.0,0.0
MET,5,SD,46,28.912,-0.646,14.027,-0.2737,0.0,0.0
MET,5,CE,47,29.105,-2.089,14.948,-0.0536,0.0,0.0
MET,5,H,48,25.807,-3.131,10.525,0.2719,0.0,0.0
MET,5,HA,49,25.074,-2.603,13.362,0.088,0.0,0.0
MET,5,1HB,50,27.474,-2.825,13.054,0.0241,0.0,0.0
MET,5,2HB,51,27.452,-1.657,11.767,0.0241,0.0,0.0
MET,5,1HG,52,26.798,0.076,13.299,0.044,0.0,0.0
MET,5,2HG,53,26.682,-1.093,14.616,0.044,0.0,0.0
MET,5,1HE,54,30.116,-2.173,15.275,0.0684,0.0,0.0
MET,5,2HE,55,28.445,-2.047,15.804,0.0684,0.0,0.0
MET,5,3HE,56,28.856,-2.934,14.339,0.0684,0.0,0.0
ARG,6,N,57,24.035,-0.393,12.917,-0.3479,0.0,0.0
ARG,6,CA,58,23.269,0.807,12.587,-0.2637,0.0,0.0
ARG,6,C,59,23.293,1.833,13.705,0.7341,0.0,0.0
ARG,6,O,60,23.097,1.514,14.871,-0.5894,0.0,0.0
ARG,6,CB,61,21.816,0.459,12.277,-0.0007,0.0,0.0
ARG,6,CG,62,20.926,1.666,11.906,0.039,0.0,0.0
ARG,6,CD,63,19.549,1.265,11.528,0.0486,0.0,0.0
ARG,6,NE,64,19.511,0.532,10.273,-0.5295,0.0,0.0
ARG,6,CZ,65,18.421,-0.09,9.784,0.8076,0.0,0.0
ARG,6,NH1,66,17.29,-0.059,10.455,-0.8627,0.0,0.0
ARG,6,NH2,67,18.487,-0.731,8.63,-0.8627,0.0,0.0
ARG,6,H,68,23.878,-0.85,13.805,0.2747,0.0,0.0
ARG,6,HA,69,23.729,1.272,11.718,0.156,0.0,0.0
ARG,6,1HB,70,21.78,-0.246,11.448,0.0327,0.0,0.0
ARG,6,2HB,71,21.367,-0.028,13.143,0.0327,0.0,0.0
ARG,6,1HG,72,20.853,2.344,12.754,0.0285,0.0,0.0
ARG,6,2HG,73,21.367,2.196,11.055,0.0285,0.0,0.0
ARG,6,1HD,74,19.132,0.624,12.304,0.0687,0.0,0.0
ARG,6,2HD,75,18.933,2.145,11.418,0.0687,0.0,0.0
ARG,6,HE,76,20.361,0.485,9.728,0.3456,0.0,0.0
ARG,6,1HH1,77,17.24,0.432,11.337,0.4478,0.0,0.0
ARG,6,2HH1,78,16.473,-0.524,10.089,0.4478,0.0,0.0
ARG,6,1HH2,79,19.357,-0.755,8.115,0.4478,0.0,0.0
ARG,6,2HH2,80,17.67,-1.197,8.265,0.4478,0.0,0.0
TYR,7,N,81,23.371,3.104,13.328,-0.4157,0.0,0.0
TYR,7,CA,82,23.28,4.172,14.302,-0.0014,0.0,0.0
TYR,7,C,83,22.21,5.169,13.902,0.5973,0.0,0.0
TYR,7,O,84,22.036,5.48,12.724,-0.5679,0.0,0.0
TYR,7,CB,85,24.608,4.891,14.494,-0.0152,0.0,0.0
TYR,7,CG,86,25.714,4.052,15.004,-0.0011,0.0,0.0
TYR,7,CD1,87,26.527,3.382,14.116,-0.1906,0.0,0.0
TYR,7,CD2,88,25.926,3.948,16.367,-0.1906,0.0,0.0
TYR,7,CE1,89,27.552,2.605,14.582,-0.2341,0.0,0.0
TYR,7,CE2,90,26.956,3.167,16.842,-0.2341,0.0,0.0
TYR,7,CZ,91,27.77,2.495,15.954,0.3226,0.0,0.0
TYR,7,OH,92,28.799,1.715,16.423,-0.5579,0.0,0.0
TYR,7,H,93,23.512,3.324,12.354,0.2719,0.0,0.0
TYR,7,HA,94,22.999,3.739,15.255,0.0876,0.0,0.0
TYR,7,1HB,95,24.924,5.31,13.543,0.0295,0.0,0.0
TYR,7,2HB,96,24.473,5.714,15.19,0.0295,0.0,0.0
TYR,7,HD1,97,26.353,3.47,13.043,0.1699,0.0,0.0
TYR,7,HD2,98,25.276,4.483,17.063,0.1699,0.0,0.0
TYR,7,HE1,99,28.187,2.081,13.879,0.1656,0.0,0.0
TYR,7,HE2,100,27.125,3.081,17.916,0.1656,0.0,0.0
TYR,7,HH,101,28.812,1.747,17.383,0.3992,0.0,0.0
PHE,8,N,102,21.415,5.596,14.874,-0.4157,0.0,0.0
PHE,8,CA,103,20.294,6.458,14.558,-0.0024,0.0,0.0
PHE,8,C,104,20.26,7.676,15.466,0.5973,0.0,0.0
PHE,8,O,105,20.366,7.576,16.684,-0.5679,0.0,0.0
PHE,8,CB,106,18.973,5.715,14.672,-0.0343,0.0,0.0
PHE,8,CG,107,17.815,6.559,14.311,0.0118,0.0,0.0
PHE,8,CD1,108,17.556,6.827,12.99,-0.1256,0.0,0.0
PHE,8,CD2,109,16.985,7.087,15.275,-0.1256,0.0,0.0
PHE,8,CE1,110,16.487,7.61,12.624,-0.1704,0.0,0.0
PHE,8,CE2,111,15.911,7.872,14.915,-0.1704,0.0,0.0
PHE,8,CZ,112,15.662,8.133,13.587,-0.1072,0.0,0.0
PHE,8,H,113,21.482,5.171,15.786,0.2719,0.0,0.0
PHE,8,HA,114,20.417,6.819,13.547,0.0978,0.0,0.0
PHE,8,1HB,115,18.988,4.84,14.02,0.0295,0.0,0.0
PHE,8,2HB,116,18.84,5.36,15.682,0.0295,0.0,0.0
PHE,8,HD1,117,18.208,6.413,12.235,0.133,0.0,0.0
PHE,8,HD2,118,17.182,6.88,16.329,0.133,0.0,0.0
PHE,8,HE1,119,16.297,7.813,11.57,0.143,0.0,0.0
PHE,8,HE2,120,15.261,8.284,15.679,0.143,0.0,0.0
PHE,8,HZ,121,14.817,8.753,13.302,0.1297,0.0,0.0
TYR,9,N,122,20.174,8.851,14.843,-0.4157,0.0,0.0
TYR,9,CA,123,20.243,10.114,15.558,-0.0014,0.0,0.0
TYR,9,C,124,18.987,10.948,15.413,0.5973,0.0,0.0
TYR,9,O,125,18.499,11.137,14.31,-0.5679,0.0,0.0
TYR,9,CB,126,21.447,10.904,15.083,-0.0152,0.0,0.0
TYR,9,CG,127,22.729,10.226,15.276,-0.0011,0.0,0.0
TYR,9,CD1,128,23.021,9.177,14.451,-0.1906,0.0,0.0
TYR,9,CD2,129,23.611,10.623,16.247,-0.1906,0.0,0.0
TYR,9,CE1,130,24.174,8.516,14.577,-0.2341,0.0,0.0
TYR,9,CE2,131,24.8,9.948,16.383,-0.2341,0.0,0.0
TYR,9,CZ,132,25.085,8.879,15.534,0.3226,0.0,0.0
TYR,9,OH,133,26.288,8.171,15.647,-0.5579,0.0,0.0
TYR,9,H,134,20.175,8.863,13.833,0.2719,0.0,0.0
TYR,9,HA,135,20.333,9.899,16.617,0.0876,0.0,0.0
TYR,9,1HB,136,21.336,11.114,14.047,0.0295,0.0,0.0
TYR,9,2HB,137,21.489,11.857,15.611,0.0295,0.0,0.0
TYR,9,HD1,138,22.31,8.872,13.684,0.1699,0.0,0.0
TYR,9,HD2,139,23.371,11.461,16.902,0.1699,0.0,0.0
TYR,9,HE1,140,24.372,7.699,13.916,0.1656,0.0,0.0
TYR,9,HE2,141,25.502,10.254,17.147,0.1656,0.0,0.0
TYR,9,HH,142,26.852,8.619,16.286,0.3992,0.0,0.0
THR,10,N,143,18.458,11.443,16.524,-0.4157,0.0,0.0
THR,10,CA,144,17.287,12.304,16.462,-0.0389,0.0,0.0
THR,10,C,145,17.61,13.665,17.058,0.5973,0.0,0.0
THR,10,O,146,18.003,13.768,18.215,-0.5679,0.0,0.0
THR,10,CB,147,16.09,11.682,17.197,0.3654,0.0,0.0
THR,10,CG2,148,14.911,12.596,17.122,-0.2438,0.0,0.0
THR,10,OG1,149,15.761,10.436,16.608,-0.6761,0.0,0.0
THR,10,H,150,18.864,11.21,17.416,0.2719,0.0,0.0
THR,10,HA,151,17.009,12.449,15.418,0.1007,0.0,0.0
THR,10,HB,152,16.354,11.517,18.241,0.0043,0.0,0.0
THR,10,HG1,153,16.515,9.845,16.67,0.4102,0.0,0.0
THR,10,1HG2,154,14.068,12.148,17.644,0.0642,0.0,0.0
THR,10,2HG2,155,15.162,13.533,17.579,0.0642,0.0,0.0
THR,10,3HG2,156,14.644,12.757,16.078,0.0642,0.0,0.0
SER,11,N,157,17.436,14.718,16.271,-0.4157,0.0,0.0
SER,11,CA,158,17.778,16.058,16.724,-0.0249,0.0,0.0
SER,11,C,159,16.528,16.908,16.679,0.5973,0.0,0.0
SER,11,O,160,16.039,17.215,15.602,-0.5679,0.0,0.0
SER,11,CB,161,18.859,16.636,15.847,0.2117,0.0,0.0
SER,11,OG,162,20.021,15.873,15.926,-0.6546,0.0,0.0
SER,11,H,163,17.248,14.573,15.29,0.2719,0.0,0.0
SER,11,HA,164,18.135,16.013,17.751,0.0843,0.0,0.0
SER,11,1HB,165,18.511,16.671,14.827,0.0352,0.0,0.0
SER,11,2HB,166,19.07,17.658,16.155,0.0352,0.0,0.0
SER,11,HG,167,19.779,14.993,15.628,0.4275,0.0,0.0
VAL,12,N,168,16.046,17.37,17.83,-0.4157,0.0,0.0
VAL,12,CA,169,14.786,18.106,17.825,-0.0875,0.0,0.0
VAL,12,C,170,14.943,19.516,18.342,0.5973,0.0,0.0
VAL,12,O,171,15.287,19.725,19.501,-0.5679,0.0,0.0
VAL,12,CB,172,13.733,17.387,18.678,0.2985,0.0,0.0
VAL,12,CG1,173,12.437,18.176,18.659,-0.3192,0.0,0.0
VAL,12,CG2,174,13.544,16.003,18.152,-0.3192,0.0,0.0
VAL,12,H,175,16.473,17.093,18.702,0.2719,0.0,0.0
VAL,12,HA,176,14.422,18.162,16.801,0.0969,0.0,0.0
VAL,12,HB,177,14.067,17.34,19.713,-0.0297,0.0,0.0
VAL,12,1HG1,178,11.689,17.666,19.263,0.0791,0.0,0.0
VAL,12,2HG1,179,12.611,19.17,19.064,0.0791,0.0,0.0
VAL,12,3HG1,180,12.078,18.258,17.631,0.0791,0.0,0.0
VAL,12,1HG2,181,12.799,15.483,18.75,0.0791,0.0,0.0
VAL,12,2HG2,182,13.209,16.047,17.121,0.0791,0.0,0.0
VAL,12,3HG2,183,14.485,15.482,18.207,0.0791,0.0,0.0
SER,13,N,184,14.627,20.493,17.511,-0.4157,0.0,0.0
SER,13,CA,185,14.807,21.868,17.93,-0.0249,0.0,0.0
SER,13,C,186,13.86,22.194,19.067,0.5973,0.0,0.0
SER,13,O,187,12.7,21.782,19.067,-0.5679,0.0,0.0
SER,13,CB,188,14.577,22.824,16.778,0.2117,0.0,0.0
SER,13,OG,189,14.695,24.155,17.201,-0.6546,0.0,0.0
SER,13,H,190,14.341,20.284,16.567,0.2719,0.0,0.0
SER,13,HA,191,15.833,22.003,18.26,0.0843,0.0,0.0
SER,13,1HB,192,15.296,22.627,15.989,0.0352,0.0,0.0
SER,13,2HB,193,13.601,22.66,16.369,0.0352,0.0,0.0
SER,13,HG,194,14.536,24.694,16.423,0.4275,0.0,0.0
ARG,14,N,195,14.351,22.957,20.034,-0.3479,0.0,0.0
ARG,14,CA,196,13.529,23.371,21.166,-0.2637,0.0,0.0
ARG,14,C,197,13.63,24.882,21.394,0.7341,0.0,0.0
ARG,14,O,198,14.291,25.315,22.338,-0.5894,0.0,0.0
ARG,14,CB,199,13.959,22.625,22.42,-0.0007,0.0,0.0
ARG,14,CG,200,13.84,21.116,22.355,0.039,0.0,0.0
ARG,14,CD,201,14.025,20.503,23.688,0.0486,0.0,0.0
ARG,14,NE,202,15.371,20.71,24.216,-0.5295,0.0,0.0
ARG,14,CZ,203,15.741,20.436,25.483,0.8076,0.0,0.0
ARG,14,NH1,204,14.866,19.947,26.336,-0.8627,0.0,0.0
ARG,14,NH2,205,16.984,20.661,25.862,-0.8627,0.0,0.0
ARG,14,H,206,15.311,23.268,19.982,0.2747,0.0,0.0
ARG,14,HA,207,12.492,23.11,20.962,0.156,0.0,0.0
ARG,14,1HB,208,15.003,22.859,22.64,0.0327,0.0,0.0
ARG,14,2HB,209,13.374,22.952,23.252,0.0327,0.0,0.0
ARG,14,1HG,210,12.853,20.842,21.985,0.0285,0.0,0.0
ARG,14,2HG,211,14.596,20.719,21.688,0.0285,0.0,0.0
ARG,14,1HD,212,13.314,20.944,24.388,0.0687,0.0,0.0
ARG,14,2HD,213,13.853,19.431,23.617,0.0687,0.0,0.0
ARG,14,HE,214,16.085,21.087,23.598,0.3456,0.0,0.0
ARG,14,1HH1,215,13.915,19.776,26.042,0.4478,0.0,0.0
ARG,14,2HH1,216,15.146,19.742,27.285,0.4478,0.0,0.0
ARG,14,1HH2,217,17.642,21.037,25.192,0.4478,0.0,0.0
ARG,14,2HH2,218,17.272,20.459,26.808,0.4478,0.0,0.0
PRO,15,N,219,12.895,25.705,20.626,-0.2548,0.0,0.0
PRO,15,CA,220,12.868,27.152,20.704,-0.0266,0.0,0.0
PRO,15,C,221,12.481,27.678,22.076,0.5896,0.0,0.0
PRO,15,O,222,11.45,27.297,22.632,-0.5748,0.0,0.0
PRO,15,CB,223,11.821,27.518,19.65,-0.007,0.0,0.0
PRO,15,CG,224,11.896,26.395,18.659,0.0189,0.0,0.0
PRO,15,CD,225,12.133,25.175,19.469,0.0192,0.0,0.0
PRO,15,HA,226,13.862,27.538,20.434,0.0641,0.0,0.0
PRO,15,1HB,227,10.829,27.609,20.116,0.0253,0.0,0.0
PRO,15,2HB,228,12.056,28.496,19.207,0.0253,0.0,0.0
PRO,15,1HG,229,10.969,26.334,18.083,0.0213,0.0,0.0
PRO,15,2HG,230,12.704,26.575,17.935,0.0213,0.0,0.0
PRO,15,1HD,231,11.181,24.728,19.791,0.0391,0.0,0.0
PRO,15,2HD,232,12.692,24.502,18.861,0.0391,0.0,0.0
GLY,16,N,233,13.318,28.561,22.617,-0.4157,0.0,0.0
GLY,16,CA,234,13.074,29.178,23.918,-0.0252,0.0,0.0
GLY,16,C,235,13.374,28.25,25.099,0.5973,0.0,0.0
GLY,16,O,236,13.197,28.641,26.254,-0.5679,0.0,0.0
GLY,16,H,237,14.149,28.823,22.106,0.2719,0.0,0.0
GLY,16,1HA,238,13.688,30.072,24.013,0.0698,0.0,0.0
GLY,16,2HA,239,12.032,29.49,23.977,0.0698,0.0,0.0
ARG,17,N,240,13.833,27.032,24.817,-0.3479,0.0,0.0
ARG,17,CA,241,14.077,26.048,25.868,-0.2637,0.0,0.0
ARG,17,C,242,15.511,25.528,25.884,0.7341,0.0,0.0
ARG,17,O,243,15.794,24.506,26.508,-0.5894,0.0,0.0
ARG,17,CB,244,13.125,24.881,25.696,-0.0007,0.0,0.0
ARG,17,CG,245,11.667,25.233,25.913,0.039,0.0,0.0
ARG,17,CD,246,10.777,24.051,25.805,0.0486,0.0,0.0
ARG,17,NE,247,10.692,23.547,24.437,-0.5295,0.0,0.0
ARG,17,CZ,248,10.212,22.333,24.101,0.8076,0.0,0.0
ARG,17,NH1,249,9.78,21.515,25.036,-0.8627,0.0,0.0
ARG,17,NH2,250,10.175,21.963,22.835,-0.8627,0.0,0.0
ARG,17,H,251,13.945,26.743,23.854,0.2747,0.0,0.0
ARG,17,HA,252,13.887,26.522,26.831,0.156,0.0,0.0
ARG,17,1HB,253,13.23,24.489,24.711,0.0327,0.0,0.0
ARG,17,2HB,254,13.387,24.09,26.397,0.0327,0.0,0.0
ARG,17,1HG,255,11.542,25.66,26.908,0.0285,0.0,0.0
ARG,17,2HG,256,11.355,25.961,25.162,0.0285,0.0,0.0
ARG,17,1HD,257,11.158,23.251,26.438,0.0687,0.0,0.0
ARG,17,2HD,258,9.773,24.323,26.127,0.0687,0.0,0.0
ARG,17,HE,259,11.016,24.15,23.692,0.3456,0.0,0.0
ARG,17,1HH1,260,9.808,21.797,26.006,0.4478,0.0,0.0
ARG,17,2HH1,261,9.42,20.606,24.785,0.4478,0.0,0.0
ARG,17,1HH2,262,10.506,22.59,22.114,0.4478,0.0,0.0
ARG,17,2HH2,263,9.815,21.053,22.585,0.4478,0.0,0.0
GLY,18,N,264,16.41,26.224,25.201,-0.4157,0.0,0.0
GLY,18,CA,265,17.81,25.815,25.161,-0.0252,0.0,0.0
GLY,18,C,266,18.128,24.922,23.972,0.5973,0.0,0.0
GLY,18,O,267,17.387,24.887,22.99,-0.5679,0.0,0.0
GLY,18,H,268,16.12,27.05,24.696,0.2719,0.0,0.0
GLY,18,1HA,269,18.443,26.701,25.119,0.0698,0.0,0.0
GLY,18,2HA,270,18.058,25.283,26.078,0.0698,0.0,0.0
GLU,19,N,271,19.265,24.233,24.058,-0.5163,0.0,0.0
GLU,19,CA,272,19.765,23.423,22.957,0.0397,0.0,0.0
GLU,19,C,273,18.757,22.333,22.571,0.5366,0.0,0.0
GLU,19,O,274,18.024,21.855,23.435,-0.5819,0.0,0.0
GLU,19,CB,275,21.107,22.783,23.32,0.056,0.0,0.0
GLU,19,CG,276,22.237,23.777,23.521,0.0136,0.0,0.0
GLU,19,CD,277,22.307,24.304,24.922,0.8054,0.0,0.0
GLU,19,OE1,278,21.472,23.943,25.715,-0.8188,0.0,0.0
GLU,19,OE2,279,23.198,25.07,25.203,-0.8188,0.0,0.0
GLU,19,H,280,19.811,24.294,24.905,0.2936,0.0,0.0
GLU,19,HA,281,19.903,24.095,22.128,0.1105,0.0,0.0
GLU,19,1HB,282,20.998,22.207,24.238,-0.0173,0.0,0.0
GLU,19,2HB,283,21.406,22.091,22.533,-0.0173,0.0,0.0
GLU,19,1HG,284,23.182,23.291,23.279,-0.0425,0.0,0.0
GLU,19,2HG,285,22.1,24.61,22.831,-0.0425,0.0,0.0
PRO,20,N,286,18.695,21.925,21.291,-0.2548,0.0,0.0
PRO,20,CA,287,17.859,20.858,20.776,-0.0266,0.0,0.0
PRO,20,C,288,18.092,19.564,21.551,0.5896,0.0,0.0
PRO,20,O,289,19.118,19.403,22.213,-0.5748,0.0,0.0
PRO,20,CB,290,18.321,20.743,19.32,-0.007,0.0,0.0
PRO,20,CG,291,18.867,22.089,18.99,0.0189,0.0,0.0
PRO,20,CD,292,19.526,22.569,20.243,0.0192,0.0,0.0
PRO,20,HA,293,16.808,21.171,20.835,0.0641,0.0,0.0
PRO,20,1HB,294,19.051,19.973,19.229,0.0253,0.0,0.0
PRO,20,2HB,295,17.497,20.467,18.68,0.0253,0.0,0.0
PRO,20,1HG,296,19.571,22.019,18.156,0.0213,0.0,0.0
PRO,20,2HG,297,18.058,22.757,18.665,0.0213,0.0,0.0
PRO,20,1HD,298,20.567,22.222,20.276,0.0391,0.0,0.0
PRO,20,2HD,299,19.465,23.655,20.241,0.0391,0.0,0.0
ARG,21,N,300,17.085,18.7,21.572,-0.3479,0.0,0.0
ARG,21,CA,301,17.218,17.407,22.226,-0.2637,0.0,0.0
ARG,21,C,302,17.932,16.437,21.305,0.7341,0.0,0.0
ARG,21,O,303,17.598,16.332,20.13,-0.5894,0.0,0.0
ARG,21,CB,304,15.856,16.854,22.605,-0.0007,0.0,0.0
ARG,21,CG,305,15.884,15.538,23.361,0.039,0.0,0.0
ARG,21,CD,306,14.521,15.125,23.779,0.0486,0.0,0.0
ARG,21,NE,307,14.533,13.871,24.507,-0.5295,0.0,0.0
ARG,21,CZ,308,13.435,13.253,24.98,0.8076,0.0,0.0
ARG,21,NH1,309,12.247,13.787,24.794,-0.8627,0.0,0.0
ARG,21,NH2,310,13.548,12.109,25.634,-0.8627,0.0,0.0
ARG,21,H,311,16.306,18.866,20.952,0.2747,0.0,0.0
ARG,21,HA,312,17.805,17.532,23.137,0.156,0.0,0.0
ARG,21,1HB,313,15.331,17.578,23.222,0.0327,0.0,0.0
ARG,21,2HB,314,15.264,16.704,21.703,0.0327,0.0,0.0
ARG,21,1HG,315,16.3,14.758,22.722,0.0285,0.0,0.0
ARG,21,2HG,316,16.502,15.644,24.255,0.0285,0.0,0.0
ARG,21,1HD,317,14.093,15.892,24.426,0.0687,0.0,0.0
ARG,21,2HD,318,13.893,15.002,22.897,0.0687,0.0,0.0
ARG,21,HE,319,15.428,13.431,24.67,0.3456,0.0,0.0
ARG,21,1HH1,320,12.159,14.661,24.294,0.4478,0.0,0.0
ARG,21,2HH1,321,11.424,13.322,25.149,0.4478,0.0,0.0
ARG,21,1HH2,322,14.46,11.698,25.778,0.4478,0.0,0.0
ARG,21,2HH2,323,12.724,11.647,25.988,0.4478,0.0,0.0
PHE,22,N,324,18.96,15.758,21.806,-0.4157,0.0,0.0
PHE,22,CA,325,19.668,14.828,20.941,-0.0024,0.0,0.0
PHE,22,C,326,19.7,13.41,21.487,0.5973,0.0,0.0
PHE,22,O,327,20.155,13.155,22.602,-0.5679,0.0,0.0
PHE,22,CB,328,21.107,15.273,20.687,-0.0343,0.0,0.0
PHE,22,CG,329,21.232,16.587,20.031,0.0118,0.0,0.0
PHE,22,CD1,330,21.324,17.735,20.793,-0.1256,0.0,0.0
PHE,22,CD2,331,21.26,16.701,18.67,-0.1256,0.0,0.0
PHE,22,CE1,332,21.441,18.96,20.197,-0.1704,0.0,0.0
PHE,22,CE2,333,21.378,17.932,18.071,-0.1704,0.0,0.0
PHE,22,CZ,334,21.468,19.053,18.838,-0.1072,0.0,0.0
PHE,22,H,335,19.221,15.862,22.775,0.2719,0.0,0.0
PHE,22,HA,336,19.144,14.778,19.997,0.0978,0.0,0.0
PHE,22,1HB,337,21.641,15.321,21.613,0.0295,0.0,0.0
PHE,22,2HB,338,21.608,14.537,20.059,0.0295,0.0,0.0
PHE,22,HD1,339,21.303,17.656,21.879,0.133,0.0,0.0
PHE,22,HD2,340,21.188,15.803,18.063,0.133,0.0,0.0
PHE,22,HE1,341,21.513,19.859,20.809,0.143,0.0,0.0
PHE,22,HE2,342,21.401,18.016,16.989,0.143,0.0,0.0
PHE,22,HZ,343,21.558,20.008,18.371,0.1297,0.0,0.0
ILE,23,N,344,19.193,12.475,20.692,-0.4157,0.0,0.0
ILE,23,CA,345,19.192,11.077,21.094,-0.0597,0.0,0.0
ILE,23,C,346,19.945,10.235,20.08,0.5973,0.0,0.0
ILE,23,O,347,19.659,10.276,18.891,-0.5679,0.0,0.0
ILE,23,CB,348,17.769,10.518,21.256,0.1303,0.0,0.0
ILE,23,CG1,349,17.011,11.3,22.324,-0.043,0.0,0.0
ILE,23,CG2,350,17.835,9.026,21.608,-0.3204,0.0,0.0
ILE,23,CD1,351,15.55,10.956,22.378,-0.066,0.0,0.0
ILE,23,H,352,18.802,12.746,19.8,0.2719,0.0,0.0
ILE,23,HA,353,19.701,10.989,22.044,0.0869,0.0,0.0
ILE,23,HB,354,17.222,10.644,20.324,0.0187,0.0,0.0
ILE,23,1HG1,355,17.46,11.098,23.297,0.0236,0.0,0.0
ILE,23,2HG1,356,17.114,12.366,22.125,0.0236,0.0,0.0
ILE,23,1HG2,357,16.825,8.633,21.723,0.0882,0.0,0.0
ILE,23,2HG2,358,18.343,8.487,20.814,0.0882,0.0,0.0
ILE,23,3HG2,359,18.382,8.896,22.544,0.0882,0.0,0.0
ILE,23,1HD1,360,15.069,11.54,23.15,0.0186,0.0,0.0
ILE,23,2HD1,361,15.088,11.177,21.415,0.0186,0.0,0.0
ILE,23,3HD1,362,15.434,9.898,22.602,0.0186,0.0,0.0
ALA,24,N,363,20.929,9.481,20.537,-0.4157,0.0,0.0
ALA,24,CA,364,21.697,8.665,19.613,0.0337,0.0,0.0
ALA,24,C,365,21.712,7.233,20.072,0.5973,0.0,0.0
ALA,24,O,366,22.06,6.947,21.201,-0.5679,0.0,0.0
ALA,24,CB,367,23.099,9.205,19.456,-0.1825,0.0,0.0
ALA,24,H,368,21.204,9.55,21.506,0.2719,0.0,0.0
ALA,24,HA,369,21.202,8.697,18.648,0.0823,0.0,0.0
ALA,24,1HB,370,23.638,8.603,18.726,0.0603,0.0,0.0
ALA,24,2HB,371,23.055,10.236,19.114,0.0603,0.0,0.0
ALA,24,3HB,372,23.604,9.162,20.398,0.0603,0.0,0.0
VAL,25,N,373,21.349,6.315,19.189,-0.4157,0.0,0.0
VAL,25,CA,374,21.315,4.917,19.58,-0.0875,0.0,0.0
VAL,25,C,375,22.048,4.026,18.599,0.5973,0.0,0.0
VAL,25,O,376,22.135,4.319,17.413,-0.5679,0.0,0.0
VAL,25,CB,377,19.86,4.444,19.698,0.2985,0.0,0.0
VAL,25,CG1,378,19.157,5.178,20.814,-0.3192,0.0,0.0
VAL,25,CG2,379,19.181,4.667,18.373,-0.3192,0.0,0.0
VAL,25,H,380,21.028,6.594,18.273,0.2719,0.0,0.0
VAL,25,HA,381,21.816,4.819,20.538,0.0969,0.0,0.0
VAL,25,HB,382,19.839,3.384,19.953,-0.0297,0.0,0.0
VAL,25,1HG1,383,18.126,4.832,20.886,0.0791,0.0,0.0
VAL,25,2HG1,384,19.669,4.982,21.746,0.0791,0.0,0.0
VAL,25,3HG1,385,19.163,6.243,20.614,0.0791,0.0,0.0
VAL,25,1HG2,386,18.145,4.337,18.434,0.0791,0.0,0.0
VAL,25,2HG2,387,19.209,5.727,18.126,0.0791,0.0,0.0
VAL,25,3HG2,388,19.698,4.097,17.598,0.0791,0.0,0.0
GLY,26,N,389,22.615,2.942,19.108,-0.4157,0.0,0.0
GLY,26,CA,390,23.343,2.027,18.25,-0.0252,0.0,0.0
GLY,26,C,391,22.795,0.625,18.404,0.5973,0.0,0.0
GLY,26,O,392,22.683,0.118,19.52,-0.5679,0.0,0.0
GLY,26,H,393,22.633,2.818,20.111,0.2719,0.0,0.0
GLY,26,1HA,394,23.261,2.347,17.215,0.0698,0.0,0.0
GLY,26,2HA,395,24.4,2.044,18.502,0.0698,0.0,0.0
TYR,27,N,396,22.691,-0.06,17.265,-0.4157,0.0,0.0
TYR,27,CA,397,22.229,-1.433,17.156,-0.0014,0.0,0.0
TYR,27,C,398,23.162,-2.364,16.409,0.5973,0.0,0.0
TYR,27,O,399,23.832,-1.979,15.455,-0.5679,0.0,0.0
TYR,27,CB,400,20.843,-1.511,16.491,-0.0152,0.0,0.0
TYR,27,CG,401,19.7,-0.873,17.207,-0.0011,0.0,0.0
TYR,27,CD1,402,19.564,0.506,17.234,-0.1906,0.0,0.0
TYR,27,CD2,403,18.776,-1.672,17.845,-0.1906,0.0,0.0
TYR,27,CE1,404,18.501,1.067,17.902,-0.2341,0.0,0.0
TYR,27,CE2,405,17.721,-1.108,18.508,-0.2341,0.0,0.0
TYR,27,CZ,406,17.58,0.259,18.539,0.3226,0.0,0.0
TYR,27,OH,407,16.519,0.828,19.204,-0.5579,0.0,0.0
TYR,27,H,408,22.911,0.417,16.407,0.2719,0.0,0.0
TYR,27,HA,409,22.173,-1.841,18.164,0.0876,0.0,0.0
TYR,27,1HB,410,20.891,-1.042,15.505,0.0295,0.0,0.0
TYR,27,2HB,411,20.571,-2.56,16.348,0.0295,0.0,0.0
TYR,27,HD1,412,20.294,1.141,16.729,0.1699,0.0,0.0
TYR,27,HD2,413,18.886,-2.755,17.823,0.1699,0.0,0.0
TYR,27,HE1,414,18.385,2.132,17.929,0.1656,0.0,0.0
TYR,27,HE2,415,16.992,-1.743,19.013,0.1656,0.0,0.0
TYR,27,HH,416,16.572,1.784,19.129,0.3992,0.0,0.0
VAL,28,N,417,23.103,-3.63,16.782,-0.4157,0.0,0.0
VAL,28,CA,418,23.661,-4.67,15.942,-0.0875,0.0,0.0
VAL,28,C,419,22.498,-5.595,15.677,0.5973,0.0,0.0
VAL,28,O,420,21.918,-6.142,16.613,-0.5679,0.0,0.0
VAL,28,CB,421,24.813,-5.446,16.575,0.2985,0.0,0.0
VAL,28,CG1,422,25.266,-6.482,15.606,-0.3192,0.0,0.0
VAL,28,CG2,423,25.933,-4.491,16.95,-0.3192,0.0,0.0
VAL,28,H,424,22.509,-3.884,17.558,0.2719,0.0,0.0
VAL,28,HA,425,24.092,-4.223,15.05,0.0969,0.0,0.0
VAL,28,HB,426,24.474,-5.949,17.454,-0.0297,0.0,0.0
VAL,28,1HG1,427,26.08,-7.044,16.03,0.0791,0.0,0.0
VAL,28,2HG1,428,24.443,-7.156,15.38,0.0791,0.0,0.0
VAL,28,3HG1,429,25.592,-5.998,14.709,0.0791,0.0,0.0
VAL,28,1HG2,430,26.748,-5.053,17.399,0.0791,0.0,0.0
VAL,28,2HG2,431,26.292,-3.979,16.052,0.0791,0.0,0.0
VAL,28,3HG2,432,25.562,-3.755,17.661,0.0791,0.0,0.0
ASP,29,N,433,22.138,-5.708,14.403,-0.5163,0.0,0.0
ASP,29,CA,434,20.955,-6.422,13.972,0.0381,0.0,0.0
ASP,29,C,435,19.758,-5.765,14.658,0.5366,0.0,0.0
ASP,29,O,436,19.516,-4.58,14.426,-0.5819,0.0,0.0
ASP,29,CB,437,21.049,-7.908,14.333,-0.0303,0.0,0.0
ASP,29,CG,438,22.231,-8.547,13.6,0.7994,0.0,0.0
ASP,29,OD1,439,22.457,-8.161,12.471,-0.8014,0.0,0.0
ASP,29,OD2,440,22.886,-9.397,14.156,-0.8014,0.0,0.0
ASP,29,H,441,22.691,-5.244,13.705,0.2936,0.0,0.0
ASP,29,HA,442,20.868,-6.351,12.886,0.088,0.0,0.0
ASP,29,1HB,443,21.172,-8.041,15.396,-0.0122,0.0,0.0
ASP,29,2HB,444,20.122,-8.417,14.062,-0.0122,0.0,0.0
ASP,30,N,445,18.991,-6.487,15.476,-0.5163,0.0,0.0
ASP,30,CA,446,17.832,-5.85,16.091,0.0381,0.0,0.0
ASP,30,C,447,18.019,-5.677,17.597,0.5366,0.0,0.0
ASP,30,O,448,17.052,-5.453,18.328,-0.5819,0.0,0.0
ASP,30,CB,449,16.562,-6.657,15.814,-0.0303,0.0,0.0
ASP,30,CG,450,16.188,-6.614,14.338,0.7994,0.0,0.0
ASP,30,OD1,451,16.272,-5.551,13.767,-0.8014,0.0,0.0
ASP,30,OD2,452,15.825,-7.625,13.79,-0.8014,0.0,0.0
ASP,30,H,453,19.176,-7.465,15.674,0.2936,0.0,0.0
ASP,30,HA,454,17.708,-4.856,15.662,0.088,0.0,0.0
ASP,30,1HB,455,16.698,-7.674,16.11,-0.0122,0.0,0.0
ASP,30,2HB,456,15.744,-6.261,16.403,-0.0122,0.0,0.0
THR,31,N,457,19.266,-5.819,18.059,-0.4157,0.0,0.0
THR,31,CA,458,19.616,-5.672,19.468,-0.0389,0.0,0.0
THR,31,C,459,20.3,-4.342,19.784,0.5973,0.0,0.0
THR,31,O,460,21.187,-3.907,19.057,-0.5679,0.0,0.0
THR,31,CB,461,20.519,-6.824,19.931,0.3654,0.0,0.0
THR,31,CG2,462,20.923,-6.626,21.393,-0.2438,0.0,0.0
THR,31,OG1,463,19.82,-8.069,19.792,-0.6761,0.0,0.0
THR,31,H,464,20.019,-5.959,17.4,0.2719,0.0,0.0
THR,31,HA,465,18.694,-5.68,20.049,0.1007,0.0,0.0
THR,31,HB,466,21.406,-6.853,19.314,0.0043,0.0,0.0
THR,31,HG1,467,19.792,-8.329,18.861,0.4102,0.0,0.0
THR,31,1HG2,468,21.558,-7.444,21.704,0.0642,0.0,0.0
THR,31,2HG2,469,21.463,-5.688,21.502,0.0642,0.0,0.0
THR,31,3HG2,470,20.031,-6.602,22.015,0.0642,0.0,0.0
GLN,32,N,471,19.731,-3.584,20.72,-0.4157,0.0,0.0
GLN,32,CA,472,20.286,-2.272,21.07,-0.0031,0.0,0.0
GLN,32,C,473,21.46,-2.398,22.042,0.5973,0.0,0.0
GLN,32,O,474,21.36,-3.093,23.051,-0.5679,0.0,0.0
GLN,32,CB,475,19.224,-1.356,21.68,-0.0036,0.0,0.0
GLN,32,CG,476,19.708,0.069,21.917,-0.0645,0.0,0.0
GLN,32,CD,477,18.612,0.972,22.443,0.6951,0.0,0.0
GLN,32,NE2,478,18.866,2.267,22.454,-0.9407,0.0,0.0
GLN,32,OE1,479,17.543,0.501,22.839,-0.6086,0.0,0.0
GLN,32,H,480,18.942,-3.941,21.239,0.2719,0.0,0.0
GLN,32,HA,481,20.645,-1.796,20.158,0.085,0.0,0.0
GLN,32,1HB,482,18.365,-1.307,21.046,0.0171,0.0,0.0
GLN,32,2HB,483,18.894,-1.767,22.633,0.0171,0.0,0.0
GLN,32,1HG,484,20.515,0.056,22.644,0.0352,0.0,0.0
GLN,32,2HG,485,20.067,0.482,20.969,0.0352,0.0,0.0
GLN,32,1HE2,486,18.177,2.911,22.792,0.4251,0.0,0.0
GLN,32,2HE2,487,19.747,2.609,22.125,0.4251,0.0,0.0
PHE,33,N,488,22.574,-1.738,21.723,-0.4157,0.0,0.0
PHE,33,CA,489,23.759,-1.74,22.582,-0.0024,0.0,0.0
PHE,33,C,490,24.083,-0.417,23.244,0.5973,0.0,0.0
PHE,33,O,491,24.614,-0.415,24.346,-0.5679,0.0,0.0
PHE,33,CB,492,24.988,-2.178,21.796,-0.0343,0.0,0.0
PHE,33,CG,493,24.852,-3.58,21.384,0.0118,0.0,0.0
PHE,33,CD1,494,24.017,-3.939,20.375,-0.1256,0.0,0.0
PHE,33,CD2,495,25.578,-4.558,22.024,-0.1256,0.0,0.0
PHE,33,CE1,496,23.911,-5.245,20.016,-0.1704,0.0,0.0
PHE,33,CE2,497,25.475,-5.853,21.67,-0.1704,0.0,0.0
PHE,33,CZ,498,24.647,-6.199,20.67,-0.1072,0.0,0.0
PHE,33,H,499,22.58,-1.185,20.883,0.2719,0.0,0.0
PHE,33,HA,500,23.592,-2.448,23.38,0.0978,0.0,0.0
PHE,33,1HB,501,25.109,-1.543,20.917,0.0295,0.0,0.0
PHE,33,2HB,502,25.881,-2.056,22.409,0.0295,0.0,0.0
PHE,33,HD1,503,23.44,-3.172,19.863,0.133,0.0,0.0
PHE,33,HD2,504,26.23,-4.28,22.814,0.133,0.0,0.0
PHE,33,HE1,505,23.246,-5.53,19.211,0.143,0.0,0.0
PHE,33,HE2,506,26.058,-6.618,22.187,0.143,0.0,0.0
PHE,33,HZ,507,24.57,-7.226,20.396,0.1297,0.0,0.0
VAL,34,N,508,23.921,0.706,22.556,-0.4157,0.0,0.0
VAL,34,CA,509,24.331,1.949,23.223,-0.0875,0.0,0.0
VAL,34,C,510,23.287,3.055,23.09,0.5973,0.0,0.0
VAL,34,O,511,22.61,3.173,22.075,-0.5679,0.0,0.0
VAL,34,CB,512,25.669,2.467,22.658,0.2985,0.0,0.0
VAL,34,CG1,513,26.793,1.436,22.892,-0.3192,0.0,0.0
VAL,34,CG2,514,25.5,2.767,21.188,-0.3192,0.0,0.0
VAL,34,H,515,23.551,0.69,21.608,0.2719,0.0,0.0
VAL,34,HA,516,24.441,1.747,24.286,0.0969,0.0,0.0
VAL,34,HB,517,25.952,3.355,23.175,-0.0297,0.0,0.0
VAL,34,1HG1,518,27.731,1.819,22.488,0.0791,0.0,0.0
VAL,34,2HG1,519,26.904,1.259,23.963,0.0791,0.0,0.0
VAL,34,3HG1,520,26.548,0.502,22.397,0.0791,0.0,0.0
VAL,34,1HG2,521,26.441,3.135,20.78,0.0791,0.0,0.0
VAL,34,2HG2,522,25.209,1.856,20.67,0.0791,0.0,0.0
VAL,34,3HG2,523,24.728,3.526,21.058,0.0791,0.0,0.0
ARG,35,N,524,23.349,4.036,24.0,-0.3479,0.0,0.0
ARG,35,CA,525,22.471,5.201,23.897,-0.2637,0.0,0.0
ARG,35,C,526,23.032,6.471,24.548,0.7341,0.0,0.0
ARG,35,O,527,23.645,6.435,25.612,-0.5894,0.0,0.0
ARG,35,CB,528,21.104,4.925,24.508,-0.0007,0.0,0.0
ARG,35,CG,529,20.109,6.102,24.403,0.039,0.0,0.0
ARG,35,CD,530,18.709,5.69,24.708,0.0486,0.0,0.0
ARG,35,NE,531,17.789,6.827,24.677,-0.5295,0.0,0.0
ARG,35,CZ,532,16.447,6.733,24.755,0.8076,0.0,0.0
ARG,35,NH1,533,15.875,5.553,24.868,-0.8627,0.0,0.0
ARG,35,NH2,534,15.703,7.823,24.717,-0.8627,0.0,0.0
ARG,35,H,535,23.94,3.917,24.81,0.2747,0.0,0.0
ARG,35,HA,536,22.352,5.416,22.849,0.156,0.0,0.0
ARG,35,1HB,537,20.654,4.064,24.021,0.0327,0.0,0.0
ARG,35,2HB,538,21.227,4.681,25.556,0.0327,0.0,0.0
ARG,35,1HG,539,20.391,6.885,25.11,0.0285,0.0,0.0
ARG,35,2HG,540,20.124,6.509,23.393,0.0285,0.0,0.0
ARG,35,1HD,541,18.377,4.961,23.972,0.0687,0.0,0.0
ARG,35,2HD,542,18.67,5.247,25.702,0.0687,0.0,0.0
ARG,35,HE,543,18.188,7.754,24.59,0.3456,0.0,0.0
ARG,35,1HH1,544,16.441,4.718,24.897,0.4478,0.0,0.0
ARG,35,2HH1,545,14.869,5.483,24.927,0.4478,0.0,0.0
ARG,35,1HH2,546,16.141,8.731,24.629,0.4478,0.0,0.0
ARG,35,2HH2,547,14.698,7.752,24.774,0.4478,0.0,0.0
PHE,36,N,548,22.78,7.607,23.898,-0.4157,0.0,0.0
PHE,36,CA,549,23.236,8.907,24.362,-0.0024,0.0,0.0
PHE,36,C,550,22.146,9.953,24.361,0.5973,0.0,0.0
PHE,36,O,551,21.533,10.239,23.34,-0.5679,0.0,0.0
PHE,36,CB,552,24.386,9.402,23.509,-0.0343,0.0,0.0
PHE,36,CG,553,24.938,10.714,23.915,0.0118,0.0,0.0
PHE,36,CD1,554,25.781,10.82,24.987,-0.1256,0.0,0.0
PHE,36,CD2,555,24.603,11.863,23.207,-0.1256,0.0,0.0
PHE,36,CE1,556,26.292,12.042,25.361,-0.1704,0.0,0.0
PHE,36,CE2,557,25.11,13.09,23.573,-0.1704,0.0,0.0
PHE,36,CZ,558,25.959,13.181,24.657,-0.1072,0.0,0.0
PHE,36,H,559,22.371,7.548,22.98,0.2719,0.0,0.0
PHE,36,HA,560,23.564,8.807,25.398,0.0978,0.0,0.0
PHE,36,1HB,561,25.185,8.688,23.54,0.0295,0.0,0.0
PHE,36,2HB,562,24.06,9.483,22.494,0.0295,0.0,0.0
PHE,36,HD1,563,26.043,9.928,25.538,0.133,0.0,0.0
PHE,36,HD2,564,23.93,11.783,22.351,0.133,0.0,0.0
PHE,36,HE1,565,26.95,12.108,26.203,0.143,0.0,0.0
PHE,36,HE2,566,24.842,13.986,23.012,0.143,0.0,0.0
PHE,36,HZ,567,26.365,14.147,24.957,0.1297,0.0,0.0
ASP,37,N,568,21.871,10.488,25.537,-0.5163,0.0,0.0
ASP,37,CA,569,20.858,11.516,25.705,0.0381,0.0,0.0
ASP,37,C,570,21.524,12.831,26.078,0.5366,0.0,0.0
ASP,37,O,571,21.953,13.013,27.212,-0.5819,0.0,0.0
ASP,37,CB,572,19.836,11.122,26.775,-0.0303,0.0,0.0
ASP,37,CG,573,18.973,9.933,26.369,0.7994,0.0,0.0
ASP,37,OD1,574,18.938,9.619,25.205,-0.8014,0.0,0.0
ASP,37,OD2,575,18.358,9.353,27.233,-0.8014,0.0,0.0
ASP,37,H,576,22.39,10.182,26.347,0.2936,0.0,0.0
ASP,37,HA,577,20.337,11.657,24.758,0.088,0.0,0.0
ASP,37,1HB,578,20.354,10.873,27.695,-0.0122,0.0,0.0
ASP,37,2HB,579,19.183,11.972,26.984,-0.0122,0.0,0.0
SER,38,N,580,21.165,13.888,25.351,-0.4157,0.0,0.0
SER,38,CA,581,21.645,15.223,25.699,-0.0249,0.0,0.0
SER,38,C,582,21.049,15.724,27.016,0.5973,0.0,0.0
SER,38,O,583,21.57,16.655,27.626,-0.5679,0.0,0.0
SER,38,CB,584,21.321,16.204,24.606,0.2117,0.0,0.0
SER,38,OG,585,19.943,16.402,24.514,-0.6546,0.0,0.0
SER,38,H,586,20.727,13.744,24.452,0.2719,0.0,0.0
SER,38,HA,587,22.73,15.179,25.812,0.0843,0.0,0.0
SER,38,1HB,588,21.815,17.153,24.808,0.0352,0.0,0.0
SER,38,2HB,589,21.699,15.834,23.677,0.0352,0.0,0.0
SER,38,HG,590,19.666,16.744,25.368,0.4275,0.0,0.0
ASP,39,N,591,19.946,15.11,27.438,-0.5163,0.0,0.0
ASP,39,CA,592,19.255,15.489,28.663,0.0381,0.0,0.0
ASP,39,C,593,19.854,14.811,29.9,0.5366,0.0,0.0
ASP,39,O,594,19.442,15.093,31.027,-0.5819,0.0,0.0
ASP,39,CB,595,17.76,15.179,28.563,-0.0303,0.0,0.0
ASP,39,CG,596,17.026,16.055,27.566,0.7994,0.0,0.0
ASP,39,OD1,597,17.495,17.133,27.293,-0.8014,0.0,0.0
ASP,39,OD2,598,15.999,15.638,27.088,-0.8014,0.0,0.0
ASP,39,H,599,19.57,14.353,26.885,0.2936,0.0,0.0
ASP,39,HA,600,19.38,16.563,28.802,0.088,0.0,0.0
ASP,39,1HB,601,17.627,14.136,28.27,-0.0122,0.0,0.0
ASP,39,2HB,602,17.297,15.308,29.542,-0.0122,0.0,0.0
ALA,40,N,603,20.763,13.863,29.68,-0.4157,0.0,0.0
ALA,40,CA,604,21.392,13.108,30.759,0.0337,0.0,0.0
ALA,40,C,605,22.279,13.986,31.624,0.5973,0.0,0.0
ALA,40,O,606,22.959,14.892,31.144,-0.5679,0.0,0.0
ALA,40,CB,607,22.199,11.947,30.199,-0.1825,0.0,0.0
ALA,40,H,608,21.109,13.727,28.743,0.2719,0.0,0.0
ALA,40,HA,609,20.607,12.71,31.402,0.0823,0.0,0.0
ALA,40,1HB,610,22.656,11.392,31.019,0.0603,0.0,0.0
ALA,40,2HB,611,21.545,11.288,29.637,0.0603,0.0,0.0
ALA,40,3HB,612,22.979,12.331,29.541,0.0603,0.0,0.0
ALA,41,N,613,22.286,13.692,32.918,-0.4157,0.0,0.0
ALA,41,CA,614,23.167,14.393,33.837,0.0337,0.0,0.0
ALA,41,C,615,24.618,14.02,33.559,0.5973,0.0,0.0
ALA,41,O,616,25.522,14.843,33.706,-0.5679,0.0,0.0
ALA,41,CB,617,22.785,14.084,35.275,-0.1825,0.0,0.0
ALA,41,H,618,21.684,12.96,33.266,0.2719,0.0,0.0
ALA,41,HA,619,23.058,15.463,33.667,0.0823,0.0,0.0
ALA,41,1HB,620,23.44,14.634,35.951,0.0603,0.0,0.0
ALA,41,2HB,621,21.751,14.382,35.448,0.0603,0.0,0.0
ALA,41,3HB,622,22.89,13.016,35.456,0.0603,0.0,0.0
SER,42,N,623,24.834,12.758,33.175,-0.4157,0.0,0.0
SER,42,CA,624,26.179,12.249,32.939,-0.0249,0.0,0.0
SER,42,C,625,26.821,12.772,31.678,0.5973,0.0,0.0
SER,42,O,626,28.041,12.909,31.618,-0.5679,0.0,0.0
SER,42,CB,627,26.172,10.737,32.883,0.2117,0.0,0.0
SER,42,OG,628,25.52,10.294,31.707,-0.6546,0.0,0.0
SER,42,H,629,24.047,12.136,33.06,0.2719,0.0,0.0
SER,42,HA,630,26.81,12.568,33.769,0.0843,0.0,0.0
SER,42,1HB,631,27.197,10.365,32.905,0.0352,0.0,0.0
SER,42,2HB,632,25.664,10.342,33.761,0.0352,0.0,0.0
SER,42,HG,633,25.556,9.335,31.73,0.4275,0.0,0.0
GLN,43,N,634,25.998,13.046,30.671,-0.4157,0.0,0.0
GLN,43,CA,635,26.492,13.456,29.362,-0.0031,0.0,0.0
GLN,43,C,636,27.462,12.429,28.785,0.5973,0.0,0.0
GLN,43,O,637,28.405,12.797,28.084,-0.5679,0.0,0.0
GLN,43,CB,638,27.19,14.821,29.431,-0.0036,0.0,0.0
GLN,43,CG,639,26.27,15.955,29.797,-0.0645,0.0,0.0
GLN,43,CD,640,25.32,16.304,28.66,0.6951,0.0,0.0
GLN,43,NE2,641,24.035,16.116,28.882,-0.9407,0.0,0.0
GLN,43,OE1,642,25.754,16.74,27.59,-0.6086,0.0,0.0
GLN,43,H,643,25.0,12.964,30.81,0.2719,0.0,0.0
GLN,43,HA,644,25.642,13.541,28.684,0.085,0.0,0.0
GLN,43,1HB,645,27.991,14.801,30.157,0.0171,0.0,0.0
GLN,43,2HB,646,27.641,15.046,28.465,0.0171,0.0,0.0
GLN,43,1HG,647,25.679,15.664,30.668,0.0352,0.0,0.0
GLN,43,2HG,648,26.867,16.835,30.031,0.0352,0.0,0.0
GLN,43,1HE2,649,23.36,16.325,28.176,0.4251,0.0,0.0
GLN,43,2HE2,650,23.721,15.761,29.758,0.4251,0.0,0.0
ARG,44,N,651,27.231,11.138,29.075,-0.3479,0.0,0.0
ARG,44,CA,652,28.08,10.072,28.541,-0.2637,0.0,0.0
ARG,44,C,653,27.305,8.999,27.799,0.7341,0.0,0.0
ARG,44,O,654,26.125,8.772,28.061,-0.5894,0.0,0.0
ARG,44,CB,655,28.881,9.398,29.644,-0.0007,0.0,0.0
ARG,44,CG,656,29.896,10.274,30.34,0.039,0.0,0.0
ARG,44,CD,657,30.645,9.528,31.377,0.0486,0.0,0.0
ARG,44,NE,658,31.608,10.374,32.065,-0.5295,0.0,0.0
ARG,44,CZ,659,32.443,9.951,33.033,0.8076,0.0,0.0
ARG,44,NH1,660,32.422,8.693,33.417,-0.8627,0.0,0.0
ARG,44,NH2,661,33.284,10.8,33.598,-0.8627,0.0,0.0
ARG,44,H,662,26.45,10.887,29.675,0.2747,0.0,0.0
ARG,44,HA,663,28.77,10.511,27.84,0.156,0.0,0.0
ARG,44,1HB,664,28.2,9.02,30.407,0.0327,0.0,0.0
ARG,44,2HB,665,29.419,8.543,29.231,0.0327,0.0,0.0
ARG,44,1HG,666,30.608,10.654,29.608,0.0285,0.0,0.0
ARG,44,2HG,667,29.396,11.098,30.812,0.0285,0.0,0.0
ARG,44,1HD,668,29.946,9.135,32.116,0.0687,0.0,0.0
ARG,44,2HD,669,31.185,8.704,30.912,0.0687,0.0,0.0
ARG,44,HE,670,31.653,11.348,31.797,0.3456,0.0,0.0
ARG,44,1HH1,671,31.779,8.044,32.985,0.4478,0.0,0.0
ARG,44,2HH1,672,33.048,8.377,34.143,0.4478,0.0,0.0
ARG,44,1HH2,673,33.3,11.767,33.303,0.4478,0.0,0.0
ARG,44,2HH2,674,33.91,10.483,34.323,0.4478,0.0,0.0
MET,45,N,675,28.002,8.309,26.893,-0.4157,0.0,0.0
MET,45,CA,676,27.435,7.173,26.17,-0.0237,0.0,0.0
MET,45,C,677,27.187,6.017,27.136,0.5973,0.0,0.0
MET,45,O,678,28.119,5.541,27.784,-0.5679,0.0,0.0
MET,45,CB,679,28.35,6.729,25.031,0.0342,0.0,0.0
MET,45,CG,680,27.766,5.588,24.191,0.0018,0.0,0.0
MET,45,SD,681,26.316,6.076,23.261,-0.2737,0.0,0.0
MET,45,CE,682,27.06,7.061,22.001,-0.0536,0.0,0.0
MET,45,H,683,28.965,8.575,26.723,0.2719,0.0,0.0
MET,45,HA,684,26.483,7.475,25.732,0.088,0.0,0.0
MET,45,1HB,685,28.549,7.575,24.371,0.0241,0.0,0.0
MET,45,2HB,686,29.308,6.4,25.439,0.0241,0.0,0.0
MET,45,1HG,687,28.507,5.229,23.492,0.044,0.0,0.0
MET,45,2HG,688,27.491,4.764,24.84,0.044,0.0,0.0
MET,45,1HE,689,26.284,7.442,21.336,0.0684,0.0,0.0
MET,45,2HE,690,27.585,7.89,22.459,0.0684,0.0,0.0
MET,45,3HE,691,27.762,6.454,21.429,0.0684,0.0,0.0
GLU,46,N,692,25.957,5.529,27.193,-0.5163,0.0,0.0
GLU,46,CA,693,25.61,4.479,28.137,0.0397,0.0,0.0
GLU,46,C,694,25.329,3.131,27.47,0.5366,0.0,0.0
GLU,46,O,695,24.844,3.078,26.344,-0.5819,0.0,0.0
GLU,46,CB,696,24.387,4.896,28.963,0.056,0.0,0.0
GLU,46,CG,697,24.604,6.077,29.869,0.0136,0.0,0.0
GLU,46,CD,698,23.373,6.43,30.678,0.8054,0.0,0.0
GLU,46,OE1,699,22.346,5.812,30.482,-0.8188,0.0,0.0
GLU,46,OE2,700,23.459,7.318,31.492,-0.8188,0.0,0.0
GLU,46,H,701,25.223,5.947,26.645,0.2936,0.0,0.0
GLU,46,HA,702,26.469,4.347,28.788,0.1105,0.0,0.0
GLU,46,1HB,703,23.565,5.141,28.291,-0.0173,0.0,0.0
GLU,46,2HB,704,24.065,4.068,29.584,-0.0173,0.0,0.0
GLU,46,1HG,705,25.423,5.853,30.551,-0.0425,0.0,0.0
GLU,46,2HG,706,24.894,6.931,29.268,-0.0425,0.0,0.0
PRO,47,N,707,25.643,2.01,28.142,-0.2548,0.0,0.0
PRO,47,CA,708,25.37,0.649,27.708,-0.0266,0.0,0.0
PRO,47,C,709,23.885,0.328,27.783,0.5896,0.0,0.0
PRO,47,O,710,23.196,0.739,28.717,-0.5748,0.0,0.0
PRO,47,CB,711,26.177,-0.194,28.706,-0.007,0.0,0.0
PRO,47,CG,712,26.257,0.647,29.945,0.0189,0.0,0.0
PRO,47,CD,713,26.318,2.071,29.459,0.0192,0.0,0.0
PRO,47,HA,714,25.744,0.511,26.684,0.0641,0.0,0.0
PRO,47,1HB,715,25.665,-1.152,28.877,0.0253,0.0,0.0
PRO,47,2HB,716,27.154,-0.427,28.31,0.0253,0.0,0.0
PRO,47,1HG,717,25.381,0.462,30.583,0.0213,0.0,0.0
PRO,47,2HG,718,27.145,0.368,30.53,0.0213,0.0,0.0
PRO,47,1HD,719,25.778,2.705,30.168,0.0391,0.0,0.0
PRO,47,2HD,720,27.371,2.389,29.368,0.0391,0.0,0.0
ARG,48,N,721,23.405,-0.42,26.801,-0.3479,0.0,0.0
ARG,48,CA,722,22.035,-0.895,26.733,-0.2637,0.0,0.0
ARG,48,C,723,22.006,-2.397,26.486,0.7341,0.0,0.0
ARG,48,O,724,20.944,-2.984,26.276,-0.5894,0.0,0.0
ARG,48,CB,725,21.263,-0.187,25.632,-0.0007,0.0,0.0
ARG,48,CG,726,21.037,1.299,25.878,0.039,0.0,0.0
ARG,48,CD,727,20.089,1.493,27.016,0.0486,0.0,0.0
ARG,48,NE,728,19.815,2.891,27.296,-0.5295,0.0,0.0
ARG,48,CZ,729,20.517,3.658,28.16,0.8076,0.0,0.0
ARG,48,NH1,730,21.53,3.173,28.828,-0.8627,0.0,0.0
ARG,48,NH2,731,20.195,4.92,28.35,-0.8627,0.0,0.0
ARG,48,H,732,24.039,-0.72,26.082,0.2747,0.0,0.0
ARG,48,HA,733,21.547,-0.701,27.688,0.156,0.0,0.0
ARG,48,1HB,734,21.79,-0.288,24.697,0.0327,0.0,0.0
ARG,48,2HB,735,20.288,-0.655,25.507,0.0327,0.0,0.0
ARG,48,1HG,736,21.986,1.781,26.118,0.0285,0.0,0.0
ARG,48,2HG,737,20.617,1.755,24.982,0.0285,0.0,0.0
ARG,48,1HD,738,19.141,1.01,26.781,0.0687,0.0,0.0
ARG,48,2HD,739,20.512,1.051,27.917,0.0687,0.0,0.0
ARG,48,HE,740,19.042,3.323,26.808,0.3456,0.0,0.0
ARG,48,1HH1,741,21.815,2.208,28.714,0.4478,0.0,0.0
ARG,48,2HH1,742,22.031,3.784,29.467,0.4478,0.0,0.0
ARG,48,1HH2,743,19.416,5.327,27.849,0.4478,0.0,0.0
ARG,48,2HH2,744,20.739,5.472,29.004,0.4478,0.0,0.0
ALA,49,N,745,23.186,-3.014,26.499,-0.4157,0.0,0.0
ALA,49,CA,746,23.322,-4.447,26.27,0.0337,0.0,0.0
ALA,49,C,747,24.19,-5.002,27.39,0.5973,0.0,0.0
ALA,49,O,748,25.197,-4.402,27.751,-0.5679,0.0,0.0
ALA,49,CB,749,23.959,-4.755,24.929,-0.1825,0.0,0.0
ALA,49,H,750,24.021,-2.467,26.656,0.2719,0.0,0.0
ALA,49,HA,751,22.348,-4.914,26.273,0.0823,0.0,0.0
ALA,49,1HB,752,24.138,-5.826,24.845,0.0603,0.0,0.0
ALA,49,2HB,753,23.298,-4.44,24.137,0.0603,0.0,0.0
ALA,49,3HB,754,24.903,-4.226,24.844,0.0603,0.0,0.0
PRO,50,N,755,23.976,-6.251,27.79,-0.2548,0.0,0.0
PRO,50,CA,756,24.824,-7.014,28.681,-0.0266,0.0,0.0
PRO,50,C,757,26.282,-7.026,28.236,0.5896,0.0,0.0
PRO,50,O,758,27.146,-6.407,28.852,-0.5748,0.0,0.0
PRO,50,CB,759,24.2,-8.412,28.599,-0.007,0.0,0.0
PRO,50,CG,760,22.751,-8.135,28.367,0.0189,0.0,0.0
PRO,50,CD,761,22.735,-6.968,27.416,0.0192,0.0,0.0
PRO,50,HA,762,24.745,-6.597,29.696,0.0641,0.0,0.0
PRO,50,1HB,763,24.661,-8.993,27.785,0.0253,0.0,0.0
PRO,50,2HB,764,24.391,-8.965,29.529,0.0253,0.0,0.0
PRO,50,1HG,765,22.257,-9.025,27.951,0.0213,0.0,0.0
PRO,50,2HG,766,22.251,-7.911,29.32,0.0213,0.0,0.0
PRO,50,1HD,767,22.769,-7.326,26.377,0.0391,0.0,0.0
PRO,50,2HD,768,21.82,-6.391,27.611,0.0391,0.0,0.0
TRP,51,N,769,26.492,-7.477,27.006,-0.4157,0.0,0.0
TRP,51,CA,770,27.831,-7.686,26.47,-0.0275,0.0,0.0
TRP,51,C,771,28.668,-6.424,26.275,0.5973,0.0,0.0
TRP,51,O,772,29.887,-6.474,26.423,-0.5679,0.0,0.0
TRP,51,CB,773,27.711,-8.393,25.145,-0.005,0.0,0.0
TRP,51,CG,774,27.142,-9.733,25.277,-0.1415,0.0,0.0
TRP,51,CD1,775,25.909,-10.074,24.856,-0.1638,0.0,0.0
TRP,51,CD2,776,27.723,-10.922,25.846,0.1243,0.0,0.0
TRP,51,CE2,777,26.761,-11.932,25.722,0.138,0.0,0.0
TRP,51,CE3,778,28.954,-11.217,26.438,-0.2387,0.0,0.0
TRP,51,NE1,779,25.66,-11.383,25.114,-0.3418,0.0,0.0
TRP,51,CZ2,780,26.994,-13.216,26.173,-0.2601,0.0,0.0
TRP,51,CZ3,781,29.185,-12.509,26.89,-0.1972,0.0,0.0
TRP,51,CH2,782,28.228,-13.484,26.759,-0.1134,0.0,0.0
TRP,51,H,783,25.706,-7.844,26.486,0.2719,0.0,0.0
TRP,51,HA,784,28.379,-8.307,27.177,0.1123,0.0,0.0
TRP,51,1HB,785,27.081,-7.807,24.475,0.0339,0.0,0.0
TRP,51,2HB,786,28.697,-8.472,24.683,0.0339,0.0,0.0
TRP,51,HD1,787,25.207,-9.391,24.376,0.2062,0.0,0.0
TRP,51,HE1,788,24.802,-11.844,24.886,0.3412,0.0,0.0
TRP,51,HE3,789,29.715,-10.446,26.541,0.17,0.0,0.0
TRP,51,HZ2,790,26.247,-14.001,26.077,0.1572,0.0,0.0
TRP,51,HZ3,791,30.148,-12.73,27.352,0.1447,0.0,0.0
TRP,51,HH2,792,28.44,-14.49,27.122,0.1417,0.0,0.0
ILE,52,N,793,28.045,-5.3,25.917,-0.4157,0.0,0.0
ILE,52,CA,794,28.822,-4.086,25.64,-0.0597,0.0,0.0
ILE,52,C,795,29.466,-3.523,26.902,0.5973,0.0,0.0
ILE,52,O,796,30.466,-2.813,26.826,-0.5679,0.0,0.0
ILE,52,CB,797,27.98,-2.964,24.992,0.1303,0.0,0.0
ILE,52,CG1,798,28.899,-1.955,24.291,-0.043,0.0,0.0
ILE,52,CG2,799,27.131,-2.274,25.991,-0.3204,0.0,0.0
ILE,52,CD1,800,29.649,-2.54,23.107,-0.066,0.0,0.0
ILE,52,H,801,27.038,-5.287,25.83,0.2719,0.0,0.0
ILE,52,HA,802,29.62,-4.344,24.944,0.0869,0.0,0.0
ILE,52,HB,803,27.354,-3.38,24.254,0.0187,0.0,0.0
ILE,52,1HG1,804,28.299,-1.113,23.944,0.0236,0.0,0.0
ILE,52,2HG1,805,29.626,-1.576,25.011,0.0236,0.0,0.0
ILE,52,1HG2,806,26.558,-1.496,25.504,0.0882,0.0,0.0
ILE,52,2HG2,807,26.471,-2.974,26.435,0.0882,0.0,0.0
ILE,52,3HG2,808,27.757,-1.838,26.748,0.0882,0.0,0.0
ILE,52,1HD1,809,30.276,-1.778,22.66,0.0186,0.0,0.0
ILE,52,2HD1,810,30.273,-3.368,23.443,0.0186,0.0,0.0
ILE,52,3HD1,811,28.935,-2.9,22.366,0.0186,0.0,0.0
GLU,53,N,812,28.926,-3.885,28.068,-0.5163,0.0,0.0
GLU,53,CA,813,29.453,-3.424,29.35,0.0397,0.0,0.0
GLU,53,C,814,30.884,-3.886,29.586,0.5366,0.0,0.0
GLU,53,O,815,31.608,-3.289,30.384,-0.5819,0.0,0.0
GLU,53,CB,816,28.578,-3.908,30.505,0.056,0.0,0.0
GLU,53,CG,817,27.202,-3.272,30.56,0.0136,0.0,0.0
GLU,53,CD,818,26.36,-3.795,31.694,0.8054,0.0,0.0
GLU,53,OE1,819,26.801,-4.692,32.374,-0.8188,0.0,0.0
GLU,53,OE2,820,25.274,-3.297,31.882,-0.8188,0.0,0.0
GLU,53,H,821,28.175,-4.562,28.078,0.2936,0.0,0.0
GLU,53,HA,822,29.46,-2.334,29.346,0.1105,0.0,0.0
GLU,53,1HB,823,28.445,-4.981,30.432,-0.0173,0.0,0.0
GLU,53,2HB,824,29.079,-3.704,31.45,-0.0173,0.0,0.0
GLU,53,1HG,825,27.317,-2.198,30.674,-0.0425,0.0,0.0
GLU,53,2HG,826,26.692,-3.458,29.619,-0.0425,0.0,0.0
GLN,54,N,827,31.288,-4.955,28.906,-0.4157,0.0,0.0
GLN,54,CA,828,32.621,-5.517,29.062,-0.0031,0.0,0.0
GLN,54,C,829,33.704,-4.561,28.55,0.5973,0.0,0.0
GLN,54,O,830,34.882,-4.725,28.867,-0.5679,0.0,0.0
GLN,54,CB,831,32.708,-6.854,28.325,-0.0036,0.0,0.0
GLN,54,CG,832,31.856,-7.956,28.934,-0.0645,0.0,0.0
GLN,54,CD,833,31.948,-9.251,28.155,0.6951,0.0,0.0
GLN,54,NE2,834,31.755,-10.37,28.844,-0.9407,0.0,0.0
GLN,54,OE1,835,32.19,-9.249,26.945,-0.6086,0.0,0.0
GLN,54,H,836,30.655,-5.402,28.254,0.2719,0.0,0.0
GLN,54,HA,837,32.798,-5.691,30.122,0.085,0.0,0.0
GLN,54,1HB,838,32.396,-6.72,27.29,0.0171,0.0,0.0
GLN,54,2HB,839,33.743,-7.196,28.313,0.0171,0.0,0.0
GLN,54,1HG,840,32.196,-8.144,29.951,0.0352,0.0,0.0
GLN,54,2HG,841,30.812,-7.632,28.941,0.0352,0.0,0.0
GLN,54,1HE2,842,31.803,-11.257,28.384,0.4251,0.0,0.0
GLN,54,2HE2,843,31.561,-10.327,29.825,0.4251,0.0,0.0
GLU,55,N,844,33.304,-3.592,27.722,-0.5163,0.0,0.0
GLU,55,CA,845,34.242,-2.637,27.145,0.0397,0.0,0.0
GLU,55,C,846,34.84,-1.733,28.224,0.5366,0.0,0.0
GLU,55,O,847,34.13,-1.213,29.091,-0.5819,0.0,0.0
GLU,55,CB,848,33.547,-1.794,26.084,0.056,0.0,0.0
GLU,55,CG,849,33.114,-2.564,24.835,0.0136,0.0,0.0
GLU,55,CD,850,34.275,-3.011,23.978,0.8054,0.0,0.0
GLU,55,OE1,851,35.349,-2.484,24.139,-0.8188,0.0,0.0
GLU,55,OE2,852,34.083,-3.881,23.162,-0.8188,0.0,0.0
GLU,55,H,853,32.325,-3.501,27.492,0.2936,0.0,0.0
GLU,55,HA,854,35.065,-3.188,26.69,0.1105,0.0,0.0
GLU,55,1HB,855,32.658,-1.332,26.51,-0.0173,0.0,0.0
GLU,55,2HB,856,34.207,-1.019,25.782,-0.0173,0.0,0.0
GLU,55,1HG,857,32.548,-3.444,25.143,-0.0425,0.0,0.0
GLU,55,2HG,858,32.458,-1.931,24.245,-0.0425,0.0,0.0
GLY,56,N,859,36.164,-1.575,28.173,-0.4157,0.0,0.0
GLY,56,CA,860,36.899,-0.764,29.142,-0.0252,0.0,0.0
GLY,56,C,861,36.539,0.724,29.039,0.5973,0.0,0.0
GLY,56,O,862,35.909,1.137,28.066,-0.5679,0.0,0.0
GLY,56,H,863,36.681,-2.046,27.444,0.2719,0.0,0.0
GLY,56,1HA,864,36.656,-1.148,30.127,0.0698,0.0,0.0
GLY,56,2HA,865,37.969,-0.886,28.982,0.0698,0.0,0.0
PRO,57,N,866,36.834,1.524,30.078,-0.2548,0.0,0.0
PRO,57,CA,867,36.609,2.959,30.188,-0.0266,0.0,0.0
PRO,57,C,868,37.055,3.765,28.97,0.5896,0.0,0.0
PRO,57,O,869,36.459,4.796,28.669,-0.5748,0.0,0.0
PRO,57,CB,870,37.441,3.333,31.418,-0.007,0.0,0.0
PRO,57,CG,871,37.428,2.107,32.259,0.0189,0.0,0.0
PRO,57,CD,872,37.531,0.965,31.275,0.0192,0.0,0.0
PRO,57,HA,873,35.537,3.136,30.357,0.0641,0.0,0.0
PRO,57,1HB,874,38.456,3.628,31.111,0.0253,0.0,0.0
PRO,57,2HB,875,36.993,4.201,31.925,0.0253,0.0,0.0
PRO,57,1HG,876,38.266,2.126,32.97,0.0213,0.0,0.0
PRO,57,2HG,877,36.505,2.066,32.856,0.0213,0.0,0.0
PRO,57,1HD,878,38.588,0.746,31.066,0.0391,0.0,0.0
PRO,57,2HD,879,37.026,0.101,31.709,0.0391,0.0,0.0
GLU,58,N,880,38.091,3.299,28.269,-0.5163,0.0,0.0
GLU,58,CA,881,38.615,4.024,27.112,0.0397,0.0,0.0
GLU,58,C,882,37.693,3.943,25.906,0.5366,0.0,0.0
GLU,58,O,883,37.382,4.943,25.265,-0.5819,0.0,0.0
GLU,58,CB,884,39.993,3.485,26.738,0.056,0.0,0.0
GLU,58,CG,885,41.066,3.756,27.778,0.0136,0.0,0.0
GLU,58,CD,886,42.411,3.208,27.388,0.8054,0.0,0.0
GLU,58,OE1,887,42.501,2.577,26.362,-0.8188,0.0,0.0
GLU,58,OE2,888,43.35,3.42,28.119,-0.8188,0.0,0.0
GLU,58,H,889,38.533,2.436,28.554,0.2936,0.0,0.0
GLU,58,HA,890,38.705,5.077,27.381,0.1105,0.0,0.0
GLU,58,1HB,891,39.933,2.408,26.587,-0.0173,0.0,0.0
GLU,58,2HB,892,40.315,3.932,25.797,-0.0173,0.0,0.0
GLU,58,1HG,893,41.153,4.832,27.922,-0.0425,0.0,0.0
GLU,58,2HG,894,40.757,3.311,28.725,-0.0425,0.0,0.0
TYR,59,N,895,36.92,2.869,25.855,-0.4157,0.0,0.0
TYR,59,CA,896,35.874,2.731,24.859,-0.0014,0.0,0.0
TYR,59,C,897,34.826,3.787,25.027,0.5973,0.0,0.0
TYR,59,O,898,34.553,4.567,24.121,-0.5679,0.0,0.0
TYR,59,CB,899,35.244,1.346,24.938,-0.0152,0.0,0.0
TYR,59,CG,900,34.054,1.125,24.022,-0.0011,0.0,0.0
TYR,59,CD1,901,34.221,0.837,22.684,-0.1906,0.0,0.0
TYR,59,CD2,902,32.781,1.219,24.555,-0.1906,0.0,0.0
TYR,59,CE1,903,33.108,0.642,21.882,-0.2341,0.0,0.0
TYR,59,CE2,904,31.677,1.027,23.768,-0.2341,0.0,0.0
TYR,59,CZ,905,31.826,0.741,22.439,0.3226,0.0,0.0
TYR,59,OH,906,30.713,0.55,21.654,-0.5579,0.0,0.0
TYR,59,H,907,36.98,2.176,26.587,0.2719,0.0,0.0
TYR,59,HA,908,36.333,2.773,23.871,0.0876,0.0,0.0
TYR,59,1HB,909,35.993,0.594,24.692,0.0295,0.0,0.0
TYR,59,2HB,910,34.915,1.158,25.944,0.0295,0.0,0.0
TYR,59,HD1,911,35.222,0.762,22.261,0.1699,0.0,0.0
TYR,59,HD2,912,32.663,1.446,25.599,0.1699,0.0,0.0
TYR,59,HE1,913,33.235,0.414,20.828,0.1656,0.0,0.0
TYR,59,HE2,914,30.68,1.105,24.199,0.1656,0.0,0.0
TYR,59,HH,915,30.985,0.329,20.761,0.3992,0.0,0.0
TRP,60,N,916,34.338,3.874,26.254,-0.4157,0.0,0.0
TRP,60,CA,917,33.248,4.762,26.596,-0.0275,0.0,0.0
TRP,60,C,918,33.66,6.223,26.469,0.5973,0.0,0.0
TRP,60,O,919,32.92,7.014,25.893,-0.5679,0.0,0.0
TRP,60,CB,920,32.811,4.445,28.013,-0.005,0.0,0.0
TRP,60,CG,921,32.261,3.063,28.084,-0.1415,0.0,0.0
TRP,60,CD1,922,32.828,2.009,28.727,-0.1638,0.0,0.0
TRP,60,CD2,923,31.03,2.566,27.494,0.1243,0.0,0.0
TRP,60,CE2,924,30.94,1.212,27.832,0.138,0.0,0.0
TRP,60,CE3,925,30.009,3.152,26.718,-0.2387,0.0,0.0
TRP,60,NE1,926,32.05,0.888,28.586,-0.3418,0.0,0.0
TRP,60,CZ2,927,29.877,0.437,27.421,-0.2601,0.0,0.0
TRP,60,CZ3,928,28.947,2.359,26.314,-0.1972,0.0,0.0
TRP,60,CH2,929,28.885,1.047,26.655,-0.1134,0.0,0.0
TRP,60,H,930,34.667,3.199,26.94,0.2719,0.0,0.0
TRP,60,HA,931,32.425,4.585,25.905,0.1123,0.0,0.0
TRP,60,1HB,932,33.66,4.541,28.693,0.0339,0.0,0.0
TRP,60,2HB,933,32.056,5.16,28.339,0.0339,0.0,0.0
TRP,60,HD1,934,33.763,2.046,29.274,0.2062,0.0,0.0
TRP,60,HE1,935,32.278,-0.02,28.981,0.3412,0.0,0.0
TRP,60,HE3,936,30.053,4.205,26.443,0.17,0.0,0.0
TRP,60,HZ2,937,29.802,-0.612,27.679,0.1572,0.0,0.0
TRP,60,HZ3,938,28.161,2.808,25.715,0.1447,0.0,0.0
TRP,60,HH2,939,28.038,0.461,26.321,0.1417,0.0,0.0
ASP,61,N,940,34.92,6.534,26.807,-0.5163,0.0,0.0
ASP,61,CA,941,35.367,7.921,26.722,0.0381,0.0,0.0
ASP,61,C,942,35.358,8.385,25.275,0.5366,0.0,0.0
ASP,61,O,943,34.855,9.463,24.965,-0.5819,0.0,0.0
ASP,61,CB,944,36.771,8.094,27.309,-0.0303,0.0,0.0
ASP,61,CG,945,36.798,8.013,28.834,0.7994,0.0,0.0
ASP,61,OD1,946,35.75,8.077,29.432,-0.8014,0.0,0.0
ASP,61,OD2,947,37.867,7.886,29.383,-0.8014,0.0,0.0
ASP,61,H,948,35.458,5.884,27.357,0.2936,0.0,0.0
ASP,61,HA,949,34.677,8.547,27.287,0.088,0.0,0.0
ASP,61,1HB,950,37.429,7.321,26.907,-0.0122,0.0,0.0
ASP,61,2HB,951,37.175,9.062,27.006,-0.0122,0.0,0.0
GLN,62,N,952,35.801,7.503,24.377,-0.4157,0.0,0.0
GLN,62,CA,953,35.829,7.791,22.951,-0.0031,0.0,0.0
GLN,62,C,954,34.435,7.93,22.374,0.5973,0.0,0.0
GLN,62,O,955,34.17,8.875,21.637,-0.5679,0.0,0.0
GLN,62,CB,956,36.593,6.695,22.211,-0.0036,0.0,0.0
GLN,62,CG,957,38.082,6.684,22.497,-0.0645,0.0,0.0
GLN,62,CD,958,38.785,5.513,21.844,0.6951,0.0,0.0
GLN,62,NE2,959,40.062,5.693,21.527,-0.9407,0.0,0.0
GLN,62,OE1,960,38.188,4.455,21.626,-0.6086,0.0,0.0
GLN,62,H,961,36.117,6.596,24.694,0.2719,0.0,0.0
GLN,62,HA,962,36.348,8.739,22.803,0.085,0.0,0.0
GLN,62,1HB,963,36.189,5.722,22.484,0.0171,0.0,0.0
GLN,62,2HB,964,36.454,6.817,21.137,0.0171,0.0,0.0
GLN,62,1HG,965,38.521,7.604,22.114,0.0352,0.0,0.0
GLN,62,2HG,966,38.236,6.617,23.571,0.0352,0.0,0.0
GLN,62,1HE2,967,40.579,4.955,21.092,0.4251,0.0,0.0
GLN,62,2HE2,968,40.508,6.567,21.721,0.4251,0.0,0.0
GLU,63,N,969,33.503,7.102,22.852,-0.5163,0.0,0.0
GLU,63,CA,970,32.159,7.119,22.297,0.0397,0.0,0.0
GLU,63,C,971,31.451,8.399,22.686,0.5366,0.0,0.0
GLU,63,O,972,30.861,9.063,21.84,-0.5819,0.0,0.0
GLU,63,CB,973,31.333,5.922,22.765,0.056,0.0,0.0
GLU,63,CG,974,31.775,4.581,22.21,0.0136,0.0,0.0
GLU,63,CD,975,31.669,4.505,20.714,0.8054,0.0,0.0
GLU,63,OE1,976,30.625,4.82,20.195,-0.8188,0.0,0.0
GLU,63,OE2,977,32.632,4.132,20.088,-0.8188,0.0,0.0
GLU,63,H,978,33.803,6.282,23.358,0.2936,0.0,0.0
GLU,63,HA,979,32.23,7.086,21.21,0.1105,0.0,0.0
GLU,63,1HB,980,31.371,5.856,23.854,-0.0173,0.0,0.0
GLU,63,2HB,981,30.299,6.072,22.481,-0.0173,0.0,0.0
GLU,63,1HG,982,32.799,4.4,22.492,-0.0425,0.0,0.0
GLU,63,2HG,983,31.163,3.799,22.655,-0.0425,0.0,0.0
THR,64,N,984,31.78,8.89,23.882,-0.4157,0.0,0.0
THR,64,CA,985,31.149,10.09,24.4,-0.0389,0.0,0.0
THR,64,C,986,31.629,11.306,23.624,0.5973,0.0,0.0
THR,64,O,987,30.831,12.104,23.139,-0.5679,0.0,0.0
THR,64,CB,988,31.438,10.3,25.885,0.3654,0.0,0.0
THR,64,CG2,989,30.771,11.581,26.331,-0.2438,0.0,0.0
THR,64,OG1,990,30.928,9.185,26.644,-0.6761,0.0,0.0
THR,64,H,991,32.193,8.257,24.55,0.2719,0.0,0.0
THR,64,HA,992,30.071,9.996,24.283,0.1007,0.0,0.0
THR,64,HB,993,32.514,10.363,26.043,0.0043,0.0,0.0
THR,64,HG1,994,31.353,8.375,26.349,0.4102,0.0,0.0
THR,64,1HG2,995,30.967,11.747,27.388,0.0642,0.0,0.0
THR,64,2HG2,996,31.168,12.417,25.754,0.0642,0.0,0.0
THR,64,3HG2,997,29.701,11.505,26.169,0.0642,0.0,0.0
ARG,65,N,998,32.925,11.338,23.339,-0.3479,0.0,0.0
ARG,65,CA,999,33.502,12.475,22.641,-0.2637,0.0,0.0
ARG,65,C,1000,32.989,12.545,21.211,0.7341,0.0,0.0
ARG,65,O,1001,32.63,13.619,20.723,-0.5894,0.0,0.0
ARG,65,CB,1002,35.018,12.364,22.64,-0.0007,0.0,0.0
ARG,65,CG,1003,35.668,12.58,23.995,0.039,0.0,0.0
ARG,65,CD,1004,37.128,12.321,23.948,0.0486,0.0,0.0
ARG,65,NE,1005,37.755,12.509,25.245,-0.5295,0.0,0.0
ARG,65,CZ,1006,39.033,12.193,25.531,0.8076,0.0,0.0
ARG,65,NH1,1007,39.807,11.677,24.601,-0.8627,0.0,0.0
ARG,65,NH2,1008,39.51,12.403,26.746,-0.8627,0.0,0.0
ARG,65,H,1009,33.545,10.702,23.824,0.2747,0.0,0.0
ARG,65,HA,1010,33.217,13.389,23.165,0.156,0.0,0.0
ARG,65,1HB,1011,35.308,11.375,22.284,0.0327,0.0,0.0
ARG,65,2HB,1012,35.435,13.098,21.951,0.0327,0.0,0.0
ARG,65,1HG,1013,35.511,13.61,24.314,0.0285,0.0,0.0
ARG,65,2HG,1014,35.226,11.906,24.723,0.0285,0.0,0.0
ARG,65,1HD,1015,37.303,11.293,23.628,0.0687,0.0,0.0
ARG,65,2HD,1016,37.595,13.007,23.242,0.0687,0.0,0.0
ARG,65,HE,1017,37.191,12.903,25.988,0.3456,0.0,0.0
ARG,65,1HH1,1018,39.442,11.517,23.673,0.4478,0.0,0.0
ARG,65,2HH1,1019,40.765,11.441,24.815,0.4478,0.0,0.0
ARG,65,1HH2,1020,38.916,12.8,27.461,0.4478,0.0,0.0
ARG,65,2HH2,1021,40.468,12.166,26.959,0.4478,0.0,0.0
ASN,66,N,1022,32.797,11.373,20.611,-0.4157,0.0,0.0
ASN,66,CA,1023,32.38,11.279,19.226,0.0143,0.0,0.0
ASN,66,C,1024,30.922,11.658,19.05,0.5973,0.0,0.0
ASN,66,O,1025,30.603,12.53,18.247,-0.5679,0.0,0.0
ASN,66,CB,1026,32.633,9.881,18.694,-0.2041,0.0,0.0
ASN,66,CG,1027,34.096,9.6,18.484,0.713,0.0,0.0
ASN,66,ND2,1028,34.445,8.342,18.402,-0.9191,0.0,0.0
ASN,66,OD1,1029,34.911,10.527,18.395,-0.5931,0.0,0.0
ASN,66,H,1030,33.162,10.541,21.055,0.2719,0.0,0.0
ASN,66,HA,1031,32.965,11.988,18.64,0.1048,0.0,0.0
ASN,66,1HB,1032,32.23,9.147,19.394,0.0797,0.0,0.0
ASN,66,2HB,1033,32.111,9.754,17.746,0.0797,0.0,0.0
ASN,66,1HD2,1034,35.406,8.097,18.262,0.4196,0.0,0.0
ASN,66,2HD2,1035,33.753,7.625,18.478,0.4196,0.0,0.0
VAL,67,N,1036,30.063,11.115,19.913,-0.4157,0.0,0.0
VAL,67,CA,1037,28.633,11.354,19.804,-0.0875,0.0,0.0
VAL,67,C,1038,28.321,12.804,20.141,0.5973,0.0,0.0
VAL,67,O,1039,27.472,13.418,19.5,-0.5679,0.0,0.0
VAL,67,CB,1040,27.839,10.43,20.748,0.2985,0.0,0.0
VAL,67,CG1,1041,27.993,10.833,22.178,-0.3192,0.0,0.0
VAL,67,CG2,1042,26.391,10.456,20.337,-0.3192,0.0,0.0
VAL,67,H,1043,30.385,10.377,20.521,0.2719,0.0,0.0
VAL,67,HA,1044,28.322,11.147,18.785,0.0969,0.0,0.0
VAL,67,HB,1045,28.228,9.418,20.672,-0.0297,0.0,0.0
VAL,67,1HG1,1046,27.426,10.165,22.804,0.0791,0.0,0.0
VAL,67,2HG1,1047,29.014,10.784,22.44,0.0791,0.0,0.0
VAL,67,3HG1,1048,27.632,11.84,22.319,0.0791,0.0,0.0
VAL,67,1HG2,1049,25.822,9.813,20.988,0.0791,0.0,0.0
VAL,67,2HG2,1050,26.011,11.476,20.41,0.0791,0.0,0.0
VAL,67,3HG2,1051,26.3,10.108,19.313,0.0791,0.0,0.0
LYS,68,N,1052,29.132,13.401,21.018,-0.3479,0.0,0.0
LYS,68,CA,1053,28.922,14.786,21.385,-0.24,0.0,0.0
LYS,68,C,1054,29.133,15.643,20.154,0.7341,0.0,0.0
LYS,68,O,1055,28.312,16.501,19.838,-0.5894,0.0,0.0
LYS,68,CB,1056,29.867,15.198,22.509,-0.0094,0.0,0.0
LYS,68,CG,1057,29.678,16.625,22.988,0.0187,0.0,0.0
LYS,68,CD,1058,30.591,16.936,24.162,-0.0479,0.0,0.0
LYS,68,CE,1059,30.418,18.372,24.631,-0.0143,0.0,0.0
LYS,68,NZ,1060,31.304,18.687,25.783,-0.3854,0.0,0.0
LYS,68,H,1061,29.746,12.837,21.589,0.2747,0.0,0.0
LYS,68,HA,1062,27.903,14.903,21.757,0.1426,0.0,0.0
LYS,68,1HB,1063,29.727,14.534,23.363,0.0362,0.0,0.0
LYS,68,2HB,1064,30.899,15.088,22.175,0.0362,0.0,0.0
LYS,68,1HG,1065,29.9,17.316,22.17,0.0103,0.0,0.0
LYS,68,2HG,1066,28.643,16.771,23.293,0.0103,0.0,0.0
LYS,68,1HD,1067,30.363,16.261,24.989,0.0621,0.0,0.0
LYS,68,2HD,1068,31.629,16.782,23.865,0.0621,0.0,0.0
LYS,68,1HE,1069,30.65,19.047,23.808,0.1135,0.0,0.0
LYS,68,2HE,1070,29.381,18.529,24.928,0.1135,0.0,0.0
LYS,68,1HZ,1071,31.161,19.646,26.066,0.34,0.0,0.0
LYS,68,2HZ,1072,31.085,18.073,26.555,0.34,0.0,0.0
LYS,68,3HZ,1073,32.268,18.557,25.513,0.34,0.0,0.0
ALA,69,N,1074,30.209,15.347,19.42,-0.4157,0.0,0.0
ALA,69,CA,1075,30.564,16.11,18.233,0.0337,0.0,0.0
ALA,69,C,1076,29.457,15.991,17.191,0.5973,0.0,0.0
ALA,69,O,1077,29.033,16.993,16.617,-0.5679,0.0,0.0
ALA,69,CB,1078,31.892,15.625,17.674,-0.1825,0.0,0.0
ALA,69,H,1079,30.896,14.709,19.802,0.2719,0.0,0.0
ALA,69,HA,1080,30.666,17.161,18.503,0.0823,0.0,0.0
ALA,69,1HB,1081,32.139,16.198,16.782,0.0603,0.0,0.0
ALA,69,2HB,1082,32.671,15.763,18.423,0.0603,0.0,0.0
ALA,69,3HB,1083,31.818,14.573,17.419,0.0603,0.0,0.0
GLN,70,N,1084,28.859,14.797,17.1,-0.4157,0.0,0.0
GLN,70,CA,1085,27.803,14.546,16.124,-0.0031,0.0,0.0
GLN,70,C,1086,26.571,15.384,16.446,0.5973,0.0,0.0
GLN,70,O,1087,26.009,16.025,15.56,-0.5679,0.0,0.0
GLN,70,CB,1088,27.431,13.06,16.091,-0.0036,0.0,0.0
GLN,70,CG,1089,28.512,12.155,15.475,-0.0645,0.0,0.0
GLN,70,CD,1090,28.142,10.692,15.525,0.6951,0.0,0.0
GLN,70,NE2,1091,28.148,10.031,14.379,-0.9407,0.0,0.0
GLN,70,OE1,1092,27.848,10.14,16.58,-0.6086,0.0,0.0
GLN,70,H,1093,29.301,14.005,17.546,0.2719,0.0,0.0
GLN,70,HA,1094,28.165,14.833,15.137,0.085,0.0,0.0
GLN,70,1HB,1095,27.237,12.709,17.098,0.0171,0.0,0.0
GLN,70,2HB,1096,26.513,12.926,15.518,0.0171,0.0,0.0
GLN,70,1HG,1097,28.653,12.434,14.432,0.0352,0.0,0.0
GLN,70,2HG,1098,29.438,12.288,16.023,0.0352,0.0,0.0
GLN,70,1HE2,1099,27.909,9.057,14.368,0.4251,0.0,0.0
GLN,70,2HE2,1100,28.391,10.502,13.53,0.4251,0.0,0.0
SER,71,N,1101,26.307,15.568,17.744,-0.4157,0.0,0.0
SER,71,CA,1102,25.142,16.331,18.175,-0.0249,0.0,0.0
SER,71,C,1103,25.328,17.794,17.814,0.5973,0.0,0.0
SER,71,O,1104,24.428,18.418,17.26,-0.5679,0.0,0.0
SER,71,CB,1105,24.93,16.184,19.671,0.2117,0.0,0.0
SER,71,OG,1106,24.587,14.864,20.004,-0.6546,0.0,0.0
SER,71,H,1107,26.751,14.953,18.411,0.2719,0.0,0.0
SER,71,HA,1108,24.257,15.936,17.673,0.0843,0.0,0.0
SER,71,1HB,1109,25.835,16.466,20.196,0.0352,0.0,0.0
SER,71,2HB,1110,24.145,16.856,19.993,0.0352,0.0,0.0
SER,71,HG,1111,25.322,14.318,19.713,0.4275,0.0,0.0
GLN,72,N,1112,26.562,18.28,17.979,-0.4157,0.0,0.0
GLN,72,CA,1113,26.891,19.676,17.702,-0.0031,0.0,0.0
GLN,72,C,1114,26.729,19.974,16.215,0.5973,0.0,0.0
GLN,72,O,1115,26.127,20.976,15.835,-0.5679,0.0,0.0
GLN,72,CB,1116,28.32,19.985,18.157,-0.0036,0.0,0.0
GLN,72,CG,1117,28.498,19.981,19.667,-0.0645,0.0,0.0
GLN,72,CD,1118,29.941,20.184,20.085,0.6951,0.0,0.0
GLN,72,NE2,1119,30.139,20.752,21.268,-0.9407,0.0,0.0
GLN,72,OE1,1120,30.871,19.834,19.353,-0.6086,0.0,0.0
GLN,72,H,1121,27.228,17.724,18.497,0.2719,0.0,0.0
GLN,72,HA,1122,26.213,20.314,18.27,0.085,0.0,0.0
GLN,72,1HB,1123,29.003,19.255,17.735,0.0171,0.0,0.0
GLN,72,2HB,1124,28.616,20.964,17.782,0.0171,0.0,0.0
GLN,72,1HG,1125,27.902,20.788,20.093,0.0352,0.0,0.0
GLN,72,2HG,1126,28.165,19.023,20.058,0.0352,0.0,0.0
GLN,72,1HE2,1127,31.07,20.912,21.599,0.4251,0.0,0.0
GLN,72,2HE2,1128,29.357,21.021,21.831,0.4251,0.0,0.0
THR,73,N,1129,27.069,18.992,15.379,-0.4157,0.0,0.0
THR,73,CA,1130,26.953,19.157,13.938,-0.0389,0.0,0.0
THR,73,C,1131,25.491,19.3,13.546,0.5973,0.0,0.0
THR,73,O,1132,25.124,20.239,12.839,-0.5679,0.0,0.0
THR,73,CB,1133,27.586,17.978,13.173,0.3654,0.0,0.0
THR,73,CG2,1134,27.389,18.16,11.68,-0.2438,0.0,0.0
THR,73,OG1,1135,28.988,17.908,13.466,-0.6761,0.0,0.0
THR,73,H,1136,27.575,18.194,15.744,0.2719,0.0,0.0
THR,73,HA,1137,27.467,20.073,13.65,0.1007,0.0,0.0
THR,73,HB,1138,27.118,17.049,13.489,0.0043,0.0,0.0
THR,73,HG1,1139,29.11,17.779,14.411,0.4102,0.0,0.0
THR,73,1HG2,1140,27.839,17.323,11.15,0.0642,0.0,0.0
THR,73,2HG2,1141,26.321,18.203,11.457,0.0642,0.0,0.0
THR,73,3HG2,1142,27.863,19.088,11.362,0.0642,0.0,0.0
ASP,74,N,1143,24.648,18.445,14.133,-0.5163,0.0,0.0
ASP,74,CA,1144,23.229,18.429,13.801,0.0381,0.0,0.0
ASP,74,C,1145,22.546,19.689,14.321,0.5366,0.0,0.0
ASP,74,O,1146,21.7,20.263,13.639,-0.5819,0.0,0.0
ASP,74,CB,1147,22.555,17.182,14.364,-0.0303,0.0,0.0
ASP,74,CG,1148,22.949,15.902,13.611,0.7994,0.0,0.0
ASP,74,OD1,1149,23.535,16.01,12.558,-0.8014,0.0,0.0
ASP,74,OD2,1150,22.661,14.836,14.097,-0.8014,0.0,0.0
ASP,74,H,1151,25.033,17.651,14.627,0.2936,0.0,0.0
ASP,74,HA,1152,23.128,18.417,12.715,0.088,0.0,0.0
ASP,74,1HB,1153,22.821,17.067,15.414,-0.0122,0.0,0.0
ASP,74,2HB,1154,21.474,17.304,14.31,-0.0122,0.0,0.0
ARG,75,N,1155,23.096,20.249,15.403,-0.3479,0.0,0.0
ARG,75,CA,1156,22.54,21.445,16.018,-0.2637,0.0,0.0
ARG,75,C,1157,22.585,22.574,15.012,0.7341,0.0,0.0
ARG,75,O,1158,21.572,23.215,14.715,-0.5894,0.0,0.0
ARG,75,CB,1159,23.328,21.823,17.267,-0.0007,0.0,0.0
ARG,75,CG,1160,22.808,23.005,18.03,0.039,0.0,0.0
ARG,75,CD,1161,23.637,23.269,19.231,0.0486,0.0,0.0
ARG,75,NE,1162,24.992,23.655,18.877,-0.5295,0.0,0.0
ARG,75,CZ,1163,26.035,23.652,19.73,0.8076,0.0,0.0
ARG,75,NH1,1164,25.861,23.28,20.98,-0.8627,0.0,0.0
ARG,75,NH2,1165,27.233,24.021,19.311,-0.8627,0.0,0.0
ARG,75,H,1166,23.708,19.68,15.968,0.2747,0.0,0.0
ARG,75,HA,1167,21.517,21.24,16.333,0.156,0.0,0.0
ARG,75,1HB,1168,23.351,20.995,17.952,0.0327,0.0,0.0
ARG,75,2HB,1169,24.348,22.041,17.0,0.0327,0.0,0.0
ARG,75,1HG,1170,22.828,23.888,17.39,0.0285,0.0,0.0
ARG,75,2HG,1171,21.794,22.813,18.345,0.0285,0.0,0.0
ARG,75,1HD,1172,23.192,24.078,19.81,0.0687,0.0,0.0
ARG,75,2HD,1173,23.686,22.367,19.842,0.0687,0.0,0.0
ARG,75,HE,1174,25.165,23.946,17.924,0.3456,0.0,0.0
ARG,75,1HH1,1175,24.945,22.998,21.3,0.4478,0.0,0.0
ARG,75,2HH1,1176,26.642,23.278,21.619,0.4478,0.0,0.0
ARG,75,1HH2,1177,27.366,24.306,18.352,0.4478,0.0,0.0
ARG,75,2HH2,1178,28.013,24.019,19.951,0.4478,0.0,0.0
VAL,76,N,1179,23.732,22.663,14.344,-0.4157,0.0,0.0
VAL,76,CA,1180,23.982,23.704,13.371,-0.0875,0.0,0.0
VAL,76,C,1181,23.065,23.532,12.18,0.5973,0.0,0.0
VAL,76,O,1182,22.438,24.494,11.735,-0.5679,0.0,0.0
VAL,76,CB,1183,25.443,23.663,12.903,0.2985,0.0,0.0
VAL,76,CG1,1184,25.639,24.636,11.751,-0.3192,0.0,0.0
VAL,76,CG2,1185,26.344,23.996,14.077,-0.3192,0.0,0.0
VAL,76,H,1186,24.533,22.173,14.728,0.2719,0.0,0.0
VAL,76,HA,1187,23.805,24.672,13.84,0.0969,0.0,0.0
VAL,76,HB,1188,25.683,22.673,12.528,-0.0297,0.0,0.0
VAL,76,1HG1,1189,26.677,24.605,11.42,0.0791,0.0,0.0
VAL,76,2HG1,1190,24.986,24.355,10.922,0.0791,0.0,0.0
VAL,76,3HG1,1191,25.394,25.645,12.081,0.0791,0.0,0.0
VAL,76,1HG2,1192,27.384,23.969,13.757,0.0791,0.0,0.0
VAL,76,2HG2,1193,26.105,24.991,14.45,0.0791,0.0,0.0
VAL,76,3HG2,1194,26.192,23.267,14.868,0.0791,0.0,0.0
ASP,77,N,1195,22.917,22.276,11.733,-0.5163,0.0,0.0
ASP,77,CA,1196,22.1,21.964,10.569,0.0381,0.0,0.0
ASP,77,C,1197,20.647,22.378,10.786,0.5366,0.0,0.0
ASP,77,O,1198,20.032,22.934,9.886,-0.5819,0.0,0.0
ASP,77,CB,1199,22.158,20.479,10.229,-0.0303,0.0,0.0
ASP,77,CG,1200,23.498,20.055,9.614,0.7994,0.0,0.0
ASP,77,OD1,1201,24.258,20.918,9.238,-0.8014,0.0,0.0
ASP,77,OD2,1202,23.745,18.876,9.529,-0.8014,0.0,0.0
ASP,77,H,1203,23.548,21.565,12.085,0.2936,0.0,0.0
ASP,77,HA,1204,22.488,22.523,9.717,0.088,0.0,0.0
ASP,77,1HB,1205,21.99,19.896,11.127,-0.0122,0.0,0.0
ASP,77,2HB,1206,21.359,20.238,9.527,-0.0122,0.0,0.0
LEU,78,N,1207,20.155,22.295,12.029,-0.4157,0.0,0.0
LEU,78,CA,1208,18.764,22.681,12.272,-0.0518,0.0,0.0
LEU,78,C,1209,18.586,24.145,11.914,0.5973,0.0,0.0
LEU,78,O,1210,17.643,24.507,11.207,-0.5679,0.0,0.0
LEU,78,CB,1211,18.384,22.439,13.752,-0.1102,0.0,0.0
LEU,78,CG,1212,18.203,20.971,14.187,0.3531,0.0,0.0
LEU,78,CD1,1213,18.118,20.88,15.69,-0.4121,0.0,0.0
LEU,78,CD2,1214,16.939,20.427,13.528,-0.4121,0.0,0.0
LEU,78,H,1215,20.64,21.726,12.709,0.2719,0.0,0.0
LEU,78,HA,1216,18.112,22.066,11.651,0.0922,0.0,0.0
LEU,78,1HB,1217,19.152,22.866,14.381,0.0457,0.0,0.0
LEU,78,2HB,1218,17.445,22.956,13.958,0.0457,0.0,0.0
LEU,78,HG,1219,19.059,20.39,13.877,-0.0361,0.0,0.0
LEU,78,1HD1,1220,17.991,19.839,15.988,0.1,0.0,0.0
LEU,78,2HD1,1221,19.034,21.271,16.119,0.1,0.0,0.0
LEU,78,3HD1,1222,17.276,21.458,16.044,0.1,0.0,0.0
LEU,78,1HD2,1223,16.794,19.385,13.823,0.1,0.0,0.0
LEU,78,2HD2,1224,16.077,21.017,13.843,0.1,0.0,0.0
LEU,78,3HD2,1225,17.042,20.487,12.449,0.1,0.0,0.0
GLY,79,N,1226,19.578,24.951,12.282,-0.4157,0.0,0.0
GLY,79,CA,1227,19.547,26.385,12.027,-0.0252,0.0,0.0
GLY,79,C,1228,19.598,26.674,10.534,0.5973,0.0,0.0
GLY,79,O,1229,18.73,27.359,9.985,-0.5679,0.0,0.0
GLY,79,H,1230,20.277,24.58,12.921,0.2719,0.0,0.0
GLY,79,1HA,1231,18.643,26.812,12.454,0.0698,0.0,0.0
GLY,79,2HA,1232,20.392,26.86,12.525,0.0698,0.0,0.0
THR,80,N,1233,20.514,25.979,9.864,-0.4157,0.0,0.0
THR,80,CA,1234,20.76,26.142,8.44,-0.0389,0.0,0.0
THR,80,C,1235,19.548,25.804,7.592,0.5973,0.0,0.0
THR,80,O,1236,19.137,26.6,6.744,-0.5679,0.0,0.0
THR,80,CB,1237,21.949,25.278,7.994,0.3654,0.0,0.0
THR,80,CG2,1238,22.135,25.385,6.508,-0.2438,0.0,0.0
THR,80,OG1,1239,23.141,25.718,8.66,-0.6761,0.0,0.0
THR,80,H,1240,21.18,25.439,10.4,0.2719,0.0,0.0
THR,80,HA,1241,20.999,27.189,8.254,0.1007,0.0,0.0
THR,80,HB,1242,21.76,24.242,8.261,0.0043,0.0,0.0
THR,80,HG1,1243,23.026,25.634,9.611,0.4102,0.0,0.0
THR,80,1HG2,1244,22.98,24.77,6.2,0.0642,0.0,0.0
THR,80,2HG2,1245,21.23,25.041,6.009,0.0642,0.0,0.0
THR,80,3HG2,1246,22.329,26.422,6.24,0.0642,0.0,0.0
LEU,81,N,1247,18.895,24.694,7.93,-0.4157,0.0,0.0
LEU,81,CA,1248,17.77,24.212,7.154,-0.0518,0.0,0.0
LEU,81,C,1249,16.558,25.103,7.345,0.5973,0.0,0.0
LEU,81,O,1250,15.82,25.32,6.388,-0.5679,0.0,0.0
LEU,81,CB,1251,17.444,22.785,7.564,-0.1102,0.0,0.0
LEU,81,CG,1252,18.549,21.808,7.173,0.3531,0.0,0.0
LEU,81,CD1,1253,18.239,20.437,7.685,-0.4121,0.0,0.0
LEU,81,CD2,1254,18.678,21.809,5.693,-0.4121,0.0,0.0
LEU,81,H,1255,19.302,24.086,8.622,0.2719,0.0,0.0
LEU,81,HA,1256,18.043,24.238,6.101,0.0922,0.0,0.0
LEU,81,1HB,1257,17.296,22.755,8.645,0.0457,0.0,0.0
LEU,81,2HB,1258,16.511,22.487,7.086,0.0457,0.0,0.0
LEU,81,HG,1259,19.487,22.113,7.624,-0.0361,0.0,0.0
LEU,81,1HD1,1260,19.037,19.751,7.399,0.1,0.0,0.0
LEU,81,2HD1,1261,18.16,20.466,8.768,0.1,0.0,0.0
LEU,81,3HD1,1262,17.307,20.107,7.258,0.1,0.0,0.0
LEU,81,1HD2,1263,19.462,21.118,5.408,0.1,0.0,0.0
LEU,81,2HD2,1264,17.735,21.5,5.244,0.1,0.0,0.0
LEU,81,3HD2,1265,18.93,22.812,5.349,0.1,0.0,0.0
ARG,82,N,1266,16.39,25.723,8.526,-0.3479,0.0,0.0
ARG,82,CA,1267,15.225,26.598,8.662,-0.2637,0.0,0.0
ARG,82,C,1268,15.369,27.713,7.644,0.7341,0.0,0.0
ARG,82,O,1269,14.441,28.018,6.899,-0.5894,0.0,0.0
ARG,82,CB,1270,15.072,27.207,10.052,-0.0007,0.0,0.0
ARG,82,CG,1271,14.635,26.269,11.146,0.039,0.0,0.0
ARG,82,CD,1272,14.201,27.031,12.365,0.0486,0.0,0.0
ARG,82,NE,1273,15.282,27.795,12.967,-0.5295,0.0,0.0
ARG,82,CZ,1274,16.139,27.317,13.888,0.8076,0.0,0.0
ARG,82,NH1,1275,16.031,26.074,14.305,-0.8627,0.0,0.0
ARG,82,NH2,1276,17.089,28.097,14.374,-0.8627,0.0,0.0
ARG,82,H,1277,16.937,25.462,9.337,0.2747,0.0,0.0
ARG,82,HA,1278,14.319,26.015,8.49,0.156,0.0,0.0
ARG,82,1HB,1279,16.021,27.638,10.364,0.0327,0.0,0.0
ARG,82,2HB,1280,14.339,28.015,10.014,0.0327,0.0,0.0
ARG,82,1HG,1281,13.798,25.667,10.793,0.0285,0.0,0.0
ARG,82,2HG,1282,15.456,25.619,11.419,0.0285,0.0,0.0
ARG,82,1HD,1283,13.408,27.731,12.092,0.0687,0.0,0.0
ARG,82,2HD,1284,13.831,26.342,13.114,0.0687,0.0,0.0
ARG,82,HE,1285,15.397,28.756,12.672,0.3456,0.0,0.0
ARG,82,1HH1,1286,15.305,25.478,13.934,0.4478,0.0,0.0
ARG,82,2HH1,1287,16.674,25.716,14.997,0.4478,0.0,0.0
ARG,82,1HH2,1288,17.172,29.053,14.055,0.4478,0.0,0.0
ARG,82,2HH2,1289,17.732,27.739,15.066,0.4478,0.0,0.0
GLY,83,N,1290,16.622,28.12,7.428,-0.4157,0.0,0.0
GLY,83,CA,1291,16.929,29.175,6.485,-0.0252,0.0,0.0
GLY,83,C,1292,16.524,28.74,5.083,0.5973,0.0,0.0
GLY,83,O,1293,15.78,29.435,4.395,-0.5679,0.0,0.0
GLY,83,H,1294,17.327,27.881,8.118,0.2719,0.0,0.0
GLY,83,1HA,1295,16.401,30.087,6.766,0.0698,0.0,0.0
GLY,83,2HA,1296,17.994,29.402,6.519,0.0698,0.0,0.0
TYR,84,N,1297,16.943,27.525,4.711,-0.4157,0.0,0.0
TYR,84,CA,1298,16.697,26.952,3.386,-0.0014,0.0,0.0
TYR,84,C,1299,15.216,26.761,3.066,0.5973,0.0,0.0
TYR,84,O,1300,14.859,26.507,1.915,-0.5679,0.0,0.0
TYR,84,CB,1301,17.414,25.608,3.237,-0.0152,0.0,0.0
TYR,84,CG,1302,18.918,25.681,3.209,-0.0011,0.0,0.0
TYR,84,CD1,1303,19.562,26.875,3.465,-0.1906,0.0,0.0
TYR,84,CD2,1304,19.656,24.54,2.922,-0.1906,0.0,0.0
TYR,84,CE1,1305,20.936,26.932,3.437,-0.2341,0.0,0.0
TYR,84,CE2,1306,21.027,24.595,2.893,-0.2341,0.0,0.0
TYR,84,CZ,1307,21.669,25.789,3.151,0.3226,0.0,0.0
TYR,84,OH,1308,23.044,25.856,3.124,-0.5579,0.0,0.0
TYR,84,H,1309,17.559,27.027,5.341,0.2719,0.0,0.0
TYR,84,HA,1310,17.088,27.644,2.641,0.0876,0.0,0.0
TYR,84,1HB,1311,17.134,24.959,4.062,0.0295,0.0,0.0
TYR,84,2HB,1312,17.09,25.142,2.319,0.0295,0.0,0.0
TYR,84,HD1,1313,18.983,27.77,3.69,0.1699,0.0,0.0
TYR,84,HD2,1314,19.152,23.601,2.718,0.1699,0.0,0.0
TYR,84,HE1,1315,21.445,27.873,3.641,0.1656,0.0,0.0
TYR,84,HE2,1316,21.605,23.698,2.667,0.1656,0.0,0.0
TYR,84,HH,1317,23.401,24.989,2.913,0.3992,0.0,0.0
TYR,85,N,1318,14.388,26.683,4.106,-0.4157,0.0,0.0
TYR,85,CA,1319,12.959,26.486,3.935,-0.0014,0.0,0.0
TYR,85,C,1320,12.138,27.69,4.374,0.5973,0.0,0.0
TYR,85,O,1321,10.914,27.684,4.239,-0.5679,0.0,0.0
TYR,85,CB,1322,12.517,25.244,4.701,-0.0152,0.0,0.0
TYR,85,CG,1323,13.122,23.967,4.204,-0.0011,0.0,0.0
TYR,85,CD1,1324,13.971,23.229,5.012,-0.1906,0.0,0.0
TYR,85,CD2,1325,12.826,23.527,2.93,-0.1906,0.0,0.0
TYR,85,CE1,1326,14.517,22.061,4.541,-0.2341,0.0,0.0
TYR,85,CE2,1327,13.374,22.359,2.464,-0.2341,0.0,0.0
TYR,85,CZ,1328,14.215,21.631,3.266,0.3226,0.0,0.0
TYR,85,OH,1329,14.752,20.48,2.801,-0.5579,0.0,0.0
TYR,85,H,1330,14.703,26.997,5.014,0.2719,0.0,0.0
TYR,85,HA,1331,12.756,26.34,2.874,0.0876,0.0,0.0
TYR,85,1HB,1332,12.782,25.355,5.752,0.0295,0.0,0.0
TYR,85,2HB,1333,11.434,25.149,4.644,0.0295,0.0,0.0
TYR,85,HD1,1334,14.205,23.573,6.015,0.1699,0.0,0.0
TYR,85,HD2,1335,12.159,24.108,2.294,0.1699,0.0,0.0
TYR,85,HE1,1336,15.186,21.477,5.172,0.1656,0.0,0.0
TYR,85,HE2,1337,13.142,22.011,1.457,0.1656,0.0,0.0
TYR,85,HH,1338,15.311,20.095,3.478,0.3992,0.0,0.0
ASN,86,N,1339,12.815,28.751,4.807,-0.4157,0.0,0.0
ASN,86,CA,1340,12.144,29.944,5.309,0.0143,0.0,0.0
ASN,86,C,1341,11.145,29.627,6.42,0.5973,0.0,0.0
ASN,86,O,1342,9.993,30.059,6.363,-0.5679,0.0,0.0
ASN,86,CB,1343,11.444,30.683,4.179,-0.2041,0.0,0.0
ASN,86,CG,1344,11.057,32.085,4.557,0.713,0.0,0.0
ASN,86,ND2,1345,9.963,32.556,4.013,-0.9191,0.0,0.0
ASN,86,OD1,1346,11.747,32.744,5.344,-0.5931,0.0,0.0
ASN,86,H,1347,13.814,28.682,4.951,0.2719,0.0,0.0
ASN,86,HA,1348,12.901,30.61,5.729,0.1048,0.0,0.0
ASN,86,1HB,1349,12.102,30.722,3.309,0.0797,0.0,0.0
ASN,86,2HB,1350,10.549,30.142,3.886,0.0797,0.0,0.0
ASN,86,1HD2,1351,9.656,33.484,4.228,0.4196,0.0,0.0
ASN,86,2HD2,1352,9.435,31.989,3.382,0.4196,0.0,0.0
GLN,87,N,1353,11.579,28.852,7.413,-0.4157,0.0,0.0
GLN,87,CA,1354,10.71,28.514,8.537,-0.0031,0.0,0.0
GLN,87,C,1355,10.946,29.417,9.732,0.5973,0.0,0.0
GLN,87,O,1356,12.058,29.896,9.958,-0.5679,0.0,0.0
GLN,87,CB,1357,10.914,27.057,8.934,-0.0036,0.0,0.0
GLN,87,CG,1358,10.643,26.1,7.816,-0.0645,0.0,0.0
GLN,87,CD,1359,9.192,26.074,7.406,0.6951,0.0,0.0
GLN,87,NE2,1360,8.923,26.387,6.141,-0.9407,0.0,0.0
GLN,87,OE1,1361,8.31,25.775,8.218,-0.6086,0.0,0.0
GLN,87,H,1362,12.546,28.564,7.419,0.2719,0.0,0.0
GLN,87,HA,1363,9.675,28.667,8.232,0.085,0.0,0.0
GLN,87,1HB,1364,11.939,26.91,9.274,0.0171,0.0,0.0
GLN,87,2HB,1365,10.256,26.813,9.766,0.0171,0.0,0.0
GLN,87,1HG,1366,11.233,26.404,6.967,0.0352,0.0,0.0
GLN,87,2HG,1367,10.923,25.094,8.134,0.0352,0.0,0.0
GLN,87,1HE2,1368,7.976,26.386,5.815,0.4251,0.0,0.0
GLN,87,2HE2,1369,9.667,26.627,5.507,0.4251,0.0,0.0
SER,88,N,1370,9.879,29.639,10.5,-0.4157,0.0,0.0
SER,88,CA,1371,9.944,30.435,11.717,-0.0249,0.0,0.0
SER,88,C,1372,10.736,29.734,12.8,0.5973,0.0,0.0
SER,88,O,1373,10.628,28.52,12.977,-0.5679,0.0,0.0
SER,88,CB,1374,8.56,30.746,12.241,0.2117,0.0,0.0
SER,88,OG,1375,8.64,31.451,13.455,-0.6546,0.0,0.0
SER,88,H,1376,8.993,29.234,10.231,0.2719,0.0,0.0
SER,88,HA,1377,10.453,31.372,11.487,0.0843,0.0,0.0
SER,88,1HB,1378,8.016,31.337,11.505,0.0352,0.0,0.0
SER,88,2HB,1379,8.009,29.818,12.386,0.0352,0.0,0.0
SER,88,HG,1380,7.733,31.613,13.728,0.4275,0.0,0.0
GLU,89,N,1381,11.529,30.509,13.525,-0.5163,0.0,0.0
GLU,89,CA,1382,12.33,29.984,14.622,0.0397,0.0,0.0
GLU,89,C,1383,11.445,29.451,15.744,0.5366,0.0,0.0
GLU,89,O,1384,11.884,28.635,16.551,-0.5819,0.0,0.0
GLU,89,CB,1385,13.261,31.065,15.168,0.056,0.0,0.0
GLU,89,CG,1386,14.366,31.482,14.209,0.0136,0.0,0.0
GLU,89,CD,1387,15.253,32.558,14.769,0.8054,0.0,0.0
GLU,89,OE1,1388,14.973,33.031,15.845,-0.8188,0.0,0.0
GLU,89,OE2,1389,16.211,32.909,14.123,-0.8188,0.0,0.0
GLU,89,H,1390,11.579,31.495,13.313,0.2936,0.0,0.0
GLU,89,HA,1391,12.917,29.143,14.254,0.1105,0.0,0.0
GLU,89,1HB,1392,12.681,31.953,15.417,-0.0173,0.0,0.0
GLU,89,2HB,1393,13.729,30.711,16.085,-0.0173,0.0,0.0
GLU,89,1HG,1394,14.978,30.611,13.973,-0.0425,0.0,0.0
GLU,89,2HG,1395,13.915,31.836,13.283,-0.0425,0.0,0.0
ALA,90,N,1396,10.206,29.935,15.802,-0.4157,0.0,0.0
ALA,90,CA,1397,9.248,29.54,16.829,0.0337,0.0,0.0
ALA,90,C,1398,8.905,28.047,16.769,0.5973,0.0,0.0
ALA,90,O,1399,8.602,27.437,17.794,-0.5679,0.0,0.0
ALA,90,CB,1400,7.989,30.382,16.711,-0.1825,0.0,0.0
ALA,90,H,1401,9.904,30.605,15.103,0.2719,0.0,0.0
ALA,90,HA,1402,9.713,29.717,17.799,0.0823,0.0,0.0
ALA,90,1HB,1403,7.297,30.115,17.507,0.0603,0.0,0.0
ALA,90,2HB,1404,8.25,31.437,16.793,0.0603,0.0,0.0
ALA,90,3HB,1405,7.521,30.198,15.745,0.0603,0.0,0.0
GLY,91,N,1406,8.949,27.461,15.571,-0.4157,0.0,0.0
GLY,91,CA,1407,8.566,26.061,15.392,-0.0252,0.0,0.0
GLY,91,C,1408,9.71,25.085,15.642,0.5973,0.0,0.0
GLY,91,O,1409,10.878,25.412,15.435,-0.5679,0.0,0.0
GLY,91,H,1410,9.237,27.996,14.759,0.2719,0.0,0.0
GLY,91,1HA,1411,7.748,25.823,16.071,0.0698,0.0,0.0
GLY,91,2HA,1412,8.2,25.918,14.376,0.0698,0.0,0.0
SER,92,N,1413,9.346,23.867,16.055,-0.4157,0.0,0.0
SER,92,CA,1414,10.305,22.787,16.27,-0.0249,0.0,0.0
SER,92,C,1415,10.472,21.975,14.988,0.5973,0.0,0.0
SER,92,O,1416,9.504,21.763,14.256,-0.5679,0.0,0.0
SER,92,CB,1417,9.848,21.886,17.4,0.2117,0.0,0.0
SER,92,OG,1418,10.703,20.785,17.541,-0.6546,0.0,0.0
SER,92,H,1419,8.366,23.681,16.214,0.2719,0.0,0.0
SER,92,HA,1420,11.269,23.224,16.541,0.0843,0.0,0.0
SER,92,1HB,1421,9.824,22.452,18.332,0.0352,0.0,0.0
SER,92,2HB,1422,8.836,21.542,17.198,0.0352,0.0,0.0
SER,92,HG,1423,11.493,21.116,17.989,0.4275,0.0,0.0
HIE,93,N,1424,11.691,21.517,14.726,-0.4157,0.0,0.0
HIE,93,CA,1425,11.99,20.712,13.544,-0.0581,0.0,0.0
HIE,93,C,1426,12.883,19.525,13.899,0.5973,0.0,0.0
HIE,93,O,1427,13.541,19.521,14.935,-0.5679,0.0,0.0
HIE,93,CB,1428,12.661,21.576,12.488,-0.0074,0.0,0.0
HIE,93,CG,1429,11.78,22.683,12.008,0.1868,0.0,0.0
HIE,93,CD2,1430,11.8,24.002,12.278,-0.2207,0.0,0.0
HIE,93,ND1,1431,10.731,22.478,11.14,-0.5432,0.0,0.0
HIE,93,CE1,1432,10.138,23.633,10.897,0.1635,0.0,0.0
HIE,93,NE2,1433,10.768,24.573,11.576,-0.2795,0.0,0.0
HIE,93,H,1434,12.442,21.733,15.362,0.2719,0.0,0.0
HIE,93,HA,1435,11.069,20.296,13.137,0.136,0.0,0.0
HIE,93,1HB,1436,13.577,22.008,12.896,0.0367,0.0,0.0
HIE,93,2HB,1437,12.94,20.958,11.643,0.0367,0.0,0.0
HIE,93,HD2,1438,12.499,24.513,12.928,0.1862,0.0,0.0
HIE,93,HE1,1439,9.276,23.784,10.248,0.1435,0.0,0.0
HIE,93,HE2,1440,10.534,25.557,11.582,0.3339,0.0,0.0
THR,94,N,1441,12.87,18.483,13.065,-0.4157,0.0,0.0
THR,94,CA,1442,13.686,17.318,13.391,-0.0389,0.0,0.0
THR,94,C,1443,14.644,16.861,12.287,0.5973,0.0,0.0
THR,94,O,1444,14.255,16.604,11.155,-0.5679,0.0,0.0
THR,94,CB,1445,12.775,16.127,13.778,0.3654,0.0,0.0
THR,94,CG2,1446,13.608,14.889,14.142,-0.2438,0.0,0.0
THR,94,OG1,1447,11.962,16.489,14.899,-0.6761,0.0,0.0
THR,94,H,1448,12.324,18.508,12.216,0.2719,0.0,0.0
THR,94,HA,1449,14.306,17.589,14.224,0.1007,0.0,0.0
THR,94,HB,1450,12.126,15.882,12.936,0.0043,0.0,0.0
THR,94,HG1,1451,11.418,17.245,14.668,0.4102,0.0,0.0
THR,94,1HG2,1452,12.945,14.069,14.409,0.0642,0.0,0.0
THR,94,2HG2,1453,14.212,14.599,13.304,0.0642,0.0,0.0
THR,94,3HG2,1454,14.255,15.121,14.989,0.0642,0.0,0.0
ILE,95,N,1455,15.855,16.487,12.693,-0.4157,0.0,0.0
ILE,95,CA,1456,16.798,15.865,11.769,-0.0597,0.0,0.0
ILE,95,C,1457,17.078,14.426,12.175,0.5973,0.0,0.0
ILE,95,O,1458,17.227,14.104,13.352,-0.5679,0.0,0.0
ILE,95,CB,1459,18.147,16.6,11.659,0.1303,0.0,0.0
ILE,95,CG1,1460,17.946,17.963,11.121,-0.043,0.0,0.0
ILE,95,CG2,1461,19.111,15.81,10.781,-0.3204,0.0,0.0
ILE,95,CD1,1462,19.177,18.814,11.217,-0.066,0.0,0.0
ILE,95,H,1463,16.126,16.673,13.651,0.2719,0.0,0.0
ILE,95,HA,1464,16.346,15.841,10.783,0.0869,0.0,0.0
ILE,95,HB,1465,18.58,16.714,12.64,0.0187,0.0,0.0
ILE,95,1HG1,1466,17.644,17.888,10.08,0.0236,0.0,0.0
ILE,95,2HG1,1467,17.153,18.43,11.666,0.0236,0.0,0.0
ILE,95,1HG2,1468,20.06,16.341,10.711,0.0882,0.0,0.0
ILE,95,2HG2,1469,19.278,14.829,11.215,0.0882,0.0,0.0
ILE,95,3HG2,1470,18.686,15.696,9.783,0.0882,0.0,0.0
ILE,95,1HD1,1471,18.973,19.798,10.811,0.0186,0.0,0.0
ILE,95,2HD1,1472,19.474,18.91,12.255,0.0186,0.0,0.0
ILE,95,3HD1,1473,19.983,18.351,10.653,0.0186,0.0,0.0
GLN,96,N,1474,16.918,13.517,11.221,-0.4157,0.0,0.0
GLN,96,CA,1475,17.099,12.112,11.526,-0.0031,0.0,0.0
GLN,96,C,1476,18.211,11.51,10.683,0.5973,0.0,0.0
GLN,96,O,1477,18.17,11.536,9.455,-0.5679,0.0,0.0
GLN,96,CB,1478,15.808,11.328,11.314,-0.0036,0.0,0.0
GLN,96,CG,1479,14.685,11.735,12.228,-0.0645,0.0,0.0
GLN,96,CD,1480,13.431,10.933,11.996,0.6951,0.0,0.0
GLN,96,NE2,1481,12.393,11.221,12.773,-0.9407,0.0,0.0
GLN,96,OE1,1482,13.389,10.06,11.125,-0.6086,0.0,0.0
GLN,96,H,1483,16.681,13.812,10.283,0.2719,0.0,0.0
GLN,96,HA,1484,17.395,12.027,12.556,0.085,0.0,0.0
GLN,96,1HB,1485,15.474,11.451,10.307,0.0171,0.0,0.0
GLN,96,2HB,1486,15.999,10.272,11.465,0.0171,0.0,0.0
GLN,96,1HG,1487,15.0,11.585,13.264,0.0352,0.0,0.0
GLN,96,2HG,1488,14.46,12.779,12.055,0.0352,0.0,0.0
GLN,96,1HE2,1489,11.533,10.722,12.665,0.4251,0.0,0.0
GLN,96,2HE2,1490,12.472,11.938,13.467,0.4251,0.0,0.0
ILE,97,N,1491,19.223,10.969,11.35,-0.4157,0.0,0.0
ILE,97,CA,1492,20.365,10.431,10.622,-0.0597,0.0,0.0
ILE,97,C,1493,20.439,8.929,10.8,0.5973,0.0,0.0
ILE,97,O,1494,20.408,8.434,11.917,-0.5679,0.0,0.0
ILE,97,CB,1495,21.71,11.05,11.065,0.1303,0.0,0.0
ILE,97,CG1,1496,21.659,12.576,10.974,-0.043,0.0,0.0
ILE,97,CG2,1497,22.848,10.493,10.206,-0.3204,0.0,0.0
ILE,97,CD1,1498,21.411,13.089,9.599,-0.066,0.0,0.0
ILE,97,H,1499,19.232,11.023,12.36,0.2719,0.0,0.0
ILE,97,HA,1500,20.233,10.636,9.563,0.0869,0.0,0.0
ILE,97,HB,1501,21.895,10.814,12.082,0.0187,0.0,0.0
ILE,97,1HG1,1502,20.868,12.942,11.629,0.0236,0.0,0.0
ILE,97,2HG1,1503,22.605,12.984,11.329,0.0236,0.0,0.0
ILE,97,1HG2,1504,23.792,10.933,10.523,0.0882,0.0,0.0
ILE,97,2HG2,1505,22.895,9.417,10.323,0.0882,0.0,0.0
ILE,97,3HG2,1506,22.667,10.737,9.159,0.0882,0.0,0.0
ILE,97,1HD1,1507,21.389,14.178,9.616,0.0186,0.0,0.0
ILE,97,2HD1,1508,22.206,12.755,8.935,0.0186,0.0,0.0
ILE,97,3HD1,1509,20.471,12.716,9.249,0.0186,0.0,0.0
MET,98,N,1510,20.558,8.193,9.712,-0.4157,0.0,0.0
MET,98,CA,1511,20.625,6.75,9.845,-0.0237,0.0,0.0
MET,98,C,1512,21.734,6.16,9.006,0.5973,0.0,0.0
MET,98,O,1513,21.829,6.443,7.827,-0.5679,0.0,0.0
MET,98,CB,1514,19.295,6.105,9.465,0.0342,0.0,0.0
MET,98,CG,1515,19.296,4.595,9.616,0.0018,0.0,0.0
MET,98,SD,1516,17.737,3.832,9.17,-0.2737,0.0,0.0
MET,98,CE,1517,16.705,4.341,10.53,-0.0536,0.0,0.0
MET,98,H,1518,20.497,8.622,8.799,0.2719,0.0,0.0
MET,98,HA,1519,20.848,6.508,10.879,0.088,0.0,0.0
MET,98,1HB,1520,18.506,6.509,10.085,0.0241,0.0,0.0
MET,98,2HB,1521,19.055,6.35,8.429,0.0241,0.0,0.0
MET,98,1HG,1522,20.068,4.171,8.988,0.044,0.0,0.0
MET,98,2HG,1523,19.516,4.337,10.652,0.044,0.0,0.0
MET,98,1HE,1524,15.7,3.942,10.393,0.0684,0.0,0.0
MET,98,2HE,1525,17.122,3.963,11.465,0.0684,0.0,0.0
MET,98,3HE,1526,16.663,5.426,10.563,0.0684,0.0,0.0
TYR,99,N,1527,22.725,5.541,9.638,-0.4157,0.0,0.0
TYR,99,CA,1528,23.829,5.019,8.832,-0.0014,0.0,0.0
TYR,99,C,1529,24.319,3.709,9.372,0.5973,0.0,0.0
TYR,99,O,1530,24.071,3.364,10.521,-0.5679,0.0,0.0
TYR,99,CB,1531,25.027,5.972,8.726,-0.0152,0.0,0.0
TYR,99,CG,1532,25.776,6.236,10.01,-0.0011,0.0,0.0
TYR,99,CD1,1533,26.843,5.416,10.382,-0.1906,0.0,0.0
TYR,99,CD2,1534,25.408,7.28,10.814,-0.1906,0.0,0.0
TYR,99,CE1,1535,27.526,5.667,11.565,-0.2341,0.0,0.0
TYR,99,CE2,1536,26.085,7.525,11.982,-0.2341,0.0,0.0
TYR,99,CZ,1537,27.136,6.738,12.372,0.3226,0.0,0.0
TYR,99,OH,1538,27.808,7.006,13.562,-0.5579,0.0,0.0
TYR,99,H,1539,22.698,5.433,10.648,0.2719,0.0,0.0
TYR,99,HA,1540,23.46,4.834,7.826,0.0876,0.0,0.0
TYR,99,1HB,1541,25.743,5.576,8.016,0.0295,0.0,0.0
TYR,99,2HB,1542,24.692,6.921,8.354,0.0295,0.0,0.0
TYR,99,HD1,1543,27.139,4.583,9.744,0.1699,0.0,0.0
TYR,99,HD2,1544,24.578,7.916,10.526,0.1699,0.0,0.0
TYR,99,HE1,1545,28.361,5.03,11.859,0.1656,0.0,0.0
TYR,99,HE2,1546,25.789,8.344,12.604,0.1656,0.0,0.0
TYR,99,HH,1547,27.389,7.743,14.027,0.3992,0.0,0.0
GLY,100,N,1548,24.991,2.939,8.525,-0.4157,0.0,0.0
GLY,100,CA,1549,25.452,1.656,8.996,-0.0252,0.0,0.0
GLY,100,C,1550,26.222,0.855,7.962,0.5973,0.0,0.0
GLY,100,O,1551,26.38,1.255,6.81,-0.5679,0.0,0.0
GLY,100,H,1552,25.145,3.25,7.573,0.2719,0.0,0.0
GLY,100,1HA,1553,26.095,1.805,9.864,0.0698,0.0,0.0
GLY,100,2HA,1554,24.587,1.087,9.312,0.0698,0.0,0.0
CYS,101,N,1555,26.607,-0.352,8.358,-0.4157,0.0,0.0
CYS,101,CA,1556,27.315,-1.235,7.443,0.0213,0.0,0.0
CYS,101,C,1557,26.854,-2.685,7.574,0.5973,0.0,0.0
CYS,101,O,1558,26.472,-3.144,8.647,-0.5679,0.0,0.0
CYS,101,CB,1559,28.825,-1.159,7.695,-0.1231,0.0,0.0
CYS,101,SG,1560,29.347,-1.639,9.37,-0.3119,0.0,0.0
CYS,101,H,1561,26.312,-0.685,9.266,0.2719,0.0,0.0
CYS,101,HA,1562,27.11,-0.908,6.425,0.1124,0.0,0.0
CYS,101,1HB,1563,29.342,-1.807,6.991,0.1112,0.0,0.0
CYS,101,2HB,1564,29.169,-0.141,7.518,0.1112,0.0,0.0
ASP,102,N,1565,26.831,-3.372,6.434,-0.5163,0.0,0.0
ASP,102,CA,1566,26.423,-4.76,6.313,0.0381,0.0,0.0
ASP,102,C,1567,27.651,-5.592,6.059,0.5366,0.0,0.0
ASP,102,O,1568,28.373,-5.315,5.106,-0.5819,0.0,0.0
ASP,102,CB,1569,25.4,-4.945,5.185,-0.0303,0.0,0.0
ASP,102,CG,1570,24.049,-4.284,5.45,0.7994,0.0,0.0
ASP,102,OD1,1571,23.776,-3.956,6.574,-0.8014,0.0,0.0
ASP,102,OD2,1572,23.301,-4.116,4.515,-0.8014,0.0,0.0
ASP,102,H,1573,27.022,-2.876,5.583,0.2936,0.0,0.0
ASP,102,HA,1574,25.955,-5.077,7.245,0.088,0.0,0.0
ASP,102,1HB,1575,25.805,-4.531,4.265,-0.0122,0.0,0.0
ASP,102,2HB,1576,25.23,-6.011,5.024,-0.0122,0.0,0.0
VAL,103,N,1577,27.834,-6.641,6.844,-0.4157,0.0,0.0
VAL,103,CA,1578,28.997,-7.508,6.737,-0.0875,0.0,0.0
VAL,103,C,1579,28.543,-8.969,6.636,0.5973,0.0,0.0
VAL,103,O,1580,27.625,-9.39,7.33,-0.5679,0.0,0.0
VAL,103,CB,1581,29.875,-7.283,7.982,0.2985,0.0,0.0
VAL,103,CG1,1582,31.045,-8.153,7.966,-0.3192,0.0,0.0
VAL,103,CG2,1583,30.29,-5.794,8.031,-0.3192,0.0,0.0
VAL,103,H,1584,27.196,-6.79,7.609,0.2719,0.0,0.0
VAL,103,HA,1585,29.541,-7.262,5.824,0.0969,0.0,0.0
VAL,103,HB,1586,29.311,-7.539,8.869,-0.0297,0.0,0.0
VAL,103,1HG1,1587,31.646,-7.969,8.858,0.0791,0.0,0.0
VAL,103,2HG1,1588,30.729,-9.187,7.951,0.0791,0.0,0.0
VAL,103,3HG1,1589,31.627,-7.939,7.088,0.0791,0.0,0.0
VAL,103,1HG2,1590,30.912,-5.619,8.906,0.0791,0.0,0.0
VAL,103,2HG2,1591,30.851,-5.544,7.131,0.0791,0.0,0.0
VAL,103,3HG2,1592,29.406,-5.165,8.088,0.0791,0.0,0.0
GLY,104,N,1593,29.129,-9.722,5.714,-0.4157,0.0,0.0
GLY,104,CA,1594,28.748,-11.12,5.531,-0.0252,0.0,0.0
GLY,104,C,1595,29.264,-12.021,6.637,0.5973,0.0,0.0
GLY,104,O,1596,30.003,-11.587,7.518,-0.5679,0.0,0.0
GLY,104,H,1597,29.932,-9.361,5.223,0.2719,0.0,0.0
GLY,104,1HA,1598,27.662,-11.197,5.49,0.0698,0.0,0.0
GLY,104,2HA,1599,29.135,-11.474,4.576,0.0698,0.0,0.0
SER,105,N,1600,28.967,-13.317,6.509,-0.4157,0.0,0.0
SER,105,CA,1601,29.372,-14.331,7.485,-0.0249,0.0,0.0
SER,105,C,1602,30.889,-14.502,7.566,0.5973,0.0,0.0
SER,105,O,1603,31.407,-15.066,8.531,-0.5679,0.0,0.0
SER,105,CB,1604,28.729,-15.661,7.143,0.2117,0.0,0.0
SER,105,OG,1605,29.233,-16.168,5.936,-0.6546,0.0,0.0
SER,105,H,1606,28.371,-13.599,5.744,0.2719,0.0,0.0
SER,105,HA,1607,29.028,-14.011,8.47,0.0843,0.0,0.0
SER,105,1HB,1608,28.918,-16.372,7.946,0.0352,0.0,0.0
SER,105,2HB,1609,27.649,-15.532,7.066,0.0352,0.0,0.0
SER,105,HG,1610,30.179,-16.273,6.068,0.4275,0.0,0.0
ASP,106,N,1611,31.593,-14.021,6.546,-0.5163,0.0,0.0
ASP,106,CA,1612,33.043,-14.116,6.462,0.0381,0.0,0.0
ASP,106,C,1613,33.732,-12.947,7.161,0.5366,0.0,0.0
ASP,106,O,1614,34.941,-12.981,7.394,-0.5819,0.0,0.0
ASP,106,CB,1615,33.49,-14.176,4.998,-0.0303,0.0,0.0
ASP,106,CG,1616,33.081,-15.473,4.299,0.7994,0.0,0.0
ASP,106,OD1,1617,32.883,-16.454,4.976,-0.8014,0.0,0.0
ASP,106,OD2,1618,32.971,-15.467,3.095,-0.8014,0.0,0.0
ASP,106,H,1619,31.101,-13.566,5.79,0.2936,0.0,0.0
ASP,106,HA,1620,33.357,-15.03,6.964,0.088,0.0,0.0
ASP,106,1HB,1621,33.056,-13.336,4.453,-0.0122,0.0,0.0
ASP,106,2HB,1622,34.574,-14.08,4.943,-0.0122,0.0,0.0
GLY,107,N,1623,32.939,-11.961,7.591,-0.4157,0.0,0.0
GLY,107,CA,1624,33.471,-10.739,8.18,-0.0252,0.0,0.0
GLY,107,C,1625,33.776,-9.712,7.093,0.5973,0.0,0.0
GLY,107,O,1626,34.267,-8.621,7.376,-0.5679,0.0,0.0
GLY,107,H,1627,31.963,-11.973,7.337,0.2719,0.0,0.0
GLY,107,1HA,1628,32.75,-10.331,8.888,0.0698,0.0,0.0
GLY,107,2HA,1629,34.376,-10.963,8.743,0.0698,0.0,0.0
ARG,108,N,1630,33.492,-10.073,5.846,-0.3479,0.0,0.0
ARG,108,CA,1631,33.758,-9.205,4.709,-0.2637,0.0,0.0
ARG,108,C,1632,32.686,-8.142,4.496,0.7341,0.0,0.0
ARG,108,O,1633,31.492,-8.406,4.612,-0.5894,0.0,0.0
ARG,108,CB,1634,33.924,-10.04,3.454,-0.0007,0.0,0.0
ARG,108,CG,1635,35.14,-10.947,3.468,0.039,0.0,0.0
ARG,108,CD,1636,35.23,-11.771,2.24,0.0486,0.0,0.0
ARG,108,NE,1637,36.381,-12.658,2.268,-0.5295,0.0,0.0
ARG,108,CZ,1638,36.675,-13.561,1.312,0.8076,0.0,0.0
ARG,108,NH1,1639,35.896,-13.686,0.261,-0.8627,0.0,0.0
ARG,108,NH2,1640,37.75,-14.323,1.432,-0.8627,0.0,0.0
ARG,108,H,1641,33.087,-10.982,5.677,0.2747,0.0,0.0
ARG,108,HA,1642,34.685,-8.665,4.907,0.156,0.0,0.0
ARG,108,1HB,1643,33.04,-10.663,3.313,0.0327,0.0,0.0
ARG,108,2HB,1644,34.004,-9.383,2.587,0.0327,0.0,0.0
ARG,108,1HG,1645,36.043,-10.342,3.539,0.0285,0.0,0.0
ARG,108,2HG,1646,35.081,-11.617,4.326,0.0285,0.0,0.0
ARG,108,1HD,1647,34.331,-12.38,2.144,0.0687,0.0,0.0
ARG,108,2HD,1648,35.321,-11.12,1.371,0.0687,0.0,0.0
ARG,108,HE,1649,37.005,-12.592,3.061,0.3456,0.0,0.0
ARG,108,1HH1,1650,35.075,-13.104,0.169,0.4478,0.0,0.0
ARG,108,2HH1,1651,36.118,-14.362,-0.455,0.4478,0.0,0.0
ARG,108,1HH2,1652,38.35,-14.228,2.241,0.4478,0.0,0.0
ARG,108,2HH2,1653,37.971,-14.999,0.717,0.4478,0.0,0.0
PHE,109,N,1654,33.132,-6.937,4.188,-0.4157,0.0,0.0
PHE,109,CA,1655,32.236,-5.82,3.918,-0.0024,0.0,0.0
PHE,109,C,1656,31.345,-6.021,2.703,0.5973,0.0,0.0
PHE,109,O,1657,31.829,-6.265,1.598,-0.5679,0.0,0.0
PHE,109,CB,1658,33.041,-4.551,3.725,-0.0343,0.0,0.0
PHE,109,CG,1659,32.199,-3.356,3.476,0.0118,0.0,0.0
PHE,109,CD1,1660,31.232,-2.955,4.377,-0.1256,0.0,0.0
PHE,109,CD2,1661,32.375,-2.621,2.325,-0.1256,0.0,0.0
PHE,109,CE1,1662,30.47,-1.846,4.118,-0.1704,0.0,0.0
PHE,109,CE2,1663,31.616,-1.517,2.071,-0.1704,0.0,0.0
PHE,109,CZ,1664,30.666,-1.129,2.963,-0.1072,0.0,0.0
PHE,109,H,1665,34.127,-6.787,4.106,0.2719,0.0,0.0
PHE,109,HA,1666,31.582,-5.697,4.783,0.0978,0.0,0.0
PHE,109,1HB,1667,33.646,-4.367,4.609,0.0295,0.0,0.0
PHE,109,2HB,1668,33.719,-4.674,2.883,0.0295,0.0,0.0
PHE,109,HD1,1669,31.082,-3.526,5.291,0.133,0.0,0.0
PHE,109,HD2,1670,33.137,-2.933,1.611,0.133,0.0,0.0
PHE,109,HE1,1671,29.712,-1.532,4.823,0.143,0.0,0.0
PHE,109,HE2,1672,31.767,-0.945,1.156,0.143,0.0,0.0
PHE,109,HZ,1673,30.066,-0.257,2.757,0.1297,0.0,0.0
LEU,110,N,1674,30.044,-5.843,2.899,-0.4157,0.0,0.0
LEU,110,CA,1675,29.067,-5.977,1.829,-0.0518,0.0,0.0
LEU,110,C,1676,28.572,-4.619,1.337,0.5973,0.0,0.0
LEU,110,O,1677,28.786,-4.252,0.181,-0.5679,0.0,0.0
LEU,110,CB,1678,27.87,-6.813,2.289,-0.1102,0.0,0.0
LEU,110,CG,1679,28.17,-8.235,2.695,0.3531,0.0,0.0
LEU,110,CD1,1680,26.882,-8.881,3.19,-0.4121,0.0,0.0
LEU,110,CD2,1681,28.749,-8.985,1.52,-0.4121,0.0,0.0
LEU,110,H,1682,29.707,-5.681,3.833,0.2719,0.0,0.0
LEU,110,HA,1683,29.546,-6.472,0.985,0.0922,0.0,0.0
LEU,110,1HB,1684,27.409,-6.328,3.133,0.0457,0.0,0.0
LEU,110,2HB,1685,27.142,-6.849,1.479,0.0457,0.0,0.0
LEU,110,HG,1686,28.884,-8.236,3.51,-0.0361,0.0,0.0
LEU,110,1HD1,1687,27.079,-9.906,3.487,0.1,0.0,0.0
LEU,110,2HD1,1688,26.501,-8.322,4.048,0.1,0.0,0.0
LEU,110,3HD1,1689,26.142,-8.872,2.393,0.1,0.0,0.0
LEU,110,1HD2,1690,28.966,-10.012,1.817,0.1,0.0,0.0
LEU,110,2HD2,1691,28.03,-8.987,0.7,0.1,0.0,0.0
LEU,110,3HD2,1692,29.669,-8.498,1.195,0.1,0.0,0.0
ARG,111,N,1693,27.909,-3.874,2.228,-0.3479,0.0,0.0
ARG,111,CA,1694,27.268,-2.606,1.849,-0.2637,0.0,0.0
ARG,111,C,1695,27.352,-1.521,2.913,0.7341,0.0,0.0
ARG,111,O,1696,27.327,-1.793,4.104,-0.5894,0.0,0.0
ARG,111,CB,1697,25.792,-2.808,1.496,-0.0007,0.0,0.0
ARG,111,CG,1698,25.473,-3.684,0.278,0.039,0.0,0.0
ARG,111,CD,1699,25.86,-3.029,-0.998,0.0486,0.0,0.0
ARG,111,NE,1700,25.443,-3.807,-2.157,-0.5295,0.0,0.0
ARG,111,CZ,1701,26.133,-4.827,-2.711,0.8076,0.0,0.0
ARG,111,NH1,1702,27.293,-5.212,-2.218,-0.8627,0.0,0.0
ARG,111,NH2,1703,25.637,-5.45,-3.767,-0.8627,0.0,0.0
ARG,111,H,1704,27.818,-4.229,3.176,0.2747,0.0,0.0
ARG,111,HA,1705,27.786,-2.22,0.971,0.156,0.0,0.0
ARG,111,1HB,1706,25.28,-3.259,2.342,0.0327,0.0,0.0
ARG,111,2HB,1707,25.332,-1.837,1.308,0.0327,0.0,0.0
ARG,111,1HG,1708,26.011,-4.623,0.345,0.0285,0.0,0.0
ARG,111,2HG,1709,24.402,-3.885,0.247,0.0285,0.0,0.0
ARG,111,1HD,1710,25.39,-2.047,-1.06,0.0687,0.0,0.0
ARG,111,2HD,1711,26.939,-2.915,-1.038,0.0687,0.0,0.0
ARG,111,HE,1712,24.56,-3.561,-2.583,0.3456,0.0,0.0
ARG,111,1HH1,1713,27.692,-4.749,-1.411,0.4478,0.0,0.0
ARG,111,2HH1,1714,27.792,-5.976,-2.648,0.4478,0.0,0.0
ARG,111,1HH2,1715,24.748,-5.162,-4.151,0.4478,0.0,0.0
ARG,111,2HH2,1716,26.146,-6.214,-4.187,0.4478,0.0,0.0
GLY,112,N,1717,27.396,-0.271,2.482,-0.4157,0.0,0.0
GLY,112,CA,1718,27.392,0.847,3.42,-0.0252,0.0,0.0
GLY,112,C,1719,26.269,1.811,3.075,0.5973,0.0,0.0
GLY,112,O,1720,25.947,1.994,1.901,-0.5679,0.0,0.0
GLY,112,H,1721,27.427,-0.085,1.49,0.2719,0.0,0.0
GLY,112,1HA,1722,27.27,0.477,4.437,0.0698,0.0,0.0
GLY,112,2HA,1723,28.351,1.359,3.384,0.0698,0.0,0.0
TYR,113,N,1724,25.755,2.517,4.072,-0.4157,0.0,0.0
TYR,113,CA,1725,24.671,3.448,3.801,-0.0014,0.0,0.0
TYR,113,C,1726,24.591,4.602,4.778,0.5973,0.0,0.0
TYR,113,O,1727,25.034,4.507,5.919,-0.5679,0.0,0.0
TYR,113,CB,1728,23.34,2.692,3.785,-0.0152,0.0,0.0
TYR,113,CG,1729,22.982,2.034,5.114,-0.0011,0.0,0.0
TYR,113,CD1,1730,22.225,2.713,6.069,-0.1906,0.0,0.0
TYR,113,CD2,1731,23.418,0.739,5.373,-0.1906,0.0,0.0
TYR,113,CE1,1732,21.914,2.089,7.273,-0.2341,0.0,0.0
TYR,113,CE2,1733,23.105,0.126,6.566,-0.2341,0.0,0.0
TYR,113,CZ,1734,22.359,0.793,7.514,0.3226,0.0,0.0
TYR,113,OH,1735,22.057,0.168,8.699,-0.5579,0.0,0.0
TYR,113,H,1736,26.0,2.285,5.027,0.2719,0.0,0.0
TYR,113,HA,1737,24.858,3.908,2.83,0.0876,0.0,0.0
TYR,113,1HB,1738,22.535,3.379,3.521,0.0295,0.0,0.0
TYR,113,2HB,1739,23.371,1.916,3.022,0.0295,0.0,0.0
TYR,113,HD1,1740,21.88,3.731,5.872,0.1699,0.0,0.0
TYR,113,HD2,1741,24.01,0.203,4.63,0.1699,0.0,0.0
TYR,113,HE1,1742,21.326,2.61,8.02,0.1656,0.0,0.0
TYR,113,HE2,1743,23.451,-0.89,6.764,0.1656,0.0,0.0
TYR,113,HH,1744,22.437,-0.713,8.701,0.3992,0.0,0.0
ARG,114,N,1745,23.939,5.674,4.331,-0.3479,0.0,0.0
ARG,114,CA,1746,23.639,6.82,5.18,-0.2637,0.0,0.0
ARG,114,C,1747,22.457,7.597,4.594,0.7341,0.0,0.0
ARG,114,O,1748,22.472,8.001,3.439,-0.5894,0.0,0.0
ARG,114,CB,1749,24.857,7.731,5.312,-0.0007,0.0,0.0
ARG,114,CG,1750,24.723,8.905,6.325,0.039,0.0,0.0
ARG,114,CD,1751,24.235,10.163,5.706,0.0486,0.0,0.0
ARG,114,NE,1752,24.148,11.252,6.677,-0.5295,0.0,0.0
ARG,114,CZ,1753,25.167,12.067,7.015,0.8076,0.0,0.0
ARG,114,NH1,1754,26.342,11.912,6.462,-0.8627,0.0,0.0
ARG,114,NH2,1755,24.984,13.023,7.906,-0.8627,0.0,0.0
ARG,114,H,1756,23.63,5.687,3.37,0.2747,0.0,0.0
ARG,114,HA,1757,23.351,6.454,6.147,0.156,0.0,0.0
ARG,114,1HB,1758,25.719,7.14,5.62,0.0327,0.0,0.0
ARG,114,2HB,1759,25.088,8.168,4.35,0.0327,0.0,0.0
ARG,114,1HG,1760,24.019,8.633,7.111,0.0285,0.0,0.0
ARG,114,2HG,1761,25.698,9.114,6.769,0.0285,0.0,0.0
ARG,114,1HD,1762,24.912,10.459,4.926,0.0687,0.0,0.0
ARG,114,2HD,1763,23.251,10.015,5.287,0.0687,0.0,0.0
ARG,114,HE,1764,23.255,11.407,7.129,0.3456,0.0,0.0
ARG,114,1HH1,1765,26.488,11.181,5.78,0.4478,0.0,0.0
ARG,114,2HH1,1766,27.104,12.524,6.717,0.4478,0.0,0.0
ARG,114,1HH2,1767,24.079,13.148,8.336,0.4478,0.0,0.0
ARG,114,2HH2,1768,25.75,13.632,8.156,0.4478,0.0,0.0
GLN,115,N,1769,21.536,8.016,5.458,-0.4157,0.0,0.0
GLN,115,CA,1770,20.41,8.828,5.015,-0.0031,0.0,0.0
GLN,115,C,1771,20.083,9.943,6.001,0.5973,0.0,0.0
GLN,115,O,1772,20.069,9.762,7.217,-0.5679,0.0,0.0
GLN,115,CB,1773,19.175,7.953,4.802,-0.0036,0.0,0.0
GLN,115,CG,1774,17.963,8.7,4.276,-0.0645,0.0,0.0
GLN,115,CD,1775,16.785,7.776,4.036,0.6951,0.0,0.0
GLN,115,NE2,1776,15.773,8.273,3.342,-0.9407,0.0,0.0
GLN,115,OE1,1777,16.787,6.622,4.472,-0.6086,0.0,0.0
GLN,115,H,1778,21.576,7.698,6.414,0.2719,0.0,0.0
GLN,115,HA,1779,20.682,9.319,4.083,0.085,0.0,0.0
GLN,115,1HB,1780,19.413,7.157,4.096,0.0171,0.0,0.0
GLN,115,2HB,1781,18.897,7.482,5.747,0.0171,0.0,0.0
GLN,115,1HG,1782,17.665,9.455,5.007,0.0352,0.0,0.0
GLN,115,2HG,1783,18.224,9.18,3.333,0.0352,0.0,0.0
GLN,115,1HE2,1784,14.969,7.707,3.154,0.4251,0.0,0.0
GLN,115,2HE2,1785,15.809,9.214,3.006,0.4251,0.0,0.0
ASP,116,N,1786,20.022,11.15,5.464,-0.5163,0.0,0.0
ASP,116,CA,1787,19.754,12.365,6.215,0.0381,0.0,0.0
ASP,116,C,1788,18.354,12.884,5.928,0.5366,0.0,0.0
ASP,116,O,1789,18.079,13.301,4.809,-0.5819,0.0,0.0
ASP,116,CB,1790,20.804,13.435,5.864,-0.0303,0.0,0.0
ASP,116,CG,1791,20.651,14.75,6.639,0.7994,0.0,0.0
ASP,116,OD1,1792,19.668,14.914,7.313,-0.8014,0.0,0.0
ASP,116,OD2,1793,21.53,15.575,6.541,-0.8014,0.0,0.0
ASP,116,H,1794,20.12,11.246,4.464,0.2936,0.0,0.0
ASP,116,HA,1795,19.832,12.136,7.273,0.088,0.0,0.0
ASP,116,1HB,1796,21.801,13.04,6.061,-0.0122,0.0,0.0
ASP,116,2HB,1797,20.743,13.664,4.797,-0.0122,0.0,0.0
ALA,117,N,1798,17.467,12.838,6.922,-0.4157,0.0,0.0
ALA,117,CA,1799,16.095,13.301,6.753,0.0337,0.0,0.0
ALA,117,C,1800,15.879,14.633,7.476,0.5973,0.0,0.0
ALA,117,O,1801,16.334,14.837,8.597,-0.5679,0.0,0.0
ALA,117,CB,1802,15.11,12.255,7.241,-0.1825,0.0,0.0
ALA,117,H,1803,17.742,12.462,7.816,0.2719,0.0,0.0
ALA,117,HA,1804,15.936,13.469,5.691,0.0823,0.0,0.0
ALA,117,1HB,1805,14.091,12.603,7.075,0.0603,0.0,0.0
ALA,117,2HB,1806,15.267,11.326,6.692,0.0603,0.0,0.0
ALA,117,3HB,1807,15.262,12.086,8.283,0.0603,0.0,0.0
TYR,118,N,1808,14.904,15.399,6.994,-0.4157,0.0,0.0
TYR,118,CA,1809,14.453,16.612,7.674,-0.0014,0.0,0.0
TYR,118,C,1810,12.933,16.658,7.749,0.5973,0.0,0.0
TYR,118,O,1811,12.257,16.708,6.726,-0.5679,0.0,0.0
TYR,118,CB,1812,14.978,17.859,6.975,-0.0152,0.0,0.0
TYR,118,CG,1813,14.529,19.16,7.624,-0.0011,0.0,0.0
TYR,118,CD1,1814,15.114,19.591,8.81,-0.1906,0.0,0.0
TYR,118,CD2,1815,13.538,19.917,7.035,-0.1906,0.0,0.0
TYR,118,CE1,1816,14.706,20.769,9.395,-0.2341,0.0,0.0
TYR,118,CE2,1817,13.129,21.096,7.621,-0.2341,0.0,0.0
TYR,118,CZ,1818,13.706,21.522,8.79,0.3226,0.0,0.0
TYR,118,OH,1819,13.293,22.694,9.363,-0.5579,0.0,0.0
TYR,118,H,1820,14.443,15.119,6.145,0.2719,0.0,0.0
TYR,118,HA,1821,14.856,16.616,8.686,0.0876,0.0,0.0
TYR,118,1HB,1822,16.07,17.839,6.968,0.0295,0.0,0.0
TYR,118,2HB,1823,14.644,17.863,5.937,0.0295,0.0,0.0
TYR,118,HD1,1824,15.891,19.001,9.275,0.1699,0.0,0.0
TYR,118,HD2,1825,13.077,19.581,6.105,0.1699,0.0,0.0
TYR,118,HE1,1826,15.166,21.105,10.325,0.1656,0.0,0.0
TYR,118,HE2,1827,12.345,21.693,7.154,0.1656,0.0,0.0
TYR,118,HH,1828,12.602,23.087,8.823,0.3992,0.0,0.0
ASP,119,N,1829,12.417,16.785,8.972,-0.5163,0.0,0.0
ASP,119,CA,1830,10.987,16.774,9.248,0.0381,0.0,0.0
ASP,119,C,1831,10.37,15.468,8.757,0.5366,0.0,0.0
ASP,119,O,1832,9.22,15.433,8.318,-0.5819,0.0,0.0
ASP,119,CB,1833,10.295,17.967,8.575,-0.0303,0.0,0.0
ASP,119,CG,1834,8.943,18.314,9.206,0.7994,0.0,0.0
ASP,119,OD1,1835,8.78,18.082,10.38,-0.8014,0.0,0.0
ASP,119,OD2,1836,8.092,18.806,8.505,-0.8014,0.0,0.0
ASP,119,H,1837,13.032,16.705,9.759,0.2936,0.0,0.0
ASP,119,HA,1838,10.839,16.856,10.325,0.088,0.0,0.0
ASP,119,1HB,1839,10.943,18.842,8.638,-0.0122,0.0,0.0
ASP,119,2HB,1840,10.135,17.754,7.519,-0.0122,0.0,0.0
GLY,120,N,1841,11.159,14.395,8.841,-0.4157,0.0,0.0
GLY,120,CA,1842,10.744,13.056,8.442,-0.0252,0.0,0.0
GLY,120,C,1843,10.87,12.821,6.934,0.5973,0.0,0.0
GLY,120,O,1844,10.628,11.711,6.459,-0.5679,0.0,0.0
GLY,120,H,1845,12.095,14.512,9.202,0.2719,0.0,0.0
GLY,120,1HA,1846,11.353,12.321,8.969,0.0698,0.0,0.0
GLY,120,2HA,1847,9.709,12.897,8.74,0.0698,0.0,0.0
LYS,121,N,1848,11.254,13.854,6.18,-0.3479,0.0,0.0
LYS,121,CA,1849,11.376,13.737,4.734,-0.24,0.0,0.0
LYS,121,C,1850,12.802,13.415,4.318,0.7341,0.0,0.0
LYS,121,O,1851,13.753,13.947,4.87,-0.5894,0.0,0.0
LYS,121,CB,1852,10.913,15.022,4.051,-0.0094,0.0,0.0
LYS,121,CG,1853,9.447,15.348,4.249,0.0187,0.0,0.0
LYS,121,CD,1854,9.072,16.622,3.508,-0.0479,0.0,0.0
LYS,121,CE,1855,7.606,16.969,3.698,-0.0143,0.0,0.0
LYS,121,NZ,1856,7.239,18.222,2.983,-0.3854,0.0,0.0
LYS,121,H,1857,11.46,14.747,6.605,0.2747,0.0,0.0
LYS,121,HA,1858,10.754,12.907,4.399,0.1426,0.0,0.0
LYS,121,1HB,1859,11.493,15.861,4.425,0.0362,0.0,0.0
LYS,121,2HB,1860,11.095,14.948,2.978,0.0362,0.0,0.0
LYS,121,1HG,1861,8.836,14.524,3.879,0.0103,0.0,0.0
LYS,121,2HG,1862,9.246,15.478,5.315,0.0103,0.0,0.0
LYS,121,1HD,1863,9.682,17.448,3.878,0.0621,0.0,0.0
LYS,121,2HD,1864,9.268,16.494,2.443,0.0621,0.0,0.0
LYS,121,1HE,1865,6.995,16.151,3.32,0.1135,0.0,0.0
LYS,121,2HE,1866,7.404,17.092,4.762,0.1135,0.0,0.0
LYS,121,1HZ,1867,6.261,18.421,3.131,0.34,0.0,0.0
LYS,121,2HZ,1868,7.796,18.988,3.338,0.34,0.0,0.0
LYS,121,3HZ,1869,7.414,18.11,1.994,0.34,0.0,0.0
ASP,122,N,1870,12.947,12.689,3.224,-0.5163,0.0,0.0
ASP,122,CA,1871,14.268,12.38,2.684,0.0381,0.0,0.0
ASP,122,C,1872,14.95,13.63,2.153,0.5366,0.0,0.0
ASP,122,O,1873,14.471,14.22,1.189,-0.5819,0.0,0.0
ASP,122,CB,1874,14.149,11.313,1.587,-0.0303,0.0,0.0
ASP,122,CG,1875,15.488,10.854,1.015,0.7994,0.0,0.0
ASP,122,OD1,1876,16.487,11.445,1.331,-0.8014,0.0,0.0
ASP,122,OD2,1877,15.489,9.908,0.26,-0.8014,0.0,0.0
ASP,122,H,1878,12.13,12.284,2.789,0.2936,0.0,0.0
ASP,122,HA,1879,14.889,11.987,3.491,0.088,0.0,0.0
ASP,122,1HB,1880,13.634,10.44,1.988,-0.0122,0.0,0.0
ASP,122,2HB,1881,13.547,11.707,0.767,-0.0122,0.0,0.0
TYR,123,N,1882,16.028,14.073,2.809,-0.4157,0.0,0.0
TYR,123,CA,1883,16.732,15.274,2.384,-0.0014,0.0,0.0
TYR,123,C,1884,17.88,14.858,1.447,0.5973,0.0,0.0
TYR,123,O,1885,17.785,15.053,0.236,-0.5679,0.0,0.0
TYR,123,CB,1886,17.236,16.042,3.634,-0.0152,0.0,0.0
TYR,123,CG,1887,17.926,17.354,3.42,-0.0011,0.0,0.0
TYR,123,CD1,1888,17.191,18.452,3.071,-0.1906,0.0,0.0
TYR,123,CD2,1889,19.303,17.461,3.573,-0.1906,0.0,0.0
TYR,123,CE1,1890,17.808,19.655,2.872,-0.2341,0.0,0.0
TYR,123,CE2,1891,19.921,18.678,3.372,-0.2341,0.0,0.0
TYR,123,CZ,1892,19.165,19.768,3.022,0.3226,0.0,0.0
TYR,123,OH,1893,19.75,20.988,2.815,-0.5579,0.0,0.0
TYR,123,H,1894,16.422,13.551,3.58,0.2719,0.0,0.0
TYR,123,HA,1895,16.047,15.911,1.825,0.0876,0.0,0.0
TYR,123,1HB,1896,16.381,16.243,4.286,0.0295,0.0,0.0
TYR,123,2HB,1897,17.92,15.448,4.179,0.0295,0.0,0.0
TYR,123,HD1,1898,16.115,18.361,2.953,0.1699,0.0,0.0
TYR,123,HD2,1899,19.894,16.585,3.852,0.1699,0.0,0.0
TYR,123,HE1,1900,17.229,20.52,2.597,0.1656,0.0,0.0
TYR,123,HE2,1901,21.0,18.77,3.49,0.1656,0.0,0.0
TYR,123,HH,1902,20.677,20.92,2.966,0.3992,0.0,0.0
ILE,124,N,1903,18.923,14.208,1.981,-0.4157,0.0,0.0
ILE,124,CA,1904,20.023,13.728,1.125,-0.0597,0.0,0.0
ILE,124,C,1905,20.476,12.326,1.515,0.5973,0.0,0.0
ILE,124,O,1906,20.521,11.994,2.694,-0.5679,0.0,0.0
ILE,124,CB,1907,21.273,14.638,1.141,0.1303,0.0,0.0
ILE,124,CG1,1908,20.959,15.975,0.727,-0.043,0.0,0.0
ILE,124,CG2,1909,22.348,14.064,0.258,-0.3204,0.0,0.0
ILE,124,CD1,1910,22.061,16.898,0.93,-0.066,0.0,0.0
ILE,124,H,1911,18.931,14.015,2.976,0.2719,0.0,0.0
ILE,124,HA,1912,19.658,13.678,0.103,0.0869,0.0,0.0
ILE,124,HB,1913,21.65,14.714,2.159,0.0187,0.0,0.0
ILE,124,1HG1,1914,20.696,15.957,-0.319,0.0236,0.0,0.0
ILE,124,2HG1,1915,20.112,16.327,1.273,0.0236,0.0,0.0
ILE,124,1HG2,1916,23.223,14.71,0.276,0.0882,0.0,0.0
ILE,124,2HG2,1917,22.613,13.106,0.612,0.0882,0.0,0.0
ILE,124,3HG2,1918,21.981,13.985,-0.761,0.0882,0.0,0.0
ILE,124,1HD1,1919,21.764,17.849,0.609,0.0186,0.0,0.0
ILE,124,2HD1,1920,22.319,16.93,1.987,0.0186,0.0,0.0
ILE,124,3HD1,1921,22.925,16.57,0.357,0.0186,0.0,0.0
ALA,125,N,1922,20.69,11.462,0.521,-0.4157,0.0,0.0
ALA,125,CA,1923,21.105,10.099,0.83,0.0337,0.0,0.0
ALA,125,C,1924,22.408,9.72,0.136,0.5973,0.0,0.0
ALA,125,O,1925,22.678,10.106,-0.996,-0.5679,0.0,0.0
ALA,125,CB,1926,19.999,9.122,0.478,-0.1825,0.0,0.0
ALA,125,H,1927,20.505,11.739,-0.436,0.2719,0.0,0.0
ALA,125,HA,1928,21.298,10.056,1.901,0.0823,0.0,0.0
ALA,125,1HB,1929,20.291,8.117,0.788,0.0603,0.0,0.0
ALA,125,2HB,1930,19.081,9.411,0.994,0.0603,0.0,0.0
ALA,125,3HB,1931,19.831,9.137,-0.599,0.0603,0.0,0.0
LEU,126,N,1932,23.216,8.932,0.826,-0.4157,0.0,0.0
LEU,126,CA,1933,24.461,8.421,0.28,-0.0518,0.0,0.0
LEU,126,C,1934,24.166,7.316,-0.713,0.5973,0.0,0.0
LEU,126,O,1935,23.401,6.401,-0.409,-0.5679,0.0,0.0
LEU,126,CB,1936,25.353,7.902,1.405,-0.1102,0.0,0.0
LEU,126,CG,1937,26.736,7.423,0.992,0.3531,0.0,0.0
LEU,126,CD1,1938,27.569,8.616,0.509,-0.4121,0.0,0.0
LEU,126,CD2,1939,27.367,6.753,2.153,-0.4121,0.0,0.0
LEU,126,H,1940,22.953,8.639,1.749,0.2719,0.0,0.0
LEU,126,HA,1941,24.994,9.238,-0.206,0.0922,0.0,0.0
LEU,126,1HB,1942,25.487,8.69,2.135,0.0457,0.0,0.0
LEU,126,2HB,1943,24.849,7.068,1.892,0.0457,0.0,0.0
LEU,126,HG,1944,26.655,6.726,0.167,-0.0361,0.0,0.0
LEU,126,1HD1,1945,28.561,8.277,0.212,0.1,0.0,0.0
LEU,126,2HD1,1946,27.082,9.077,-0.338,0.1,0.0,0.0
LEU,126,3HD1,1947,27.664,9.341,1.309,0.1,0.0,0.0
LEU,126,1HD2,1948,28.354,6.405,1.873,0.1,0.0,0.0
LEU,126,2HD2,1949,27.448,7.432,2.951,0.1,0.0,0.0
LEU,126,3HD2,1950,26.754,5.903,2.461,0.1,0.0,0.0
ASN,127,N,1951,24.735,7.398,-1.895,-0.4157,0.0,0.0
ASN,127,CA,1952,24.517,6.345,-2.872,0.0143,0.0,0.0
ASN,127,C,1953,25.372,5.121,-2.555,0.5973,0.0,0.0
ASN,127,O,1954,26.378,5.221,-1.859,-0.5679,0.0,0.0
ASN,127,CB,1955,24.829,6.845,-4.262,-0.2041,0.0,0.0
ASN,127,CG,1956,23.81,7.865,-4.678,0.713,0.0,0.0
ASN,127,ND2,1957,24.227,8.932,-5.283,-0.9191,0.0,0.0
ASN,127,OD1,1958,22.614,7.673,-4.44,-0.5931,0.0,0.0
ASN,127,H,1959,25.393,8.141,-2.092,0.2719,0.0,0.0
ASN,127,HA,1960,23.463,6.065,-2.858,0.1048,0.0,0.0
ASN,127,1HB,1961,25.827,7.282,-4.278,0.0797,0.0,0.0
ASN,127,2HB,1962,24.831,6.013,-4.967,0.0797,0.0,0.0
ASN,127,1HD2,1963,23.541,9.614,-5.561,0.4196,0.0,0.0
ASN,127,2HD2,1964,25.203,9.059,-5.463,0.4196,0.0,0.0
GLU,128,N,1965,25.057,4.006,-3.217,-0.5163,0.0,0.0
GLU,128,CA,1966,25.76,2.731,-3.049,0.0397,0.0,0.0
GLU,128,C,1967,27.252,2.785,-3.352,0.5366,0.0,0.0
GLU,128,O,1968,28.016,1.965,-2.842,-0.5819,0.0,0.0
GLU,128,CB,1969,25.119,1.659,-3.931,0.056,0.0,0.0
GLU,128,CG,1970,23.728,1.233,-3.486,0.0136,0.0,0.0
GLU,128,CD,1971,23.112,0.202,-4.393,0.8054,0.0,0.0
GLU,128,OE1,1972,23.703,-0.107,-5.4,-0.8188,0.0,0.0
GLU,128,OE2,1973,22.048,-0.276,-4.078,-0.8188,0.0,0.0
GLU,128,H,1974,24.235,4.018,-3.802,0.2936,0.0,0.0
GLU,128,HA,1975,25.675,2.438,-2.001,0.1105,0.0,0.0
GLU,128,1HB,1976,25.047,2.028,-4.954,-0.0173,0.0,0.0
GLU,128,2HB,1977,25.753,0.772,-3.945,-0.0173,0.0,0.0
GLU,128,1HG,1978,23.791,0.823,-2.479,-0.0425,0.0,0.0
GLU,128,2HG,1979,23.085,2.113,-3.453,-0.0425,0.0,0.0
ASP,129,N,1980,27.671,3.736,-4.173,-0.5163,0.0,0.0
ASP,129,CA,1981,29.075,3.869,-4.539,0.0381,0.0,0.0
ASP,129,C,1982,29.912,4.362,-3.358,0.5366,0.0,0.0
ASP,129,O,1983,31.131,4.2,-3.343,-0.5819,0.0,0.0
ASP,129,CB,1984,29.235,4.845,-5.707,-0.0303,0.0,0.0
ASP,129,CG,1985,28.705,4.295,-7.027,0.7994,0.0,0.0
ASP,129,OD1,1986,28.463,3.114,-7.103,-0.8014,0.0,0.0
ASP,129,OD2,1987,28.546,5.062,-7.946,-0.8014,0.0,0.0
ASP,129,H,1988,27.001,4.385,-4.561,0.2936,0.0,0.0
ASP,129,HA,1989,29.448,2.892,-4.843,0.088,0.0,0.0
ASP,129,1HB,1990,28.706,5.774,-5.477,-0.0122,0.0,0.0
ASP,129,2HB,1991,30.292,5.09,-5.832,-0.0122,0.0,0.0
LEU,130,N,1992,29.225,4.958,-2.375,-0.4157,0.0,0.0
LEU,130,CA,1993,29.794,5.608,-1.192,-0.0518,0.0,0.0
LEU,130,C,1994,30.697,6.782,-1.559,0.5973,0.0,0.0
LEU,130,O,1995,31.466,7.264,-0.728,-0.5679,0.0,0.0
LEU,130,CB,1996,30.6,4.599,-0.349,-0.1102,0.0,0.0
LEU,130,CG,1997,29.856,3.324,0.087,0.3531,0.0,0.0
LEU,130,CD1,1998,30.805,2.424,0.885,-0.4121,0.0,0.0
LEU,130,CD2,1999,28.671,3.688,0.894,-0.4121,0.0,0.0
LEU,130,H,2000,28.233,5.084,-2.507,0.2719,0.0,0.0
LEU,130,HA,2001,28.975,5.992,-0.589,0.0922,0.0,0.0
LEU,130,1HB,2002,31.468,4.284,-0.912,0.0457,0.0,0.0
LEU,130,2HB,2003,30.944,5.103,0.555,0.0457,0.0,0.0
LEU,130,HG,2004,29.532,2.769,-0.791,-0.0361,0.0,0.0
LEU,130,1HD1,2005,30.278,1.523,1.193,0.1,0.0,0.0
LEU,130,2HD1,2006,31.657,2.149,0.263,0.1,0.0,0.0
LEU,130,3HD1,2007,31.158,2.957,1.767,0.1,0.0,0.0
LEU,130,1HD2,2008,28.158,2.79,1.193,0.1,0.0,0.0
LEU,130,2HD2,2009,28.995,4.231,1.765,0.1,0.0,0.0
LEU,130,3HD2,2010,28.003,4.311,0.299,0.1,0.0,0.0
ARG,131,N,2011,30.581,7.262,-2.798,-0.3479,0.0,0.0
ARG,131,CA,2012,31.36,8.387,-3.285,-0.2637,0.0,0.0
ARG,131,C,2013,30.493,9.517,-3.831,0.7341,0.0,0.0
ARG,131,O,2014,31.015,10.543,-4.268,-0.5894,0.0,0.0
ARG,131,CB,2015,32.318,7.935,-4.372,-0.0007,0.0,0.0
ARG,131,CG,2016,33.373,6.942,-3.904,0.039,0.0,0.0
ARG,131,CD,2017,34.296,6.565,-4.998,0.0486,0.0,0.0
ARG,131,NE,2018,35.301,5.613,-4.55,-0.5295,0.0,0.0
ARG,131,CZ,2019,36.287,5.122,-5.325,0.8076,0.0,0.0
ARG,131,NH1,2020,36.385,5.501,-6.58,-0.8627,0.0,0.0
ARG,131,NH2,2021,37.155,4.26,-4.826,-0.8627,0.0,0.0
ARG,131,H,2022,29.912,6.836,-3.422,0.2747,0.0,0.0
ARG,131,HA,2023,31.928,8.799,-2.451,0.156,0.0,0.0
ARG,131,1HB,2024,31.755,7.47,-5.181,0.0327,0.0,0.0
ARG,131,2HB,2025,32.834,8.801,-4.786,0.0327,0.0,0.0
ARG,131,1HG,2026,33.96,7.388,-3.099,0.0285,0.0,0.0
ARG,131,2HG,2027,32.889,6.04,-3.542,0.0285,0.0,0.0
ARG,131,1HD,2028,33.729,6.108,-5.809,0.0687,0.0,0.0
ARG,131,2HD,2029,34.806,7.453,-5.366,0.0687,0.0,0.0
ARG,131,HE,2030,35.258,5.299,-3.59,0.3456,0.0,0.0
ARG,131,1HH1,2031,35.723,6.16,-6.963,0.4478,0.0,0.0
ARG,131,2HH1,2032,37.124,5.132,-7.162,0.4478,0.0,0.0
ARG,131,1HH2,2033,37.079,3.969,-3.86,0.4478,0.0,0.0
ARG,131,2HH2,2034,37.892,3.893,-5.408,0.4478,0.0,0.0
SER,132,N,2035,29.171,9.337,-3.808,-0.4157,0.0,0.0
SER,132,CA,2036,28.263,10.347,-4.348,-0.0249,0.0,0.0
SER,132,C,2037,26.986,10.432,-3.52,0.5973,0.0,0.0
SER,132,O,2038,26.725,9.562,-2.691,-0.5679,0.0,0.0
SER,132,CB,2039,27.913,10.034,-5.791,0.2117,0.0,0.0
SER,132,OG,2040,27.168,8.86,-5.889,-0.6546,0.0,0.0
SER,132,H,2041,28.791,8.495,-3.401,0.2719,0.0,0.0
SER,132,HA,2042,28.769,11.313,-4.336,0.0843,0.0,0.0
SER,132,1HB,2043,27.344,10.862,-6.213,0.0352,0.0,0.0
SER,132,2HB,2044,28.829,9.934,-6.372,0.0352,0.0,0.0
SER,132,HG,2045,27.718,8.164,-5.52,0.4275,0.0,0.0
TRP,133,N,2046,26.236,11.51,-3.728,-0.4157,0.0,0.0
TRP,133,CA,2047,25.007,11.78,-2.987,-0.0275,0.0,0.0
TRP,133,C,2048,23.784,11.965,-3.894,0.5973,0.0,0.0
TRP,133,O,2049,23.92,12.413,-5.029,-0.5679,0.0,0.0
TRP,133,CB,2050,25.18,13.023,-2.129,-0.005,0.0,0.0
TRP,133,CG,2051,26.265,12.967,-1.095,-0.1415,0.0,0.0
TRP,133,CD1,2052,27.544,13.395,-1.268,-0.1638,0.0,0.0
TRP,133,CD2,2053,26.191,12.468,0.251,0.1243,0.0,0.0
TRP,133,CE2,2054,27.459,12.632,0.813,0.138,0.0,0.0
TRP,133,CE3,2055,25.188,11.915,1.003,-0.2387,0.0,0.0
TRP,133,NE1,2056,28.266,13.196,-0.129,-0.3418,0.0,0.0
TRP,133,CZ2,2057,27.74,12.252,2.107,-0.2601,0.0,0.0
TRP,133,CZ3,2058,25.451,11.533,2.29,-0.1972,0.0,0.0
TRP,133,CH2,2059,26.694,11.697,2.831,-0.1134,0.0,0.0
TRP,133,H,2060,26.526,12.167,-4.438,0.2719,0.0,0.0
TRP,133,HA,2061,24.794,10.919,-2.353,0.1123,0.0,0.0
TRP,133,1HB,2062,25.391,13.862,-2.762,0.0339,0.0,0.0
TRP,133,2HB,2063,24.256,13.229,-1.607,0.0339,0.0,0.0
TRP,133,HD1,2064,27.937,13.833,-2.185,0.2062,0.0,0.0
TRP,133,HE1,2065,29.241,13.428,-0.002,0.3412,0.0,0.0
TRP,133,HE3,2066,24.213,11.785,0.591,0.17,0.0,0.0
TRP,133,HZ2,2067,28.723,12.373,2.557,0.1572,0.0,0.0
TRP,133,HZ3,2068,24.639,11.096,2.864,0.1447,0.0,0.0
TRP,133,HH2,2069,26.863,11.386,3.848,0.1417,0.0,0.0
THR,134,N,2070,22.585,11.714,-3.363,-0.4157,0.0,0.0
THR,134,CA,2071,21.358,12.011,-4.102,-0.0389,0.0,0.0
THR,134,C,2072,20.499,13.022,-3.335,0.5973,0.0,0.0
THR,134,O,2073,20.185,12.841,-2.159,-0.5679,0.0,0.0
THR,134,CB,2074,20.523,10.753,-4.399,0.3654,0.0,0.0
THR,134,CG2,2075,19.242,11.148,-5.121,-0.2438,0.0,0.0
THR,134,OG1,2076,21.278,9.842,-5.223,-0.6761,0.0,0.0
THR,134,H,2077,22.522,11.259,-2.467,0.2719,0.0,0.0
THR,134,HA,2078,21.627,12.469,-5.053,0.1007,0.0,0.0
THR,134,HB,2079,20.274,10.249,-3.464,0.0043,0.0,0.0
THR,134,HG1,2080,21.692,9.168,-4.678,0.4102,0.0,0.0
THR,134,1HG2,2081,18.653,10.257,-5.33,0.0642,0.0,0.0
THR,134,2HG2,2082,18.663,11.827,-4.494,0.0642,0.0,0.0
THR,134,3HG2,2083,19.491,11.646,-6.058,0.0642,0.0,0.0
ALA,135,N,2084,20.275,14.177,-3.963,-0.4157,0.0,0.0
ALA,135,CA,2085,19.53,15.277,-3.343,0.0337,0.0,0.0
ALA,135,C,2086,18.054,15.224,-3.716,0.5973,0.0,0.0
ALA,135,O,2087,17.698,15.282,-4.894,-0.5679,0.0,0.0
ALA,135,CB,2088,20.146,16.607,-3.738,-0.1825,0.0,0.0
ALA,135,H,2089,20.592,14.285,-4.916,0.2719,0.0,0.0
ALA,135,HA,2090,19.594,15.16,-2.261,0.0823,0.0,0.0
ALA,135,1HB,2091,19.622,17.408,-3.256,0.0603,0.0,0.0
ALA,135,2HB,2092,21.178,16.628,-3.437,0.0603,0.0,0.0
ALA,135,3HB,2093,20.081,16.735,-4.815,0.0603,0.0,0.0
ALA,136,N,2094,17.199,15.207,-2.701,-0.4157,0.0,0.0
ALA,136,CA,2095,15.755,15.111,-2.875,0.0337,0.0,0.0
ALA,136,C,2096,15.122,16.364,-3.494,0.5973,0.0,0.0
ALA,136,O,2097,14.208,16.259,-4.312,-0.5679,0.0,0.0
ALA,136,CB,2098,15.109,14.804,-1.546,-0.1825,0.0,0.0
ALA,136,H,2099,17.559,15.12,-1.76,0.2719,0.0,0.0
ALA,136,HA,2100,15.562,14.296,-3.572,0.0823,0.0,0.0
ALA,136,1HB,2101,14.035,14.686,-1.678,0.0603,0.0,0.0
ALA,136,2HB,2102,15.531,13.88,-1.146,0.0603,0.0,0.0
ALA,136,3HB,2103,15.304,15.626,-0.855,0.0603,0.0,0.0
ASP,137,N,2104,15.605,17.545,-3.104,-0.5163,0.0,0.0
ASP,137,CA,2105,15.02,18.803,-3.577,0.0381,0.0,0.0
ASP,137,C,2106,16.032,19.96,-3.603,0.5366,0.0,0.0
ASP,137,O,2107,17.223,19.752,-3.394,-0.5819,0.0,0.0
ASP,137,CB,2108,13.851,19.204,-2.66,-0.0303,0.0,0.0
ASP,137,CG,2109,14.243,19.444,-1.196,0.7994,0.0,0.0
ASP,137,OD1,2110,15.374,19.76,-0.925,-0.8014,0.0,0.0
ASP,137,OD2,2111,13.381,19.301,-0.359,-0.8014,0.0,0.0
ASP,137,H,2112,16.382,17.57,-2.466,0.2936,0.0,0.0
ASP,137,HA,2113,14.645,18.652,-4.588,0.088,0.0,0.0
ASP,137,1HB,2114,13.389,20.115,-3.033,-0.0122,0.0,0.0
ASP,137,2HB,2115,13.094,18.42,-2.682,-0.0122,0.0,0.0
MET,138,N,2116,15.522,21.188,-3.777,-0.4157,0.0,0.0
MET,138,CA,2117,16.336,22.413,-3.847,-0.0237,0.0,0.0
MET,138,C,2118,17.29,22.575,-2.675,0.5973,0.0,0.0
MET,138,O,2119,18.506,22.648,-2.854,-0.5679,0.0,0.0
MET,138,CB,2120,15.426,23.641,-3.941,0.0342,0.0,0.0
MET,138,CG,2121,16.168,24.992,-4.053,0.0018,0.0,0.0
MET,138,SD,2122,16.731,25.659,-2.437,-0.2737,0.0,0.0
MET,138,CE,2123,15.187,26.111,-1.673,-0.0536,0.0,0.0
MET,138,H,2124,14.529,21.276,-3.929,0.2719,0.0,0.0
MET,138,HA,2125,16.956,22.354,-4.741,0.088,0.0,0.0
MET,138,1HB,2126,14.778,23.547,-4.811,0.0241,0.0,0.0
MET,138,2HB,2127,14.787,23.688,-3.058,0.0241,0.0,0.0
MET,138,1HG,2128,17.043,24.874,-4.691,0.044,0.0,0.0
MET,138,2HG,2129,15.511,25.731,-4.51,0.044,0.0,0.0
MET,138,1HE,2130,15.378,26.53,-0.686,0.0684,0.0,0.0
MET,138,2HE,2131,14.678,26.852,-2.29,0.0684,0.0,0.0
MET,138,3HE,2132,14.556,25.226,-1.576,0.0684,0.0,0.0
ALA,139,N,2133,16.734,22.54,-1.473,-0.4157,0.0,0.0
ALA,139,CA,2134,17.506,22.726,-0.256,0.0337,0.0,0.0
ALA,139,C,2135,18.572,21.655,-0.151,0.5973,0.0,0.0
ALA,139,O,2136,19.723,21.936,0.193,-0.5679,0.0,0.0
ALA,139,CB,2137,16.582,22.681,0.938,-0.1825,0.0,0.0
ALA,139,H,2138,15.73,22.463,-1.403,0.2719,0.0,0.0
ALA,139,HA,2139,17.998,23.694,-0.276,0.0823,0.0,0.0
ALA,139,1HB,2140,17.155,22.781,1.852,0.0603,0.0,0.0
ALA,139,2HB,2141,15.865,23.501,0.873,0.0603,0.0,0.0
ALA,139,3HB,2142,16.055,21.736,0.943,0.0603,0.0,0.0
ALA,140,N,2143,18.202,20.442,-0.542,-0.4157,0.0,0.0
ALA,140,CA,2144,19.103,19.308,-0.511,0.0337,0.0,0.0
ALA,140,C,2145,20.257,19.54,-1.475,0.5973,0.0,0.0
ALA,140,O,2146,21.408,19.358,-1.107,-0.5679,0.0,0.0
ALA,140,CB,2147,18.345,18.042,-0.849,-0.1825,0.0,0.0
ALA,140,H,2148,17.241,20.282,-0.813,0.2719,0.0,0.0
ALA,140,HA,2149,19.516,19.207,0.483,0.0823,0.0,0.0
ALA,140,1HB,2150,18.998,17.207,-0.826,0.0603,0.0,0.0
ALA,140,2HB,2151,17.546,17.892,-0.122,0.0603,0.0,0.0
ALA,140,3HB,2152,17.926,18.124,-1.815,0.0603,0.0,0.0
GLN,141,N,2153,19.971,20.189,-2.605,-0.4157,0.0,0.0
GLN,141,CA,2154,20.995,20.397,-3.622,-0.0031,0.0,0.0
GLN,141,C,2155,22.079,21.326,-3.095,0.5973,0.0,0.0
GLN,141,O,2156,23.266,21.073,-3.291,-0.5679,0.0,0.0
GLN,141,CB,2157,20.382,20.972,-4.9,-0.0036,0.0,0.0
GLN,141,CG,2158,21.349,21.094,-6.062,-0.0645,0.0,0.0
GLN,141,CD,2159,21.87,19.757,-6.537,0.6951,0.0,0.0
GLN,141,NE2,2160,23.187,19.643,-6.633,-0.9407,0.0,0.0
GLN,141,OE1,2161,21.098,18.837,-6.817,-0.6086,0.0,0.0
GLN,141,H,2162,19.01,20.182,-2.912,0.2719,0.0,0.0
GLN,141,HA,2163,21.439,19.434,-3.872,0.085,0.0,0.0
GLN,141,1HB,2164,19.552,20.341,-5.22,0.0171,0.0,0.0
GLN,141,2HB,2165,19.981,21.96,-4.7,0.0171,0.0,0.0
GLN,141,1HG,2166,20.84,21.573,-6.897,0.0352,0.0,0.0
GLN,141,2HG,2167,22.203,21.698,-5.749,0.0352,0.0,0.0
GLN,141,1HE2,2168,23.595,18.783,-6.942,0.4251,0.0,0.0
GLN,141,2HE2,2169,23.776,20.418,-6.396,0.4251,0.0,0.0
ILE,142,N,2170,21.674,22.269,-2.241,-0.4157,0.0,0.0
ILE,142,CA,2171,22.626,23.24,-1.716,-0.0597,0.0,0.0
ILE,142,C,2172,23.678,22.517,-0.887,0.5973,0.0,0.0
ILE,142,O,2173,24.873,22.586,-1.181,-0.5679,0.0,0.0
ILE,142,CB,2174,21.935,24.314,-0.853,0.1303,0.0,0.0
ILE,142,CG1,2175,21.017,25.177,-1.695,-0.043,0.0,0.0
ILE,142,CG2,2176,22.977,25.163,-0.157,-0.3204,0.0,0.0
ILE,142,CD1,2177,20.101,26.059,-0.859,-0.066,0.0,0.0
ILE,142,H,2178,20.684,22.482,-2.205,0.2719,0.0,0.0
ILE,142,HA,2179,23.104,23.749,-2.553,0.0869,0.0,0.0
ILE,142,HB,2180,21.31,23.835,-0.11,0.0187,0.0,0.0
ILE,142,1HG1,2181,21.622,25.807,-2.344,0.0236,0.0,0.0
ILE,142,2HG1,2182,20.407,24.531,-2.329,0.0236,0.0,0.0
ILE,142,1HG2,2183,22.483,25.917,0.448,0.0882,0.0,0.0
ILE,142,2HG2,2184,23.594,24.532,0.482,0.0882,0.0,0.0
ILE,142,3HG2,2185,23.607,25.649,-0.901,0.0882,0.0,0.0
ILE,142,1HD1,2186,19.469,26.652,-1.516,0.0186,0.0,0.0
ILE,142,2HD1,2187,19.476,25.439,-0.222,0.0186,0.0,0.0
ILE,142,3HD1,2188,20.701,26.723,-0.239,0.0186,0.0,0.0
THR,143,N,2189,23.196,21.66,0.008,-0.4157,0.0,0.0
THR,143,CA,2190,24.064,20.887,0.884,-0.0389,0.0,0.0
THR,143,C,2191,24.854,19.866,0.086,0.5973,0.0,0.0
THR,143,O,2192,26.056,19.729,0.28,-0.5679,0.0,0.0
THR,143,CB,2193,23.29,20.171,1.986,0.3654,0.0,0.0
THR,143,CG2,2194,24.231,19.32,2.8,-0.2438,0.0,0.0
THR,143,OG1,2195,22.66,21.131,2.827,-0.6761,0.0,0.0
THR,143,H,2196,22.205,21.709,0.226,0.2719,0.0,0.0
THR,143,HA,2197,24.778,21.566,1.351,0.1007,0.0,0.0
THR,143,HB,2198,22.546,19.559,1.554,0.0043,0.0,0.0
THR,143,HG1,2199,21.761,21.228,2.576,0.4102,0.0,0.0
THR,143,1HG2,2200,23.671,18.812,3.584,0.0642,0.0,0.0
THR,143,2HG2,2201,24.702,18.584,2.15,0.0642,0.0,0.0
THR,143,3HG2,2202,24.996,19.951,3.251,0.0642,0.0,0.0
LYS,144,N,2203,24.226,19.266,-0.923,-0.3479,0.0,0.0
LYS,144,CA,2204,24.922,18.273,-1.728,-0.24,0.0,0.0
LYS,144,C,2205,26.227,18.843,-2.251,0.7341,0.0,0.0
LYS,144,O,2206,27.289,18.265,-2.034,-0.5894,0.0,0.0
LYS,144,CB,2207,24.053,17.8,-2.889,-0.0094,0.0,0.0
LYS,144,CG,2208,24.74,16.808,-3.795,0.0187,0.0,0.0
LYS,144,CD,2209,23.828,16.326,-4.914,-0.0479,0.0,0.0
LYS,144,CE,2210,24.584,15.435,-5.88,-0.0143,0.0,0.0
LYS,144,NZ,2211,23.711,14.93,-6.986,-0.3854,0.0,0.0
LYS,144,H,2212,23.223,19.308,-0.971,0.2747,0.0,0.0
LYS,144,HA,2213,25.143,17.409,-1.1,0.1426,0.0,0.0
LYS,144,1HB,2214,23.15,17.338,-2.497,0.0362,0.0,0.0
LYS,144,2HB,2215,23.748,18.648,-3.487,0.0362,0.0,0.0
LYS,144,1HG,2216,25.622,17.273,-4.24,0.0103,0.0,0.0
LYS,144,2HG,2217,25.053,15.961,-3.219,0.0103,0.0,0.0
LYS,144,1HD,2218,22.994,15.772,-4.493,0.0621,0.0,0.0
LYS,144,2HD,2219,23.433,17.179,-5.453,0.0621,0.0,0.0
LYS,144,1HE,2220,25.405,15.995,-6.308,0.1135,0.0,0.0
LYS,144,2HE,2221,24.986,14.59,-5.337,0.1135,0.0,0.0
LYS,144,1HZ,2222,24.254,14.343,-7.602,0.34,0.0,0.0
LYS,144,2HZ,2223,22.948,14.394,-6.595,0.34,0.0,0.0
LYS,144,3HZ,2224,23.341,15.712,-7.507,0.34,0.0,0.0
ARG,145,N,2225,26.156,20.075,-2.772,-0.3479,0.0,0.0
ARG,145,CA,2226,27.315,20.732,-3.358,-0.2637,0.0,0.0
ARG,145,C,2227,28.353,21.013,-2.288,0.7341,0.0,0.0
ARG,145,O,2228,29.547,20.785,-2.497,-0.5894,0.0,0.0
ARG,145,CB,2229,26.882,22.031,-4.015,-0.0007,0.0,0.0
ARG,145,CG,2230,26.036,21.849,-5.263,0.039,0.0,0.0
ARG,145,CD,2231,25.553,23.144,-5.797,0.0486,0.0,0.0
ARG,145,NE,2232,24.734,22.967,-6.985,-0.5295,0.0,0.0
ARG,145,CZ,2233,24.042,23.951,-7.592,0.8076,0.0,0.0
ARG,145,NH1,2234,24.079,25.175,-7.11,-0.8627,0.0,0.0
ARG,145,NH2,2235,23.326,23.687,-8.671,-0.8627,0.0,0.0
ARG,145,H,2236,25.238,20.455,-2.965,0.2747,0.0,0.0
ARG,145,HA,2237,27.737,20.082,-4.125,0.156,0.0,0.0
ARG,145,1HB,2238,26.31,22.624,-3.309,0.0327,0.0,0.0
ARG,145,2HB,2239,27.762,22.612,-4.289,0.0327,0.0,0.0
ARG,145,1HG,2240,26.629,21.359,-6.035,0.0285,0.0,0.0
ARG,145,2HG,2241,25.17,21.232,-5.024,0.0285,0.0,0.0
ARG,145,1HD,2242,24.952,23.647,-5.039,0.0687,0.0,0.0
ARG,145,2HD,2243,26.405,23.77,-6.061,0.0687,0.0,0.0
ARG,145,HE,2244,24.681,22.04,-7.386,0.3456,0.0,0.0
ARG,145,1HH1,2245,24.627,25.377,-6.286,0.4478,0.0,0.0
ARG,145,2HH1,2246,23.561,25.912,-7.566,0.4478,0.0,0.0
ARG,145,1HH2,2247,23.297,22.747,-9.04,0.4478,0.0,0.0
ARG,145,2HH2,2248,22.807,24.425,-9.125,0.4478,0.0,0.0
LYS,146,N,2249,27.869,21.321,-1.079,-0.3479,0.0,0.0
LYS,146,CA,2250,28.743,21.618,0.043,-0.24,0.0,0.0
LYS,146,C,2251,29.587,20.405,0.355,0.7341,0.0,0.0
LYS,146,O,2252,30.809,20.501,0.423,-0.5894,0.0,0.0
LYS,146,CB,2253,27.948,22.041,1.28,-0.0094,0.0,0.0
LYS,146,CG,2254,28.791,22.403,2.48,0.0187,0.0,0.0
LYS,146,CD,2255,27.917,22.858,3.639,-0.0479,0.0,0.0
LYS,146,CE,2256,28.75,23.19,4.867,-0.0143,0.0,0.0
LYS,146,NZ,2257,27.901,23.633,6.004,-0.3854,0.0,0.0
LYS,146,H,2258,26.888,21.567,-1.002,0.2747,0.0,0.0
LYS,146,HA,2259,29.417,22.427,-0.24,0.1426,0.0,0.0
LYS,146,1HB,2260,27.33,22.906,1.037,0.0362,0.0,0.0
LYS,146,2HB,2261,27.283,21.25,1.582,0.0362,0.0,0.0
LYS,146,1HG,2262,29.375,21.532,2.79,0.0103,0.0,0.0
LYS,146,2HG,2263,29.479,23.204,2.214,0.0103,0.0,0.0
LYS,146,1HD,2264,27.353,23.744,3.343,0.0621,0.0,0.0
LYS,146,2HD,2265,27.209,22.066,3.894,0.0621,0.0,0.0
LYS,146,1HE,2266,29.313,22.306,5.165,0.1135,0.0,0.0
LYS,146,2HE,2267,29.453,23.983,4.617,0.1135,0.0,0.0
LYS,146,1HZ,2268,28.488,23.844,6.798,0.34,0.0,0.0
LYS,146,2HZ,2269,27.385,24.46,5.737,0.34,0.0,0.0
LYS,146,3HZ,2270,27.255,22.896,6.249,0.34,0.0,0.0
TRP,147,N,2271,28.932,19.242,0.4,-0.4157,0.0,0.0
TRP,147,CA,2272,29.593,17.996,0.735,-0.0275,0.0,0.0
TRP,147,C,2273,30.571,17.549,-0.33,0.5973,0.0,0.0
TRP,147,O,2274,31.529,16.828,-0.046,-0.5679,0.0,0.0
TRP,147,CB,2275,28.579,16.879,0.965,-0.005,0.0,0.0
TRP,147,CG,2276,27.867,17.024,2.267,-0.1415,0.0,0.0
TRP,147,CD1,2277,28.266,17.812,3.3,-0.1638,0.0,0.0
TRP,147,CD2,2278,26.642,16.382,2.695,0.1243,0.0,0.0
TRP,147,CE2,2279,26.384,16.843,3.994,0.138,0.0,0.0
TRP,147,CE3,2280,25.76,15.481,2.112,-0.2387,0.0,0.0
TRP,147,NE1,2281,27.387,17.711,4.341,-0.3418,0.0,0.0
TRP,147,CZ2,2282,25.275,16.422,4.71,-0.2601,0.0,0.0
TRP,147,CZ3,2283,24.653,15.069,2.84,-0.1972,0.0,0.0
TRP,147,CH2,2284,24.416,15.523,4.095,-0.1134,0.0,0.0
TRP,147,H,2285,27.924,19.263,0.372,0.2719,0.0,0.0
TRP,147,HA,2286,30.131,18.141,1.666,0.1123,0.0,0.0
TRP,147,1HB,2287,27.846,16.879,0.158,0.0339,0.0,0.0
TRP,147,2HB,2288,29.084,15.925,0.944,0.0339,0.0,0.0
TRP,147,HD1,2289,29.159,18.435,3.299,0.2062,0.0,0.0
TRP,147,HE1,2290,27.462,18.195,5.224,0.3412,0.0,0.0
TRP,147,HE3,2291,25.935,15.111,1.109,0.17,0.0,0.0
TRP,147,HZ2,2292,25.071,16.778,5.719,0.1572,0.0,0.0
TRP,147,HZ3,2293,23.973,14.37,2.385,0.1447,0.0,0.0
TRP,147,HH2,2294,23.532,15.17,4.628,0.1417,0.0,0.0
GLU,148,N,2295,30.234,17.774,-1.603,-0.5163,0.0,0.0
GLU,148,CA,2296,31.101,17.292,-2.67,0.0397,0.0,0.0
GLU,148,C,2297,32.456,17.987,-2.619,0.5366,0.0,0.0
GLU,148,O,2298,33.465,17.432,-2.188,-0.5819,0.0,0.0
GLU,148,CB,2299,30.482,17.503,-4.053,0.056,0.0,0.0
GLU,148,CG,2300,29.295,16.617,-4.371,0.0136,0.0,0.0
GLU,148,CD,2301,28.715,16.902,-5.726,0.8054,0.0,0.0
GLU,148,OE1,2302,29.156,17.833,-6.357,-0.8188,0.0,0.0
GLU,148,OE2,2303,27.835,16.193,-6.131,-0.8188,0.0,0.0
GLU,148,H,2304,29.34,18.191,-1.823,0.2936,0.0,0.0
GLU,148,HA,2305,31.262,16.224,-2.53,0.1105,0.0,0.0
GLU,148,1HB,2306,30.152,18.539,-4.149,-0.0173,0.0,0.0
GLU,148,2HB,2307,31.235,17.326,-4.819,-0.0173,0.0,0.0
GLU,148,1HG,2308,29.611,15.575,-4.33,-0.0425,0.0,0.0
GLU,148,2HG,2309,28.532,16.763,-3.613,-0.0425,0.0,0.0
ALA,149,N,2310,32.334,19.266,-2.246,-0.4157,0.0,0.0
ALA,149,CA,2311,33.5,20.117,-2.06,0.0337,0.0,0.0
ALA,149,C,2312,34.243,19.723,-0.789,0.5973,0.0,0.0
ALA,149,O,2313,35.466,19.587,-0.787,-0.5679,0.0,0.0
ALA,149,CB,2314,33.072,21.574,-2.004,-0.1825,0.0,0.0
ALA,149,H,2315,31.446,19.725,-2.403,0.2719,0.0,0.0
ALA,149,HA,2316,34.179,19.985,-2.903,0.0823,0.0,0.0
ALA,149,1HB,2317,33.946,22.204,-1.843,0.0603,0.0,0.0
ALA,149,2HB,2318,32.595,21.848,-2.945,0.0603,0.0,0.0
ALA,149,3HB,2319,32.369,21.715,-1.188,0.0603,0.0,0.0
ALA,150,N,2320,33.473,19.421,0.254,-0.4157,0.0,0.0
ALA,150,CA,2321,33.997,19.103,1.573,0.0337,0.0,0.0
ALA,150,C,2322,34.557,17.696,1.656,0.5973,0.0,0.0
ALA,150,O,2323,35.177,17.344,2.66,-0.5679,0.0,0.0
ALA,150,CB,2324,32.925,19.318,2.626,-0.1825,0.0,0.0
ALA,150,H,2325,32.487,19.616,0.186,0.2719,0.0,0.0
ALA,150,HA,2326,34.831,19.78,1.755,0.0823,0.0,0.0
ALA,150,1HB,2327,33.346,19.152,3.616,0.0603,0.0,0.0
ALA,150,2HB,2328,32.549,20.34,2.561,0.0603,0.0,0.0
ALA,150,3HB,2329,32.115,18.625,2.457,0.0603,0.0,0.0
HID,151,N,2330,34.194,16.858,0.684,-0.4157,0.0,0.0
HID,151,CA,2331,34.613,15.465,0.651,0.0188,0.0,0.0
HID,151,C,2332,34.034,14.718,1.845,0.5973,0.0,0.0
HID,151,O,2333,34.712,13.901,2.47,-0.5679,0.0,0.0
HID,151,CB,2334,36.144,15.336,0.65,-0.0462,0.0,0.0
HID,151,CG,2335,36.793,16.037,-0.498,-0.0266,0.0,0.0
HID,151,CD2,2336,37.552,17.154,-0.546,0.1292,0.0,0.0
HID,151,ND1,2337,36.694,15.583,-1.797,-0.3811,0.0,0.0
HID,151,CE1,2338,37.364,16.396,-2.594,0.2057,0.0,0.0
HID,151,NE2,2339,37.894,17.357,-1.86,-0.5727,0.0,0.0
HID,151,H,2340,33.778,17.231,-0.158,0.2719,0.0,0.0
HID,151,HA,2341,34.253,14.995,-0.264,0.0881,0.0,0.0
HID,151,1HB,2342,36.554,15.742,1.565,0.0402,0.0,0.0
HID,151,2HB,2343,36.421,14.287,0.615,0.0402,0.0,0.0
HID,151,HD1,2344,36.138,14.815,-2.114,0.3649,0.0,0.0
HID,151,HD2,2345,37.896,17.848,0.222,0.1147,0.0,0.0
HID,151,HE1,2346,37.407,16.21,-3.667,0.1392,0.0,0.0
GLU,152,N,2347,32.763,15.016,2.148,-0.5163,0.0,0.0
GLU,152,CA,2348,32.041,14.356,3.228,0.0397,0.0,0.0
GLU,152,C,2349,31.878,12.875,2.943,0.5366,0.0,0.0
GLU,152,O,2350,32.07,12.052,3.83,-0.5819,0.0,0.0
GLU,152,CB,2351,30.666,14.984,3.44,0.056,0.0,0.0
GLU,152,CG,2352,29.87,14.401,4.608,0.0136,0.0,0.0
GLU,152,CD,2353,30.51,14.664,5.952,0.8054,0.0,0.0
GLU,152,OE1,2354,31.328,15.548,6.037,-0.8188,0.0,0.0
GLU,152,OE2,2355,30.18,13.978,6.89,-0.8188,0.0,0.0
GLU,152,H,2356,32.27,15.669,1.549,0.2936,0.0,0.0
GLU,152,HA,2357,32.626,14.445,4.144,0.1105,0.0,0.0
GLU,152,1HB,2358,30.78,16.054,3.618,-0.0173,0.0,0.0
GLU,152,2HB,2359,30.08,14.861,2.546,-0.0173,0.0,0.0
GLU,152,1HG,2360,28.87,14.835,4.606,-0.0425,0.0,0.0
GLU,152,2HG,2361,29.77,13.325,4.464,-0.0425,0.0,0.0
ALA,153,N,2362,31.66,12.532,1.67,-0.4157,0.0,0.0
ALA,153,CA,2363,31.475,11.141,1.275,0.0337,0.0,0.0
ALA,153,C,2364,32.719,10.34,1.596,0.5973,0.0,0.0
ALA,153,O,2365,32.621,9.204,2.042,-0.5679,0.0,0.0
ALA,153,CB,2366,31.153,11.027,-0.21,-0.1825,0.0,0.0
ALA,153,H,2367,31.54,13.26,0.98,0.2719,0.0,0.0
ALA,153,HA,2368,30.64,10.716,1.833,0.0823,0.0,0.0
ALA,153,1HB,2369,31.052,9.977,-0.479,0.0603,0.0,0.0
ALA,153,2HB,2370,30.234,11.536,-0.428,0.0603,0.0,0.0
ALA,153,3HB,2371,31.956,11.476,-0.791,0.0603,0.0,0.0
GLU,154,N,2372,33.89,10.954,1.422,-0.5163,0.0,0.0
GLU,154,CA,2373,35.148,10.27,1.68,0.0397,0.0,0.0
GLU,154,C,2374,35.369,10.044,3.168,0.5366,0.0,0.0
GLU,154,O,2375,35.657,8.924,3.593,-0.5819,0.0,0.0
GLU,154,CB,2376,36.311,11.078,1.099,0.056,0.0,0.0
GLU,154,CG,2377,36.337,11.146,-0.418,0.0136,0.0,0.0
GLU,154,CD,2378,36.516,9.801,-1.047,0.8054,0.0,0.0
GLU,154,OE1,2379,37.428,9.11,-0.658,-0.8188,0.0,0.0
GLU,154,OE2,2380,35.746,9.461,-1.911,-0.8188,0.0,0.0
GLU,154,H,2381,33.904,11.9,1.066,0.2936,0.0,0.0
GLU,154,HA,2382,35.123,9.301,1.178,0.1105,0.0,0.0
GLU,154,1HB,2383,36.267,12.093,1.476,-0.0173,0.0,0.0
GLU,154,2HB,2384,37.254,10.645,1.429,-0.0173,0.0,0.0
GLU,154,1HG,2385,35.4,11.582,-0.766,-0.0425,0.0,0.0
GLU,154,2HG,2386,37.15,11.802,-0.727,-0.0425,0.0,0.0
GLN,155,N,2387,34.962,11.031,3.969,-0.4157,0.0,0.0
GLN,155,CA,2388,35.152,10.948,5.409,-0.0031,0.0,0.0
GLN,155,C,2389,34.232,9.888,5.988,0.5973,0.0,0.0
GLN,155,O,2390,34.642,9.056,6.79,-0.5679,0.0,0.0
GLN,155,CB,2391,34.885,12.299,6.072,-0.0036,0.0,0.0
GLN,155,CG,2392,35.208,12.333,7.553,-0.0645,0.0,0.0
GLN,155,CD,2393,36.686,12.089,7.822,0.6951,0.0,0.0
GLN,155,NE2,2394,36.984,11.113,8.668,-0.9407,0.0,0.0
GLN,155,OE1,2395,37.552,12.775,7.269,-0.6086,0.0,0.0
GLN,155,H,2396,34.769,11.937,3.557,0.2719,0.0,0.0
GLN,155,HA,2397,36.184,10.663,5.612,0.085,0.0,0.0
GLN,155,1HB,2398,35.479,13.07,5.577,0.0171,0.0,0.0
GLN,155,2HB,2399,33.834,12.565,5.947,0.0171,0.0,0.0
GLN,155,1HG,2400,34.942,13.311,7.95,0.0352,0.0,0.0
GLN,155,2HG,2401,34.633,11.555,8.057,0.0352,0.0,0.0
GLN,155,1HE2,2402,37.941,10.911,8.881,0.4251,0.0,0.0
GLN,155,2HE2,2403,36.255,10.582,9.093,0.4251,0.0,0.0
LEU,156,N,2404,33.034,9.826,5.422,-0.4157,0.0,0.0
LEU,156,CA,2405,31.981,8.918,5.836,-0.0518,0.0,0.0
LEU,156,C,2406,32.336,7.493,5.447,0.5973,0.0,0.0
LEU,156,O,2407,32.308,6.597,6.291,-0.5679,0.0,0.0
LEU,156,CB,2408,30.681,9.363,5.175,-0.1102,0.0,0.0
LEU,156,CG,2409,29.47,8.546,5.434,0.3531,0.0,0.0
LEU,156,CD1,2410,29.19,8.462,6.927,-0.4121,0.0,0.0
LEU,156,CD2,2411,28.349,9.176,4.7,-0.4121,0.0,0.0
LEU,156,H,2412,32.763,10.594,4.828,0.2719,0.0,0.0
LEU,156,HA,2413,31.875,8.973,6.919,0.0922,0.0,0.0
LEU,156,1HB,2414,30.456,10.376,5.506,0.0457,0.0,0.0
LEU,156,2HB,2415,30.83,9.376,4.097,0.0457,0.0,0.0
LEU,156,HG,2416,29.631,7.536,5.082,-0.0361,0.0,0.0
LEU,156,1HD1,2417,28.295,7.856,7.095,0.1,0.0,0.0
LEU,156,2HD1,2418,30.041,8.001,7.431,0.1,0.0,0.0
LEU,156,3HD1,2419,29.029,9.464,7.323,0.1,0.0,0.0
LEU,156,1HD2,2420,27.451,8.61,4.864,0.1,0.0,0.0
LEU,156,2HD2,2421,28.212,10.189,5.064,0.1,0.0,0.0
LEU,156,3HD2,2422,28.577,9.196,3.638,0.1,0.0,0.0
ARG,157,N,2423,32.789,7.326,4.203,-0.3479,0.0,0.0
ARG,157,CA,2424,33.141,6.025,3.645,-0.2637,0.0,0.0
ARG,157,C,2425,34.217,5.362,4.492,0.7341,0.0,0.0
ARG,157,O,2426,34.122,4.179,4.808,-0.5894,0.0,0.0
ARG,157,CB,2427,33.642,6.151,2.214,-0.0007,0.0,0.0
ARG,157,CG,2428,34.003,4.824,1.578,0.039,0.0,0.0
ARG,157,CD,2429,34.368,4.944,0.145,0.0486,0.0,0.0
ARG,157,NE,2430,35.565,5.737,-0.06,-0.5295,0.0,0.0
ARG,157,CZ,2431,36.831,5.294,0.117,0.8076,0.0,0.0
ARG,157,NH1,2432,37.071,4.052,0.507,-0.8627,0.0,0.0
ARG,157,NH2,2433,37.847,6.111,-0.101,-0.8627,0.0,0.0
ARG,157,H,2434,32.684,8.09,3.555,0.2747,0.0,0.0
ARG,157,HA,2435,32.251,5.397,3.635,0.156,0.0,0.0
ARG,157,1HB,2436,32.879,6.625,1.6,0.0327,0.0,0.0
ARG,157,2HB,2437,34.522,6.792,2.19,0.0327,0.0,0.0
ARG,157,1HG,2438,34.855,4.401,2.105,0.0285,0.0,0.0
ARG,157,2HG,2439,33.159,4.149,1.644,0.0285,0.0,0.0
ARG,157,1HD,2440,34.548,3.951,-0.265,0.0687,0.0,0.0
ARG,157,2HD,2441,33.555,5.421,-0.4,0.0687,0.0,0.0
ARG,157,HE,2442,35.445,6.696,-0.359,0.3456,0.0,0.0
ARG,157,1HH1,2443,36.313,3.399,0.683,0.4478,0.0,0.0
ARG,157,2HH1,2444,38.025,3.745,0.633,0.4478,0.0,0.0
ARG,157,1HH2,2445,37.679,7.065,-0.4,0.4478,0.0,0.0
ARG,157,2HH2,2446,38.793,5.784,0.03,0.4478,0.0,0.0
ALA,158,N,2447,35.115,6.186,5.055,-0.4157,0.0,0.0
ALA,158,CA,2448,36.236,5.686,5.859,0.0337,0.0,0.0
ALA,158,C,2449,35.719,4.776,6.977,0.5973,0.0,0.0
ALA,158,O,2450,36.405,3.836,7.399,-0.5679,0.0,0.0
ALA,158,CB,2451,37.035,6.838,6.446,-0.1825,0.0,0.0
ALA,158,H,2452,35.215,7.113,4.662,0.2719,0.0,0.0
ALA,158,HA,2453,36.902,5.101,5.224,0.0823,0.0,0.0
ALA,158,1HB,2454,37.845,6.444,7.058,0.0603,0.0,0.0
ALA,158,2HB,2455,37.45,7.44,5.638,0.0603,0.0,0.0
ALA,158,3HB,2456,36.391,7.452,7.055,0.0603,0.0,0.0
TYR,159,N,2457,34.494,5.045,7.415,-0.4157,0.0,0.0
TYR,159,CA,2458,33.879,4.309,8.489,-0.0014,0.0,0.0
TYR,159,C,2459,33.046,3.185,7.913,0.5973,0.0,0.0
TYR,159,O,2460,33.112,2.057,8.356,-0.5679,0.0,0.0
TYR,159,CB,2461,33.027,5.24,9.362,-0.0152,0.0,0.0
TYR,159,CG,2462,33.803,6.299,10.083,-0.0011,0.0,0.0
TYR,159,CD1,2463,33.985,7.528,9.489,-0.1906,0.0,0.0
TYR,159,CD2,2464,34.335,6.044,11.336,-0.1906,0.0,0.0
TYR,159,CE1,2465,34.695,8.511,10.139,-0.2341,0.0,0.0
TYR,159,CE2,2466,35.048,7.022,11.992,-0.2341,0.0,0.0
TYR,159,CZ,2467,35.229,8.254,11.397,0.3226,0.0,0.0
TYR,159,OH,2468,35.94,9.235,12.049,-0.5579,0.0,0.0
TYR,159,H,2469,34.043,5.894,7.111,0.2719,0.0,0.0
TYR,159,HA,2470,34.662,3.876,9.1,0.0876,0.0,0.0
TYR,159,1HB,2471,32.282,5.738,8.742,0.0295,0.0,0.0
TYR,159,2HB,2472,32.493,4.65,10.107,0.0295,0.0,0.0
TYR,159,HD1,2473,33.563,7.719,8.506,0.1699,0.0,0.0
TYR,159,HD2,2474,34.192,5.079,11.8,0.1699,0.0,0.0
TYR,159,HE1,2475,34.836,9.479,9.666,0.1656,0.0,0.0
TYR,159,HE2,2476,35.467,6.821,12.979,0.1656,0.0,0.0
TYR,159,HH,2477,35.972,10.023,11.5,0.3992,0.0,0.0
LEU,160,N,2478,32.259,3.497,6.897,-0.4157,0.0,0.0
LEU,160,CA,2479,31.293,2.524,6.404,-0.0518,0.0,0.0
LEU,160,C,2480,31.948,1.251,5.881,0.5973,0.0,0.0
LEU,160,O,2481,31.4,0.165,6.054,-0.5679,0.0,0.0
LEU,160,CB,2482,30.447,3.15,5.292,-0.1102,0.0,0.0
LEU,160,CG,2483,29.482,4.273,5.751,0.3531,0.0,0.0
LEU,160,CD1,2484,28.842,4.905,4.546,-0.4121,0.0,0.0
LEU,160,CD2,2485,28.442,3.696,6.678,-0.4121,0.0,0.0
LEU,160,H,2486,32.216,4.457,6.577,0.2719,0.0,0.0
LEU,160,HA,2487,30.652,2.228,7.234,0.0922,0.0,0.0
LEU,160,1HB,2488,31.113,3.567,4.543,0.0457,0.0,0.0
LEU,160,2HB,2489,29.854,2.369,4.825,0.0457,0.0,0.0
LEU,160,HG,2490,30.042,5.049,6.276,-0.0361,0.0,0.0
LEU,160,1HD1,2491,28.163,5.696,4.866,0.1,0.0,0.0
LEU,160,2HD1,2492,29.616,5.33,3.905,0.1,0.0,0.0
LEU,160,3HD1,2493,28.287,4.15,3.995,0.1,0.0,0.0
LEU,160,1HD2,2494,27.763,4.486,7.002,0.1,0.0,0.0
LEU,160,2HD2,2495,27.889,2.935,6.154,0.1,0.0,0.0
LEU,160,3HD2,2496,28.93,3.258,7.55,0.1,0.0,0.0
ASP,161,N,2497,33.099,1.38,5.233,-0.5163,0.0,0.0
ASP,161,CA,2498,33.786,0.213,4.69,0.0381,0.0,0.0
ASP,161,C,2499,35.09,-0.04,5.424,0.5366,0.0,0.0
ASP,161,O,2500,36.001,-0.67,4.887,-0.5819,0.0,0.0
ASP,161,CB,2501,34.067,0.395,3.188,-0.0303,0.0,0.0
ASP,161,CG,2502,35.046,1.505,2.839,0.7994,0.0,0.0
ASP,161,OD1,2503,35.512,2.172,3.726,-0.8014,0.0,0.0
ASP,161,OD2,2504,35.316,1.669,1.667,-0.8014,0.0,0.0
ASP,161,H,2505,33.517,2.294,5.146,0.2936,0.0,0.0
ASP,161,HA,2506,33.143,-0.657,4.806,0.088,0.0,0.0
ASP,161,1HB,2507,34.466,-0.534,2.785,-0.0122,0.0,0.0
ASP,161,2HB,2508,33.138,0.607,2.672,-0.0122,0.0,0.0
GLY,162,N,2509,35.214,0.545,6.618,-0.4157,0.0,0.0
GLY,162,CA,2510,36.425,0.405,7.412,-0.0252,0.0,0.0
GLY,162,C,2511,36.136,0.194,8.894,0.5973,0.0,0.0
GLY,162,O,2512,36.009,-0.939,9.357,-0.5679,0.0,0.0
GLY,162,H,2513,34.421,1.021,7.029,0.2719,0.0,0.0
GLY,162,1HA,2514,37.006,-0.437,7.04,0.0698,0.0,0.0
GLY,162,2HA,2515,37.035,1.299,7.293,0.0698,0.0,0.0
THR,163,N,2516,36.091,1.302,9.629,-0.4157,0.0,0.0
THR,163,CA,2517,35.889,1.299,11.086,-0.0389,0.0,0.0
THR,163,C,2518,34.586,0.628,11.537,0.5973,0.0,0.0
THR,163,O,2519,34.597,-0.167,12.475,-0.5679,0.0,0.0
THR,163,CB,2520,35.924,2.721,11.628,0.3654,0.0,0.0
THR,163,CG2,2521,35.659,2.717,13.079,-0.2438,0.0,0.0
THR,163,OG1,2522,37.212,3.3,11.377,-0.6761,0.0,0.0
THR,163,H,2523,36.163,2.189,9.133,0.2719,0.0,0.0
THR,163,HA,2524,36.702,0.727,11.536,0.1007,0.0,0.0
THR,163,HB,2525,35.183,3.299,11.133,0.0043,0.0,0.0
THR,163,HG1,2526,37.376,3.314,10.431,0.4102,0.0,0.0
THR,163,1HG2,2527,35.687,3.739,13.453,0.0642,0.0,0.0
THR,163,2HG2,2528,34.678,2.286,13.258,0.0642,0.0,0.0
THR,163,3HG2,2529,36.419,2.125,13.586,0.0642,0.0,0.0
CYS,164,N,2530,33.491,0.899,10.834,-0.4157,0.0,0.0
CYS,164,CA,2531,32.18,0.311,11.129,0.0213,0.0,0.0
CYS,164,C,2532,32.27,-1.192,11.144,0.5973,0.0,0.0
CYS,164,O,2533,31.82,-1.852,12.08,-0.5679,0.0,0.0
CYS,164,CB,2534,31.121,0.741,10.092,-0.1231,0.0,0.0
CYS,164,SG,2535,29.412,0.102,10.387,-0.3119,0.0,0.0
CYS,164,H,2536,33.562,1.519,10.05,0.2719,0.0,0.0
CYS,164,HA,2537,31.847,0.673,12.102,0.1124,0.0,0.0
CYS,164,1HB,2538,31.06,1.83,10.067,0.1112,0.0,0.0
CYS,164,2HB,2539,31.424,0.406,9.102,0.1112,0.0,0.0
VAL,165,N,2540,32.904,-1.713,10.097,-0.4157,0.0,0.0
VAL,165,CA,2541,33.062,-3.131,9.881,-0.0875,0.0,0.0
VAL,165,C,2542,33.885,-3.743,10.997,0.5973,0.0,0.0
VAL,165,O,2543,33.456,-4.716,11.609,-0.5679,0.0,0.0
VAL,165,CB,2544,33.761,-3.356,8.533,0.2985,0.0,0.0
VAL,165,CG1,2545,34.088,-4.841,8.345,-0.3192,0.0,0.0
VAL,165,CG2,2546,32.855,-2.838,7.43,-0.3192,0.0,0.0
VAL,165,H,2547,33.255,-1.082,9.391,0.2719,0.0,0.0
VAL,165,HA,2548,32.075,-3.597,9.854,0.0969,0.0,0.0
VAL,165,HB,2549,34.702,-2.825,8.512,-0.0297,0.0,0.0
VAL,165,1HG1,2550,34.585,-4.988,7.385,0.0791,0.0,0.0
VAL,165,2HG1,2551,34.747,-5.168,9.148,0.0791,0.0,0.0
VAL,165,3HG1,2552,33.178,-5.428,8.365,0.0791,0.0,0.0
VAL,165,1HG2,2553,33.333,-2.988,6.469,0.0791,0.0,0.0
VAL,165,2HG2,2554,31.911,-3.375,7.453,0.0791,0.0,0.0
VAL,165,3HG2,2555,32.668,-1.771,7.582,0.0791,0.0,0.0
GLU,166,N,2556,34.971,-3.064,11.386,-0.5163,0.0,0.0
GLU,166,CA,2557,35.828,-3.597,12.436,0.0397,0.0,0.0
GLU,166,C,2558,35.079,-3.674,13.757,0.5366,0.0,0.0
GLU,166,O,2559,35.163,-4.683,14.458,-0.5819,0.0,0.0
GLU,166,CB,2560,37.083,-2.74,12.603,0.056,0.0,0.0
GLU,166,CG,2561,38.061,-2.841,11.442,0.0136,0.0,0.0
GLU,166,CD,2562,39.258,-1.944,11.599,0.8054,0.0,0.0
GLU,166,OE1,2563,39.29,-1.184,12.535,-0.8188,0.0,0.0
GLU,166,OE2,2564,40.143,-2.02,10.779,-0.8188,0.0,0.0
GLU,166,H,2565,35.328,-2.329,10.789,0.2936,0.0,0.0
GLU,166,HA,2566,36.146,-4.599,12.15,0.1105,0.0,0.0
GLU,166,1HB,2567,36.798,-1.694,12.714,-0.0173,0.0,0.0
GLU,166,2HB,2568,37.607,-3.035,13.513,-0.0173,0.0,0.0
GLU,166,1HG,2569,38.405,-3.873,11.36,-0.0425,0.0,0.0
GLU,166,2HG,2570,37.543,-2.587,10.523,-0.0425,0.0,0.0
TRP,167,N,2571,34.247,-2.664,14.032,-0.4157,0.0,0.0
TRP,167,CA,2572,33.501,-2.633,15.278,-0.0275,0.0,0.0
TRP,167,C,2573,32.507,-3.759,15.318,0.5973,0.0,0.0
TRP,167,O,2574,32.448,-4.498,16.294,-0.5679,0.0,0.0
TRP,167,CB,2575,32.766,-1.311,15.466,-0.005,0.0,0.0
TRP,167,CG,2576,33.594,-0.159,15.811,-0.1415,0.0,0.0
TRP,167,CD1,2577,34.841,-0.157,16.357,-0.1638,0.0,0.0
TRP,167,CD2,2578,33.223,1.219,15.629,0.1243,0.0,0.0
TRP,167,CE2,2579,34.289,1.993,16.084,0.138,0.0,0.0
TRP,167,CE3,2580,32.079,1.85,15.118,-0.2387,0.0,0.0
TRP,167,NE1,2581,35.272,1.139,16.528,-0.3418,0.0,0.0
TRP,167,CZ2,2582,34.255,3.383,16.049,-0.2601,0.0,0.0
TRP,167,CZ3,2583,32.041,3.236,15.081,-0.1972,0.0,0.0
TRP,167,CH2,2584,33.102,3.985,15.534,-0.1134,0.0,0.0
TRP,167,H,2585,34.273,-1.836,13.456,0.2719,0.0,0.0
TRP,167,HA,2586,34.199,-2.753,16.106,0.1123,0.0,0.0
TRP,167,1HB,2587,32.235,-1.059,14.549,0.0339,0.0,0.0
TRP,167,2HB,2588,32.027,-1.419,16.251,0.0339,0.0,0.0
TRP,167,HD1,2589,35.411,-1.048,16.619,0.2062,0.0,0.0
TRP,167,HE1,2590,36.162,1.416,16.916,0.3412,0.0,0.0
TRP,167,HE3,2591,31.238,1.262,14.756,0.17,0.0,0.0
TRP,167,HZ2,2592,35.085,3.994,16.404,0.1572,0.0,0.0
TRP,167,HZ3,2593,31.147,3.717,14.684,0.1447,0.0,0.0
TRP,167,HH2,2594,33.04,5.072,15.49,0.1417,0.0,0.0
LEU,168,N,2595,31.88,-4.015,14.174,-0.4157,0.0,0.0
LEU,168,CA,2596,30.865,-5.034,14.093,-0.0518,0.0,0.0
LEU,168,C,2597,31.482,-6.387,14.322,0.5973,0.0,0.0
LEU,168,O,2598,30.967,-7.175,15.103,-0.5679,0.0,0.0
LEU,168,CB,2599,30.162,-5.012,12.733,-0.1102,0.0,0.0
LEU,168,CG,2600,29.084,-6.067,12.555,0.3531,0.0,0.0
LEU,168,CD1,2601,28.057,-5.935,13.613,-0.4121,0.0,0.0
LEU,168,CD2,2602,28.477,-5.917,11.203,-0.4121,0.0,0.0
LEU,168,H,2603,31.924,-3.322,13.439,0.2719,0.0,0.0
LEU,168,HA,2604,30.109,-4.841,14.852,0.0922,0.0,0.0
LEU,168,1HB,2605,29.706,-4.041,12.584,0.0457,0.0,0.0
LEU,168,2HB,2606,30.909,-5.156,11.953,0.0457,0.0,0.0
LEU,168,HG,2607,29.522,-7.053,12.651,-0.0361,0.0,0.0
LEU,168,1HD1,2608,27.299,-6.7,13.464,0.1,0.0,0.0
LEU,168,2HD1,2609,28.522,-6.065,14.592,0.1,0.0,0.0
LEU,168,3HD1,2610,27.603,-4.96,13.561,0.1,0.0,0.0
LEU,168,1HD2,2611,27.703,-6.668,11.066,0.1,0.0,0.0
LEU,168,2HD2,2612,28.035,-4.922,11.107,0.1,0.0,0.0
LEU,168,3HD2,2613,29.229,-6.043,10.476,0.1,0.0,0.0
ARG,169,N,2614,32.638,-6.63,13.711,-0.3479,0.0,0.0
ARG,169,CA,2615,33.279,-7.921,13.846,-0.2637,0.0,0.0
ARG,169,C,2616,33.524,-8.216,15.32,0.7341,0.0,0.0
ARG,169,O,2617,33.191,-9.295,15.812,-0.5894,0.0,0.0
ARG,169,CB,2618,34.601,-7.946,13.09,-0.0007,0.0,0.0
ARG,169,CG,2619,34.522,-7.95,11.566,0.039,0.0,0.0
ARG,169,CD,2620,35.89,-7.804,10.993,0.0486,0.0,0.0
ARG,169,NE,2621,35.905,-7.802,9.549,-0.5295,0.0,0.0
ARG,169,CZ,2622,36.969,-7.441,8.801,0.8076,0.0,0.0
ARG,169,NH1,2623,38.088,-7.062,9.377,-0.8627,0.0,0.0
ARG,169,NH2,2624,36.878,-7.475,7.485,-0.8627,0.0,0.0
ARG,169,H,2625,32.981,-5.972,13.027,0.2747,0.0,0.0
ARG,169,HA,2626,32.627,-8.688,13.428,0.156,0.0,0.0
ARG,169,1HB,2627,35.19,-7.074,13.37,0.0327,0.0,0.0
ARG,169,2HB,2628,35.162,-8.834,13.378,0.0327,0.0,0.0
ARG,169,1HG,2629,34.088,-8.889,11.219,0.0285,0.0,0.0
ARG,169,2HG,2630,33.904,-7.126,11.223,0.0285,0.0,0.0
ARG,169,1HD,2631,36.321,-6.863,11.332,0.0687,0.0,0.0
ARG,169,2HD,2632,36.511,-8.634,11.329,0.0687,0.0,0.0
ARG,169,HE,2633,35.068,-8.087,9.058,0.3456,0.0,0.0
ARG,169,1HH1,2634,38.153,-7.037,10.385,0.4478,0.0,0.0
ARG,169,2HH1,2635,38.88,-6.794,8.813,0.4478,0.0,0.0
ARG,169,1HH2,2636,36.009,-7.771,7.061,0.4478,0.0,0.0
ARG,169,2HH2,2637,37.666,-7.209,6.913,0.4478,0.0,0.0
ARG,170,N,2638,33.941,-7.177,16.056,-0.3479,0.0,0.0
ARG,170,CA,2639,34.253,-7.319,17.468,-0.2637,0.0,0.0
ARG,170,C,2640,33.007,-7.565,18.289,0.7341,0.0,0.0
ARG,170,O,2641,33.005,-8.42,19.168,-0.5894,0.0,0.0
ARG,170,CB,2642,34.956,-6.074,17.985,-0.0007,0.0,0.0
ARG,170,CG,2643,36.359,-5.852,17.477,0.039,0.0,0.0
ARG,170,CD,2644,36.899,-4.561,17.971,0.0486,0.0,0.0
ARG,170,NE,2645,38.246,-4.313,17.499,-0.5295,0.0,0.0
ARG,170,CZ,2646,38.92,-3.163,17.693,0.8076,0.0,0.0
ARG,170,NH1,2647,38.356,-2.173,18.35,-0.8627,0.0,0.0
ARG,170,NH2,2648,40.149,-3.029,17.224,-0.8627,0.0,0.0
ARG,170,H,2649,34.255,-6.342,15.575,0.2747,0.0,0.0
ARG,170,HA,2650,34.927,-8.168,17.589,0.156,0.0,0.0
ARG,170,1HB,2651,34.379,-5.193,17.721,0.0327,0.0,0.0
ARG,170,2HB,2652,35.01,-6.116,19.073,0.0327,0.0,0.0
ARG,170,1HG,2653,37.004,-6.658,17.823,0.0285,0.0,0.0
ARG,170,2HG,2654,36.354,-5.837,16.389,0.0285,0.0,0.0
ARG,170,1HD,2655,36.26,-3.746,17.621,0.0687,0.0,0.0
ARG,170,2HD,2656,36.917,-4.569,19.059,0.0687,0.0,0.0
ARG,170,HE,2657,38.712,-5.052,16.989,0.3456,0.0,0.0
ARG,170,1HH1,2658,37.417,-2.275,18.708,0.4478,0.0,0.0
ARG,170,2HH1,2659,38.86,-1.311,18.495,0.4478,0.0,0.0
ARG,170,1HH2,2660,40.582,-3.79,16.721,0.4478,0.0,0.0
ARG,170,2HH2,2661,40.653,-2.168,17.371,0.4478,0.0,0.0
TYR,171,N,2662,31.931,-6.856,17.945,-0.4157,0.0,0.0
TYR,171,CA,2663,30.686,-6.9,18.694,-0.0014,0.0,0.0
TYR,171,C,2664,30.038,-8.257,18.572,0.5973,0.0,0.0
TYR,171,O,2665,29.615,-8.844,19.562,-0.5679,0.0,0.0
TYR,171,CB,2666,29.727,-5.811,18.216,-0.0152,0.0,0.0
TYR,171,CG,2667,30.221,-4.411,18.515,-0.0011,0.0,0.0
TYR,171,CD1,2668,31.389,-4.214,19.247,-0.1906,0.0,0.0
TYR,171,CD2,2669,29.512,-3.336,18.061,-0.1906,0.0,0.0
TYR,171,CE1,2670,31.828,-2.922,19.512,-0.2341,0.0,0.0
TYR,171,CE2,2671,29.943,-2.054,18.32,-0.2341,0.0,0.0
TYR,171,CZ,2672,31.087,-1.84,19.038,0.3226,0.0,0.0
TYR,171,OH,2673,31.498,-0.555,19.284,-0.5579,0.0,0.0
TYR,171,H,2674,32.044,-6.127,17.257,0.2719,0.0,0.0
TYR,171,HA,2675,30.908,-6.722,19.746,0.0876,0.0,0.0
TYR,171,1HB,2676,29.577,-5.902,17.138,0.0295,0.0,0.0
TYR,171,2HB,2677,28.757,-5.944,18.693,0.0295,0.0,0.0
TYR,171,HD1,2678,31.958,-5.07,19.612,0.1699,0.0,0.0
TYR,171,HD2,2679,28.606,-3.496,17.493,0.1699,0.0,0.0
TYR,171,HE1,2680,32.742,-2.76,20.085,0.1656,0.0,0.0
TYR,171,HE2,2681,29.369,-1.202,17.953,0.1656,0.0,0.0
TYR,171,HH,2682,30.878,0.061,18.889,0.3992,0.0,0.0
LEU,172,N,2683,30.157,-8.84,17.386,-0.4157,0.0,0.0
LEU,172,CA,2684,29.575,-10.134,17.1,-0.0518,0.0,0.0
LEU,172,C,2685,30.239,-11.207,17.947,0.5973,0.0,0.0
LEU,172,O,2686,29.564,-12.058,18.516,-0.5679,0.0,0.0
LEU,172,CB,2687,29.736,-10.454,15.61,-0.1102,0.0,0.0
LEU,172,CG,2688,28.894,-9.598,14.672,0.3531,0.0,0.0
LEU,172,CD1,2689,29.306,-9.873,13.242,-0.4121,0.0,0.0
LEU,172,CD2,2690,27.449,-9.912,14.899,-0.4121,0.0,0.0
LEU,172,H,2691,30.498,-8.286,16.615,0.2719,0.0,0.0
LEU,172,HA,2692,28.516,-10.11,17.34,0.0922,0.0,0.0
LEU,172,1HB,2693,30.781,-10.325,15.337,0.0457,0.0,0.0
LEU,172,2HB,2694,29.466,-11.497,15.447,0.0457,0.0,0.0
LEU,172,HG,2695,29.068,-8.554,14.866,-0.0361,0.0,0.0
LEU,172,1HD1,2696,28.711,-9.267,12.57,0.1,0.0,0.0
LEU,172,2HD1,2697,30.36,-9.628,13.114,0.1,0.0,0.0
LEU,172,3HD1,2698,29.149,-10.926,13.015,0.1,0.0,0.0
LEU,172,1HD2,2699,26.838,-9.308,14.238,0.1,0.0,0.0
LEU,172,2HD2,2700,27.271,-10.967,14.695,0.1,0.0,0.0
LEU,172,3HD2,2701,27.199,-9.698,15.91,0.1,0.0,0.0
GLU,173,N,2702,31.554,-11.083,18.139,-0.5163,0.0,0.0
GLU,173,CA,2703,32.303,-12.07,18.909,0.0397,0.0,0.0
GLU,173,C,2704,32.126,-11.919,20.424,0.5366,0.0,0.0
GLU,173,O,2705,31.409,-12.663,21.094,-0.5819,0.0,0.0
GLU,173,CB,2706,33.789,-11.987,18.562,0.056,0.0,0.0
GLU,173,CG,2707,34.122,-12.404,17.136,0.0136,0.0,0.0
GLU,173,CD,2708,33.806,-13.854,16.856,0.8054,0.0,0.0
GLU,173,OE1,2709,34.228,-14.692,17.617,-0.8188,0.0,0.0
GLU,173,OE2,2710,33.142,-14.12,15.881,-0.8188,0.0,0.0
GLU,173,H,2711,32.066,-10.398,17.592,0.2936,0.0,0.0
GLU,173,HA,2712,31.929,-13.06,18.644,0.1105,0.0,0.0
GLU,173,1HB,2713,34.136,-10.961,18.705,-0.0173,0.0,0.0
GLU,173,2HB,2714,34.357,-12.622,19.241,-0.0173,0.0,0.0
GLU,173,1HG,2715,33.556,-11.782,16.446,-0.0425,0.0,0.0
GLU,173,2HG,2716,35.181,-12.227,16.957,-0.0425,0.0,0.0
ASN,174,N,2717,31.99,-10.636,20.775,-0.4157,0.0,0.0
ASN,174,CA,2718,31.735,-10.234,22.158,0.0143,0.0,0.0
ASN,174,C,2719,30.358,-10.636,22.643,0.5973,0.0,0.0
ASN,174,O,2720,30.209,-11.062,23.785,-0.5679,0.0,0.0
ASN,174,CB,2721,31.918,-8.739,22.328,-0.2041,0.0,0.0
ASN,174,CG,2722,33.365,-8.323,22.294,0.713,0.0,0.0
ASN,174,ND2,2723,33.607,-7.072,21.992,-0.9191,0.0,0.0
ASN,174,OD1,2724,34.264,-9.136,22.541,-0.5931,0.0,0.0
ASN,174,H,2725,32.274,-9.922,20.123,0.2719,0.0,0.0
ASN,174,HA,2726,32.446,-10.756,22.801,0.1048,0.0,0.0
ASN,174,1HB,2727,31.386,-8.216,21.539,0.0797,0.0,0.0
ASN,174,2HB,2728,31.486,-8.425,23.28,0.0797,0.0,0.0
ASN,174,1HD2,2729,34.55,-6.739,21.954,0.4196,0.0,0.0
ASN,174,2HD2,2730,32.85,-6.449,21.8,0.4196,0.0,0.0
GLY,175,N,2731,29.385,-10.62,21.746,-0.4157,0.0,0.0
GLY,175,CA,2732,28.016,-10.896,22.119,-0.0252,0.0,0.0
GLY,175,C,2733,27.417,-11.969,21.247,0.5973,0.0,0.0
GLY,175,O,2734,26.214,-11.977,21.016,-0.5679,0.0,0.0
GLY,175,H,2735,29.563,-10.202,20.848,0.2719,0.0,0.0
GLY,175,1HA,2736,27.981,-11.206,23.154,0.0698,0.0,0.0
GLY,175,2HA,2737,27.425,-9.984,22.037,0.0698,0.0,0.0
LYS,176,N,2738,28.238,-12.971,20.932,-0.3479,0.0,0.0
LYS,176,CA,2739,27.846,-14.091,20.09,-0.24,0.0,0.0
LYS,176,C,2740,26.532,-14.745,20.484,0.7341,0.0,0.0
LYS,176,O,2741,25.649,-14.915,19.651,-0.5894,0.0,0.0
LYS,176,CB,2742,28.954,-15.147,20.095,-0.0094,0.0,0.0
LYS,176,CG,2743,28.683,-16.345,19.204,0.0187,0.0,0.0
LYS,176,CD,2744,29.832,-17.335,19.241,-0.0479,0.0,0.0
LYS,176,CE,2745,29.539,-18.554,18.383,-0.0143,0.0,0.0
LYS,176,NZ,2746,30.658,-19.53,18.41,-0.3854,0.0,0.0
LYS,176,H,2747,29.229,-12.844,21.098,0.2747,0.0,0.0
LYS,176,HA,2748,27.713,-13.72,19.073,0.1426,0.0,0.0
LYS,176,1HB,2749,29.891,-14.692,19.769,0.0362,0.0,0.0
LYS,176,2HB,2750,29.101,-15.513,21.111,0.0362,0.0,0.0
LYS,176,1HG,2751,27.772,-16.847,19.535,0.0103,0.0,0.0
LYS,176,2HG,2752,28.54,-16.01,18.183,0.0103,0.0,0.0
LYS,176,1HD,2753,30.741,-16.851,18.878,0.0621,0.0,0.0
LYS,176,2HD,2754,30.0,-17.657,20.27,0.0621,0.0,0.0
LYS,176,1HE,2755,28.635,-19.039,18.746,0.1135,0.0,0.0
LYS,176,2HE,2756,29.371,-18.234,17.354,0.1135,0.0,0.0
LYS,176,1HZ,2757,30.427,-20.324,17.83,0.34,0.0,0.0
LYS,176,2HZ,2758,31.498,-19.09,18.061,0.34,0.0,0.0
LYS,176,3HZ,2759,30.811,-19.841,19.36,0.34,0.0,0.0
GLU,177,N,2760,26.35,-15.058,21.765,-0.5163,0.0,0.0
GLU,177,CA,2761,25.125,-15.748,22.152,0.0397,0.0,0.0
GLU,177,C,2762,23.889,-14.918,21.84,0.5366,0.0,0.0
GLU,177,O,2763,22.969,-15.378,21.17,-0.5819,0.0,0.0
GLU,177,CB,2764,25.152,-16.086,23.64,0.056,0.0,0.0
GLU,177,CG,2765,26.162,-17.158,24.012,0.0136,0.0,0.0
GLU,177,CD,2766,26.231,-17.42,25.493,0.8054,0.0,0.0
GLU,177,OE1,2767,25.585,-16.719,26.234,-0.8188,0.0,0.0
GLU,177,OE2,2768,26.931,-18.325,25.885,-0.8188,0.0,0.0
GLU,177,H,2769,27.069,-14.871,22.449,0.2936,0.0,0.0
GLU,177,HA,2770,25.05,-16.67,21.575,0.1105,0.0,0.0
GLU,177,1HB,2771,25.384,-15.189,24.209,-0.0173,0.0,0.0
GLU,177,2HB,2772,24.165,-16.428,23.953,-0.0173,0.0,0.0
GLU,177,1HG,2773,25.895,-18.086,23.503,-0.0425,0.0,0.0
GLU,177,2HG,2774,27.146,-16.85,23.657,-0.0425,0.0,0.0
THR,178,N,2775,23.971,-13.624,22.099,-0.4157,0.0,0.0
THR,178,CA,2776,22.867,-12.728,21.812,-0.0389,0.0,0.0
THR,178,C,2777,22.643,-12.467,20.325,0.5973,0.0,0.0
THR,178,O,2778,21.517,-12.557,19.833,-0.5679,0.0,0.0
THR,178,CB,2779,23.085,-11.376,22.504,0.3654,0.0,0.0
THR,178,CG2,2780,21.992,-10.401,22.137,-0.2438,0.0,0.0
THR,178,OG1,2781,23.09,-11.577,23.922,-0.6761,0.0,0.0
THR,178,H,2782,24.768,-13.273,22.61,0.2719,0.0,0.0
THR,178,HA,2783,21.959,-13.174,22.215,0.1007,0.0,0.0
THR,178,HB,2784,24.047,-10.965,22.198,0.0043,0.0,0.0
THR,178,HG1,2785,23.217,-10.734,24.364,0.4102,0.0,0.0
THR,178,1HG2,2786,22.173,-9.455,22.64,0.0642,0.0,0.0
THR,178,2HG2,2787,21.989,-10.245,21.056,0.0642,0.0,0.0
THR,178,3HG2,2788,21.028,-10.8,22.447,0.0642,0.0,0.0
LEU,179,N,2789,23.732,-12.24,19.596,-0.4157,0.0,0.0
LEU,179,CA,2790,23.679,-11.836,18.2,-0.0518,0.0,0.0
LEU,179,C,2791,23.698,-12.965,17.181,0.5973,0.0,0.0
LEU,179,O,2792,22.882,-12.978,16.26,-0.5679,0.0,0.0
LEU,179,CB,2793,24.855,-10.906,17.937,-0.1102,0.0,0.0
LEU,179,CG,2794,24.796,-9.608,18.708,0.3531,0.0,0.0
LEU,179,CD1,2795,26.089,-8.838,18.496,-0.4121,0.0,0.0
LEU,179,CD2,2796,23.562,-8.83,18.203,-0.4121,0.0,0.0
LEU,179,H,2797,24.619,-12.189,20.071,0.2719,0.0,0.0
LEU,179,HA,2798,22.733,-11.319,18.04,0.0922,0.0,0.0
LEU,179,1HB,2799,25.779,-11.426,18.203,0.0457,0.0,0.0
LEU,179,2HB,2800,24.89,-10.675,16.872,0.0457,0.0,0.0
LEU,179,HG,2801,24.703,-9.811,19.777,-0.0361,0.0,0.0
LEU,179,1HD1,2802,26.068,-7.914,19.034,0.1,0.0,0.0
LEU,179,2HD1,2803,26.926,-9.437,18.853,0.1,0.0,0.0
LEU,179,3HD1,2804,26.208,-8.636,17.467,0.1,0.0,0.0
LEU,179,1HD2,2805,23.472,-7.9,18.717,0.1,0.0,0.0
LEU,179,2HD2,2806,23.665,-8.635,17.137,0.1,0.0,0.0
LEU,179,3HD2,2807,22.66,-9.42,18.376,0.1,0.0,0.0
GLN,180,N,2808,24.594,-13.932,17.354,-0.4157,0.0,0.0
GLN,180,CA,2809,24.759,-14.995,16.374,-0.0031,0.0,0.0
GLN,180,C,2810,23.542,-15.898,16.29,0.5973,0.0,0.0
GLN,180,O,2811,23.219,-16.417,15.221,-0.5679,0.0,0.0
GLN,180,CB,2812,25.994,-15.835,16.703,-0.0036,0.0,0.0
GLN,180,CG,2813,26.351,-16.872,15.668,-0.0645,0.0,0.0
GLN,180,CD,2814,26.735,-16.259,14.344,0.6951,0.0,0.0
GLN,180,NE2,2815,26.085,-16.704,13.277,-0.9407,0.0,0.0
GLN,180,OE1,2816,27.609,-15.389,14.276,-0.6086,0.0,0.0
GLN,180,H,2817,25.259,-13.864,18.109,0.2719,0.0,0.0
GLN,180,HA,2818,24.898,-14.541,15.395,0.085,0.0,0.0
GLN,180,1HB,2819,26.852,-15.176,16.824,0.0171,0.0,0.0
GLN,180,2HB,2820,25.844,-16.351,17.647,0.0171,0.0,0.0
GLN,180,1HG,2821,27.195,-17.457,16.03,0.0352,0.0,0.0
GLN,180,2HG,2822,25.488,-17.518,15.506,0.0352,0.0,0.0
GLN,180,1HE2,2823,26.297,-16.334,12.371,0.4251,0.0,0.0
GLN,180,2HE2,2824,25.383,-17.41,13.377,0.4251,0.0,0.0
