Residue,ResNum,Atom,AtomNum,X,Y,Z,Charge,Depth,InGroove
SER,1,N,1,23.843,-12.885,7.255,-0.4157,0.0,0.0
SER,1,CA,2,24.609,-11.654,7.423,-0.0249,0.0,0.0
SER,1,C,3,24.237,-10.941,8.718,0.5973,0.0,0.0
SER,1,O,4,23.278,-11.322,9.39,-0.5679,0.0,0.0
SER,1,CB,5,24.372,-10.737,6.24,0.2117,0.0,0.0
SER,1,OG,6,23.052,-10.264,6.224,-0.6546,0.0,0.0
SER,1,1H,7,24.111,-13.335,6.391,0.2719,0.0,0.0
SER,1,2H,8,24.03,-13.506,8.03,0.2719,0.0,0.0
SER,1,3H,9,22.857,-12.668,7.23,0.2719,0.0,0.0
SER,1,HA,10,25.67,-11.91,7.466,0.0843,0.0,0.0
SER,1,1HB,11,25.06,-9.894,6.288,0.0352,0.0,0.0
SER,1,2HB,12,24.58,-11.275,5.316,0.0352,0.0,0.0
SER,1,HG,13,22.932,-9.787,7.049,0.4275,0.0,0.0
HID,2,N,14,24.962,-9.867,9.026,-0.4157,0.0,0.0
HID,2,CA,15,24.739,-9.091,10.242,0.0188,0.0,0.0
HID,2,C,16,24.743,-7.61,9.911,0.5973,0.0,0.0
HID,2,O,17,25.45,-7.167,9.011,-0.5679,0.0,0.0
HID,2,CB,18,25.804,-9.404,11.28,-0.0462,0.0,0.0
HID,2,CG,19,25.762,-10.827,11.722,-0.0266,0.0,0.0
HID,2,CD2,20,26.482,-11.909,11.338,0.1292,0.0,0.0
HID,2,ND1,21,24.885,-11.279,12.689,-0.3811,0.0,0.0
HID,2,CE1,22,25.074,-12.579,12.874,0.2057,0.0,0.0
HID,2,NE2,23,26.036,-12.979,12.066,-0.5727,0.0,0.0
HID,2,H,24,25.756,-9.639,8.443,0.2719,0.0,0.0
HID,2,HA,25,23.756,-9.314,10.653,0.0881,0.0,0.0
HID,2,1HB,26,26.787,-9.191,10.865,0.0402,0.0,0.0
HID,2,2HB,27,25.669,-8.761,12.149,0.0402,0.0,0.0
HID,2,HD1,28,24.154,-10.737,13.131,0.3649,0.0,0.0
HID,2,HD2,29,27.283,-12.037,10.608,0.1147,0.0,0.0
HID,2,HE1,30,24.478,-13.128,13.598,0.1392,0.0,0.0
SER,3,N,31,23.998,-6.821,10.68,-0.4157,0.0,0.0
SER,3,CA,32,23.956,-5.392,10.386,-0.0249,0.0,0.0
SER,3,C,33,24.155,-4.451,11.571,0.5973,0.0,0.0
SER,3,O,34,23.526,-4.573,12.611,-0.5679,0.0,0.0
SER,3,CB,35,22.626,-5.076,9.729,0.2117,0.0,0.0
SER,3,OG,36,22.51,-3.717,9.428,-0.6546,0.0,0.0
SER,3,H,37,23.467,-7.217,11.447,0.2719,0.0,0.0
SER,3,HA,38,24.784,-5.163,9.717,0.0843,0.0,0.0
SER,3,1HB,39,22.526,-5.659,8.813,0.0352,0.0,0.0
SER,3,2HB,40,21.82,-5.372,10.4,0.0352,0.0,0.0
SER,3,HG,41,22.983,-3.601,8.598,0.4275,0.0,0.0
MET,4,N,42,25.115,-3.548,11.432,-0.4157,0.0,0.0
MET,4,CA,43,25.364,-2.534,12.445,-0.0237,0.0,0.0
MET,4,C,44,24.73,-1.227,12.043,0.5973,0.0,0.0
MET,4,O,45,25.002,-0.715,10.962,-0.5679,0.0,0.0
MET,4,CB,46,26.845,-2.334,12.688,0.0342,0.0,0.0
MET,4,CG,47,27.137,-1.24,13.679,0.0018,0.0,0.0
MET,4,SD,48,28.854,-1.121,14.066,-0.2737,0.0,0.0
MET,4,CE,49,28.898,-2.535,15.083,-0.0536,0.0,0.0
MET,4,H,50,25.602,-3.482,10.55,0.2719,0.0,0.0
MET,4,HA,51,24.925,-2.867,13.382,0.088,0.0,0.0
MET,4,1HB,52,27.282,-3.237,13.049,0.0241,0.0,0.0
MET,4,2HB,53,27.335,-2.091,11.749,0.0241,0.0,0.0
MET,4,1HG,54,26.805,-0.287,13.271,0.044,0.0,0.0
MET,4,2HG,55,26.586,-1.428,14.603,0.044,0.0,0.0
MET,4,1HE,56,29.89,-2.677,15.456,0.0684,0.0,0.0
MET,4,2HE,57,28.211,-2.393,15.914,0.0684,0.0,0.0
MET,4,3HE,58,28.606,-3.391,14.511,0.0684,0.0,0.0
ARG,5,N,59,24.031,-0.59,12.974,-0.3479,0.0,0.0
ARG,5,CA,60,23.392,0.655,12.607,-0.2637,0.0,0.0
ARG,5,C,61,23.273,1.609,13.775,0.7341,0.0,0.0
ARG,5,O,62,23.077,1.209,14.913,-0.5894,0.0,0.0
ARG,5,CB,63,22.007,0.399,12.039,-0.0007,0.0,0.0
ARG,5,CG,64,20.997,-0.18,13.006,0.039,0.0,0.0
ARG,5,CD,65,19.681,-0.396,12.342,0.0486,0.0,0.0
ARG,5,NE,66,18.707,-1.025,13.227,-0.5295,0.0,0.0
ARG,5,CZ,67,17.902,-0.36,14.075,0.8076,0.0,0.0
ARG,5,NH1,68,17.962,0.948,14.145,-0.8627,0.0,0.0
ARG,5,NH2,69,17.052,-1.025,14.837,-0.8627,0.0,0.0
ARG,5,H,70,23.775,-1.066,13.829,0.2747,0.0,0.0
ARG,5,HA,71,24.01,1.136,11.862,0.156,0.0,0.0
ARG,5,1HB,72,21.599,1.33,11.664,0.0327,0.0,0.0
ARG,5,2HB,73,22.083,-0.292,11.199,0.0327,0.0,0.0
ARG,5,1HG,74,21.364,-1.138,13.378,0.0285,0.0,0.0
ARG,5,2HG,75,20.857,0.508,13.843,0.0285,0.0,0.0
ARG,5,1HD,76,19.276,0.56,12.022,0.0687,0.0,0.0
ARG,5,2HD,77,19.816,-1.044,11.476,0.0687,0.0,0.0
ARG,5,HE,78,18.631,-2.033,13.201,0.3456,0.0,0.0
ARG,5,1HH1,79,18.613,1.457,13.564,0.4478,0.0,0.0
ARG,5,2HH1,80,17.358,1.447,14.782,0.4478,0.0,0.0
ARG,5,1HH2,81,17.005,-2.033,14.782,0.4478,0.0,0.0
ARG,5,2HH2,82,16.448,-0.526,15.472,0.4478,0.0,0.0
TYR,6,N,83,23.36,2.893,13.47,-0.4157,0.0,0.0
TYR,6,CA,84,23.226,3.929,14.469,-0.0014,0.0,0.0
TYR,6,C,85,22.183,4.935,14.041,0.5973,0.0,0.0
TYR,6,O,86,22.138,5.351,12.882,-0.5679,0.0,0.0
TYR,6,CB,87,24.568,4.612,14.71,-0.0152,0.0,0.0
TYR,6,CG,88,25.659,3.719,15.247,-0.0011,0.0,0.0
TYR,6,CD1,89,26.458,2.998,14.371,-0.1906,0.0,0.0
TYR,6,CD2,90,25.862,3.621,16.609,-0.1906,0.0,0.0
TYR,6,CE1,91,27.451,2.184,14.856,-0.2341,0.0,0.0
TYR,6,CE2,92,26.863,2.801,17.099,-0.2341,0.0,0.0
TYR,6,CZ,93,27.655,2.085,16.226,0.3226,0.0,0.0
TYR,6,OH,94,28.649,1.272,16.713,-0.5579,0.0,0.0
TYR,6,H,95,23.581,3.158,12.526,0.2719,0.0,0.0
TYR,6,HA,96,22.911,3.474,15.4,0.0876,0.0,0.0
TYR,6,1HB,97,24.927,5.042,13.775,0.0295,0.0,0.0
TYR,6,2HB,98,24.43,5.424,15.417,0.0295,0.0,0.0
TYR,6,HD1,99,26.299,3.074,13.304,0.1699,0.0,0.0
TYR,6,HD2,100,25.233,4.188,17.298,0.1699,0.0,0.0
TYR,6,HE1,101,28.068,1.626,14.168,0.1656,0.0,0.0
TYR,6,HE2,102,27.024,2.722,18.173,0.1656,0.0,0.0
TYR,6,HH,103,29.103,0.849,15.98,0.3992,0.0,0.0
PHE,7,N,104,21.32,5.318,14.967,-0.4157,0.0,0.0
PHE,7,CA,105,20.257,6.209,14.572,-0.0024,0.0,0.0
PHE,7,C,106,20.232,7.438,15.446,0.5973,0.0,0.0
PHE,7,O,107,20.316,7.363,16.668,-0.5679,0.0,0.0
PHE,7,CB,108,18.916,5.516,14.642,-0.0343,0.0,0.0
PHE,7,CG,109,17.818,6.396,14.211,0.0118,0.0,0.0
PHE,7,CD1,110,17.709,6.73,12.879,-0.1256,0.0,0.0
PHE,7,CD2,111,16.894,6.901,15.1,-0.1256,0.0,0.0
PHE,7,CE1,112,16.714,7.54,12.432,-0.1704,0.0,0.0
PHE,7,CE2,113,15.882,7.721,14.651,-0.1704,0.0,0.0
PHE,7,CZ,114,15.798,8.037,13.311,-0.1072,0.0,0.0
PHE,7,H,115,21.289,4.849,15.86,0.2719,0.0,0.0
PHE,7,HA,116,20.436,6.532,13.555,0.0978,0.0,0.0
PHE,7,1HB,117,18.93,4.63,14.011,0.0295,0.0,0.0
PHE,7,2HB,118,18.725,5.185,15.663,0.0295,0.0,0.0
PHE,7,HD1,119,18.438,6.333,12.176,0.133,0.0,0.0
PHE,7,HD2,120,16.966,6.646,16.159,0.133,0.0,0.0
PHE,7,HE1,121,16.65,7.788,11.372,0.143,0.0,0.0
PHE,7,HE2,122,15.149,8.121,15.351,0.143,0.0,0.0
PHE,7,HZ,123,15.01,8.68,12.955,0.1297,0.0,0.0
PHE,8,N,124,20.242,8.588,14.791,-0.4157,0.0,0.0
PHE,8,CA,125,20.349,9.855,15.475,-0.0024,0.0,0.0
PHE,8,C,126,19.122,10.724,15.271,0.5973,0.0,0.0
PHE,8,O,127,18.618,10.828,14.166,-0.5679,0.0,0.0
PHE,8,CB,128,21.597,10.56,14.962,-0.0343,0.0,0.0
PHE,8,CG,129,22.852,9.783,15.153,0.0118,0.0,0.0
PHE,8,CD1,130,23.172,8.813,14.23,-0.1256,0.0,0.0
PHE,8,CD2,131,23.703,9.99,16.21,-0.1256,0.0,0.0
PHE,8,CE1,132,24.304,8.067,14.348,-0.1704,0.0,0.0
PHE,8,CE2,133,24.858,9.234,16.334,-0.1704,0.0,0.0
PHE,8,CZ,134,25.154,8.272,15.398,-0.1072,0.0,0.0
PHE,8,H,135,20.22,8.576,13.783,0.2719,0.0,0.0
PHE,8,HA,136,20.429,9.662,16.537,0.0978,0.0,0.0
PHE,8,1HB,137,21.487,10.767,13.9,0.0295,0.0,0.0
PHE,8,2HB,138,21.71,11.517,15.47,0.0295,0.0,0.0
PHE,8,HD1,139,22.501,8.644,13.389,0.133,0.0,0.0
PHE,8,HD2,140,23.462,10.753,16.947,0.133,0.0,0.0
PHE,8,HE1,141,24.526,7.31,13.601,0.143,0.0,0.0
PHE,8,HE2,142,25.532,9.395,17.167,0.143,0.0,0.0
PHE,8,HZ,143,26.059,7.674,15.493,0.1297,0.0,0.0
THR,9,N,144,18.641,11.355,16.336,-0.4157,0.0,0.0
THR,9,CA,145,17.514,12.277,16.226,-0.0389,0.0,0.0
THR,9,C,146,17.847,13.607,16.902,0.5973,0.0,0.0
THR,9,O,147,18.27,13.638,18.054,-0.5679,0.0,0.0
THR,9,CB,148,16.227,11.693,16.844,0.3654,0.0,0.0
THR,9,CG2,149,15.101,12.679,16.745,-0.2438,0.0,0.0
THR,9,OG1,150,15.859,10.493,16.161,-0.6761,0.0,0.0
THR,9,H,151,19.039,11.164,17.243,0.2719,0.0,0.0
THR,9,HA,152,17.325,12.473,15.173,0.1007,0.0,0.0
THR,9,HB,153,16.406,11.457,17.894,0.0043,0.0,0.0
THR,9,HG1,154,16.57,9.851,16.24,0.4102,0.0,0.0
THR,9,1HG2,155,14.202,12.253,17.185,0.0642,0.0,0.0
THR,9,2HG2,156,15.367,13.58,17.275,0.0642,0.0,0.0
THR,9,3HG2,157,14.918,12.911,15.702,0.0642,0.0,0.0
SER,10,N,158,17.575,14.711,16.216,-0.4157,0.0,0.0
SER,10,CA,159,17.833,16.043,16.748,-0.0249,0.0,0.0
SER,10,C,160,16.576,16.888,16.665,0.5973,0.0,0.0
SER,10,O,161,16.142,17.233,15.576,-0.5679,0.0,0.0
SER,10,CB,162,18.954,16.703,15.99,0.2117,0.0,0.0
SER,10,OG,163,19.147,18.005,16.433,-0.6546,0.0,0.0
SER,10,H,164,17.313,14.626,15.244,0.2719,0.0,0.0
SER,10,HA,165,18.117,15.955,17.789,0.0843,0.0,0.0
SER,10,1HB,166,19.87,16.129,16.12,0.0352,0.0,0.0
SER,10,2HB,167,18.721,16.704,14.935,0.0352,0.0,0.0
SER,10,HG,168,19.868,18.359,15.91,0.4275,0.0,0.0
VAL,11,N,169,16.022,17.29,17.808,-0.4157,0.0,0.0
VAL,11,CA,170,14.757,18.024,17.783,-0.0875,0.0,0.0
VAL,11,C,171,14.911,19.422,18.341,0.5973,0.0,0.0
VAL,11,O,172,15.261,19.592,19.502,-0.5679,0.0,0.0
VAL,11,CB,173,13.67,17.296,18.59,0.2985,0.0,0.0
VAL,11,CG1,174,12.378,18.096,18.518,-0.3192,0.0,0.0
VAL,11,CG2,175,13.491,15.911,18.059,-0.3192,0.0,0.0
VAL,11,H,176,16.419,16.987,18.686,0.2719,0.0,0.0
VAL,11,HA,177,14.423,18.109,16.75,0.0969,0.0,0.0
VAL,11,HB,178,13.965,17.243,19.639,-0.0297,0.0,0.0
VAL,11,1HG1,179,11.603,17.592,19.084,0.0791,0.0,0.0
VAL,11,2HG1,180,12.539,19.083,18.933,0.0791,0.0,0.0
VAL,11,3HG1,181,12.064,18.186,17.476,0.0791,0.0,0.0
VAL,11,1HG2,182,12.721,15.399,18.634,0.0791,0.0,0.0
VAL,11,2HG2,183,13.194,15.957,17.023,0.0791,0.0,0.0
VAL,11,3HG2,184,14.428,15.377,18.145,0.0791,0.0,0.0
SER,12,N,185,14.641,20.435,17.532,-0.4157,0.0,0.0
SER,12,CA,186,14.887,21.787,18.002,-0.0249,0.0,0.0
SER,12,C,187,13.986,22.135,19.173,0.5973,0.0,0.0
SER,12,O,188,12.916,21.553,19.345,-0.5679,0.0,0.0
SER,12,CB,189,14.681,22.789,16.892,0.2117,0.0,0.0
SER,12,OG,190,13.369,22.871,16.561,-0.6546,0.0,0.0
SER,12,H,191,14.366,20.27,16.575,0.2719,0.0,0.0
SER,12,HA,192,15.922,21.864,18.314,0.0843,0.0,0.0
SER,12,1HB,193,15.046,23.764,17.211,0.0352,0.0,0.0
SER,12,2HB,194,15.249,22.511,16.023,0.0352,0.0,0.0
SER,12,HG,195,12.911,23.137,17.357,0.4275,0.0,0.0
ARG,13,N,196,14.42,23.105,19.968,-0.3479,0.0,0.0
ARG,13,CA,197,13.649,23.587,21.111,-0.2637,0.0,0.0
ARG,13,C,198,13.571,25.122,21.122,0.7341,0.0,0.0
ARG,13,O,199,14.086,25.763,22.036,-0.5894,0.0,0.0
ARG,13,CB,200,14.268,23.118,22.421,-0.0007,0.0,0.0
ARG,13,CG,201,14.231,21.601,22.653,0.039,0.0,0.0
ARG,13,CD,202,12.838,21.098,22.831,0.0486,0.0,0.0
ARG,13,NE,203,12.174,21.705,23.971,-0.5295,0.0,0.0
ARG,13,CZ,204,12.281,21.278,25.244,0.8076,0.0,0.0
ARG,13,NH1,205,13.03,20.24,25.53,-0.8627,0.0,0.0
ARG,13,NH2,206,11.631,21.906,26.207,-0.8627,0.0,0.0
ARG,13,H,207,15.312,23.535,19.77,0.2747,0.0,0.0
ARG,13,HA,208,12.638,23.191,21.046,0.156,0.0,0.0
ARG,13,1HB,209,15.314,23.431,22.463,0.0327,0.0,0.0
ARG,13,2HB,210,13.75,23.59,23.257,0.0327,0.0,0.0
ARG,13,1HG,211,14.67,21.088,21.799,0.0285,0.0,0.0
ARG,13,2HG,212,14.799,21.356,23.551,0.0285,0.0,0.0
ARG,13,1HD,213,12.254,21.325,21.941,0.0687,0.0,0.0
ARG,13,2HD,214,12.859,20.02,22.987,0.0687,0.0,0.0
ARG,13,HE,215,11.585,22.509,23.796,0.3456,0.0,0.0
ARG,13,1HH1,216,13.529,19.758,24.795,0.4478,0.0,0.0
ARG,13,2HH1,217,13.109,19.922,26.485,0.4478,0.0,0.0
ARG,13,1HH2,218,11.053,22.706,25.988,0.4478,0.0,0.0
ARG,13,2HH2,219,11.711,21.587,27.16,0.4478,0.0,0.0
PRO,14,N,220,12.646,25.718,20.333,-0.2548,0.0,0.0
PRO,14,CA,221,12.338,27.145,20.286,-0.0266,0.0,0.0
PRO,14,C,222,11.992,27.748,21.643,0.5896,0.0,0.0
PRO,14,O,223,12.166,28.95,21.849,-0.5748,0.0,0.0
PRO,14,CB,224,11.143,27.185,19.335,-0.007,0.0,0.0
PRO,14,CG,225,11.404,26.046,18.399,0.0189,0.0,0.0
PRO,14,CD,226,12.033,24.983,19.221,0.0192,0.0,0.0
PRO,14,HA,227,13.206,27.676,19.868,0.0641,0.0,0.0
PRO,14,1HB,228,10.206,27.074,19.899,0.0253,0.0,0.0
PRO,14,2HB,229,11.096,28.159,18.827,0.0253,0.0,0.0
PRO,14,1HG,230,10.463,25.717,17.949,0.0213,0.0,0.0
PRO,14,2HG,231,12.057,26.366,17.577,0.0213,0.0,0.0
PRO,14,1HD,232,11.267,24.286,19.588,0.0391,0.0,0.0
PRO,14,2HD,233,12.749,24.489,18.598,0.0391,0.0,0.0
GLY,15,N,234,11.503,26.924,22.563,-0.4157,0.0,0.0
GLY,15,CA,235,11.133,27.417,23.879,-0.0252,0.0,0.0
GLY,15,C,236,12.347,27.941,24.641,0.5973,0.0,0.0
GLY,15,O,237,12.27,28.998,25.267,-0.5679,0.0,0.0
GLY,15,H,238,11.386,25.944,22.347,0.2719,0.0,0.0
GLY,15,1HA,239,10.395,28.212,23.774,0.0698,0.0,0.0
GLY,15,2HA,240,10.663,26.615,24.447,0.0698,0.0,0.0
ARG,16,N,241,13.439,27.167,24.623,-0.3479,0.0,0.0
ARG,16,CA,242,14.675,27.5,25.34,-0.2637,0.0,0.0
ARG,16,C,243,15.769,26.457,25.139,0.7341,0.0,0.0
ARG,16,O,244,15.493,25.312,24.787,-0.5894,0.0,0.0
ARG,16,CB,245,14.445,27.656,26.845,-0.0007,0.0,0.0
ARG,16,CG,246,13.971,26.402,27.56,0.039,0.0,0.0
ARG,16,CD,247,13.835,26.636,29.023,0.0486,0.0,0.0
ARG,16,NE,248,13.312,25.471,29.72,-0.5295,0.0,0.0
ARG,16,CZ,249,14.062,24.448,30.173,0.8076,0.0,0.0
ARG,16,NH1,250,15.365,24.458,29.995,-0.8627,0.0,0.0
ARG,16,NH2,251,13.489,23.433,30.796,-0.8627,0.0,0.0
ARG,16,H,252,13.426,26.323,24.065,0.2747,0.0,0.0
ARG,16,HA,253,15.031,28.462,24.969,0.156,0.0,0.0
ARG,16,1HB,254,15.371,27.974,27.321,0.0327,0.0,0.0
ARG,16,2HB,255,13.71,28.422,27.045,0.0327,0.0,0.0
ARG,16,1HG,256,13.0,26.103,27.165,0.0285,0.0,0.0
ARG,16,2HG,257,14.692,25.599,27.401,0.0285,0.0,0.0
ARG,16,1HD,258,14.812,26.872,29.444,0.0687,0.0,0.0
ARG,16,2HD,259,13.153,27.469,29.195,0.0687,0.0,0.0
ARG,16,HE,260,12.313,25.427,29.877,0.3456,0.0,0.0
ARG,16,1HH1,261,15.804,25.233,29.519,0.4478,0.0,0.0
ARG,16,2HH1,262,15.927,23.691,30.334,0.4478,0.0,0.0
ARG,16,1HH2,263,12.488,23.424,30.933,0.4478,0.0,0.0
ARG,16,2HH2,264,14.052,22.666,31.135,0.4478,0.0,0.0
GLY,17,N,265,17.01,26.858,25.407,-0.4157,0.0,0.0
GLY,17,CA,266,18.143,25.939,25.402,-0.0252,0.0,0.0
GLY,17,C,267,18.513,25.428,24.02,0.5973,0.0,0.0
GLY,17,O,268,18.382,26.133,23.019,-0.5679,0.0,0.0
GLY,17,H,269,17.17,27.825,25.653,0.2719,0.0,0.0
GLY,17,1HA,270,19.011,26.441,25.83,0.0698,0.0,0.0
GLY,17,2HA,271,17.91,25.084,26.036,0.0698,0.0,0.0
GLU,18,N,272,19.018,24.198,23.995,-0.5163,0.0,0.0
GLU,18,CA,273,19.508,23.554,22.787,0.0397,0.0,0.0
GLU,18,C,274,18.581,22.389,22.422,0.5366,0.0,0.0
GLU,18,O,275,17.825,21.935,23.281,-0.5819,0.0,0.0
GLU,18,CB,276,20.95,23.071,23.026,0.056,0.0,0.0
GLU,18,CG,277,21.946,24.183,23.3,0.0136,0.0,0.0
GLU,18,CD,278,23.347,23.673,23.51,0.8054,0.0,0.0
GLU,18,OE1,279,23.531,22.48,23.507,-0.8188,0.0,0.0
GLU,18,OE2,280,24.233,24.478,23.673,-0.8188,0.0,0.0
GLU,18,H,281,19.075,23.687,24.865,0.2936,0.0,0.0
GLU,18,HA,282,19.501,24.299,22.001,0.1105,0.0,0.0
GLU,18,1HB,283,20.966,22.388,23.875,-0.0173,0.0,0.0
GLU,18,2HB,284,21.314,22.522,22.177,-0.0173,0.0,0.0
GLU,18,1HG,285,21.944,24.873,22.456,-0.0425,0.0,0.0
GLU,18,2HG,286,21.628,24.732,24.185,-0.0425,0.0,0.0
PRO,19,N,287,18.608,21.893,21.173,-0.2548,0.0,0.0
PRO,19,CA,288,17.836,20.765,20.684,-0.0266,0.0,0.0
PRO,19,C,289,18.071,19.507,21.512,0.5896,0.0,0.0
PRO,19,O,290,19.076,19.392,22.21,-0.5748,0.0,0.0
PRO,19,CB,291,18.354,20.604,19.248,-0.007,0.0,0.0
PRO,19,CG,292,18.882,21.958,18.883,0.0189,0.0,0.0
PRO,19,CD,293,19.463,22.5,20.126,0.0192,0.0,0.0
PRO,19,HA,294,16.775,21.042,20.709,0.0641,0.0,0.0
PRO,19,1HB,295,19.103,19.849,19.216,0.0253,0.0,0.0
PRO,19,2HB,296,17.558,20.279,18.585,0.0253,0.0,0.0
PRO,19,1HG,297,19.621,21.868,18.087,0.0213,0.0,0.0
PRO,19,2HG,298,18.079,22.594,18.495,0.0213,0.0,0.0
PRO,19,1HD,299,20.503,22.169,20.203,0.0391,0.0,0.0
PRO,19,2HD,300,19.385,23.582,20.087,0.0391,0.0,0.0
ARG,20,N,301,17.097,18.607,21.503,-0.3479,0.0,0.0
ARG,20,CA,302,17.242,17.328,22.176,-0.2637,0.0,0.0
ARG,20,C,303,17.993,16.384,21.264,0.7341,0.0,0.0
ARG,20,O,304,17.722,16.34,20.069,-0.5894,0.0,0.0
ARG,20,CB,305,15.888,16.739,22.532,-0.0007,0.0,0.0
ARG,20,CG,306,15.098,17.534,23.554,0.039,0.0,0.0
ARG,20,CD,307,13.782,16.907,23.84,0.0486,0.0,0.0
ARG,20,NE,308,12.896,16.921,22.686,-0.5295,0.0,0.0
ARG,20,CZ,309,11.714,16.276,22.635,0.8076,0.0,0.0
ARG,20,NH1,310,11.301,15.58,23.671,-0.8627,0.0,0.0
ARG,20,NH2,311,10.969,16.337,21.552,-0.8627,0.0,0.0
ARG,20,H,312,16.323,18.754,20.873,0.2747,0.0,0.0
ARG,20,HA,313,17.818,17.469,23.09,0.156,0.0,0.0
ARG,20,1HB,314,15.281,16.659,21.633,0.0327,0.0,0.0
ARG,20,2HB,315,16.023,15.732,22.928,0.0327,0.0,0.0
ARG,20,1HG,316,15.661,17.59,24.488,0.0285,0.0,0.0
ARG,20,2HG,317,14.923,18.542,23.173,0.0285,0.0,0.0
ARG,20,1HD,318,13.934,15.869,24.136,0.0687,0.0,0.0
ARG,20,2HD,319,13.29,17.448,24.648,0.0687,0.0,0.0
ARG,20,HE,320,13.186,17.447,21.871,0.3456,0.0,0.0
ARG,20,1HH1,321,11.87,15.53,24.504,0.4478,0.0,0.0
ARG,20,2HH1,322,10.415,15.097,23.633,0.4478,0.0,0.0
ARG,20,1HH2,323,11.283,16.868,20.757,0.4478,0.0,0.0
ARG,20,2HH2,324,10.085,15.853,21.518,0.4478,0.0,0.0
PHE,21,N,325,18.949,15.63,21.797,-0.4157,0.0,0.0
PHE,21,CA,326,19.652,14.702,20.923,-0.0024,0.0,0.0
PHE,21,C,327,19.617,13.271,21.459,0.5973,0.0,0.0
PHE,21,O,328,20.066,12.987,22.568,-0.5679,0.0,0.0
PHE,21,CB,329,21.101,15.135,20.732,-0.0343,0.0,0.0
PHE,21,CG,330,21.266,16.511,20.178,0.0118,0.0,0.0
PHE,21,CD1,331,21.389,17.587,21.049,-0.1256,0.0,0.0
PHE,21,CD2,332,21.3,16.756,18.829,-0.1256,0.0,0.0
PHE,21,CE1,333,21.541,18.866,20.574,-0.1704,0.0,0.0
PHE,21,CE2,334,21.455,18.044,18.364,-0.1704,0.0,0.0
PHE,21,CZ,335,21.574,19.088,19.236,-0.1072,0.0,0.0
PHE,21,H,336,19.142,15.659,22.786,0.2719,0.0,0.0
PHE,21,HA,337,19.158,14.697,19.962,0.0978,0.0,0.0
PHE,21,1HB,338,21.621,15.096,21.676,0.0295,0.0,0.0
PHE,21,2HB,339,21.599,14.44,20.057,0.0295,0.0,0.0
PHE,21,HD1,340,21.364,17.409,22.121,0.133,0.0,0.0
PHE,21,HD2,341,21.205,15.928,18.127,0.133,0.0,0.0
PHE,21,HE1,342,21.636,19.701,21.269,0.143,0.0,0.0
PHE,21,HE2,343,21.482,18.236,17.302,0.143,0.0,0.0
PHE,21,HZ,344,21.692,20.089,18.858,0.1297,0.0,0.0
ILE,22,N,345,19.234,12.333,20.597,-0.4157,0.0,0.0
ILE,22,CA,346,19.24,10.92,20.959,-0.0597,0.0,0.0
ILE,22,C,347,20.042,10.1,19.954,0.5973,0.0,0.0
ILE,22,O,348,19.899,10.275,18.75,-0.5679,0.0,0.0
ILE,22,CB,349,17.808,10.351,21.051,0.1303,0.0,0.0
ILE,22,CG1,350,17.014,11.096,22.131,-0.043,0.0,0.0
ILE,22,CG2,351,17.85,8.839,21.347,-0.3204,0.0,0.0
ILE,22,CD1,352,15.542,10.761,22.135,-0.066,0.0,0.0
ILE,22,H,353,18.934,12.613,19.673,0.2719,0.0,0.0
ILE,22,HA,354,19.708,10.817,21.931,0.0869,0.0,0.0
ILE,22,HB,355,17.293,10.514,20.105,0.0187,0.0,0.0
ILE,22,1HG1,356,17.432,10.853,23.111,0.0236,0.0,0.0
ILE,22,2HG1,357,17.124,12.167,21.98,0.0236,0.0,0.0
ILE,22,1HG2,358,16.834,8.451,21.409,0.0882,0.0,0.0
ILE,22,2HG2,359,18.382,8.328,20.552,0.0882,0.0,0.0
ILE,22,3HG2,360,18.364,8.667,22.294,0.0882,0.0,0.0
ILE,22,1HD1,361,15.043,11.325,22.923,0.0186,0.0,0.0
ILE,22,2HD1,362,15.107,11.023,21.169,0.0186,0.0,0.0
ILE,22,3HD1,363,15.413,9.694,22.313,0.0186,0.0,0.0
ALA,23,N,364,20.893,9.201,20.436,-0.4157,0.0,0.0
ALA,23,CA,365,21.69,8.391,19.522,0.0337,0.0,0.0
ALA,23,C,366,21.727,6.951,19.993,0.5973,0.0,0.0
ALA,23,O,367,22.132,6.685,21.113,-0.5679,0.0,0.0
ALA,23,CB,368,23.085,8.937,19.398,-0.1825,0.0,0.0
ALA,23,H,369,21.068,9.165,21.43,0.2719,0.0,0.0
ALA,23,HA,370,21.23,8.413,18.543,0.0823,0.0,0.0
ALA,23,1HB,371,23.656,8.307,18.723,0.0603,0.0,0.0
ALA,23,2HB,372,23.041,9.947,19.006,0.0603,0.0,0.0
ALA,23,3HB,373,23.544,8.945,20.352,0.0603,0.0,0.0
VAL,24,N,374,21.278,6.008,19.16,-0.4157,0.0,0.0
VAL,24,CA,375,21.23,4.631,19.648,-0.0875,0.0,0.0
VAL,24,C,376,21.845,3.634,18.663,0.5973,0.0,0.0
VAL,24,O,377,21.635,3.716,17.456,-0.5679,0.0,0.0
VAL,24,CB,378,19.791,4.184,19.943,0.2985,0.0,0.0
VAL,24,CG1,379,19.817,2.79,20.478,-0.3192,0.0,0.0
VAL,24,CG2,380,19.143,5.115,20.898,-0.3192,0.0,0.0
VAL,24,H,381,20.868,6.264,18.272,0.2719,0.0,0.0
VAL,24,HA,382,21.802,4.582,20.567,0.0969,0.0,0.0
VAL,24,HB,383,19.215,4.171,19.018,-0.0297,0.0,0.0
VAL,24,1HG1,384,18.81,2.478,20.683,0.0791,0.0,0.0
VAL,24,2HG1,385,20.256,2.123,19.755,0.0791,0.0,0.0
VAL,24,3HG1,386,20.403,2.76,21.395,0.0791,0.0,0.0
VAL,24,1HG2,387,18.124,4.785,21.095,0.0791,0.0,0.0
VAL,24,2HG2,388,19.706,5.113,21.798,0.0791,0.0,0.0
VAL,24,3HG2,389,19.119,6.111,20.479,0.0791,0.0,0.0
GLY,25,N,390,22.761,2.805,19.156,-0.4157,0.0,0.0
GLY,25,CA,391,23.453,1.851,18.299,-0.0252,0.0,0.0
GLY,25,C,392,22.869,0.458,18.463,0.5973,0.0,0.0
GLY,25,O,393,22.732,-0.024,19.588,-0.5679,0.0,0.0
GLY,25,H,394,23.01,2.874,20.129,0.2719,0.0,0.0
GLY,25,1HA,395,23.372,2.164,17.263,0.0698,0.0,0.0
GLY,25,2HA,396,24.51,1.835,18.541,0.0698,0.0,0.0
TYR,26,N,397,22.818,-0.271,17.342,-0.4157,0.0,0.0
TYR,26,CA,398,22.296,-1.632,17.27,-0.0014,0.0,0.0
TYR,26,C,399,23.175,-2.598,16.483,0.5973,0.0,0.0
TYR,26,O,400,23.795,-2.234,15.488,-0.5679,0.0,0.0
TYR,26,CB,401,20.88,-1.649,16.668,-0.0152,0.0,0.0
TYR,26,CG,402,19.831,-0.876,17.384,-0.0011,0.0,0.0
TYR,26,CD1,403,19.671,0.474,17.119,-0.1906,0.0,0.0
TYR,26,CD2,404,19.026,-1.501,18.302,-0.1906,0.0,0.0
TYR,26,CE1,405,18.702,1.186,17.781,-0.2341,0.0,0.0
TYR,26,CE2,406,18.062,-0.792,18.961,-0.2341,0.0,0.0
TYR,26,CZ,407,17.894,0.54,18.709,0.3226,0.0,0.0
TYR,26,OH,408,16.92,1.232,19.381,-0.5579,0.0,0.0
TYR,26,H,409,22.992,0.196,16.471,0.2719,0.0,0.0
TYR,26,HA,410,22.274,-2.03,18.281,0.0876,0.0,0.0
TYR,26,1HB,411,20.921,-1.262,15.665,0.0295,0.0,0.0
TYR,26,2HB,412,20.529,-2.683,16.614,0.0295,0.0,0.0
TYR,26,HD1,413,20.313,0.968,16.388,0.1699,0.0,0.0
TYR,26,HD2,414,19.156,-2.56,18.507,0.1699,0.0,0.0
TYR,26,HE1,415,18.572,2.248,17.578,0.1656,0.0,0.0
TYR,26,HE2,416,17.426,-1.287,19.688,0.1656,0.0,0.0
TYR,26,HH,417,16.928,2.149,19.099,0.3992,0.0,0.0
VAL,27,N,418,23.135,-3.863,16.875,-0.4157,0.0,0.0
VAL,27,CA,419,23.634,-4.931,16.019,-0.0875,0.0,0.0
VAL,27,C,420,22.453,-5.85,15.805,0.5973,0.0,0.0
VAL,27,O,421,21.976,-6.477,16.751,-0.5679,0.0,0.0
VAL,27,CB,422,24.803,-5.733,16.603,0.2985,0.0,0.0
VAL,27,CG1,423,25.18,-6.803,15.632,-0.3192,0.0,0.0
VAL,27,CG2,424,25.972,-4.799,16.9,-0.3192,0.0,0.0
VAL,27,H,425,22.563,-4.105,17.673,0.2719,0.0,0.0
VAL,27,HA,426,24.03,-4.504,15.099,0.0969,0.0,0.0
VAL,27,HB,427,24.503,-6.211,17.507,-0.0297,0.0,0.0
VAL,27,1HG1,428,26.012,-7.384,16.034,0.0791,0.0,0.0
VAL,27,2HG1,429,24.332,-7.461,15.462,0.0791,0.0,0.0
VAL,27,3HG1,430,25.472,-6.341,14.708,0.0791,0.0,0.0
VAL,27,1HG2,431,26.796,-5.376,17.316,0.0791,0.0,0.0
VAL,27,2HG2,432,26.294,-4.312,15.977,0.0791,0.0,0.0
VAL,27,3HG2,433,25.663,-4.04,17.619,0.0791,0.0,0.0
ASP,28,N,434,22.002,-5.916,14.559,-0.5163,0.0,0.0
ASP,28,CA,435,20.801,-6.621,14.175,0.0381,0.0,0.0
ASP,28,C,436,19.638,-6.014,14.968,0.5366,0.0,0.0
ASP,28,O,437,19.335,-4.832,14.802,-0.5819,0.0,0.0
ASP,28,CB,438,20.932,-8.129,14.447,-0.0303,0.0,0.0
ASP,28,CG,439,22.063,-8.741,13.617,0.7994,0.0,0.0
ASP,28,OD1,440,22.204,-8.332,12.489,-0.8014,0.0,0.0
ASP,28,OD2,441,22.764,-9.598,14.111,-0.8014,0.0,0.0
ASP,28,H,442,22.486,-5.407,13.845,0.2936,0.0,0.0
ASP,28,HA,443,20.633,-6.486,13.106,0.088,0.0,0.0
ASP,28,1HB,444,21.126,-8.321,15.497,-0.0122,0.0,0.0
ASP,28,2HB,445,19.992,-8.628,14.208,-0.0122,0.0,0.0
ASP,29,N,446,18.979,-6.804,15.811,-0.5163,0.0,0.0
ASP,29,CA,447,17.848,-6.299,16.591,0.0381,0.0,0.0
ASP,29,C,448,18.209,-5.973,18.044,0.5366,0.0,0.0
ASP,29,O,449,17.34,-5.57,18.819,-0.5819,0.0,0.0
ASP,29,CB,450,16.697,-7.309,16.576,-0.0303,0.0,0.0
ASP,29,CG,451,16.077,-7.49,15.191,0.7994,0.0,0.0
ASP,29,OD1,452,16.145,-6.576,14.403,-0.8014,0.0,0.0
ASP,29,OD2,453,15.542,-8.544,14.936,-0.8014,0.0,0.0
ASP,29,H,454,19.259,-7.768,15.914,0.2936,0.0,0.0
ASP,29,HA,455,17.506,-5.37,16.133,0.088,0.0,0.0
ASP,29,1HB,456,17.06,-8.276,16.924,-0.0122,0.0,0.0
ASP,29,2HB,457,15.919,-6.982,17.265,-0.0122,0.0,0.0
THR,30,N,458,19.464,-6.191,18.427,-0.4157,0.0,0.0
THR,30,CA,459,19.9,-5.957,19.806,-0.0389,0.0,0.0
THR,30,C,460,20.481,-4.561,20.001,0.5973,0.0,0.0
THR,30,O,461,21.305,-4.103,19.219,-0.5679,0.0,0.0
THR,30,CB,462,20.937,-7.019,20.24,0.3654,0.0,0.0
THR,30,CG2,463,21.441,-6.745,21.666,-0.2438,0.0,0.0
THR,30,OG1,464,20.338,-8.322,20.197,-0.6761,0.0,0.0
THR,30,H,465,20.154,-6.472,17.742,0.2719,0.0,0.0
THR,30,HA,466,19.026,-6.019,20.454,0.1007,0.0,0.0
THR,30,HB,467,21.778,-6.997,19.559,0.0043,0.0,0.0
THR,30,HG1,468,20.045,-8.508,19.301,0.4102,0.0,0.0
THR,30,1HG2,469,22.171,-7.506,21.945,0.0642,0.0,0.0
THR,30,2HG2,470,21.911,-5.766,21.712,0.0642,0.0,0.0
THR,30,3HG2,471,20.604,-6.773,22.36,0.0642,0.0,0.0
GLN,31,N,472,20.023,-3.878,21.051,-0.4157,0.0,0.0
GLN,31,CA,473,20.486,-2.531,21.388,-0.0031,0.0,0.0
GLN,31,C,474,21.771,-2.593,22.225,0.5973,0.0,0.0
GLN,31,O,475,21.808,-3.286,23.241,-0.5679,0.0,0.0
GLN,31,CB,476,19.37,-1.8,22.138,-0.0036,0.0,0.0
GLN,31,CG,477,19.592,-0.333,22.367,-0.0645,0.0,0.0
GLN,31,CD,478,18.438,0.288,23.161,0.6951,0.0,0.0
GLN,31,NE2,479,17.511,0.986,22.494,-0.9407,0.0,0.0
GLN,31,OE1,480,18.391,0.13,24.383,-0.6086,0.0,0.0
GLN,31,H,481,19.339,-4.315,21.652,0.2719,0.0,0.0
GLN,31,HA,482,20.684,-1.985,20.468,0.085,0.0,0.0
GLN,31,1HB,483,18.441,-1.903,21.594,0.0171,0.0,0.0
GLN,31,2HB,484,19.231,-2.263,23.116,0.0171,0.0,0.0
GLN,31,1HG,485,20.516,-0.19,22.927,0.0352,0.0,0.0
GLN,31,2HG,486,19.663,0.159,21.402,0.0352,0.0,0.0
GLN,31,1HE2,487,16.749,1.399,22.994,0.4251,0.0,0.0
GLN,31,2HE2,488,17.562,1.108,21.495,0.4251,0.0,0.0
PHE,32,N,489,22.798,-1.833,21.837,-0.4157,0.0,0.0
PHE,32,CA,490,24.068,-1.808,22.572,-0.0024,0.0,0.0
PHE,32,C,491,24.429,-0.48,23.199,0.5973,0.0,0.0
PHE,32,O,492,25.0,-0.46,24.282,-0.5679,0.0,0.0
PHE,32,CB,493,25.23,-2.218,21.672,-0.0343,0.0,0.0
PHE,32,CG,494,25.107,-3.599,21.258,0.0118,0.0,0.0
PHE,32,CD1,495,24.203,-3.953,20.328,-0.1256,0.0,0.0
PHE,32,CD2,496,25.915,-4.568,21.812,-0.1256,0.0,0.0
PHE,32,CE1,497,24.094,-5.239,19.947,-0.1704,0.0,0.0
PHE,32,CE2,498,25.809,-5.861,21.429,-0.1704,0.0,0.0
PHE,32,CZ,499,24.895,-6.192,20.495,-0.1072,0.0,0.0
PHE,32,H,500,22.715,-1.294,20.993,0.2719,0.0,0.0
PHE,32,HA,501,23.993,-2.519,23.391,0.0978,0.0,0.0
PHE,32,1HB,502,25.258,-1.576,20.792,0.0295,0.0,0.0
PHE,32,2HB,503,26.173,-2.081,22.203,0.0295,0.0,0.0
PHE,32,HD1,504,23.565,-3.191,19.89,0.133,0.0,0.0
PHE,32,HD2,505,26.636,-4.293,22.551,0.133,0.0,0.0
PHE,32,HE1,506,23.365,-5.514,19.2,0.143,0.0,0.0
PHE,32,HE2,507,26.449,-6.627,21.868,0.143,0.0,0.0
PHE,32,HZ,508,24.802,-7.202,20.191,0.1297,0.0,0.0
VAL,33,N,509,24.198,0.633,22.522,-0.4157,0.0,0.0
VAL,33,CA,510,24.643,1.875,23.156,-0.0875,0.0,0.0
VAL,33,C,511,23.598,2.981,23.055,0.5973,0.0,0.0
VAL,33,O,512,22.898,3.09,22.058,-0.5679,0.0,0.0
VAL,33,CB,513,25.954,2.397,22.531,0.2985,0.0,0.0
VAL,33,CG1,514,27.088,1.387,22.727,-0.3192,0.0,0.0
VAL,33,CG2,515,25.727,2.676,21.077,-0.3192,0.0,0.0
VAL,33,H,516,23.769,0.609,21.598,0.2719,0.0,0.0
VAL,33,HA,517,24.802,1.684,24.212,0.0969,0.0,0.0
VAL,33,HB,518,26.253,3.297,23.029,-0.0297,0.0,0.0
VAL,33,1HG1,519,28.005,1.775,22.279,0.0791,0.0,0.0
VAL,33,2HG1,520,27.244,1.226,23.788,0.0791,0.0,0.0
VAL,33,3HG1,521,26.832,0.446,22.252,0.0791,0.0,0.0
VAL,33,1HG2,522,26.648,3.046,20.629,0.0791,0.0,0.0
VAL,33,2HG2,523,25.423,1.757,20.585,0.0791,0.0,0.0
VAL,33,3HG2,524,24.945,3.429,20.97,0.0791,0.0,0.0
ARG,34,N,525,23.611,3.915,24.008,-0.3479,0.0,0.0
ARG,34,CA,526,22.69,5.047,23.916,-0.2637,0.0,0.0
ARG,34,C,527,23.149,6.348,24.565,0.7341,0.0,0.0
ARG,34,O,528,23.742,6.378,25.64,-0.5894,0.0,0.0
ARG,34,CB,529,21.333,4.727,24.525,-0.0007,0.0,0.0
ARG,34,CG,530,20.336,5.906,24.437,0.039,0.0,0.0
ARG,34,CD,531,18.948,5.516,24.75,0.0486,0.0,0.0
ARG,34,NE,532,18.039,6.648,24.585,-0.5295,0.0,0.0
ARG,34,CZ,533,16.71,6.61,24.789,0.8076,0.0,0.0
ARG,34,NH1,534,16.134,5.491,25.167,-0.8627,0.0,0.0
ARG,34,NH2,535,15.983,7.699,24.608,-0.8627,0.0,0.0
ARG,34,H,536,24.211,3.806,24.81,0.2747,0.0,0.0
ARG,34,HA,537,22.567,5.267,22.867,0.156,0.0,0.0
ARG,34,1HB,538,20.895,3.866,24.016,0.0327,0.0,0.0
ARG,34,2HB,539,21.458,4.456,25.572,0.0327,0.0,0.0
ARG,34,1HG,540,20.629,6.681,25.146,0.0285,0.0,0.0
ARG,34,2HG,541,20.33,6.325,23.44,0.0285,0.0,0.0
ARG,34,1HD,542,18.632,4.716,24.082,0.0687,0.0,0.0
ARG,34,2HD,543,18.89,5.169,25.782,0.0687,0.0,0.0
ARG,34,HE,544,18.44,7.531,24.295,0.3456,0.0,0.0
ARG,34,1HH1,545,16.691,4.659,25.305,0.4478,0.0,0.0
ARG,34,2HH1,546,15.137,5.463,25.319,0.4478,0.0,0.0
ARG,34,1HH2,547,16.426,8.56,24.317,0.4478,0.0,0.0
ARG,34,2HH2,548,14.986,7.671,24.761,0.4478,0.0,0.0
PHE,35,N,549,22.924,7.433,23.832,-0.4157,0.0,0.0
PHE,35,CA,550,23.262,8.774,24.256,-0.0024,0.0,0.0
PHE,35,C,551,22.008,9.621,24.281,0.5973,0.0,0.0
PHE,35,O,552,21.242,9.67,23.326,-0.5679,0.0,0.0
PHE,35,CB,553,24.285,9.423,23.349,-0.0343,0.0,0.0
PHE,35,CG,554,24.615,10.833,23.71,0.0118,0.0,0.0
PHE,35,CD1,555,25.479,11.12,24.753,-0.1256,0.0,0.0
PHE,35,CD2,556,24.05,11.888,22.995,-0.1256,0.0,0.0
PHE,35,CE1,557,25.776,12.43,25.078,-0.1704,0.0,0.0
PHE,35,CE2,558,24.347,13.197,23.316,-0.1704,0.0,0.0
PHE,35,CZ,559,25.211,13.469,24.361,-0.1072,0.0,0.0
PHE,35,H,560,22.595,7.306,22.888,0.2719,0.0,0.0
PHE,35,HA,561,23.669,8.735,25.267,0.0978,0.0,0.0
PHE,35,1HB,562,25.2,8.85,23.373,0.0295,0.0,0.0
PHE,35,2HB,563,23.921,9.412,22.354,0.0295,0.0,0.0
PHE,35,HD1,564,25.922,10.301,25.315,0.133,0.0,0.0
PHE,35,HD2,565,23.368,11.668,22.172,0.133,0.0,0.0
PHE,35,HE1,566,26.454,12.644,25.897,0.143,0.0,0.0
PHE,35,HE2,567,23.9,14.014,22.75,0.143,0.0,0.0
PHE,35,HZ,568,25.446,14.501,24.618,0.1297,0.0,0.0
ASP,36,N,569,21.853,10.355,25.355,-0.5163,0.0,0.0
ASP,36,CA,570,20.727,11.252,25.538,0.0381,0.0,0.0
ASP,36,C,571,21.262,12.553,26.104,0.5366,0.0,0.0
ASP,36,O,572,21.394,12.704,27.308,-0.5819,0.0,0.0
ASP,36,CB,573,19.693,10.605,26.468,-0.0303,0.0,0.0
ASP,36,CG,574,18.4,11.398,26.627,0.7994,0.0,0.0
ASP,36,OD1,575,18.353,12.537,26.227,-0.8014,0.0,0.0
ASP,36,OD2,576,17.461,10.846,27.156,-0.8014,0.0,0.0
ASP,36,H,577,22.544,10.296,26.089,0.2936,0.0,0.0
ASP,36,HA,578,20.258,11.44,24.573,0.088,0.0,0.0
ASP,36,1HB,579,19.437,9.615,26.083,-0.0122,0.0,0.0
ASP,36,2HB,580,20.128,10.476,27.452,-0.0122,0.0,0.0
SER,37,N,581,21.06,13.636,25.35,-0.4157,0.0,0.0
SER,37,CA,582,21.48,14.97,25.786,-0.0249,0.0,0.0
SER,37,C,583,20.844,15.472,27.089,0.5973,0.0,0.0
SER,37,O,584,21.341,16.429,27.681,-0.5679,0.0,0.0
SER,37,CB,585,21.189,15.981,24.71,0.2117,0.0,0.0
SER,37,OG,586,19.811,16.126,24.534,-0.6546,0.0,0.0
SER,37,H,587,20.741,13.517,24.398,0.2719,0.0,0.0
SER,37,HA,588,22.557,14.935,25.958,0.0843,0.0,0.0
SER,37,1HB,589,21.63,16.939,24.978,0.0352,0.0,0.0
SER,37,2HB,590,21.647,15.661,23.788,0.0352,0.0,0.0
SER,37,HG,591,19.466,16.422,25.38,0.4275,0.0,0.0
ASP,38,N,592,19.755,14.848,27.54,-0.5163,0.0,0.0
ASP,38,CA,593,19.096,15.265,28.776,0.0381,0.0,0.0
ASP,38,C,594,19.578,14.451,29.985,0.5366,0.0,0.0
ASP,38,O,595,19.096,14.637,31.103,-0.5819,0.0,0.0
ASP,38,CB,596,17.57,15.179,28.652,-0.0303,0.0,0.0
ASP,38,CG,597,16.976,16.21,27.68,0.7994,0.0,0.0
ASP,38,OD1,598,17.588,17.233,27.479,-0.8014,0.0,0.0
ASP,38,OD2,599,15.919,15.957,27.154,-0.8014,0.0,0.0
ASP,38,H,600,19.367,14.076,27.012,0.2936,0.0,0.0
ASP,38,HA,601,19.367,16.302,28.974,0.088,0.0,0.0
ASP,38,1HB,602,17.293,14.181,28.31,-0.0122,0.0,0.0
ASP,38,2HB,603,17.119,15.33,29.633,-0.0122,0.0,0.0
ALA,39,N,604,20.487,13.513,29.733,-0.4157,0.0,0.0
ALA,39,CA,605,21.057,12.622,30.739,0.0337,0.0,0.0
ALA,39,C,606,21.919,13.371,31.736,0.5973,0.0,0.0
ALA,39,O,607,22.58,14.356,31.412,-0.5679,0.0,0.0
ALA,39,CB,608,21.882,11.526,30.082,-0.1825,0.0,0.0
ALA,39,H,609,20.876,13.473,28.807,0.2719,0.0,0.0
ALA,39,HA,610,20.246,12.152,31.296,0.0823,0.0,0.0
ALA,39,1HB,611,22.323,10.89,30.851,0.0603,0.0,0.0
ALA,39,2HB,612,21.246,10.929,29.442,0.0603,0.0,0.0
ALA,39,3HB,613,22.677,11.977,29.486,0.0603,0.0,0.0
ALA,40,N,614,21.926,12.874,32.963,-0.4157,0.0,0.0
ALA,40,CA,615,22.789,13.423,33.991,0.0337,0.0,0.0
ALA,40,C,616,24.256,13.14,33.675,0.5973,0.0,0.0
ALA,40,O,617,25.133,13.945,33.987,-0.5679,0.0,0.0
ALA,40,CB,618,22.401,12.872,35.353,-0.1825,0.0,0.0
ALA,40,H,619,21.33,12.09,33.184,0.2719,0.0,0.0
ALA,40,HA,620,22.657,14.505,33.994,0.0823,0.0,0.0
ALA,40,1HB,621,23.026,13.329,36.121,0.0603,0.0,0.0
ALA,40,2HB,622,21.355,13.101,35.553,0.0603,0.0,0.0
ALA,40,3HB,623,22.546,11.794,35.362,0.0603,0.0,0.0
SER,41,N,624,24.516,11.972,33.076,-0.4157,0.0,0.0
SER,41,CA,625,25.882,11.548,32.785,-0.0249,0.0,0.0
SER,41,C,626,26.501,12.25,31.597,0.5973,0.0,0.0
SER,41,O,627,27.715,12.439,31.558,-0.5679,0.0,0.0
SER,41,CB,628,25.926,10.054,32.54,0.2117,0.0,0.0
SER,41,OG,629,25.277,9.738,31.32,-0.6546,0.0,0.0
SER,41,H,630,23.749,11.364,32.828,0.2719,0.0,0.0
SER,41,HA,631,26.502,11.791,33.65,0.0843,0.0,0.0
SER,41,1HB,632,26.961,9.714,32.507,0.0352,0.0,0.0
SER,41,2HB,633,25.439,9.537,33.365,0.0352,0.0,0.0
SER,41,HG,634,25.066,8.795,31.361,0.4275,0.0,0.0
GLN,42,N,635,25.666,12.621,30.627,-0.4157,0.0,0.0
GLN,42,CA,636,26.131,13.218,29.376,-0.0031,0.0,0.0
GLN,42,C,637,27.153,12.334,28.658,0.5973,0.0,0.0
GLN,42,O,638,28.01,12.842,27.935,-0.5679,0.0,0.0
GLN,42,CB,639,26.756,14.597,29.621,-0.0036,0.0,0.0
GLN,42,CG,640,25.783,15.619,30.138,-0.0645,0.0,0.0
GLN,42,CD,641,24.822,16.063,29.06,0.6951,0.0,0.0
GLN,42,NE2,642,23.549,15.787,29.245,-0.9407,0.0,0.0
GLN,42,OE1,643,25.235,16.657,28.057,-0.6086,0.0,0.0
GLN,42,H,644,24.674,12.476,30.752,0.2719,0.0,0.0
GLN,42,HA,645,25.273,13.341,28.715,0.085,0.0,0.0
GLN,42,1HB,646,27.567,14.524,30.336,0.0171,0.0,0.0
GLN,42,2HB,647,27.183,14.971,28.691,0.0171,0.0,0.0
GLN,42,1HG,648,25.211,15.18,30.958,0.0352,0.0,0.0
GLN,42,2HG,649,26.335,16.488,30.492,0.0352,0.0,0.0
GLN,42,1HE2,650,22.873,16.057,28.566,0.4251,0.0,0.0
GLN,42,2HE2,651,23.251,15.307,30.065,0.4251,0.0,0.0
ARG,43,N,652,27.061,11.012,28.851,-0.3479,0.0,0.0
ARG,43,CA,653,27.974,10.082,28.192,-0.2637,0.0,0.0
ARG,43,C,654,27.26,8.968,27.45,0.7341,0.0,0.0
ARG,43,O,655,26.103,8.662,27.731,-0.5894,0.0,0.0
ARG,43,CB,656,28.934,9.438,29.184,-0.0007,0.0,0.0
ARG,43,CG,657,29.906,10.38,29.86,0.039,0.0,0.0
ARG,43,CD,658,30.828,9.656,30.765,0.0486,0.0,0.0
ARG,43,NE,659,30.128,9.08,31.903,-0.5295,0.0,0.0
ARG,43,CZ,660,30.676,8.219,32.783,0.8076,0.0,0.0
ARG,43,NH1,661,31.928,7.844,32.644,-0.8627,0.0,0.0
ARG,43,NH2,662,29.954,7.751,33.786,-0.8627,0.0,0.0
ARG,43,H,663,26.34,10.639,29.466,0.2747,0.0,0.0
ARG,43,HA,664,28.555,10.636,27.471,0.156,0.0,0.0
ARG,43,1HB,665,28.362,8.941,29.968,0.0327,0.0,0.0
ARG,43,2HB,666,29.523,8.675,28.674,0.0327,0.0,0.0
ARG,43,1HG,667,30.498,10.893,29.105,0.0285,0.0,0.0
ARG,43,2HG,668,29.367,11.102,30.438,0.0285,0.0,0.0
ARG,43,1HD,669,31.315,8.848,30.217,0.0687,0.0,0.0
ARG,43,2HD,670,31.583,10.344,31.142,0.0687,0.0,0.0
ARG,43,HE,671,29.162,9.345,32.044,0.3456,0.0,0.0
ARG,43,1HH1,672,32.48,8.202,31.877,0.4478,0.0,0.0
ARG,43,2HH1,673,32.338,7.199,33.303,0.4478,0.0,0.0
ARG,43,1HH2,674,28.991,8.039,33.894,0.4478,0.0,0.0
ARG,43,2HH2,675,30.364,7.106,34.445,0.4478,0.0,0.0
MET,44,N,676,27.979,8.338,26.522,-0.4157,0.0,0.0
MET,44,CA,677,27.457,7.176,25.81,-0.0237,0.0,0.0
MET,44,C,678,27.382,6.001,26.791,0.5973,0.0,0.0
MET,44,O,679,28.404,5.578,27.329,-0.5679,0.0,0.0
MET,44,CB,680,28.333,6.84,24.604,0.0342,0.0,0.0
MET,44,CG,681,27.792,5.7,23.757,0.0018,0.0,0.0
MET,44,SD,682,26.27,6.129,22.909,-0.2737,0.0,0.0
MET,44,CE,683,26.887,7.211,21.638,-0.0536,0.0,0.0
MET,44,H,684,28.918,8.665,26.323,0.2719,0.0,0.0
MET,44,HA,685,26.453,7.403,25.451,0.088,0.0,0.0
MET,44,1HB,686,28.434,7.72,23.968,0.0241,0.0,0.0
MET,44,2HB,687,29.335,6.566,24.945,0.0241,0.0,0.0
MET,44,1HG,688,28.524,5.414,23.015,0.044,0.0,0.0
MET,44,2HG,689,27.603,4.842,24.389,0.044,0.0,0.0
MET,44,1HE,690,26.056,7.563,21.024,0.0684,0.0,0.0
MET,44,2HE,691,27.384,8.061,22.098,0.0684,0.0,0.0
MET,44,3HE,692,27.598,6.671,21.011,0.0684,0.0,0.0
GLU,45,N,693,26.185,5.461,27.005,-0.5163,0.0,0.0
GLU,45,CA,694,25.99,4.404,27.991,0.0397,0.0,0.0
GLU,45,C,695,25.75,3.024,27.366,0.5366,0.0,0.0
GLU,45,O,696,25.206,2.923,26.27,-0.5819,0.0,0.0
GLU,45,CB,697,24.812,4.762,28.905,0.056,0.0,0.0
GLU,45,CG,698,25.02,5.985,29.764,0.0136,0.0,0.0
GLU,45,CD,699,23.842,6.273,30.663,0.8054,0.0,0.0
GLU,45,OE1,700,22.856,5.563,30.587,-0.8188,0.0,0.0
GLU,45,OE2,701,23.927,7.207,31.432,-0.8188,0.0,0.0
GLU,45,H,702,25.378,5.829,26.528,0.2936,0.0,0.0
GLU,45,HA,703,26.906,4.343,28.568,0.1105,0.0,0.0
GLU,45,1HB,704,23.925,4.93,28.296,-0.0173,0.0,0.0
GLU,45,2HB,705,24.596,3.935,29.572,-0.0173,0.0,0.0
GLU,45,1HG,706,25.906,5.838,30.379,-0.0425,0.0,0.0
GLU,45,2HG,707,25.195,6.837,29.122,-0.0425,0.0,0.0
PRO,46,N,708,26.194,1.933,28.016,-0.2548,0.0,0.0
PRO,46,CA,709,25.994,0.558,27.6,-0.0266,0.0,0.0
PRO,46,C,710,24.543,0.113,27.76,0.5896,0.0,0.0
PRO,46,O,711,23.873,0.482,28.724,-0.5748,0.0,0.0
PRO,46,CB,712,26.915,-0.214,28.55,-0.007,0.0,0.0
PRO,46,CG,713,27.006,0.642,29.783,0.0189,0.0,0.0
PRO,46,CD,714,26.934,2.069,29.286,0.0192,0.0,0.0
PRO,46,HA,715,26.315,0.444,26.557,0.0641,0.0,0.0
PRO,46,1HB,716,26.48,-1.204,28.748,0.0253,0.0,0.0
PRO,46,2HB,717,27.885,-0.379,28.097,0.0253,0.0,0.0
PRO,46,1HG,718,26.183,0.399,30.471,0.0213,0.0,0.0
PRO,46,2HG,719,27.944,0.433,30.317,0.0213,0.0,0.0
PRO,46,1HD,720,26.391,2.669,30.024,0.0391,0.0,0.0
PRO,46,2HD,721,27.954,2.46,29.132,0.0391,0.0,0.0
ARG,47,N,722,24.077,-0.693,26.813,-0.3479,0.0,0.0
ARG,47,CA,723,22.74,-1.269,26.835,-0.2637,0.0,0.0
ARG,47,C,724,22.799,-2.772,26.554,0.7341,0.0,0.0
ARG,47,O,725,21.766,-3.414,26.361,-0.5894,0.0,0.0
ARG,47,CB,726,21.836,-0.597,25.804,-0.0007,0.0,0.0
ARG,47,CG,727,21.53,0.881,26.069,0.039,0.0,0.0
ARG,47,CD,728,20.665,1.039,27.271,0.0486,0.0,0.0
ARG,47,NE,729,20.331,2.431,27.545,-0.5295,0.0,0.0
ARG,47,CZ,730,21.041,3.257,28.347,0.8076,0.0,0.0
ARG,47,NH1,731,22.12,2.848,28.958,-0.8627,0.0,0.0
ARG,47,NH2,732,20.657,4.503,28.534,-0.8627,0.0,0.0
ARG,47,H,733,24.693,-0.965,26.067,0.2747,0.0,0.0
ARG,47,HA,734,22.314,-1.137,27.829,0.156,0.0,0.0
ARG,47,1HB,735,22.282,-0.657,24.828,0.0327,0.0,0.0
ARG,47,2HB,736,20.882,-1.122,25.755,0.0327,0.0,0.0
ARG,47,1HG,737,22.46,1.427,26.238,0.0285,0.0,0.0
ARG,47,2HG,738,21.012,1.308,25.208,0.0285,0.0,0.0
ARG,47,1HD,739,19.734,0.494,27.116,0.0687,0.0,0.0
ARG,47,2HD,740,21.182,0.641,28.14,0.0687,0.0,0.0
ARG,47,HE,741,19.504,2.809,27.102,0.3456,0.0,0.0
ARG,47,1HH1,742,22.462,1.901,28.851,0.4478,0.0,0.0
ARG,47,2HH1,743,22.617,3.512,29.55,0.4478,0.0,0.0
ARG,47,1HH2,744,19.827,4.858,28.079,0.4478,0.0,0.0
ARG,47,2HH2,745,21.213,5.096,29.143,0.4478,0.0,0.0
ALA,48,N,746,24.01,-3.328,26.537,-0.4157,0.0,0.0
ALA,48,CA,747,24.201,-4.754,26.27,0.0337,0.0,0.0
ALA,48,C,748,25.217,-5.274,27.294,0.5973,0.0,0.0
ALA,48,O,749,26.28,-4.686,27.465,-0.5679,0.0,0.0
ALA,48,CB,750,24.721,-4.986,24.865,-0.1825,0.0,0.0
ALA,48,H,751,24.819,-2.752,26.716,0.2719,0.0,0.0
ALA,48,HA,752,23.264,-5.284,26.353,0.0823,0.0,0.0
ALA,48,1HB,753,24.973,-6.038,24.738,0.0603,0.0,0.0
ALA,48,2HB,754,23.955,-4.707,24.147,0.0603,0.0,0.0
ALA,48,3HB,755,25.608,-4.379,24.705,0.0603,0.0,0.0
PRO,49,N,756,25.044,-6.498,27.806,-0.2548,0.0,0.0
PRO,49,CA,757,25.978,-7.226,28.649,-0.0266,0.0,0.0
PRO,49,C,758,27.399,-7.343,28.096,0.5896,0.0,0.0
PRO,49,O,759,28.37,-7.142,28.824,-0.5748,0.0,0.0
PRO,49,CB,760,25.326,-8.61,28.732,-0.007,0.0,0.0
PRO,49,CG,761,23.857,-8.32,28.635,0.0189,0.0,0.0
PRO,49,CD,762,23.746,-7.186,27.652,0.0192,0.0,0.0
PRO,49,HA,763,26.018,-6.737,29.635,0.0641,0.0,0.0
PRO,49,1HB,764,25.691,-9.248,27.92,0.0253,0.0,0.0
PRO,49,2HB,765,25.604,-9.103,29.675,0.0253,0.0,0.0
PRO,49,1HG,766,23.318,-9.219,28.299,0.0213,0.0,0.0
PRO,49,2HG,767,23.457,-8.057,29.623,0.0213,0.0,0.0
PRO,49,1HD,768,23.618,-7.579,26.632,0.0391,0.0,0.0
PRO,49,2HD,769,22.887,-6.568,27.952,0.0391,0.0,0.0
TRP,50,N,770,27.528,-7.357,26.774,-0.4157,0.0,0.0
TRP,50,CA,771,28.846,-7.526,26.179,-0.0275,0.0,0.0
TRP,50,C,772,29.555,-6.223,25.847,0.5973,0.0,0.0
TRP,50,O,773,30.781,-6.178,25.875,-0.5679,0.0,0.0
TRP,50,CB,774,28.686,-8.347,24.928,-0.005,0.0,0.0
TRP,50,CG,775,28.2,-9.655,25.318,-0.1415,0.0,0.0
TRP,50,CD1,776,28.918,-10.721,25.747,-0.1638,0.0,0.0
TRP,50,CD2,777,26.821,-10.054,25.314,0.1243,0.0,0.0
TRP,50,CE2,778,26.785,-11.378,25.756,0.138,0.0,0.0
TRP,50,CE3,779,25.627,-9.404,24.979,-0.2387,0.0,0.0
TRP,50,NE1,780,28.076,-11.772,26.015,-0.3418,0.0,0.0
TRP,50,CZ2,781,25.601,-12.07,25.869,-0.2601,0.0,0.0
TRP,50,CZ3,782,24.441,-10.1,25.096,-0.1972,0.0,0.0
TRP,50,CH2,783,24.429,-11.4,25.53,-0.1134,0.0,0.0
TRP,50,H,784,26.705,-7.428,26.193,0.2719,0.0,0.0
TRP,50,HA,785,29.477,-8.058,26.893,0.1123,0.0,0.0
TRP,50,1HB,786,27.99,-7.857,24.247,0.0339,0.0,0.0
TRP,50,2HB,787,29.642,-8.424,24.405,0.0339,0.0,0.0
TRP,50,HD1,788,30.001,-10.74,25.862,0.2062,0.0,0.0
TRP,50,HE1,789,28.358,-12.684,26.346,0.3412,0.0,0.0
TRP,50,HE3,790,25.635,-8.371,24.636,0.17,0.0,0.0
TRP,50,HZ2,791,25.566,-13.103,26.212,0.1572,0.0,0.0
TRP,50,HZ3,792,23.514,-9.59,24.831,0.1447,0.0,0.0
TRP,50,HH2,793,23.481,-11.92,25.611,0.1417,0.0,0.0
ILE,51,N,794,28.816,-5.166,25.525,-0.4157,0.0,0.0
ILE,51,CA,795,29.481,-3.914,25.155,-0.0597,0.0,0.0
ILE,51,C,796,30.205,-3.328,26.365,0.5973,0.0,0.0
ILE,51,O,797,31.166,-2.578,26.217,-0.5679,0.0,0.0
ILE,51,CB,798,28.508,-2.854,24.594,0.1303,0.0,0.0
ILE,51,CG1,799,29.299,-1.786,23.824,-0.043,0.0,0.0
ILE,51,CG2,800,27.692,-2.214,25.669,-0.3204,0.0,0.0
ILE,51,CD1,801,29.976,-2.308,22.584,-0.066,0.0,0.0
ILE,51,H,802,27.808,-5.231,25.498,0.2719,0.0,0.0
ILE,51,HA,803,30.219,-4.127,24.383,0.0869,0.0,0.0
ILE,51,HB,804,27.847,-3.316,23.903,0.0187,0.0,0.0
ILE,51,1HG1,805,28.621,-0.986,23.541,0.0236,0.0,0.0
ILE,51,2HG1,806,30.059,-1.367,24.484,0.0236,0.0,0.0
ILE,51,1HG2,807,27.032,-1.484,25.232,0.0882,0.0,0.0
ILE,51,2HG2,808,27.117,-2.952,26.17,0.0882,0.0,0.0
ILE,51,3HG2,809,28.343,-1.735,26.37,0.0882,0.0,0.0
ILE,51,1HD1,810,30.514,-1.5,22.095,0.0186,0.0,0.0
ILE,51,2HD1,811,30.678,-3.098,22.855,0.0186,0.0,0.0
ILE,51,3HD1,812,29.227,-2.71,21.901,0.0186,0.0,0.0
GLU,52,N,813,29.743,-3.695,27.565,-0.5163,0.0,0.0
GLU,52,CA,814,30.33,-3.263,28.827,0.0397,0.0,0.0
GLU,52,C,815,31.782,-3.687,28.991,0.5366,0.0,0.0
GLU,52,O,816,32.507,-3.122,29.812,-0.5819,0.0,0.0
GLU,52,CB,817,29.524,-3.811,30.006,0.056,0.0,0.0
GLU,52,CG,818,28.154,-3.217,30.173,0.0136,0.0,0.0
GLU,52,CD,819,27.394,-3.813,31.329,0.8054,0.0,0.0
GLU,52,OE1,820,27.897,-4.727,31.939,-0.8188,0.0,0.0
GLU,52,OE2,821,26.31,-3.354,31.602,-0.8188,0.0,0.0
GLU,52,H,822,29.006,-4.382,27.604,0.2936,0.0,0.0
GLU,52,HA,823,30.318,-2.173,28.851,0.1105,0.0,0.0
GLU,52,1HB,824,29.404,-4.887,29.893,-0.0173,0.0,0.0
GLU,52,2HB,825,30.072,-3.635,30.931,-0.0173,0.0,0.0
GLU,52,1HG,826,28.258,-2.147,30.331,-0.0425,0.0,0.0
GLU,52,2HG,827,27.592,-3.371,29.254,-0.0425,0.0,0.0
GLN,53,N,828,32.207,-4.688,28.224,-0.4157,0.0,0.0
GLN,53,CA,829,33.558,-5.212,28.292,-0.0031,0.0,0.0
GLN,53,C,830,34.583,-4.238,27.721,0.5973,0.0,0.0
GLN,53,O,831,35.783,-4.391,27.949,-0.5679,0.0,0.0
GLN,53,CB,832,33.623,-6.547,27.546,-0.0036,0.0,0.0
GLN,53,CG,833,32.803,-7.657,28.185,-0.0645,0.0,0.0
GLN,53,CD,834,32.821,-8.937,27.362,0.6951,0.0,0.0
GLN,53,NE2,835,32.658,-10.072,28.032,-0.9407,0.0,0.0
GLN,53,OE1,836,32.981,-8.904,26.139,-0.6086,0.0,0.0
GLN,53,H,837,31.571,-5.11,27.559,0.2719,0.0,0.0
GLN,53,HA,838,33.806,-5.386,29.338,0.085,0.0,0.0
GLN,53,1HB,839,33.27,-6.411,26.526,0.0171,0.0,0.0
GLN,53,2HB,840,34.659,-6.883,27.492,0.0171,0.0,0.0
GLN,53,1HG,841,33.213,-7.878,29.169,0.0352,0.0,0.0
GLN,53,2HG,842,31.767,-7.321,28.277,0.0352,0.0,0.0
GLN,53,1HE2,843,32.66,-10.946,27.544,0.4251,0.0,0.0
GLN,53,2HE2,844,32.532,-10.054,29.024,0.4251,0.0,0.0
GLU,54,N,845,34.112,-3.253,26.952,-0.5163,0.0,0.0
GLU,54,CA,846,35.0,-2.296,26.312,0.0397,0.0,0.0
GLU,54,C,847,35.665,-1.395,27.345,0.5366,0.0,0.0
GLU,54,O,848,35.065,-1.046,28.363,-0.5819,0.0,0.0
GLU,54,CB,849,34.228,-1.452,25.3,0.056,0.0,0.0
GLU,54,CG,850,33.662,-2.232,24.105,0.0136,0.0,0.0
GLU,54,CD,851,34.728,-2.745,23.173,0.8054,0.0,0.0
GLU,54,OE1,852,35.558,-1.969,22.766,-0.8188,0.0,0.0
GLU,54,OE2,853,34.711,-3.915,22.867,-0.8188,0.0,0.0
GLU,54,H,854,33.116,-3.171,26.793,0.2936,0.0,0.0
GLU,54,HA,855,35.795,-2.844,25.806,0.1105,0.0,0.0
GLU,54,1HB,856,33.391,-0.959,25.798,-0.0173,0.0,0.0
GLU,54,2HB,857,34.874,-0.688,24.918,-0.0173,0.0,0.0
GLU,54,1HG,858,33.088,-3.081,24.477,-0.0425,0.0,0.0
GLU,54,2HG,859,32.984,-1.585,23.55,-0.0425,0.0,0.0
GLY,55,N,860,36.913,-1.031,27.076,-0.4157,0.0,0.0
GLY,55,CA,861,37.684,-0.168,27.964,-0.0252,0.0,0.0
GLY,55,C,862,37.128,1.26,27.998,0.5973,0.0,0.0
GLY,55,O,863,36.43,1.666,27.07,-0.5679,0.0,0.0
GLY,55,H,864,37.348,-1.37,26.23,0.2719,0.0,0.0
GLY,55,1HA,865,37.651,-0.611,28.951,0.0698,0.0,0.0
GLY,55,2HA,866,38.722,-0.141,27.637,0.0698,0.0,0.0
PRO,56,N,867,37.448,2.046,29.041,-0.2548,0.0,0.0
PRO,56,CA,868,37.099,3.442,29.221,-0.0266,0.0,0.0
PRO,56,C,869,37.414,4.303,28.004,0.5896,0.0,0.0
PRO,56,O,870,36.733,5.297,27.765,-0.5748,0.0,0.0
PRO,56,CB,871,37.976,3.844,30.413,-0.007,0.0,0.0
PRO,56,CG,872,38.115,2.578,31.204,0.0189,0.0,0.0
PRO,56,CD,873,38.226,1.484,30.17,0.0192,0.0,0.0
PRO,56,HA,874,36.031,3.52,29.467,0.0641,0.0,0.0
PRO,56,1HB,875,38.941,4.234,30.054,0.0253,0.0,0.0
PRO,56,2HB,876,37.493,4.652,30.979,0.0253,0.0,0.0
PRO,56,1HG,877,39.001,2.634,31.853,0.0213,0.0,0.0
PRO,56,2HG,878,37.244,2.446,31.863,0.0213,0.0,0.0
PRO,56,1HD,879,39.276,1.313,29.887,0.0391,0.0,0.0
PRO,56,2HD,880,37.781,0.589,30.613,0.0391,0.0,0.0
GLU,57,N,881,38.438,3.92,27.238,-0.5163,0.0,0.0
GLU,57,CA,882,38.84,4.678,26.059,0.0397,0.0,0.0
GLU,57,C,883,37.774,4.605,24.983,0.5366,0.0,0.0
GLU,57,O,884,37.365,5.623,24.438,-0.5819,0.0,0.0
GLU,57,CB,885,40.164,4.146,25.517,0.056,0.0,0.0
GLU,57,CG,886,41.354,4.4,26.43,0.0136,0.0,0.0
GLU,57,CD,887,42.644,3.851,25.881,0.8054,0.0,0.0
GLU,57,OE1,888,42.607,3.195,24.867,-0.8188,0.0,0.0
GLU,57,OE2,889,43.667,4.088,26.477,-0.8188,0.0,0.0
GLU,57,H,890,38.95,3.084,27.483,0.2936,0.0,0.0
GLU,57,HA,891,38.972,5.722,26.344,0.1105,0.0,0.0
GLU,57,1HB,892,40.084,3.071,25.356,-0.0173,0.0,0.0
GLU,57,2HB,893,40.373,4.609,24.552,-0.0173,0.0,0.0
GLU,57,1HG,894,41.463,5.474,26.575,-0.0425,0.0,0.0
GLU,57,2HG,895,41.153,3.946,27.401,-0.0425,0.0,0.0
TYR,58,N,896,37.13,3.447,24.888,-0.4157,0.0,0.0
TYR,58,CA,897,36.045,3.256,23.937,-0.0014,0.0,0.0
TYR,58,C,898,34.935,4.224,24.214,0.5973,0.0,0.0
TYR,58,O,899,34.496,4.953,23.332,-0.5679,0.0,0.0
TYR,58,CB,900,35.516,1.827,23.977,-0.0152,0.0,0.0
TYR,58,CG,901,34.277,1.595,23.126,-0.0011,0.0,0.0
TYR,58,CD1,902,34.365,1.437,21.753,-0.1906,0.0,0.0
TYR,58,CD2,903,33.036,1.543,23.752,-0.1906,0.0,0.0
TYR,58,CE1,904,33.211,1.228,21.013,-0.2341,0.0,0.0
TYR,58,CE2,905,31.894,1.337,23.022,-0.2341,0.0,0.0
TYR,58,CZ,906,31.97,1.179,21.661,0.3226,0.0,0.0
TYR,58,OH,907,30.822,0.971,20.932,-0.5579,0.0,0.0
TYR,58,H,908,37.466,2.646,25.407,0.2719,0.0,0.0
TYR,58,HA,909,36.437,3.412,22.932,0.0876,0.0,0.0
TYR,58,1HB,910,36.291,1.14,23.633,0.0295,0.0,0.0
TYR,58,2HB,911,35.274,1.556,24.991,0.0295,0.0,0.0
TYR,58,HD1,912,35.336,1.477,21.259,0.1699,0.0,0.0
TYR,58,HD2,913,32.975,1.669,24.825,0.1699,0.0,0.0
TYR,58,HE1,914,33.272,1.102,19.931,0.1656,0.0,0.0
TYR,58,HE2,915,30.927,1.299,23.52,0.1656,0.0,0.0
TYR,58,HH,916,30.065,0.966,21.524,0.3992,0.0,0.0
TRP,59,N,917,34.534,4.268,25.476,-0.4157,0.0,0.0
TRP,59,CA,918,33.405,5.084,25.873,-0.0275,0.0,0.0
TRP,59,C,919,33.716,6.566,25.754,0.5973,0.0,0.0
TRP,59,O,920,32.88,7.326,25.272,-0.5679,0.0,0.0
TRP,59,CB,921,33.028,4.736,27.303,-0.005,0.0,0.0
TRP,59,CG,922,32.543,3.335,27.398,-0.1415,0.0,0.0
TRP,59,CD1,923,33.162,2.306,28.026,-0.1638,0.0,0.0
TRP,59,CD2,924,31.319,2.813,26.837,0.1243,0.0,0.0
TRP,59,CE2,925,31.282,1.453,27.178,0.138,0.0,0.0
TRP,59,CE3,926,30.269,3.361,26.091,-0.2387,0.0,0.0
TRP,59,NE1,927,32.417,1.165,27.902,-0.3418,0.0,0.0
TRP,59,CZ2,928,30.245,0.647,26.798,-0.2601,0.0,0.0
TRP,59,CZ3,929,29.228,2.537,25.714,-0.1972,0.0,0.0
TRP,59,CH2,930,29.217,1.223,26.059,-0.1134,0.0,0.0
TRP,59,H,931,34.981,3.646,26.146,0.2719,0.0,0.0
TRP,59,HA,932,32.566,4.856,25.214,0.1123,0.0,0.0
TRP,59,1HB,933,33.893,4.868,27.955,0.0339,0.0,0.0
TRP,59,2HB,934,32.252,5.415,27.656,0.0339,0.0,0.0
TRP,59,HD1,935,34.112,2.376,28.551,0.2062,0.0,0.0
TRP,59,HE1,936,32.66,0.26,28.279,0.3412,0.0,0.0
TRP,59,HE3,937,30.273,4.415,25.815,0.17,0.0,0.0
TRP,59,HZ2,938,30.211,-0.404,27.058,0.1572,0.0,0.0
TRP,59,HZ3,939,28.413,2.959,25.136,0.1447,0.0,0.0
TRP,59,HH2,940,28.387,0.61,25.747,0.1417,0.0,0.0
ASP,60,N,941,34.964,6.948,26.019,-0.5163,0.0,0.0
ASP,60,CA,942,35.314,8.358,25.937,0.0381,0.0,0.0
ASP,60,C,943,35.247,8.826,24.49,0.5366,0.0,0.0
ASP,60,O,944,34.688,9.879,24.201,-0.5819,0.0,0.0
ASP,60,CB,945,36.703,8.627,26.521,-0.0303,0.0,0.0
ASP,60,CG,946,36.738,8.539,28.05,0.7994,0.0,0.0
ASP,60,OD1,947,35.688,8.525,28.65,-0.8014,0.0,0.0
ASP,60,OD2,948,37.813,8.487,28.599,-0.8014,0.0,0.0
ASP,60,H,949,35.59,6.315,26.499,0.2936,0.0,0.0
ASP,60,HA,950,34.588,8.932,26.513,0.088,0.0,0.0
ASP,60,1HB,951,37.413,7.906,26.114,-0.0122,0.0,0.0
ASP,60,2HB,952,37.037,9.623,26.222,-0.0122,0.0,0.0
GLN,61,N,953,35.703,7.967,23.575,-0.4157,0.0,0.0
GLN,61,CA,954,35.683,8.269,22.149,-0.0031,0.0,0.0
GLN,61,C,955,34.265,8.35,21.61,0.5973,0.0,0.0
GLN,61,O,956,33.936,9.295,20.9,-0.5679,0.0,0.0
GLN,61,CB,957,36.47,7.209,21.379,-0.0036,0.0,0.0
GLN,61,CG,958,37.966,7.254,21.621,-0.0645,0.0,0.0
GLN,61,CD,959,38.69,6.105,20.955,0.6951,0.0,0.0
GLN,61,NE2,960,39.949,6.329,20.599,-0.9407,0.0,0.0
GLN,61,OE1,961,38.124,5.026,20.759,-0.6086,0.0,0.0
GLN,61,H,962,36.07,7.076,23.879,0.2719,0.0,0.0
GLN,61,HA,963,36.164,9.235,21.996,0.085,0.0,0.0
GLN,61,1HB,964,36.112,6.217,21.657,0.0171,0.0,0.0
GLN,61,2HB,965,36.295,7.333,20.31,0.0171,0.0,0.0
GLN,61,1HG,966,38.359,8.187,21.22,0.0352,0.0,0.0
GLN,61,2HG,967,38.156,7.201,22.689,0.0352,0.0,0.0
GLN,61,1HE2,968,40.48,5.605,20.154,0.4251,0.0,0.0
GLN,61,2HE2,969,40.369,7.218,20.777,0.4251,0.0,0.0
GLU,62,N,970,33.387,7.465,22.091,-0.5163,0.0,0.0
GLU,62,CA,971,32.018,7.436,21.588,0.0397,0.0,0.0
GLU,62,C,972,31.259,8.662,22.054,0.5366,0.0,0.0
GLU,62,O,973,30.56,9.294,21.269,-0.5819,0.0,0.0
GLU,62,CB,974,31.274,6.178,22.032,0.056,0.0,0.0
GLU,62,CG,975,31.753,4.891,21.394,0.0136,0.0,0.0
GLU,62,CD,976,31.577,4.88,19.901,0.8054,0.0,0.0
GLU,62,OE1,977,30.493,5.163,19.448,-0.8188,0.0,0.0
GLU,62,OE2,978,32.525,4.588,19.214,-0.8188,0.0,0.0
GLU,62,H,979,33.733,6.662,22.6,0.2936,0.0,0.0
GLU,62,HA,980,32.05,7.441,20.498,0.1105,0.0,0.0
GLU,62,1HB,981,31.366,6.063,23.115,-0.0173,0.0,0.0
GLU,62,2HB,982,30.22,6.29,21.803,-0.0173,0.0,0.0
GLU,62,1HG,983,32.799,4.748,21.617,-0.0425,0.0,0.0
GLU,62,2HG,984,31.202,4.061,21.829,-0.0425,0.0,0.0
THR,63,N,985,31.607,9.131,23.252,-0.4157,0.0,0.0
THR,63,CA,986,30.933,10.277,23.835,-0.0389,0.0,0.0
THR,63,C,987,31.328,11.531,23.073,0.5973,0.0,0.0
THR,63,O,988,30.483,12.315,22.661,-0.5679,0.0,0.0
THR,63,CB,989,31.255,10.453,25.319,0.3654,0.0,0.0
THR,63,CG2,990,30.533,11.681,25.832,-0.2438,0.0,0.0
THR,63,OG1,991,30.832,9.286,26.054,-0.6761,0.0,0.0
THR,63,H,992,32.103,8.511,23.876,0.2719,0.0,0.0
THR,63,HA,993,29.858,10.128,23.753,0.1007,0.0,0.0
THR,63,HB,994,32.331,10.572,25.447,0.0043,0.0,0.0
THR,63,HG1,995,31.292,8.513,25.718,0.4102,0.0,0.0
THR,63,1HG2,996,30.754,11.82,26.889,0.0642,0.0,0.0
THR,63,2HG2,997,30.865,12.556,25.275,0.0642,0.0,0.0
THR,63,3HG2,998,29.463,11.551,25.701,0.0642,0.0,0.0
ARG,64,N,999,32.605,11.617,22.726,-0.3479,0.0,0.0
ARG,64,CA,1000,33.108,12.783,22.022,-0.2637,0.0,0.0
ARG,64,C,1001,32.551,12.837,20.605,0.7341,0.0,0.0
ARG,64,O,1002,32.138,13.896,20.138,-0.5894,0.0,0.0
ARG,64,CB,1003,34.625,12.746,21.969,-0.0007,0.0,0.0
ARG,64,CG,1004,35.312,12.988,23.302,0.039,0.0,0.0
ARG,64,CD,1005,36.778,12.78,23.207,0.0486,0.0,0.0
ARG,64,NE,1006,37.438,12.987,24.485,-0.5295,0.0,0.0
ARG,64,CZ,1007,38.734,12.708,24.73,0.8076,0.0,0.0
ARG,64,NH1,1008,39.493,12.214,23.778,-0.8627,0.0,0.0
ARG,64,NH2,1009,39.242,12.933,25.93,-0.8627,0.0,0.0
ARG,64,H,1010,33.271,10.99,23.159,0.2747,0.0,0.0
ARG,64,HA,1011,32.799,13.678,22.562,0.156,0.0,0.0
ARG,64,1HB,1012,34.95,11.772,21.598,0.0327,0.0,0.0
ARG,64,2HB,1013,34.983,13.499,21.269,0.0327,0.0,0.0
ARG,64,1HG,1014,35.13,14.014,23.622,0.0285,0.0,0.0
ARG,64,2HG,1015,34.92,12.304,24.048,0.0285,0.0,0.0
ARG,64,1HD,1016,36.977,11.759,22.879,0.0687,0.0,0.0
ARG,64,2HD,1017,37.199,13.482,22.488,0.0687,0.0,0.0
ARG,64,HE,1018,36.887,13.367,25.244,0.3456,0.0,0.0
ARG,64,1HH1,1019,39.105,12.042,22.861,0.4478,0.0,0.0
ARG,64,2HH1,1020,40.463,12.005,23.963,0.4478,0.0,0.0
ARG,64,1HH2,1021,38.659,13.313,26.663,0.4478,0.0,0.0
ARG,64,2HH2,1022,40.212,12.724,26.113,0.4478,0.0,0.0
ASN,65,N,1023,32.356,11.659,20.01,-0.4157,0.0,0.0
ASN,65,CA,1024,31.887,11.558,18.637,0.0143,0.0,0.0
ASN,65,C,1025,30.415,11.923,18.507,0.5973,0.0,0.0
ASN,65,O,1026,30.059,12.784,17.706,-0.5679,0.0,0.0
ASN,65,CB,1027,32.141,10.165,18.092,-0.2041,0.0,0.0
ASN,65,CG,1028,33.601,9.907,17.826,0.713,0.0,0.0
ASN,65,ND2,1029,33.969,8.654,17.733,-0.9191,0.0,0.0
ASN,65,OD1,1030,34.397,10.846,17.704,-0.5931,0.0,0.0
ASN,65,H,1031,32.751,10.834,20.437,0.2719,0.0,0.0
ASN,65,HA,1032,32.439,12.278,18.031,0.1048,0.0,0.0
ASN,65,1HB,1033,31.776,9.424,18.806,0.0797,0.0,0.0
ASN,65,2HB,1034,31.585,10.03,17.166,0.0797,0.0,0.0
ASN,65,1HD2,1035,34.927,8.425,17.557,0.4196,0.0,0.0
ASN,65,2HD2,1036,33.293,7.925,17.838,0.4196,0.0,0.0
VAL,66,N,1037,29.594,11.409,19.425,-0.4157,0.0,0.0
VAL,66,CA,1038,28.161,11.673,19.398,-0.0875,0.0,0.0
VAL,66,C,1039,27.895,13.121,19.781,0.5973,0.0,0.0
VAL,66,O,1040,26.995,13.747,19.23,-0.5679,0.0,0.0
VAL,66,CB,1041,27.394,10.742,20.365,0.2985,0.0,0.0
VAL,66,CG1,1042,27.641,11.08,21.804,-0.3192,0.0,0.0
VAL,66,CG2,1043,25.936,10.833,20.048,-0.3192,0.0,0.0
VAL,66,H,1044,29.945,10.697,20.047,0.2719,0.0,0.0
VAL,66,HA,1045,27.791,11.491,18.388,0.0969,0.0,0.0
VAL,66,HB,1046,27.742,9.72,20.234,-0.0297,0.0,0.0
VAL,66,1HG1,1047,27.085,10.404,22.434,0.0791,0.0,0.0
VAL,66,2HG1,1048,28.676,10.985,21.999,0.0791,0.0,0.0
VAL,66,3HG1,1049,27.325,12.095,22.012,0.0791,0.0,0.0
VAL,66,1HG2,1050,25.391,10.19,20.712,0.0791,0.0,0.0
VAL,66,2HG2,1051,25.598,11.862,20.175,0.0791,0.0,0.0
VAL,66,3HG2,1052,25.769,10.524,19.027,0.0791,0.0,0.0
LYS,67,N,1053,28.754,13.687,20.63,-0.3479,0.0,0.0
LYS,67,CA,1054,28.572,15.065,21.041,-0.24,0.0,0.0
LYS,67,C,1055,28.863,15.976,19.864,0.7341,0.0,0.0
LYS,67,O,1056,28.094,16.888,19.58,-0.5894,0.0,0.0
LYS,67,CB,1057,29.472,15.412,22.223,-0.0094,0.0,0.0
LYS,67,CG,1058,29.292,16.835,22.727,0.0187,0.0,0.0
LYS,67,CD,1059,27.902,17.046,23.311,-0.0479,0.0,0.0
LYS,67,CE,1060,27.761,18.444,23.9,-0.0143,0.0,0.0
LYS,67,NZ,1061,26.396,18.684,24.444,-0.3854,0.0,0.0
LYS,67,H,1062,29.412,13.112,21.135,0.2747,0.0,0.0
LYS,67,HA,1063,27.538,15.204,21.358,0.1426,0.0,0.0
LYS,67,1HB,1064,29.268,14.728,23.048,0.0362,0.0,0.0
LYS,67,2HB,1065,30.516,15.279,21.936,0.0362,0.0,0.0
LYS,67,1HG,1066,30.034,17.044,23.496,0.0103,0.0,0.0
LYS,67,2HG,1067,29.44,17.534,21.901,0.0103,0.0,0.0
LYS,67,1HD,1068,27.153,16.909,22.528,0.0621,0.0,0.0
LYS,67,2HD,1069,27.72,16.31,24.095,0.0621,0.0,0.0
LYS,67,1HE,1070,28.489,18.569,24.699,0.1135,0.0,0.0
LYS,67,2HE,1071,27.967,19.181,23.121,0.1135,0.0,0.0
LYS,67,1HZ,1072,26.344,19.618,24.823,0.34,0.0,0.0
LYS,67,2HZ,1073,25.715,18.582,23.704,0.34,0.0,0.0
LYS,67,3HZ,1074,26.202,18.013,25.175,0.34,0.0,0.0
ALA,68,N,1075,29.89,15.622,19.093,-0.4157,0.0,0.0
ALA,68,CA,1076,30.293,16.428,17.952,0.0337,0.0,0.0
ALA,68,C,1077,29.163,16.405,16.93,0.5973,0.0,0.0
ALA,68,O,1078,28.754,17.45,16.426,-0.5679,0.0,0.0
ALA,68,CB,1079,31.582,15.89,17.354,-0.1825,0.0,0.0
ALA,68,H,1080,30.538,14.927,19.434,0.2719,0.0,0.0
ALA,68,HA,1081,30.472,17.456,18.267,0.0823,0.0,0.0
ALA,68,1HB,1082,31.841,16.47,16.47,0.0603,0.0,0.0
ALA,68,2HB,1083,32.382,15.969,18.089,0.0603,0.0,0.0
ALA,68,3HB,1084,31.447,14.848,17.076,0.0603,0.0,0.0
HIE,69,N,1085,28.516,15.238,16.82,-0.4157,0.0,0.0
HIE,69,CA,1086,27.42,15.026,15.884,-0.0581,0.0,0.0
HIE,69,C,1087,26.254,15.925,16.258,0.5973,0.0,0.0
HIE,69,O,1088,25.753,16.678,15.428,-0.5679,0.0,0.0
HIE,69,CB,1089,26.962,13.564,15.859,-0.0074,0.0,0.0
HIE,69,CG,1090,25.907,13.299,14.833,0.1868,0.0,0.0
HIE,69,CD2,1091,24.591,13.042,14.966,-0.2207,0.0,0.0
HIE,69,ND1,1092,26.173,13.282,13.481,-0.5432,0.0,0.0
HIE,69,CE1,1093,25.06,13.023,12.824,0.1635,0.0,0.0
HIE,69,NE2,1094,24.086,12.874,13.7,-0.2795,0.0,0.0
HIE,69,H,1095,28.959,14.418,17.211,0.2719,0.0,0.0
HIE,69,HA,1096,27.74,15.289,14.876,0.136,0.0,0.0
HIE,69,1HB,1097,27.817,12.92,15.654,0.0367,0.0,0.0
HIE,69,2HB,1098,26.572,13.285,16.831,0.0367,0.0,0.0
HIE,69,HD2,1099,24.032,12.98,15.9,0.1862,0.0,0.0
HIE,69,HE1,1100,24.961,12.946,11.742,0.1435,0.0,0.0
HIE,69,HE2,1101,23.12,12.67,13.48,0.3339,0.0,0.0
SER,70,N,1102,25.993,16.002,17.565,-0.4157,0.0,0.0
SER,70,CA,1103,24.87,16.767,18.081,-0.0249,0.0,0.0
SER,70,C,1104,25.062,18.248,17.788,0.5973,0.0,0.0
SER,70,O,1105,24.136,18.921,17.344,-0.5679,0.0,0.0
SER,70,CB,1106,24.744,16.53,19.574,0.2117,0.0,0.0
SER,70,OG,1107,24.384,15.203,19.844,-0.6546,0.0,0.0
SER,70,H,1108,26.383,15.288,18.163,0.2719,0.0,0.0
SER,70,HA,1109,23.959,16.411,17.6,0.0843,0.0,0.0
SER,70,1HB,1110,25.683,16.756,20.061,0.0352,0.0,0.0
SER,70,2HB,1111,24.004,17.194,19.983,0.0352,0.0,0.0
SER,70,HG,1112,25.085,14.658,19.475,0.4275,0.0,0.0
GLN,71,N,1113,26.296,18.722,17.935,-0.4157,0.0,0.0
GLN,71,CA,1114,26.606,20.125,17.705,-0.0031,0.0,0.0
GLN,71,C,1115,26.421,20.469,16.233,0.5973,0.0,0.0
GLN,71,O,1116,25.804,21.478,15.896,-0.5679,0.0,0.0
GLN,71,CB,1117,28.037,20.43,18.152,-0.0036,0.0,0.0
GLN,71,CG,1118,28.235,20.37,19.661,-0.0645,0.0,0.0
GLN,71,CD,1119,29.674,20.6,20.066,0.6951,0.0,0.0
GLN,71,NE2,1120,29.872,21.136,21.265,-0.9407,0.0,0.0
GLN,71,OE1,1121,30.603,20.301,19.31,-0.6086,0.0,0.0
GLN,71,H,1122,27.0,18.129,18.357,0.2719,0.0,0.0
GLN,71,HA,1123,25.921,20.737,18.295,0.085,0.0,0.0
GLN,71,1HB,1124,28.721,19.721,17.691,0.0171,0.0,0.0
GLN,71,2HB,1125,28.319,21.427,17.811,0.0171,0.0,0.0
GLN,71,1HG,1126,27.622,21.141,20.127,0.0352,0.0,0.0
GLN,71,2HG,1127,27.935,19.387,20.02,0.0352,0.0,0.0
GLN,71,1HE2,1128,30.803,21.311,21.589,0.4251,0.0,0.0
GLN,71,2HE2,1129,29.091,21.365,21.848,0.4251,0.0,0.0
THR,72,N,1130,26.746,19.513,15.364,-0.4157,0.0,0.0
THR,72,CA,1131,26.613,19.727,13.933,-0.0389,0.0,0.0
THR,72,C,1132,25.147,19.867,13.568,0.5973,0.0,0.0
THR,72,O,1133,24.761,20.833,12.914,-0.5679,0.0,0.0
THR,72,CB,1134,27.241,18.586,13.112,0.3654,0.0,0.0
THR,72,CG2,1135,27.022,18.831,11.632,-0.2438,0.0,0.0
THR,72,OG1,1136,28.645,18.516,13.383,-0.6761,0.0,0.0
THR,72,H,1137,27.298,18.729,15.689,0.2719,0.0,0.0
THR,72,HA,1138,27.129,20.649,13.668,0.1007,0.0,0.0
THR,72,HB,1139,26.786,17.642,13.391,0.0043,0.0,0.0
THR,72,HG1,1140,28.782,18.347,14.319,0.4102,0.0,0.0
THR,72,1HG2,1141,27.469,18.02,11.059,0.0642,0.0,0.0
THR,72,2HG2,1142,25.951,18.876,11.425,0.0642,0.0,0.0
THR,72,3HG2,1143,27.486,19.774,11.347,0.0642,0.0,0.0
ASP,73,N,1144,24.314,18.999,14.156,-0.5163,0.0,0.0
ASP,73,CA,1145,22.891,18.99,13.855,0.0381,0.0,0.0
ASP,73,C,1146,22.226,20.251,14.394,0.5366,0.0,0.0
ASP,73,O,1147,21.398,20.84,13.709,-0.5819,0.0,0.0
ASP,73,CB,1148,22.214,17.756,14.442,-0.0303,0.0,0.0
ASP,73,CG,1149,22.538,16.478,13.676,0.7994,0.0,0.0
ASP,73,OD1,1150,23.086,16.572,12.601,-0.8014,0.0,0.0
ASP,73,OD2,1151,22.238,15.421,14.172,-0.8014,0.0,0.0
ASP,73,H,1152,24.712,18.196,14.624,0.2936,0.0,0.0
ASP,73,HA,1153,22.766,18.981,12.774,0.088,0.0,0.0
ASP,73,1HB,1154,22.524,17.633,15.473,-0.0122,0.0,0.0
ASP,73,2HB,1155,21.136,17.901,14.437,-0.0122,0.0,0.0
ARG,74,N,1156,22.785,20.81,15.475,-0.3479,0.0,0.0
ARG,74,CA,1157,22.216,22.016,16.068,-0.2637,0.0,0.0
ARG,74,C,1158,22.276,23.138,15.051,0.7341,0.0,0.0
ARG,74,O,1159,21.272,23.787,14.744,-0.5894,0.0,0.0
ARG,74,CB,1160,22.975,22.415,17.323,-0.0007,0.0,0.0
ARG,74,CG,1161,22.464,23.642,18.019,0.039,0.0,0.0
ARG,74,CD,1162,23.265,23.944,19.229,0.0486,0.0,0.0
ARG,74,NE,1163,24.653,24.239,18.894,-0.5295,0.0,0.0
ARG,74,CZ,1164,25.095,25.421,18.422,0.8076,0.0,0.0
ARG,74,NH1,1165,24.251,26.412,18.234,-0.8627,0.0,0.0
ARG,74,NH2,1166,26.378,25.587,18.149,-0.8627,0.0,0.0
ARG,74,H,1167,23.368,20.229,16.061,0.2747,0.0,0.0
ARG,74,HA,1168,21.191,21.812,16.364,0.156,0.0,0.0
ARG,74,1HB,1169,22.947,21.61,18.037,0.0327,0.0,0.0
ARG,74,2HB,1170,24.012,22.594,17.083,0.0327,0.0,0.0
ARG,74,1HG,1171,22.521,24.494,17.342,0.0285,0.0,0.0
ARG,74,2HG,1172,21.434,23.489,18.317,0.0285,0.0,0.0
ARG,74,1HD,1173,22.844,24.81,19.739,0.0687,0.0,0.0
ARG,74,2HD,1174,23.249,23.083,19.9,0.0687,0.0,0.0
ARG,74,HE,1175,25.335,23.504,19.025,0.3456,0.0,0.0
ARG,74,1HH1,1176,23.27,26.287,18.442,0.4478,0.0,0.0
ARG,74,2HH1,1177,24.583,27.298,17.881,0.4478,0.0,0.0
ARG,74,1HH2,1178,27.027,24.826,18.295,0.4478,0.0,0.0
ARG,74,2HH2,1179,26.709,26.472,17.797,0.4478,0.0,0.0
VAL,75,N,1180,23.441,23.241,14.419,-0.4157,0.0,0.0
VAL,75,CA,1181,23.709,24.268,13.439,-0.0875,0.0,0.0
VAL,75,C,1182,22.849,24.047,12.207,0.5973,0.0,0.0
VAL,75,O,1183,22.172,24.971,11.751,-0.5679,0.0,0.0
VAL,75,CB,1184,25.189,24.24,13.036,0.2985,0.0,0.0
VAL,75,CG1,1185,25.426,25.201,11.884,-0.3192,0.0,0.0
VAL,75,CG2,1186,26.032,24.596,14.253,-0.3192,0.0,0.0
VAL,75,H,1187,24.224,22.715,14.79,0.2719,0.0,0.0
VAL,75,HA,1188,23.486,25.241,13.877,0.0969,0.0,0.0
VAL,75,HB,1189,25.458,23.247,12.682,-0.0297,0.0,0.0
VAL,75,1HG1,1190,26.478,25.177,11.601,0.0791,0.0,0.0
VAL,75,2HG1,1191,24.814,24.905,11.03,0.0791,0.0,0.0
VAL,75,3HG1,1192,25.156,26.211,12.192,0.0791,0.0,0.0
VAL,75,1HG2,1193,27.086,24.579,13.983,0.0791,0.0,0.0
VAL,75,2HG2,1194,25.763,25.592,14.604,0.0791,0.0,0.0
VAL,75,3HG2,1195,25.851,23.872,15.045,0.0791,0.0,0.0
ASP,76,N,1196,22.739,22.776,11.792,-0.5163,0.0,0.0
ASP,76,CA,1197,21.98,22.418,10.604,0.0381,0.0,0.0
ASP,76,C,1198,20.504,22.757,10.765,0.5366,0.0,0.0
ASP,76,O,1199,19.902,23.3,9.851,-0.5819,0.0,0.0
ASP,76,CB,1200,22.129,20.934,10.265,-0.0303,0.0,0.0
ASP,76,CG,1201,23.505,20.579,9.697,0.7994,0.0,0.0
ASP,76,OD1,1202,24.237,21.477,9.354,-0.8014,0.0,0.0
ASP,76,OD2,1203,23.806,19.412,9.613,-0.8014,0.0,0.0
ASP,76,H,1204,23.39,22.097,12.163,0.2936,0.0,0.0
ASP,76,HA,1205,22.363,22.998,9.767,0.088,0.0,0.0
ASP,76,1HB,1206,21.963,20.345,11.156,-0.0122,0.0,0.0
ASP,76,2HB,1207,21.37,20.652,9.536,-0.0122,0.0,0.0
LEU,77,N,1208,19.975,22.657,11.987,-0.4157,0.0,0.0
LEU,77,CA,1209,18.56,22.955,12.182,-0.0518,0.0,0.0
LEU,77,C,1210,18.308,24.402,11.795,0.5973,0.0,0.0
LEU,77,O,1211,17.366,24.697,11.061,-0.5679,0.0,0.0
LEU,77,CB,1212,18.172,22.705,13.649,-0.1102,0.0,0.0
LEU,77,CG,1213,18.065,21.234,14.077,0.3531,0.0,0.0
LEU,77,CD1,1214,18.018,21.133,15.561,-0.4121,0.0,0.0
LEU,77,CD2,1215,16.811,20.636,13.44,-0.4121,0.0,0.0
LEU,77,H,1216,20.456,22.101,12.678,0.2719,0.0,0.0
LEU,77,HA,1217,17.968,22.29,11.553,0.0922,0.0,0.0
LEU,77,1HB,1218,18.908,23.177,14.287,0.0457,0.0,0.0
LEU,77,2HB,1219,17.206,23.174,13.836,0.0457,0.0,0.0
LEU,77,HG,1220,18.93,20.695,13.749,-0.0361,0.0,0.0
LEU,77,1HD1,1221,17.944,20.094,15.853,0.1,0.0,0.0
LEU,77,2HD1,1222,18.919,21.558,15.963,0.1,0.0,0.0
LEU,77,3HD1,1223,17.177,21.659,15.933,0.1,0.0,0.0
LEU,77,1HD2,1224,16.718,19.587,13.733,0.1,0.0,0.0
LEU,77,2HD2,1225,15.931,21.185,13.776,0.1,0.0,0.0
LEU,77,3HD2,1226,16.888,20.706,12.359,0.1,0.0,0.0
GLY,78,N,1227,19.24,25.276,12.178,-0.4157,0.0,0.0
GLY,78,CA,1228,19.126,26.699,11.885,-0.0252,0.0,0.0
GLY,78,C,1229,19.204,26.948,10.386,0.5973,0.0,0.0
GLY,78,O,1230,18.297,27.535,9.79,-0.5679,0.0,0.0
GLY,78,H,1231,19.944,24.965,12.842,0.2719,0.0,0.0
GLY,78,1HA,1232,18.184,27.078,12.275,0.0698,0.0,0.0
GLY,78,2HA,1233,19.923,27.239,12.393,0.0698,0.0,0.0
THR,79,N,1234,20.186,26.305,9.762,-0.4157,0.0,0.0
THR,79,CA,1235,20.454,26.449,8.342,-0.0389,0.0,0.0
THR,79,C,1236,19.311,25.971,7.471,0.5973,0.0,0.0
THR,79,O,1237,18.865,26.691,6.577,-0.5679,0.0,0.0
THR,79,CB,1238,21.73,25.69,7.953,0.3654,0.0,0.0
THR,79,CG2,1239,21.945,25.781,6.472,-0.2438,0.0,0.0
THR,79,OG1,1240,22.856,26.254,8.639,-0.6761,0.0,0.0
THR,79,H,1241,20.881,25.84,10.331,0.2719,0.0,0.0
THR,79,HA,1242,20.598,27.508,8.13,0.1007,0.0,0.0
THR,79,HB,1243,21.631,24.647,8.243,0.0043,0.0,0.0
THR,79,HG1,1244,22.721,26.183,9.588,0.4102,0.0,0.0
THR,79,1HG2,1245,22.851,25.241,6.199,0.0642,0.0,0.0
THR,79,2HG2,1246,21.088,25.342,5.966,0.0642,0.0,0.0
THR,79,3HG2,1247,22.048,26.825,6.18,0.0642,0.0,0.0
LEU,80,N,1248,18.753,24.821,7.833,-0.4157,0.0,0.0
LEU,80,CA,1249,17.704,24.2,7.06,-0.0518,0.0,0.0
LEU,80,C,1250,16.422,25.006,7.149,0.5973,0.0,0.0
LEU,80,O,1251,15.769,25.213,6.129,-0.5679,0.0,0.0
LEU,80,CB,1252,17.474,22.782,7.561,-0.1102,0.0,0.0
LEU,80,CG,1253,18.663,21.877,7.29,0.3531,0.0,0.0
LEU,80,CD1,1254,18.445,20.532,7.891,-0.4121,0.0,0.0
LEU,80,CD2,1255,18.844,21.785,5.852,-0.4121,0.0,0.0
LEU,80,H,1256,19.199,24.279,8.553,0.2719,0.0,0.0
LEU,80,HA,1257,18.017,24.159,6.017,0.0922,0.0,0.0
LEU,80,1HB,1258,17.281,22.815,8.635,0.0457,0.0,0.0
LEU,80,2HB,1259,16.589,22.375,7.072,0.0457,0.0,0.0
LEU,80,HG,1260,19.554,22.285,7.746,-0.0361,0.0,0.0
LEU,80,1HD1,1261,19.305,19.895,7.688,0.1,0.0,0.0
LEU,80,2HD1,1262,18.318,20.636,8.963,0.1,0.0,0.0
LEU,80,3HD1,1263,17.566,20.097,7.46,0.1,0.0,0.0
LEU,80,1HD2,1264,19.692,21.141,5.652,0.1,0.0,0.0
LEU,80,2HD2,1265,17.945,21.369,5.401,0.1,0.0,0.0
LEU,80,3HD2,1266,19.028,22.776,5.445,0.1,0.0,0.0
ARG,81,N,1267,16.161,25.648,8.305,-0.3479,0.0,0.0
ARG,81,CA,1268,14.951,26.464,8.379,-0.2637,0.0,0.0
ARG,81,C,1269,15.108,27.594,7.373,0.7341,0.0,0.0
ARG,81,O,1270,14.144,28.097,6.807,-0.5894,0.0,0.0
ARG,81,CB,1271,14.696,27.047,9.766,-0.0007,0.0,0.0
ARG,81,CG,1272,14.225,26.05,10.825,0.039,0.0,0.0
ARG,81,CD,1273,13.686,26.743,12.034,0.0486,0.0,0.0
ARG,81,NE,1274,14.694,27.527,12.738,-0.5295,0.0,0.0
ARG,81,CZ,1275,15.509,27.05,13.701,0.8076,0.0,0.0
ARG,81,NH1,1276,15.429,25.792,14.07,-0.8627,0.0,0.0
ARG,81,NH2,1277,16.391,27.849,14.277,-0.8627,0.0,0.0
ARG,81,H,1278,16.67,25.417,9.149,0.2747,0.0,0.0
ARG,81,HA,1279,14.087,25.841,8.14,0.156,0.0,0.0
ARG,81,1HB,1280,15.61,27.507,10.138,0.0327,0.0,0.0
ARG,81,2HB,1281,13.938,27.829,9.698,0.0327,0.0,0.0
ARG,81,1HG,1282,13.437,25.423,10.41,0.0285,0.0,0.0
ARG,81,2HG,1283,15.049,25.427,11.135,0.0285,0.0,0.0
ARG,81,1HD,1284,12.885,27.423,11.734,0.0687,0.0,0.0
ARG,81,2HD,1285,13.296,26.003,12.732,0.0687,0.0,0.0
ARG,81,HE,1286,14.789,28.502,12.485,0.3456,0.0,0.0
ARG,81,1HH1,1287,14.755,25.178,13.632,0.4478,0.0,0.0
ARG,81,2HH1,1288,16.039,25.436,14.791,0.4478,0.0,0.0
ARG,81,1HH2,1289,16.454,28.818,13.995,0.4478,0.0,0.0
ARG,81,2HH2,1290,17.0,27.492,14.998,0.4478,0.0,0.0
GLY,82,N,1291,16.346,28.058,7.208,-0.4157,0.0,0.0
GLY,82,CA,1292,16.6,29.173,6.32,-0.0252,0.0,0.0
GLY,82,C,1293,16.282,28.753,4.887,0.5973,0.0,0.0
GLY,82,O,1294,15.509,29.411,4.193,-0.5679,0.0,0.0
GLY,82,H,1295,17.066,27.783,7.867,0.2719,0.0,0.0
GLY,82,1HA,1296,15.99,30.027,6.612,0.0698,0.0,0.0
GLY,82,2HA,1297,17.64,29.484,6.407,0.0698,0.0,0.0
TYR,83,N,1298,16.752,27.557,4.513,-0.4157,0.0,0.0
TYR,83,CA,1299,16.578,27.029,3.16,-0.0014,0.0,0.0
TYR,83,C,1300,15.106,26.822,2.815,0.5973,0.0,0.0
TYR,83,O,1301,14.652,27.189,1.73,-0.5679,0.0,0.0
TYR,83,CB,1302,17.337,25.717,2.969,-0.0152,0.0,0.0
TYR,83,CG,1303,18.829,25.837,3.004,-0.0011,0.0,0.0
TYR,83,CD1,1304,19.427,27.074,2.896,-0.1906,0.0,0.0
TYR,83,CD2,1305,19.606,24.697,3.147,-0.1906,0.0,0.0
TYR,83,CE1,1306,20.796,27.176,2.929,-0.2341,0.0,0.0
TYR,83,CE2,1307,20.971,24.795,3.18,-0.2341,0.0,0.0
TYR,83,CZ,1308,21.568,26.032,3.071,0.3226,0.0,0.0
TYR,83,OH,1309,22.936,26.142,3.104,-0.5579,0.0,0.0
TYR,83,H,1310,17.399,27.088,5.136,0.2719,0.0,0.0
TYR,83,HA,1311,16.973,27.758,2.454,0.0876,0.0,0.0
TYR,83,1HB,1312,17.045,25.012,3.749,0.0295,0.0,0.0
TYR,83,2HB,1313,17.059,25.296,2.016,0.0295,0.0,0.0
TYR,83,HD1,1314,18.816,27.97,2.784,0.1699,0.0,0.0
TYR,83,HD2,1315,19.137,23.723,3.231,0.1699,0.0,0.0
TYR,83,HE1,1316,21.273,28.152,2.844,0.1656,0.0,0.0
TYR,83,HE2,1317,21.581,23.898,3.292,0.1656,0.0,0.0
TYR,83,HH,1318,23.324,25.269,3.204,0.3992,0.0,0.0
TYR,84,N,1319,14.344,26.395,3.816,-0.4157,0.0,0.0
TYR,84,CA,1320,12.943,26.038,3.655,-0.0014,0.0,0.0
TYR,84,C,1321,11.976,27.144,4.065,0.5973,0.0,0.0
TYR,84,O,1322,10.761,26.942,4.031,-0.5679,0.0,0.0
TYR,84,CB,1323,12.63,24.769,4.446,-0.0152,0.0,0.0
TYR,84,CG,1324,13.219,23.492,3.911,-0.0011,0.0,0.0
TYR,84,CD1,1325,14.212,22.812,4.605,-0.1906,0.0,0.0
TYR,84,CD2,1326,12.757,23.0,2.71,-0.1906,0.0,0.0
TYR,84,CE1,1327,14.732,21.644,4.088,-0.2341,0.0,0.0
TYR,84,CE2,1328,13.274,21.84,2.197,-0.2341,0.0,0.0
TYR,84,CZ,1329,14.253,21.164,2.877,0.3226,0.0,0.0
TYR,84,OH,1330,14.756,20.008,2.348,-0.5579,0.0,0.0
TYR,84,H,1331,14.821,26.02,4.625,0.2719,0.0,0.0
TYR,84,HA,1332,12.759,25.859,2.595,0.0876,0.0,0.0
TYR,84,1HB,1333,12.993,24.887,5.469,0.0295,0.0,0.0
TYR,84,2HB,1334,11.552,24.631,4.489,0.0295,0.0,0.0
TYR,84,HD1,1335,14.578,23.193,5.549,0.1699,0.0,0.0
TYR,84,HD2,1336,11.979,23.536,2.167,0.1699,0.0,0.0
TYR,84,HE1,1337,15.511,21.104,4.627,0.1656,0.0,0.0
TYR,84,HE2,1338,12.905,21.455,1.246,0.1656,0.0,0.0
TYR,84,HH,1339,14.315,19.817,1.516,0.3992,0.0,0.0
ASN,85,N,1340,12.506,28.303,4.456,-0.4157,0.0,0.0
ASN,85,CA,1341,11.672,29.424,4.887,0.0143,0.0,0.0
ASN,85,C,1342,10.701,29.019,5.998,0.5973,0.0,0.0
ASN,85,O,1343,9.498,29.263,5.897,-0.5679,0.0,0.0
ASN,85,CB,1344,10.906,30.012,3.714,-0.2041,0.0,0.0
ASN,85,CG,1345,10.331,31.367,4.018,0.713,0.0,0.0
ASN,85,ND2,1346,9.196,31.664,3.435,-0.9191,0.0,0.0
ASN,85,OD1,1347,10.912,32.146,4.782,-0.5931,0.0,0.0
ASN,85,H,1348,13.509,28.432,4.443,0.2719,0.0,0.0
ASN,85,HA,1349,12.323,30.193,5.308,0.1048,0.0,0.0
ASN,85,1HB,1350,11.571,30.096,2.853,0.0797,0.0,0.0
ASN,85,2HB,1351,10.094,29.344,3.433,0.0797,0.0,0.0
ASN,85,1HD2,1352,8.767,32.552,3.601,0.4196,0.0,0.0
ASN,85,2HD2,1353,8.76,31.005,2.825,0.4196,0.0,0.0
GLN,86,N,1354,11.222,28.355,7.022,-0.4157,0.0,0.0
GLN,86,CA,1355,10.428,27.924,8.16,-0.0031,0.0,0.0
GLN,86,C,1356,10.481,28.917,9.305,0.5973,0.0,0.0
GLN,86,O,1357,11.492,29.589,9.507,-0.5679,0.0,0.0
GLN,86,CB,1358,10.914,26.562,8.626,-0.0036,0.0,0.0
GLN,86,CG,1359,10.847,25.499,7.568,-0.0645,0.0,0.0
GLN,86,CD,1360,9.443,25.107,7.233,0.6951,0.0,0.0
GLN,86,NE2,1361,9.027,25.322,5.984,-0.9407,0.0,0.0
GLN,86,OE1,1362,8.732,24.607,8.112,-0.6086,0.0,0.0
GLN,86,H,1363,12.222,28.23,7.055,0.2719,0.0,0.0
GLN,86,HA,1364,9.388,27.84,7.845,0.085,0.0,0.0
GLN,86,1HB,1365,11.934,26.638,8.959,0.0171,0.0,0.0
GLN,86,2HB,1366,10.316,26.25,9.465,0.0171,0.0,0.0
GLN,86,1HG,1367,11.32,25.887,6.682,0.0352,0.0,0.0
GLN,86,2HG,1368,11.372,24.61,7.924,0.0352,0.0,0.0
GLN,86,1HE2,1369,8.095,25.074,5.719,0.4251,0.0,0.0
GLN,86,2HE2,1370,9.649,25.733,5.308,0.4251,0.0,0.0
SER,87,N,1371,9.389,29.001,10.059,-0.4157,0.0,0.0
SER,87,CA,1372,9.349,29.861,11.231,-0.0249,0.0,0.0
SER,87,C,1373,10.168,29.273,12.358,0.5973,0.0,0.0
SER,87,O,1374,9.992,28.11,12.725,-0.5679,0.0,0.0
SER,87,CB,1375,7.931,30.085,11.707,0.2117,0.0,0.0
SER,87,OG,1376,7.92,30.856,12.886,-0.6546,0.0,0.0
SER,87,H,1377,8.576,28.451,9.821,0.2719,0.0,0.0
SER,87,HA,1378,9.785,30.825,10.969,0.0843,0.0,0.0
SER,87,1HB,1379,7.361,30.592,10.929,0.0352,0.0,0.0
SER,87,2HB,1380,7.451,29.124,11.889,0.0352,0.0,0.0
SER,87,HG,1381,8.343,31.688,12.662,0.4275,0.0,0.0
GLU,88,N,1382,10.914,30.135,13.03,-0.5163,0.0,0.0
GLU,88,CA,1383,11.722,29.734,14.169,0.0397,0.0,0.0
GLU,88,C,1384,10.858,29.272,15.337,0.5366,0.0,0.0
GLU,88,O,1385,11.315,28.514,16.19,-0.5819,0.0,0.0
GLU,88,CB,1386,12.62,30.886,14.616,0.056,0.0,0.0
GLU,88,CG,1387,13.715,31.243,13.622,0.0136,0.0,0.0
GLU,88,CD,1388,14.57,32.393,14.078,0.8054,0.0,0.0
GLU,88,OE1,1389,14.275,32.958,15.104,-0.8188,0.0,0.0
GLU,88,OE2,1390,15.521,32.707,13.401,-0.8188,0.0,0.0
GLU,88,H,1391,11.009,31.077,12.677,0.2936,0.0,0.0
GLU,88,HA,1392,12.35,28.895,13.869,0.1105,0.0,0.0
GLU,88,1HB,1393,12.013,31.775,14.784,-0.0173,0.0,0.0
GLU,88,2HB,1394,13.096,30.63,15.562,-0.0173,0.0,0.0
GLU,88,1HG,1395,14.35,30.373,13.467,-0.0425,0.0,0.0
GLU,88,2HG,1396,13.254,31.497,12.667,-0.0425,0.0,0.0
ALA,89,N,1397,9.611,29.742,15.372,-0.4157,0.0,0.0
ALA,89,CA,1398,8.679,29.422,16.445,0.0337,0.0,0.0
ALA,89,C,1399,8.39,27.924,16.531,0.5973,0.0,0.0
ALA,89,O,1400,8.142,27.401,17.617,-0.5679,0.0,0.0
ALA,89,CB,1401,7.389,30.201,16.254,-0.1825,0.0,0.0
ALA,89,H,1402,9.291,30.356,14.631,0.2719,0.0,0.0
ALA,89,HA,1403,9.137,29.713,17.39,0.0823,0.0,0.0
ALA,89,1HB,1404,6.704,29.974,17.07,0.0603,0.0,0.0
ALA,89,2HB,1405,7.607,31.268,16.249,0.0603,0.0,0.0
ALA,89,3HB,1406,6.933,29.918,15.306,0.0603,0.0,0.0
GLY,90,N,1407,8.389,27.24,15.384,-0.4157,0.0,0.0
GLY,90,CA,1408,8.06,25.819,15.351,-0.0252,0.0,0.0
GLY,90,C,1409,9.297,24.963,15.494,0.5973,0.0,0.0
GLY,90,O,1410,10.395,25.39,15.137,-0.5679,0.0,0.0
GLY,90,H,1411,8.615,27.712,14.517,0.2719,0.0,0.0
GLY,90,1HA,1412,7.361,25.588,16.153,0.0698,0.0,0.0
GLY,90,2HA,1413,7.56,25.587,14.411,0.0698,0.0,0.0
SER,91,N,1414,9.122,23.739,15.988,-0.4157,0.0,0.0
SER,91,CA,1415,10.261,22.846,16.098,-0.0249,0.0,0.0
SER,91,C,1416,10.441,22.03,14.819,0.5973,0.0,0.0
SER,91,O,1417,9.48,21.794,14.086,-0.5679,0.0,0.0
SER,91,CB,1418,10.092,21.913,17.284,0.2117,0.0,0.0
SER,91,OG,1419,9.005,21.043,17.094,-0.6546,0.0,0.0
SER,91,H,1420,8.2,23.425,16.259,0.2719,0.0,0.0
SER,91,HA,1421,11.138,23.458,16.262,0.0843,0.0,0.0
SER,91,1HB,1422,11.007,21.333,17.421,0.0352,0.0,0.0
SER,91,2HB,1423,9.936,22.5,18.187,0.0352,0.0,0.0
SER,91,HG,1424,9.203,20.542,16.299,0.4275,0.0,0.0
HIE,92,N,1425,11.674,21.59,14.572,-0.4157,0.0,0.0
HIE,92,CA,1426,11.997,20.74,13.423,-0.0581,0.0,0.0
HIE,92,C,1427,12.94,19.615,13.812,0.5973,0.0,0.0
HIE,92,O,1428,13.635,19.687,14.824,-0.5679,0.0,0.0
HIE,92,CB,1429,12.626,21.552,12.289,-0.0074,0.0,0.0
HIE,92,CG,1430,11.686,22.575,11.712,0.1868,0.0,0.0
HIE,92,CD2,1431,10.933,22.568,10.583,-0.2207,0.0,0.0
HIE,92,ND1,1432,11.437,23.787,12.319,-0.5432,0.0,0.0
HIE,92,CE1,1433,10.578,24.476,11.592,0.1635,0.0,0.0
HIE,92,NE2,1434,10.256,23.754,10.531,-0.2795,0.0,0.0
HIE,92,H,1435,12.403,21.85,15.217,0.2719,0.0,0.0
HIE,92,HA,1436,11.087,20.273,13.049,0.136,0.0,0.0
HIE,92,1HB,1437,13.517,22.066,12.656,0.0367,0.0,0.0
HIE,92,2HB,1438,12.94,20.879,11.497,0.0367,0.0,0.0
HIE,92,HD2,1439,10.878,21.758,9.852,0.1862,0.0,0.0
HIE,92,HE1,1440,10.199,25.471,11.827,0.1435,0.0,0.0
HIE,92,HE2,1441,9.607,24.033,9.788,0.3339,0.0,0.0
THR,93,N,1442,12.957,18.55,13.008,-0.4157,0.0,0.0
THR,93,CA,1443,13.799,17.416,13.349,-0.0389,0.0,0.0
THR,93,C,1444,14.753,16.939,12.242,0.5973,0.0,0.0
THR,93,O,1445,14.355,16.689,11.108,-0.5679,0.0,0.0
THR,93,CB,1446,12.896,16.241,13.778,0.3654,0.0,0.0
THR,93,CG2,1447,13.723,15.053,14.194,-0.2438,0.0,0.0
THR,93,OG1,1448,12.071,16.648,14.876,-0.6761,0.0,0.0
THR,93,H,1449,12.398,18.536,12.167,0.2719,0.0,0.0
THR,93,HA,1450,14.429,17.722,14.165,0.1007,0.0,0.0
THR,93,HB,1451,12.255,15.955,12.943,0.0043,0.0,0.0
THR,93,HG1,1452,11.525,17.391,14.607,0.4102,0.0,0.0
THR,93,1HG2,1453,13.067,14.237,14.491,0.0642,0.0,0.0
THR,93,2HG2,1454,14.326,14.744,13.376,0.0642,0.0,0.0
THR,93,3HG2,1455,14.36,15.325,15.032,0.0642,0.0,0.0
ILE,94,N,1456,15.977,16.59,12.647,-0.4157,0.0,0.0
ILE,94,CA,1457,16.967,15.993,11.745,-0.0597,0.0,0.0
ILE,94,C,1458,17.249,14.555,12.156,0.5973,0.0,0.0
ILE,94,O,1459,17.421,14.257,13.335,-0.5679,0.0,0.0
ILE,94,CB,1460,18.307,16.757,11.701,0.1303,0.0,0.0
ILE,94,CG1,1461,18.118,18.132,11.189,-0.043,0.0,0.0
ILE,94,CG2,1462,19.315,16.004,10.841,-0.3204,0.0,0.0
ILE,94,CD1,1463,19.339,18.991,11.379,-0.066,0.0,0.0
ILE,94,H,1464,16.251,16.826,13.592,0.2719,0.0,0.0
ILE,94,HA,1465,16.558,15.991,10.74,0.0869,0.0,0.0
ILE,94,HB,1466,18.701,16.856,12.702,0.0187,0.0,0.0
ILE,94,1HG1,1467,17.877,18.078,10.135,0.0236,0.0,0.0
ILE,94,2HG1,1468,17.287,18.577,11.702,0.0236,0.0,0.0
ILE,94,1HG2,1469,20.256,16.554,10.818,0.0882,0.0,0.0
ILE,94,2HG2,1470,19.487,15.013,11.26,0.0882,0.0,0.0
ILE,94,3HG2,1471,18.926,15.905,9.826,0.0882,0.0,0.0
ILE,94,1HD1,1472,19.152,19.984,10.99,0.0186,0.0,0.0
ILE,94,2HD1,1473,19.575,19.058,12.434,0.0186,0.0,0.0
ILE,94,3HD1,1474,20.18,18.55,10.849,0.0186,0.0,0.0
GLN,95,N,1475,17.119,13.621,11.223,-0.4157,0.0,0.0
GLN,95,CA,1476,17.307,12.227,11.598,-0.0031,0.0,0.0
GLN,95,C,1477,18.312,11.556,10.695,0.5973,0.0,0.0
GLN,95,O,1478,18.285,11.725,9.484,-0.5679,0.0,0.0
GLN,95,CB,1479,15.988,11.457,11.584,-0.0036,0.0,0.0
GLN,95,CG,1480,15.043,11.956,12.63,-0.0645,0.0,0.0
GLN,95,CD,1481,13.755,11.199,12.75,0.6951,0.0,0.0
GLN,95,NE2,1482,13.523,10.636,13.94,-0.9407,0.0,0.0
GLN,95,OE1,1483,12.968,11.11,11.804,-0.6086,0.0,0.0
GLN,95,H,1484,16.818,13.874,10.291,0.2719,0.0,0.0
GLN,95,HA,1485,17.702,12.206,12.599,0.085,0.0,0.0
GLN,95,1HB,1486,15.519,11.549,10.608,0.0171,0.0,0.0
GLN,95,2HB,1487,16.184,10.408,11.75,0.0171,0.0,0.0
GLN,95,1HG,1488,15.54,11.895,13.596,0.0352,0.0,0.0
GLN,95,2HG,1489,14.805,12.967,12.382,0.0352,0.0,0.0
GLN,95,1HE2,1490,12.683,10.115,14.092,0.4251,0.0,0.0
GLN,95,2HE2,1491,14.198,10.735,14.688,0.4251,0.0,0.0
MET,96,N,1492,19.164,10.712,11.264,-0.4157,0.0,0.0
MET,96,CA,1493,20.149,10.067,10.418,-0.0237,0.0,0.0
MET,96,C,1494,20.286,8.578,10.726,0.5973,0.0,0.0
MET,96,O,1495,20.475,8.179,11.867,-0.5679,0.0,0.0
MET,96,CB,1496,21.49,10.794,10.589,0.0342,0.0,0.0
MET,96,CG,1497,22.61,10.292,9.691,0.0018,0.0,0.0
MET,96,SD,1498,23.481,8.952,10.343,-0.2737,0.0,0.0
MET,96,CE,1499,24.654,9.815,11.356,-0.0536,0.0,0.0
MET,96,H,1500,19.17,10.6,12.268,0.2719,0.0,0.0
MET,96,HA,1501,19.821,10.16,9.397,0.088,0.0,0.0
MET,96,1HB,1502,21.355,11.854,10.388,0.0241,0.0,0.0
MET,96,2HB,1503,21.827,10.696,11.618,0.0241,0.0,0.0
MET,96,1HG,1504,22.199,9.985,8.729,0.044,0.0,0.0
MET,96,2HG,1505,23.319,11.096,9.515,0.044,0.0,0.0
MET,96,1HE,1506,25.302,9.095,11.854,0.0684,0.0,0.0
MET,96,2HE,1507,25.257,10.476,10.733,0.0684,0.0,0.0
MET,96,3HE,1508,24.125,10.402,12.1,0.0684,0.0,0.0
MET,97,N,1509,20.458,7.784,9.67,-0.4157,0.0,0.0
MET,97,CA,1510,20.653,6.343,9.796,-0.0237,0.0,0.0
MET,97,C,1511,21.937,5.864,9.105,0.5973,0.0,0.0
MET,97,O,1512,22.112,6.019,7.903,-0.5679,0.0,0.0
MET,97,CB,1513,19.454,5.588,9.23,0.0342,0.0,0.0
MET,97,CG,1514,19.62,4.094,9.293,0.0018,0.0,0.0
MET,97,SD,1515,19.654,3.436,10.973,-0.2737,0.0,0.0
MET,97,CE,1516,17.914,3.489,11.38,-0.0536,0.0,0.0
MET,97,H,1517,20.302,8.173,8.752,0.2719,0.0,0.0
MET,97,HA,1518,20.756,6.101,10.852,0.088,0.0,0.0
MET,97,1HB,1519,18.558,5.863,9.783,0.0241,0.0,0.0
MET,97,2HB,1520,19.299,5.88,8.189,0.0241,0.0,0.0
MET,97,1HG,1521,18.797,3.617,8.762,0.044,0.0,0.0
MET,97,2HG,1522,20.539,3.83,8.808,0.044,0.0,0.0
MET,97,1HE,1523,17.767,3.114,12.39,0.0684,0.0,0.0
MET,97,2HE,1524,17.555,4.497,11.321,0.0684,0.0,0.0
MET,97,3HE,1525,17.358,2.868,10.679,0.0684,0.0,0.0
TYR,98,N,1526,22.913,5.476,9.912,-0.4157,0.0,0.0
TYR,98,CA,1527,24.27,5.116,9.489,-0.0014,0.0,0.0
TYR,98,C,1528,24.603,3.666,9.74,0.5973,0.0,0.0
TYR,98,O,1529,24.412,3.183,10.847,-0.5679,0.0,0.0
TYR,98,CB,1530,25.303,6.0,10.188,-0.0152,0.0,0.0
TYR,98,CG,1531,26.692,5.541,10.008,-0.0011,0.0,0.0
TYR,98,CD1,1532,27.384,5.815,8.86,-0.1906,0.0,0.0
TYR,98,CD2,1533,27.282,4.828,11.027,-0.1906,0.0,0.0
TYR,98,CE1,1534,28.675,5.369,8.737,-0.2341,0.0,0.0
TYR,98,CE2,1535,28.568,4.385,10.904,-0.2341,0.0,0.0
TYR,98,CZ,1536,29.264,4.653,9.764,0.3226,0.0,0.0
TYR,98,OH,1537,30.536,4.216,9.636,-0.5579,0.0,0.0
TYR,98,H,1538,22.735,5.505,10.907,0.2719,0.0,0.0
TYR,98,HA,1539,24.343,5.282,8.417,0.0876,0.0,0.0
TYR,98,1HB,1540,25.236,6.996,9.822,0.0295,0.0,0.0
TYR,98,2HB,1541,25.09,6.033,11.258,0.0295,0.0,0.0
TYR,98,HD1,1542,26.91,6.378,8.061,0.1699,0.0,0.0
TYR,98,HD2,1543,26.725,4.62,11.924,0.1699,0.0,0.0
TYR,98,HE1,1544,29.236,5.576,7.835,0.1656,0.0,0.0
TYR,98,HE2,1545,29.032,3.819,11.713,0.1656,0.0,0.0
TYR,98,HH,1546,30.882,4.485,8.78,0.3992,0.0,0.0
GLY,99,N,1547,25.244,2.985,8.801,-0.4157,0.0,0.0
GLY,99,CA,1548,25.56,1.607,9.129,-0.0252,0.0,0.0
GLY,99,C,1549,26.264,0.828,8.046,0.5973,0.0,0.0
GLY,99,O,1550,26.413,1.264,6.91,-0.5679,0.0,0.0
GLY,99,H,1551,25.34,3.35,7.862,0.2719,0.0,0.0
GLY,99,1HA,1552,26.192,1.594,10.017,0.0698,0.0,0.0
GLY,99,2HA,1553,24.634,1.092,9.367,0.0698,0.0,0.0
CYS,100,N,1554,26.448,-0.455,8.333,-0.4157,0.0,0.0
CYS,100,CA,1555,27.066,-1.365,7.381,0.0213,0.0,0.0
CYS,100,C,1556,26.568,-2.797,7.566,0.5973,0.0,0.0
CYS,100,O,1557,26.202,-3.209,8.667,-0.5679,0.0,0.0
CYS,100,CB,1558,28.589,-1.323,7.521,-0.1231,0.0,0.0
CYS,100,SG,1559,29.196,-1.887,9.145,-0.3119,0.0,0.0
CYS,100,H,1560,26.137,-0.796,9.227,0.2719,0.0,0.0
CYS,100,HA,1561,26.796,-1.045,6.376,0.1124,0.0,0.0
CYS,100,1HB,1562,29.044,-1.948,6.755,0.1112,0.0,0.0
CYS,100,2HB,1563,28.943,-0.303,7.363,0.1112,0.0,0.0
ASP,101,N,1564,26.53,-3.54,6.464,-0.5163,0.0,0.0
ASP,101,CA,1565,26.106,-4.932,6.464,0.0381,0.0,0.0
ASP,101,C,1566,27.308,-5.781,6.153,0.5366,0.0,0.0
ASP,101,O,1567,27.976,-5.528,5.16,-0.5819,0.0,0.0
ASP,101,CB,1568,25.013,-5.184,5.434,-0.0303,0.0,0.0
ASP,101,CG,1569,23.707,-4.446,5.731,0.7994,0.0,0.0
ASP,101,OD1,1570,23.536,-4.008,6.841,-0.8014,0.0,0.0
ASP,101,OD2,1571,22.894,-4.329,4.836,-0.8014,0.0,0.0
ASP,101,H,1572,26.741,-3.101,5.582,0.2936,0.0,0.0
ASP,101,HA,1573,25.704,-5.184,7.441,0.088,0.0,0.0
ASP,101,1HB,1574,25.367,-4.881,4.477,-0.0122,0.0,0.0
ASP,101,2HB,1575,24.797,-6.25,5.387,-0.0122,0.0,0.0
VAL,102,N,1576,27.517,-6.832,6.93,-0.4157,0.0,0.0
VAL,102,CA,1577,28.678,-7.688,6.76,-0.0875,0.0,0.0
VAL,102,C,1578,28.288,-9.167,6.617,0.5973,0.0,0.0
VAL,102,O,1579,27.407,-9.672,7.308,-0.5679,0.0,0.0
VAL,102,CB,1580,29.593,-7.488,7.985,0.2985,0.0,0.0
VAL,102,CG1,1581,30.757,-8.374,7.945,-0.3192,0.0,0.0
VAL,102,CG2,1582,30.03,-6.0,8.032,-0.3192,0.0,0.0
VAL,102,H,1583,26.918,-6.975,7.729,0.2719,0.0,0.0
VAL,102,HA,1584,29.185,-7.4,5.843,0.0969,0.0,0.0
VAL,102,HB,1585,29.045,-7.744,8.887,-0.0297,0.0,0.0
VAL,102,1HG1,1586,31.377,-8.202,8.826,0.0791,0.0,0.0
VAL,102,2HG1,1587,30.43,-9.401,7.933,0.0791,0.0,0.0
VAL,102,3HG1,1588,31.314,-8.162,7.066,0.0791,0.0,0.0
VAL,102,1HG2,1589,30.68,-5.837,8.894,0.0791,0.0,0.0
VAL,102,2HG2,1590,30.572,-5.754,7.117,0.0791,0.0,0.0
VAL,102,3HG2,1591,29.159,-5.356,8.117,0.0791,0.0,0.0
GLY,103,N,1592,28.891,-9.832,5.629,-0.4157,0.0,0.0
GLY,103,CA,1593,28.62,-11.24,5.342,-0.0252,0.0,0.0
GLY,103,C,1594,29.218,-12.165,6.393,0.5973,0.0,0.0
GLY,103,O,1595,30.08,-11.757,7.165,-0.5679,0.0,0.0
GLY,103,H,1596,29.658,-9.383,5.151,0.2719,0.0,0.0
GLY,103,1HA,1597,27.544,-11.37,5.299,0.0698,0.0,0.0
GLY,103,2HA,1598,29.029,-11.493,4.366,0.0698,0.0,0.0
PRO,104,N,1599,28.956,-13.482,6.279,-0.2548,0.0,0.0
PRO,104,CA,1600,29.497,-14.574,7.086,-0.0266,0.0,0.0
PRO,104,C,1601,31.026,-14.627,7.134,0.5896,0.0,0.0
PRO,104,O,1602,31.602,-15.15,8.088,-0.5748,0.0,0.0
PRO,104,CB,1603,28.925,-15.81,6.385,-0.007,0.0,0.0
PRO,104,CG,1604,27.621,-15.33,5.804,0.0189,0.0,0.0
PRO,104,CD,1605,27.876,-13.915,5.369,0.0192,0.0,0.0
PRO,104,HA,1606,29.111,-14.475,8.112,0.0641,0.0,0.0
PRO,104,1HB,1607,29.631,-16.167,5.619,0.0253,0.0,0.0
PRO,104,2HB,1608,28.796,-16.628,7.108,0.0253,0.0,0.0
PRO,104,1HG,1609,27.322,-15.975,4.964,0.0213,0.0,0.0
PRO,104,2HG,1610,26.823,-15.396,6.558,0.0213,0.0,0.0
PRO,104,1HD,1611,28.204,-13.886,4.323,0.0391,0.0,0.0
PRO,104,2HD,1612,26.946,-13.355,5.507,0.0391,0.0,0.0
ASP,105,N,1613,31.68,-14.08,6.107,-0.5163,0.0,0.0
ASP,105,CA,1614,33.138,-14.082,6.014,0.0381,0.0,0.0
ASP,105,C,1615,33.77,-12.887,6.706,0.5366,0.0,0.0
ASP,105,O,1616,34.975,-12.882,6.965,-0.5819,0.0,0.0
ASP,105,CB,1617,33.586,-14.085,4.55,-0.0303,0.0,0.0
ASP,105,CG,1618,33.263,-15.394,3.828,0.7994,0.0,0.0
ASP,105,OD1,1619,33.12,-16.395,4.49,-0.8014,0.0,0.0
ASP,105,OD2,1620,33.164,-15.378,2.625,-0.8014,0.0,0.0
ASP,105,H,1621,31.148,-13.654,5.362,0.2936,0.0,0.0
ASP,105,HA,1622,33.512,-14.982,6.503,0.088,0.0,0.0
ASP,105,1HB,1623,33.098,-13.265,4.022,-0.0122,0.0,0.0
ASP,105,2HB,1624,34.661,-13.916,4.499,-0.0122,0.0,0.0
GLY,106,N,1625,32.938,-11.952,7.146,-0.4157,0.0,0.0
GLY,106,CA,1626,33.417,-10.709,7.724,-0.0252,0.0,0.0
GLY,106,C,1627,33.547,-9.618,6.653,0.5973,0.0,0.0
GLY,106,O,1628,33.92,-8.486,6.953,-0.5679,0.0,0.0
GLY,106,H,1629,31.975,-11.983,6.846,0.2719,0.0,0.0
GLY,106,1HA,1630,32.73,-10.381,8.503,0.0698,0.0,0.0
GLY,106,2HA,1631,34.384,-10.872,8.199,0.0698,0.0,0.0
ARG,107,N,1632,33.245,-9.971,5.403,-0.3479,0.0,0.0
ARG,107,CA,1633,33.333,-9.048,4.27,-0.2637,0.0,0.0
ARG,107,C,1634,32.266,-7.961,4.289,0.7341,0.0,0.0
ARG,107,O,1635,31.12,-8.221,4.63,-0.5894,0.0,0.0
ARG,107,CB,1636,33.221,-9.804,2.961,-0.0007,0.0,0.0
ARG,107,CG,1637,31.824,-10.382,2.701,0.039,0.0,0.0
ARG,107,CD,1638,31.783,-11.211,1.467,0.0486,0.0,0.0
ARG,107,NE,1639,30.428,-11.674,1.163,-0.5295,0.0,0.0
ARG,107,CZ,1640,29.837,-12.753,1.71,0.8076,0.0,0.0
ARG,107,NH1,1641,30.48,-13.481,2.585,-0.8627,0.0,0.0
ARG,107,NH2,1642,28.605,-13.078,1.359,-0.8627,0.0,0.0
ARG,107,H,1643,32.952,-10.922,5.226,0.2747,0.0,0.0
ARG,107,HA,1644,34.291,-8.531,4.329,0.156,0.0,0.0
ARG,107,1HB,1645,33.476,-9.142,2.135,0.0327,0.0,0.0
ARG,107,2HB,1646,33.937,-10.628,2.952,0.0327,0.0,0.0
ARG,107,1HG,1647,31.527,-11.01,3.545,0.0285,0.0,0.0
ARG,107,2HG,1648,31.109,-9.563,2.585,0.0285,0.0,0.0
ARG,107,1HD,1649,32.138,-10.623,0.622,0.0687,0.0,0.0
ARG,107,2HD,1650,32.42,-12.086,1.596,0.0687,0.0,0.0
ARG,107,HE,1651,29.892,-11.14,0.492,0.3456,0.0,0.0
ARG,107,1HH1,1652,31.422,-13.234,2.853,0.4478,0.0,0.0
ARG,107,2HH1,1653,30.036,-14.291,2.992,0.4478,0.0,0.0
ARG,107,1HH2,1654,28.107,-12.516,0.683,0.4478,0.0,0.0
ARG,107,2HH2,1655,28.161,-13.887,1.768,0.4478,0.0,0.0
LEU,108,N,1656,32.593,-6.782,3.767,-0.4157,0.0,0.0
LEU,108,CA,1657,31.56,-5.76,3.638,-0.0518,0.0,0.0
LEU,108,C,1658,30.601,-6.052,2.495,0.5973,0.0,0.0
LEU,108,O,1659,31.019,-6.18,1.344,-0.5679,0.0,0.0
LEU,108,CB,1660,32.123,-4.352,3.418,-0.1102,0.0,0.0
LEU,108,CG,1661,30.996,-3.279,3.287,0.3531,0.0,0.0
LEU,108,CD1,1662,30.309,-3.144,4.611,-0.4121,0.0,0.0
LEU,108,CD2,1663,31.536,-1.992,2.855,-0.4121,0.0,0.0
LEU,108,H,1664,33.544,-6.582,3.491,0.2719,0.0,0.0
LEU,108,HA,1665,31.0,-5.73,4.573,0.0922,0.0,0.0
LEU,108,1HB,1666,32.769,-4.094,4.254,0.0457,0.0,0.0
LEU,108,2HB,1667,32.729,-4.349,2.513,0.0457,0.0,0.0
LEU,108,HG,1668,30.27,-3.6,2.566,-0.0361,0.0,0.0
LEU,108,1HD1,1669,29.531,-2.407,4.536,0.1,0.0,0.0
LEU,108,2HD1,1670,29.882,-4.088,4.893,0.1,0.0,0.0
LEU,108,3HD1,1671,31.02,-2.839,5.352,0.1,0.0,0.0
LEU,108,1HD2,1672,30.725,-1.264,2.772,0.1,0.0,0.0
LEU,108,2HD2,1673,32.224,-1.672,3.556,0.1,0.0,0.0
LEU,108,3HD2,1674,32.018,-2.107,1.886,0.1,0.0,0.0
LEU,109,N,1675,29.315,-6.048,2.793,-0.4157,0.0,0.0
LEU,109,CA,1676,28.299,-6.255,1.78,-0.0518,0.0,0.0
LEU,109,C,1677,27.908,-4.894,1.225,0.5973,0.0,0.0
LEU,109,O,1678,27.84,-4.703,0.011,-0.5679,0.0,0.0
LEU,109,CB,1679,27.086,-6.968,2.363,-0.1102,0.0,0.0
LEU,109,CG,1680,27.359,-8.326,2.934,0.3531,0.0,0.0
LEU,109,CD1,1681,26.096,-8.854,3.561,-0.4121,0.0,0.0
LEU,109,CD2,1682,27.856,-9.246,1.847,-0.4121,0.0,0.0
LEU,109,H,1683,29.038,-6.011,3.753,0.2719,0.0,0.0
LEU,109,HA,1684,28.708,-6.874,0.984,0.0922,0.0,0.0
LEU,109,1HB,1685,26.665,-6.356,3.147,0.0457,0.0,0.0
LEU,109,2HB,1686,26.337,-7.077,1.579,0.0457,0.0,0.0
LEU,109,HG,1687,28.11,-8.244,3.704,-0.0361,0.0,0.0
LEU,109,1HD1,1688,26.282,-9.838,3.979,0.1,0.0,0.0
LEU,109,2HD1,1689,25.775,-8.18,4.353,0.1,0.0,0.0
LEU,109,3HD1,1690,25.315,-8.924,2.806,0.1,0.0,0.0
LEU,109,1HD2,1691,28.054,-10.23,2.27,0.1,0.0,0.0
LEU,109,2HD2,1692,27.1,-9.33,1.067,0.1,0.0,0.0
LEU,109,3HD2,1693,28.775,-8.841,1.419,0.1,0.0,0.0
ARG,110,N,1694,27.663,-3.95,2.141,-0.3479,0.0,0.0
ARG,110,CA,1695,27.253,-2.597,1.749,-0.2637,0.0,0.0
ARG,110,C,1696,27.317,-1.602,2.898,0.7341,0.0,0.0
ARG,110,O,1697,27.213,-1.964,4.063,-0.5894,0.0,0.0
ARG,110,CB,1698,25.846,-2.605,1.172,-0.0007,0.0,0.0
ARG,110,CG,1699,24.797,-3.056,2.143,0.039,0.0,0.0
ARG,110,CD,1700,23.484,-3.245,1.511,0.0486,0.0,0.0
ARG,110,NE,1701,23.516,-4.351,0.571,-0.5295,0.0,0.0
ARG,110,CZ,1702,23.38,-5.651,0.914,0.8076,0.0,0.0
ARG,110,NH1,1703,23.202,-6.0,2.176,-0.8627,0.0,0.0
ARG,110,NH2,1704,23.424,-6.584,-0.022,-0.8627,0.0,0.0
ARG,110,H,1705,27.729,-4.206,3.126,0.2747,0.0,0.0
ARG,110,HA,1706,27.945,-2.246,0.983,0.156,0.0,0.0
ARG,110,1HB,1707,25.585,-1.603,0.831,0.0327,0.0,0.0
ARG,110,2HB,1708,25.799,-3.259,0.306,0.0327,0.0,0.0
ARG,110,1HG,1709,25.106,-3.989,2.567,0.0285,0.0,0.0
ARG,110,2HG,1710,24.681,-2.308,2.932,0.0285,0.0,0.0
ARG,110,1HD,1711,22.738,-3.458,2.274,0.0687,0.0,0.0
ARG,110,2HD,1712,23.202,-2.34,0.975,0.0687,0.0,0.0
ARG,110,HE,1713,23.65,-4.133,-0.407,0.3456,0.0,0.0
ARG,110,1HH1,1714,23.166,-5.296,2.912,0.4478,0.0,0.0
ARG,110,2HH1,1715,23.101,-6.975,2.418,0.4478,0.0,0.0
ARG,110,1HH2,1716,23.559,-6.324,-0.989,0.4478,0.0,0.0
ARG,110,2HH2,1717,23.322,-7.556,0.23,0.4478,0.0,0.0
GLY,111,N,1718,27.426,-0.324,2.555,-0.4157,0.0,0.0
GLY,111,CA,1719,27.42,0.733,3.559,-0.0252,0.0,0.0
GLY,111,C,1720,26.413,1.817,3.2,0.5973,0.0,0.0
GLY,111,O,1721,26.121,2.04,2.025,-0.5679,0.0,0.0
GLY,111,H,1722,27.515,-0.077,1.58,0.2719,0.0,0.0
GLY,111,1HA,1723,27.176,0.315,4.534,0.0698,0.0,0.0
GLY,111,2HA,1724,28.414,1.161,3.637,0.0698,0.0,0.0
TYR,112,N,1725,25.949,2.545,4.21,-0.4157,0.0,0.0
TYR,112,CA,1726,24.97,3.601,4.001,-0.0014,0.0,0.0
TYR,112,C,1727,24.994,4.712,5.044,0.5973,0.0,0.0
TYR,112,O,1728,25.311,4.51,6.214,-0.5679,0.0,0.0
TYR,112,CB,1729,23.583,2.968,3.946,-0.0152,0.0,0.0
TYR,112,CG,1730,23.242,2.147,5.169,-0.0011,0.0,0.0
TYR,112,CD1,1731,22.637,2.709,6.287,-0.1906,0.0,0.0
TYR,112,CD2,1732,23.553,0.783,5.158,-0.1906,0.0,0.0
TYR,112,CE1,1733,22.352,1.897,7.376,-0.2341,0.0,0.0
TYR,112,CE2,1734,23.264,-0.007,6.244,-0.2341,0.0,0.0
TYR,112,CZ,1735,22.666,0.546,7.348,0.3226,0.0,0.0
TYR,112,OH,1736,22.374,-0.236,8.438,-0.5579,0.0,0.0
TYR,112,H,1737,26.205,2.29,5.154,0.2719,0.0,0.0
TYR,112,HA,1738,25.201,4.093,3.056,0.0876,0.0,0.0
TYR,112,1HB,1739,22.827,3.748,3.839,0.0295,0.0,0.0
TYR,112,2HB,1740,23.508,2.322,3.072,0.0295,0.0,0.0
TYR,112,HD1,1741,22.391,3.772,6.304,0.1699,0.0,0.0
TYR,112,HD2,1742,24.029,0.338,4.283,0.1699,0.0,0.0
TYR,112,HE1,1743,21.883,2.309,8.253,0.1656,0.0,0.0
TYR,112,HE2,1744,23.511,-1.071,6.228,0.1656,0.0,0.0
TYR,112,HH,1745,21.963,0.304,9.117,0.3992,0.0,0.0
GLN,113,N,1746,24.396,5.838,4.653,-0.4157,0.0,0.0
GLN,113,CA,1747,24.199,6.99,5.525,-0.0031,0.0,0.0
GLN,113,C,1748,23.088,7.89,4.976,0.5973,0.0,0.0
GLN,113,O,1749,23.27,8.536,3.95,-0.5679,0.0,0.0
GLN,113,CB,1750,25.481,7.791,5.682,-0.0036,0.0,0.0
GLN,113,CG,1751,25.455,8.801,6.825,-0.0645,0.0,0.0
GLN,113,CD,1752,24.739,10.088,6.449,0.6951,0.0,0.0
GLN,113,NE2,1753,25.065,11.187,7.122,-0.9407,0.0,0.0
GLN,113,OE1,1754,23.893,10.099,5.555,-0.6086,0.0,0.0
GLN,113,H,1755,24.1,5.918,3.69,0.2719,0.0,0.0
GLN,113,HA,1756,23.877,6.64,6.495,0.085,0.0,0.0
GLN,113,1HB,1757,26.315,7.113,5.854,0.0171,0.0,0.0
GLN,113,2HB,1758,25.673,8.326,4.761,0.0171,0.0,0.0
GLN,113,1HG,1759,24.937,8.356,7.672,0.0352,0.0,0.0
GLN,113,2HG,1760,26.478,9.049,7.099,0.0352,0.0,0.0
GLN,113,1HE2,1761,24.604,12.061,6.893,0.4251,0.0,0.0
GLN,113,2HE2,1762,25.756,11.148,7.843,0.4251,0.0,0.0
GLN,114,N,1763,21.924,7.903,5.626,-0.4157,0.0,0.0
GLN,114,CA,1764,20.78,8.653,5.104,-0.0031,0.0,0.0
GLN,114,C,1765,20.238,9.693,6.081,0.5973,0.0,0.0
GLN,114,O,1766,20.021,9.411,7.252,-0.5679,0.0,0.0
GLN,114,CB,1767,19.659,7.688,4.718,-0.0036,0.0,0.0
GLN,114,CG,1768,18.414,8.361,4.181,-0.0645,0.0,0.0
GLN,114,CD,1769,17.379,7.362,3.717,0.6951,0.0,0.0
GLN,114,NE2,1770,16.129,7.573,4.115,-0.9407,0.0,0.0
GLN,114,OE1,1771,17.697,6.405,3.003,-0.6086,0.0,0.0
GLN,114,H,1772,21.81,7.32,6.443,0.2719,0.0,0.0
GLN,114,HA,1773,21.104,9.203,4.225,0.085,0.0,0.0
GLN,114,1HB,1774,20.024,6.997,3.957,0.0171,0.0,0.0
GLN,114,2HB,1775,19.374,7.097,5.59,0.0171,0.0,0.0
GLN,114,1HG,1776,17.972,8.97,4.971,0.0352,0.0,0.0
GLN,114,2HG,1777,18.681,8.982,3.347,0.0352,0.0,0.0
GLN,114,1HE2,1778,15.402,6.944,3.839,0.4251,0.0,0.0
GLN,114,2HE2,1779,15.915,8.361,4.693,0.4251,0.0,0.0
ASP,115,N,1780,20.113,10.927,5.607,-0.5163,0.0,0.0
ASP,115,CA,1781,19.663,12.07,6.41,0.0381,0.0,0.0
ASP,115,C,1782,18.261,12.511,5.997,0.5366,0.0,0.0
ASP,115,O,1783,18.035,12.826,4.83,-0.5819,0.0,0.0
ASP,115,CB,1784,20.646,13.247,6.268,-0.0303,0.0,0.0
ASP,115,CG,1785,21.985,12.987,6.91,0.7994,0.0,0.0
ASP,115,OD1,1786,21.992,12.501,7.983,-0.8014,0.0,0.0
ASP,115,OD2,1787,23.0,13.282,6.316,-0.8014,0.0,0.0
ASP,115,H,1788,20.42,11.12,4.668,0.2936,0.0,0.0
ASP,115,HA,1789,19.648,11.771,7.454,0.088,0.0,0.0
ASP,115,1HB,1790,20.806,13.461,5.209,-0.0122,0.0,0.0
ASP,115,2HB,1791,20.212,14.138,6.722,-0.0122,0.0,0.0
ALA,116,N,1792,17.418,12.798,6.994,-0.4157,0.0,0.0
ALA,116,CA,1793,16.071,13.316,6.785,0.0337,0.0,0.0
ALA,116,C,1794,15.862,14.655,7.486,0.5973,0.0,0.0
ALA,116,O,1795,16.352,14.878,8.593,-0.5679,0.0,0.0
ALA,116,CB,1796,15.039,12.297,7.239,-0.1825,0.0,0.0
ALA,116,H,1797,17.691,12.568,7.932,0.2719,0.0,0.0
ALA,116,HA,1798,15.964,13.493,5.719,0.0823,0.0,0.0
ALA,116,1HB,1799,14.038,12.665,7.019,0.0603,0.0,0.0
ALA,116,2HB,1800,15.202,11.356,6.712,0.0603,0.0,0.0
ALA,116,3HB,1801,15.136,12.135,8.309,0.0603,0.0,0.0
TYR,117,N,1802,14.922,15.442,6.975,-0.4157,0.0,0.0
TYR,117,CA,1803,14.527,16.68,7.636,-0.0014,0.0,0.0
TYR,117,C,1804,13.015,16.86,7.626,0.5973,0.0,0.0
TYR,117,O,1805,12.331,16.584,6.643,-0.5679,0.0,0.0
TYR,117,CB,1806,15.19,17.887,6.992,-0.0152,0.0,0.0
TYR,117,CG,1807,14.817,19.216,7.642,-0.0011,0.0,0.0
TYR,117,CD1,1808,15.345,19.56,8.878,-0.1906,0.0,0.0
TYR,117,CD2,1809,13.953,20.085,7.006,-0.1906,0.0,0.0
TYR,117,CE1,1810,15.013,20.756,9.472,-0.2341,0.0,0.0
TYR,117,CE2,1811,13.619,21.289,7.602,-0.2341,0.0,0.0
TYR,117,CZ,1812,14.145,21.621,8.826,0.3226,0.0,0.0
TYR,117,OH,1813,13.812,22.811,9.41,-0.5579,0.0,0.0
TYR,117,H,1814,14.485,15.183,6.103,0.2719,0.0,0.0
TYR,117,HA,1815,14.839,16.63,8.677,0.0876,0.0,0.0
TYR,117,1HB,1816,16.276,17.777,7.041,0.0295,0.0,0.0
TYR,117,2HB,1817,14.914,17.936,5.938,0.0295,0.0,0.0
TYR,117,HD1,1818,16.015,18.886,9.374,0.1699,0.0,0.0
TYR,117,HD2,1819,13.534,19.822,6.034,0.1699,0.0,0.0
TYR,117,HE1,1820,15.432,21.018,10.443,0.1656,0.0,0.0
TYR,117,HE2,1821,12.936,21.977,7.101,0.1656,0.0,0.0
TYR,117,HH,1822,13.207,23.289,8.838,0.3992,0.0,0.0
ASP,118,N,1823,12.464,16.904,8.838,-0.5163,0.0,0.0
ASP,118,CA,1824,11.028,16.868,9.079,0.0381,0.0,0.0
ASP,118,C,1825,10.41,15.551,8.604,0.5366,0.0,0.0
ASP,118,O,1826,9.276,15.526,8.122,-0.5819,0.0,0.0
ASP,118,CB,1827,10.34,18.047,8.379,-0.0303,0.0,0.0
ASP,118,CG,1828,8.976,18.394,8.975,0.7994,0.0,0.0
ASP,118,OD1,1829,8.787,18.171,10.147,-0.8014,0.0,0.0
ASP,118,OD2,1830,8.138,18.877,8.251,-0.8014,0.0,0.0
ASP,118,H,1831,13.068,16.823,9.642,0.2936,0.0,0.0
ASP,118,HA,1832,10.859,16.958,10.153,0.088,0.0,0.0
ASP,118,1HB,1833,10.982,18.93,8.443,-0.0122,0.0,0.0
ASP,118,2HB,1834,10.204,17.818,7.322,-0.0122,0.0,0.0
GLY,119,N,1835,11.172,14.462,8.735,-0.4157,0.0,0.0
GLY,119,CA,1836,10.708,13.125,8.365,-0.0252,0.0,0.0
GLY,119,C,1837,10.82,12.83,6.867,0.5973,0.0,0.0
GLY,119,O,1838,10.449,11.74,6.428,-0.5679,0.0,0.0
GLY,119,H,1839,12.106,14.563,9.106,0.2719,0.0,0.0
GLY,119,1HA,1840,11.289,12.383,8.912,0.0698,0.0,0.0
GLY,119,2HA,1841,9.667,13.013,8.664,0.0698,0.0,0.0
LYS,120,N,1842,11.384,13.756,6.096,-0.3479,0.0,0.0
LYS,120,CA,1843,11.481,13.567,4.652,-0.24,0.0,0.0
LYS,120,C,1844,12.922,13.37,4.212,0.7341,0.0,0.0
LYS,120,O,1845,13.832,13.996,4.74,-0.5894,0.0,0.0
LYS,120,CB,1846,10.865,14.759,3.923,-0.0094,0.0,0.0
LYS,120,CG,1847,9.374,14.927,4.161,0.0187,0.0,0.0
LYS,120,CD,1848,8.82,16.107,3.379,-0.0479,0.0,0.0
LYS,120,CE,1849,7.329,16.281,3.625,-0.0143,0.0,0.0
LYS,120,NZ,1850,6.773,17.436,2.869,-0.3854,0.0,0.0
LYS,120,H,1851,11.642,14.653,6.483,0.2747,0.0,0.0
LYS,120,HA,1852,10.942,12.661,4.379,0.1426,0.0,0.0
LYS,120,1HB,1853,11.364,15.675,4.24,0.0362,0.0,0.0
LYS,120,2HB,1854,11.026,14.652,2.85,0.0362,0.0,0.0
LYS,120,1HG,1855,8.852,14.022,3.854,0.0103,0.0,0.0
LYS,120,2HG,1856,9.195,15.089,5.226,0.0103,0.0,0.0
LYS,120,1HD,1857,9.34,17.018,3.68,0.0621,0.0,0.0
LYS,120,2HD,1858,8.986,15.947,2.314,0.0621,0.0,0.0
LYS,120,1HE,1859,6.81,15.373,3.321,0.1135,0.0,0.0
LYS,120,2HE,1860,7.161,16.439,4.692,0.1135,0.0,0.0
LYS,120,1HZ,1861,5.785,17.518,3.059,0.34,0.0,0.0
LYS,120,2HZ,1862,7.242,18.284,3.155,0.34,0.0,0.0
LYS,120,3HZ,1863,6.915,17.29,1.88,0.34,0.0,0.0
ASP,121,N,1864,13.12,12.522,3.212,-0.5163,0.0,0.0
ASP,121,CA,1865,14.45,12.252,2.672,0.0381,0.0,0.0
ASP,121,C,1866,15.123,13.526,2.2,0.5366,0.0,0.0
ASP,121,O,1867,14.665,14.153,1.251,-0.5819,0.0,0.0
ASP,121,CB,1868,14.346,11.243,1.52,-0.0303,0.0,0.0
ASP,121,CG,1869,15.694,10.799,0.953,0.7994,0.0,0.0
ASP,121,OD1,1870,16.694,11.35,1.333,-0.8014,0.0,0.0
ASP,121,OD2,1871,15.701,9.905,0.139,-0.8014,0.0,0.0
ASP,121,H,1872,12.326,12.04,2.813,0.2936,0.0,0.0
ASP,121,HA,1873,15.065,11.824,3.464,0.088,0.0,0.0
ASP,121,1HB,1874,13.816,10.355,1.865,-0.0122,0.0,0.0
ASP,121,2HB,1875,13.766,11.682,0.708,-0.0122,0.0,0.0
TYR,122,N,1876,16.218,13.901,2.858,-0.4157,0.0,0.0
TYR,122,CA,1877,16.938,15.117,2.525,-0.0014,0.0,0.0
TYR,122,C,1878,18.143,14.77,1.637,0.5973,0.0,0.0
TYR,122,O,1879,18.092,14.953,0.421,-0.5679,0.0,0.0
TYR,122,CB,1880,17.369,15.83,3.834,-0.0152,0.0,0.0
TYR,122,CG,1881,18.054,17.166,3.669,-0.0011,0.0,0.0
TYR,122,CD1,1882,17.305,18.265,3.327,-0.1906,0.0,0.0
TYR,122,CD2,1883,19.424,17.297,3.854,-0.1906,0.0,0.0
TYR,122,CE1,1884,17.902,19.484,3.171,-0.2341,0.0,0.0
TYR,122,CE2,1885,20.029,18.537,3.694,-0.2341,0.0,0.0
TYR,122,CZ,1886,19.262,19.626,3.353,0.3226,0.0,0.0
TYR,122,OH,1887,19.831,20.875,3.186,-0.5579,0.0,0.0
TYR,122,H,1888,16.561,13.35,3.632,0.2719,0.0,0.0
TYR,122,HA,1889,16.281,15.776,1.958,0.0876,0.0,0.0
TYR,122,1HB,1890,16.486,15.993,4.457,0.0295,0.0,0.0
TYR,122,2HB,1891,18.047,15.196,4.39,0.0295,0.0,0.0
TYR,122,HD1,1892,16.233,18.16,3.183,0.1699,0.0,0.0
TYR,122,HD2,1893,20.023,16.426,4.124,0.1699,0.0,0.0
TYR,122,HE1,1894,17.308,20.343,2.903,0.1656,0.0,0.0
TYR,122,HE2,1895,21.103,18.645,3.838,0.1656,0.0,0.0
TYR,122,HH,1896,20.761,20.825,3.339,0.3992,0.0,0.0
ILE,123,N,1897,19.171,14.132,2.205,-0.4157,0.0,0.0
ILE,123,CA,1898,20.312,13.692,1.385,-0.0597,0.0,0.0
ILE,123,C,1899,20.736,12.282,1.763,0.5973,0.0,0.0
ILE,123,O,1900,20.683,11.915,2.931,-0.5679,0.0,0.0
ILE,123,CB,1901,21.552,14.607,1.503,0.1303,0.0,0.0
ILE,123,CG1,1902,21.254,15.966,1.13,-0.043,0.0,0.0
ILE,123,CG2,1903,22.674,14.098,0.67,-0.3204,0.0,0.0
ILE,123,CD1,1904,22.333,16.879,1.458,-0.066,0.0,0.0
ILE,123,H,1905,19.101,13.847,3.177,0.2719,0.0,0.0
ILE,123,HA,1906,19.994,13.679,0.353,0.0869,0.0,0.0
ILE,123,HB,1907,21.875,14.64,2.544,0.0187,0.0,0.0
ILE,123,1HG1,1908,21.065,15.996,0.066,0.0236,0.0,0.0
ILE,123,2HG1,1909,20.378,16.282,1.622,0.0236,0.0,0.0
ILE,123,1HG2,1910,23.532,14.751,0.767,0.0882,0.0,0.0
ILE,123,2HG2,1911,22.928,13.14,0.993,0.0882,0.0,0.0
ILE,123,3HG2,1912,22.371,14.062,-0.371,0.0882,0.0,0.0
ILE,123,1HD1,1913,22.053,17.839,1.163,0.0186,0.0,0.0
ILE,123,2HD1,1914,22.516,16.858,2.532,0.0186,0.0,0.0
ILE,123,3HD1,1915,23.238,16.581,0.934,0.0186,0.0,0.0
ALA,124,N,1916,21.023,11.445,0.765,-0.4157,0.0,0.0
ALA,124,CA,1917,21.376,10.067,1.075,0.0337,0.0,0.0
ALA,124,C,1918,22.614,9.59,0.343,0.5973,0.0,0.0
ALA,124,O,1919,22.804,9.834,-0.842,-0.5679,0.0,0.0
ALA,124,CB,1920,20.195,9.165,0.776,-0.1825,0.0,0.0
ALA,124,H,1921,20.918,11.756,-0.193,0.2719,0.0,0.0
ALA,124,HA,1922,21.613,10.023,2.135,0.0823,0.0,0.0
ALA,124,1HB,1923,20.437,8.143,1.071,0.0603,0.0,0.0
ALA,124,2HB,1924,19.333,9.507,1.331,0.0603,0.0,0.0
ALA,124,3HB,1925,19.977,9.194,-0.289,0.0603,0.0,0.0
LEU,125,N,1926,23.467,8.884,1.065,-0.4157,0.0,0.0
LEU,125,CA,1927,24.66,8.31,0.482,-0.0518,0.0,0.0
LEU,125,C,1928,24.271,7.238,-0.509,0.5973,0.0,0.0
LEU,125,O,1929,23.503,6.334,-0.178,-0.5679,0.0,0.0
LEU,125,CB,1930,25.565,7.717,1.562,-0.1102,0.0,0.0
LEU,125,CG,1931,26.913,7.223,1.068,0.3531,0.0,0.0
LEU,125,CD1,1932,27.753,8.43,0.629,-0.4121,0.0,0.0
LEU,125,CD2,1933,27.582,6.455,2.162,-0.4121,0.0,0.0
LEU,125,H,1934,23.267,8.7,2.033,0.2719,0.0,0.0
LEU,125,HA,1935,25.225,9.098,-0.015,0.0922,0.0,0.0
LEU,125,1HB,1936,25.745,8.468,2.321,0.0457,0.0,0.0
LEU,125,2HB,1937,25.049,6.88,2.029,0.0457,0.0,0.0
LEU,125,HG,1938,26.781,6.581,0.208,-0.0361,0.0,0.0
LEU,125,1HD1,1939,28.726,8.095,0.271,0.1,0.0,0.0
LEU,125,2HD1,1940,27.245,8.952,-0.162,0.1,0.0,0.0
LEU,125,3HD1,1941,27.896,9.097,1.461,0.1,0.0,0.0
LEU,125,1HD2,1942,28.541,6.1,1.817,0.1,0.0,0.0
LEU,125,2HD2,1943,27.723,7.075,3.004,0.1,0.0,0.0
LEU,125,3HD2,1944,26.959,5.607,2.442,0.1,0.0,0.0
ASN,126,N,1945,24.828,7.299,-1.697,-0.4157,0.0,0.0
ASN,126,CA,1946,24.529,6.282,-2.686,0.0143,0.0,0.0
ASN,126,C,1947,25.337,5.026,-2.392,0.5973,0.0,0.0
ASN,126,O,1948,26.397,5.1,-1.776,-0.5679,0.0,0.0
ASN,126,CB,1949,24.866,6.789,-4.071,-0.2041,0.0,0.0
ASN,126,CG,1950,23.956,7.928,-4.472,0.713,0.0,0.0
ASN,126,ND2,1951,24.487,8.897,-5.162,-0.9191,0.0,0.0
ASN,126,OD1,1952,22.765,7.919,-4.148,-0.5931,0.0,0.0
ASN,126,H,1953,25.485,8.039,-1.912,0.2719,0.0,0.0
ASN,126,HA,1954,23.464,6.05,-2.652,0.1048,0.0,0.0
ASN,126,1HB,1955,25.904,7.126,-4.095,0.0797,0.0,0.0
ASN,126,2HB,1956,24.771,5.978,-4.793,0.0797,0.0,0.0
ASN,126,1HD2,1957,23.925,9.673,-5.45,0.4196,0.0,0.0
ASN,126,2HD2,1958,25.452,8.865,-5.402,0.4196,0.0,0.0
GLU,127,N,1959,24.916,3.903,-2.981,-0.5163,0.0,0.0
GLU,127,CA,1960,25.588,2.605,-2.84,0.0397,0.0,0.0
GLU,127,C,1961,27.071,2.612,-3.209,0.5366,0.0,0.0
GLU,127,O,1962,27.823,1.742,-2.774,-0.5819,0.0,0.0
GLU,127,CB,1963,24.876,1.554,-3.692,0.056,0.0,0.0
GLU,127,CG,1964,23.452,1.247,-3.248,0.0136,0.0,0.0
GLU,127,CD,1965,22.439,2.215,-3.799,0.8054,0.0,0.0
GLU,127,OE1,1966,22.83,3.147,-4.458,-0.8188,0.0,0.0
GLU,127,OE2,1967,21.27,2.02,-3.559,-0.8188,0.0,0.0
GLU,127,H,1968,24.034,3.925,-3.473,0.2936,0.0,0.0
GLU,127,HA,1969,25.526,2.311,-1.791,0.1105,0.0,0.0
GLU,127,1HB,1970,24.84,1.892,-4.728,-0.0173,0.0,0.0
GLU,127,2HB,1971,25.443,0.624,-3.67,-0.0173,0.0,0.0
GLU,127,1HG,1972,23.19,0.241,-3.577,-0.0425,0.0,0.0
GLU,127,2HG,1973,23.411,1.266,-2.159,-0.0425,0.0,0.0
ASP,128,N,1974,27.492,3.586,-4.007,-0.5163,0.0,0.0
ASP,128,CA,1975,28.879,3.707,-4.433,0.0381,0.0,0.0
ASP,128,C,1976,29.787,4.163,-3.293,0.5366,0.0,0.0
ASP,128,O,1977,31.002,3.971,-3.349,-0.5819,0.0,0.0
ASP,128,CB,1978,28.999,4.698,-5.594,-0.0303,0.0,0.0
ASP,128,CG,1979,28.404,4.173,-6.897,0.7994,0.0,0.0
ASP,128,OD1,1980,28.142,2.997,-6.978,-0.8014,0.0,0.0
ASP,128,OD2,1981,28.217,4.955,-7.798,-0.8014,0.0,0.0
ASP,128,H,1982,26.823,4.262,-4.348,0.2936,0.0,0.0
ASP,128,HA,1983,29.224,2.729,-4.767,0.088,0.0,0.0
ASP,128,1HB,1984,28.491,5.63,-5.329,-0.0122,0.0,0.0
ASP,128,2HB,1985,30.052,4.932,-5.762,-0.0122,0.0,0.0
LEU,129,N,1986,29.176,4.757,-2.257,-0.4157,0.0,0.0
LEU,129,CA,1987,29.852,5.371,-1.111,-0.0518,0.0,0.0
LEU,129,C,1988,30.806,6.484,-1.545,0.5973,0.0,0.0
LEU,129,O,1989,31.704,6.867,-0.797,-0.5679,0.0,0.0
LEU,129,CB,1990,30.649,4.317,-0.307,-0.1102,0.0,0.0
LEU,129,CG,1991,29.838,3.433,0.689,0.3531,0.0,0.0
LEU,129,CD1,1992,28.88,2.57,-0.067,-0.4121,0.0,0.0
LEU,129,CD2,1993,30.802,2.589,1.512,-0.4121,0.0,0.0
LEU,129,H,1994,28.181,4.899,-2.317,0.2719,0.0,0.0
LEU,129,HA,1995,29.098,5.803,-0.463,0.0922,0.0,0.0
LEU,129,1HB,1996,31.142,3.64,-0.989,0.0457,0.0,0.0
LEU,129,2HB,1997,31.413,4.832,0.267,0.0457,0.0,0.0
LEU,129,HG,1998,29.261,4.055,1.346,-0.0361,0.0,0.0
LEU,129,1HD1,1999,28.316,1.956,0.629,0.1,0.0,0.0
LEU,129,2HD1,2000,28.197,3.204,-0.629,0.1,0.0,0.0
LEU,129,3HD1,2001,29.433,1.93,-0.751,0.1,0.0,0.0
LEU,129,1HD2,2002,30.241,1.97,2.209,0.1,0.0,0.0
LEU,129,2HD2,2003,31.385,1.95,0.849,0.1,0.0,0.0
LEU,129,3HD2,2004,31.466,3.234,2.061,0.1,0.0,0.0
ARG,130,N,2005,30.587,7.022,-2.747,-0.3479,0.0,0.0
ARG,130,CA,2006,31.411,8.089,-3.296,-0.2637,0.0,0.0
ARG,130,C,2007,30.589,9.28,-3.775,0.7341,0.0,0.0
ARG,130,O,2008,31.146,10.267,-4.257,-0.5894,0.0,0.0
ARG,130,CB,2009,32.242,7.549,-4.446,-0.0007,0.0,0.0
ARG,130,CG,2010,33.304,6.528,-4.057,0.039,0.0,0.0
ARG,130,CD,2011,33.872,5.87,-5.255,0.0486,0.0,0.0
ARG,130,NE,2012,34.973,4.981,-4.929,-0.5295,0.0,0.0
ARG,130,CZ,2013,34.845,3.713,-4.481,0.8076,0.0,0.0
ARG,130,NH1,2014,33.655,3.175,-4.3,-0.8627,0.0,0.0
ARG,130,NH2,2015,35.929,3.004,-4.218,-0.8627,0.0,0.0
ARG,130,H,2016,29.812,6.683,-3.297,0.2747,0.0,0.0
ARG,130,HA,2017,32.073,8.452,-2.509,0.156,0.0,0.0
ARG,130,1HB,2018,31.584,7.078,-5.175,0.0327,0.0,0.0
ARG,130,2HB,2019,32.749,8.374,-4.945,0.0327,0.0,0.0
ARG,130,1HG,2020,34.111,7.028,-3.517,0.0285,0.0,0.0
ARG,130,2HG,2021,32.868,5.764,-3.419,0.0285,0.0,0.0
ARG,130,1HD,2022,33.095,5.282,-5.744,0.0687,0.0,0.0
ARG,130,2HD,2023,34.244,6.629,-5.942,0.0687,0.0,0.0
ARG,130,HE,2024,35.911,5.341,-5.048,0.3456,0.0,0.0
ARG,130,1HH1,2025,32.81,3.702,-4.495,0.4478,0.0,0.0
ARG,130,2HH1,2026,33.581,2.226,-3.963,0.4478,0.0,0.0
ARG,130,1HH2,2027,36.845,3.41,-4.354,0.4478,0.0,0.0
ARG,130,2HH2,2028,35.843,2.056,-3.882,0.4478,0.0,0.0
SER,131,N,2029,29.267,9.189,-3.645,-0.4157,0.0,0.0
SER,131,CA,2030,28.38,10.25,-4.112,-0.0249,0.0,0.0
SER,131,C,2031,27.112,10.316,-3.274,0.5973,0.0,0.0
SER,131,O,2032,26.842,9.407,-2.494,-0.5679,0.0,0.0
SER,131,CB,2033,28.025,10.023,-5.571,0.2117,0.0,0.0
SER,131,OG,2034,27.286,8.849,-5.739,-0.6546,0.0,0.0
SER,131,H,2035,28.868,8.369,-3.212,0.2719,0.0,0.0
SER,131,HA,2036,28.904,11.204,-4.031,0.0843,0.0,0.0
SER,131,1HB,2037,27.45,10.872,-5.941,0.0352,0.0,0.0
SER,131,2HB,2038,28.939,9.964,-6.161,0.0352,0.0,0.0
SER,131,HG,2039,27.841,8.137,-5.412,0.4275,0.0,0.0
TRP,132,N,2040,26.372,11.415,-3.422,-0.4157,0.0,0.0
TRP,132,CA,2041,25.144,11.658,-2.672,-0.0275,0.0,0.0
TRP,132,C,2042,23.935,11.973,-3.557,0.5973,0.0,0.0
TRP,132,O,2043,24.086,12.523,-4.647,-0.5679,0.0,0.0
TRP,132,CB,2044,25.346,12.806,-1.691,-0.005,0.0,0.0
TRP,132,CG,2045,26.375,12.664,-0.608,-0.1415,0.0,0.0
TRP,132,CD1,2046,27.68,13.01,-0.714,-0.1638,0.0,0.0
TRP,132,CD2,2047,26.213,12.152,0.727,0.1243,0.0,0.0
TRP,132,CE2,2048,27.453,12.226,1.343,0.138,0.0,0.0
TRP,132,CE3,2049,25.148,11.651,1.428,-0.2387,0.0,0.0
TRP,132,NE1,2050,28.332,12.747,0.454,-0.3418,0.0,0.0
TRP,132,CZ2,2051,27.632,11.807,2.635,-0.2601,0.0,0.0
TRP,132,CZ3,2052,25.322,11.234,2.719,-0.1972,0.0,0.0
TRP,132,CH2,2053,26.529,11.309,3.312,-0.1134,0.0,0.0
TRP,132,H,2054,26.669,12.105,-4.097,0.2719,0.0,0.0
TRP,132,HA,2055,24.89,10.744,-2.135,0.1123,0.0,0.0
TRP,132,1HB,2056,25.615,13.668,-2.245,0.0339,0.0,0.0
TRP,132,2HB,2057,24.412,13.001,-1.187,0.0339,0.0,0.0
TRP,132,HD1,2058,28.142,13.437,-1.604,0.2062,0.0,0.0
TRP,132,HE1,2059,29.313,12.914,0.632,0.3412,0.0,0.0
TRP,132,HE3,2060,24.191,11.591,0.972,0.17,0.0,0.0
TRP,132,HZ2,2061,28.59,11.862,3.116,0.1572,0.0,0.0
TRP,132,HZ3,2062,24.461,10.843,3.247,0.1447,0.0,0.0
TRP,132,HH2,2063,26.63,10.968,4.338,0.1417,0.0,0.0
THR,133,N,2064,22.741,11.604,-3.092,-0.4157,0.0,0.0
THR,133,CA,2065,21.492,11.986,-3.738,-0.0389,0.0,0.0
THR,133,C,2066,20.863,13.151,-2.983,0.5973,0.0,0.0
THR,133,O,2067,20.557,13.036,-1.803,-0.5679,0.0,0.0
THR,133,CB,2068,20.49,10.813,-3.826,0.3654,0.0,0.0
THR,133,CG2,2069,19.164,11.285,-4.416,-0.2438,0.0,0.0
THR,133,OG1,2070,21.025,9.768,-4.651,-0.6761,0.0,0.0
THR,133,H,2071,22.69,11.095,-2.227,0.2719,0.0,0.0
THR,133,HA,2072,21.709,12.309,-4.756,0.1007,0.0,0.0
THR,133,HB,2073,20.319,10.412,-2.825,0.0043,0.0,0.0
THR,133,HG1,2074,21.822,9.401,-4.262,0.4102,0.0,0.0
THR,133,1HG2,2075,18.471,10.447,-4.47,0.0642,0.0,0.0
THR,133,2HG2,2076,18.738,12.066,-3.787,0.0642,0.0,0.0
THR,133,3HG2,2077,19.333,11.682,-5.416,0.0642,0.0,0.0
ALA,134,N,2078,20.45,14.181,-3.712,-0.4157,0.0,0.0
ALA,134,CA,2079,19.782,15.339,-3.114,0.0337,0.0,0.0
ALA,134,C,2080,18.327,15.378,-3.549,0.5973,0.0,0.0
ALA,134,O,2081,18.027,15.584,-4.725,-0.5679,0.0,0.0
ALA,134,CB,2082,20.478,16.627,-3.509,-0.1825,0.0,0.0
ALA,134,H,2083,20.647,14.192,-4.702,0.2719,0.0,0.0
ALA,134,HA,2084,19.816,15.259,-2.029,0.0823,0.0,0.0
ALA,134,1HB,2085,19.946,17.454,-3.092,0.0603,0.0,0.0
ALA,134,2HB,2086,21.49,16.626,-3.136,0.0603,0.0,0.0
ALA,134,3HB,2087,20.498,16.714,-4.591,0.0603,0.0,0.0
ALA,135,N,2088,17.424,15.2,-2.588,-0.4157,0.0,0.0
ALA,135,CA,2089,15.995,15.117,-2.859,0.0337,0.0,0.0
ALA,135,C,2090,15.425,16.407,-3.455,0.5973,0.0,0.0
ALA,135,O,2091,14.562,16.354,-4.332,-0.5679,0.0,0.0
ALA,135,CB,2092,15.266,14.771,-1.579,-0.1825,0.0,0.0
ALA,135,H,2093,17.736,15.026,-1.641,0.2719,0.0,0.0
ALA,135,HA,2094,15.825,14.328,-3.592,0.0823,0.0,0.0
ALA,135,1HB,2095,14.196,14.713,-1.771,0.0603,0.0,0.0
ALA,135,2HB,2096,15.62,13.806,-1.208,0.0603,0.0,0.0
ALA,135,3HB,2097,15.461,15.544,-0.835,0.0603,0.0,0.0
ASP,136,N,2098,15.898,17.559,-2.982,-0.5163,0.0,0.0
ASP,136,CA,2099,15.378,18.847,-3.441,0.0381,0.0,0.0
ASP,136,C,2100,16.447,19.947,-3.445,0.5366,0.0,0.0
ASP,136,O,2101,17.629,19.665,-3.287,-0.5819,0.0,0.0
ASP,136,CB,2102,14.204,19.269,-2.546,-0.0303,0.0,0.0
ASP,136,CG,2103,14.61,19.484,-1.092,0.7994,0.0,0.0
ASP,136,OD1,2104,15.772,19.688,-0.851,-0.8014,0.0,0.0
ASP,136,OD2,2105,13.755,19.441,-0.237,-0.8014,0.0,0.0
ASP,136,H,2106,16.633,17.542,-2.291,0.2936,0.0,0.0
ASP,136,HA,2107,15.0,18.723,-4.455,0.088,0.0,0.0
ASP,136,1HB,2108,13.766,20.193,-2.918,-0.0122,0.0,0.0
ASP,136,2HB,2109,13.427,18.505,-2.582,-0.0122,0.0,0.0
MET,137,N,2110,15.998,21.205,-3.52,-0.4157,0.0,0.0
MET,137,CA,2111,16.871,22.383,-3.544,-0.0237,0.0,0.0
MET,137,C,2112,17.811,22.482,-2.361,0.5973,0.0,0.0
MET,137,O,2113,19.028,22.444,-2.51,-0.5679,0.0,0.0
MET,137,CB,2114,16.07,23.671,-3.623,0.0342,0.0,0.0
MET,137,CG,2115,16.954,24.919,-3.611,0.0018,0.0,0.0
MET,137,SD,2116,16.017,26.437,-3.468,-0.2737,0.0,0.0
MET,137,CE,2117,15.52,26.316,-1.736,-0.0536,0.0,0.0
MET,137,H,2118,15.007,21.352,-3.642,0.2719,0.0,0.0
MET,137,HA,2119,17.506,22.309,-4.427,0.088,0.0,0.0
MET,137,1HB,2120,15.474,23.674,-4.534,0.0241,0.0,0.0
MET,137,2HB,2121,15.379,23.723,-2.781,0.0241,0.0,0.0
MET,137,1HG,2122,17.648,24.865,-2.773,0.044,0.0,0.0
MET,137,2HG,2123,17.534,24.962,-4.532,0.044,0.0,0.0
MET,137,1HE,2124,14.922,27.186,-1.466,0.0684,0.0,0.0
MET,137,2HE,2125,14.93,25.411,-1.587,0.0684,0.0,0.0
MET,137,3HE,2126,16.409,26.276,-1.101,0.0684,0.0,0.0
ALA,138,N,2127,17.215,22.481,-1.175,-0.4157,0.0,0.0
ALA,138,CA,2128,17.934,22.615,0.083,0.0337,0.0,0.0
ALA,138,C,2129,18.969,21.514,0.213,0.5973,0.0,0.0
ALA,138,O,2130,20.117,21.763,0.583,-0.5679,0.0,0.0
ALA,138,CB,2131,16.943,22.569,1.22,-0.1825,0.0,0.0
ALA,138,H,2132,16.204,22.474,-1.148,0.2719,0.0,0.0
ALA,138,HA,2133,18.451,23.569,0.109,0.0823,0.0,0.0
ALA,138,1HB,2134,17.463,22.634,2.169,0.0603,0.0,0.0
ALA,138,2HB,2135,16.25,23.401,1.137,0.0603,0.0,0.0
ALA,138,3HB,2136,16.405,21.636,1.164,0.0603,0.0,0.0
ALA,139,N,2137,18.578,20.316,-0.213,-0.4157,0.0,0.0
ALA,139,CA,2138,19.44,19.148,-0.174,0.0337,0.0,0.0
ALA,139,C,2139,20.613,19.36,-1.118,0.5973,0.0,0.0
ALA,139,O,2140,21.757,19.149,-0.74,-0.5679,0.0,0.0
ALA,139,CB,2141,18.641,17.92,-0.558,-0.1825,0.0,0.0
ALA,139,H,2142,17.617,20.19,-0.509,0.2719,0.0,0.0
ALA,139,HA,2143,19.829,19.002,0.825,0.0823,0.0,0.0
ALA,139,1HB,2144,19.274,17.065,-0.572,0.0603,0.0,0.0
ALA,139,2HB,2145,17.844,17.763,0.167,0.0603,0.0,0.0
ALA,139,3HB,2146,18.219,18.058,-1.526,0.0603,0.0,0.0
GLN,140,N,2147,20.352,20.003,-2.246,-0.4157,0.0,0.0
GLN,140,CA,2148,21.4,20.184,-3.236,-0.0031,0.0,0.0
GLN,140,C,2149,22.459,21.139,-2.707,0.5973,0.0,0.0
GLN,140,O,2150,23.65,20.861,-2.812,-0.5679,0.0,0.0
GLN,140,CB,2151,20.836,20.713,-4.553,-0.0036,0.0,0.0
GLN,140,CG,2152,21.853,20.763,-5.671,-0.0645,0.0,0.0
GLN,140,CD,2153,22.364,19.383,-6.048,0.6951,0.0,0.0
GLN,140,NE2,2154,23.679,19.217,-6.044,-0.9407,0.0,0.0
GLN,140,OE1,2155,21.58,18.476,-6.338,-0.6086,0.0,0.0
GLN,140,H,2156,19.394,20.037,-2.563,0.2719,0.0,0.0
GLN,140,HA,2157,21.862,19.22,-3.437,0.085,0.0,0.0
GLN,140,1HB,2158,20.006,20.08,-4.873,0.0171,0.0,0.0
GLN,140,2HB,2159,20.441,21.715,-4.41,0.0171,0.0,0.0
GLN,140,1HG,2160,21.392,21.209,-6.552,0.0352,0.0,0.0
GLN,140,2HG,2161,22.7,21.369,-5.347,0.0352,0.0,0.0
GLN,140,1HE2,2162,24.073,18.329,-6.284,0.4251,0.0,0.0
GLN,140,2HE2,2163,24.28,19.98,-5.802,0.4251,0.0,0.0
ILE,141,N,2164,22.017,22.126,-1.926,-0.4157,0.0,0.0
ILE,141,CA,2165,22.931,23.14,-1.417,-0.0597,0.0,0.0
ILE,141,C,2166,23.944,22.486,-0.477,0.5973,0.0,0.0
ILE,141,O,2167,25.155,22.597,-0.68,-0.5679,0.0,0.0
ILE,141,CB,2168,22.169,24.256,-0.679,0.1303,0.0,0.0
ILE,141,CG1,2169,21.29,25.039,-1.658,-0.043,0.0,0.0
ILE,141,CG2,2170,23.149,25.166,0.015,-0.3204,0.0,0.0
ILE,141,CD1,2171,20.29,25.963,-0.97,-0.066,0.0,0.0
ILE,141,H,2172,21.024,22.329,-1.938,0.2719,0.0,0.0
ILE,141,HA,2173,23.453,23.597,-2.257,0.0869,0.0,0.0
ILE,141,HB,2174,21.502,23.819,0.058,0.0187,0.0,0.0
ILE,141,1HG1,2175,21.93,25.635,-2.306,0.0236,0.0,0.0
ILE,141,2HG1,2176,20.743,24.334,-2.28,0.0236,0.0,0.0
ILE,141,1HG2,2177,22.612,25.947,0.53,0.0882,0.0,0.0
ILE,141,2HG2,2178,23.734,24.592,0.735,0.0882,0.0,0.0
ILE,141,3HG2,2179,23.819,25.61,-0.72,0.0882,0.0,0.0
ILE,141,1HD1,2180,19.7,26.487,-1.722,0.0186,0.0,0.0
ILE,141,2HD1,2181,19.63,25.385,-0.338,0.0186,0.0,0.0
ILE,141,3HD1,2182,20.826,26.689,-0.361,0.0186,0.0,0.0
THR,142,N,2183,23.425,21.662,0.433,-0.4157,0.0,0.0
THR,142,CA,2184,24.263,20.965,1.402,-0.0389,0.0,0.0
THR,142,C,2185,25.164,19.965,0.701,0.5973,0.0,0.0
THR,142,O,2186,26.373,19.969,0.916,-0.5679,0.0,0.0
THR,142,CB,2187,23.438,20.238,2.474,0.3654,0.0,0.0
THR,142,CG2,2188,24.351,19.449,3.366,-0.2438,0.0,0.0
THR,142,OG1,2189,22.707,21.182,3.258,-0.6761,0.0,0.0
THR,142,H,2190,22.421,21.682,0.584,0.2719,0.0,0.0
THR,142,HA,2191,24.909,21.695,1.891,0.1007,0.0,0.0
THR,142,HB,2192,22.753,19.589,2.01,0.0043,0.0,0.0
THR,142,HG1,2193,21.818,21.239,2.945,0.4102,0.0,0.0
THR,142,1HG2,2194,23.763,18.934,4.125,0.0642,0.0,0.0
THR,142,2HG2,2195,24.893,18.721,2.764,0.0642,0.0,0.0
THR,142,3HG2,2196,25.058,20.119,3.852,0.0642,0.0,0.0
GLN,143,N,2197,24.615,19.271,-0.289,-0.4157,0.0,0.0
GLN,143,CA,2198,25.397,18.263,-0.981,-0.0031,0.0,0.0
GLN,143,C,2199,26.639,18.866,-1.616,0.5973,0.0,0.0
GLN,143,O,2200,27.728,18.327,-1.453,-0.5679,0.0,0.0
GLN,143,CB,2201,24.585,17.55,-2.054,-0.0036,0.0,0.0
GLN,143,CG,2202,25.4,16.495,-2.736,-0.0645,0.0,0.0
GLN,143,CD,2203,24.634,15.702,-3.765,0.6951,0.0,0.0
GLN,143,NE2,2204,25.256,15.496,-4.924,-0.9407,0.0,0.0
GLN,143,OE1,2205,23.503,15.278,-3.536,-0.6086,0.0,0.0
GLN,143,H,2206,23.609,19.224,-0.355,0.2719,0.0,0.0
GLN,143,HA,2207,25.694,17.504,-0.256,0.085,0.0,0.0
GLN,143,1HB,2208,23.701,17.093,-1.605,0.0171,0.0,0.0
GLN,143,2HB,2209,24.236,18.271,-2.792,0.0171,0.0,0.0
GLN,143,1HG,2210,26.238,16.972,-3.244,0.0352,0.0,0.0
GLN,143,2HG,2211,25.752,15.81,-1.978,0.0352,0.0,0.0
GLN,143,1HE2,2212,24.802,14.976,-5.65,0.4251,0.0,0.0
GLN,143,2HE2,2213,26.183,15.86,-5.073,0.4251,0.0,0.0
ARG,144,N,2214,26.502,20.073,-2.178,-0.3479,0.0,0.0
ARG,144,CA,2215,27.618,20.719,-2.866,-0.2637,0.0,0.0
ARG,144,C,2216,28.727,21.029,-1.874,0.7341,0.0,0.0
ARG,144,O,2217,29.909,20.837,-2.171,-0.5894,0.0,0.0
ARG,144,CB,2218,27.163,22.003,-3.538,-0.0007,0.0,0.0
ARG,144,CG,2219,26.275,21.799,-4.754,0.039,0.0,0.0
ARG,144,CD,2220,25.801,23.084,-5.312,0.0486,0.0,0.0
ARG,144,NE,2221,24.951,22.886,-6.474,-0.5295,0.0,0.0
ARG,144,CZ,2222,24.272,23.866,-7.1,0.8076,0.0,0.0
ARG,144,NH1,2223,24.353,25.104,-6.665,-0.8627,0.0,0.0
ARG,144,NH2,2224,23.524,23.583,-8.152,-0.8627,0.0,0.0
ARG,144,H,2225,25.565,20.408,-2.363,0.2747,0.0,0.0
ARG,144,HA,2226,27.985,20.049,-3.645,0.156,0.0,0.0
ARG,144,1HB,2227,26.613,22.612,-2.824,0.0327,0.0,0.0
ARG,144,2HB,2228,28.033,22.576,-3.854,0.0327,0.0,0.0
ARG,144,1HG,2229,26.834,21.276,-5.529,0.0285,0.0,0.0
ARG,144,2HG,2230,25.408,21.21,-4.48,0.0285,0.0,0.0
ARG,144,1HD,2231,25.227,23.617,-4.553,0.0687,0.0,0.0
ARG,144,2HD,2232,26.655,23.687,-5.611,0.0687,0.0,0.0
ARG,144,HE,2233,24.864,21.946,-6.838,0.3456,0.0,0.0
ARG,144,1HH1,2234,24.925,25.32,-5.86,0.4478,0.0,0.0
ARG,144,2HH1,2235,23.844,25.839,-7.134,0.4478,0.0,0.0
ARG,144,1HH2,2236,23.461,22.632,-8.487,0.4478,0.0,0.0
ARG,144,2HH2,2237,23.015,24.317,-8.622,0.4478,0.0,0.0
LYS,145,N,2238,28.328,21.357,-0.64,-0.3479,0.0,0.0
LYS,145,CA,2239,29.301,21.676,0.391,-0.24,0.0,0.0
LYS,145,C,2240,30.069,20.412,0.749,0.7341,0.0,0.0
LYS,145,O,2241,31.277,20.464,0.971,-0.5894,0.0,0.0
LYS,145,CB,2242,28.632,22.267,1.633,-0.0094,0.0,0.0
LYS,145,CG,2243,28.057,23.655,1.435,0.0187,0.0,0.0
LYS,145,CD,2244,27.416,24.167,2.711,-0.0479,0.0,0.0
LYS,145,CE,2245,26.837,25.558,2.523,-0.0143,0.0,0.0
LYS,145,NZ,2246,26.191,26.055,3.764,-0.3854,0.0,0.0
LYS,145,H,2247,27.347,21.564,-0.482,0.2747,0.0,0.0
LYS,145,HA,2248,30.015,22.398,-0.005,0.1426,0.0,0.0
LYS,145,1HB,2249,27.827,21.623,1.961,0.0362,0.0,0.0
LYS,145,2HB,2250,29.357,22.318,2.445,0.0362,0.0,0.0
LYS,145,1HG,2251,28.852,24.34,1.136,0.0103,0.0,0.0
LYS,145,2HG,2252,27.309,23.628,0.643,0.0103,0.0,0.0
LYS,145,1HD,2253,26.616,23.487,3.012,0.0621,0.0,0.0
LYS,145,2HD,2254,28.161,24.199,3.504,0.0621,0.0,0.0
LYS,145,1HE,2255,27.636,26.241,2.238,0.1135,0.0,0.0
LYS,145,2HE,2256,26.099,25.533,1.721,0.1135,0.0,0.0
LYS,145,1HZ,2257,25.818,26.98,3.603,0.34,0.0,0.0
LYS,145,2HZ,2258,25.44,25.43,4.027,0.34,0.0,0.0
LYS,145,3HZ,2259,26.872,26.092,4.508,0.34,0.0,0.0
TRP,146,N,2260,29.373,19.268,0.721,-0.4157,0.0,0.0
TRP,146,CA,2261,29.989,17.996,1.082,-0.0275,0.0,0.0
TRP,146,C,2262,30.944,17.52,-0.002,0.5973,0.0,0.0
TRP,146,O,2263,31.901,16.79,0.267,-0.5679,0.0,0.0
TRP,146,CB,2264,28.949,16.907,1.335,-0.005,0.0,0.0
TRP,146,CG,2265,28.178,17.119,2.582,-0.1415,0.0,0.0
TRP,146,CD1,2266,28.462,18.019,3.563,-0.1638,0.0,0.0
TRP,146,CD2,2267,26.989,16.427,3.004,0.1243,0.0,0.0
TRP,146,CE2,2268,26.622,16.964,4.239,0.138,0.0,0.0
TRP,146,CE3,2269,26.216,15.416,2.449,-0.2387,0.0,0.0
TRP,146,NE1,2270,27.535,17.933,4.563,-0.3418,0.0,0.0
TRP,146,CZ2,2271,25.51,16.519,4.931,-0.2601,0.0,0.0
TRP,146,CZ3,2272,25.105,14.974,3.146,-0.1972,0.0,0.0
TRP,146,CH2,2273,24.76,15.507,4.347,-0.1134,0.0,0.0
TRP,146,H,2274,28.37,19.314,0.597,0.2719,0.0,0.0
TRP,146,HA,2275,30.538,18.136,2.009,0.1123,0.0,0.0
TRP,146,1HB,2276,28.253,16.866,0.503,0.0339,0.0,0.0
TRP,146,2HB,2277,29.439,15.947,1.393,0.0339,0.0,0.0
TRP,146,HD1,2278,29.307,18.707,3.55,0.2062,0.0,0.0
TRP,146,HE1,2279,27.524,18.492,5.405,0.3412,0.0,0.0
TRP,146,HE3,2280,26.479,14.985,1.489,0.17,0.0,0.0
TRP,146,HZ2,2281,25.221,16.934,5.896,0.1572,0.0,0.0
TRP,146,HZ3,2282,24.507,14.189,2.713,0.1447,0.0,0.0
TRP,146,HH2,2283,23.876,15.127,4.859,0.1417,0.0,0.0
GLU,147,N,2284,30.631,17.857,-1.256,-0.5163,0.0,0.0
GLU,147,CA,2285,31.43,17.378,-2.378,0.0397,0.0,0.0
GLU,147,C,2286,32.819,18.003,-2.349,0.5366,0.0,0.0
GLU,147,O,2287,33.807,17.421,-1.906,-0.5819,0.0,0.0
GLU,147,CB,2288,30.762,17.685,-3.727,0.056,0.0,0.0
GLU,147,CG,2289,29.485,16.903,-4.032,0.0136,0.0,0.0
GLU,147,CD,2290,28.886,17.289,-5.368,0.8054,0.0,0.0
GLU,147,OE1,2291,29.406,18.189,-5.985,-0.8188,0.0,0.0
GLU,147,OE2,2292,27.91,16.688,-5.776,-0.8188,0.0,0.0
GLU,147,H,2293,29.745,18.304,-1.437,0.2936,0.0,0.0
GLU,147,HA,2294,31.539,16.296,-2.292,0.1105,0.0,0.0
GLU,147,1HB,2295,30.509,18.743,-3.771,-0.0173,0.0,0.0
GLU,147,2HB,2296,31.465,17.479,-4.533,-0.0173,0.0,0.0
GLU,147,1HG,2297,29.714,15.838,-4.036,-0.0425,0.0,0.0
GLU,147,2HG,2298,28.766,17.081,-3.251,-0.0425,0.0,0.0
ALA,148,N,2299,32.746,19.269,-1.933,-0.4157,0.0,0.0
ALA,148,CA,2300,33.938,20.079,-1.716,0.0337,0.0,0.0
ALA,148,C,2301,34.711,19.6,-0.488,0.5973,0.0,0.0
ALA,148,O,2302,35.929,19.425,-0.534,-0.5679,0.0,0.0
ALA,148,CB,2303,33.545,21.541,-1.574,-0.1825,0.0,0.0
ALA,148,H,2304,31.862,19.753,-2.036,0.2719,0.0,0.0
ALA,148,HA,2305,34.593,19.971,-2.58,0.0823,0.0,0.0
ALA,148,1HB,2306,34.439,22.144,-1.421,0.0603,0.0,0.0
ALA,148,2HB,2307,33.035,21.868,-2.478,0.0603,0.0,0.0
ALA,148,3HB,2308,32.881,21.657,-0.72,0.0603,0.0,0.0
ALA,149,N,2309,33.964,19.252,0.554,-0.4157,0.0,0.0
ALA,149,CA,2310,34.515,18.845,1.84,0.0337,0.0,0.0
ALA,149,C,2311,35.013,17.401,1.849,0.5973,0.0,0.0
ALA,149,O,2312,35.783,17.025,2.734,-0.5679,0.0,0.0
ALA,149,CB,2313,33.478,19.061,2.923,-0.1825,0.0,0.0
ALA,149,H,2314,32.981,19.485,0.529,0.2719,0.0,0.0
ALA,149,HA,2315,35.384,19.471,2.034,0.0823,0.0,0.0
ALA,149,1HB,2316,33.906,18.816,3.895,0.0603,0.0,0.0
ALA,149,2HB,2317,33.16,20.102,2.923,0.0603,0.0,0.0
ALA,149,3HB,2318,32.638,18.428,2.731,0.0603,0.0,0.0
SER,150,N,2319,34.611,16.617,0.844,-0.4157,0.0,0.0
SER,150,CA,2320,34.938,15.195,0.728,-0.0249,0.0,0.0
SER,150,C,2321,34.389,14.384,1.895,0.5973,0.0,0.0
SER,150,O,2322,35.087,13.535,2.456,-0.5679,0.0,0.0
SER,150,CB,2323,36.446,14.971,0.654,0.2117,0.0,0.0
SER,150,OG,2324,36.997,15.619,-0.46,-0.6546,0.0,0.0
SER,150,H,2325,33.975,16.994,0.154,0.2719,0.0,0.0
SER,150,HA,2326,34.523,14.825,-0.212,0.0843,0.0,0.0
SER,150,1HB,2327,36.927,15.337,1.549,0.0352,0.0,0.0
SER,150,2HB,2328,36.65,13.905,0.597,0.0352,0.0,0.0
SER,150,HG,2329,36.8,16.553,-0.347,0.4275,0.0,0.0
VAL,151,N,2330,33.164,14.705,2.304,-0.4157,0.0,0.0
VAL,151,CA,2331,32.501,13.969,3.371,-0.0875,0.0,0.0
VAL,151,C,2332,32.293,12.511,3.007,0.5973,0.0,0.0
VAL,151,O,2333,32.587,11.631,3.809,-0.5679,0.0,0.0
VAL,151,CB,2334,31.142,14.582,3.713,0.2985,0.0,0.0
VAL,151,CG1,2335,30.395,13.681,4.678,-0.3192,0.0,0.0
VAL,151,CG2,2336,31.364,15.939,4.287,-0.3192,0.0,0.0
VAL,151,H,2337,32.638,15.385,1.76,0.2719,0.0,0.0
VAL,151,HA,2338,33.131,14.021,4.261,0.0969,0.0,0.0
VAL,151,HB,2339,30.542,14.655,2.819,-0.0297,0.0,0.0
VAL,151,1HG1,2340,29.426,14.127,4.915,0.0791,0.0,0.0
VAL,151,2HG1,2341,30.243,12.714,4.223,0.0791,0.0,0.0
VAL,151,3HG1,2342,30.974,13.565,5.592,0.0791,0.0,0.0
VAL,151,1HG2,2343,30.415,16.387,4.534,0.0791,0.0,0.0
VAL,151,2HG2,2344,31.971,15.86,5.188,0.0791,0.0,0.0
VAL,151,3HG2,2345,31.872,16.544,3.556,0.0791,0.0,0.0
ALA,152,N,2346,31.916,12.258,1.749,-0.4157,0.0,0.0
ALA,152,CA,2347,31.681,10.895,1.278,0.0337,0.0,0.0
ALA,152,C,2348,32.912,10.028,1.471,0.5973,0.0,0.0
ALA,152,O,2349,32.785,8.863,1.825,-0.5679,0.0,0.0
ALA,152,CB,2350,31.279,10.88,-0.192,-0.1825,0.0,0.0
ALA,152,H,2351,31.716,13.03,1.129,0.2719,0.0,0.0
ALA,152,HA,2352,30.867,10.453,1.853,0.0823,0.0,0.0
ALA,152,1HB,2353,31.143,9.847,-0.519,0.0603,0.0,0.0
ALA,152,2HB,2354,30.368,11.412,-0.334,0.0603,0.0,0.0
ALA,152,3HB,2355,32.06,11.35,-0.786,0.0603,0.0,0.0
GLU,153,N,2356,34.103,10.608,1.315,-0.5163,0.0,0.0
GLU,153,CA,2357,35.332,9.838,1.454,0.0397,0.0,0.0
GLU,153,C,2358,35.63,9.481,2.901,0.5366,0.0,0.0
GLU,153,O,2359,35.954,8.332,3.203,-0.5819,0.0,0.0
GLU,153,CB,2360,36.509,10.624,0.878,0.056,0.0,0.0
GLU,153,CG,2361,36.453,10.797,-0.623,0.0136,0.0,0.0
GLU,153,CD,2362,36.481,9.477,-1.333,0.8054,0.0,0.0
GLU,153,OE1,2363,36.917,8.528,-0.722,-0.8188,0.0,0.0
GLU,153,OE2,2364,36.076,9.412,-2.469,-0.8188,0.0,0.0
GLU,153,H,2365,34.152,11.579,1.044,0.2936,0.0,0.0
GLU,153,HA,2366,35.225,8.913,0.885,0.1105,0.0,0.0
GLU,153,1HB,2367,36.543,11.612,1.333,-0.0173,0.0,0.0
GLU,153,2HB,2368,37.441,10.118,1.127,-0.0173,0.0,0.0
GLU,153,1HG,2369,35.537,11.33,-0.882,-0.0425,0.0,0.0
GLU,153,2HG,2370,37.296,11.406,-0.944,-0.0425,0.0,0.0
GLN,154,N,2371,35.315,10.399,3.817,-0.4157,0.0,0.0
GLN,154,CA,2372,35.583,10.156,5.229,-0.0031,0.0,0.0
GLN,154,C,2373,34.626,9.076,5.721,0.5973,0.0,0.0
GLN,154,O,2374,35.011,8.118,6.394,-0.5679,0.0,0.0
GLN,154,CB,2375,35.425,11.43,6.051,-0.0036,0.0,0.0
GLN,154,CG,2376,35.832,11.265,7.487,-0.0645,0.0,0.0
GLN,154,CD,2377,37.314,10.912,7.618,0.6951,0.0,0.0
GLN,154,NE2,2378,37.606,9.823,8.304,-0.9407,0.0,0.0
GLN,154,OE1,2379,38.183,11.62,7.103,-0.6086,0.0,0.0
GLN,154,H,2380,35.125,11.348,3.507,0.2719,0.0,0.0
GLN,154,HA,2381,36.609,9.806,5.341,0.085,0.0,0.0
GLN,154,1HB,2382,36.029,12.224,5.611,0.0171,0.0,0.0
GLN,154,2HB,2383,34.384,11.756,6.023,0.0171,0.0,0.0
GLN,154,1HG,2384,35.648,12.199,8.015,0.0352,0.0,0.0
GLN,154,2HG,2385,35.242,10.464,7.929,0.0352,0.0,0.0
GLN,154,1HE2,2386,38.561,9.546,8.421,0.4251,0.0,0.0
GLN,154,2HE2,2387,36.877,9.276,8.706,0.4251,0.0,0.0
LEU,155,N,2388,33.413,9.171,5.193,-0.4157,0.0,0.0
LEU,155,CA,2389,32.294,8.321,5.528,-0.0518,0.0,0.0
LEU,155,C,2390,32.579,6.929,5.01,0.5973,0.0,0.0
LEU,155,O,2391,32.459,5.961,5.751,-0.5679,0.0,0.0
LEU,155,CB,2392,31.065,8.933,4.898,-0.1102,0.0,0.0
LEU,155,CG,2393,29.793,8.282,5.126,0.3531,0.0,0.0
LEU,155,CD1,2394,29.523,8.18,6.602,-0.4121,0.0,0.0
LEU,155,CD2,2395,28.794,9.073,4.438,-0.4121,0.0,0.0
LEU,155,H,2396,33.191,10.033,4.719,0.2719,0.0,0.0
LEU,155,HA,2397,32.176,8.294,6.611,0.0922,0.0,0.0
LEU,155,1HB,2398,30.965,9.954,5.264,0.0457,0.0,0.0
LEU,155,2HB,2399,31.21,8.965,3.825,0.0457,0.0,0.0
LEU,155,HG,2400,29.818,7.269,4.732,-0.0361,0.0,0.0
LEU,155,1HD1,2401,28.567,7.69,6.755,0.1,0.0,0.0
LEU,155,2HD1,2402,30.314,7.598,7.078,0.1,0.0,0.0
LEU,155,3HD1,2403,29.494,9.178,7.036,0.1,0.0,0.0
LEU,155,1HD2,2404,27.843,8.635,4.573,0.1,0.0,0.0
LEU,155,2HD2,2405,28.799,10.078,4.849,0.1,0.0,0.0
LEU,155,3HD2,2406,29.032,9.104,3.383,0.1,0.0,0.0
ARG,156,N,2407,33.092,6.857,3.784,-0.3479,0.0,0.0
ARG,156,CA,2408,33.425,5.593,3.149,-0.2637,0.0,0.0
ARG,156,C,2409,34.436,4.831,3.992,0.7341,0.0,0.0
ARG,156,O,2410,34.21,3.676,4.341,-0.5894,0.0,0.0
ARG,156,CB,2411,34.015,5.811,1.761,-0.0007,0.0,0.0
ARG,156,CG,2412,34.397,4.536,1.039,0.039,0.0,0.0
ARG,156,CD,2413,34.887,4.772,-0.347,0.0486,0.0,0.0
ARG,156,NE,2414,36.137,5.527,-0.385,-0.5295,0.0,0.0
ARG,156,CZ,2415,37.371,5.018,-0.174,0.8076,0.0,0.0
ARG,156,NH1,2416,37.567,3.735,0.101,-0.8627,0.0,0.0
ARG,156,NH2,2417,38.403,5.832,-0.244,-0.8627,0.0,0.0
ARG,156,H,2418,33.074,7.68,3.209,0.2747,0.0,0.0
ARG,156,HA,2419,32.516,5.01,3.035,0.156,0.0,0.0
ARG,156,1HB,2420,33.3,6.342,1.144,0.0327,0.0,0.0
ARG,156,2HB,2421,34.904,6.43,1.836,0.0327,0.0,0.0
ARG,156,1HG,2422,35.191,4.037,1.594,0.0285,0.0,0.0
ARG,156,2HG,2423,33.533,3.881,0.975,0.0285,0.0,0.0
ARG,156,1HD,2424,35.06,3.814,-0.837,0.0687,0.0,0.0
ARG,156,2HD,2425,34.136,5.337,-0.903,0.0687,0.0,0.0
ARG,156,HE,2426,36.089,6.521,-0.589,0.3456,0.0,0.0
ARG,156,1HH1,2427,36.791,3.079,0.163,0.4478,0.0,0.0
ARG,156,2HH1,2428,38.505,3.397,0.253,0.4478,0.0,0.0
ARG,156,1HH2,2429,38.242,6.81,-0.453,0.4478,0.0,0.0
ARG,156,2HH2,2430,39.338,5.486,-0.09,0.4478,0.0,0.0
ALA,157,N,2431,35.42,5.562,4.519,-0.4157,0.0,0.0
ALA,157,CA,2432,36.482,4.962,5.325,0.0337,0.0,0.0
ALA,157,C,2433,35.891,4.265,6.551,0.5973,0.0,0.0
ALA,157,O,2434,36.351,3.195,6.965,-0.5679,0.0,0.0
ALA,157,CB,2435,37.507,6.012,5.729,-0.1825,0.0,0.0
ALA,157,H,2436,35.602,6.47,4.114,0.2719,0.0,0.0
ALA,157,HA,2437,36.973,4.204,4.716,0.0823,0.0,0.0
ALA,157,1HB,2438,38.309,5.537,6.292,0.0603,0.0,0.0
ALA,157,2HB,2439,37.918,6.479,4.833,0.0603,0.0,0.0
ALA,157,3HB,2440,37.039,6.768,6.343,0.0603,0.0,0.0
TYR,158,N,2441,34.817,4.846,7.072,-0.4157,0.0,0.0
TYR,158,CA,2442,34.2,4.29,8.254,-0.0014,0.0,0.0
TYR,158,C,2443,33.337,3.097,7.832,0.5973,0.0,0.0
TYR,158,O,2444,33.238,2.094,8.519,-0.5679,0.0,0.0
TYR,158,CB,2445,33.383,5.363,8.961,-0.0152,0.0,0.0
TYR,158,CG,2446,34.192,6.463,9.524,-0.0011,0.0,0.0
TYR,158,CD1,2447,33.656,7.738,9.603,-0.1906,0.0,0.0
TYR,158,CD2,2448,35.473,6.218,9.969,-0.1906,0.0,0.0
TYR,158,CE1,2449,34.404,8.766,10.128,-0.2341,0.0,0.0
TYR,158,CE2,2450,36.226,7.24,10.493,-0.2341,0.0,0.0
TYR,158,CZ,2451,35.698,8.513,10.575,0.3226,0.0,0.0
TYR,158,OH,2452,36.451,9.539,11.1,-0.5579,0.0,0.0
TYR,158,H,2453,34.539,5.762,6.738,0.2719,0.0,0.0
TYR,158,HA,2454,34.982,3.941,8.922,0.0876,0.0,0.0
TYR,158,1HB,2455,32.668,5.795,8.263,0.0295,0.0,0.0
TYR,158,2HB,2456,32.82,4.914,9.764,0.0295,0.0,0.0
TYR,158,HD1,2457,32.641,7.925,9.249,0.1699,0.0,0.0
TYR,158,HD2,2458,35.887,5.217,9.903,0.1699,0.0,0.0
TYR,158,HE1,2459,33.985,9.769,10.19,0.1656,0.0,0.0
TYR,158,HE2,2460,37.24,7.046,10.845,0.1656,0.0,0.0
TYR,158,HH,2461,35.939,10.351,11.085,0.3992,0.0,0.0
LEU,159,N,2462,32.589,3.259,6.759,-0.4157,0.0,0.0
LEU,159,CA,2463,31.649,2.226,6.327,-0.0518,0.0,0.0
LEU,159,C,2464,32.353,0.938,5.923,0.5973,0.0,0.0
LEU,159,O,2465,31.814,-0.154,6.09,-0.5679,0.0,0.0
LEU,159,CB,2466,30.818,2.743,5.161,-0.1102,0.0,0.0
LEU,159,CG,2467,29.771,3.777,5.524,0.3531,0.0,0.0
LEU,159,CD1,2468,29.188,4.398,4.296,-0.4121,0.0,0.0
LEU,159,CD2,2469,28.722,3.081,6.34,-0.4121,0.0,0.0
LEU,159,H,2470,32.566,4.159,6.304,0.2719,0.0,0.0
LEU,159,HA,2471,31.002,1.978,7.168,0.0922,0.0,0.0
LEU,159,1HB,2472,31.489,3.184,4.432,0.0457,0.0,0.0
LEU,159,2HB,2473,30.315,1.9,4.7,0.0457,0.0,0.0
LEU,159,HG,2474,30.228,4.576,6.096,-0.0361,0.0,0.0
LEU,159,1HD1,2475,28.441,5.135,4.589,0.1,0.0,0.0
LEU,159,2HD1,2476,29.98,4.885,3.725,0.1,0.0,0.0
LEU,159,3HD1,2477,28.723,3.631,3.685,0.1,0.0,0.0
LEU,159,1HD2,2478,27.948,3.783,6.626,0.1,0.0,0.0
LEU,159,2HD2,2479,28.291,2.295,5.756,0.1,0.0,0.0
LEU,159,3HD2,2480,29.173,2.664,7.242,0.1,0.0,0.0
GLU,160,N,2481,33.523,1.09,5.321,-0.5163,0.0,0.0
GLU,160,CA,2482,34.33,-0.03,4.868,0.0397,0.0,0.0
GLU,160,C,2483,35.337,-0.5,5.903,0.5366,0.0,0.0
GLU,160,O,2484,35.74,-1.664,5.89,-0.5819,0.0,0.0
GLU,160,CB,2485,35.057,0.366,3.579,0.056,0.0,0.0
GLU,160,CG,2486,34.121,0.646,2.408,0.0136,0.0,0.0
GLU,160,CD,2487,34.82,1.077,1.155,0.8054,0.0,0.0
GLU,160,OE1,2488,36.01,1.27,1.191,-0.8188,0.0,0.0
GLU,160,OE2,2489,34.158,1.214,0.155,-0.8188,0.0,0.0
GLU,160,H,2490,33.931,2.011,5.286,0.2936,0.0,0.0
GLU,160,HA,2491,33.682,-0.857,4.657,0.1105,0.0,0.0
GLU,160,1HB,2492,35.657,1.26,3.758,-0.0173,0.0,0.0
GLU,160,2HB,2493,35.739,-0.432,3.286,-0.0173,0.0,0.0
GLU,160,1HG,2494,33.557,-0.246,2.188,-0.0425,0.0,0.0
GLU,160,2HG,2495,33.417,1.425,2.703,-0.0425,0.0,0.0
GLY,161,N,2496,35.725,0.39,6.805,-0.4157,0.0,0.0
GLY,161,CA,2497,36.751,0.057,7.777,-0.0252,0.0,0.0
GLY,161,C,2498,36.235,-0.023,9.21,0.5973,0.0,0.0
GLY,161,O,2499,36.123,-1.112,9.77,-0.5679,0.0,0.0
GLY,161,H,2500,35.372,1.335,6.782,0.2719,0.0,0.0
GLY,161,1HA,2501,37.196,-0.903,7.516,0.0698,0.0,0.0
GLY,161,2HA,2502,37.539,0.806,7.731,0.0698,0.0,0.0
THR,162,N,2503,35.963,1.141,9.793,-0.4157,0.0,0.0
THR,162,CA,2504,35.58,1.229,11.216,-0.0389,0.0,0.0
THR,162,C,2505,34.302,0.475,11.6,0.5973,0.0,0.0
THR,162,O,2506,34.323,-0.36,12.503,-0.5679,0.0,0.0
THR,162,CB,2507,35.41,2.693,11.645,0.3654,0.0,0.0
THR,162,CG2,2508,34.954,2.771,13.057,-0.2438,0.0,0.0
THR,162,OG1,2509,36.663,3.377,11.508,-0.6761,0.0,0.0
THR,162,H,2510,36.024,1.978,9.206,0.2719,0.0,0.0
THR,162,HA,2511,36.379,0.775,11.802,0.1007,0.0,0.0
THR,162,HB,2512,34.678,3.169,11.005,0.0043,0.0,0.0
THR,162,HG1,2513,36.947,3.341,10.591,0.4102,0.0,0.0
THR,162,1HG2,2514,34.838,3.816,13.344,0.0642,0.0,0.0
THR,162,2HG2,2515,33.999,2.258,13.157,0.0642,0.0,0.0
THR,162,3HG2,2516,35.691,2.297,13.702,0.0642,0.0,0.0
CYS,163,N,2517,33.232,0.706,10.854,-0.4157,0.0,0.0
CYS,163,CA,2518,31.933,0.07,11.071,0.0213,0.0,0.0
CYS,163,C,2519,32.056,-1.434,11.042,0.5973,0.0,0.0
CYS,163,O,2520,31.653,-2.124,11.979,-0.5679,0.0,0.0
CYS,163,CB,2521,30.908,0.483,9.996,-0.1231,0.0,0.0
CYS,163,SG,2522,29.232,-0.208,10.275,-0.3119,0.0,0.0
CYS,163,H,2523,33.321,1.36,10.102,0.2719,0.0,0.0
CYS,163,HA,2524,31.55,0.385,12.042,0.1124,0.0,0.0
CYS,163,1HB,2525,30.826,1.567,9.964,0.1112,0.0,0.0
CYS,163,2HB,2526,31.255,0.155,9.015,0.1112,0.0,0.0
VAL,164,N,2527,32.731,-1.916,10.001,-0.4157,0.0,0.0
VAL,164,CA,2528,32.918,-3.335,9.766,-0.0875,0.0,0.0
VAL,164,C,2529,33.706,-3.972,10.884,0.5973,0.0,0.0
VAL,164,O,2530,33.272,-4.974,11.443,-0.5679,0.0,0.0
VAL,164,CB,2531,33.642,-3.543,8.436,0.2985,0.0,0.0
VAL,164,CG1,2532,33.994,-5.012,8.259,-0.3192,0.0,0.0
VAL,164,CG2,2533,32.769,-3.053,7.351,-0.3192,0.0,0.0
VAL,164,H,2534,33.062,-1.268,9.301,0.2719,0.0,0.0
VAL,164,HA,2535,31.938,-3.808,9.701,0.0969,0.0,0.0
VAL,164,HB,2536,34.581,-2.989,8.435,-0.0297,0.0,0.0
VAL,164,1HG1,2537,34.509,-5.153,7.308,0.0791,0.0,0.0
VAL,164,2HG1,2538,34.644,-5.328,9.073,0.0791,0.0,0.0
VAL,164,3HG1,2539,33.085,-5.615,8.265,0.0791,0.0,0.0
VAL,164,1HG2,2540,33.268,-3.193,6.393,0.0791,0.0,0.0
VAL,164,2HG2,2541,31.834,-3.614,7.361,0.0791,0.0,0.0
VAL,164,3HG2,2542,32.567,-1.999,7.506,0.0791,0.0,0.0
GLU,165,N,2543,34.78,-3.306,11.315,-0.5163,0.0,0.0
GLU,165,CA,2544,35.617,-3.863,12.365,0.0397,0.0,0.0
GLU,165,C,2545,34.868,-3.966,13.674,0.5366,0.0,0.0
GLU,165,O,2546,34.934,-4.994,14.34,-0.5819,0.0,0.0
GLU,165,CB,2547,36.879,-3.031,12.58,0.056,0.0,0.0
GLU,165,CG,2548,37.813,-3.602,13.652,0.0136,0.0,0.0
GLU,165,CD,2549,38.393,-4.969,13.287,0.8054,0.0,0.0
GLU,165,OE1,2550,38.384,-5.308,12.129,-0.8188,0.0,0.0
GLU,165,OE2,2551,38.849,-5.672,14.189,-0.8188,0.0,0.0
GLU,165,H,2552,35.139,-2.537,10.765,0.2936,0.0,0.0
GLU,165,HA,2553,35.928,-4.864,12.063,0.1105,0.0,0.0
GLU,165,1HB,2554,37.433,-2.963,11.643,-0.0173,0.0,0.0
GLU,165,2HB,2555,36.601,-2.016,12.871,-0.0173,0.0,0.0
GLU,165,1HG,2556,38.636,-2.907,13.809,-0.0425,0.0,0.0
GLU,165,2HG,2557,37.261,-3.687,14.585,-0.0425,0.0,0.0
TRP,166,N,2558,34.039,-2.966,13.973,-0.4157,0.0,0.0
TRP,166,CA,2559,33.324,-2.987,15.232,-0.0275,0.0,0.0
TRP,166,C,2560,32.316,-4.102,15.239,0.5973,0.0,0.0
TRP,166,O,2561,32.238,-4.854,16.201,-0.5679,0.0,0.0
TRP,166,CB,2562,32.611,-1.67,15.51,-0.005,0.0,0.0
TRP,166,CG,2563,33.46,-0.545,15.896,-0.1415,0.0,0.0
TRP,166,CD1,2564,34.733,-0.577,16.38,-0.1638,0.0,0.0
TRP,166,CD2,2565,33.085,0.841,15.828,0.1243,0.0,0.0
TRP,166,CE2,2566,34.172,1.583,16.284,0.138,0.0,0.0
TRP,166,CE3,2567,31.918,1.503,15.418,-0.2387,0.0,0.0
TRP,166,NE1,2568,35.173,0.703,16.62,-0.3418,0.0,0.0
TRP,166,CZ2,2569,34.139,2.968,16.348,-0.2601,0.0,0.0
TRP,166,CZ3,2570,31.88,2.887,15.479,-0.1972,0.0,0.0
TRP,166,CH2,2571,32.963,3.603,15.932,-0.1134,0.0,0.0
TRP,166,H,2572,34.056,-2.122,13.419,0.2719,0.0,0.0
TRP,166,HA,2573,34.043,-3.149,16.036,0.1123,0.0,0.0
TRP,166,1HB,2574,32.06,-1.366,14.618,0.0339,0.0,0.0
TRP,166,2HB,2575,31.891,-1.814,16.309,0.0339,0.0,0.0
TRP,166,HD1,2576,35.314,-1.483,16.552,0.2062,0.0,0.0
TRP,166,HE1,2577,36.081,0.955,16.982,0.3412,0.0,0.0
TRP,166,HE3,2578,31.058,0.938,15.056,0.17,0.0,0.0
TRP,166,HZ2,2579,34.987,3.554,16.704,0.1572,0.0,0.0
TRP,166,HZ3,2580,30.968,3.393,15.158,0.1447,0.0,0.0
TRP,166,HH2,2581,32.901,4.692,15.967,0.1417,0.0,0.0
LEU,167,N,2582,31.7,-4.332,14.085,-0.4157,0.0,0.0
LEU,167,CA,2583,30.687,-5.355,13.991,-0.0518,0.0,0.0
LEU,167,C,2584,31.333,-6.711,14.129,0.5973,0.0,0.0
LEU,167,O,2585,30.879,-7.531,14.922,-0.5679,0.0,0.0
LEU,167,CB,2586,29.936,-5.263,12.658,-0.1102,0.0,0.0
LEU,167,CG,2587,28.851,-6.316,12.47,0.3531,0.0,0.0
LEU,167,CD1,2588,27.897,-6.29,13.61,-0.4121,0.0,0.0
LEU,167,CD2,2589,28.148,-6.057,11.18,-0.4121,0.0,0.0
LEU,167,H,2590,31.757,-3.636,13.355,0.2719,0.0,0.0
LEU,167,HA,2591,29.963,-5.21,14.789,0.0922,0.0,0.0
LEU,167,1HB,2592,29.471,-4.286,12.575,0.0457,0.0,0.0
LEU,167,2HB,2593,30.655,-5.363,11.845,0.0457,0.0,0.0
LEU,167,HG,2594,29.304,-7.301,12.451,-0.0361,0.0,0.0
LEU,167,1HD1,2595,27.139,-7.053,13.442,0.1,0.0,0.0
LEU,167,2HD1,2596,28.429,-6.495,14.538,0.1,0.0,0.0
LEU,167,3HD1,2597,27.43,-5.33,13.68,0.1,0.0,0.0
LEU,167,1HD2,2598,27.373,-6.798,11.032,0.1,0.0,0.0
LEU,167,2HD2,2599,27.696,-5.064,11.198,0.1,0.0,0.0
LEU,167,3HD2,2600,28.847,-6.112,10.399,0.1,0.0,0.0
ARG,168,N,2601,32.478,-6.906,13.48,-0.3479,0.0,0.0
ARG,168,CA,2602,33.134,-8.196,13.554,-0.2637,0.0,0.0
ARG,168,C,2603,33.449,-8.532,15.007,0.7341,0.0,0.0
ARG,168,O,2604,33.192,-9.648,15.465,-0.5894,0.0,0.0
ARG,168,CB,2605,34.43,-8.207,12.747,-0.0007,0.0,0.0
ARG,168,CG,2606,34.31,-8.181,11.221,0.039,0.0,0.0
ARG,168,CD,2607,35.672,-8.054,10.622,0.0486,0.0,0.0
ARG,168,NE,2608,35.664,-7.994,9.181,-0.5295,0.0,0.0
ARG,168,CZ,2609,36.728,-7.64,8.431,0.8076,0.0,0.0
ARG,168,NH1,2610,37.866,-7.321,9.005,-0.8627,0.0,0.0
ARG,168,NH2,2611,36.617,-7.615,7.119,-0.8627,0.0,0.0
ARG,168,H,2612,32.781,-6.229,12.799,0.2747,0.0,0.0
ARG,168,HA,2613,32.471,-8.954,13.136,0.156,0.0,0.0
ARG,168,1HB,2614,35.03,-7.34,13.025,0.0327,0.0,0.0
ARG,168,2HB,2615,35.0,-9.101,12.997,0.0327,0.0,0.0
ARG,168,1HG,2616,33.846,-9.103,10.869,0.0285,0.0,0.0
ARG,168,2HG,2617,33.701,-7.339,10.906,0.0285,0.0,0.0
ARG,168,1HD,2618,36.138,-7.138,10.989,0.0687,0.0,0.0
ARG,168,2HD,2619,36.271,-8.915,10.911,0.0687,0.0,0.0
ARG,168,HE,2620,34.812,-8.229,8.687,0.3456,0.0,0.0
ARG,168,1HH1,2621,37.948,-7.341,10.011,0.4478,0.0,0.0
ARG,168,2HH1,2622,38.659,-7.058,8.439,0.4478,0.0,0.0
ARG,168,1HH2,2623,35.732,-7.865,6.7,0.4478,0.0,0.0
ARG,168,2HH2,2624,37.405,-7.353,6.546,0.4478,0.0,0.0
ARG,169,N,2625,33.86,-7.51,15.764,-0.3479,0.0,0.0
ARG,169,CA,2626,34.247,-7.687,17.152,-0.2637,0.0,0.0
ARG,169,C,2627,33.043,-7.975,18.03,0.7341,0.0,0.0
ARG,169,O,2628,33.068,-8.904,18.835,-0.5894,0.0,0.0
ARG,169,CB,2629,34.963,-6.448,17.674,-0.0007,0.0,0.0
ARG,169,CG,2630,36.34,-6.173,17.091,0.039,0.0,0.0
ARG,169,CD,2631,36.903,-4.903,17.642,0.0486,0.0,0.0
ARG,169,NE,2632,38.214,-4.579,17.092,-0.5295,0.0,0.0
ARG,169,CZ,2633,38.889,-3.442,17.358,0.8076,0.0,0.0
ARG,169,NH1,2634,38.368,-2.539,18.161,-0.8627,0.0,0.0
ARG,169,NH2,2635,40.075,-3.232,16.813,-0.8627,0.0,0.0
ARG,169,H,2636,34.103,-6.643,15.306,0.2747,0.0,0.0
ARG,169,HA,2637,34.93,-8.534,17.213,0.156,0.0,0.0
ARG,169,1HB,2638,34.356,-5.567,17.479,0.0327,0.0,0.0
ARG,169,2HB,2639,35.085,-6.528,18.754,0.0327,0.0,0.0
ARG,169,1HG,2640,37.012,-6.993,17.342,0.0285,0.0,0.0
ARG,169,2HG,2641,36.271,-6.084,16.011,0.0285,0.0,0.0
ARG,169,1HD,2642,36.229,-4.076,17.407,0.0687,0.0,0.0
ARG,169,2HD,2643,37.009,-4.99,18.722,0.0687,0.0,0.0
ARG,169,HE,2644,38.65,-5.253,16.467,0.3456,0.0,0.0
ARG,169,1HH1,2645,37.462,-2.697,18.577,0.4478,0.0,0.0
ARG,169,2HH1,2646,38.874,-1.688,18.359,0.4478,0.0,0.0
ARG,169,1HH2,2647,40.478,-3.924,16.196,0.4478,0.0,0.0
ARG,169,2HH2,2648,40.579,-2.382,17.013,0.4478,0.0,0.0
TYR,170,N,2649,31.951,-7.251,17.771,-0.4157,0.0,0.0
TYR,170,CA,2650,30.745,-7.337,18.578,-0.0014,0.0,0.0
TYR,170,C,2651,30.092,-8.685,18.423,0.5973,0.0,0.0
TYR,170,O,2652,29.7,-9.306,19.404,-0.5679,0.0,0.0
TYR,170,CB,2653,29.758,-6.231,18.21,-0.0152,0.0,0.0
TYR,170,CG,2654,30.263,-4.856,18.554,-0.0011,0.0,0.0
TYR,170,CD1,2655,31.454,-4.703,19.256,-0.1906,0.0,0.0
TYR,170,CD2,2656,29.545,-3.75,18.174,-0.1906,0.0,0.0
TYR,170,CE1,2657,31.91,-3.441,19.568,-0.2341,0.0,0.0
TYR,170,CE2,2658,29.999,-2.489,18.484,-0.2341,0.0,0.0
TYR,170,CZ,2659,31.173,-2.333,19.178,0.3226,0.0,0.0
TYR,170,OH,2660,31.617,-1.083,19.482,-0.5579,0.0,0.0
TYR,170,H,2661,32.035,-6.475,17.133,0.2719,0.0,0.0
TYR,170,HA,2662,31.019,-7.209,19.625,0.0876,0.0,0.0
TYR,170,1HB,2663,29.551,-6.268,17.137,0.0295,0.0,0.0
TYR,170,2HB,2664,28.814,-6.395,18.729,0.0295,0.0,0.0
TYR,170,HD1,2665,32.026,-5.579,19.561,0.1699,0.0,0.0
TYR,170,HD2,2666,28.62,-3.873,17.629,0.1699,0.0,0.0
TYR,170,HE1,2667,32.843,-3.316,20.119,0.1656,0.0,0.0
TYR,170,HE2,2668,29.425,-1.612,18.181,0.1656,0.0,0.0
TYR,170,HH,2669,32.446,-1.147,19.963,0.3992,0.0,0.0
LEU,171,N,2670,30.139,-9.211,17.203,-0.4157,0.0,0.0
LEU,171,CA,2671,29.522,-10.482,16.905,-0.0518,0.0,0.0
LEU,171,C,2672,30.207,-11.587,17.666,0.5973,0.0,0.0
LEU,171,O,2673,29.54,-12.412,18.278,-0.5679,0.0,0.0
LEU,171,CB,2674,29.589,-10.757,15.409,-0.1102,0.0,0.0
LEU,171,CG,2675,28.723,-9.877,14.552,0.3531,0.0,0.0
LEU,171,CD1,2676,29.069,-10.125,13.101,-0.4121,0.0,0.0
LEU,171,CD2,2677,27.287,-10.18,14.843,-0.4121,0.0,0.0
LEU,171,H,2678,30.452,-8.629,16.439,0.2719,0.0,0.0
LEU,171,HA,2679,28.48,-10.451,17.203,0.0922,0.0,0.0
LEU,171,1HB,2680,30.62,-10.634,15.079,0.0457,0.0,0.0
LEU,171,2HB,2681,29.296,-11.783,15.233,0.0457,0.0,0.0
LEU,171,HG,2682,28.917,-8.843,14.764,-0.0361,0.0,0.0
LEU,171,1HD1,2683,28.455,-9.5,12.473,0.1,0.0,0.0
LEU,171,2HD1,2684,30.119,-9.888,12.933,0.1,0.0,0.0
LEU,171,3HD1,2685,28.888,-11.17,12.862,0.1,0.0,0.0
LEU,171,1HD2,2686,26.651,-9.549,14.229,0.1,0.0,0.0
LEU,171,2HD2,2687,27.086,-11.226,14.616,0.1,0.0,0.0
LEU,171,3HD2,2688,27.085,-9.993,15.875,0.1,0.0,0.0
GLU,172,N,2689,31.532,-11.505,17.774,-0.5163,0.0,0.0
GLU,172,CA,2690,32.272,-12.549,18.458,0.0397,0.0,0.0
GLU,172,C,2691,32.129,-12.419,19.967,0.5366,0.0,0.0
GLU,172,O,2692,32.056,-13.419,20.68,-0.5819,0.0,0.0
GLU,172,CB,2693,33.749,-12.504,18.074,0.056,0.0,0.0
GLU,172,CG,2694,34.023,-12.884,16.628,0.0136,0.0,0.0
GLU,172,CD,2695,35.477,-12.828,16.273,0.8054,0.0,0.0
GLU,172,OE1,2696,36.258,-12.417,17.096,-0.8188,0.0,0.0
GLU,172,OE2,2697,35.813,-13.197,15.171,-0.8188,0.0,0.0
GLU,172,H,2698,32.035,-10.864,17.169,0.2936,0.0,0.0
GLU,172,HA,2699,31.866,-13.515,18.156,0.1105,0.0,0.0
GLU,172,1HB,2700,34.136,-11.496,18.241,-0.0173,0.0,0.0
GLU,172,2HB,2701,34.312,-13.182,18.714,-0.0173,0.0,0.0
GLU,172,1HG,2702,33.657,-13.896,16.455,-0.0425,0.0,0.0
GLU,172,2HG,2703,33.468,-12.21,15.977,-0.0425,0.0,0.0
ASN,173,N,2704,32.017,-11.181,20.447,-0.4157,0.0,0.0
ASN,173,CA,2705,31.953,-10.922,21.876,0.0143,0.0,0.0
ASN,173,C,2706,30.601,-11.311,22.445,0.5973,0.0,0.0
ASN,173,O,2707,30.521,-11.932,23.503,-0.5679,0.0,0.0
ASN,173,CB,2708,32.253,-9.463,22.171,-0.2041,0.0,0.0
ASN,173,CG,2709,33.701,-9.114,21.968,0.713,0.0,0.0
ASN,173,ND2,2710,33.976,-7.85,21.763,-0.9191,0.0,0.0
ASN,173,OD1,2711,34.574,-9.99,21.999,-0.5931,0.0,0.0
ASN,173,H,2712,32.153,-10.397,19.822,0.2719,0.0,0.0
ASN,173,HA,2713,32.691,-11.551,22.377,0.1048,0.0,0.0
ASN,173,1HB,2714,31.646,-8.829,21.521,0.0797,0.0,0.0
ASN,173,2HB,2715,31.978,-9.236,23.202,0.0797,0.0,0.0
ASN,173,1HD2,2716,34.923,-7.56,21.622,0.4196,0.0,0.0
ASN,173,2HD2,2717,33.239,-7.175,21.746,0.4196,0.0,0.0
GLY,174,N,2718,29.554,-11.049,21.668,-0.4157,0.0,0.0
GLY,174,CA,2719,28.184,-11.245,22.108,-0.0252,0.0,0.0
GLY,174,C,2720,27.495,-12.363,21.354,0.5973,0.0,0.0
GLY,174,O,2721,26.27,-12.385,21.285,-0.5679,0.0,0.0
GLY,174,H,2722,29.701,-10.481,20.848,0.2719,0.0,0.0
GLY,174,1HA,2723,28.172,-11.471,23.164,0.0698,0.0,0.0
GLY,174,2HA,2724,27.624,-10.32,21.969,0.0698,0.0,0.0
LYS,175,N,2725,28.296,-13.274,20.79,-0.3479,0.0,0.0
LYS,175,CA,2726,27.828,-14.411,19.99,-0.24,0.0,0.0
LYS,175,C,2727,26.78,-15.286,20.662,0.7341,0.0,0.0
LYS,175,O,2728,25.896,-15.81,19.991,-0.5894,0.0,0.0
LYS,175,CB,2729,29.012,-15.291,19.59,-0.0094,0.0,0.0
LYS,175,CG,2730,29.699,-15.998,20.736,0.0187,0.0,0.0
LYS,175,CD,2731,30.893,-16.793,20.236,-0.0479,0.0,0.0
LYS,175,CE,2732,31.582,-17.532,21.368,-0.0143,0.0,0.0
LYS,175,NZ,2733,32.775,-18.282,20.89,-0.3854,0.0,0.0
LYS,175,H,2734,29.293,-13.165,20.91,0.2747,0.0,0.0
LYS,175,HA,2735,27.361,-14.014,19.088,0.1426,0.0,0.0
LYS,175,1HB,2736,28.676,-16.051,18.889,0.0362,0.0,0.0
LYS,175,2HB,2737,29.765,-14.699,19.084,0.0362,0.0,0.0
LYS,175,1HG,2738,30.034,-15.261,21.468,0.0103,0.0,0.0
LYS,175,2HG,2739,28.996,-16.673,21.225,0.0103,0.0,0.0
LYS,175,1HD,2740,30.56,-17.516,19.49,0.0621,0.0,0.0
LYS,175,2HD,2741,31.609,-16.115,19.768,0.0621,0.0,0.0
LYS,175,1HE,2742,31.892,-16.813,22.126,0.1135,0.0,0.0
LYS,175,2HE,2743,30.877,-18.231,21.819,0.1135,0.0,0.0
LYS,175,1HZ,2744,33.206,-18.76,21.668,0.34,0.0,0.0
LYS,175,2HZ,2745,32.492,-18.958,20.196,0.34,0.0,0.0
LYS,175,3HZ,2746,33.437,-17.637,20.482,0.34,0.0,0.0
GLU,176,N,2747,26.711,-15.235,21.988,-0.5163,0.0,0.0
GLU,176,CA,2748,25.75,-16.025,22.747,0.0397,0.0,0.0
GLU,176,C,2749,24.318,-15.656,22.372,0.5366,0.0,0.0
GLU,176,O,2750,23.399,-16.466,22.508,-0.5819,0.0,0.0
GLU,176,CB,2751,25.968,-15.81,24.243,0.056,0.0,0.0
GLU,176,CG,2752,27.273,-16.382,24.773,0.0136,0.0,0.0
GLU,176,CD,2753,27.336,-17.884,24.684,0.8054,0.0,0.0
GLU,176,OE1,2754,26.419,-18.527,25.134,-0.8188,0.0,0.0
GLU,176,OE2,2755,28.303,-18.388,24.164,-0.8188,0.0,0.0
GLU,176,H,2756,27.426,-14.732,22.494,0.2936,0.0,0.0
GLU,176,HA,2757,25.905,-17.079,22.515,0.1105,0.0,0.0
GLU,176,1HB,2758,25.953,-14.742,24.457,-0.0173,0.0,0.0
GLU,176,2HB,2759,25.15,-16.269,24.8,-0.0173,0.0,0.0
GLU,176,1HG,2760,28.099,-15.959,24.199,-0.0425,0.0,0.0
GLU,176,2HG,2761,27.393,-16.08,25.812,-0.0425,0.0,0.0
THR,177,N,2762,24.148,-14.429,21.895,-0.4157,0.0,0.0
THR,177,CA,2763,22.873,-13.89,21.469,-0.0389,0.0,0.0
THR,177,C,2764,22.897,-13.518,19.989,0.5973,0.0,0.0
THR,177,O,2765,22.012,-13.897,19.224,-0.5679,0.0,0.0
THR,177,CB,2766,22.508,-12.639,22.285,0.3654,0.0,0.0
THR,177,CG2,2767,21.195,-12.048,21.807,-0.2438,0.0,0.0
THR,177,OG1,2768,22.395,-12.992,23.663,-0.6761,0.0,0.0
THR,177,H,2769,24.958,-13.835,21.795,0.2719,0.0,0.0
THR,177,HA,2770,22.101,-14.643,21.632,0.1007,0.0,0.0
THR,177,HB,2771,23.299,-11.894,22.173,0.0043,0.0,0.0
THR,177,HG1,2772,23.23,-13.354,23.97,0.4102,0.0,0.0
THR,177,1HG2,2773,20.958,-11.164,22.398,0.0642,0.0,0.0
THR,177,2HG2,2774,21.283,-11.771,20.755,0.0642,0.0,0.0
THR,177,3HG2,2775,20.403,-12.785,21.922,0.0642,0.0,0.0
LEU,178,N,2776,23.907,-12.746,19.603,-0.4157,0.0,0.0
LEU,178,CA,2777,24.034,-12.236,18.242,-0.0518,0.0,0.0
LEU,178,C,2778,24.156,-13.303,17.162,0.5973,0.0,0.0
LEU,178,O,2779,23.702,-13.087,16.04,-0.5679,0.0,0.0
LEU,178,CB,2780,25.245,-11.312,18.142,-0.1102,0.0,0.0
LEU,178,CG,2781,25.101,-9.994,18.866,0.3531,0.0,0.0
LEU,178,CD1,2782,26.442,-9.252,18.829,-0.4121,0.0,0.0
LEU,178,CD2,2783,23.981,-9.206,18.171,-0.4121,0.0,0.0
LEU,178,H,2784,24.668,-12.594,20.246,0.2719,0.0,0.0
LEU,178,HA,2785,23.13,-11.672,18.016,0.0922,0.0,0.0
LEU,178,1HB,2786,26.113,-11.829,18.55,0.0457,0.0,0.0
LEU,178,2HB,2787,25.433,-11.104,17.093,0.0457,0.0,0.0
LEU,178,HG,2788,24.845,-10.168,19.913,-0.0361,0.0,0.0
LEU,178,1HD1,2789,26.368,-8.316,19.336,0.1,0.0,0.0
LEU,178,2HD1,2790,27.2,-9.861,19.32,0.1,0.0,0.0
LEU,178,3HD1,2791,26.733,-9.07,17.812,0.1,0.0,0.0
LEU,178,1HD2,2792,23.834,-8.258,18.646,0.1,0.0,0.0
LEU,178,2HD2,2793,24.247,-9.041,17.134,0.1,0.0,0.0
LEU,178,3HD2,2794,23.051,-9.772,18.222,0.1,0.0,0.0
GLN,179,N,2795,24.796,-14.425,17.47,-0.4157,0.0,0.0
GLN,179,CA,2796,24.979,-15.469,16.473,-0.0031,0.0,0.0
GLN,179,C,2797,24.17,-16.712,16.824,0.5973,0.0,0.0
GLN,179,O,2798,24.471,-17.807,16.346,-0.5679,0.0,0.0
GLN,179,CB,2799,26.459,-15.832,16.333,-0.0036,0.0,0.0
GLN,179,CG,2800,27.342,-14.671,15.835,-0.0645,0.0,0.0
GLN,179,CD,2801,28.809,-15.071,15.675,0.6951,0.0,0.0
GLN,179,NE2,2802,29.485,-14.459,14.712,-0.9407,0.0,0.0
GLN,179,OE1,2803,29.328,-15.92,16.409,-0.6086,0.0,0.0
GLN,179,H,2804,25.13,-14.592,18.408,0.2719,0.0,0.0
GLN,179,HA,2805,24.621,-15.103,15.512,0.085,0.0,0.0
GLN,179,1HB,2806,26.842,-16.163,17.298,0.0171,0.0,0.0
GLN,179,2HB,2807,26.567,-16.663,15.637,0.0171,0.0,0.0
GLN,179,1HG,2808,26.975,-14.338,14.865,0.0352,0.0,0.0
GLN,179,2HG,2809,27.291,-13.851,16.555,0.0352,0.0,0.0
GLN,179,1HE2,2810,30.45,-14.679,14.559,0.4251,0.0,0.0
GLN,179,2HE2,2811,29.032,-13.777,14.138,0.4251,0.0,0.0
