Residue,ResNum,Atom,AtomNum,X,Y,Z,Charge,Depth,InGroove
GLY,1,N,1,24.607,-16.573,9.329,-0.4157,20.984145681919003,0
GLY,1,CA,2,23.893,-15.558,8.561,-0.0252,20.446846920735723,0
GLY,1,C,3,24.617,-14.218,8.592,0.5973,18.95892676287347,0
GLY,1,O,4,25.609,-14.053,9.302,-0.5679,18.319185052834637,0
GLY,1,1H,5,24.1,-17.446,9.286,0.2719,21.972304954191763,0
GLY,1,2H,6,25.531,-16.701,8.941,0.2719,20.880738157450278,0
GLY,1,3H,7,24.684,-16.276,10.291,0.2719,20.548060881747453,0
GLY,1,1HA,8,23.789,-15.891,7.528,0.0698,21.01695299038374,0
GLY,1,2HA,9,22.889,-15.437,8.964,0.0698,20.66305884906685,0
SER,2,N,10,24.11,-13.268,7.811,-0.4157,18.497440633774175,0
SER,2,CA,11,24.688,-11.931,7.72,-0.0249,17.123574568412987,0
SER,2,C,12,24.436,-11.129,8.992,0.5973,16.203735803820056,0
SER,2,O,13,23.607,-11.511,9.82,-0.5679,16.75064121160739,0
SER,2,CB,14,24.104,-11.203,6.522,0.2117,17.143842801425823,0
SER,2,OG,15,22.742,-10.935,6.711,-0.6546,17.453706597740208,0
SER,2,H,16,23.292,-13.48,7.258,0.2719,19.175944018483158,0
SER,2,HA,17,25.77,-12.027,7.609,0.0843,16.833724335392926,0
SER,2,1HB,18,24.634,-10.276,6.361,0.0352,16.214897039451095,0
SER,2,2HB,19,24.237,-11.812,5.628,0.0352,17.925851165286407,0
SER,2,HG,20,22.687,-10.387,7.498,0.4275,16.72375896740921,0
HID,3,N,21,25.15,-10.011,9.137,-0.4157,14.886487664993377,0
HID,3,CA,22,24.995,-9.138,10.298,0.0188,13.961101389217113,0
HID,3,C,23,25.0,-7.673,9.894,0.5973,12.769343405202948,0
HID,3,O,24,25.649,-7.286,8.93,-0.5679,12.404937242888414,0
HID,3,CB,25,26.102,-9.381,11.33,-0.0462,13.546920904766514,0
HID,3,CG,26,26.078,-10.749,11.919,-0.0266,14.766376772925714,0
HID,3,CD2,27,26.828,-11.844,11.657,0.1292,15.553372045958394,0
HID,3,ND1,28,25.195,-11.113,12.913,-0.3811,15.43156900642316,0
HID,3,CE1,29,25.403,-12.378,13.238,0.2057,16.51824736465706,0
HID,3,NE2,30,26.387,-12.843,12.49,-0.5727,16.533295315816503,0
HID,3,H,31,25.82,-9.774,8.415,0.2719,14.593790802940818,0
HID,3,HA,32,24.032,-9.322,10.768,0.0881,14.419466494985173,0
HID,3,1HB,33,27.071,-9.229,10.869,0.0402,13.096876345144285,0
HID,3,2HB,34,26.009,-8.658,12.14,0.0402,12.873924343416036,0
HID,3,HD1,35,24.446,-10.546,13.283,0.3649,15.222252822759184,0
HID,3,HD2,36,27.644,-12.03,10.957,0.1147,15.488555290923683,0
HID,3,HE1,37,24.802,-12.859,14.009,0.1392,17.198844903074157,0
SER,4,N,38,24.379,-6.831,10.704,-0.4157,12.040517015477366,0
SER,4,CA,39,24.47,-5.406,10.399,-0.0249,10.821311796635378,0
SER,4,C,40,24.677,-4.514,11.611,0.5973,9.69157613600595,0
SER,4,O,41,24.117,-4.726,12.674,-0.5679,10.026454657554684,0
SER,4,CB,42,23.219,-4.958,9.674,0.2117,11.261061983667437,0
SER,4,OG,43,22.089,-5.095,10.49,-0.6546,11.700946030129357,0
SER,4,H,44,23.851,-7.182,11.499,0.2719,12.432143017195388,0
SER,4,HA,45,25.345,-5.253,9.771,0.0843,10.527527962442086,0
SER,4,1HB,46,23.331,-3.914,9.371,0.0352,10.500968526759806,0
SER,4,2HB,47,23.094,-5.552,8.77,0.0352,12.10321387070393,0
SER,4,HG,48,22.25,-4.542,11.259,0.4275,10.934902331525418,0
MET,5,N,49,25.36,-3.404,11.371,-0.4157,8.462602968354359,0
MET,5,CA,50,25.548,-2.341,12.345,-0.0237,7.284678029947516,0
MET,5,C,51,24.754,-1.119,11.95,0.5973,6.776749146899271,0
MET,5,O,52,24.938,-0.593,10.86,-0.5679,6.6171210507289375,0
MET,5,CB,53,27.028,-2.006,12.477,0.0342,6.350390302965638,1
MET,5,CG,54,27.313,-0.844,13.391,0.0018,5.1177327011089595,1
MET,5,SD,55,26.954,-1.194,15.091,-0.2737,5.5352757835540585,1
MET,5,CE,56,28.298,-2.25,15.477,-0.0536,6.016742058622757,1
MET,5,H,57,25.745,-3.274,10.447,0.2719,8.442242829959348,0
MET,5,HA,58,25.191,-2.689,13.312,0.088,7.660460168945468,0
MET,5,1HB,59,27.563,-2.863,12.853,0.0241,6.989032908779297,1
MET,5,2HB,60,27.438,-1.771,11.491,0.0241,6.205252774867436,1
MET,5,1HG,61,28.367,-0.57,13.312,0.044,4.571563080610395,1
MET,5,2HG,62,26.712,0.01,13.081,0.044,4.616207209387379,1
MET,5,1HE,63,28.217,-2.555,16.509,0.0684,6.1033077097587025,1
MET,5,2HE,64,28.271,-3.121,14.832,0.0684,7.040002414772313,1
MET,5,3HE,65,29.238,-1.715,15.325,0.0684,5.454142095692044,1
ARG,6,N,66,23.973,-0.572,12.874,-0.3479,6.355909140319739,0
ARG,6,CA,67,23.167,0.584,12.519,-0.2637,5.958239840758343,0
ARG,6,C,68,23.113,1.616,13.638,0.7341,4.981801079930832,0
ARG,6,O,69,22.91,1.283,14.801,-0.5894,5.327669753278633,0
ARG,6,CB,70,21.749,0.161,12.174,-0.0007,7.18211396456503,0
ARG,6,CG,71,21.623,-0.685,10.905,0.039,8.294401003086358,0
ARG,6,CD,72,20.221,-1.039,10.614,0.0486,9.468210020906803,0
ARG,6,NE,73,19.662,-1.943,11.614,-0.5295,10.180471796532812,0
ARG,6,CZ,74,18.353,-2.248,11.714,0.8076,11.240126600710509,0
ARG,6,NH1,75,17.491,-1.717,10.875,-0.8627,11.694690932213643,0
ARG,6,NH2,76,17.927,-3.079,12.652,-0.8627,11.979697700693455,0
ARG,6,H,77,23.795,-1.069,13.734,0.2747,6.7308553691191415,0
ARG,6,HA,78,23.62,1.063,11.659,0.156,5.65222204093222,0
ARG,6,1HB,79,21.331,-0.414,12.997,0.0327,7.726484905828782,0
ARG,6,2HB,80,21.135,1.045,12.046,0.0327,6.98906610356491,0
ARG,6,1HG,81,22.015,-0.127,10.056,0.0285,8.041416604056774,0
ARG,6,2HG,82,22.188,-1.609,11.021,0.0285,8.64574380837184,0
ARG,6,1HD,83,19.618,-0.139,10.599,0.0687,9.271761914544614,0
ARG,6,2HD,84,20.165,-1.531,9.645,0.0687,10.224197572425917,0
ARG,6,HE,85,20.3,-2.367,12.274,0.3456,9.990976228577466,0
ARG,6,1HH1,86,17.81,-1.082,10.156,0.4478,11.289177605122527,0
ARG,6,2HH1,87,16.51,-1.944,10.947,0.4478,12.548897879893675,0
ARG,6,1HH2,88,18.579,-3.499,13.309,0.4478,11.812357766339453,0
ARG,6,2HH2,89,16.945,-3.301,12.719,0.4478,12.813367707203286,0
TYR,7,N,90,23.131,2.883,13.263,-0.4157,4.0681912442755195,1
TYR,7,CA,91,23.017,3.955,14.233,-0.0014,3.476131758147266,1
TYR,7,C,92,21.923,4.909,13.823,0.5973,4.191795557991827,1
TYR,7,O,93,21.811,5.281,12.658,-0.5679,4.453846539790073,1
TYR,7,CB,94,24.328,4.718,14.408,-0.0152,1.9994506745603906,1
TYR,7,CG,95,25.456,3.893,14.992,-0.0011,1.739616337012274,1
TYR,7,CD1,96,26.293,3.159,14.17,-0.1906,1.8595779090965783,1
TYR,7,CD2,97,25.645,3.878,16.364,-0.1906,1.8596884147619979,1
TYR,7,CE1,98,27.315,2.414,14.725,-0.2341,2.09253076440945,1
TYR,7,CE2,99,26.666,3.134,16.915,-0.2341,1.859417381869925,1
TYR,7,CZ,100,27.496,2.406,16.104,0.3226,1.95051249675566,1
TYR,7,OH,101,28.513,1.665,16.657,-0.5579,2.048493348781,1
TYR,7,H,102,23.406,3.109,12.321,0.2719,4.005013483123372,1
TYR,7,HA,103,22.754,3.531,15.194,0.0876,3.9700704023984232,1
TYR,7,1HB,104,24.658,5.1,13.441,0.0295,1.581048386356343,1
TYR,7,2HB,105,24.164,5.573,15.06,0.0295,1.9511734930548825,1
TYR,7,HD1,106,26.146,3.17,13.101,0.1699,2.1787668530616116,1
TYR,7,HD2,107,24.984,4.457,17.012,0.1699,1.2000879134463427,1
TYR,7,HE1,108,27.974,1.835,14.083,0.1656,2.3501872265843,1
TYR,7,HE2,109,26.811,3.125,17.996,0.1656,1.3429672371282924,1
TYR,7,HH,110,28.5,1.768,17.611,0.3992,1.8953524738158862,1
PHE,8,N,111,21.179,5.393,14.811,-0.4157,4.611727008399349,1
PHE,8,CA,112,20.091,6.298,14.521,-0.0024,5.578005826458052,0
PHE,8,C,113,20.138,7.541,15.391,0.5973,5.3264054483300445,0
PHE,8,O,114,20.344,7.468,16.6,-0.5679,4.928370217424822,0
PHE,8,CB,115,18.759,5.593,14.716,-0.0343,6.816456630831006,0
PHE,8,CG,116,18.59,4.401,13.82,0.0118,7.541866214671273,0
PHE,8,CD1,117,19.014,3.153,14.239,-0.1256,7.465585241627075,0
PHE,8,CD2,118,18.014,4.523,12.568,-0.1256,8.235246808687643,0
PHE,8,CE1,119,18.866,2.049,13.426,-0.1704,8.046472394782697,0
PHE,8,CE2,120,17.863,3.421,11.755,-0.1704,8.765943645723487,0
PHE,8,CZ,121,18.289,2.185,12.185,-0.1072,8.677499639873226,0
PHE,8,H,122,21.28,5.015,15.744,0.2719,4.321733217124813,1
PHE,8,HA,123,20.185,6.636,13.493,0.0978,5.709658571228232,0
PHE,8,1HB,124,18.666,5.264,15.752,0.0295,6.722741776983553,0
PHE,8,2HB,125,17.945,6.29,14.521,0.0295,7.588046981931516,0
PHE,8,HD1,126,19.468,3.052,15.221,0.133,6.725331887721229,0
PHE,8,HD2,127,17.677,5.504,12.229,0.133,8.555954710025059,0
PHE,8,HE1,128,19.204,1.071,13.77,0.143,8.227692872245536,0
PHE,8,HE2,129,17.407,3.528,10.771,0.143,9.454023746532478,0
PHE,8,HZ,130,18.171,1.321,11.542,0.1297,9.302450698606256,0
PHE,9,N,131,20.043,8.698,14.754,-0.4157,5.928390675385691,0
PHE,9,CA,132,20.134,9.953,15.472,-0.0024,5.958356233056229,0
PHE,9,C,133,18.859,10.758,15.305,0.5973,7.305998220640352,0
PHE,9,O,134,18.367,10.936,14.198,-0.5679,7.22353528405586,0
PHE,9,CB,135,21.326,10.77,14.991,-0.0343,5.279819409790452,1
PHE,9,CG,136,22.668,10.16,15.249,0.0118,4.0877647926464675,1
PHE,9,CD1,137,23.124,9.098,14.481,-0.1256,3.2730508703654473,1
PHE,9,CD2,138,23.479,10.64,16.26,-0.1256,3.353302103896993,1
PHE,9,CE1,139,24.36,8.536,14.719,-0.1704,2.006651439587852,1
PHE,9,CE2,140,24.717,10.081,16.499,-0.1704,2.180983493747718,1
PHE,9,CZ,141,25.157,9.028,15.728,-0.1072,1.859592966215994,1
PHE,9,H,142,20.018,8.71,13.748,0.2719,5.914671757587227,0
PHE,9,HA,143,20.253,9.736,16.525,0.0978,5.57419572673942,0
PHE,9,1HB,144,21.242,10.926,13.942,0.0295,4.885480938454268,1
PHE,9,2HB,145,21.313,11.747,15.472,0.0295,5.027310811955036,1
PHE,9,HD1,146,22.493,8.708,13.679,0.133,3.5644817295085134,1
PHE,9,HD2,147,23.131,11.475,16.871,0.133,3.992938391711046,1
PHE,9,HE1,148,24.705,7.703,14.107,0.143,1.2001508238550707,1
PHE,9,HE2,149,25.344,10.47,17.297,0.143,1.9121443460157501,1
PHE,9,HZ,150,26.133,8.584,15.918,0.1297,1.1993285621546763,1
THR,10,N,151,18.404,11.372,16.39,-0.4157,7.877685827703463,0
THR,10,CA,152,17.251,12.257,16.331,-0.0389,8.625290082078397,0
THR,10,C,153,17.572,13.603,16.966,0.5973,8.457036182966231,0
THR,10,O,154,18.076,13.677,18.084,-0.5679,8.710914590328619,0
THR,10,CB,155,16.028,11.632,17.03,0.3654,10.118305292883784,0
THR,10,CG2,156,14.845,12.573,16.962,-0.2438,10.920545132913464,0
THR,10,OG1,157,15.688,10.395,16.391,-0.6761,10.123805411010231,0
THR,10,H,158,18.853,11.2,17.276,0.2719,7.30879983307793,0
THR,10,HA,159,17.002,12.441,15.287,0.1007,8.337221239717703,0
THR,10,HB,160,16.269,11.434,18.067,0.0043,9.820935902448403,0
THR,10,HG1,161,16.433,9.791,16.45,0.4102,9.254479888140665,0
THR,10,1HG2,162,13.989,12.119,17.459,0.0642,11.974992651354738,0
THR,10,2HG2,163,15.098,13.498,17.452,0.0642,10.80863895224556,0
THR,10,3HG2,164,14.597,12.769,15.918,0.0642,10.691547409051694,0
SER,11,N,165,17.315,14.679,16.238,-0.4157,8.238919467988504,0
SER,11,CA,166,17.622,16.005,16.738,-0.0249,8.38029933832915,0
SER,11,C,167,16.368,16.854,16.632,0.5973,9.553940757614107,0
SER,11,O,168,15.909,17.164,15.537,-0.5679,9.378662164722643,0
SER,11,CB,169,18.751,16.617,15.954,0.2117,7.190647397835608,0
SER,11,OG,170,19.009,17.913,16.383,-0.6546,7.7141295685255376,0
SER,11,H,171,17.06,14.576,15.271,0.2719,8.034049601539689,0
SER,11,HA,172,17.912,15.935,17.775,0.0843,8.76213432903194,0
SER,11,1HB,173,19.646,16.006,16.07,0.0352,6.400237495593426,0
SER,11,2HB,174,18.497,16.625,14.916,0.0352,6.916653381513346,0
SER,11,HG,175,19.733,18.232,15.842,0.4275,7.035435096708659,0
VAL,12,N,176,15.894,17.379,17.757,-0.4157,10.645625298684903,0
VAL,12,CA,177,14.647,18.143,17.713,-0.0875,11.700133247104496,0
VAL,12,C,178,14.812,19.538,18.273,0.5973,11.865797107653577,0
VAL,12,O,179,15.199,19.708,19.423,-0.5679,12.64244414660393,0
VAL,12,CB,180,13.54,17.408,18.492,0.2985,12.967340359534026,0
VAL,12,CG1,181,12.256,18.207,18.436,-0.3192,13.62027422631424,0
VAL,12,CG2,182,13.359,16.037,17.916,-0.3192,12.609315841868662,0
VAL,12,H,183,16.331,17.143,18.642,0.2719,10.745705840008837,0
VAL,12,HA,184,14.338,18.239,16.676,0.0969,11.006421307582222,0
VAL,12,HB,185,13.821,17.325,19.541,-0.0297,13.268996156454339,0
VAL,12,1HG1,186,11.477,17.683,18.988,0.0791,14.625962293127927,0
VAL,12,2HG1,187,12.418,19.18,18.878,0.0791,13.721845393386415,0
VAL,12,3HG1,188,11.948,18.325,17.395,0.0791,13.021209582830618,0
VAL,12,1HG2,189,12.58,15.512,18.462,0.0791,13.496184646039785,0
VAL,12,2HG2,190,13.076,16.118,16.876,0.0791,12.372418235737102,0
VAL,12,3HG2,191,14.285,15.492,17.997,0.0791,11.78347783975512,0
SER,13,N,192,14.516,20.557,17.468,-0.4157,11.273989755184276,0
SER,13,CA,193,14.74,21.893,17.98,-0.0249,11.56730677383461,0
SER,13,C,194,13.749,22.179,19.096,0.5973,13.06058631915122,0
SER,13,O,195,12.637,21.653,19.113,-0.5679,13.717268350513523,0
SER,13,CB,196,14.607,22.937,16.885,0.2117,10.855132150278045,0
SER,13,OG,197,13.299,23.076,16.476,-0.6546,11.42231543952451,0
SER,13,H,198,14.212,20.401,16.518,0.2719,10.675140561135482,0
SER,13,HA,199,15.753,21.96,18.362,0.0843,11.369536929884172,0
SER,13,1HB,200,14.975,23.895,17.253,0.0352,11.104926024066978,0
SER,13,2HB,201,15.219,22.656,16.036,0.0352,9.781190622822972,0
SER,13,HG,202,12.805,23.343,17.254,0.4275,12.355248075210795,0
ARG,14,N,203,14.151,23.034,20.018,-0.3479,13.687620903575612,0
ARG,14,CA,204,13.298,23.409,21.138,-0.2637,15.124254626261754,0
ARG,14,C,205,13.267,24.928,21.326,0.7341,15.569501019621665,0
ARG,14,O,206,13.889,25.443,22.253,-0.5894,15.696461671344913,0
ARG,14,CB,207,13.804,22.729,22.403,-0.0007,15.574513732377005,0
ARG,14,CG,208,13.759,21.205,22.372,0.039,15.661593916329204,0
ARG,14,CD,209,14.337,20.605,23.598,0.0486,15.783811833647787,0
ARG,14,NE,210,13.558,20.906,24.784,-0.5295,17.024012276781285,0
ARG,14,CZ,211,12.473,20.208,25.18,0.8076,18.209460782790906,0
ARG,14,NH1,212,12.06,19.18,24.473,-0.8627,18.07748549992504,0
ARG,14,NH2,213,11.826,20.555,26.275,-0.8627,19.295737379017158,0
ARG,14,H,214,15.071,23.446,19.946,0.2747,13.230705725697328,0
ARG,14,HA,215,12.284,23.068,20.937,0.156,15.475262453347925,0
ARG,14,1HB,216,14.839,23.027,22.588,0.0327,14.737813677747456,0
ARG,14,2HB,217,13.227,23.049,23.24,0.0327,16.468698673544303,0
ARG,14,1HG,218,12.726,20.873,22.287,0.0285,16.279130136466136,0
ARG,14,2HG,219,14.324,20.84,21.523,0.0285,14.806387439210148,0
ARG,14,1HD,220,14.375,19.528,23.489,0.0687,15.820520629865504,0
ARG,14,2HD,221,15.341,20.99,23.751,0.0687,14.964711590939533,0
ARG,14,HE,222,13.848,21.691,25.353,0.3456,17.036072375990894,0
ARG,14,1HH1,223,12.555,18.913,23.633,0.4478,17.132979046272133,0
ARG,14,2HH1,224,11.248,18.658,24.769,0.4478,18.496929204600423,0
ARG,14,1HH2,225,12.142,21.346,26.821,0.4478,19.289429747921528,0
ARG,14,2HH2,226,11.015,20.032,26.569,0.4478,20.062813985081952,0
PRO,15,N,227,12.43,25.656,20.563,-0.2548,15.584917965777041,0
PRO,15,CA,228,12.256,27.097,20.609,-0.0266,16.066570542589357,0
PRO,15,C,229,11.848,27.618,21.969,0.5896,17.38669502809548,0
PRO,15,O,230,10.871,27.153,22.554,-0.5748,18.43914865171383,0
PRO,15,CB,231,11.164,27.335,19.572,-0.007,15.97701117230629,0
PRO,15,CG,232,11.328,26.212,18.613,0.0189,14.994146724638918,0
PRO,15,CD,233,11.712,25.041,19.43,0.0192,14.996421773209768,0
PRO,15,HA,234,13.202,27.576,20.312,0.0641,15.251156054542228,0
PRO,15,1HB,235,10.175,27.343,20.054,0.0253,17.008759008228672,0
PRO,15,2HB,236,11.3,28.319,19.106,0.0253,15.550541791204576,0
PRO,15,1HG,237,10.392,26.059,18.08,0.0213,15.236188040320322,0
PRO,15,2HG,238,12.093,26.451,17.862,0.0213,14.042101196046126,0
PRO,15,1HD,239,10.817,24.502,19.775,0.0391,15.7099289941107,0
PRO,15,2HD,240,12.332,24.415,18.821,0.0391,14.010727782667109,0
GLY,16,N,241,12.6,28.591,22.465,-0.4157,17.388560866270677,0
GLY,16,CA,242,12.308,29.208,23.75,-0.0252,18.567737718957577,0
GLY,16,C,243,12.681,28.331,24.943,0.5973,18.67847244824908,0
GLY,16,O,244,12.469,28.726,26.09,-0.5679,19.558734953979002,0
GLY,16,H,245,13.397,28.917,21.937,0.2719,16.53647477547739,0
GLY,16,1HA,246,12.848,30.152,23.825,0.0698,18.397656182242347,0
GLY,16,2HA,247,11.243,29.437,23.803,0.0698,19.30817469363689,0
ARG,17,N,248,13.245,27.152,24.682,-0.3479,17.75245473167021,0
ARG,17,CA,249,13.564,26.211,25.744,-0.2637,17.842708566806778,0
ARG,17,C,250,15.033,25.803,25.768,0.7341,16.61838512010117,0
ARG,17,O,251,15.394,24.818,26.413,-0.5894,16.58399526652127,0
ARG,17,CB,252,12.703,24.974,25.594,-0.0007,18.256509113190287,0
ARG,17,CG,253,11.219,25.197,25.825,0.039,19.65334711951122,0
ARG,17,CD,254,10.428,23.993,25.488,0.0486,20.041743162709174,0
ARG,17,NE,255,9.02,24.155,25.823,-0.5295,21.43655422403517,0
ARG,17,CZ,256,8.116,24.799,25.057,0.8076,21.45232735625671,0
ARG,17,NH1,257,8.485,25.337,23.916,-0.8627,20.442434762033606,0
ARG,17,NH2,258,6.859,24.891,25.455,-0.8627,22.55513249794822,0
ARG,17,H,259,13.411,26.87,23.722,0.2747,17.07443366557146,0
ARG,17,HA,260,13.341,26.686,26.7,0.156,18.669460329639953,0
ARG,17,1HB,261,12.824,24.584,24.615,0.0327,17.594125695811087,0
ARG,17,2HB,262,13.035,24.209,26.296,0.0327,18.292500430504298,0
ARG,17,1HG,263,11.047,25.438,26.874,0.0285,20.38706876919779,0
ARG,17,2HG,264,10.874,26.022,25.202,0.0285,19.76513551686403,0
ARG,17,1HD,265,10.504,23.798,24.417,0.0687,19.40930725193457,0
ARG,17,2HD,266,10.812,23.142,26.039,0.0687,19.945130007096967,0
ARG,17,HE,267,8.696,23.756,26.695,0.3456,22.125021559311527,0
ARG,17,1HH1,268,9.446,25.267,23.611,0.4478,19.60752194949683,0
ARG,17,2HH1,269,7.807,25.82,23.343,0.4478,20.546599353664345,0
ARG,17,1HH2,270,6.575,24.477,26.333,0.4478,23.344833389853093,0
ARG,17,2HH2,271,6.183,25.373,24.882,0.4478,22.648309848639926,0
GLY,18,N,272,15.875,26.55,25.069,-0.4157,15.718672272173626,0
GLY,18,CA,273,17.302,26.255,25.037,-0.0252,14.561017340831647,0
GLY,18,C,274,17.7,25.288,23.929,0.5973,13.34824344249085,0
GLY,18,O,275,17.079,25.248,22.868,-0.5679,13.21683505987723,0
GLY,18,H,276,15.524,27.341,24.547,0.2719,15.907261926554174,0
GLY,18,1HA,277,17.856,27.184,24.905,0.0698,14.348187167722616,0
GLY,18,2HA,278,17.601,25.829,25.994,0.0698,14.885915356470356,0
GLU,19,N,279,18.779,24.548,24.172,-0.5163,12.56891916594263,0
GLU,19,CA,280,19.372,23.688,23.158,0.0397,11.348423943438137,0
GLU,19,C,281,18.436,22.528,22.76,0.5366,11.772146193451727,0
GLU,19,O,282,17.683,22.043,23.605,-0.5819,12.89402439116663,0
GLU,19,CB,283,20.708,23.115,23.638,0.056,10.673222849730069,0
GLU,19,CG,284,21.816,24.148,23.769,0.0136,10.193683681574583,0
GLU,19,CD,285,23.131,23.549,24.195,0.8054,9.559187726998564,0
GLU,19,OE1,286,23.173,22.368,24.438,-0.8188,9.576136694930788,0
GLU,19,OE2,287,24.094,24.276,24.274,-0.8188,9.231537737560302,0
GLU,19,H,288,19.219,24.61,25.08,0.2936,12.90703935842763,0
GLU,19,HA,289,19.519,24.31,22.298,0.1105,10.771367090578613,0
GLU,19,1HB,290,20.572,22.643,24.611,-0.0173,11.418312878880139,0
GLU,19,2HB,291,21.045,22.344,22.945,-0.0173,9.880732412124113,0
GLU,19,1HG,292,21.95,24.643,22.807,-0.0425,9.46276418389468,0
GLU,19,2HG,293,21.513,24.899,24.497,-0.0425,11.083424245241178,0
PRO,20,N,294,18.464,22.074,21.485,-0.2548,11.04454159302232,0
PRO,20,CA,295,17.714,20.945,20.926,-0.0266,11.52983265273178,0
PRO,20,C,296,17.929,19.636,21.681,0.5896,11.867246395015147,0
PRO,20,O,297,18.893,19.486,22.433,-0.5748,11.462568865660087,0
PRO,20,CB,298,18.258,20.846,19.498,-0.007,10.39566015219813,0
PRO,20,CG,299,18.762,22.208,19.179,0.0189,9.750702692626822,0
PRO,20,CD,300,19.329,22.74,20.455,0.0192,9.767902026535685,0
PRO,20,HA,301,16.646,21.199,20.938,0.0641,12.454480117612297,0
PRO,20,1HB,302,19.03,20.104,19.45,0.0253,9.782389585372277,0
PRO,20,2HB,303,17.476,20.529,18.816,0.0253,10.884817821167244,0
PRO,20,1HG,304,19.516,22.159,18.387,0.0213,8.764935025429455,0
PRO,20,2HG,305,17.944,22.836,18.799,0.0213,10.3967119321447,0
PRO,20,1HD,306,20.384,22.441,20.552,0.0391,8.911926671601377,0
PRO,20,2HD,307,19.215,23.82,20.418,0.0391,9.926611758299,0
ARG,21,N,308,16.984,18.71,21.519,-0.3479,12.721250135108576,0
ARG,21,CA,309,17.081,17.374,22.089,-0.2637,12.64832894101035,0
ARG,21,C,310,17.935,16.501,21.203,0.7341,11.259816073098177,0
ARG,21,O,311,17.743,16.487,19.995,-0.5894,10.531655662810099,0
ARG,21,CB,312,15.715,16.735,22.261,-0.0007,13.251662914517558,0
ARG,21,CG,313,15.731,15.41,23.005,0.039,12.68853675567045,0
ARG,21,CD,314,14.368,14.903,23.252,0.0486,13.61432018133847,0
ARG,21,NE,315,13.71,14.517,22.01,-0.5295,13.668625607572986,0
ARG,21,CZ,316,12.412,14.19,21.901,0.8076,14.667442790070803,0
ARG,21,NH1,317,11.639,14.203,22.965,-0.8627,15.612119971355588,0
ARG,21,NH2,318,11.91,13.854,20.727,-0.8627,14.81681227525003,0
ARG,21,H,319,16.239,18.91,20.869,0.2747,12.78528568315937,0
ARG,21,HA,320,17.546,17.446,23.072,0.156,12.67259677414223,0
ARG,21,1HB,321,15.063,17.409,22.802,0.0327,14.2916752342054,0
ARG,21,2HB,322,15.27,16.563,21.282,0.0327,13.131470633558147,0
ARG,21,1HG,323,16.27,14.669,22.417,0.0285,11.690463250017086,0
ARG,21,2HG,324,16.228,15.54,23.97,0.0285,12.72360786098031,0
ARG,21,1HD,325,14.418,14.03,23.902,0.0687,13.41685600280483,0
ARG,21,2HD,326,13.772,15.68,23.732,0.0687,14.624574968182836,0
ARG,21,HE,327,14.271,14.495,21.169,0.3456,13.00246876558448,0
ARG,21,1HH1,328,12.021,14.46,23.864,0.4478,15.624040578544335,0
ARG,21,2HH1,329,10.663,13.957,22.883,0.4478,16.392746749706102,0
ARG,21,1HH2,330,12.504,13.844,19.909,0.4478,14.18581072762498,0
ARG,21,2HH2,331,10.936,13.608,20.647,0.4478,15.6358358267155,0
PHE,22,N,332,18.841,15.724,21.779,-0.4157,10.24090645402056,0
PHE,22,CA,333,19.623,14.84,20.929,-0.0024,8.887233596569857,0
PHE,22,C,334,19.605,13.4,21.438,0.5973,8.100616766641908,0
PHE,22,O,335,19.923,13.117,22.592,-0.5679,8.141688338422199,0
PHE,22,CB,336,21.077,15.308,20.813,-0.0343,8.315219119181405,0
PHE,22,CG,337,21.239,16.699,20.262,0.0118,8.853101490438254,0
PHE,22,CD1,338,21.303,17.779,21.129,-0.1256,9.283541188576695,0
PHE,22,CD2,339,21.326,16.949,18.9,-0.1256,7.780151476674474,0
PHE,22,CE1,340,21.451,19.06,20.658,-0.1704,8.537250318457344,0
PHE,22,CE2,341,21.476,18.241,18.434,-0.1704,7.634392248240853,0
PHE,22,CZ,342,21.537,19.289,19.316,-0.1072,7.6810956249743425,0
PHE,22,H,343,18.978,15.754,22.777,0.2719,10.491362447270612,0
PHE,22,HA,344,19.174,14.826,19.94,0.0978,9.02896655215867,0
PHE,22,1HB,345,21.544,15.283,21.782,0.0295,8.322855159138598,0
PHE,22,2HB,346,21.628,14.625,20.168,0.0295,7.332025777368762,0
PHE,22,HD1,347,21.237,17.602,22.202,0.133,10.069086701384592,0
PHE,22,HD2,348,21.278,16.117,18.196,0.133,6.9489755360052925,0
PHE,22,HE1,349,21.499,19.895,21.358,0.143,8.691734176791188,0
PHE,22,HE2,350,21.544,18.433,17.372,0.143,6.966026485737761,0
PHE,22,HZ,351,21.651,20.296,18.948,0.1297,7.26023381166199,0
ILE,23,N,352,19.219,12.481,20.562,-0.4157,7.676882505288197,0
ILE,23,CA,353,19.149,11.07,20.912,-0.0597,7.223385909668678,0
ILE,23,C,354,19.949,10.224,19.931,0.5973,6.009326501364356,0
ILE,23,O,355,19.746,10.309,18.727,-0.5679,6.154060366944738,0
ILE,23,CB,356,17.689,10.575,20.951,0.1303,8.443405355660712,0
ILE,23,CG1,357,16.886,11.385,21.985,-0.043,9.681797095580963,0
ILE,23,CG2,358,17.66,9.084,21.271,-0.3204,8.337958143334612,0
ILE,23,CD1,359,15.399,11.138,21.932,-0.066,10.973465633062329,0
ILE,23,H,360,18.937,12.773,19.637,0.2719,7.930045523198462,0
ILE,23,HA,361,19.577,10.939,21.897,0.0869,7.139395912820634,0
ILE,23,HB,362,17.223,10.744,19.988,0.0187,8.759340614452665,0
ILE,23,1HG1,363,17.247,11.132,22.982,0.0236,9.654854323085356,0
ILE,23,2HG1,364,17.063,12.442,21.822,0.0236,9.831941008773395,0
ILE,23,1HG2,365,16.628,8.737,21.299,0.0882,9.328712397753506,0
ILE,23,2HG2,366,18.203,8.534,20.508,0.0882,7.614674517009902,0
ILE,23,3HG2,367,18.128,8.912,22.243,0.0882,8.219067222014916,0
ILE,23,1HD1,368,14.903,11.744,22.691,0.0186,11.804297564870176,0
ILE,23,2HD1,369,15.021,11.409,20.945,0.0186,11.174521287285643,0
ILE,23,3HD1,370,15.199,10.085,22.122,0.0186,11.024100371458887,0
ALA,24,N,371,20.809,9.35,20.433,-0.4157,5.119898534150846,0
ALA,24,CA,372,21.595,8.514,19.537,0.0337,4.105564638390193,1
ALA,24,C,373,21.581,7.072,20.004,0.5973,4.451013030760526,1
ALA,24,O,374,21.914,6.785,21.148,-0.5679,4.2631435584554245,1
ALA,24,CB,375,23.015,9.025,19.437,-0.1825,2.7163376078830836,1
ALA,24,H,376,20.991,9.345,21.427,0.2719,5.327496410134876,0
ALA,24,HA,377,21.149,8.549,18.552,0.0823,4.529336044057669,1
ALA,24,1HB,378,23.582,8.387,18.761,0.0603,2.099863566996673,1
ALA,24,2HB,379,23.006,10.043,19.056,0.0603,3.0119432265565687,1
ALA,24,3HB,380,23.469,9.011,20.398,0.0603,2.646759717088046,1
VAL,25,N,381,21.251,6.143,19.108,-0.4157,4.38701424661466,1
VAL,25,CA,382,21.163,4.756,19.546,-0.0875,4.509224545307098,1
VAL,25,C,383,21.867,3.814,18.578,0.5973,3.9567770975883882,1
VAL,25,O,384,21.728,3.93,17.362,-0.5679,3.8966500997651794,1
VAL,25,CB,385,19.697,4.296,19.693,0.2985,6.02940701893644,0
VAL,25,CG1,386,19.664,2.859,20.191,-0.3192,6.492035197070329,0
VAL,25,CG2,387,18.96,5.207,20.623,-0.3192,6.810771542196963,0
VAL,25,H,388,20.872,6.422,18.213,0.2719,4.543529685167689,1
VAL,25,HA,389,21.655,4.672,20.509,0.0969,4.203286928107572,1
VAL,25,HB,390,19.207,4.313,18.718,-0.0297,6.312141158117425,0
VAL,25,1HG1,391,18.633,2.537,20.295,0.0791,7.573709395005859,0
VAL,25,2HG1,392,20.17,2.211,19.492,0.0791,6.251891713713537,0
VAL,25,3HG1,393,20.162,2.8,21.159,0.0791,6.276751070418518,0
VAL,25,1HG2,394,17.93,4.871,20.716,0.0791,7.848162969765601,0
VAL,25,2HG2,395,19.44,5.182,21.581,0.0791,6.608199149541422,0
VAL,25,3HG2,396,18.973,6.221,20.235,0.0791,6.805189931221613,0
GLY,26,N,397,22.656,2.89,19.116,-0.4157,3.7975335416556906,1
GLY,26,CA,398,23.391,1.964,18.269,-0.0252,3.961472705951665,1
GLY,26,C,399,22.799,0.575,18.379,0.5973,5.421175610511063,0
GLY,26,O,400,22.603,0.083,19.487,-0.5679,5.9810061026553045,0
GLY,26,H,401,22.843,2.917,20.107,0.2719,3.720454004553745,1
GLY,26,1HA,402,23.358,2.302,17.236,0.0698,3.717842116066792,1
GLY,26,2HA,403,24.437,1.949,18.562,0.0698,3.4017912928338205,1
TYR,27,N,404,22.805,-0.144,17.25,-0.4157,6.092300468624312,0
TYR,27,CA,405,22.304,-1.507,17.132,-0.0014,7.5214446085841775,0
TYR,27,C,406,23.216,-2.478,16.38,0.5973,8.136232727743229,0
TYR,27,O,407,23.866,-2.119,15.404,-0.5679,7.541536249332758,0
TYR,27,CB,408,20.919,-1.539,16.461,-0.0152,8.329096769758412,0
TYR,27,CG,409,19.798,-0.787,17.118,-0.0011,8.355630137817256,0
TYR,27,CD1,410,19.606,0.549,16.814,-0.1906,7.5702762829371,0
TYR,27,CD2,411,18.966,-1.422,18.016,-0.1906,9.3793602127224,0
TYR,27,CE1,412,18.582,1.248,17.41,-0.2341,7.942334543445018,0
TYR,27,CE2,413,17.94,-0.723,18.613,-0.2341,9.689603810270055,0
TYR,27,CZ,414,17.746,0.604,18.313,0.3226,9.02667341826434,0
TYR,27,OH,415,16.721,1.301,18.911,-0.5579,9.64182726458009,0
TYR,27,H,416,23.053,0.324,16.397,0.2719,5.70588310430559,0
TYR,27,HA,417,22.231,-1.916,18.137,0.0876,7.831821563340165,0
TYR,27,1HB,418,21.005,-1.136,15.45,0.0295,8.165439669729977,0
TYR,27,2HB,419,20.585,-2.576,16.383,0.0295,9.383520554674561,0
TYR,27,HD1,420,20.267,1.045,16.103,0.1699,6.862467559121864,0
TYR,27,HD2,421,19.119,-2.472,18.254,0.1699,10.075912018274078,0
TYR,27,HE1,422,18.429,2.299,17.172,0.1656,7.579670309452781,0
TYR,27,HE2,423,17.281,-1.222,19.324,0.1656,10.560674126209939,0
TYR,27,HH,424,16.725,2.209,18.595,0.3992,9.237637414404182,0
VAL,28,N,425,23.132,-3.747,16.741,-0.4157,9.12975799241141,0
VAL,28,CA,426,23.631,-4.811,15.875,-0.0875,10.08722647708477,0
VAL,28,C,427,22.478,-5.755,15.665,0.5973,11.421124463029022,0
VAL,28,O,428,21.917,-6.272,16.628,-0.5679,11.881091784848733,0
VAL,28,CB,429,24.815,-5.617,16.406,0.2985,10.154090111871175,0
VAL,28,CG1,430,25.152,-6.708,15.444,-0.3192,11.11330796837737,0
VAL,28,CG2,431,25.997,-4.679,16.629,-0.3192,8.786477166646483,0
VAL,28,H,432,22.562,-3.987,17.539,0.2719,9.431038808105924,0
VAL,28,HA,433,23.998,-4.367,14.962,0.0969,9.509963669751846,0
VAL,28,HB,434,24.553,-6.07,17.309,-0.0297,10.638750490541641,0
VAL,28,1HG1,435,25.997,-7.28,15.828,0.0791,11.292953245276456,0
VAL,28,2HG1,436,24.295,-7.365,15.323,0.0791,12.07296835910705,0
VAL,28,3HG1,437,25.409,-6.272,14.496,0.0791,10.820313257942212,0
VAL,28,1HG2,438,26.847,-5.245,17.009,0.0791,9.006494601119794,0
VAL,28,2HG2,439,26.257,-4.215,15.685,0.0791,8.387194346144602,0
VAL,28,3HG2,440,25.731,-3.91,17.348,0.0791,8.17926359765963,0
ASP,29,N,441,22.071,-5.872,14.408,-0.5163,11.67973368703242,0
ASP,29,CA,442,20.891,-6.618,14.029,0.0381,12.918878511697525,0
ASP,29,C,443,19.701,-6.011,14.789,0.5366,13.043709173390825,0
ASP,29,O,444,19.416,-4.821,14.636,-0.5819,12.204524611798691,0
ASP,29,CB,445,21.064,-8.105,14.364,-0.0303,14.126724496499532,0
ASP,29,CG,446,22.257,-8.684,13.598,0.7994,14.212647993952428,0
ASP,29,OD1,447,22.445,-8.281,12.469,-0.8014,13.91350599238021,0
ASP,29,OD2,448,22.958,-9.512,14.141,-0.8014,14.710828970523723,0
ASP,29,H,449,22.599,-5.401,13.688,0.2936,11.07065481351487,0
ASP,29,HA,450,20.736,-6.526,12.953,0.088,13.026727946802296,0
ASP,29,1HB,451,21.218,-8.245,15.428,-0.0122,14.183904751513246,0
ASP,29,2HB,452,20.155,-8.651,14.105,-0.0122,15.043158877044407,0
ASP,30,N,453,19.0,-6.805,15.587,-0.5163,13.911128926151177,0
ASP,30,CA,454,17.843,-6.288,16.323,0.0381,13.963782367252794,0
ASP,30,C,455,18.132,-6.082,17.811,0.5366,13.555183325945833,0
ASP,30,O,456,17.204,-5.948,18.611,-0.5819,14.006987791813057,0
ASP,30,CB,457,16.644,-7.231,16.173,-0.0303,15.425060259201585,0
ASP,30,CG,458,16.126,-7.271,14.749,0.7994,15.957653210920459,0
ASP,30,OD1,459,16.047,-6.225,14.147,-0.8014,15.306042368946976,0
ASP,30,OD2,460,15.813,-8.331,14.267,-0.8014,17.073174777996037,0
ASP,30,H,461,19.258,-7.777,15.683,0.2936,14.627598914380993,0
ASP,30,HA,462,17.585,-5.312,15.916,0.088,13.360797393868376,0
ASP,30,1HB,463,16.929,-8.24,16.475,-0.0122,16.07957990744783,0
ASP,30,2HB,464,15.846,-6.91,16.832,-0.0122,15.592583301044122,0
THR,31,N,465,19.408,-6.102,18.182,-0.4157,12.841423090919479,0
THR,31,CA,466,19.838,-5.907,19.564,-0.0389,12.403859963737094,0
THR,31,C,467,20.401,-4.514,19.821,0.5973,10.967758613317493,0
THR,31,O,468,21.173,-3.997,19.023,-0.5679,10.06588873373832,0
THR,31,CB,469,20.888,-6.966,19.955,0.3654,12.74606833498079,0
THR,31,CG2,470,21.392,-6.728,21.368,-0.2438,12.474031064575719,0
THR,31,OG1,471,20.304,-8.273,19.876,-0.6761,14.164527877765641,0
THR,31,H,472,20.123,-6.172,17.474,0.2719,12.553560530781695,0
THR,31,HA,473,18.966,-6.013,20.209,0.1007,13.057601808908098,0
THR,31,HB,474,21.724,-6.913,19.265,0.0043,12.281376347950582,0
THR,31,HG1,475,20.96,-8.931,20.117,0.4102,14.465376904871855,0
THR,31,1HG2,476,22.12,-7.482,21.607,0.0642,12.876547130345154,0
THR,31,2HG2,477,21.849,-5.743,21.436,0.0642,11.42330184316251,0
THR,31,3HG2,478,20.561,-6.786,22.067,0.0642,13.067726236801873,0
GLN,32,N,479,19.893,-3.845,20.86,-0.4157,10.856756559857091,0
GLN,32,CA,480,20.361,-2.498,21.198,-0.0031,9.552075690654885,0
GLN,32,C,481,21.628,-2.568,22.046,0.5973,9.145058720423833,0
GLN,32,O,482,21.692,-3.286,23.043,-0.5679,9.99467108013065,0
GLN,32,CB,483,19.273,-1.724,21.941,-0.0036,9.794178934448768,0
GLN,32,CG,484,19.615,-0.27,22.212,-0.0645,8.66495920359698,0
GLN,32,CD,485,18.453,0.481,22.85,0.6951,9.320031920546196,0
GLN,32,NE2,486,18.733,1.643,23.422,-0.9407,8.810204254158924,0
GLN,32,OE1,487,17.311,0.015,22.827,-0.6086,10.443388051777069,0
GLN,32,H,488,19.202,-4.29,21.448,0.2719,11.694089832047638,0
GLN,32,HA,489,20.583,-1.962,20.277,0.085,8.848231970286495,0
GLN,32,1HB,490,18.352,-1.747,21.367,0.0171,10.301192600859377,0
GLN,32,2HB,491,19.074,-2.205,22.898,0.0171,10.554758831920319,0
GLN,32,1HG,492,20.465,-0.225,22.888,0.0352,8.334813915139318,0
GLN,32,2HG,493,19.863,0.213,21.269,0.0352,7.903212384847063,0
GLN,32,1HE2,494,18.006,2.176,23.857,0.4251,9.403666093604132,0
GLN,32,2HE2,495,19.671,1.988,23.422,0.4251,7.948875769566411,0
PHE,33,N,496,22.615,-1.776,21.645,-0.4157,7.846925321423673,0
PHE,33,CA,497,23.934,-1.646,22.256,-0.0024,7.303156783199988,0
PHE,33,C,498,24.179,-0.405,23.068,0.5973,6.594329078837363,0
PHE,33,O,499,24.596,-0.482,24.215,-0.5679,7.090318681131336,0
PHE,33,CB,500,24.963,-1.719,21.129,-0.0343,6.5409707230655,0
PHE,33,CG,501,25.101,-3.029,20.639,0.0118,7.53208483754664,0
PHE,33,CD1,502,24.084,-3.638,20.051,-0.1256,8.381002923278336,0
PHE,33,CD2,503,26.291,-3.678,20.77,-0.1256,7.764119782692691,0
PHE,33,CE1,504,24.227,-4.873,19.595,-0.1704,9.454391572174277,0
PHE,33,CE2,505,26.432,-4.903,20.315,-0.1704,8.867804858024336,0
PHE,33,CZ,506,25.414,-5.508,19.73,-0.1072,9.677307115101803,0
PHE,33,H,507,22.452,-1.222,20.822,0.2719,7.304702800251355,0
PHE,33,HA,508,24.055,-2.485,22.941,0.0978,8.199791338808566,0
PHE,33,1HB,509,24.668,-1.066,20.316,0.0295,5.861477885311861,0
PHE,33,2HB,510,25.925,-1.371,21.477,0.0295,5.912634438217874,0
PHE,33,HD1,511,23.155,-3.119,19.954,0.133,8.297193561680961,0
PHE,33,HD2,512,27.128,-3.181,21.252,0.133,7.209843410227437,0
PHE,33,HE1,513,23.396,-5.371,19.114,0.143,10.191791501007073,0
PHE,33,HE2,514,27.367,-5.418,20.416,0.143,9.24866866094791,0
PHE,33,HZ,515,25.535,-6.5,19.366,0.1297,10.602230331397257,0
VAL,34,N,516,24.03,0.755,22.464,-0.4157,5.542928558081909,0
VAL,34,CA,517,24.403,1.942,23.221,-0.0875,5.000422582142435,0
VAL,34,C,518,23.384,3.061,23.081,0.5973,4.91289863522544,1
VAL,34,O,519,22.695,3.167,22.072,-0.5679,4.54411476527607,1
VAL,34,CB,520,25.78,2.476,22.775,0.2985,3.755888576622049,1
VAL,34,CG1,521,26.887,1.445,23.045,-0.3192,4.18999212409761,1
VAL,34,CG2,522,25.711,2.83,21.296,-0.3192,2.63418848983895,1
VAL,34,H,523,23.694,0.792,21.503,0.2719,5.326892152090185,0
VAL,34,HA,524,24.433,1.677,24.274,0.0969,5.846811438724532,0
VAL,34,HB,525,26.022,3.333,23.338,-0.0297,3.7353598220251847,1
VAL,34,1HG1,526,27.848,1.847,22.722,0.0791,3.481158715140693,1
VAL,34,2HG1,527,26.927,1.226,24.115,0.0791,5.0599811264470125,0
VAL,34,3HG1,528,26.686,0.537,22.504,0.0791,4.584394616522449,0
VAL,34,1HG2,529,26.677,3.211,20.967,0.0791,1.7730360966432694,1
VAL,34,2HG2,530,25.456,1.941,20.724,0.0791,3.18828574629063,1
VAL,34,3HG2,531,24.948,3.596,21.14,0.0791,2.561129633579682,1
ARG,35,N,532,23.345,3.951,24.066,-0.3479,5.315803043755476,0
ARG,35,CA,533,22.404,5.059,23.994,-0.2637,5.486217184909834,0
ARG,35,C,534,22.896,6.36,24.624,0.7341,5.588623623039932,0
ARG,35,O,535,23.628,6.378,25.61,-0.5894,6.102667449566622,0
ARG,35,CB,536,21.083,4.695,24.659,-0.0007,6.924964765253322,0
ARG,35,CG,537,20.024,5.789,24.559,0.039,7.533613608355554,0
ARG,35,CD,538,18.714,5.39,25.113,0.0486,8.93564664699763,0
ARG,35,NE,539,17.794,6.509,25.055,-0.5295,9.655396936428868,0
ARG,35,CZ,540,16.878,6.719,24.086,0.8076,10.0116632484318,0
ARG,35,NH1,541,16.761,5.878,23.088,-0.8627,9.67681796873332,0
ARG,35,NH2,542,16.098,7.781,24.15,-0.8627,10.798737565104544,0
ARG,35,H,543,23.909,3.801,24.891,0.2747,5.807842714812443,0
ARG,35,HA,544,22.242,5.284,22.947,0.156,4.849312219273985,1
ARG,35,1HB,545,20.682,3.791,24.206,0.0327,7.12573968090331,0
ARG,35,2HB,546,21.256,4.483,25.709,0.0327,7.60934701534895,0
ARG,35,1HG,547,20.354,6.669,25.108,0.0285,7.623724614648669,0
ARG,35,2HG,548,19.866,6.054,23.53,0.0285,7.08293597316819,0
ARG,35,1HD,549,18.305,4.561,24.536,0.0687,9.039941758661945,0
ARG,35,2HD,550,18.827,5.079,26.148,0.0687,9.512167260934804,0
ARG,35,HE,551,17.847,7.184,25.804,0.3456,10.02747550483171,0
ARG,35,1HH1,552,17.359,5.064,23.041,0.4478,9.090418087194887,0
ARG,35,2HH1,553,16.073,6.042,22.368,0.4478,10.081017706561177,0
ARG,35,1HH2,554,16.197,8.424,24.926,0.4478,11.107245248035175,0
ARG,35,2HH2,555,15.409,7.95,23.433,0.4478,11.201935591673431,0
PHE,36,N,556,22.626,7.453,23.925,-0.4157,5.224181658403543,0
PHE,36,CA,557,23.018,8.777,24.359,-0.0024,5.574095980515588,0
PHE,36,C,558,21.855,9.751,24.341,0.5973,6.521859320776555,0
PHE,36,O,559,21.147,9.889,23.349,-0.5679,6.418467885718524,0
PHE,36,CB,560,24.134,9.327,23.494,-0.0343,4.445413928983443,1
PHE,36,CG,561,24.604,10.678,23.879,0.0118,5.1717911790790625,0
PHE,36,CD1,562,25.453,10.848,24.943,-0.1256,5.95039738168805,0
PHE,36,CD2,563,24.185,11.793,23.165,-0.1256,5.446558362856307,0
PHE,36,CE1,564,25.89,12.105,25.301,-0.1704,6.7771837071161025,0
PHE,36,CE2,565,24.617,13.053,23.516,-0.1704,6.389590988474927,0
PHE,36,CZ,566,25.473,13.212,24.589,-0.1072,7.017468631921342,0
PHE,36,H,567,22.157,7.36,23.038,0.2719,4.9425371015299415,0
PHE,36,HA,568,23.36,8.718,25.393,0.0978,6.267556700980059,0
PHE,36,1HB,569,24.972,8.665,23.534,0.0295,3.96244634033068,1
PHE,36,2HB,570,23.804,9.371,22.485,0.0295,3.8786438351568218,1
PHE,36,HD1,571,25.777,9.98,25.496,0.133,5.945616032002065,0
PHE,36,HD2,572,23.508,11.661,22.319,0.133,5.013033712234539,0
PHE,36,HE1,573,26.558,12.224,26.14,0.143,7.242495771486513,0
PHE,36,HE2,574,24.285,13.924,22.95,0.143,6.775580270353234,0
PHE,36,HZ,575,25.817,14.205,24.873,0.1297,7.805900396494949,0
ASP,37,N,576,21.644,10.4,25.475,-0.5163,7.672529895673269,0
ASP,37,CA,577,20.588,11.386,25.641,0.0381,8.810556111846742,0
ASP,37,C,578,21.185,12.703,26.102,0.5366,9.36154949781285,0
ASP,37,O,579,21.56,12.853,27.26,-0.5819,10.096919233112644,0
ASP,37,CB,580,19.515,10.929,26.644,-0.0303,10.008203235346492,0
ASP,37,CG,581,18.629,9.784,26.184,0.7994,10.033208908420079,0
ASP,37,OD1,582,17.852,9.98,25.279,-0.8014,10.133018997317631,0
ASP,37,OD2,583,18.735,8.721,26.741,-0.8014,10.105790864647853,0
ASP,37,H,584,22.247,10.205,26.262,0.2936,7.889196156770348,0
ASP,37,HA,585,20.108,11.551,24.677,0.088,8.48779894907979,0
ASP,37,1HB,586,19.995,10.617,27.557,-0.0122,10.263185713997384,0
ASP,37,2HB,587,18.864,11.773,26.881,-0.0122,10.890699242932017,0
SER,38,N,588,20.784,13.773,25.429,-0.4157,9.597669456696245,0
SER,38,CA,589,21.163,15.11,25.873,-0.0249,10.491348674026614,0
SER,38,C,590,20.484,15.484,27.196,0.5973,11.902140353734703,0
SER,38,O,591,20.915,16.411,27.88,-0.5679,12.755401718487741,0
SER,38,CB,592,20.816,16.127,24.818,0.2117,10.680777780667475,0
SER,38,OG,593,19.433,16.222,24.651,-0.6546,11.353213157516247,0
SER,38,H,594,20.386,13.657,24.506,0.2719,9.15912998051671,0
SER,38,HA,595,22.244,15.128,26.023,0.0843,10.190474473742624,0
SER,38,1HB,596,21.218,17.098,25.1,0.0352,11.368793295684464,0
SER,38,2HB,597,21.275,15.845,23.891,0.0352,9.782403078998536,0
SER,38,HG,598,19.081,16.489,25.503,0.4275,12.163460280693155,0
ASP,39,N,599,19.416,14.761,27.543,-0.5163,12.259126029207792,0
ASP,39,CA,600,18.656,15.004,28.765,0.0381,13.632940475187297,0
ASP,39,C,601,19.211,14.225,29.965,0.5366,13.866624282787793,0
ASP,39,O,602,18.727,14.379,31.087,-0.5819,15.005817038735346,0
ASP,39,CB,603,17.174,14.675,28.557,-0.0303,14.166294469620487,0
ASP,39,CG,604,16.466,15.628,27.596,0.7994,14.426875510657183,0
ASP,39,OD1,605,16.925,16.734,27.438,-0.8014,14.626292353156353,0
ASP,39,OD2,606,15.472,15.236,27.031,-0.8014,14.581595043067134,0
ASP,39,H,607,19.111,14.022,26.926,0.2936,11.638356928707763,0
ASP,39,HA,608,18.748,16.062,29.015,0.088,14.288732833949974,0
ASP,39,1HB,609,17.082,13.66,28.168,-0.0122,13.552864826301485,0
ASP,39,2HB,610,16.658,14.709,29.517,-0.0122,15.14792827418984,0
ALA,40,N,611,20.178,13.347,29.711,-0.4157,12.81012935141562,0
ALA,40,CA,612,20.784,12.514,30.746,0.0337,13.038801095192763,0
ALA,40,C,613,21.639,13.337,31.689,0.5973,13.839284844239605,0
ALA,40,O,614,22.295,14.299,31.295,-0.5679,13.723913800370504,0
ALA,40,CB,615,21.634,11.415,30.128,-0.1825,11.79997546607619,0
ALA,40,H,616,20.585,13.325,28.791,0.2719,11.91189493741445,0
ALA,40,HA,617,19.998,12.045,31.336,0.0823,13.710495286458473,0
ALA,40,1HB,618,22.107,10.832,30.919,0.0603,12.169263494558743,0
ALA,40,2HB,619,21.008,10.767,29.531,0.0603,11.35926467690581,0
ALA,40,3HB,620,22.4,11.859,29.496,0.0603,11.127007009973527,0
ALA,41,N,621,21.641,12.935,32.952,-0.4157,14.785653722443254,0
ALA,41,CA,622,22.499,13.569,33.936,0.0337,15.553332922560362,0
ALA,41,C,623,23.959,13.243,33.644,0.5973,14.614762433922762,0
ALA,41,O,624,24.847,14.062,33.881,-0.5679,14.869948587671713,0
ALA,41,CB,625,22.107,13.135,35.337,-0.1825,16.731235638768588,0
ALA,41,H,626,21.05,12.165,33.232,0.2719,14.975793568288795,0
ALA,41,HA,627,22.374,14.648,33.854,0.0823,15.98566798729412,0
ALA,41,1HB,628,22.746,13.635,36.065,0.0603,17.27185945403679,0
ALA,41,2HB,629,21.068,13.401,35.523,0.0603,17.408824486449397,0
ALA,41,3HB,630,22.229,12.056,35.43,0.0603,16.43456290869946,0
SER,42,N,631,24.2,12.029,33.142,-0.4157,13.662980055610126,0
SER,42,CA,632,25.556,11.562,32.883,-0.0249,12.851371055260993,0
SER,42,C,633,26.222,12.256,31.722,0.5973,11.876134598428902,0
SER,42,O,634,27.438,12.431,31.721,-0.5679,11.710793354850045,0
SER,42,CB,635,25.561,10.067,32.621,0.2117,12.223772167379432,0
SER,42,OG,636,24.947,9.779,31.375,-0.6546,11.220105436224742,0
SER,42,H,637,23.424,11.41,32.954,0.2719,13.613693437124255,0
SER,42,HA,638,26.163,11.784,33.761,0.0843,13.576988583629289,0
SER,42,1HB,639,26.588,9.696,32.621,0.0352,11.892484433456286,0
SER,42,2HB,640,25.032,9.557,33.423,0.0352,13.043879905917567,0
SER,42,HG,641,24.712,8.84,31.401,0.4275,11.188422677035401,0
GLN,43,N,642,25.423,12.646,30.731,-0.4157,11.409585925878295,0
GLN,43,CA,643,25.935,13.242,29.504,-0.0031,10.541493157992374,0
GLN,43,C,644,26.994,12.361,28.836,0.5973,9.256737654271076,0
GLN,43,O,645,27.934,12.874,28.227,-0.5679,8.876975047841466,0
GLN,43,CB,646,26.539,14.623,29.777,-0.0036,11.39165124115025,0
GLN,43,CG,647,25.539,15.651,30.244,-0.0645,12.63534886736413,0
GLN,43,CD,648,24.616,16.108,29.116,0.6951,12.350856367070259,0
GLN,43,NE2,649,23.333,15.825,29.245,-0.9407,12.589929229348352,0
GLN,43,OE1,650,25.068,16.711,28.139,-0.6086,11.937462502558905,0
GLN,43,H,651,24.425,12.522,30.828,0.2719,11.796367152644919,0
GLN,43,HA,652,25.106,13.359,28.805,0.085,10.356920826191537,0
GLN,43,1HB,653,27.312,14.55,30.533,0.0171,11.787121531569953,0
GLN,43,2HB,654,27.011,14.997,28.87,0.0171,10.872040516848712,0
GLN,43,1HG,655,24.927,15.214,31.035,0.0352,13.134011230389595,0
GLN,43,2HG,656,26.074,16.52,30.623,0.0352,13.337243118425937,0
GLN,43,1HE2,657,22.68,16.097,28.541,0.4251,12.415332657645545,0
GLN,43,2HE2,658,23.004,15.336,30.047,0.4251,13.014307972381781,0
ARG,44,N,659,26.853,11.032,28.965,-0.3479,8.797561650821208,0
ARG,44,CA,660,27.791,10.097,28.343,-0.2637,7.69461746937429,0
ARG,44,C,661,27.094,8.969,27.606,0.7341,6.866145206737185,0
ARG,44,O,662,25.924,8.682,27.857,-0.5894,7.471099115926652,0
ARG,44,CB,663,28.736,9.476,29.363,-0.0007,8.393044382105936,0
ARG,44,CG,664,29.672,10.43,30.061,0.039,9.328896076171072,0
ARG,44,CD,665,30.583,9.718,30.979,0.0486,10.118719928923817,0
ARG,44,NE,666,29.864,9.12,32.094,-0.5295,11.029213072563248,0
ARG,44,CZ,667,30.406,8.268,32.984,0.8076,11.874094197032466,0
ARG,44,NH1,668,31.669,7.923,32.879,-0.8627,11.843424040369403,0
ARG,44,NH2,669,29.665,7.779,33.965,-0.8627,12.778141257632116,0
ARG,44,H,670,26.083,10.66,29.515,0.2747,9.37575783603651,0
ARG,44,HA,671,28.39,10.646,27.63,0.156,7.164988555468877,0
ARG,44,1HB,672,28.154,8.973,30.135,0.0327,9.097595011869899,0
ARG,44,2HB,673,29.353,8.721,28.873,0.0327,7.763031237860635,0
ARG,44,1HG,674,30.271,10.957,29.323,0.0285,8.877179394379729,0
ARG,44,2HG,675,29.108,11.138,30.629,0.0285,10.083644083365897,0
ARG,44,1HD,676,31.097,8.924,30.438,0.0687,9.543120244448353,0
ARG,44,2HD,677,31.314,10.419,31.379,0.0687,10.795648892030533,0
ARG,44,HE,678,28.888,9.362,32.209,0.3456,11.157419325274105,0
ARG,44,1HH1,679,32.234,8.297,32.13,0.4478,11.029109528878568,0
ARG,44,2HH1,680,32.075,7.284,33.548,0.4478,12.178279763579091,0
ARG,44,1HH2,681,28.694,8.044,34.046,0.4478,12.862255051117591,0
ARG,44,2HH2,682,30.072,7.14,34.632,0.4478,13.47187533344931,0
MET,45,N,683,27.832,8.311,26.715,-0.4157,5.714040514382096,0
MET,45,CA,684,27.302,7.15,26.005,-0.0237,5.156553694086778,0
MET,45,C,685,27.186,5.962,26.972,0.5973,6.2968141944955,0
MET,45,O,686,28.177,5.552,27.572,-0.5679,6.626120509015815,0
MET,45,CB,687,28.178,6.784,24.809,0.0342,3.8123328815831403,1
MET,45,CG,688,27.614,5.625,23.982,0.0018,3.5204722694547668,1
MET,45,SD,689,26.061,6.048,23.159,-0.2737,3.2111013686895626,1
MET,45,CE,690,26.634,7.094,21.892,-0.0536,1.9994369207354352,1
MET,45,H,691,28.788,8.606,26.552,0.2719,5.463020135419602,0
MET,45,HA,692,26.307,7.392,25.63,0.088,5.254225347280034,1
MET,45,1HB,693,28.288,7.653,24.158,0.0241,3.075972366585891,1
MET,45,2HB,694,29.176,6.508,25.157,0.0241,4.036797369202473,1
MET,45,1HG,695,28.329,5.331,23.226,0.044,2.6280490862995682,1
MET,45,2HG,696,27.437,4.771,24.627,0.044,4.308362798093956,1
MET,45,1HE,697,25.789,7.437,21.296,0.0684,1.4571602519970126,1
MET,45,2HE,698,27.138,7.94,22.335,0.0684,2.269566698733483,1
MET,45,3HE,699,27.33,6.547,21.254,0.0684,1.1998724932258458,1
GLU,46,N,700,25.986,5.395,27.102,-0.5163,7.016816158344183,0
GLU,46,CA,701,25.744,4.311,28.057,0.0397,8.040967292558772,0
GLU,46,C,702,25.495,2.951,27.384,0.5366,7.6310993310269515,0
GLU,46,O,703,24.992,2.896,26.269,-0.5819,6.832487907051135,0
GLU,46,CB,704,24.551,4.674,28.944,0.056,9.20979918347843,0
GLU,46,CG,705,24.76,5.889,29.816,0.0136,9.80366105085238,0
GLU,46,CD,706,23.576,6.193,30.689,0.8054,10.970020692779025,0
GLU,46,OE1,707,22.587,5.491,30.6,-0.8188,11.191144266785233,0
GLU,46,OE2,708,23.652,7.133,31.453,-0.8188,11.631224999973131,0
GLU,46,H,709,25.201,5.77,26.59,0.2936,6.69179594727753,0
GLU,46,HA,710,26.645,4.206,28.651,0.1105,8.336808622008784,0
GLU,46,1HB,711,23.679,4.858,28.315,-0.0173,8.756560740382037,0
GLU,46,2HB,712,24.311,3.842,29.597,-0.0173,10.001373155722169,0
GLU,46,1HG,713,25.631,5.724,30.449,-0.0425,10.057416020032184,0
GLU,46,2HG,714,24.966,6.744,29.182,-0.0425,9.038730275873927,0
PRO,47,N,715,25.919,1.827,28.01,-0.2548,8.355333685736316,0
PRO,47,CA,716,25.72,0.455,27.547,-0.0266,8.539419359652037,0
PRO,47,C,717,24.273,0.02,27.671,0.5896,9.360858133739661,0
PRO,47,O,718,23.583,0.401,28.618,-0.5748,10.222940477181702,0
PRO,47,CB,719,26.619,-0.363,28.475,-0.007,9.515269097613583,0
PRO,47,CG,720,26.69,0.453,29.749,0.0189,10.265320404156899,0
PRO,47,CD,721,26.617,1.906,29.316,0.0192,9.39600638569387,0
PRO,47,HA,722,26.056,0.368,26.503,0.0641,7.631140805934588,0
PRO,47,1HB,723,26.179,-1.36,28.628,0.0253,10.254215523383541,0
PRO,47,2HB,724,27.595,-0.518,28.029,0.0253,9.105212188631299,0
PRO,47,1HG,725,25.861,0.18,30.418,0.0213,11.125010741567845,0
PRO,47,2HG,726,27.624,0.229,30.286,0.0213,10.750647329347197,0
PRO,47,1HD,727,26.042,2.47,30.056,0.0391,10.082873647923988,0
PRO,47,2HD,728,27.628,2.317,29.216,0.0391,9.079175182801574,0
ARG,48,N,729,23.824,-0.784,26.725,-0.3479,9.237597685545742,0
ARG,48,CA,730,22.494,-1.36,26.757,-0.2637,10.145808740558834,0
ARG,48,C,731,22.56,-2.867,26.534,0.7341,10.941665732419356,0
ARG,48,O,732,21.538,-3.524,26.336,-0.5894,11.742424877341136,0
ARG,48,CB,733,21.612,-0.722,25.701,-0.0007,9.568797364350447,0
ARG,48,CG,734,21.313,0.767,25.955,0.039,9.11124327410919,0
ARG,48,CD,735,20.424,0.92,27.146,0.0486,10.365240035812002,0
ARG,48,NE,736,20.076,2.312,27.442,-0.5295,10.241810093923826,0
ARG,48,CZ,737,20.767,3.131,28.281,0.8076,10.249482572305782,0
ARG,48,NH1,738,21.837,2.72,28.912,-0.8627,10.417482661372658,0
ARG,48,NH2,739,20.375,4.373,28.483,-0.8627,10.34426415942671,0
ARG,48,H,740,24.453,-1.083,25.997,0.2747,8.69640879903883,0
ARG,48,HA,741,22.058,-1.189,27.741,0.156,10.926228168951994,0
ARG,48,1HB,742,22.076,-0.806,24.736,0.0327,8.80468818300796,0
ARG,48,2HB,743,20.661,-1.251,25.646,0.0327,10.351566596414283,0
ARG,48,1HG,744,22.243,1.306,26.138,0.0285,8.515340098903863,0
ARG,48,2HG,745,20.82,1.194,25.091,0.0285,8.551693399555436,0
ARG,48,1HD,746,19.495,0.379,26.968,0.0687,10.96300884793951,0
ARG,48,2HD,747,20.926,0.513,28.022,0.0687,10.938851173683643,0
ARG,48,HE,748,19.258,2.694,26.986,0.3456,10.290132652206191,0
ARG,48,1HH1,749,22.187,1.776,28.797,0.4478,10.476062332766068,0
ARG,48,2HH1,750,22.315,3.376,29.529,0.4478,10.597399114877195,0
ARG,48,1HH2,751,19.554,4.732,28.016,0.4478,10.39484304835816,0
ARG,48,2HH2,752,20.914,4.957,29.117,0.4478,10.529376144862523,0
ALA,49,N,753,23.774,-3.416,26.58,-0.4157,10.915827087307674,0
ALA,49,CA,754,23.992,-4.849,26.421,0.0337,11.752488885338286,0
ALA,49,C,755,25.126,-5.221,27.407,0.5973,12.279660052297864,0
ALA,49,O,756,26.19,-4.598,27.394,-0.5679,11.58570192090233,0
ALA,49,CB,757,24.376,-5.226,25.003,-0.1825,11.152486449218397,0
ALA,49,H,758,24.57,-2.815,26.741,0.2719,10.280948351197956,0
ALA,49,HA,759,23.086,-5.383,26.655,0.0823,12.620978210899503,0
ALA,49,1HB,760,24.6,-6.276,24.987,0.0603,11.937772237733467,0
ALA,49,2HB,761,23.548,-5.011,24.328,0.0603,10.989419001930903,0
ALA,49,3HB,762,25.221,-4.677,24.69,0.0603,10.285281960160352,0
PRO,50,N,763,25.045,-6.402,28.058,-0.2548,13.581823441644351,0
PRO,50,CA,764,26.05,-7.015,28.935,-0.0266,14.278426418902047,0
PRO,50,C,765,27.467,-7.167,28.407,0.5896,13.273077261886183,0
PRO,50,O,766,28.42,-7.066,29.181,-0.5748,13.227498554148475,0
PRO,50,CB,767,25.438,-8.398,29.193,-0.007,15.587350191742022,0
PRO,50,CG,768,23.968,-8.144,29.171,0.0189,15.839534525989077,0
PRO,50,CD,769,23.756,-7.131,28.102,0.0192,14.5037348982943,0
PRO,50,HA,770,26.108,-6.413,29.855,0.0641,14.485186950812889,0
PRO,50,1HB,771,25.766,-9.105,28.414,0.0253,15.433866722244302,0
PRO,50,2HB,772,25.792,-8.794,30.155,0.0253,16.182359840270518,0
PRO,50,1HG,773,23.427,-9.08,28.967,0.0213,16.58510238135418,0
PRO,50,2HG,774,23.631,-7.788,30.154,0.0213,16.278547969643974,0
PRO,50,1HD,775,23.55,-7.633,27.142,0.0391,14.423798598150212,0
PRO,50,2HD,776,22.915,-6.491,28.406,0.0391,14.500656709266652,0
TRP,51,N,777,27.635,-7.405,27.12,-0.4157,12.622914124717793,0
TRP,51,CA,778,28.981,-7.584,26.592,-0.0275,11.806088683387058,0
TRP,51,C,779,29.662,-6.261,26.275,0.5973,10.380927367051559,0
TRP,51,O,780,30.859,-6.23,25.99,-0.5679,9.70767026634094,0
TRP,51,CB,781,28.954,-8.432,25.344,-0.005,11.89642219324785,0
TRP,51,CG,782,28.05,-7.949,24.357,-0.1415,11.612746316009833,0
TRP,51,CD1,783,28.285,-7.025,23.414,-0.1638,10.487018880501743,0
TRP,51,CD2,784,26.698,-8.366,24.185,0.1243,12.657100062810596,0
TRP,51,CE2,785,26.194,-7.653,23.126,0.138,12.106490077640174,0
TRP,51,CE3,786,25.89,-9.285,24.845,-0.2387,14.020348818770522,0
TRP,51,NE1,787,27.179,-6.84,22.674,-0.3418,10.867758278504358,0
TRP,51,CZ2,788,24.899,-7.811,22.687,-0.2601,12.417295116087079,0
TRP,51,CZ3,789,24.593,-9.454,24.416,-0.1972,14.51306459711387,0
TRP,51,CH2,790,24.106,-8.737,23.361,-0.1134,13.672434274846598,0
TRP,51,H,791,26.835,-7.469,26.506,0.2719,12.81437384346188,0
TRP,51,HA,792,29.582,-8.091,27.347,0.1123,12.322816926336282,0
TRP,51,1HB,793,29.953,-8.471,24.907,0.0339,11.33168398782811,0
TRP,51,2HB,794,28.671,-9.451,25.602,0.0339,12.942000193169525,0
TRP,51,HD1,795,29.23,-6.504,23.272,0.2062,9.510122344113139,0
TRP,51,HE1,796,27.097,-6.208,21.915,0.3412,10.287360837454862,0
TRP,51,HE3,797,26.277,-9.86,25.686,0.17,14.498489231640653,0
TRP,51,HZ2,798,24.498,-7.249,21.852,0.1572,11.82712010592604,0
TRP,51,HZ3,799,23.965,-10.174,24.938,0.1447,15.504352679167226,0
TRP,51,HH2,800,23.078,-8.898,23.051,0.1417,14.079743818692155,0
ILE,52,N,801,28.906,-5.166,26.331,-0.4157,10.068817706165904,0
ILE,52,CA,802,29.447,-3.851,26.03,-0.0597,8.822352350705566,0
ILE,52,C,803,30.12,-3.321,27.265,0.5973,8.98388273520976,0
ILE,52,O,804,31.226,-2.797,27.224,-0.5679,8.141733722002948,0
ILE,52,CB,805,28.414,-2.865,25.571,0.1303,8.699554528825026,0
ILE,52,CG1,806,27.822,-3.293,24.39,-0.043,8.52366341428379,0
ILE,52,CG2,807,29.042,-1.518,25.397,-0.3204,7.630106028096855,0
ILE,52,CD1,808,26.712,-2.49,24.08,-0.066,7.822268277168713,0
ILE,52,H,809,27.92,-5.247,26.533,0.2719,10.7951359880272,0
ILE,52,HA,810,30.179,-3.945,25.228,0.0869,7.997609705405736,0
ILE,52,HB,811,27.62,-2.796,26.313,0.0187,9.344603041328185,0
ILE,52,1HG1,812,28.553,-3.25,23.586,0.0236,7.829557203316161,0
ILE,52,2HG1,813,27.515,-4.331,24.503,0.0236,9.475654805869619,0
ILE,52,1HG2,814,28.29,-0.805,25.063,0.0882,7.000872731310003,0
ILE,52,2HG2,815,29.45,-1.2,26.333,0.0882,7.778741414907683,0
ILE,52,3HG2,816,29.837,-1.578,24.652,0.0882,6.63598056055019,0
ILE,52,1HD1,817,26.295,-2.826,23.209,0.0186,7.739455342593559,0
ILE,52,2HD1,818,25.98,-2.549,24.882,0.0186,8.51179969219201,0
ILE,52,3HD1,819,27.035,-1.463,23.962,0.0186,6.892806467615349,0
GLU,53,N,820,29.488,-3.64,28.394,-0.5163,10.234464763728486,0
GLU,53,CA,821,29.912,-3.218,29.724,0.0397,10.794839554157347,0
GLU,53,C,822,31.343,-3.643,30.04,0.5366,10.623955101561753,0
GLU,53,O,823,32.027,-3.003,30.84,-0.5819,10.714443989307146,0
GLU,53,CB,824,28.962,-3.784,30.78,0.056,12.294153285200245,0
GLU,53,CG,825,27.568,-3.194,30.765,0.0136,12.757976250173847,0
GLU,53,CD,826,26.66,-3.811,31.797,0.8054,14.140131364312001,0
GLU,53,OE1,827,27.076,-4.74,32.448,-0.8188,14.896119528252987,0
GLU,53,OE2,828,25.549,-3.352,31.934,-0.8188,14.156399259698773,0
GLU,53,H,829,28.592,-4.109,28.305,0.2936,10.904923887859098,0
GLU,53,HA,830,29.885,-2.128,29.759,0.1105,10.385542402782821,0
GLU,53,1HB,831,28.867,-4.86,30.643,-0.0173,12.75302172036102,0
GLU,53,2HB,832,29.38,-3.616,31.773,-0.0173,12.818018801671341,0
GLU,53,1HG,833,27.638,-2.128,30.951,-0.0425,12.42782128934915,0
GLU,53,2HG,834,27.137,-3.338,29.773,-0.0425,12.21095954460582,0
GLN,54,N,835,31.788,-4.726,29.415,-0.4157,10.503067218674744,0
GLN,54,CA,836,33.115,-5.281,29.631,-0.0031,10.509507076928013,0
GLN,54,C,837,34.237,-4.371,29.115,0.5973,9.28908924491524,0
GLN,54,O,838,35.4,-4.546,29.48,-0.5679,9.51108279850407,0
GLN,54,CB,839,33.203,-6.65,28.955,-0.0036,10.915773266241837,0
GLN,54,CG,840,32.322,-7.711,29.585,-0.0645,12.331974456671569,0
GLN,54,CD,841,32.409,-9.04,28.859,0.6951,12.799490692992437,0
GLN,54,NE2,842,32.183,-10.128,29.587,-0.9407,14.112168012038406,0
GLN,54,OE1,843,32.675,-9.089,27.654,-0.6086,12.060496009700431,0
GLN,54,H,844,31.178,-5.185,28.754,0.2719,10.585156824535007,0
GLN,54,HA,845,33.259,-5.414,30.702,0.085,11.362189269678623,0
GLN,54,1HB,846,32.918,-6.555,27.905,0.0171,10.278001459427802,0
GLN,54,2HB,847,34.232,-7.006,28.985,0.0171,10.95976044446228,0
GLN,54,1HG,848,32.638,-7.864,30.616,0.0352,13.017246098925842,0
GLN,54,2HG,849,31.284,-7.37,29.557,0.0352,12.445103977066644,0
GLN,54,1HE2,850,32.227,-11.033,29.162,0.4251,14.54519508291312,0
GLN,54,2HE2,851,31.971,-10.044,30.561,0.4251,14.721031145948983,0
GLU,55,N,852,33.893,-3.419,28.247,-0.5163,8.150095152818771,0
GLU,55,CA,853,34.87,-2.521,27.644,0.0397,6.9468471265747604,0
GLU,55,C,854,35.463,-1.557,28.677,0.5366,7.352007276927846,0
GLU,55,O,855,34.777,-1.101,29.593,-0.5819,8.105977670830336,0
GLU,55,CB,856,34.239,-1.726,26.511,0.056,5.778800740638149,0
GLU,55,CG,857,33.805,-2.566,25.31,0.0136,5.564095703706039,0
GLU,55,CD,858,34.968,-3.133,24.547,0.8054,5.098706306505602,0
GLU,55,OE1,859,35.851,-2.386,24.202,-0.8188,4.202115776605877,1
GLU,55,OE2,860,34.974,-4.318,24.306,-0.8188,5.837700746012938,0
GLU,55,H,861,32.928,-3.34,27.96,0.2936,8.216086416293347,0
GLU,55,HA,862,35.701,-3.115,27.267,0.1105,6.867199356360641,0
GLU,55,1HB,863,33.36,-1.199,26.882,-0.0173,6.206069690230689,0
GLU,55,2HB,864,34.94,-0.99,26.165,-0.0173,4.944736696731183,0
GLU,55,1HG,865,33.179,-3.386,25.657,-0.0425,6.596670220649203,0
GLU,55,2HG,866,33.206,-1.947,24.644,-0.0425,5.0879352393677335,1
GLY,56,N,867,36.754,-1.265,28.516,-0.4157,7.085495960058123,0
GLY,56,CA,868,37.488,-0.35,29.393,-0.0252,7.4936853416726805,0
GLY,56,C,869,36.974,1.096,29.288,0.5973,6.761238422064407,0
GLY,56,O,870,36.356,1.456,28.291,-0.5679,5.670384113973232,0
GLY,56,H,871,37.252,-1.698,27.752,0.2719,6.605616398187228,0
GLY,56,1HA,872,37.378,-0.712,30.407,0.0698,8.533261275737429,0
GLY,56,2HA,873,38.546,-0.371,29.139,0.0698,7.526862626619405,0
PRO,57,N,874,37.239,1.951,30.3,-0.2548,7.566017380365974,0
PRO,57,CA,875,36.917,3.374,30.359,-0.0266,7.491882607195605,0
PRO,57,C,876,37.342,4.142,29.112,0.5896,6.373292791014702,0
PRO,57,O,877,36.676,5.097,28.722,-0.5748,6.1426038452760405,0
PRO,57,CB,878,37.723,3.839,31.58,-0.007,8.823002833502885,0
PRO,57,CG,879,37.775,2.634,32.466,0.0189,9.698706202375654,0
PRO,57,CD,880,37.927,1.465,31.524,0.0192,8.947218282796054,0
PRO,57,HA,881,35.839,3.498,30.531,0.0641,7.659371318848563,0
PRO,57,1HB,882,38.72,4.182,31.263,0.0253,8.762842232974412,0
PRO,57,2HB,883,37.224,4.696,32.055,0.0253,9.328336614852617,0
PRO,57,1HG,884,38.616,2.716,33.169,0.0213,10.539695821037718,0
PRO,57,2HG,885,36.859,2.568,33.071,0.0213,10.211240326228737,0
PRO,57,1HD,886,38.988,1.254,31.329,0.0391,9.057013635851499,0
PRO,57,2HD,887,37.432,0.612,31.994,0.0391,9.524531537036347,0
GLU,58,N,888,38.401,3.675,28.444,-0.5163,5.947195221278681,0
GLU,58,CA,889,38.907,4.335,27.246,0.0397,5.19011396792016,0
GLU,58,C,890,37.877,4.295,26.133,0.5366,3.7592863684481377,1
GLU,58,O,891,37.66,5.288,25.437,-0.5819,3.5574423396592088,1
GLU,58,CB,892,40.207,3.673,26.792,0.056,5.52510515737031,0
GLU,58,CG,893,41.381,3.908,27.729,0.0136,7.035128499181799,0
GLU,58,CD,894,42.63,3.188,27.299,0.8054,7.694395102930443,0
GLU,58,OE1,895,42.565,2.43,26.361,-0.8188,7.182110901399388,0
GLU,58,OE2,896,43.651,3.396,27.912,-0.8188,8.885168428341693,0
GLU,58,H,897,38.892,2.871,28.805,0.2936,6.454431423448544,0
GLU,58,HA,898,39.11,5.381,27.481,0.1105,5.79779345958443,0
GLU,58,1HB,899,40.053,2.598,26.704,-0.0173,5.366275989920753,0
GLU,58,2HB,900,40.481,4.048,25.806,-0.0173,5.149328694111495,0
GLU,58,1HG,901,41.589,4.976,27.772,-0.0425,7.397877127933387,0
GLU,58,2HG,902,41.101,3.577,28.729,-0.0425,7.552877729713354,0
TYR,59,N,903,37.18,3.168,26.04,-0.4157,3.2619547820287127,1
TYR,59,CA,904,36.133,2.958,25.056,-0.0014,2.1838145525662203,1
TYR,59,C,905,35.049,3.974,25.245,0.5973,2.786387805026431,1
TYR,59,O,906,34.706,4.708,24.326,-0.5679,2.6387877898762526,1
TYR,59,CB,907,35.566,1.542,25.183,-0.0152,2.92200889800151,1
TYR,59,CG,908,34.292,1.265,24.436,-0.0011,2.8408030554756873,1
TYR,59,CD1,909,34.257,1.026,23.075,-0.1906,1.8595983437290975,1
TYR,59,CD2,910,33.124,1.255,25.163,-0.1906,4.009581274896418,1
TYR,59,CE1,911,33.029,0.779,22.465,-0.2341,2.2003458819012938,1
TYR,59,CE2,912,31.933,1.015,24.566,-0.2341,4.208959372576548,1
TYR,59,CZ,913,31.863,0.779,23.247,0.3226,3.4708643015825302,1
TYR,59,OH,914,30.642,0.542,22.689,-0.5579,4.201754157491845,1
TYR,59,H,915,37.426,2.394,26.641,0.2719,3.987872114298549,1
TYR,59,HA,916,36.564,3.05,24.06,0.0876,1.2002570558009622,1
TYR,59,1HB,917,36.309,0.827,24.828,0.0295,2.9871267130806487,1
TYR,59,2HB,918,35.375,1.323,26.207,0.0295,3.92078640071096,1
TYR,59,HD1,919,35.176,1.031,22.488,0.1699,1.1993890111219119,1
TYR,59,HD2,920,33.162,1.445,26.229,0.1699,4.879920798537617,1
TYR,59,HE1,921,32.977,0.589,21.394,0.1656,1.6844064236400924,1
TYR,59,HE2,922,31.035,1.012,25.144,0.1656,5.124303464862318,1
TYR,59,HH,923,30.738,0.402,21.781,0.3992,3.8911044704556574,1
TRP,60,N,924,34.608,4.091,26.491,-0.4157,4.085535583005001,1
TRP,60,CA,925,33.506,4.972,26.819,-0.0275,5.148954456974736,0
TRP,60,C,926,33.837,6.43,26.579,0.5973,5.069076247207175,0
TRP,60,O,927,33.042,7.145,25.973,-0.5679,5.1539988358555116,0
TRP,60,CB,928,33.117,4.775,28.273,-0.005,6.45928122936291,0
TRP,60,CG,929,32.524,3.467,28.468,-0.1415,6.751374230480785,0
TRP,60,CD1,930,32.966,2.452,29.258,-0.1638,7.233502678509216,0
TRP,60,CD2,931,31.327,3.007,27.84,0.1243,6.888156429698729,0
TRP,60,CE2,932,31.105,1.713,28.292,0.138,7.498018604938239,0
TRP,60,CE3,933,30.427,3.588,26.934,-0.2387,6.474617903783977,0
TRP,60,NE1,934,32.118,1.386,29.159,-0.3418,7.758737526170091,0
TRP,60,CZ2,935,30.03,0.988,27.873,-0.2601,7.789233081632617,0
TRP,60,CZ3,936,29.345,2.854,26.515,-0.1972,6.412412104660772,0
TRP,60,CH2,937,29.15,1.601,26.967,-0.1134,7.206352961103138,0
TRP,60,H,938,34.968,3.444,27.188,0.2719,4.510415169360797,0
TRP,60,HA,939,32.651,4.691,26.203,0.1123,5.165204933010886,0
TRP,60,1HB,940,33.998,4.876,28.908,0.0339,6.664612291799128,0
TRP,60,2HB,941,32.413,5.547,28.578,0.0339,7.2900981474874555,0
TRP,60,HD1,942,33.86,2.484,29.875,0.2062,7.43713869710657,0
TRP,60,HE1,943,32.218,0.504,29.64,0.3412,8.34207222457346,0
TRP,60,HE3,944,30.583,4.604,26.57,0.17,5.792241448696696,0
TRP,60,HZ2,945,29.856,-0.027,28.227,0.1572,8.473088988084568,0
TRP,60,HZ3,946,28.651,3.303,25.815,0.1447,5.54477213237839,0
TRP,60,HH2,947,28.289,1.063,26.612,0.1417,7.058861168772196,0
ASP,61,N,948,35.085,6.816,26.856,-0.5163,4.939264216459775,0
ASP,61,CA,949,35.454,8.21,26.674,0.0381,5.171698947154598,0
ASP,61,C,950,35.398,8.545,25.196,0.5366,3.7948776001341606,1
ASP,61,O,951,34.795,9.54,24.805,-0.5819,3.6336244990367392,1
ASP,61,CB,952,36.841,8.506,27.249,-0.0303,5.580815800579695,0
ASP,61,CG,953,36.861,8.522,28.779,0.7994,7.103521732211424,0
ASP,61,OD1,954,35.806,8.561,29.37,-0.8014,7.728132051149229,0
ASP,61,OD2,955,37.931,8.498,29.34,-0.8014,7.723426571153506,0
ASP,61,H,956,35.667,6.227,27.436,0.2936,5.322744592782936,0
ASP,61,HA,957,34.717,8.839,27.174,0.088,5.8307163367805845,0
ASP,61,1HB,958,37.547,7.751,26.898,-0.0122,5.28209977187103,0
ASP,61,2HB,959,37.188,9.475,26.884,-0.0122,5.164338776648954,0
GLY,62,N,960,35.83,7.588,24.374,-0.4157,2.86818653507752,1
GLY,62,CA,961,35.879,7.786,22.937,-0.0252,2.000393461297056,1
GLY,62,C,962,34.485,7.891,22.353,0.5973,2.3547471201808494,1
GLY,62,O,963,34.205,8.793,21.568,-0.5679,1.7171886908549108,1
GLY,62,H,964,36.371,6.825,24.763,0.2719,2.7954836790795263,1
GLY,62,1HA,965,36.441,8.694,22.714,0.0698,1.1997558084877062,1
GLY,62,2HA,966,36.412,6.957,22.474,0.0698,1.199627442166942,1
GLU,63,N,967,33.58,7.037,22.833,-0.5163,3.008580396133699,1
GLU,63,CA,968,32.225,6.992,22.309,0.0397,2.159857634197218,1
GLU,63,C,969,31.469,8.265,22.63,0.5366,2.19914733476409,1
GLU,63,O,970,30.864,8.863,21.743,-0.5819,1.3993637840104332,1
GLU,63,CB,971,31.46,5.789,22.87,0.056,2.375583296792601,1
GLU,63,CG,972,31.945,4.437,22.377,0.0136,2.601809370418975,1
GLU,63,CD,973,31.786,4.264,20.894,0.8054,2.0709567837113356,1
GLU,63,OE1,974,30.709,4.494,20.399,-0.8188,1.3996888940046666,1
GLU,63,OE2,975,32.744,3.9,20.253,-0.8188,1.399619233934715,1
GLU,63,H,976,33.88,6.315,23.476,0.2936,2.751678942027936,1
GLU,63,HA,977,32.278,6.891,21.225,0.1105,1.4041666567754698,1
GLU,63,1HB,978,31.53,5.787,23.961,-0.0173,3.363752814937505,1
GLU,63,2HB,979,30.415,5.879,22.611,-0.0173,1.7618180950370563,1
GLU,63,1HG,980,32.989,4.321,22.629,-0.0425,2.0593868019388677,1
GLU,63,2HG,981,31.387,3.658,22.891,-0.0425,3.1065577412950125,1
THR,64,N,982,31.762,8.827,23.802,-0.4157,3.441863739313339,1
THR,64,CA,983,31.071,10.025,24.24,-0.0389,4.050076665941027,1
THR,64,C,984,31.544,11.221,23.429,0.5973,4.245963377138338,1
THR,64,O,985,30.744,12.012,22.937,-0.5679,4.351006665129347,1
THR,64,CB,986,31.273,10.305,25.729,0.3654,5.510948557190494,0
THR,64,CG2,987,30.543,11.58,26.097,-0.2438,6.35971713207435,0
THR,64,OG1,988,30.758,9.199,26.503,-0.6761,5.784046593864888,0
THR,64,H,989,32.182,8.243,24.513,0.2719,4.174967664545442,1
THR,64,HA,990,30.005,9.888,24.072,0.1007,3.7452344385899243,1
THR,64,HB,991,32.338,10.415,25.936,0.0043,5.88561381675692,0
THR,64,HG1,992,31.227,8.395,26.261,0.4102,5.537690312756753,0
THR,64,1HG2,993,30.683,11.788,27.155,0.0642,7.376618873169469,0
THR,64,2HG2,994,30.942,12.409,25.51,0.0642,6.430110885513564,0
THR,64,3HG2,995,29.483,11.465,25.889,0.0642,6.100840761731122,0
ARG,65,N,996,32.844,11.277,23.158,-0.3479,3.6695702745689447,1
ARG,65,CA,997,33.387,12.401,22.413,-0.2637,2.65696876157775,1
ARG,65,C,998,32.842,12.415,20.991,0.7341,1.740237340134961,1
ARG,65,O,999,32.448,13.466,20.482,-0.5894,1.6512165212351768,1
ARG,65,CB,1000,34.903,12.318,22.379,-0.0007,1.999504188542751,0
ARG,65,CG,1001,35.579,12.6,23.711,0.039,2.736354509196497,0
ARG,65,CD,1002,37.042,12.372,23.644,0.0486,1.999546448572775,0
ARG,65,NE,1003,37.69,12.628,24.921,-0.5295,3.2536614759375313,0
ARG,65,CZ,1004,38.981,12.357,25.193,0.8076,3.790364758173019,0
ARG,65,NH1,1005,39.749,11.823,24.27,-0.8627,3.4198055500276623,0
ARG,65,NH2,1006,39.475,12.627,26.388,-0.8627,5.101012644563824,0
ARG,65,H,1007,33.477,10.641,23.626,0.2747,3.4457259032024012,1
ARG,65,HA,1008,33.099,13.326,22.914,0.156,3.3096345719731692,0
ARG,65,1HB,1009,35.205,11.321,22.056,0.0327,1.1994286139658359,0
ARG,65,2HB,1010,35.292,13.03,21.652,0.0327,1.8052880656560035,0
ARG,65,1HG,1011,35.407,13.639,23.992,0.0285,3.5899362111324518,0
ARG,65,2HG,1012,35.17,11.949,24.475,0.0285,3.293022016324824,0
ARG,65,1HD,1013,37.234,11.336,23.364,0.0687,1.3462117218327891,0
ARG,65,2HD,1014,37.481,13.036,22.902,0.0687,1.9718491321599638,0
ARG,65,HE,1015,37.13,13.039,25.657,0.3456,4.0662963492593605,0
ARG,65,1HH1,1016,39.372,11.615,23.356,0.4478,2.5430570186293493,0
ARG,65,2HH1,1017,40.717,11.619,24.473,0.4478,4.269891919006847,0
ARG,65,1HH2,1018,38.885,13.038,27.098,0.4478,5.635972764306086,0
ARG,65,2HH2,1019,40.442,12.424,26.592,0.4478,5.706469836948232,0
LYS,66,N,1020,32.668,11.225,20.418,-0.3479,1.9665212940621797,1
LYS,66,CA,1021,32.205,11.091,19.049,-0.24,1.9996152129847384,1
LYS,66,C,1022,30.722,11.403,18.915,0.7341,2.0636620362840437,1
LYS,66,O,1023,30.324,12.127,18.004,-0.5894,1.4001207090819001,1
LYS,66,CB,1024,32.496,9.682,18.54,-0.0094,1.999350144421932,1
LYS,66,CG,1025,33.984,9.417,18.331,0.0187,1.9993964089194531,1
LYS,66,CD,1026,34.256,7.998,17.872,-0.0479,1.9993684002704484,1
LYS,66,CE,1027,35.754,7.772,17.692,-0.0143,1.9995699537650593,1
LYS,66,NZ,1028,36.065,6.377,17.281,-0.3854,1.9993714012158905,1
LYS,66,H,1029,33.056,10.409,20.873,0.2747,2.319198137287974,1
LYS,66,HA,1030,32.732,11.821,18.432,0.1426,1.1994557098951166,1
LYS,66,1HB,1031,32.11,8.951,19.253,0.0362,1.2000437492025042,1
LYS,66,2HB,1032,31.979,9.521,17.594,0.0362,1.1995457473560585,1
LYS,66,1HG,1033,34.372,10.105,17.58,0.0103,1.1998433231051442,1
LYS,66,2HG,1034,34.517,9.585,19.259,0.0103,1.1997337204563308,1
LYS,66,1HD,1035,33.869,7.296,18.614,0.0621,1.486064938015836,1
LYS,66,2HD,1036,33.747,7.816,16.925,0.0621,1.1996086861972957,1
LYS,66,1HE,1037,36.127,8.456,16.931,0.1135,1.200042499247426,1
LYS,66,2HE,1038,36.26,7.985,18.634,0.1135,1.1996170222200104,1
LYS,66,1HZ,1039,37.064,6.273,17.174,0.34,1.2000000000000028,1
LYS,66,2HZ,1040,35.734,5.736,17.987,0.34,1.199889161547849,1
LYS,66,3HZ,1041,35.61,6.175,16.402,0.34,1.2658834859496346,1
VAL,67,N,1042,29.916,10.961,19.88,-0.4157,1.6997946934850685,1
VAL,67,CA,1043,28.484,11.191,19.775,-0.0875,1.9995291945855656,1
VAL,67,C,1044,28.218,12.668,20.013,0.5973,3.399462016260808,1
VAL,67,O,1045,27.352,13.253,19.367,-0.5679,3.788298034738028,1
VAL,67,CB,1046,27.676,10.359,20.786,0.2985,1.9996379672330689,1
VAL,67,CG1,1047,27.81,10.871,22.182,-0.3192,3.1693769103721308,1
VAL,67,CG2,1048,26.232,10.366,20.352,-0.3192,1.9997734871729862,1
VAL,67,H,1049,30.265,10.304,20.563,0.2719,1.433509679074403,1
VAL,67,HA,1050,28.149,10.902,18.783,0.0969,1.371902693342352,1
VAL,67,HB,1051,28.057,9.345,20.799,-0.0297,1.199749973952907,1
VAL,67,1HG1,1052,27.227,10.255,22.848,0.0791,3.427292371537623,1
VAL,67,2HG1,1053,28.816,10.835,22.46,0.0791,3.1868049830512066,1
VAL,67,3HG1,1054,27.453,11.892,22.238,0.0791,4.051388157162925,1
VAL,67,1HG2,1055,25.645,9.79,21.043,0.0791,2.201445207130986,1
VAL,67,2HG2,1056,25.866,11.394,20.332,0.0791,2.9009077889515895,1
VAL,67,3HG2,1057,26.149,9.933,19.36,0.0791,1.1997224679066398,1
LYS,68,N,1058,29.072,13.297,20.827,-0.3479,4.2410407920697955,1
LYS,68,CA,1059,28.925,14.709,21.105,-0.24,4.903461124552739,1
LYS,68,C,1060,29.193,15.475,19.825,0.7341,3.9713097335765695,1
LYS,68,O,1061,28.467,16.408,19.495,-0.5894,3.809686338794838,1
LYS,68,CB,1062,29.873,15.159,22.214,-0.0094,4.819712232073612,0
LYS,68,CG,1063,29.729,16.627,22.595,0.0187,5.7301039257591135,0
LYS,68,CD,1064,28.371,16.909,23.228,-0.0479,6.939261199868473,0
LYS,68,CE,1065,28.272,18.355,23.698,-0.0143,7.469839422638216,0
LYS,68,NZ,1066,26.938,18.658,24.29,-0.3854,8.303848324722697,0
LYS,68,H,1067,29.698,12.752,21.404,0.2747,3.9412543688526376,1
LYS,68,HA,1068,27.908,14.899,21.45,0.1426,5.990069532150692,1
LYS,68,1HB,1069,29.698,14.558,23.107,0.0362,5.43409026424847,0
LYS,68,2HB,1070,30.901,14.99,21.902,0.0362,3.8653591036280206,0
LYS,68,1HG,1071,30.512,16.898,23.303,0.0103,5.901680184489838,0
LYS,68,2HG,1072,29.839,17.247,21.702,0.0103,4.981286380042814,0
LYS,68,1HD,1073,27.582,16.715,22.499,0.0621,6.662060642173711,0
LYS,68,2HD,1074,28.224,16.247,24.081,0.0621,7.512767133353729,0
LYS,68,1HE,1075,29.043,18.542,24.445,0.1135,7.948605286463786,0
LYS,68,2HE,1076,28.444,19.021,22.849,0.1135,6.597600245543827,0
LYS,68,1HZ,1077,26.913,19.623,24.587,0.34,8.274230961243466,0
LYS,68,2HZ,1078,26.218,18.501,23.599,0.34,7.982607907194238,0
LYS,68,3HZ,1079,26.777,18.058,25.085,0.34,9.282418811926123,0
ALA,69,N,1080,30.163,14.989,19.043,-0.4157,3.292312409234581,1
ALA,69,CA,1081,30.528,15.654,17.802,0.0337,1.9994184154398529,1
ALA,69,C,1082,29.317,15.665,16.872,0.5973,1.7398281524334516,1
ALA,69,O,1083,29.004,16.693,16.272,-0.5679,1.3998185596712136,1
ALA,69,CB,1084,31.72,14.971,17.151,-0.1825,1.9998747460778639,1
ALA,69,H,1085,30.809,14.314,19.433,0.2719,2.579812783905066,1
ALA,69,HA,1086,30.804,16.685,18.025,0.0823,1.3438467174495785,0
ALA,69,1HB,1087,31.973,15.488,16.225,0.0603,1.1998183195800938,1
ALA,69,2HB,1088,32.572,15.002,17.83,0.0603,1.199430281425306,0
ALA,69,3HB,1089,31.479,13.944,16.928,0.0603,1.1995940980181623,1
HID,70,N,1090,28.538,14.57,16.904,-0.4157,1.9184668357831978,1
HID,70,CA,1091,27.361,14.459,16.048,0.0188,2.0000414995694453,1
HID,70,C,1092,26.267,15.397,16.527,0.5973,3.238938715073196,1
HID,70,O,1093,25.641,16.077,15.72,-0.5679,3.0868213424168247,1
HID,70,CB,1094,26.81,13.026,16.005,-0.0462,2.6646620798893057,1
HID,70,CG,1095,27.65,12.065,15.233,-0.0266,1.9696438764406126,1
HID,70,CD2,1096,28.396,11.012,15.632,0.1292,1.8600905891918262,1
HID,70,ND1,1097,27.782,12.138,13.865,-0.3811,1.5400603884263766,1
HID,70,CE1,1098,28.575,11.174,13.451,0.2057,1.8596811554672488,1
HID,70,NE2,1099,28.963,10.474,14.499,-0.5727,1.6993851829411724,1
HID,70,H,1100,28.891,13.742,17.371,0.2719,2.1922374415195067,1
HID,70,HA,1101,27.626,14.731,15.027,0.0881,1.294129050751892,1
HID,70,1HB,1102,26.713,12.643,17.015,0.0402,3.190830926263566,1
HID,70,2HB,1103,25.814,13.033,15.559,0.0402,3.0878847128738465,1
HID,70,HD1,1104,27.412,12.855,13.273,0.3649,1.6419333116786456,1
HID,70,HD2,1105,28.601,10.567,16.598,0.1147,1.3299913533553513,1
HID,70,HE1,1106,28.805,11.063,12.392,0.1392,1.6555452274099918,1
SER,71,N,1107,26.155,15.554,17.849,-0.4157,4.208389834604203,1
SER,71,CA,1108,25.124,16.413,18.413,-0.0249,5.519725446070666,1
SER,71,C,1109,25.367,17.849,17.976,0.5973,4.561687078263916,1
SER,71,O,1110,24.461,18.511,17.478,-0.5679,4.699979787190581,1
SER,71,CB,1111,25.111,16.323,19.927,0.2117,6.4071770695057255,0
SER,71,OG,1112,24.723,15.045,20.352,-0.6546,6.353261445903199,0
SER,71,H,1113,26.659,14.925,18.459,0.2719,4.287293435257261,1
SER,71,HA,1114,24.152,16.075,18.052,0.0843,5.667440427565163,1
SER,71,1HB,1115,26.098,16.551,20.314,0.0352,5.900605392669468,0
SER,71,2HB,1116,24.423,17.067,20.329,0.0352,7.0035899365968035,0
SER,71,HG,1117,25.369,14.437,19.986,0.4275,5.48643153607151,1
GLN,72,N,1118,26.645,18.246,17.974,-0.4157,3.5658813777241676,1
GLN,72,CA,1119,27.044,19.602,17.617,-0.0031,2.633685250746566,0
GLN,72,C,1120,26.752,19.86,16.145,0.5973,1.7396841667383203,1
GLN,72,O,1121,26.158,20.876,15.789,-0.5679,1.855780428822332,1
GLN,72,CB,1122,28.529,19.807,17.916,-0.0036,1.9994851837410557,0
GLN,72,CG,1123,28.859,19.825,19.401,-0.0645,3.1899451405941117,0
GLN,72,CD,1124,30.345,19.915,19.666,0.6951,3.582561792907416,0
GLN,72,NE2,1125,30.708,20.498,20.802,-0.9407,4.45266807655814,0
GLN,72,OE1,1126,31.163,19.465,18.858,-0.6086,2.9462318306609894,0
GLN,72,H,1127,27.314,17.675,18.473,0.2719,3.6611884682436098,1
GLN,72,HA,1128,26.468,20.307,18.217,0.085,3.0584677536308913,0
GLN,72,1HB,1129,29.107,19.012,17.448,0.0171,1.5078740000411162,0
GLN,72,2HB,1130,28.86,20.75,17.483,0.0171,1.1997424723664643,0
GLN,72,1HG,1131,28.378,20.688,19.858,0.0352,3.2338906907933658,0
GLN,72,2HG,1132,28.489,18.909,19.856,0.0352,3.9005898271928054,0
GLN,72,1HE2,1133,31.678,20.587,21.032,0.4251,5.066255816675663,0
GLN,72,2HE2,1134,30.012,20.848,21.43,0.4251,4.745084720002371,0
THR,73,N,1135,26.979,18.837,15.318,-0.4157,1.8742563858768093,1
THR,73,CA,1136,26.749,18.945,13.885,-0.0389,1.9995101900215466,1
THR,73,C,1137,25.279,19.17,13.606,0.5973,2.5958445639136394,1
THR,73,O,1138,24.916,20.086,12.871,-0.5679,1.7498074179749046,1
THR,73,CB,1139,27.231,17.69,13.134,0.3654,2.285173516387757,1
THR,73,CG2,1140,26.905,17.808,11.658,-0.2438,1.9998214920337256,1
THR,73,OG1,1141,28.646,17.543,13.302,-0.6761,1.599292343506966,1
THR,73,H,1142,27.509,18.045,15.661,0.2719,1.9831711978545863,1
THR,73,HA,1143,27.309,19.799,13.506,0.1007,1.2001387419794423,1
THR,73,HB,1144,26.738,16.813,13.543,0.0043,1.7060427896157806,1
THR,73,HG1,1145,28.849,17.454,14.237,0.4102,1.1995215712941547,1
THR,73,1HG2,1146,27.248,16.917,11.137,0.0642,1.200012083272499,1
THR,73,2HG2,1147,25.824,17.911,11.532,0.0642,1.4591836758955332,1
THR,73,3HG2,1148,27.402,18.684,11.245,0.0642,1.199894578702646,1
HIE,74,N,1149,24.44,18.437,14.333,-0.4157,3.587046974880592,1
HIE,74,CA,1150,23.004,18.49,14.151,-0.0581,4.0871169545291925,1
HIE,74,C,1151,22.45,19.817,14.649,0.5973,4.670163701627599,1
HIE,74,O,1152,21.617,20.426,13.984,-0.5679,4.84506821417408,1
HIE,74,CB,1153,22.322,17.337,14.88,-0.0074,4.289928787287733,1
HIE,74,CG,1154,22.549,16.002,14.259,0.1868,3.2360571688398836,1
HIE,74,CD2,1155,22.911,14.812,14.798,-0.2207,3.0428162941590804,1
HIE,74,ND1,1156,22.403,15.779,12.907,-0.5432,2.5480461141823962,1
HIE,74,CE1,1157,22.667,14.514,12.643,0.1635,1.8594520698313244,1
HIE,74,NE2,1158,22.977,13.907,13.774,-0.2795,2.225750659889828,1
HIE,74,H,1159,24.821,17.674,14.874,0.2719,3.2009193991726814,1
HIE,74,HA,1160,22.766,18.422,13.091,0.136,3.4724831173095727,1
HIE,74,1HB,1161,22.679,17.295,15.903,0.0367,4.826759264765544,1
HIE,74,2HB,1162,21.259,17.515,14.913,0.0367,5.1165716060659205,1
HIE,74,HD2,1163,23.112,14.613,15.852,0.1862,3.6929815867399087,1
HIE,74,HE1,1164,22.634,14.052,11.659,0.1435,1.8570484646341368,1
HIE,74,HE2,1165,23.223,12.933,13.873,0.3339,2.273911827666148,1
ARG,75,N,1166,23.077,20.366,15.692,-0.3479,4.772934736616453,1
ARG,75,CA,1167,22.62,21.623,16.268,-0.2637,5.147011851550374,1
ARG,75,C,1168,22.691,22.698,15.199,0.7341,5.012174577965139,1
ARG,75,O,1169,21.72,23.415,14.939,-0.5894,5.724091194242106,0
ARG,75,CB,1170,23.485,22.005,17.458,-0.0007,4.752590451532721,0
ARG,75,CG,1171,23.086,23.276,18.166,0.039,5.418943623991672,0
ARG,75,CD,1172,23.996,23.554,19.304,0.0486,5.367616416995535,0
ARG,75,NE,1173,25.369,23.752,18.862,-0.5295,4.1842677973571405,0
ARG,75,CZ,1174,25.846,24.888,18.32,0.8076,4.023941599973836,0
ARG,75,NH1,1175,25.052,25.924,18.158,-0.8627,4.549901537396168,0
ARG,75,NH2,1176,27.112,24.964,17.95,-0.8627,3.19693306154508,0
ARG,75,H,1177,23.676,19.781,16.252,0.2747,4.520695300504119,1
ARG,75,HA,1178,21.6,21.497,16.633,0.156,6.228473488745055,0
ARG,75,1HB,1179,23.467,21.213,18.19,0.0327,5.196536057798504,0
ARG,75,2HB,1180,24.511,22.124,17.137,0.0327,3.6748488404286777,0
ARG,75,1HG,1181,23.134,24.111,17.467,0.0285,5.2761919980228145,0
ARG,75,2HG,1182,22.068,23.178,18.546,0.0285,6.4822747550531945,0
ARG,75,1HD,1183,23.668,24.457,19.821,0.0687,6.165248900085056,0
ARG,75,2HD,1184,23.977,22.713,19.999,0.0687,5.7871437687342775,0
ARG,75,HE,1185,26.013,22.979,18.968,0.3456,3.7577145979970314,0
ARG,75,1HH1,1186,24.083,25.867,18.44,0.4478,5.407048917847889,0
ARG,75,2HH1,1187,25.41,26.776,17.751,0.4478,4.326198908973096,0
ARG,75,1HH2,1188,27.723,24.168,18.074,0.4478,2.843965717092947,0
ARG,75,2HH2,1189,27.47,25.816,17.544,0.4478,2.87213161258324,0
VAL,76,N,1190,23.825,22.704,14.498,-0.4157,3.748082576464933,1
VAL,76,CA,1191,24.107,23.671,13.455,-0.0875,3.2320966879101864,0
VAL,76,C,1192,23.16,23.475,12.286,0.5973,3.085994977312827,1
VAL,76,O,1193,22.529,24.433,11.839,-0.5679,3.3076801538238256,1
VAL,76,CB,1194,25.553,23.515,12.967,0.2985,2.000037249653116,0
VAL,76,CG1,1195,25.782,24.397,11.75,-0.3192,1.999689475893693,0
VAL,76,CG2,1196,26.495,23.873,14.108,-0.3192,1.99941741514872,0
VAL,76,H,1197,24.591,22.136,14.839,0.2719,3.0447188704377925,1
VAL,76,HA,1198,23.984,24.675,13.863,0.0969,4.0565689936201,0
VAL,76,HB,1199,25.729,22.489,12.655,-0.0297,1.1999054129388713,1
VAL,76,1HG1,1200,26.81,24.283,11.406,0.0791,1.2002187300654847,0
VAL,76,2HG1,1201,25.097,24.101,10.952,0.0791,1.1996045181642159,0
VAL,76,3HG1,1202,25.602,25.438,12.017,0.0791,1.781354821477181,0
VAL,76,1HG2,1203,27.525,23.766,13.776,0.0791,1.1997737286672032,0
VAL,76,2HG2,1204,26.318,24.902,14.418,0.0791,1.786297847504719,0
VAL,76,3HG2,1205,26.318,23.209,14.948,0.0791,1.7804889777811035,0
ASP,77,N,1206,22.926,22.205,11.924,-0.5163,2.7345591966530938,1
ASP,77,CA,1207,22.074,21.877,10.787,0.0381,1.9996862253863743,1
ASP,77,C,1208,20.66,22.392,10.987,0.5366,2.691564972279139,1
ASP,77,O,1209,20.07,22.936,10.068,-0.5819,2.4936168510819776,1
ASP,77,CB,1210,22.035,20.37,10.533,-0.0303,1.9994019105722582,1
ASP,77,CG,1211,23.34,19.825,9.941,0.7994,1.739677268920878,1
ASP,77,OD1,1212,24.151,20.611,9.506,-0.8014,1.3995131296275858,1
ASP,77,OD2,1213,23.511,18.629,9.931,-0.8014,1.3995388526225336,1
ASP,77,H,1214,23.558,21.491,12.26,0.2936,2.2348615169625172,1
ASP,77,HA,1215,22.484,22.36,9.901,0.088,1.199485306287659,1
ASP,77,1HB,1216,21.836,19.85,11.463,-0.0122,2.958190663226424,1
ASP,77,2HB,1217,21.221,20.144,9.851,-0.0122,1.464254759254688,1
LEU,78,N,1218,20.166,22.363,12.224,-0.4157,4.0094600634000575,1
LEU,78,CA,1219,18.814,22.84,12.48,-0.0518,4.937920716252946,1
LEU,78,C,1220,18.706,24.31,12.118,0.5973,5.20418072322628,1
LEU,78,O,1221,17.859,24.699,11.317,-0.5679,5.218038999470971,1
LEU,78,CB,1222,18.45,22.628,13.96,-0.1102,6.32206461529776,0
LEU,78,CG,1223,18.207,21.187,14.4,0.3531,6.711802961946963,0
LEU,78,CD1,1224,18.115,21.132,15.892,-0.4121,8.109865226993604,0
LEU,78,CD2,1225,16.938,20.688,13.747,-0.4121,6.83509546385418,0
LEU,78,H,1226,20.66,21.849,12.94,0.2719,4.409179288711221,1
LEU,78,HA,1227,18.118,22.263,11.871,0.0922,4.721104637688093,1
LEU,78,1HB,1228,19.251,23.022,14.573,0.0457,6.5662399438339145,0
LEU,78,2HB,1229,17.542,23.191,14.177,0.0457,7.066255656286431,0
LEU,78,HG,1230,19.046,20.561,14.098,-0.0361,6.15182225035802,1
LEU,78,1HD1,1231,17.944,20.113,16.21,0.1,8.549346700187098,0
LEU,78,2HD1,1232,19.043,21.492,16.316,0.1,8.145873188308297,0
LEU,78,3HD1,1233,17.299,21.75,16.228,0.1,8.755065162521639,0
LEU,78,1HD2,1234,16.754,19.654,14.054,0.1,7.271889231829647,0
LEU,78,2HD2,1235,16.097,21.312,14.052,0.1,7.5892147156342835,0
LEU,78,3HD2,1236,17.051,20.732,12.668,0.1,5.8872506316616064,1
GLY,79,N,1237,19.771,25.05,12.425,-0.4157,5.19149024847394,1
GLY,79,CA,1238,19.815,26.471,12.123,-0.0252,4.949024348293307,0
GLY,79,C,1239,19.838,26.715,10.615,0.5973,3.6600963102082433,1
GLY,79,O,1240,18.993,27.433,10.076,-0.5679,3.782019962929864,0
GLY,79,H,1241,20.445,24.667,13.084,0.2719,5.269773904068372,1
GLY,79,1HA,1242,18.949,26.965,12.562,0.0698,5.6599939045903565,0
GLY,79,2HA,1243,20.7,26.911,12.58,0.0698,4.9395358081503975,0
THR,80,N,1244,20.693,25.953,9.927,-0.4157,3.0338928787945036,1
THR,80,CA,1245,20.888,26.076,8.486,-0.0389,2.1312693400882012,1
THR,80,C,1246,19.647,25.725,7.687,0.5973,3.081094123846267,1
THR,80,O,1247,19.193,26.516,6.862,-0.5679,2.790724816243979,1
THR,80,CB,1248,22.061,25.204,8.01,0.3654,2.000020249897486,1
THR,80,CG2,1249,22.187,25.29,6.51,-0.2438,1.9995094398376798,1
THR,80,OG1,1250,23.278,25.656,8.623,-0.6761,1.5995443101083542,0
THR,80,H,1251,21.339,25.375,10.449,0.2719,3.539555621825993,1
THR,80,HA,1252,21.119,27.119,8.264,0.1007,1.199971249655591,0
THR,80,HB,1253,21.883,24.17,8.304,0.0043,1.199778729599755,1
THR,80,HG1,1254,23.197,25.589,9.579,0.4102,1.9096402802622303,0
THR,80,1HG2,1255,23.018,24.671,6.176,0.0642,1.1995786760358813,1
THR,80,2HG2,1256,21.263,24.937,6.054,0.0642,1.780421017624763,1
THR,80,3HG2,1257,22.367,26.322,6.216,0.0642,1.1994857231330451,0
LEU,81,N,1258,19.015,24.624,8.073,-0.4157,2.8377445269086485,1
LEU,81,CA,1259,17.848,24.104,7.387,-0.0518,3.4298101988302507,1
LEU,81,C,1260,16.656,25.037,7.533,0.5973,4.896270723724333,1
LEU,81,O,1261,15.954,25.291,6.559,-0.5679,5.510927598871173,1
LEU,81,CB,1262,17.525,22.727,7.959,-0.1102,3.2720984092780596,1
LEU,81,CG,1263,18.568,21.63,7.605,0.3531,2.015443871706677,1
LEU,81,CD1,1264,18.279,20.384,8.378,-0.4121,2.4157855865121785,1
LEU,81,CD2,1265,18.519,21.373,6.119,-0.4121,1.999820991989034,1
LEU,81,H,1266,19.481,24.02,8.726,0.2719,2.3446302480348584,1
LEU,81,HA,1267,18.084,24.007,6.329,0.0922,3.034111896420434,1
LEU,81,1HB,1268,17.462,22.805,9.045,0.0457,3.6900624655959406,1
LEU,81,2HB,1269,16.564,22.42,7.585,0.0457,4.103437339597134,1
LEU,81,HG,1270,19.562,21.96,7.884,-0.0361,1.1995620033995722,1
LEU,81,1HD1,1271,19.009,19.627,8.125,0.1,1.970269524709753,1
LEU,81,2HD1,1272,18.333,20.598,9.446,0.1,2.725412996226443,1
LEU,81,3HD1,1273,17.313,20.039,8.134,0.1,3.400328366496388,1
LEU,81,1HD2,1274,19.248,20.604,5.859,0.1,1.4718199618159815,1
LEU,81,2HD2,1275,17.52,21.034,5.84,0.1,3.0061874525717793,1
LEU,81,3HD2,1276,18.753,22.285,5.588,0.1,1.8669916978926293,1
ARG,82,N,1277,16.488,25.671,8.7,-0.3479,5.581617238757959,1
ARG,82,CA,1278,15.393,26.627,8.814,-0.2637,6.838221625539786,0
ARG,82,C,1279,15.649,27.761,7.831,0.7341,6.350146533742351,0
ARG,82,O,1280,14.727,28.371,7.295,-0.5894,7.195586494511756,0
ARG,82,CB,1281,15.249,27.201,10.219,-0.0007,7.229198710783926,0
ARG,82,CG,1282,14.699,26.228,11.266,0.039,8.149598824482101,0
ARG,82,CD,1283,14.268,26.94,12.513,0.0486,9.1009542356832,0
ARG,82,NE,1284,15.378,27.595,13.2,-0.5295,8.537384259830407,0
ARG,82,CZ,1285,16.168,27.007,14.122,0.8076,8.605446066300109,0
ARG,82,NH1,1286,15.967,25.754,14.461,-0.8627,8.971483823760707,0
ARG,82,NH2,1287,17.148,27.693,14.685,-0.8627,8.37824569942897,0
ARG,82,H,1288,17.108,25.499,9.482,0.2747,5.215991660269407,1
ARG,82,HA,1289,14.455,26.118,8.589,0.156,7.50014959850802,0
ARG,82,1HB,1290,16.221,27.545,10.57,0.0327,6.43552165717745,0
ARG,82,2HB,1291,14.583,28.064,10.191,0.0327,7.840489844391102,0
ARG,82,1HG,1292,13.835,25.7,10.859,0.0285,8.495631936471824,0
ARG,82,2HG,1293,15.466,25.508,11.534,0.0285,7.371307075410712,0
ARG,82,1HD,1294,13.533,27.707,12.257,0.0687,9.586783715094443,0
ARG,82,2HD,1295,13.823,26.223,13.204,0.0687,9.771832274450889,0
ARG,82,HE,1296,15.568,28.561,12.969,0.3456,8.283986540307751,0
ARG,82,1HH1,1297,15.219,25.228,14.032,0.4478,8.96346211014472,0
ARG,82,2HH1,1298,16.56,25.315,15.151,0.4478,9.009317676716702,0
ARG,82,1HH2,1299,17.304,28.658,14.425,0.4478,8.127199517669048,0
ARG,82,2HH2,1300,17.739,27.254,15.374,0.4478,8.646810163291432,0
GLY,83,N,1301,16.923,28.092,7.639,-0.4157,5.1143243933094436,0
GLY,83,CA,1302,17.277,29.197,6.77,-0.0252,4.884890582193217,0
GLY,83,C,1303,16.859,28.855,5.341,0.5973,5.12895281709629,0
GLY,83,O,1304,16.19,29.64,4.67,-0.5679,6.127888216996127,0
GLY,83,H,1305,17.626,27.734,8.277,0.2719,4.467041078835069,0
GLY,83,1HA,1306,16.784,30.108,7.109,0.0698,5.767028610991973,0
GLY,83,2HA,1307,18.35,29.381,6.825,0.0698,4.023635917922991,0
TYR,84,N,1308,17.155,27.615,4.937,-0.4157,4.665696625371176,0
TYR,84,CA,1309,16.882,27.117,3.588,-0.0014,5.093217254349158,0
TYR,84,C,1310,15.411,27.171,3.213,0.5973,6.5868077245354595,0
TYR,84,O,1311,15.049,27.685,2.154,-0.5679,7.132569873474777,0
TYR,84,CB,1312,17.383,25.689,3.429,-0.0152,4.939796756952658,1
TYR,84,CG,1313,18.865,25.462,3.302,-0.0011,3.7544712011147463,1
TYR,84,CD1,1314,19.785,26.481,3.052,-0.1906,2.557611581143625,1
TYR,84,CD2,1315,19.285,24.194,3.444,-0.1906,2.9122343655688145,1
TYR,84,CE1,1316,21.158,26.152,2.953,-0.2341,1.8600424726333522,1
TYR,84,CE2,1317,20.589,23.871,3.35,-0.2341,1.9853176068327194,1
TYR,84,CZ,1318,21.544,24.799,3.11,0.3226,2.541169809359461,1
TYR,84,OH,1319,22.875,24.365,3.03,-0.5579,1.5998453050217059,1
TYR,84,H,1320,17.713,27.038,5.555,0.2719,4.014932378010864,1
TYR,84,HA,1321,17.404,27.759,2.879,0.0876,4.676621109305306,0
TYR,84,1HB,1322,17.058,25.109,4.288,0.0295,4.750931066643676,1
TYR,84,2HB,1323,16.929,25.264,2.538,0.0295,5.493557499471541,1
TYR,84,HD1,1324,19.45,27.512,2.937,0.1699,2.698068568439283,0
TYR,84,HD2,1325,18.555,23.412,3.636,0.1699,2.847181413257679,1
TYR,84,HE1,1326,21.899,26.926,2.759,0.1656,1.1996882928494395,0
TYR,84,HE2,1327,20.876,22.863,3.467,0.1656,1.1997345539743345,1
TYR,84,HH,1328,22.887,23.408,3.097,0.3992,1.1996770398736487,1
TYR,85,N,1329,14.568,26.852,4.186,-0.4157,7.354914955320692,0
TYR,85,CA,1330,13.142,26.725,3.932,-0.0014,8.806126787640522,0
TYR,85,C,1331,12.333,27.888,4.499,0.5973,9.497721937391091,0
TYR,85,O,1332,11.101,27.853,4.465,-0.5679,10.717868678053485,0
TYR,85,CB,1333,12.613,25.404,4.501,-0.0152,8.707935748499754,0
TYR,85,CG,1334,13.144,24.145,3.822,-0.0011,7.874832442661874,0
TYR,85,CD1,1335,14.245,23.467,4.332,-0.1906,6.587109305302288,0
TYR,85,CD2,1336,12.52,23.672,2.684,-0.1906,8.609233357274038,0
TYR,85,CE1,1337,14.709,22.333,3.708,-0.2341,6.091108683975356,0
TYR,85,CE2,1338,12.987,22.535,2.059,-0.2341,8.229096973544545,0
TYR,85,CZ,1339,14.076,21.867,2.566,0.3226,7.017478393269194,0
TYR,85,OH,1340,14.534,20.736,1.939,-0.5579,6.798454750897442,0
TYR,85,H,1341,14.946,26.331,4.968,0.2719,6.889582933676027,0
TYR,85,HA,1342,12.983,26.746,2.855,0.0876,9.0633967694237,0
TYR,85,1HB,1343,12.867,25.337,5.556,0.0295,8.41095529651656,0
TYR,85,2HB,1344,11.528,25.385,4.423,0.0295,9.716181194275865,0
TYR,85,HD1,1345,14.736,23.825,5.215,0.1699,6.163051273517038,0
TYR,85,HD2,1346,11.656,24.201,2.279,0.1699,9.640452323413045,0
TYR,85,HE1,1347,15.573,21.806,4.113,0.1656,5.162001549786671,1
TYR,85,HE2,1348,12.492,22.166,1.16,0.1656,9.024044880207542,0
TYR,85,HH,1349,13.996,20.551,1.171,0.3992,7.629638916750911,0
ASN,86,N,1350,13.015,28.931,4.968,-0.4157,8.896604520827031,0
ASN,86,CA,1351,12.343,30.095,5.548,0.0143,9.784270028980188,0
ASN,86,C,1352,11.363,29.708,6.657,0.5973,10.650421494006704,0
ASN,86,O,1353,10.19,30.084,6.614,-0.5679,11.873437160317142,0
ASN,86,CB,1354,11.62,30.889,4.474,-0.2041,10.809073272024756,0
ASN,86,CG,1355,11.216,32.26,4.942,0.713,11.653765314266456,0
ASN,86,ND2,1356,10.112,32.749,4.435,-0.9191,12.905187096667758,0
ASN,86,OD1,1357,11.903,32.878,5.763,-0.5931,11.29136900468672,0
ASN,86,H,1358,14.028,28.911,4.98,0.2719,7.90452079508935,0
ASN,86,HA,1359,13.1,30.734,6.007,0.1048,9.274682258708381,0
ASN,86,1HB,1360,12.267,30.992,3.601,0.0797,10.295809098851823,0
ASN,86,2HB,1361,10.729,30.352,4.157,0.0797,11.533452648708451,0
ASN,86,1HD2,1362,9.794,33.656,4.709,0.4196,13.565997604304666,0
ASN,86,2HD2,1363,9.587,32.215,3.773,0.4196,13.229026419204098,0
GLN,87,N,1364,11.834,28.922,7.612,-0.4157,10.150825089617099,0
GLN,87,CA,1365,11.013,28.478,8.727,-0.0031,11.107383760364094,0
GLN,87,C,1366,11.145,29.379,9.939,0.5973,11.238480057374307,0
GLN,87,O,1367,12.249,29.77,10.318,-0.5679,10.319465780746597,0
GLN,87,CB,1368,11.378,27.052,9.092,-0.0036,10.72648525846188,0
GLN,87,CG,1369,11.203,26.089,7.956,-0.0645,10.327826925350754,0
GLN,87,CD,1370,9.748,25.87,7.607,0.6951,11.585925340688158,0
GLN,87,NE2,1371,9.355,26.221,6.382,-0.9407,12.012411789478413,0
GLN,87,OE1,1372,8.976,25.38,8.445,-0.6086,12.211768012863658,0
GLN,87,H,1373,12.812,28.674,7.597,0.2719,9.157625183419553,0
GLN,87,HA,1374,9.968,28.511,8.42,0.085,12.062156730866995,0
GLN,87,1HB,1375,12.405,27.015,9.416,0.0171,9.816783740105514,0
GLN,87,2HB,1376,10.761,26.733,9.917,0.0171,11.289385634302693,0
GLN,87,1HG,1377,11.71,26.495,7.093,0.0352,9.900456706637325,0
GLN,87,2HG,1378,11.636,25.128,8.236,0.0352,9.597513584257124,0
GLN,87,1HE2,1379,8.401,26.094,6.108,0.4251,12.872688724582757,0
GLN,87,2HE2,1380,10.012,26.614,5.731,0.4251,11.509591217762688,0
SER,88,N,1381,10.004,29.705,10.546,-0.4157,12.512176069733034,0
SER,88,CA,1382,9.983,30.545,11.733,-0.0249,12.989223148441171,0
SER,88,C,1383,10.638,29.842,12.9,0.5973,12.654981509271359,0
SER,88,O,1384,10.357,28.675,13.167,-0.5679,12.878924877488805,0
SER,88,CB,1385,8.557,30.917,12.093,0.2117,14.503417735140914,0
SER,88,OG,1386,7.969,31.69,11.081,-0.6546,14.988400348269323,0
SER,88,H,1387,9.132,29.36,10.173,0.2719,13.24062324817076,0
SER,88,HA,1388,10.553,31.451,11.529,0.0843,12.634387915526418,0
SER,88,1HB,1389,7.973,30.01,12.248,0.0352,14.929073581438335,0
SER,88,2HB,1390,8.553,31.474,13.03,0.0352,14.933615168471428,0
SER,88,HG,1391,7.986,31.146,10.29,0.4275,14.689809699243893,0
GLU,89,N,1392,11.346,30.618,13.71,-0.5163,12.531605044845612,0
GLU,89,CA,1393,11.996,30.114,14.91,0.0397,12.499227216112201,0
GLU,89,C,1394,11.012,29.472,15.872,0.5366,13.740671490141956,0
GLU,89,O,1395,11.347,28.517,16.563,-0.5819,13.805898232277391,0
GLU,89,CB,1396,12.742,31.239,15.623,0.056,12.60249661773412,0
GLU,89,CG,1397,13.981,31.725,14.885,0.0136,11.402395099276292,0
GLU,89,CD,1398,14.666,32.868,15.575,0.8054,11.827469720950461,0
GLU,89,OE1,1399,14.146,33.344,16.555,-0.8188,12.998098937921652,0
GLU,89,OE2,1400,15.712,33.267,15.122,-0.8188,11.089807843240568,0
GLU,89,H,1401,11.534,31.568,13.423,0.2936,12.496018565927308,0
GLU,89,HA,1402,12.714,29.347,14.612,0.1105,11.625175181475761,0
GLU,89,1HB,1403,12.073,32.089,15.759,-0.0173,13.436346601662223,0
GLU,89,2HB,1404,13.048,30.902,16.614,-0.0173,12.931775786797418,0
GLU,89,1HG,1405,14.684,30.895,14.794,-0.0425,10.580667937327965,0
GLU,89,2HG,1406,13.693,32.034,13.88,-0.0425,11.149304103844328,0
ALA,90,N,1407,9.797,30.017,15.914,-0.4157,14.83304860775424,0
ALA,90,CA,1408,8.739,29.563,16.813,0.0337,16.139044271579404,0
ALA,90,C,1409,8.417,28.069,16.659,0.5973,16.225087549840833,0
ALA,90,O,1410,7.953,27.437,17.609,-0.5679,17.116022756470034,0
ALA,90,CB,1411,7.489,30.394,16.584,-0.1825,17.17734455612974,0
ALA,90,H,1412,9.597,30.794,15.302,0.2719,14.821617927878183,0
ALA,90,HA,1413,9.084,29.703,17.838,0.0823,16.468496895588256,0
ALA,90,1HB,1414,6.707,30.071,17.271,0.0603,18.145896781366304,0
ALA,90,2HB,1415,7.716,31.445,16.759,0.0603,17.26910411689037,0
ALA,90,3HB,1416,7.15,30.26,15.558,0.0603,16.95971512142819,0
GLY,91,N,1417,8.629,27.508,15.467,-0.4157,15.428102184001764,0
GLY,91,CA,1418,8.287,26.108,15.222,-0.0252,15.190023765616694,0
GLY,91,C,1419,9.418,25.162,15.59,0.5973,14.227607001881939,0
GLY,91,O,1420,10.585,25.552,15.604,-0.5679,13.429890766495458,0
GLY,91,H,1421,9.006,28.061,14.709,0.2719,14.737298158074973,0
GLY,91,1HA,1422,7.401,25.846,15.799,0.0698,16.139992967780376,0
GLY,91,2HA,1423,8.04,25.976,14.17,0.0698,14.86428743667183,0
SER,92,N,1424,9.063,23.901,15.851,-0.4157,14.34095049151206,0
SER,92,CA,1425,10.039,22.865,16.171,-0.0249,13.554292530412642,0
SER,92,C,1426,10.225,21.926,14.979,0.5973,12.594299861445254,0
SER,92,O,1427,9.248,21.469,14.386,-0.5679,13.080937657522872,0
SER,92,CB,1428,9.594,22.067,17.385,0.2117,14.556117167706503,0
SER,92,OG,1429,10.458,20.979,17.626,-0.6546,14.013560932182797,0
SER,92,H,1430,8.085,23.653,15.805,0.2719,15.070467345109106,0
SER,92,HA,1431,10.976,23.347,16.409,0.0843,13.072691612671047,0
SER,92,1HB,1432,9.573,22.717,18.26,0.0352,15.221669980655866,0
SER,92,2HB,1433,8.582,21.703,17.223,0.0352,15.211994050748242,0
SER,92,HG,1434,11.252,21.337,18.04,0.4275,13.758289646609418,0
HIE,93,N,1435,11.482,21.651,14.632,-0.4157,11.344756938780133,0
HIE,93,CA,1436,11.79,20.805,13.481,-0.0581,10.409908885288091,0
HIE,93,C,1437,12.662,19.618,13.866,0.5973,9.963642556816255,0
HIE,93,O,1438,13.401,19.661,14.847,-0.5679,10.020059580661183,0
HIE,93,CB,1439,12.482,21.624,12.406,-0.0074,9.315282980135384,0
HIE,93,CG,1440,11.645,22.761,11.904,0.1868,10.015137992059817,0
HIE,93,CD2,1441,10.923,22.913,10.769,-0.2207,10.2893161094409,0
HIE,93,ND1,1442,11.483,23.931,12.616,-0.5432,10.712783158451401,0
HIE,93,CE1,1443,10.701,24.751,11.941,0.1635,11.298167727556534,0
HIE,93,NE2,1444,10.347,24.155,10.815,-0.2795,11.08416645490314,0
HIE,93,H,1445,12.236,22.063,15.167,0.2719,11.125384083257527,0
HIE,93,HA,1446,10.868,20.395,13.07,0.136,11.01382740013661,0
HIE,93,1HB,1447,13.417,22.03,12.798,0.0367,8.768889781494575,0
HIE,93,2HB,1448,12.724,20.982,11.585,0.0367,8.693868068932261,0
HIE,93,HD2,1449,10.819,22.18,9.967,0.1862,10.083186054020823,0
HIE,93,HE1,1450,10.4,25.751,12.259,0.1435,11.97701502879578,0
HIE,93,HE2,1451,9.745,24.549,10.094,0.3339,11.53621120645769,0
THR,94,N,1452,12.622,18.559,13.051,-0.4157,9.720287392870643,0
THR,94,CA,1453,13.418,17.375,13.351,-0.0389,9.591628172526288,0
THR,94,C,1454,14.399,16.964,12.245,0.5973,8.432272113730674,0
THR,94,O,1455,14.033,16.755,11.093,-0.5679,8.304992835638089,0
THR,94,CB,1456,12.49,16.175,13.662,0.3654,10.916400597266481,0
THR,94,CG2,1457,13.308,14.918,13.983,-0.2438,10.691220510306575,0
THR,94,OG1,1458,11.655,16.491,14.782,-0.6761,12.026424447856478,0
THR,94,H,1459,12.03,18.574,12.232,0.2719,9.831821855587089,0
THR,94,HA,1460,14.028,17.6,14.214,0.1007,9.59583706614488,0
THR,94,HB,1461,11.856,15.975,12.796,0.0043,11.077529598245269,0
THR,94,HG1,1462,11.122,17.262,14.577,0.4102,12.075902864796486,0
THR,94,1HG2,1463,12.635,14.089,14.197,0.0642,11.478365650213448,0
THR,94,2HG2,1464,13.926,14.665,13.144,0.0642,9.813263167774519,0
THR,94,3HG2,1465,13.939,15.105,14.852,0.0642,10.533384783629618,0
VAL,95,N,1466,15.594,16.58,12.671,-0.4157,8.027733553126934,0
VAL,95,CA,1467,16.607,16.033,11.779,-0.0875,6.7676679883103015,1
VAL,95,C,1468,16.955,14.609,12.168,0.5973,6.682462644863794,0
VAL,95,O,1469,17.085,14.271,13.344,-0.5679,7.198956243789787,0
VAL,95,CB,1470,17.879,16.884,11.803,0.2985,5.71445194222508,1
VAL,95,CG1,1471,18.933,16.248,10.974,-0.3192,4.3317573800941345,1
VAL,95,CG2,1472,17.558,18.243,11.322,-0.3192,5.165525142712983,1
VAL,95,H,1473,15.837,16.745,13.633,0.2719,8.322730201081853,0
VAL,95,HA,1474,16.211,16.026,10.767,0.0969,6.872294303942462,1
VAL,95,HB,1475,18.26,16.939,12.802,-0.0297,5.854090791916366,1
VAL,95,1HG1,1476,19.829,16.863,11.002,0.0791,3.6136831626472175,1
VAL,95,2HG1,1477,19.161,15.257,11.364,0.0791,4.277897965122589,1
VAL,95,3HG1,1478,18.576,16.163,9.947,0.0791,4.420771991406025,1
VAL,95,1HG2,1479,18.459,18.858,11.338,0.0791,4.401360698693074,1
VAL,95,2HG2,1480,17.178,18.184,10.314,0.0791,4.877428933362328,1
VAL,95,3HG2,1481,16.819,18.674,11.962,0.0791,5.872970628225548,1
GLN,96,N,1482,16.893,13.71,11.191,-0.4157,6.619119956610544,0
GLN,96,CA,1483,17.127,12.308,11.478,-0.0031,7.0538580932706605,0
GLN,96,C,1484,18.283,11.77,10.655,0.5973,6.237668554836813,0
GLN,96,O,1485,18.427,12.082,9.478,-0.5679,5.644174518917712,1
GLN,96,CB,1486,15.87,11.485,11.213,-0.0036,8.440890059703419,0
GLN,96,CG,1487,14.703,11.85,12.101,-0.0645,9.493400286514838,0
GLN,96,CD,1488,13.479,11.01,11.825,0.6951,10.845061226198771,0
GLN,96,NE2,1489,12.411,11.261,12.573,-0.9407,11.866788866412008,0
GLN,96,OE1,1490,13.489,10.143,10.947,-0.6086,11.086560602819972,0
GLN,96,H,1491,16.669,14.007,10.251,0.2719,6.5591958348565855,1
GLN,96,HA,1492,17.4,12.214,12.519,0.085,7.257365086586178,0
GLN,96,1HB,1493,15.564,11.614,10.191,0.0171,8.484056812633916,0
GLN,96,2HB,1494,16.09,10.428,11.358,0.0171,8.87758644001848,0
GLN,96,1HG,1495,14.992,11.698,13.143,0.0352,9.659896686818135,0
GLN,96,2HG,1496,14.45,12.886,11.931,0.0352,9.301347429270665,0
GLN,96,1HE2,1497,11.569,10.737,12.435,0.4251,12.78173892707874,0
GLN,96,2HE2,1498,12.446,11.974,13.273,0.4251,11.795042178813944,0
MET,97,N,1499,19.126,10.961,11.269,-0.4157,6.019706055946584,0
MET,97,CA,1500,20.249,10.42,10.524,-0.0237,5.28966095321808,0
MET,97,C,1501,20.426,8.929,10.772,0.5973,5.262484679312616,0
MET,97,O,1502,20.409,8.453,11.899,-0.5679,5.395258381208448,0
MET,97,CB,1503,21.541,11.161,10.868,0.0342,3.925422907152807,1
MET,97,CG,1504,22.765,10.687,10.097,0.0018,2.8066383806967354,1
MET,97,SD,1505,24.236,11.667,10.457,-0.2737,1.7995671701828742,1
MET,97,CE,1506,24.599,11.137,12.117,-0.0536,1.9996102120163335,1
MET,97,H,1507,19.021,10.788,12.261,0.2719,6.229519002298651,0
MET,97,HA,1508,20.046,10.541,9.468,0.088,5.471102996654331,0
MET,97,1HB,1509,21.412,12.222,10.669,0.0241,3.513975810958294,1
MET,97,2HB,1510,21.752,11.055,11.906,0.0241,3.8008577979187805,1
MET,97,1HG,1511,22.975,9.649,10.347,0.044,2.587978941181707,1
MET,97,2HG,1512,22.566,10.746,9.025,0.044,3.1855230339773093,1
MET,97,1HE,1513,25.48,11.653,12.477,0.0684,1.412217051306209,1
MET,97,2HE,1514,23.755,11.366,12.76,0.0684,2.430622142579963,1
MET,97,3HE,1515,24.779,10.063,12.122,0.0684,1.199585761836144,1
MET,98,N,1516,20.736,8.215,9.704,-0.4157,5.140811317292241,0
MET,98,CA,1517,20.962,6.786,9.76,-0.0237,5.51043863952771,0
MET,98,C,1518,22.314,6.47,9.168,0.5973,4.342306990529343,0
MET,98,O,1519,22.655,6.928,8.086,-0.5679,4.069467778469316,1
MET,98,CB,1520,19.856,6.024,9.024,0.0342,6.818677731056071,0
MET,98,CG,1521,20.013,4.499,9.062,0.0018,7.189916828448016,0
MET,98,SD,1522,21.086,3.873,7.724,-0.2737,6.912089843166103,0
MET,98,CE,1523,21.31,2.177,8.238,-0.0536,7.6941552492785075,0
MET,98,H,1524,20.658,8.647,8.796,0.2719,5.178694333516893,0
MET,98,HA,1525,20.968,6.475,10.798,0.088,5.603307326927553,0
MET,98,1HB,1526,18.889,6.275,9.46,0.0241,7.65555771972232,0
MET,98,2HB,1527,19.835,6.333,7.986,0.0241,6.903487089869871,0
MET,98,1HG,1528,20.444,4.2,10.021,0.044,6.882341098783175,0
MET,98,2HG,1529,19.036,4.03,8.969,0.044,8.276226857693063,0
MET,98,1HE,1530,21.946,1.659,7.518,0.0684,7.888041898975942,0
MET,98,2HE,1531,21.78,2.155,9.223,0.0684,7.229623365017018,0
MET,98,3HE,1532,20.341,1.68,8.287,0.0684,8.6897575340167,0
TYR,99,N,1533,23.016,5.557,9.801,-0.4157,3.9866891025009723,1
TYR,99,CA,1534,24.331,5.127,9.35,-0.0014,3.3409968572268967,1
TYR,99,C,1535,24.529,3.643,9.549,0.5973,4.4172079416753744,1
TYR,99,O,1536,24.282,3.127,10.628,-0.5679,4.52869893015643,0
TYR,99,CB,1537,25.401,5.922,10.097,-0.0152,1.9999454992574175,1
TYR,99,CG,1538,26.806,5.487,9.805,-0.0011,1.7397994137256165,1
TYR,99,CD1,1539,27.467,5.898,8.673,-0.1906,1.859504503893444,1
TYR,99,CD2,1540,27.437,4.651,10.707,-0.1906,1.859749714343303,1
TYR,99,CE1,1541,28.762,5.463,8.459,-0.2341,1.85967792910493,1
TYR,99,CE2,1542,28.715,4.227,10.488,-0.2341,1.8598524134995225,1
TYR,99,CZ,1543,29.376,4.626,9.376,0.3226,1.7396117382910463,1
TYR,99,OH,1544,30.64,4.204,9.162,-0.5579,1.5997306023202775,1
TYR,99,H,1545,22.683,5.244,10.708,0.2719,4.474819884643403,0
TYR,99,HA,1546,24.411,5.33,8.283,0.0876,3.46717190228578,1
TYR,99,1HB,1547,25.313,6.98,9.836,0.0295,1.2955064646693204,1
TYR,99,2HB,1548,25.236,5.831,11.169,0.0295,2.2070276391563373,1
TYR,99,HD1,1549,26.975,6.554,7.961,0.1699,1.819727726886635,1
TYR,99,HD2,1550,26.919,4.331,11.589,0.1699,2.075327925895086,1
TYR,99,HE1,1551,29.301,5.773,7.578,0.1656,2.061115232101301,1
TYR,99,HE2,1552,29.202,3.567,11.208,0.1656,1.6589481607331797,1
TYR,99,HH,1553,30.964,4.573,8.337,0.3992,2.013592063949399,1
GLY,100,N,1554,25.105,2.95,8.571,-0.4157,4.996747942412144,1
GLY,100,CA,1555,25.277,1.535,8.84,-0.0252,5.92520590359525,0
GLY,100,C,1556,26.135,0.764,7.862,0.5973,6.563336194345068,0
GLY,100,O,1557,26.252,1.076,6.682,-0.5679,6.955794778456305,0
GLY,100,H,1558,25.226,3.347,7.647,0.2719,5.039050009674443,1
GLY,100,1HA,1559,25.722,1.43,9.828,0.0698,5.208329194665023,0
GLY,100,2HA,1560,24.295,1.063,8.856,0.0698,6.80288828366305,0
CYS,101,N,1561,26.425,-0.472,8.277,-0.4157,7.055964498210008,0
CYS,101,CA,1562,27.216,-1.395,7.473,0.0213,8.020067643106259,0
CYS,101,C,1563,26.711,-2.828,7.533,0.5973,9.148860748748993,0
CYS,101,O,1564,26.397,-3.352,8.601,-0.5679,9.062153827871166,0
CYS,101,CB,1565,28.662,-1.34,7.927,-0.1231,7.0409560430384746,0
CYS,101,SG,1566,29.368,0.273,7.721,-0.3119,5.813012127976339,0
CYS,101,H,1567,26.121,-0.748,9.201,0.2719,6.879643595419752,0
CYS,101,HA,1568,27.151,-1.082,6.432,0.1124,8.338212578244812,0
CYS,101,1HB,1569,28.731,-1.623,8.977,0.1112,6.538671577621863,0
CYS,101,2HB,1570,29.255,-2.057,7.361,0.1112,7.66557982151383,0
ASP,102,N,1571,26.603,-3.448,6.372,-0.5163,10.276856717888013,0
ASP,102,CA,1572,26.142,-4.816,6.235,0.0381,11.466785338533201,0
ASP,102,C,1573,27.312,-5.728,5.881,0.5366,11.818887172657162,0
ASP,102,O,1574,27.994,-5.475,4.884,-0.5819,12.022902727710976,0
ASP,102,CB,1575,25.053,-4.921,5.162,-0.0303,12.641279246974968,0
ASP,102,CG,1576,23.746,-4.229,5.547,0.7994,12.369610058526503,0
ASP,102,OD1,1577,23.562,-3.965,6.705,-0.8014,11.663229612761638,0
ASP,102,OD2,1578,22.946,-3.97,4.679,-0.8014,13.01893812874153,0
ASP,102,H,1579,26.771,-2.923,5.53,0.2936,10.342978004424063,0
ASP,102,HA,1580,25.716,-5.142,7.184,0.088,11.407098710890514,0
ASP,102,1HB,1581,25.419,-4.482,4.247,-0.0122,12.727571488701212,0
ASP,102,2HB,1582,24.839,-5.972,4.963,-0.0122,13.590976307830134,0
VAL,103,N,1583,27.432,-6.859,6.584,-0.4157,12.264555352722741,0
VAL,103,CA,1584,28.504,-7.812,6.31,-0.0875,12.86727154450391,0
VAL,103,C,1585,27.94,-9.194,6.027,0.5973,14.305770094615669,0
VAL,103,O,1586,26.984,-9.637,6.66,-0.5679,14.679350871206804,0
VAL,103,CB,1587,29.503,-7.921,7.479,0.2985,12.212317142950392,0
VAL,103,CG1,1588,30.161,-6.56,7.753,-0.3192,10.787033002637935,0
VAL,103,CG2,1589,28.786,-8.427,8.694,-0.3192,12.357680445779456,0
VAL,103,H,1590,26.866,-6.99,7.407,0.2719,12.193188016265477,0
VAL,103,HA,1591,29.038,-7.473,5.424,0.0969,12.940892936733539,0
VAL,103,HB,1592,30.287,-8.6,7.212,-0.0297,12.824984678353424,0
VAL,103,1HG1,1593,30.863,-6.656,8.582,0.0791,10.446794915188104,0
VAL,103,2HG1,1594,30.686,-6.232,6.881,0.0791,10.880096966479664,0
VAL,103,3HG1,1595,29.395,-5.829,8.01,0.0791,10.167510265546822,0
VAL,103,1HG2,1596,29.486,-8.507,9.525,0.0791,12.045988004310813,0
VAL,103,2HG2,1597,28.006,-7.748,8.948,0.0791,11.866800453365684,0
VAL,103,3HG2,1598,28.36,-9.411,8.484,0.0791,13.428453596747469,0
GLY,104,N,1599,28.684,-9.969,5.26,-0.4157,15.163439121782368,0
GLY,104,CA,1600,28.329,-11.33,4.908,-0.0252,16.565780875044798,0
GLY,104,C,1601,28.364,-12.264,6.1,0.5973,16.868401257973442,0
GLY,104,O,1602,29.017,-12.01,7.103,-0.5679,16.15097733884857,0
GLY,104,H,1603,29.479,-9.553,4.8,0.2719,14.913201299519834,0
GLY,104,1HA,1604,27.331,-11.349,4.474,0.0698,17.013769276677053,0
GLY,104,2HA,1605,29.019,-11.694,4.147,0.0698,17.126031910515643,0
SER,105,N,1606,28.115,-13.532,5.795,-0.4157,18.17824801789215,0
SER,105,CA,1607,28.206,-14.603,6.78,-0.0249,18.737876240385408,0
SER,105,C,1608,29.652,-14.832,7.251,0.5973,18.126422620031786,0
SER,105,O,1609,29.884,-15.432,8.301,-0.5679,18.11439231660836,0
SER,105,CB,1610,27.646,-15.889,6.204,0.2117,20.24848332591851,0
SER,105,OG,1611,28.448,-16.361,5.155,-0.6546,20.764527757692925,0
SER,105,H,1612,27.709,-13.742,4.895,0.2719,18.805234297928862,0
SER,105,HA,1613,27.617,-14.32,7.651,0.0843,18.400122200681167,0
SER,105,1HB,1614,27.588,-16.642,6.989,0.0352,20.544774347750817,0
SER,105,2HB,1615,26.634,-15.712,5.842,0.0352,20.465511598784918,0
SER,105,HG,1616,29.318,-16.511,5.534,0.4275,20.39373494483048,0
ASP,106,N,1617,30.618,-14.343,6.465,-0.5163,17.75159328060442,0
ASP,106,CA,1618,32.047,-14.472,6.758,0.0381,17.29674937668925,0
ASP,106,C,1619,32.595,-13.171,7.359,0.5366,15.778652699137528,0
ASP,106,O,1620,33.803,-13.017,7.54,-0.5819,15.305837905844944,0
ASP,106,CB,1621,32.831,-14.837,5.495,-0.0303,18.065369661316094,0
ASP,106,CG,1622,32.508,-16.238,4.972,0.7994,19.56271765374126,0
ASP,106,OD1,1623,32.412,-17.14,5.77,-0.8014,19.9489390695345,0
ASP,106,OD2,1624,32.361,-16.39,3.782,-0.8014,20.352876995648554,0
ASP,106,H,1625,30.35,-13.859,5.621,0.2936,17.85550416538273,0
ASP,106,HA,1626,32.183,-15.259,7.499,0.088,17.592604838397296,0
ASP,106,1HB,1627,32.61,-14.113,4.711,-0.0122,17.937684939813163,0
ASP,106,2HB,1628,33.899,-14.784,5.702,-0.0122,17.72634680355769,0
TRP,107,N,1629,31.666,-12.256,7.657,-0.4157,15.139336213982434,0
TRP,107,CA,1630,31.895,-10.916,8.209,-0.0275,13.711529345773213,0
TRP,107,C,1631,32.65,-9.993,7.257,0.5973,13.224696631681196,0
TRP,107,O,1632,33.267,-9.016,7.686,-0.5679,12.05598996349947,0
TRP,107,CB,1633,32.672,-10.996,9.529,-0.005,12.912607211558788,0
TRP,107,CG,1634,31.938,-11.804,10.587,-0.1415,13.434162757686092,0
TRP,107,CD1,1635,30.804,-12.541,10.388,-0.1638,14.55365084781135,0
TRP,107,CD2,1636,32.266,-11.972,11.999,0.1243,13.066033254205347,0
TRP,107,CE2,1637,31.295,-12.804,12.548,0.138,14.044814950721136,0
TRP,107,CE3,1638,33.29,-11.49,12.823,-0.2387,12.139373995392019,0
TRP,107,NE1,1639,30.414,-13.139,11.557,-0.3418,14.898272920040093,0
TRP,107,CZ2,1640,31.302,-13.173,13.877,-0.2601,14.076939475610457,0
TRP,107,CZ3,1641,33.303,-11.857,14.164,-0.1972,12.182758513571546,0
TRP,107,CH2,1642,32.334,-12.678,14.678,-0.1134,13.112555853074563,0
TRP,107,H,1643,30.711,-12.484,7.439,0.2719,15.751436537662208,0
TRP,107,HA,1644,30.925,-10.463,8.397,0.1123,13.598542421892134,0
TRP,107,1HB,1645,33.642,-11.444,9.364,0.0339,13.124712187320526,0
TRP,107,2HB,1646,32.837,-10.002,9.899,0.0339,11.858694616187735,0
TRP,107,HD1,1647,30.284,-12.638,9.437,0.2062,15.177701044624644,0
TRP,107,HE1,1648,29.606,-13.733,11.671,0.3412,15.733142851954279,0
TRP,107,HE3,1649,34.059,-10.845,12.427,0.17,11.431521552269409,0
TRP,107,HZ2,1650,30.542,-13.821,14.298,0.1572,14.85945086468541,0
TRP,107,HZ3,1651,34.105,-11.475,14.797,0.1447,11.501934359054566,0
TRP,107,HH2,1652,32.373,-12.949,15.734,0.1417,13.204278132484184,0
ARG,108,N,1653,32.584,-10.294,5.968,-0.3479,14.187530933886983,0
ARG,108,CA,1654,33.188,-9.439,4.956,-0.2637,13.946751413859788,0
ARG,108,C,1655,32.235,-8.308,4.596,0.7341,13.577949808421005,0
ARG,108,O,1656,31.031,-8.509,4.523,-0.5894,14.059965362688487,0
ARG,108,CB,1657,33.525,-10.24,3.711,-0.0007,15.266104283673684,0
ARG,108,CG,1658,34.588,-11.304,3.913,0.039,15.822279513395026,0
ARG,108,CD,1659,34.83,-12.077,2.67,0.0486,17.17153350752343,0
ARG,108,NE,1660,33.665,-12.855,2.28,-0.5295,18.14117267433393,0
ARG,108,CZ,1661,33.545,-13.522,1.117,0.8076,19.397063385987064,0
ARG,108,NH1,1662,34.525,-13.497,0.24,-0.8627,19.84408773413381,0
ARG,108,NH2,1663,32.443,-14.204,0.855,-0.8627,20.25493460863303,0
ARG,108,H,1664,32.083,-11.121,5.676,0.2747,15.14229962720326,0
ARG,108,HA,1665,34.105,-9.007,5.356,0.156,13.202722522267896,0
ARG,108,1HB,1666,32.624,-10.734,3.345,0.0327,16.043097612369,0
ARG,108,2HB,1667,33.873,-9.567,2.928,0.0327,15.238142734598599,0
ARG,108,1HG,1668,35.523,-10.832,4.212,0.0285,15.202928698116033,0
ARG,108,2HG,1669,34.263,-11.997,4.693,0.0285,15.97109667493125,0
ARG,108,1HD,1670,35.068,-11.392,1.857,0.0687,17.166369476391914,0
ARG,108,2HD,1671,35.662,-12.762,2.824,0.0687,17.5735922907071,0
ARG,108,HE,1672,32.89,-12.899,2.93,0.3456,17.907491253662528,0
ARG,108,1HH1,1673,35.368,-12.976,0.439,0.4478,19.274610164669998,0
ARG,108,2HH1,1674,34.435,-13.996,-0.632,0.4478,20.804019058826107,0
ARG,108,1HH2,1675,31.69,-14.225,1.529,0.4478,20.012982136603227,0
ARG,108,2HH2,1676,32.355,-14.703,-0.017,0.4478,21.196095984874198,0
PHE,109,N,1677,32.76,-7.107,4.409,-0.4157,12.743571163531831,0
PHE,109,CA,1678,31.897,-5.987,4.055,-0.0024,12.410111603043706,0
PHE,109,C,1679,31.232,-6.126,2.705,0.5973,13.480383748246933,0
PHE,109,O,1680,31.89,-6.299,1.678,-0.5679,14.365965682821328,0
PHE,109,CB,1681,32.701,-4.699,4.073,-0.0343,11.555073604265791,0
PHE,109,CG,1682,31.912,-3.47,3.729,0.0118,10.950476747612408,0
PHE,109,CD1,1683,31.004,-2.914,4.621,-0.1256,9.936428382472245,0
PHE,109,CD2,1684,32.08,-2.864,2.496,-0.1256,11.224212088160131,0
PHE,109,CE1,1685,30.293,-1.786,4.278,-0.1704,9.288659806452166,0
PHE,109,CE2,1686,31.367,-1.736,2.158,-0.1704,10.75185816498711,0
PHE,109,CZ,1687,30.477,-1.201,3.047,-0.1072,9.735629666333862,0
PHE,109,H,1688,33.759,-6.971,4.465,0.2719,12.386346071380373,0
PHE,109,HA,1689,31.107,-5.915,4.793,0.0978,11.861945624559237,0
PHE,109,1HB,1690,33.122,-4.56,5.051,0.0295,10.62457552093259,0
PHE,109,2HB,1691,33.526,-4.775,3.368,0.0295,11.924827545922833,0
PHE,109,HD1,1692,30.857,-3.374,5.593,0.133,9.517774372194374,0
PHE,109,HD2,1693,32.789,-3.291,1.787,0.133,11.61552538630948,0
PHE,109,HE1,1694,29.583,-1.355,4.98,0.143,8.594633325511914,0
PHE,109,HE2,1695,31.509,-1.269,1.184,0.143,11.05709405766271,0
PHE,109,HZ,1696,29.915,-0.312,2.777,0.1297,9.437820987918768,0
LEU,110,N,1697,29.914,-5.958,2.716,-0.4157,13.462438894940249,0
LEU,110,CA,1698,29.086,-6.049,1.531,-0.0518,14.424493128009734,0
LEU,110,C,1699,28.689,-4.679,1.019,0.5973,13.789517939362492,0
LEU,110,O,1700,28.97,-4.322,-0.126,-0.5679,14.30982983826153,0
LEU,110,CB,1701,27.823,-6.863,1.814,-0.1102,15.113623820910721,0
LEU,110,CG,1702,28.029,-8.29,2.218,0.3531,15.755165375203141,0
LEU,110,CD1,1703,26.672,-8.899,2.522,-0.4121,16.356782140751278,0
LEU,110,CD2,1704,28.736,-9.037,1.111,-0.4121,16.893091931319148,0
LEU,110,H,1705,29.443,-5.853,3.604,0.2719,12.817024810774145,0
LEU,110,HA,1706,29.655,-6.548,0.748,0.0922,15.236783420394213,0
LEU,110,1HB,1707,27.268,-6.378,2.611,0.0457,14.386761762120063,0
LEU,110,2HB,1708,27.205,-6.864,0.917,0.0457,15.778372286139025,0
LEU,110,HG,1709,28.629,-8.33,3.117,-0.0361,15.071583493448857,0
LEU,110,1HD1,1710,26.793,-9.929,2.817,0.1,16.90716481258759,0
LEU,110,2HD1,1711,26.199,-8.343,3.336,0.1,15.611384980199546,0
LEU,110,3HD1,1712,26.044,-8.849,1.635,0.1,17.082148898777344,0
LEU,110,1HD2,1713,28.883,-10.075,1.412,0.1,17.42312822084484,0
LEU,110,2HD2,1714,28.133,-9.002,0.205,0.1,17.612093714263505,0
LEU,110,3HD2,1715,29.704,-8.571,0.921,0.1,16.56057278598781,0
ARG,111,N,1716,28.038,-3.905,1.887,-0.3479,12.782683990461472,0
ARG,111,CA,1717,27.511,-2.604,1.491,-0.2637,12.316828812644918,0
ARG,111,C,1718,27.302,-1.687,2.683,0.7341,10.953940752076397,0
ARG,111,O,1719,27.132,-2.146,3.806,-0.5894,10.571822454052093,0
ARG,111,CB,1720,26.196,-2.8,0.758,-0.0007,13.346832957672017,0
ARG,111,CG,1721,25.095,-3.392,1.59,0.039,13.572319256486711,0
ARG,111,CD,1722,23.884,-3.63,0.792,0.0486,14.528427134414793,0
ARG,111,NE,1723,22.799,-4.164,1.602,-0.5295,14.756646570274699,0
ARG,111,CZ,1724,21.577,-4.479,1.131,0.8076,15.595346741897085,0
ARG,111,NH1,1725,21.299,-4.309,-0.143,-0.8627,16.23805370110593,0
ARG,111,NH2,1726,20.655,-4.96,1.948,-0.8627,15.904937158002227,0
ARG,111,H,1727,27.885,-4.257,2.832,0.2747,12.477471458592882,0
ARG,111,HA,1728,28.238,-2.12,0.839,0.156,12.323162986830937,0
ARG,111,1HB,1729,25.846,-1.841,0.378,0.0327,13.003347607443247,0
ARG,111,2HB,1730,26.35,-3.455,-0.099,0.0327,14.339294961747598,0
ARG,111,1HG,1731,25.426,-4.339,2.005,0.0285,13.845275511884912,0
ARG,111,2HG,1732,24.842,-2.705,2.402,0.0285,12.653780067631963,0
ARG,111,1HD,1733,23.553,-2.693,0.352,0.0687,14.1216997914557,0
ARG,111,2HD,1734,24.105,-4.345,0.003,0.0687,15.52006816995338,0
ARG,111,HE,1735,22.975,-4.31,2.592,0.3456,14.361199462440455,0
ARG,111,1HH1,1736,22.003,-3.942,-0.769,0.4478,16.123132232913058,0
ARG,111,2HH1,1737,20.384,-4.545,-0.496,0.4478,16.924773381052994,0
ARG,111,1HH2,1738,20.868,-5.091,2.928,0.4478,15.521940020500015,0
ARG,111,2HH2,1739,19.74,-5.195,1.593,0.4478,16.605832740335547,0
GLY,112,N,1740,27.155,-0.396,2.415,-0.4157,10.317712827947869,0
GLY,112,CA,1741,26.9,0.556,3.486,-0.0252,8.990298993915609,0
GLY,112,C,1742,25.896,1.619,3.093,0.5973,8.772042065562612,0
GLY,112,O,1743,25.643,1.849,1.911,-0.5679,9.497909875335731,0
GLY,112,H,1744,27.233,-0.068,1.463,0.2719,10.732840537341454,0
GLY,112,1HA,1745,26.531,0.024,4.36,0.0698,8.948733206437657,0
GLY,112,2HA,1746,27.837,1.034,3.765,0.0698,8.250190664463458,0
TYR,113,N,1747,25.362,2.303,4.098,-0.4157,7.664202633020607,0
TYR,113,CA,1748,24.384,3.355,3.893,-0.0014,7.279182715113008,0
TYR,113,C,1749,24.594,4.588,4.745,0.5973,5.835951850383962,0
TYR,113,O,1750,25.019,4.536,5.901,-0.5679,4.931639585371179,1
TYR,113,CB,1751,22.965,2.835,4.132,-0.0152,7.971838244721226,0
TYR,113,CG,1752,22.542,1.732,3.208,-0.0011,9.45187997173049,0
TYR,113,CD1,1753,22.768,0.4,3.542,-0.1906,10.115889827395314,0
TYR,113,CD2,1754,21.925,2.054,2.017,-0.1906,10.296339592301722,0
TYR,113,CE1,1755,22.369,-0.598,2.671,-0.2341,11.491206594609638,0
TYR,113,CE2,1756,21.528,1.064,1.153,-0.2341,11.641174425288884,0
TYR,113,CZ,1757,21.745,-0.253,1.469,0.3226,12.188876568412693,0
TYR,113,OH,1758,21.342,-1.229,0.596,-0.5579,13.552992658450016,0
TYR,113,H,1759,25.591,2.025,5.041,0.2719,7.2822309768367,0
TYR,113,HA,1760,24.47,3.693,2.861,0.0876,7.83491423054522,0
TYR,113,1HB,1761,22.882,2.465,5.156,0.0295,7.681725196855195,0
TYR,113,2HB,1762,22.253,3.655,4.02,0.0295,7.893580999774437,0
TYR,113,HD1,1763,23.257,0.147,4.484,0.1699,9.660853637231028,0
TYR,113,HD2,1764,21.75,3.099,1.759,0.1699,9.998389520317758,0
TYR,113,HE1,1765,22.542,-1.642,2.924,0.1656,12.106465834420877,0
TYR,113,HE2,1766,21.041,1.324,0.213,0.1656,12.36105727678664,0
TYR,113,HH,1767,20.935,-0.822,-0.173,0.3992,13.938903292583674,0
HID,114,N,1768,23.934,5.641,4.296,-0.4157,5.909630614513905,0
HID,114,CA,1769,23.798,6.866,5.052,0.0188,4.962622391437818,1
HID,114,C,1770,22.547,7.58,4.545,0.5973,5.6252701268472425,0
HID,114,O,1771,22.494,8.043,3.412,-0.5679,5.698647822071478,0
HID,114,CB,1772,25.03,7.752,4.898,-0.0462,3.9842059434723,1
HID,114,CG,1773,25.031,8.96,5.794,-0.0266,2.9591709987765156,1
HID,114,CD2,1774,25.785,9.255,6.879,0.1292,1.8593584915233539,1
HID,114,ND1,1775,24.184,10.028,5.612,-0.3811,2.5849491290932574,1
HID,114,CE1,1776,24.416,10.929,6.545,0.2057,1.860064515010164,1
HID,114,NE2,1777,25.381,10.485,7.324,-0.5727,1.699591127300916,1
HID,114,H,1778,23.553,5.606,3.36,0.2719,6.855387224657699,0
HID,114,HA,1779,23.684,6.637,6.094,0.0881,4.30114473134769,1
HID,114,1HB,1780,25.924,7.165,5.116,0.0402,3.906258951989743,1
HID,114,2HB,1781,25.105,8.092,3.881,0.0402,4.122388627968013,1
HID,114,HD1,1782,23.448,10.091,4.937,0.3649,3.2416949270404816,1
HID,114,HD2,1783,26.577,8.729,7.398,0.1147,1.1996920438179126,1
HID,114,HE1,1784,23.849,11.853,6.578,0.1392,2.0131333785916916,1
GLN,115,N,1785,21.663,7.95,5.466,-0.4157,5.7742176093389475,0
GLN,115,CA,1786,20.443,8.648,5.071,-0.0031,6.425960939812814,0
GLN,115,C,1787,20.146,9.812,5.994,0.5973,5.940810887412594,0
GLN,115,O,1788,20.213,9.697,7.212,-0.5679,5.823343541299963,0
GLN,115,CB,1789,19.257,7.679,5.051,-0.0036,7.928059850934526,0
GLN,115,CG,1790,19.388,6.553,4.033,-0.0645,8.670218105676463,0
GLN,115,CD,1791,18.196,5.633,4.037,0.6951,9.962749168778664,0
GLN,115,NE2,1792,17.544,5.505,2.887,-0.9407,10.984439448601824,0
GLN,115,OE1,1793,17.859,5.037,5.064,-0.6086,9.940335054715206,0
GLN,115,H,1794,21.765,7.611,6.414,0.2719,5.269145091948028,0
GLN,115,HA,1795,20.585,9.063,4.074,0.085,6.3286856455349385,0
GLN,115,1HB,1796,19.138,7.233,6.028,0.0171,7.7060861012578865,0
GLN,115,2HB,1797,18.343,8.23,4.829,0.0171,8.427464743325835,0
GLN,115,1HG,1798,19.481,6.985,3.041,0.0352,8.60797937962214,0
GLN,115,2HG,1799,20.274,5.963,4.267,0.0352,8.096575263653145,0
GLN,115,1HE2,1800,16.744,4.907,2.828,0.4251,11.95774937017832,0
GLN,115,2HE2,1801,17.852,6.007,2.078,0.4251,10.715201677990013,0
TYR,116,N,1802,19.949,10.98,5.416,-0.4157,5.234402449181759,1
TYR,116,CA,1803,19.713,12.177,6.205,-0.0014,4.502768703808801,1
TYR,116,C,1804,18.321,12.711,5.833,0.5973,5.51522420215171,1
TYR,116,O,1805,18.113,13.156,4.703,-0.5679,5.8231302578596,1
TYR,116,CB,1806,20.836,13.165,5.901,-0.0152,3.0852860483268025,1
TYR,116,CG,1807,20.81,14.418,6.653,-0.0011,2.5371499758587395,1
TYR,116,CD1,1808,21.267,14.426,7.952,-0.1906,1.8601951510527053,1
TYR,116,CD2,1809,20.34,15.552,6.068,-0.1906,3.1557175095372516,1
TYR,116,CE1,1810,21.25,15.586,8.668,-0.2341,1.8596488915921743,1
TYR,116,CE2,1811,20.315,16.729,6.776,-0.2341,2.79953764039707,1
TYR,116,CZ,1812,20.768,16.75,8.07,0.3226,2.3618602837593903,1
TYR,116,OH,1813,20.75,17.905,8.78,-0.5579,2.6359366456726536,1
TYR,116,H,1814,19.984,11.065,4.413,0.2719,5.454295004856265,1
TYR,116,HA,1815,19.745,11.928,7.264,0.0876,4.393170836650901,1
TYR,116,1HB,1816,21.79,12.693,6.1,0.0295,2.650403931479126,1
TYR,116,2HB,1817,20.814,13.426,4.845,0.0295,3.3618118626716766,1
TYR,116,HD1,1818,21.642,13.506,8.404,0.1699,2.0186601992410704,1
TYR,116,HD2,1819,19.992,15.509,5.059,0.1699,3.3894773933454685,1
TYR,116,HE1,1820,21.611,15.595,9.697,0.1656,1.367352917135878,1
TYR,116,HE2,1821,19.938,17.642,6.311,0.1656,2.158703777733297,1
TYR,116,HH,1822,21.098,17.746,9.659,0.3992,2.30923212345576,1
ALA,117,N,1823,17.492,12.98,6.848,-0.4157,5.930589262459505,1
ALA,117,CA,1824,16.13,13.471,6.637,0.0337,7.1547076110767795,1
ALA,117,C,1825,15.867,14.775,7.379,0.5973,6.929358556172425,1
ALA,117,O,1826,16.31,14.979,8.506,-0.5679,6.738831204296484,1
ALA,117,CB,1827,15.118,12.408,7.038,-0.1825,8.331542054145798,0
ALA,117,H,1828,17.735,12.649,7.768,0.2719,5.746285843916921,1
ALA,117,HA,1829,16.024,13.686,5.576,0.0823,7.164331720404912,1
ALA,117,1HB,1830,14.112,12.756,6.818,0.0603,9.236087320938449,0
ALA,117,2HB,1831,15.315,11.493,6.48,0.0603,8.514896182573219,0
ALA,117,3HB,1832,15.205,12.214,8.091,0.0603,8.284879419762245,0
TYR,118,N,1833,14.904,15.532,6.868,-0.4157,7.072319350821201,1
TYR,118,CA,1834,14.456,16.746,7.531,-0.0014,7.165983114688453,1
TYR,118,C,1835,12.938,16.915,7.504,0.5973,8.467392160517901,0
TYR,118,O,1836,12.252,16.54,6.553,-0.5679,8.97167576320054,0
TYR,118,CB,1837,15.121,17.963,6.9,-0.0152,6.030593088577607,1
TYR,118,CG,1838,14.747,19.258,7.55,-0.0011,6.000177164051075,1
TYR,118,CD1,1839,14.853,19.388,8.918,-0.1906,6.010398988419985,1
TYR,118,CD2,1840,14.299,20.317,6.785,-0.1906,6.1555003046056305,1
TYR,118,CE1,1841,14.516,20.561,9.526,-0.2341,6.313855399041063,1
TYR,118,CE2,1842,13.958,21.505,7.398,-0.2341,6.515543108598085,0
TYR,118,CZ,1843,14.064,21.629,8.76,0.3226,6.627641963775655,0
TYR,118,OH,1844,13.725,22.809,9.365,-0.5579,7.224773352846443,0
TYR,118,H,1845,14.466,15.253,6.004,0.2719,7.392894020611957,0
TYR,118,HA,1846,14.737,16.686,8.581,0.0876,7.1762038014538,1
TYR,118,1HB,1847,16.208,17.853,6.953,0.0295,5.089672975742157,1
TYR,118,2HB,1848,14.851,18.02,5.845,0.0295,6.015544281276632,1
TYR,118,HD1,1849,15.204,18.558,9.512,0.1699,6.044222447924958,1
TYR,118,HD2,1850,14.215,20.212,5.704,0.1699,6.322551858229397,1
TYR,118,HE1,1851,14.603,20.652,10.601,0.1656,6.573996425310861,0
TYR,118,HE2,1852,13.603,22.342,6.805,0.1656,6.927973008030559,0
TYR,118,HH,1853,13.435,23.438,8.698,0.3992,7.480921734652756,0
ASP,119,N,1854,12.38,16.976,8.713,-0.5163,9.09929370885455,0
ASP,119,CA,1855,10.945,16.974,8.963,0.0381,10.440231654518014,0
ASP,119,C,1856,10.249,15.701,8.491,0.5366,11.552632340726506,0
ASP,119,O,1857,9.132,15.752,7.975,-0.5819,12.42147068587291,0
ASP,119,CB,1858,10.3,18.191,8.286,-0.0303,10.626570189859002,0
ASP,119,CG,1859,8.917,18.534,8.839,0.7994,11.956121653780542,0
ASP,119,OD1,1860,8.666,18.248,9.986,-0.8014,12.388198295151719,0
ASP,119,OD2,1861,8.127,19.079,8.106,-0.8014,12.522339917124116,0
ASP,119,H,1862,12.98,16.958,9.517,0.2936,8.670000115340253,0
ASP,119,HA,1863,10.795,17.057,10.041,0.088,10.70271582356553,0
ASP,119,1HB,1864,10.95,19.061,8.411,-0.0122,9.821336416191027,0
ASP,119,2HB,1865,10.204,18.004,7.216,-0.0122,10.659567861785016,0
GLY,120,N,1866,10.911,14.557,8.683,-0.4157,11.426388143241066,0
GLY,120,CA,1867,10.331,13.263,8.334,-0.0252,12.372660061603568,0
GLY,120,C,1868,10.473,12.897,6.857,0.5973,12.105260922425423,0
GLY,120,O,1869,10.054,11.812,6.452,-0.5679,12.977910039756017,0
GLY,120,H,1870,11.838,14.586,9.083,0.2719,10.780547017661025,0
GLY,120,1HA,1871,10.81,12.488,8.932,0.0698,12.52965075331312,0
GLY,120,2HA,1872,9.272,13.27,8.589,0.0698,13.337854775037853,0
LYS,121,N,1873,11.103,13.76,6.064,-0.3479,11.028937392151613,0
LYS,121,CA,1874,11.231,13.489,4.637,-0.24,10.9918392455494,0
LYS,121,C,1875,12.688,13.464,4.215,0.7341,9.799577031688665,0
LYS,121,O,1876,13.526,14.144,4.796,-0.5894,8.700988736919502,0
LYS,121,CB,1877,10.452,14.531,3.836,-0.0094,11.254163762803525,0
LYS,121,CG,1878,8.951,14.511,4.087,0.0187,12.624488662912254,0
LYS,121,CD,1879,8.233,15.543,3.235,-0.0479,13.057128551101885,0
LYS,121,CE,1880,6.737,15.534,3.501,-0.0143,14.466169257961832,0
LYS,121,NZ,1881,6.021,16.546,2.682,-0.3854,15.052104969073262,0
LYS,121,H,1882,11.429,14.646,6.425,0.2747,10.384633888587503,0
LYS,121,HA,1883,10.833,12.497,4.43,0.1426,11.862634150980128,0
LYS,121,1HB,1884,10.824,15.527,4.08,0.0362,10.519708456036224,0
LYS,121,2HB,1885,10.619,14.369,2.771,0.0362,11.319344945711302,0
LYS,121,1HG,1886,8.557,13.522,3.852,0.0103,13.387336254834269,0
LYS,121,2HG,1887,8.757,14.722,5.14,0.0103,12.709102407329954,0
LYS,121,1HD,1888,8.629,16.535,3.455,0.0621,12.41277237364804,0
LYS,121,2HD,1889,8.407,15.328,2.18,0.0621,13.127797835128328,0
LYS,121,1HE,1890,6.341,14.545,3.272,0.1135,15.137625342173058,0
LYS,121,2HE,1891,6.563,15.744,4.557,0.1135,14.52271506984834,0
LYS,121,1HZ,1892,5.032,16.51,2.887,0.34,15.996614454315013,0
LYS,121,2HZ,1893,6.376,17.468,2.898,0.34,14.545005775179327,0
LYS,121,3HZ,1894,6.167,16.352,1.701,0.34,15.119641430933473,0
ASP,122,N,1895,13.017,12.584,3.277,-0.5163,10.181072291266771,0
ASP,122,CA,1896,14.399,12.481,2.833,0.0381,9.344188889357923,0
ASP,122,C,1897,14.913,13.814,2.329,0.5366,8.223572763707999,0
ASP,122,O,1898,14.289,14.451,1.482,-0.5819,8.60131205107686,0
ASP,122,CB,1899,14.545,11.413,1.747,-0.0303,10.312816783013263,0
ASP,122,CG,1900,14.358,9.992,2.275,0.7994,11.072661965399288,0
ASP,122,OD1,1901,14.296,9.822,3.469,-0.8014,10.800910100542456,0
ASP,122,OD2,1902,14.281,9.091,1.474,-0.8014,11.867162255568937,0
ASP,122,H,1903,12.307,12.001,2.857,0.2936,11.15771490942478,0
ASP,122,HA,1904,15.014,12.194,3.686,0.088,9.002408844303842,0
ASP,122,1HB,1905,13.81,11.592,0.962,-0.0122,10.897964626479572,0
ASP,122,2HB,1906,15.535,11.49,1.296,-0.0122,9.8496903504628,0
TYR,123,N,1907,16.114,14.17,2.767,-0.4157,7.036793730101801,0
TYR,123,CA,1908,16.773,15.394,2.357,-0.0014,5.942239729260341,1
TYR,123,C,1909,17.917,15.006,1.419,0.5973,6.022635054525552,1
TYR,123,O,1910,17.867,15.265,0.218,-0.5679,6.65414314543954,0
TYR,123,CB,1911,17.263,16.154,3.6,-0.0152,4.68547542945217,1
TYR,123,CG,1912,17.881,17.516,3.342,-0.0011,3.5670329406945505,1
TYR,123,CD1,1913,17.06,18.603,3.094,-0.1906,4.079113384057866,1
TYR,123,CD2,1914,19.251,17.694,3.35,-0.1906,2.5184701705598984,1
TYR,123,CE1,1915,17.618,19.837,2.86,-0.2341,3.6998698625762523,1
TYR,123,CE2,1916,19.791,18.919,3.118,-0.2341,1.989974120434736,1
TYR,123,CZ,1917,18.984,19.98,2.875,0.3226,2.6403708072920353,1
TYR,123,OH,1918,19.513,21.194,2.645,-0.5579,2.3411781222282078,1
TYR,123,H,1919,16.574,13.62,3.48,0.2719,6.978536594444426,0
TYR,123,HA,1920,16.061,16.029,1.831,0.0876,6.32983333113914,0
TYR,123,1HB,1921,16.425,16.302,4.284,0.0295,5.126098321335634,1
TYR,123,2HB,1922,18.0,15.563,4.11,0.0295,4.493241814102598,1
TYR,123,HD1,1923,15.977,18.48,3.084,0.1699,5.084521609748552,1
TYR,123,HD2,1924,19.909,16.868,3.54,0.1699,2.7001051831363934,1
TYR,123,HE1,1925,16.99,20.695,2.665,0.1656,4.306795328315477,1
TYR,123,HE2,1926,20.868,19.049,3.125,0.1656,1.6263520529085953,1
TYR,123,HH,1927,20.478,21.152,2.682,0.3992,1.9029737255148849,1
ILE,124,N,1928,18.933,14.339,1.97,-0.4157,5.832346440327428,1
ILE,124,CA,1929,20.04,13.811,1.172,-0.0597,6.252334124149157,1
ILE,124,C,1930,20.409,12.381,1.578,0.5973,6.2492476347157195,0
ILE,124,O,1931,20.445,12.066,2.763,-0.5679,5.487713367150293,1
ILE,124,CB,1932,21.311,14.693,1.279,0.1303,5.2831507644586475,1
ILE,124,CG1,1933,21.06,16.05,0.759,-0.043,4.729742699132796,1
ILE,124,CG2,1934,22.424,14.093,0.572,-0.3204,5.823833960545235,1
ILE,124,CD1,1935,22.161,16.984,1.022,-0.066,3.973167502132271,1
ILE,124,H,1936,18.837,14.024,2.927,0.2719,5.7012634564629625,1
ILE,124,HA,1937,19.739,13.838,0.137,0.0869,6.949474872247541,0
ILE,124,HB,1938,21.583,14.808,2.329,0.0187,4.465240978939435,1
ILE,124,1HG1,1939,20.897,15.988,-0.313,0.0236,5.670415240526922,1
ILE,124,2HG1,1940,20.179,16.437,1.2,0.0236,4.386579647059881,1
ILE,124,1HG2,1941,23.3,14.729,0.662,0.0882,5.153212687246666,1
ILE,124,2HG2,1942,22.62,13.162,0.993,0.0882,5.510952821427525,1
ILE,124,3HG2,1943,22.172,13.978,-0.477,0.0882,6.724042013551076,0
ILE,124,1HD1,1944,21.906,17.933,0.62,0.0186,3.9945585488261397,1
ILE,124,2HD1,1945,22.32,17.068,2.097,0.0186,3.0500278687251354,1
ILE,124,3HD1,1946,23.072,16.618,0.55,0.0186,4.729513822794051,1
ALA,125,N,1947,20.677,11.517,0.589,-0.4157,7.287533533370533,0
ALA,125,CA,1948,21.069,10.134,0.896,0.0337,7.200211177458615,0
ALA,125,C,1949,22.245,9.651,0.05,0.5973,7.228892999623108,0
ALA,125,O,1950,22.37,9.971,-1.124,-0.5679,7.927327103128772,0
ALA,125,CB,1951,19.88,9.203,0.757,-0.1825,8.39515157695202,0
ALA,125,H,1952,20.578,11.832,-0.372,0.2719,8.003146256316949,0
ALA,125,HA,1953,21.415,10.136,1.93,0.0823,6.278567432145648,0
ALA,125,1HB,1954,20.161,8.208,1.098,0.0603,8.357797616597328,0
ALA,125,2HB,1955,19.053,9.577,1.362,0.0603,8.505684217039803,0
ALA,125,3HB,1956,19.575,9.159,-0.287,0.0603,9.284227970057605,0
LEU,126,N,1957,23.116,8.864,0.667,-0.4157,6.569637813456691,0
LEU,126,CA,1958,24.274,8.31,-0.019,-0.0518,6.700364542321559,0
LEU,126,C,1959,23.877,7.181,-0.949,0.5973,8.155130716303693,0
LEU,126,O,1960,23.193,6.244,-0.537,-0.5679,8.735381273876945,0
LEU,126,CB,1961,25.272,7.811,1.024,-0.1102,5.876930916728561,0
LEU,126,CG,1962,26.587,7.316,0.519,0.3531,6.290664670764132,0
LEU,126,CD1,1963,27.362,8.484,-0.1,-0.4121,6.003706022116672,0
LEU,126,CD2,1964,27.324,6.703,1.658,-0.4121,5.79127835628715,0
LEU,126,H,1965,22.924,8.554,1.605,0.2719,6.156920415272557,0
LEU,126,HA,1966,24.753,9.102,-0.593,0.0922,6.594589752213552,0
LEU,126,1HB,1967,25.481,8.6,1.707,0.0457,4.827035322017024,1
LEU,126,2HB,1968,24.812,6.993,1.58,0.0457,6.294871642853411,0
LEU,126,HG,1969,26.426,6.576,-0.257,-0.0361,7.373303262446216,0
LEU,126,1HD1,1970,28.322,8.132,-0.471,0.1,6.5796040154404425,0
LEU,126,2HD1,1971,26.795,8.9,-0.917,0.1,6.518803417806062,0
LEU,126,3HD1,1972,27.526,9.247,0.652,0.1,4.970956547788363,0
LEU,126,1HD2,1973,28.284,6.336,1.311,0.1,6.208002818942659,0
LEU,126,2HD2,1974,27.476,7.428,2.409,0.1,4.739928374986272,1
LEU,126,3HD2,1975,26.741,5.874,2.064,0.1,6.301207265278616,0
LYS,127,N,1976,24.302,7.259,-2.204,-0.3479,8.915087043882409,0
LYS,127,CA,1977,24.006,6.197,-3.153,-0.24,10.315391606720512,0
LYS,127,C,1978,24.806,4.938,-2.831,0.7341,10.604549071035507,0
LYS,127,O,1979,25.869,5.012,-2.225,-0.5894,9.923499282007331,0
LYS,127,CB,1980,24.291,6.633,-4.592,-0.0094,11.194932514311999,0
LYS,127,CG,1981,23.385,7.754,-5.11,0.0187,11.415255800900828,0
LYS,127,CD,1982,23.7,8.084,-6.566,-0.0479,12.400291206258022,0
LYS,127,CE,1983,22.807,9.198,-7.107,-0.0143,12.784246868705251,0
LYS,127,NZ,1984,23.125,9.522,-8.539,-0.3854,13.881786196307738,0
LYS,127,H,1985,24.891,8.033,-2.486,0.2747,8.610769187476809,0
LYS,127,HA,1986,22.94,5.974,-3.1,0.1426,10.771063550086408,0
LYS,127,1HB,1987,25.325,6.977,-4.669,0.0362,10.883724959773652,0
LYS,127,2HB,1988,24.178,5.779,-5.26,0.0362,12.192235931116162,0
LYS,127,1HG,1989,22.343,7.445,-5.031,0.0103,11.886847227082544,0
LYS,127,2HG,1990,23.529,8.65,-4.499,0.0103,10.4682271660487,0
LYS,127,1HD,1991,24.728,8.395,-6.649,0.0621,12.084959991659055,0
LYS,127,2HD,1992,23.557,7.196,-7.178,0.0621,13.338092104945146,0
LYS,127,1HE,1993,21.766,8.888,-7.034,0.1135,13.224783325257167,0
LYS,127,2HE,1994,22.946,10.095,-6.498,0.1135,11.948853794402206,0
LYS,127,1HZ,1995,22.517,10.261,-8.861,0.34,14.212954689296662,0
LYS,127,2HZ,1996,24.087,9.823,-8.611,0.34,13.610202386445252,0
LYS,127,3HZ,1997,22.987,8.7,-9.109,0.34,14.667384497585113,0
GLU,128,N,1998,24.389,3.819,-3.421,-0.5163,11.859656023679607,0
GLU,128,CA,1999,25.048,2.519,-3.265,0.0397,12.53640107845948,0
GLU,128,C,2000,26.554,2.534,-3.549,0.5366,12.46083468311814,0
GLU,128,O,2001,27.308,1.799,-2.912,-0.5819,12.451363981508212,0
GLU,128,CB,2002,24.39,1.482,-4.176,0.056,14.01497392077488,0
GLU,128,CG,2003,24.938,0.069,-4.007,0.0136,14.817066511290284,0
GLU,128,CD,2004,24.206,-0.953,-4.838,0.8054,16.27044304866957,0
GLU,128,OE1,2005,23.289,-0.582,-5.533,-0.8188,16.64486653596237,0
GLU,128,OE2,2006,24.564,-2.106,-4.776,-0.8188,17.012610793173398,0
GLU,128,H,2007,23.512,3.845,-3.922,0.2936,12.431339791028158,0
GLU,128,HA,2008,24.931,2.208,-2.226,0.1105,12.125190761385984,0
GLU,128,1HB,2009,23.318,1.452,-3.981,-0.0173,14.166251480190516,0
GLU,128,2HB,2010,24.527,1.775,-5.217,-0.0173,14.483179519704917,0
GLU,128,1HG,2011,25.991,0.065,-4.294,-0.0425,14.805358016610068,0
GLU,128,2HG,2012,24.872,-0.211,-2.957,-0.0425,14.398841272824699,0
ASP,129,N,2013,26.989,3.356,-4.509,-0.5163,12.610984497651243,0
ASP,129,CA,2014,28.401,3.431,-4.899,0.0381,12.812168005454813,0
ASP,129,C,2015,29.289,3.968,-3.777,0.5366,11.632879695071207,0
ASP,129,O,2016,30.495,3.725,-3.755,-0.5819,11.908205490333126,0
ASP,129,CB,2017,28.572,4.321,-6.135,-0.0303,13.371603045259755,0
ASP,129,CG,2018,28.031,3.69,-7.417,0.7994,14.772762436321786,0
ASP,129,OD1,2019,27.748,2.516,-7.409,-0.8014,15.408149175030724,0
ASP,129,OD2,2020,27.905,4.393,-8.392,-0.8014,15.218114075009426,0
ASP,129,H,2021,26.322,3.937,-4.997,0.2936,12.668092516239374,0
ASP,129,HA,2022,28.745,2.426,-5.143,0.088,13.623026609384567,0
ASP,129,1HB,2023,28.056,5.27,-5.971,-0.0122,12.714335885133758,0
ASP,129,2HB,2024,29.632,4.541,-6.279,-0.0122,13.45396684996659,0
LEU,130,N,2025,28.661,4.689,-2.852,-0.4157,10.424069167076741,0
LEU,130,CA,2026,29.267,5.364,-1.708,-0.0518,9.150652599678342,0
LEU,130,C,2027,30.206,6.49,-2.138,0.5973,9.0194191054635,0
LEU,130,O,2028,31.038,6.944,-1.356,-0.5679,8.136317840399304,0
LEU,130,CB,2029,30.054,4.374,-0.826,-0.1102,9.241021642654019,0
LEU,130,CG,2030,29.292,3.129,-0.358,0.3531,9.773148162183976,0
LEU,130,CD1,2031,30.217,2.269,0.525,-0.4121,9.774770176326397,0
LEU,130,CD2,2032,28.089,3.531,0.375,-0.4121,8.975672286798353,0
LEU,130,H,2033,27.671,4.836,-2.97,0.2719,10.443894053464923,0
LEU,130,HA,2034,28.473,5.8,-1.115,0.0922,8.364947220395356,0
LEU,130,1HB,2035,30.924,4.029,-1.371,0.0457,9.827801636174797,0
LEU,130,2HB,2036,30.398,4.902,0.065,0.0457,8.194825074399088,0
LEU,130,HG,2037,29.004,2.532,-1.214,-0.0361,10.749510035345798,0
LEU,130,1HD1,2038,29.678,1.381,0.862,0.1,10.02380736047935,0
LEU,130,2HD1,2039,31.093,1.965,-0.05,0.1,10.377474885539353,0
LEU,130,3HD1,2040,30.537,2.849,1.393,0.1,8.7233399566909,0
LEU,130,1HD2,2041,27.563,2.655,0.697,0.1,9.56214458163021,0
LEU,130,2HD2,2042,28.37,4.105,1.212,0.1,8.02411097879385,0
LEU,130,3HD2,2043,27.448,4.123,-0.276,0.1,8.960976341894893,0
ARG,131,N,2044,30.062,6.954,-3.381,-0.3479,9.874947341631753,0
ARG,131,CA,2045,30.891,8.033,-3.91,-0.2637,10.000844364352442,0
ARG,131,C,2046,30.116,9.316,-4.179,0.7341,9.530408857966169,0
ARG,131,O,2047,30.717,10.376,-4.355,-0.5894,9.541577647328559,0
ARG,131,CB,2048,31.559,7.587,-5.196,-0.0007,11.276433478720122,0
ARG,131,CG,2049,32.6,6.491,-5.014,0.039,11.475771564474435,0
ARG,131,CD,2050,33.121,6.003,-6.311,0.0486,12.798720287591255,0
ARG,131,NE,2051,34.203,5.046,-6.134,-0.5295,12.544172073118256,0
ARG,131,CZ,2052,34.036,3.735,-5.877,0.8076,12.791526179467404,0
ARG,131,NH1,2053,32.827,3.233,-5.769,-0.8627,13.268568008643586,0
ARG,131,NH2,2054,35.091,2.951,-5.734,-0.8627,12.749436065959937,0
ARG,131,H,2055,29.342,6.56,-3.968,0.2747,10.465747656044455,0
ARG,131,HA,2056,31.65,8.277,-3.166,0.156,9.132064881504073,0
ARG,131,1HB,2057,30.802,7.22,-5.89,0.0327,12.062562497247422,0
ARG,131,2HB,2058,32.049,8.438,-5.667,0.0327,11.451695114698087,0
ARG,131,1HG,2059,33.439,6.877,-4.432,0.0285,10.803463888957097,0
ARG,131,2HG,2060,32.152,5.648,-4.488,0.0285,11.386423933790628,0
ARG,131,1HD,2061,32.318,5.514,-6.862,0.0687,13.561752320404617,0
ARG,131,2HD,2062,33.499,6.844,-6.89,0.0687,13.075290780705414,0
ARG,131,HE,2063,35.15,5.392,-6.208,0.3456,12.307438482478798,0
ARG,131,1HH1,2064,32.019,3.831,-5.878,0.4478,13.438053132801642,0
ARG,131,2HH1,2065,32.704,2.25,-5.576,0.4478,13.580713456957996,0
ARG,131,1HH2,2066,36.022,3.337,-5.816,0.4478,12.515625473782762,0
ARG,131,2HH2,2067,34.967,1.969,-5.542,0.4478,13.074925162309725,0
SER,132,N,2068,28.792,9.231,-4.214,-0.4157,9.322002950010262,0
SER,132,CA,2069,27.978,10.399,-4.531,-0.0249,9.12821811746411,0
SER,132,C,2070,26.663,10.385,-3.773,0.5973,8.42337016876262,0
SER,132,O,2071,26.239,9.343,-3.279,-0.5679,8.40478964638616,0
SER,132,CB,2072,27.711,10.451,-6.02,0.2117,10.53802097170052,0
SER,132,OG,2073,26.943,9.368,-6.427,-0.6546,11.239627573901192,0
SER,132,H,2074,28.345,8.343,-4.029,0.2719,9.481459012198492,0
SER,132,HA,2075,28.545,11.296,-4.275,0.0843,8.720419714669703,0
SER,132,1HB,2076,27.195,11.379,-6.263,0.0352,10.591344437794477,0
SER,132,2HB,2077,28.658,10.451,-6.558,0.0352,11.127248132400032,0
SER,132,HG,2078,27.451,8.584,-6.203,0.4275,11.300433089045747,0
TRP,133,N,2079,26.064,11.568,-3.671,-0.4157,8.11296745956743,0
TRP,133,CA,2080,24.826,11.813,-2.944,-0.0275,7.688704637323507,0
TRP,133,C,2081,23.605,12.09,-3.828,0.5973,8.930115396790795,0
TRP,133,O,2082,23.724,12.689,-4.895,-0.5679,9.791623154513248,0
TRP,133,CB,2083,25.047,12.986,-2.013,-0.005,6.6317673360877185,0
TRP,133,CG,2084,26.074,12.769,-0.929,-0.1415,5.30639482134528,0
TRP,133,CD1,2085,27.39,13.11,-1.01,-0.1638,5.214402554463934,0
TRP,133,CD2,2086,25.916,12.183,0.384,0.1243,4.177694459866591,1
TRP,133,CE2,2087,27.148,12.21,1.001,0.138,3.305639575029317,1
TRP,133,CE3,2088,24.854,11.658,1.046,-0.2387,4.271823264134415,1
TRP,133,NE1,2089,28.037,12.775,0.145,-0.3418,4.112543373631457,1
TRP,133,CZ2,2090,27.345,11.724,2.267,-0.2601,2.3107609136386227,1
TRP,133,CZ3,2091,25.027,11.166,2.316,-0.1972,3.442805106305031,1
TRP,133,CH2,2092,26.239,11.198,2.911,-0.1134,2.2991072180305117,1
TRP,133,H,2093,26.491,12.351,-4.145,0.2719,8.422162489527258,0
TRP,133,HA,2094,24.581,10.912,-2.384,0.1123,7.462012396130149,0
TRP,133,1HB,2095,25.355,13.827,-2.586,0.0339,7.00967003503018,0
TRP,133,2HB,2096,24.116,13.237,-1.53,0.0339,6.4903633950650255,0
TRP,133,HD1,2097,27.859,13.582,-1.873,0.2062,6.121630175043246,0
TRP,133,HE1,2098,29.019,12.922,0.334,0.3412,4.192705689647199,1
TRP,133,HE3,2099,23.901,11.633,0.585,0.17,5.216261975783043,0
TRP,133,HZ2,2100,28.295,11.741,2.753,0.1572,2.005235397652855,1
TRP,133,HZ3,2101,24.16,10.748,2.83,0.1447,3.6809773158768575,1
TRP,133,HH2,2102,26.345,10.802,3.914,0.1417,1.6330642975706755,1
THR,134,N,2103,22.42,11.767,-3.304,-0.4157,9.094009181873526,0
THR,134,CA,2104,21.142,12.072,-3.937,-0.0389,10.243808325032248,0
THR,134,C,2105,20.515,13.272,-3.227,0.5973,9.615855916141838,0
THR,134,O,2106,20.265,13.216,-2.029,-0.5679,8.75712469935195,0
THR,134,CB,2107,20.178,10.874,-3.877,0.3654,11.045061566148012,0
THR,134,CG2,2108,18.84,11.238,-4.504,-0.2438,12.15091539761511,0
THR,134,OG1,2109,20.74,9.767,-4.576,-0.6761,11.483936389583496,0
THR,134,H,2110,22.403,11.2,-2.478,0.2719,8.535799025281701,0
THR,134,HA,2111,21.312,12.309,-4.989,0.1007,10.970041020889576,0
THR,134,HB,2112,20.024,10.588,-2.834,0.0043,10.47702887272914,0
THR,134,HG1,2113,21.577,9.527,-4.171,0.4102,10.774127760519642,0
THR,134,1HG2,2114,18.169,10.381,-4.452,0.0642,12.839823246446969,0
THR,134,2HG2,2115,18.397,12.075,-3.965,0.0642,11.355834007240507,0
THR,134,3HG2,2116,18.992,11.518,-5.545,0.0642,12.744938838613544,0
ALA,135,N,2117,20.074,14.27,-3.992,-0.4157,9.799022043040823,0
ALA,135,CA,2118,19.436,15.459,-3.402,0.0337,8.91115155297002,0
ALA,135,C,2119,17.942,15.492,-3.72,0.5973,9.668308487010536,0
ALA,135,O,2120,17.543,15.611,-4.88,-0.5679,10.78505674533055,0
ALA,135,CB,2121,20.123,16.719,-3.914,-0.1825,8.836536255796156,0
ALA,135,H,2122,20.226,14.236,-4.99,0.2719,10.667698955257407,0
ALA,135,HA,2123,19.543,15.419,-2.318,0.0823,7.951845886333561,0
ALA,135,1HB,2124,19.653,17.587,-3.493,0.0603,8.36514805607169,0
ALA,135,2HB,2125,21.167,16.705,-3.627,0.0603,8.430723930956345,0
ALA,135,3HB,2126,20.047,16.76,-4.997,0.0603,9.877808512013177,0
ALA,136,N,2127,17.12,15.451,-2.664,-0.4157,9.10379360486605,0
ALA,136,CA,2128,15.662,15.397,-2.766,0.0337,9.86782235348813,0
ALA,136,C,2129,15.047,16.633,-3.435,0.5973,10.347180582168265,0
ALA,136,O,2130,14.076,16.518,-4.184,-0.5679,11.514031483368457,0
ALA,136,CB,2131,15.067,15.192,-1.383,-0.1825,9.274675034738415,0
ALA,136,H,2132,17.518,15.304,-1.75,0.2719,8.265360548699617,0
ALA,136,HA,2133,15.41,14.548,-3.402,0.0823,10.820059935138993,0
ALA,136,1HB,2134,13.985,15.099,-1.46,0.0603,10.053410416371154,0
ALA,136,2HB,2135,15.479,14.283,-0.941,0.0603,9.170112431153722,0
ALA,136,3HB,2136,15.314,16.047,-0.752,0.0603,8.359568529535482,0
ASP,137,N,2137,15.609,17.811,-3.159,-0.5163,9.59960488770241,0
ASP,137,CA,2138,15.086,19.068,-3.701,0.0381,10.181184115808927,0
ASP,137,C,2139,16.192,20.115,-3.837,0.5366,9.62039765290396,0
ASP,137,O,2140,17.359,19.806,-3.631,-0.5819,8.900625876869558,0
ASP,137,CB,2141,13.97,19.616,-2.795,-0.0303,10.158657096289843,0
ASP,137,CG,2142,14.411,19.923,-1.375,0.7994,8.819283530990486,0
ASP,137,OD1,2143,15.572,20.159,-1.167,-0.8014,7.827250666741165,0
ASP,137,OD2,2144,13.571,19.918,-0.501,-0.8014,8.930239078546554,0
ASP,137,H,2145,16.419,17.837,-2.56,0.2936,8.67337771574604,0
ASP,137,HA,2146,14.669,18.874,-4.689,0.088,11.24155545287217,0
ASP,137,1HB,2147,13.568,20.531,-3.226,-0.0122,10.667822645694857,0
ASP,137,2HB,2148,13.156,18.891,-2.747,-0.0122,10.72856798459142,0
MET,138,N,2149,15.811,21.364,-4.123,-0.4157,10.037469551635015,0
MET,138,CA,2150,16.784,22.437,-4.335,-0.0237,9.878301928975446,0
MET,138,C,2151,17.621,22.758,-3.094,0.5973,8.422072547775874,0
MET,138,O,2152,18.833,22.954,-3.197,-0.5679,8.067843640031704,0
MET,138,CB,2153,16.072,23.696,-4.81,0.0342,10.740360561917834,0
MET,138,CG,2154,15.488,23.59,-6.206,0.0018,12.222123751623528,0
MET,138,SD,2155,16.738,23.24,-7.457,-0.2737,12.795378228094703,0
MET,138,CE,2156,17.693,24.749,-7.424,-0.0536,12.134475637620275,0
MET,138,H,2157,14.83,21.561,-4.255,0.2719,10.68442366250983,0
MET,138,HA,2158,17.487,22.109,-5.1,0.088,10.276479017640234,0
MET,138,1HB,2159,15.261,23.934,-4.123,0.0241,10.632406736012312,0
MET,138,2HB,2160,16.769,24.535,-4.798,0.0241,10.447478308185188,0
MET,138,1HG,2161,14.743,22.795,-6.229,0.044,12.522896869334986,0
MET,138,2HG,2162,14.995,24.526,-6.465,0.044,12.749413515922999,0
MET,138,1HE,2163,18.505,24.68,-8.148,0.0684,12.50810065517543,0
MET,138,2HE,2164,17.049,25.592,-7.677,0.0684,12.448634824750867,0
MET,138,3HE,2165,18.107,24.895,-6.425,0.0684,11.052459726232891,0
ALA,139,N,2166,16.995,22.718,-1.911,-0.4157,7.711832661566251,0
ALA,139,CA,2167,17.714,23.007,-0.667,0.0337,6.310369957458913,0
ALA,139,C,2168,18.776,21.945,-0.468,0.5973,5.513483835108253,0
ALA,139,O,2169,19.92,22.242,-0.122,-0.5679,4.7868349668648476,1
ALA,139,CB,2170,16.76,23.035,0.51,-0.1825,6.03547139832507,0
ALA,139,H,2171,15.999,22.553,-1.881,0.2719,8.214914120062364,0
ALA,139,HA,2172,18.193,23.983,-0.73,0.0823,6.278728135538278,0
ALA,139,1HB,2173,17.318,23.197,1.427,0.0603,5.032909099119513,1
ALA,139,2HB,2174,16.041,23.844,0.381,0.0603,6.7821913862703695,0
ALA,139,3HB,2175,16.237,22.091,0.565,0.0603,6.20992407360992,0
ALA,140,N,2176,18.408,20.714,-0.798,-0.4157,5.8794456371328065,0
ALA,140,CA,2177,19.288,19.574,-0.68,0.0337,5.461595829059489,1
ALA,140,C,2178,20.452,19.736,-1.639,0.5973,6.014290066167411,0
ALA,140,O,2179,21.59,19.541,-1.241,-0.5679,5.475861941283764,1
ALA,140,CB,2180,18.527,18.291,-0.963,-0.1825,6.242628773201238,0
ALA,140,H,2181,17.451,20.554,-1.079,0.2719,6.586991042957322,0
ALA,140,HA,2182,19.682,19.516,0.328,0.0823,4.396938139205509,1
ALA,140,1HB,2183,19.195,17.452,-0.904,0.0603,6.145377775206336,0
ALA,140,2HB,2184,17.73,18.17,-0.228,0.0603,5.978376451847106,0
ALA,140,3HB,2185,18.104,18.328,-1.933,0.0603,7.261059839995812,0
GLN,141,N,2186,20.202,20.327,-2.815,-0.4157,7.207785235424262,0
GLN,141,CA,2187,21.276,20.452,-3.791,-0.0031,7.98899493052787,0
GLN,141,C,2188,22.351,21.391,-3.258,0.5973,7.146857561194291,0
GLN,141,O,2189,23.537,21.083,-3.326,-0.5679,7.018750102404273,0
GLN,141,CB,2190,20.776,20.961,-5.145,-0.0036,9.371802014554085,0
GLN,141,CG,2191,19.918,19.981,-5.905,-0.0645,10.28749804374222,0
GLN,141,CD,2192,19.408,20.557,-7.202,0.6951,11.662783801477243,0
GLN,141,NE2,2193,18.642,19.765,-7.942,-0.9407,12.561927917322246,0
GLN,141,OE1,2194,19.7,21.707,-7.542,-0.6086,11.936670138694458,0
GLN,141,H,2195,19.251,20.317,-3.154,0.2719,7.8008623882234955,0
GLN,141,HA,2196,21.711,19.467,-3.961,0.085,8.186519712307545,0
GLN,141,1HB,2197,20.195,21.867,-5.0,0.0171,9.364143260330867,0
GLN,141,2HB,2198,21.629,21.217,-5.773,0.0171,9.766762820914614,0
GLN,141,1HG,2199,20.51,19.095,-6.13,0.0352,10.464737980475192,0
GLN,141,2HG,2200,19.071,19.713,-5.299,0.0352,9.903642612695593,0
GLN,141,1HE2,2201,18.276,20.094,-8.813,0.4251,13.49339160478195,0
GLN,141,2HE2,2202,18.431,18.838,-7.63,0.4251,12.378273668003953,0
THR,142,N,2203,21.915,22.423,-2.513,-0.4157,6.5260628253181885,0
THR,142,CA,2204,22.853,23.394,-1.953,-0.0389,5.6503810490974855,0
THR,142,C,2205,23.802,22.688,-1.003,0.5973,4.538357742620121,1
THR,142,O,2206,25.022,22.783,-1.144,-0.5679,4.523039906965226,1
THR,142,CB,2207,22.121,24.539,-1.221,0.3654,5.400307861594561,0
THR,142,CG2,2208,23.115,25.472,-0.573,-0.2438,4.5262837957865605,0
THR,142,OG1,2209,21.321,25.272,-2.158,-0.6761,6.111052773458924,0
THR,142,H,2210,20.932,22.664,-2.562,0.2719,6.878362813926,0
THR,142,HA,2211,23.425,23.838,-2.768,0.1007,6.294186285771975,0
THR,142,HB,2212,21.471,24.124,-0.459,0.0043,5.038216946500021,1
THR,142,HG1,2213,20.676,24.683,-2.558,0.4102,6.867855414902094,0
THR,142,1HG2,2214,22.583,26.274,-0.061,0.0642,3.662473617652419,0
THR,142,2HG2,2215,23.714,24.913,0.146,0.0642,3.694817045538251,0
THR,142,3HG2,2216,23.764,25.899,-1.334,0.0642,5.12550934054363,0
THR,143,N,2217,23.225,21.864,-0.13,-0.4157,3.8719460223510347,1
THR,143,CA,2218,24.0,21.154,0.871,-0.0389,2.935206636678242,1
THR,143,C,2219,24.887,20.123,0.21,0.5973,3.4964070129205496,1
THR,143,O,2220,26.077,20.06,0.484,-0.5679,2.8366122399792326,1
THR,143,CB,2221,23.103,20.476,1.894,0.3654,2.494413157438037,1
THR,143,CG2,2222,23.925,19.717,2.872,-0.2438,1.9995329454650166,1
THR,143,OG1,2223,22.326,21.457,2.59,-0.6761,1.599605576384379,1
THR,143,H,2224,22.219,21.92,-0.015,0.2719,4.065308352388537,1
THR,143,HA,2225,24.637,21.869,1.39,0.1007,2.1301110299700343,1
THR,143,HB,2226,22.444,19.813,1.399,0.0043,2.878197352510769,1
THR,143,HG1,2227,22.852,22.234,2.773,0.4102,1.1994206935016585,1
THR,143,1HG2,2228,23.273,19.236,3.6,0.0642,1.1998387391645586,1
THR,143,2HG2,2229,24.499,18.965,2.338,0.0642,2.6301950498014395,1
THR,143,3HG2,2230,24.6,20.399,3.386,0.0642,1.1998645756917727,1
LYS,144,N,2231,24.341,19.431,-0.784,-0.3479,4.780561682480417,1
LYS,144,CA,2232,25.083,18.404,-1.483,-0.24,5.4895937918938955,0
LYS,144,C,2233,26.367,18.97,-2.041,0.7341,5.532220530673014,0
LYS,144,O,2234,27.441,18.455,-1.774,-0.5894,5.446527793007212,0
LYS,144,CB,2235,24.256,17.787,-2.606,-0.0094,6.966673452947254,0
LYS,144,CG,2236,24.999,16.719,-3.343,0.0187,7.902344525518993,0
LYS,144,CD,2237,24.15,16.054,-4.412,-0.0479,9.28840793677797,0
LYS,144,CE,2238,23.89,16.99,-5.585,-0.0143,9.95244397120627,0
LYS,144,NZ,2239,23.168,16.298,-6.694,-0.3854,11.404413443925996,0
LYS,144,H,2240,23.343,19.462,-0.904,0.2747,5.319456551190169,1
LYS,144,HA,2241,25.319,17.604,-0.781,0.1426,5.315621130216111,1
LYS,144,1HB,2242,23.34,17.359,-2.194,0.0362,7.043468889687807,0
LYS,144,2HB,2243,23.964,18.56,-3.311,0.0362,7.364577720412761,0
LYS,144,1HG,2244,25.877,17.153,-3.822,0.0103,7.951248581197799,0
LYS,144,2HG,2245,25.317,15.975,-2.645,0.0103,7.303487454634259,0
LYS,144,1HD,2246,24.66,15.163,-4.775,0.0621,9.350891722183505,0
LYS,144,2HD,2247,23.196,15.757,-3.984,0.0621,9.149537365353508,0
LYS,144,1HE,2248,23.293,17.836,-5.242,0.1135,9.530379688134152,0
LYS,144,2HE,2249,24.844,17.365,-5.96,0.1135,9.925111334388145,0
LYS,144,1HZ,2250,23.014,16.947,-7.453,0.34,11.872643597783942,0
LYS,144,2HZ,2251,23.721,15.52,-7.024,0.34,11.792971254098775,0
LYS,144,3HZ,2252,22.278,15.959,-6.356,0.34,11.251406756490496,0
HIE,145,N,2253,26.268,20.145,-2.655,-0.4157,5.834069420224617,0
HIE,145,CA,2254,27.408,20.79,-3.277,-0.0581,6.311015924556045,0
HIE,145,C,2255,28.488,21.055,-2.232,0.5973,4.81267098397553,0
HIE,145,O,2256,29.659,20.741,-2.446,-0.5679,4.511922539228705,0
HIE,145,CB,2257,26.975,22.096,-3.937,-0.0074,7.016575375494801,0
HIE,145,CG,2258,26.123,21.879,-5.144,0.1868,8.316763432970784,0
HIE,145,CD2,2259,25.865,20.756,-5.857,-0.2207,9.000908398600666,0
HIE,145,ND1,2260,25.414,22.893,-5.75,-0.5432,9.00648727307156,0
HIE,145,CE1,2261,24.757,22.405,-6.788,0.1635,10.129292472823558,0
HIE,145,NE2,2262,25.012,21.113,-6.874,-0.2795,10.115280470654286,0
HIE,145,H,2263,25.345,20.475,-2.894,0.2719,6.161446096493907,0
HIE,145,HA,2264,27.821,20.143,-4.05,0.136,6.824688784113162,0
HIE,145,1HB,2265,26.421,22.7,-3.223,0.0367,6.379030490599649,0
HIE,145,2HB,2266,27.857,22.666,-4.229,0.0367,6.921382882054712,0
HIE,145,HD2,2267,26.261,19.756,-5.661,0.1862,8.860968795792028,0
HIE,145,HE1,2268,24.112,22.973,-7.458,0.1435,10.861499021774112,0
HIE,145,HE2,2269,24.644,20.482,-7.572,0.3339,10.876814883043657,0
LYS,146,N,2270,28.049,21.471,-1.034,-0.3479,4.093881898638505,1
LYS,146,CA,2271,28.968,21.778,0.057,-0.24,2.671343107876636,1
LYS,146,C,2272,29.711,20.514,0.483,0.7341,2.116786479548659,1
LYS,146,O,2273,30.912,20.557,0.742,-0.5894,1.3998564212089772,1
LYS,146,CB,2274,28.202,22.385,1.24,-0.0094,1.999741483292278,1
LYS,146,CG,2275,27.662,23.792,0.984,0.0187,2.2384523671501237,0
LYS,146,CD,2276,26.838,24.304,2.173,-0.0479,1.9995772053111622,0
LYS,146,CE,2277,26.322,25.719,1.923,-0.0143,2.0001059971911497,0
LYS,146,NZ,2278,25.447,26.206,3.039,-0.3854,1.9997219806763145,0
LYS,146,H,2279,27.085,21.777,-0.955,0.2747,4.038331462374034,1
LYS,146,HA,2280,29.707,22.498,-0.296,0.1426,2.693642886501474,0
LYS,146,1HB,2281,27.366,21.76,1.503,0.0362,1.5727342432846056,1
LYS,146,2HB,2282,28.855,22.429,2.11,0.0362,1.1994411198554091,1
LYS,146,1HG,2283,28.494,24.475,0.811,0.0103,1.7746115067811314,0
LYS,146,2HG,2284,27.033,23.78,0.098,0.0103,3.1274860511279647,0
LYS,146,1HD,2285,25.988,23.64,2.34,0.0621,1.30637322385297,1
LYS,146,2HD,2286,27.457,24.307,3.07,0.0621,1.1995340762145945,0
LYS,146,1HE,2287,27.171,26.393,1.818,0.1135,1.6810419387986724,0
LYS,146,2HE,2288,25.753,25.729,0.997,0.1135,3.0655643852315357,0
LYS,146,1HZ,2289,25.128,27.142,2.835,0.34,1.2656654376255996,0
LYS,146,2HZ,2290,24.639,25.582,3.133,0.34,1.5873115636194446,0
LYS,146,3HZ,2291,25.971,26.211,3.902,0.34,1.1998879114317298,0
TRP,147,N,2292,29.005,19.377,0.444,-0.4157,2.5815741321914434,1
TRP,147,CA,2293,29.554,18.086,0.848,-0.0275,2.785214354407935,1
TRP,147,C,2294,30.558,17.593,-0.184,0.5973,3.7450519355544327,1
TRP,147,O,2295,31.483,16.84,0.12,-0.5679,4.0605853026380325,1
TRP,147,CB,2296,28.407,17.077,1.007,-0.005,3.541169439606074,1
TRP,147,CG,2297,27.571,17.339,2.231,-0.1415,2.551247733952937,1
TRP,147,CD1,2298,27.702,18.397,3.079,-0.1638,1.8597663831782743,1
TRP,147,CD2,2299,26.477,16.541,2.755,0.1243,2.3914869851203453,1
TRP,147,CE2,2300,26.014,17.184,3.904,0.138,1.7397364742971855,1
TRP,147,CE3,2301,25.868,15.36,2.348,-0.2387,2.4989433767094456,1
TRP,147,NE1,2302,26.774,18.315,4.088,-0.3418,1.6998002823861398,1
TRP,147,CZ2,2303,24.957,16.676,4.661,-0.2601,1.8595800601211019,1
TRP,147,CZ3,2304,24.81,14.853,3.105,-0.1972,2.489543532457307,1
TRP,147,CH2,2305,24.368,15.493,4.226,-0.1134,1.859849993951125,1
TRP,147,H,2306,28.01,19.434,0.269,0.2719,3.1952197107554268,1
TRP,147,HA,2307,30.064,18.208,1.799,0.1123,1.8040934011297765,1
TRP,147,1HB,2308,27.765,17.105,0.146,0.0339,4.50039264953626,1
TRP,147,2HB,2309,28.81,16.072,1.069,0.0339,3.54852645474146,1
TRP,147,HD1,2310,28.438,19.193,2.972,0.2062,1.1996682874861704,1
TRP,147,HE1,2311,26.666,18.975,4.844,0.3412,1.1995765919690167,1
TRP,147,HE3,2312,26.209,14.848,1.46,0.17,2.9570585046630384,1
TRP,147,HZ2,2313,24.593,17.176,5.559,0.1572,1.1997808133155008,1
TRP,147,HZ3,2314,24.34,13.933,2.784,0.1447,3.0104220634323027,1
TRP,147,HH2,2315,23.537,15.064,4.789,0.1417,1.526048819664693,1
GLU,148,N,2316,30.287,17.892,-1.458,-0.5163,4.582912392791291,1
GLU,148,CA,2317,31.114,17.38,-2.539,0.0397,5.829393621981622,0
GLU,148,C,2318,32.494,18.014,-2.515,0.5366,5.655815591053161,0
GLU,148,O,2319,33.493,17.417,-2.12,-0.5819,4.82025663217219,0
GLU,148,CB,2320,30.467,17.63,-3.907,0.056,6.8818358742417,0
GLU,148,CG,2321,29.212,16.815,-4.181,0.0136,7.573972339532275,0
GLU,148,CD,2322,28.593,17.126,-5.527,0.8054,8.772372370117447,0
GLU,148,OE1,2323,29.069,18.018,-6.188,-0.8188,8.9091281279371,0
GLU,148,OE2,2324,27.648,16.469,-5.888,-0.8188,9.565737086079672,0
GLU,148,H,2325,29.39,18.3,-1.681,0.2936,4.689645828844647,1
GLU,148,HA,2326,31.224,16.302,-2.414,0.1105,6.3345076367465225,0
GLU,148,1HB,2327,30.203,18.684,-3.998,-0.0173,6.463106992770583,0
GLU,148,2HB,2328,31.185,17.406,-4.695,-0.0173,7.625561028540787,0
GLU,148,1HG,2329,29.464,15.757,-4.146,-0.0425,8.040301362511233,0
GLU,148,2HG,2330,28.49,17.01,-3.406,-0.0425,6.960319173716101,0
ALA,149,N,2331,32.433,19.294,-2.129,-0.4157,4.624985729707715,1
ALA,149,CA,2332,33.628,20.103,-1.945,0.0337,4.274104116654155,0
ALA,149,C,2333,34.396,19.646,-0.713,0.5973,3.0570569180177194,0
ALA,149,O,2334,35.61,19.449,-0.756,-0.5679,2.237917558803274,0
ALA,149,CB,2335,33.247,21.569,-1.832,-0.1825,4.024725829171473,0
ALA,149,H,2336,31.55,19.778,-2.234,0.2719,4.343572377663346,1
ALA,149,HA,2337,34.278,19.976,-2.81,0.0823,4.74145062190887,0
ALA,149,1HB,2338,34.145,22.169,-1.688,0.0603,4.093752068701767,0
ALA,149,2HB,2339,32.742,21.884,-2.745,0.0603,4.756718827090792,0
ALA,149,3HB,2340,32.579,21.708,-0.983,0.0603,3.0611156462962983,0
ALA,150,N,2341,33.641,19.329,0.34,-0.4157,2.6333670461976997,1
ALA,150,CA,2342,34.178,18.939,1.635,0.0337,1.9994891847669518,1
ALA,150,C,2343,34.694,17.508,1.646,0.5973,2.00628686882011,0
ALA,150,O,2344,35.305,17.086,2.629,-0.5679,1.3996181622142523,0
ALA,150,CB,2345,33.122,19.143,2.703,-0.1825,1.999658470839458,1
ALA,150,H,2346,32.663,19.588,0.312,0.2719,2.5050910163105837,1
ALA,150,HA,2347,35.034,19.581,1.838,0.0823,1.1997441393897303,0
ALA,150,1HB,2348,33.543,18.911,3.679,0.0603,1.1996957947746612,0
ALA,150,2HB,2349,32.787,20.179,2.691,0.0603,1.1994244453069975,0
ALA,150,3HB,2350,32.296,18.495,2.503,0.0603,2.020012128676458,1
HID,151,N,2351,34.325,16.732,0.626,-0.4157,3.07718475233451,1
HID,151,CA,2352,34.718,15.332,0.501,0.0188,2.952953944781395,0
HID,151,C,2353,34.123,14.484,1.619,0.5973,2.320900040932398,1
HID,151,O,2354,34.78,13.586,2.149,-0.5679,2.1393559778587568,1
HID,151,CB,2355,36.244,15.174,0.512,-0.0462,2.9567627568000785,0
HID,151,CG,2356,36.928,15.933,-0.573,-0.0266,3.0160757616479072,0
HID,151,CD2,2357,37.712,17.033,-0.532,0.1292,2.54573172192201,0
HID,151,ND1,2358,36.844,15.57,-1.901,-0.3811,4.312570463192457,0
HID,151,CE1,2359,37.547,16.418,-2.63,0.2057,4.559177228404265,0
HID,151,NE2,2360,38.083,17.316,-1.825,-0.5727,3.589005990521609,0
HID,151,H,2361,33.874,17.154,-0.173,0.2719,3.5373778424137847,1
HID,151,HA,2362,34.367,14.941,-0.454,0.0881,4.018752791600899,1
HID,151,1HB,2363,36.643,15.51,1.459,0.0402,2.0825126650275134,0
HID,151,2HB,2364,36.499,14.123,0.409,0.0402,3.4689700200491798,0
HID,151,HD1,2365,36.277,14.837,-2.28,0.3649,5.08357620184846,0
HID,151,HD2,2366,38.057,17.665,0.286,0.1147,1.845982394282243,0
HID,151,HE1,2367,37.606,16.303,-3.712,0.1392,5.541164047382102,0
VAL,152,N,2368,32.857,14.765,1.947,-0.4157,2.5127520769069127,1
VAL,152,CA,2369,32.126,14.011,2.954,-0.0875,2.101692889077758,1
VAL,152,C,2370,31.971,12.551,2.577,0.5973,2.579993410844299,1
VAL,152,O,2371,32.259,11.677,3.383,-0.5679,1.877001331912154,1
VAL,152,CB,2372,30.731,14.614,3.177,0.2985,2.702437048295482,1
VAL,152,CG1,2373,29.925,13.714,4.075,-0.3192,1.9995539502599076,1
VAL,152,CG2,2374,30.874,15.98,3.758,-0.3192,1.9995962092382558,1
VAL,152,H,2375,32.37,15.485,1.429,0.2719,2.745899670417694,1
VAL,152,HA,2376,32.682,14.07,3.891,0.0969,1.199531992070241,1
VAL,152,HB,2377,30.208,14.674,2.227,-0.0297,3.2398817879669615,1
VAL,152,1HG1,2378,28.934,14.146,4.23,0.0791,1.1994023511732836,1
VAL,152,2HG1,2379,29.828,12.749,3.613,0.0791,2.0742454049605605,1
VAL,152,3HG1,2380,30.429,13.61,5.035,0.0791,1.2003641114261945,1
VAL,152,1HG2,2381,29.89,16.413,3.918,0.0791,1.1995870122671393,1
VAL,152,2HG2,2382,31.401,15.92,4.709,0.0791,1.1996941276842226,1
VAL,152,3HG2,2383,31.431,16.592,3.074,0.0791,1.9429593407994934,1
ALA,153,N,2384,31.62,12.293,1.314,-0.4157,3.8316302013633834,1
ALA,153,CA,2385,31.422,10.925,0.845,0.0337,4.510047782451978,1
ALA,153,C,2386,32.684,10.099,1.014,0.5973,4.578326004119846,1
ALA,153,O,2387,32.605,8.932,1.361,-0.5679,4.678432002284526,1
ALA,153,CB,2388,30.983,10.906,-0.615,-0.1825,5.970861663110275,0
ALA,153,H,2389,31.42,13.061,0.689,0.2719,4.5470829110540745,1
ALA,153,HA,2390,30.639,10.461,1.445,0.0823,4.2677604197049295,1
ALA,153,1HB,2391,30.849,9.873,-0.943,0.0603,6.603170299182053,0
ALA,153,2HB,2392,30.056,11.435,-0.727,0.0603,5.801847119668012,0
ALA,153,3HB,2393,31.745,11.385,-1.229,0.0603,6.422898566846592,0
GLU,154,N,2394,33.851,10.716,0.819,-0.5163,4.869345951973427,1
GLU,154,CA,2395,35.106,9.983,0.937,0.0397,5.040494618586552,0
GLU,154,C,2396,35.421,9.612,2.383,0.5366,3.6839135440452453,0
GLU,154,O,2397,35.678,8.447,2.681,-0.5819,3.2920713844022287,0
GLU,154,CB,2398,36.263,10.809,0.357,0.056,4.926801903872328,0
GLU,154,CG,2399,36.213,10.976,-1.14,0.0136,6.145193650325431,0
GLU,154,CD,2400,36.33,9.681,-1.858,0.8054,7.397699304513532,0
GLU,154,OE1,2401,37.235,8.951,-1.569,-0.8188,7.0291670203517,0
GLU,154,OE2,2402,35.507,9.417,-2.703,-0.8188,8.246300564495574,0
GLU,154,H,2403,33.864,11.688,0.544,0.2936,4.724950475930938,1
GLU,154,HA,2404,35.021,9.062,0.36,0.1105,5.659030040563488,0
GLU,154,1HB,2405,36.261,11.799,0.805,-0.0173,4.046767228294704,0
GLU,154,2HB,2406,37.21,10.336,0.612,-0.0173,4.952160033763044,0
GLU,154,1HG,2407,35.269,11.451,-1.411,-0.0425,6.226653435032337,0
GLU,154,2HG,2408,37.023,11.637,-1.448,-0.0425,6.294332212395529,0
GLN,155,N,2409,35.157,10.544,3.296,-0.4157,3.2753299070475346,1
GLN,155,CA,2410,35.46,10.313,4.708,-0.0031,2.2005281184297547,1
GLN,155,C,2411,34.496,9.267,5.254,0.5973,2.1807413876936454,1
GLN,155,O,2412,34.886,8.312,5.927,-0.5679,2.1601692063354623,1
GLN,155,CB,2413,35.353,11.618,5.491,-0.0036,2.139912147729433,1
GLN,155,CG,2414,35.758,11.504,6.944,-0.0645,2.000017499923439,0
GLN,155,CD,2415,35.722,12.84,7.656,0.6951,1.7397942407077889,0
GLN,155,NE2,2416,35.731,12.805,8.981,-0.9407,2.3933119311949254,1
GLN,155,OE1,2417,35.687,13.897,7.02,-0.6086,1.3996035152856723,0
GLN,155,H,2418,35.004,11.496,2.984,0.2719,2.638434763264007,1
GLN,155,HA,2419,36.484,9.953,4.793,0.085,1.2000754142969494,0
GLN,155,1HB,2420,35.985,12.375,5.023,0.0171,1.1999058296383092,0
GLN,155,2HB,2421,34.324,11.98,5.454,0.0171,1.1995857618361403,1
GLN,155,1HG,2422,35.074,10.832,7.443,0.0352,2.381726054776239,1
GLN,155,2HG,2423,36.773,11.115,6.999,0.0352,1.1995278237706675,0
GLN,155,1HE2,2424,35.709,13.658,9.504,0.4251,3.083399747032482,1
GLN,155,2HE2,2425,35.761,11.93,9.458,0.4251,2.431960937186286,1
LEU,156,N,2426,33.26,9.383,4.793,-0.4157,1.8735920046797812,1
LEU,156,CA,2427,32.155,8.537,5.181,-0.0518,2.2325512312150875,1
LEU,156,C,2428,32.382,7.124,4.676,0.5973,3.6765468853259575,1
LEU,156,O,2429,32.315,6.177,5.446,-0.5679,3.9238152352015767,1
LEU,156,CB,2430,30.873,9.116,4.617,-0.1102,1.9997384829022025,1
LEU,156,CG,2431,29.646,8.377,4.89,0.3531,2.6461001492762892,1
LEU,156,CD1,2432,29.448,8.266,6.363,-0.4121,1.9996574706684127,1
LEU,156,CD2,2433,28.538,9.09,4.241,-0.4121,2.207480690742277,1
LEU,156,H,2434,33.028,10.229,4.298,0.2719,1.6044715640982847,1
LEU,156,HA,2435,32.103,8.502,6.268,0.0922,1.8496688892880273,1
LEU,156,1HB,2436,30.741,10.12,5.017,0.0457,1.199725385244474,1
LEU,156,2HB,2437,30.972,9.187,3.537,0.0457,2.8172229233768498,1
LEU,156,HG,2438,29.725,7.367,4.49,-0.0361,3.622562214786655,1
LEU,156,1HD1,2439,28.535,7.715,6.557,0.1,1.9151871971167718,1
LEU,156,2HD1,2440,30.294,7.737,6.805,0.1,1.7089186639509792,1
LEU,156,3HD1,2441,29.374,9.261,6.798,0.1,1.1996224406037101,1
LEU,156,1HD2,2442,27.62,8.567,4.425,0.1,2.656774360008768,1
LEU,156,2HD2,2443,28.472,10.098,4.648,0.1,1.1994186091602876,1
LEU,156,3HD2,2444,28.719,9.141,3.169,0.1,2.9609331299440043,1
ARG,157,N,2445,32.797,7.016,3.416,-0.3479,4.573658929128844,1
ARG,157,CA,2446,33.011,5.723,2.78,-0.2637,5.9287641207927955,1
ARG,157,C,2447,34.1,4.982,3.528,0.7341,5.140092703444171,1
ARG,157,O,2448,33.925,3.824,3.886,-0.5894,5.273215148275292,1
ARG,157,CB,2449,33.402,5.912,1.321,-0.0007,6.378844644604538,0
ARG,157,CG,2450,33.633,4.618,0.516,0.039,7.402472357260105,0
ARG,157,CD,2451,33.919,4.919,-0.947,0.0486,8.182691794269171,0
ARG,157,NE,2452,35.128,5.682,-1.135,-0.5295,7.5677856074283705,0
ARG,157,CZ,2453,36.373,5.171,-1.159,0.8076,7.522504436688623,0
ARG,157,NH1,2454,36.562,3.875,-1.004,-0.8627,8.007068065153438,0
ARG,157,NH2,2455,37.409,5.975,-1.339,-0.8627,7.277455668020247,0
ARG,157,H,2456,32.714,7.82,2.814,0.2747,4.270440726669789,1
ARG,157,HA,2457,32.078,5.164,2.796,0.156,6.18665830638803,1
ARG,157,1HB,2458,32.628,6.474,0.808,0.0327,6.6108701393992,0
ARG,157,2HB,2459,34.322,6.494,1.264,0.0327,5.63568931010218,0
ARG,157,1HG,2460,34.482,4.079,0.931,0.0285,7.04914902665563,0
ARG,157,2HG,2461,32.745,3.991,0.572,0.0285,8.198266646066108,0
ARG,157,1HD,2462,34.028,3.984,-1.497,0.0687,9.016320923747115,0
ARG,157,2HD,2463,33.098,5.492,-1.368,0.0687,8.666440214990237,0
ARG,157,HE,2464,35.038,6.682,-1.259,0.3456,7.382973587925126,0
ARG,157,1HH1,2465,35.761,3.247,-0.863,0.4478,8.397269853946579,0
ARG,157,2HH1,2466,37.498,3.496,-1.022,0.4478,8.106966016951102,0
ARG,157,1HH2,2467,37.263,6.974,-1.459,0.4478,7.098636629663473,0
ARG,157,2HH2,2468,38.345,5.597,-1.358,0.4478,7.4925130630516765,0
ALA,158,N,2469,35.122,5.719,3.98,-0.4157,3.8659758147200023,1
ALA,158,CA,2470,36.224,5.111,4.717,0.0337,3.1454743680405355,0
ALA,158,C,2471,35.691,4.479,6.001,0.5973,2.5061943260649184,1
ALA,158,O,2472,36.135,3.403,6.427,-0.5679,2.829244775554071,1
ALA,158,CB,2473,37.306,6.136,5.015,-0.1825,1.9996447184437551,0
ALA,158,H,2474,35.273,6.631,3.567,0.2719,3.4900121776291817,1
ALA,158,HA,2475,36.655,4.321,4.103,0.0823,3.886571496833681,0
ALA,158,1HB,2476,38.123,5.655,5.55,0.0603,2.0992541532649147,0
ALA,158,2HB,2477,37.678,6.553,4.079,0.0603,2.175570270067139,0
ALA,158,3HB,2478,36.9,6.933,5.625,0.0603,1.199670371393743,0
TYR,159,N,2479,34.688,5.129,6.587,-0.4157,2.6524850612208906,1
TYR,159,CA,2480,34.119,4.639,7.817,-0.0014,3.1121841205172944,1
TYR,159,C,2481,33.251,3.431,7.484,0.5973,3.5594609142396827,1
TYR,159,O,2482,33.192,2.458,8.227,-0.5679,3.5890417941283435,1
TYR,159,CB,2483,33.313,5.727,8.532,-0.0152,1.9994819329016214,1
TYR,159,CG,2484,34.118,6.875,9.026,-0.0011,1.739900571871854,1
TYR,159,CD1,2485,33.534,8.13,9.102,-0.1906,1.8600973092824997,1
TYR,159,CD2,2486,35.428,6.694,9.406,-0.1906,1.8597166450833287,1
TYR,159,CE1,2487,34.263,9.201,9.557,-0.2341,1.859600494729983,1
TYR,159,CE2,2488,36.165,7.766,9.863,-0.2341,1.8600236557635512,1
TYR,159,CZ,2489,35.582,9.017,9.938,0.3226,1.9692795636983595,1
TYR,159,OH,2490,36.308,10.09,10.392,-0.5579,2.2490569134639533,0
TYR,159,H,2491,34.438,6.053,6.252,0.2719,2.960177021733665,1
TYR,159,HA,2492,34.928,4.318,8.467,0.0876,2.66165700269588,1
TYR,159,1HB,2493,32.557,6.124,7.864,0.0295,2.12538255380061,1
TYR,159,2HB,2494,32.8,5.295,9.38,0.0295,1.1998187363097799,1
TYR,159,HD1,2495,32.495,8.266,8.799,0.1699,1.7860498313317015,1
TYR,159,HD2,2496,35.878,5.709,9.343,0.1699,1.3307700778120908,1
TYR,159,HE1,2497,33.804,10.187,9.616,0.1656,1.6700784412715461,1
TYR,159,HE2,2498,37.203,7.625,10.163,0.1656,1.199770394700583,0
TYR,159,HH,2499,35.755,10.874,10.383,0.3992,1.9470729313510606,1
LEU,160,N,2500,32.536,3.524,6.364,-0.4157,4.4044719320254515,1
LEU,160,CA,2501,31.615,2.473,5.959,-0.0518,5.167486236072623,1
LEU,160,C,2502,32.343,1.192,5.554,0.5973,6.317577462920418,0
LEU,160,O,2503,31.822,0.097,5.72,-0.5679,6.948940278920232,0
LEU,160,CB,2504,30.724,2.921,4.789,-0.1102,5.8843250250134895,0
LEU,160,CG,2505,29.639,3.96,5.132,0.3531,5.104288099235778,1
LEU,160,CD1,2506,29.001,4.462,3.9,-0.4121,5.8982661859227745,1
LEU,160,CD2,2507,28.628,3.31,6.042,-0.4121,4.937103401793404,1
LEU,160,H,2508,32.543,4.387,5.846,0.2719,4.430544210365133,1
LEU,160,HA,2509,30.999,2.246,6.811,0.0922,4.621041116458497,1
LEU,160,1HB,2510,31.352,3.346,4.02,0.0457,6.280554832178444,0
LEU,160,2HB,2511,30.223,2.043,4.378,0.0457,6.755984976300643,0
LEU,160,HG,2512,30.091,4.812,5.631,-0.0361,4.140293347095105,1
LEU,160,1HD1,2513,28.236,5.196,4.161,0.1,5.365058620369399,1
LEU,160,2HD1,2514,29.751,4.932,3.265,0.1,6.073798564325293,1
LEU,160,3HD1,2515,28.548,3.629,3.377,0.1,6.808634077404953,0
LEU,160,1HD2,2516,27.852,4.026,6.298,0.1,4.433955344836031,1
LEU,160,2HD2,2517,28.18,2.462,5.542,0.1,5.966608919646067,0
LEU,160,3HD2,2518,29.119,2.976,6.943,0.1,4.469292337719697,1
GLU,161,N,2519,33.507,1.325,4.945,-0.5163,6.296601464282142,0
GLU,161,CA,2520,34.24,0.15,4.502,0.0397,7.037060536900332,0
GLU,161,C,2521,35.183,-0.391,5.565,0.5366,6.776523444953171,0
GLU,161,O,2522,35.448,-1.593,5.609,-0.5819,7.817590485565229,0
GLU,161,CB,2523,35.029,0.479,3.236,0.056,7.200180067192764,0
GLU,161,CG,2524,34.187,0.859,2.034,0.0136,8.009665473663679,0
GLU,161,CD,2525,35.029,1.201,0.84,0.8054,8.472631055345204,0
GLU,161,OE1,2526,36.23,1.213,0.969,-0.8188,8.161178897683838,0
GLU,161,OE2,2527,34.48,1.452,-0.208,-0.8188,9.353115470259095,0
GLU,161,H,2528,33.939,2.235,4.888,0.2936,5.462898955682779,0
GLU,161,HA,2529,33.52,-0.638,4.279,0.1105,8.061838127871335,0
GLU,161,1HB,2530,35.709,1.31,3.437,-0.0173,6.304028156663006,0
GLU,161,2HB,2531,35.635,-0.38,2.953,-0.0173,7.889843788060699,0
GLU,161,1HG,2532,33.536,0.03,1.784,-0.0425,8.943757208243078,0
GLU,161,2HG,2533,33.56,1.712,2.296,-0.0425,7.584883453290497,0
GLY,162,N,2534,35.669,0.492,6.432,-0.4157,5.597638251977347,0
GLY,162,CA,2535,36.673,0.119,7.417,-0.0252,5.676615364810267,0
GLY,162,C,2536,36.205,0.136,8.86,0.5973,4.703651028722263,1
GLY,162,O,2537,36.139,-0.909,9.507,-0.5679,4.474919105414085,0
GLY,162,H,2538,35.418,1.468,6.354,0.2719,4.78592864551907,0
GLY,162,1HA,2539,37.032,-0.884,7.194,0.0698,6.652064792228048,0
GLY,162,2HA,2540,37.518,0.801,7.33,0.0698,5.016441368141364,0
THR,163,N,2541,35.911,1.335,9.359,-0.4157,3.937998095479479,1
THR,163,CA,2542,35.586,1.525,10.78,-0.0389,2.717375756129432,1
THR,163,C,2543,34.413,0.714,11.309,0.5973,2.7746949381869026,1
THR,163,O,2544,34.606,-0.169,12.143,-0.5679,2.438255523935094,1
THR,163,CB,2545,35.307,3.008,11.068,0.3654,2.453540095453914,1
THR,163,CG2,2546,34.918,3.214,12.501,-0.2438,1.999478181926472,1
THR,163,OG1,2547,36.484,3.773,10.783,-0.6761,1.5994852296911004,1
THR,163,H,2548,35.914,2.128,8.709,0.2719,3.9108386568612117,1
THR,163,HA,2549,36.45,1.2,11.361,0.1007,2.0958971825926946,1
THR,163,HB,2550,34.502,3.35,10.432,0.0043,2.0103343005579957,1
THR,163,HG1,2551,36.72,3.662,9.858,0.4102,2.0256050947803232,1
THR,163,1HG2,2552,34.725,4.271,12.678,0.0642,1.199451958187572,1
THR,163,2HG2,2553,34.02,2.639,12.717,0.0642,1.6136427733547503,1
THR,163,3HG2,2554,35.726,2.88,13.147,0.0642,1.1997270522914798,1
CYS,164,N,2555,33.234,0.917,10.733,-0.4157,3.235843475818942,1
CYS,164,CA,2556,32.024,0.211,11.137,0.0213,3.149504564213236,1
CYS,164,C,2557,32.13,-1.293,11.053,0.5973,4.548695087604797,1
CYS,164,O,2558,31.535,-2.015,11.853,-0.5679,5.004814681883835,1
CYS,164,CB,2559,30.867,0.617,10.271,-0.1231,3.4241836983433,1
CYS,164,SG,2560,31.17,0.141,8.617,-0.3119,4.952946900583529,1
CYS,164,H,2561,33.173,1.621,10.008,0.2719,3.213207898658287,1
CYS,164,HA,2562,31.804,0.483,12.17,0.1124,2.497903520955123,1
CYS,164,1HB,2563,29.947,0.152,10.63,0.1112,3.8331548364239083,1
CYS,164,2HB,2564,30.718,1.693,10.326,0.1112,2.8129447203953366,1
VAL,165,N,2565,32.953,-1.766,10.127,-0.4157,5.477289840788051,1
VAL,165,CA,2566,33.114,-3.18,9.91,-0.0875,6.402622431472906,0
VAL,165,C,2567,33.848,-3.784,11.072,0.5973,5.968770308865972,1
VAL,165,O,2568,33.37,-4.737,11.677,-0.5679,6.576827882801861,1
VAL,165,CB,2569,33.887,-3.428,8.612,0.2985,7.07265275550836,0
VAL,165,CG1,2570,34.162,-4.912,8.448,-0.3192,8.157186157002915,0
VAL,165,CG2,2571,33.089,-2.884,7.473,-0.3192,7.855868125166054,0
VAL,165,H,2572,33.439,-1.116,9.525,0.2719,5.2924591637536516,1
VAL,165,HA,2573,32.128,-3.639,9.821,0.0969,7.1771545197243745,0
VAL,165,HB,2574,34.852,-2.93,8.655,-0.0297,6.467311728995288,0
VAL,165,1HG1,2575,34.713,-5.082,7.523,0.0791,8.7681186123364,0
VAL,165,2HG1,2576,34.754,-5.262,9.293,0.0791,7.829032443412149,0
VAL,165,3HG1,2577,33.22,-5.46,8.411,0.0791,8.861884957501987,0
VAL,165,1HG2,2578,33.619,-3.048,6.552,0.0791,8.48438241712383,0
VAL,165,2HG2,2579,32.13,-3.391,7.441,0.0791,8.225734921573878,0
VAL,165,3HG2,2580,32.936,-1.828,7.613,0.0791,7.077154654237818,0
GLU,166,N,2581,34.938,-3.135,11.473,-0.5163,4.891885219422057,1
GLU,166,CA,2582,35.737,-3.649,12.562,0.0397,4.527033686642944,0
GLU,166,C,2583,34.936,-3.622,13.853,0.5366,4.133386142135768,1
GLU,166,O,2584,34.928,-4.596,14.601,-0.5819,4.870791414133848,1
GLU,166,CB,2585,37.018,-2.832,12.713,0.056,3.773246480154722,0
GLU,166,CG,2586,38.007,-3.031,11.572,0.0136,4.905990623717089,0
GLU,166,CD,2587,39.235,-2.175,11.698,0.8054,4.896092727880057,0
GLU,166,OE1,2588,39.288,-1.367,12.594,-0.8188,4.047301940799572,0
GLU,166,OE2,2589,40.126,-2.33,10.895,-0.8188,5.935529041290251,0
GLU,166,H,2590,35.33,-2.42,10.871,0.2936,4.53756818130593,1
GLU,166,HA,2591,36.019,-4.676,12.334,0.1105,5.471466622396595,0
GLU,166,1HB,2592,36.769,-1.771,12.769,-0.0173,2.891677022075598,0
GLU,166,2HB,2593,37.514,-3.102,13.644,-0.0173,3.6010206886381537,0
GLU,166,1HG,2594,38.31,-4.077,11.547,-0.0425,5.742655135039889,0
GLU,166,2HG,2595,37.508,-2.801,10.632,-0.0425,5.109209234314053,0
TRP,167,N,2596,34.147,-2.553,14.027,-0.4157,3.619552044107117,1
TRP,167,CA,2597,33.311,-2.374,15.203,-0.0275,3.940974245031298,1
TRP,167,C,2598,32.37,-3.547,15.353,0.5973,5.341328392825142,1
TRP,167,O,2599,32.43,-4.295,16.32,-0.5679,5.554167444361036,1
TRP,167,CB,2600,32.514,-1.08,15.1,-0.005,4.052697249980557,1
TRP,167,CG,2601,33.303,0.13,15.323,-0.1415,3.0104433228346963,1
TRP,167,CD1,2602,34.648,0.22,15.504,-0.1638,1.8596077543396077,1
TRP,167,CD2,2603,32.796,1.473,15.391,0.1243,2.6448033953396246,1
TRP,167,CE2,2604,33.88,2.312,15.615,0.138,2.172351721061763,1
TRP,167,CE3,2605,31.513,2.02,15.282,-0.2387,2.5189126622413887,1
TRP,167,NE1,2606,35.009,1.531,15.683,-0.3418,1.699666437863619,1
TRP,167,CZ2,2607,33.738,3.686,15.736,-0.2601,2.0814663100804687,1
TRP,167,CZ3,2608,31.36,3.394,15.399,-0.1972,1.8597249796676931,1
TRP,167,CH2,2609,32.445,4.209,15.62,-0.1134,1.8595254771043095,1
TRP,167,H,2610,34.271,-1.762,13.408,0.2719,3.1619092333588568,1
TRP,167,HA,2611,33.95,-2.316,16.085,0.1123,3.2094413844156713,1
TRP,167,1HB,2612,32.064,-1.008,14.118,0.0339,4.200339629125245,1
TRP,167,2HB,2613,31.707,-1.092,15.825,0.0339,4.153356353601266,1
TRP,167,HD1,2614,35.336,-0.625,15.507,0.2062,1.3322856300358457,1
TRP,167,HE1,2615,35.948,1.868,15.84,0.3412,1.199600766922062,1
TRP,167,HE3,2616,30.652,1.375,15.104,0.17,3.0193240965487607,1
TRP,167,HZ2,2617,34.585,4.345,15.911,0.1572,1.978826672551186,1
TRP,167,HZ3,2618,30.355,3.81,15.312,0.1447,1.1996557839647164,1
TRP,167,HH2,2619,32.293,5.285,15.707,0.1417,1.1996220238058302,1
LEU,168,N,2620,31.698,-3.855,14.246,-0.4157,6.189875039126395,1
LEU,168,CA,2621,30.721,-4.92,14.206,-0.0518,7.614630325892388,1
LEU,168,C,2622,31.353,-6.254,14.532,0.5973,8.086073830976314,0
LEU,168,O,2623,30.85,-6.978,15.38,-0.5679,8.717181941430383,0
LEU,168,CB,2624,30.066,-4.977,12.825,-0.1102,8.04658853179408,1
LEU,168,CG,2625,29.078,-6.1,12.611,0.3531,9.368435408327263,0
LEU,168,CD1,2626,27.972,-6.009,13.595,-0.4121,9.683727536439672,0
LEU,168,CD2,2627,28.556,-6.027,11.212,-0.4121,9.56905585729334,0
LEU,168,H,2628,31.654,-3.155,13.517,0.2719,5.911112670217004,1
LEU,168,HA,2629,29.942,-4.704,14.933,0.0922,7.9940944452764615,1
LEU,168,1HB,2630,29.545,-4.042,12.651,0.0457,7.261428853882684,1
LEU,168,2HB,2631,30.847,-5.078,12.074,0.0457,8.056689146293284,1
LEU,168,HG,2632,29.573,-7.055,12.767,-0.0361,10.139388196533359,0
LEU,168,1HD1,2633,27.28,-6.828,13.416,0.1,10.691025441930254,0
LEU,168,2HD1,2634,28.375,-6.081,14.606,0.1,9.753734925657966,0
LEU,168,3HD1,2635,27.455,-5.062,13.48,0.1,9.03348194219704,0
LEU,168,1HD2,2636,27.845,-6.832,11.052,0.1,10.581661684253564,0
LEU,168,2HD2,2637,28.059,-5.067,11.055,0.1,8.893350437264912,0
LEU,168,3HD2,2638,29.379,-6.124,10.517,0.1,9.565395391723229,0
ARG,169,N,2639,32.494,-6.55,13.913,-0.3479,7.752024058270202,0
ARG,169,CA,2640,33.144,-7.836,14.112,-0.2637,8.567134059882571,0
ARG,169,C,2641,33.482,-8.04,15.582,0.7341,8.270009975810186,0
ARG,169,O,2642,33.221,-9.103,16.147,-0.5894,9.266915668117413,0
ARG,169,CB,2643,34.406,-7.911,13.273,-0.0007,8.38111734794353,0
ARG,169,CG,2644,34.186,-8.006,11.783,0.039,8.973128384237015,0
ARG,169,CD,2645,35.472,-7.978,11.052,0.0486,9.018330333271232,0
ARG,169,NE,2646,35.297,-8.109,9.615,-0.5295,9.881930024038825,0
ARG,169,CZ,2647,36.265,-7.888,8.706,0.8076,10.175829499357778,0
ARG,169,NH1,2648,37.47,-7.526,9.088,-0.8627,9.711913405709504,0
ARG,169,NH2,2649,35.992,-8.038,7.423,-0.8627,11.055817699292984,0
ARG,169,H,2650,32.831,-5.933,13.187,0.2747,7.222206657248184,0
ARG,169,HA,2651,32.465,-8.626,13.793,0.156,9.597937382583819,0
ARG,169,1HB,2652,35.017,-7.028,13.457,0.0327,7.3666574509746265,0
ARG,169,2HB,2653,34.99,-8.781,13.573,0.0327,9.036750079536336,0
ARG,169,1HG,2654,33.686,-8.912,11.549,0.0285,9.999486236802369,0
ARG,169,2HG,2655,33.581,-7.171,11.448,0.0285,8.563737385043984,0
ARG,169,1HD,2656,35.975,-7.03,11.246,0.0687,8.051040864385175,0
ARG,169,2HD,2657,36.098,-8.801,11.391,0.0687,9.572002089427269,0
ARG,169,HE,2658,34.384,-8.388,9.262,0.3456,10.451853137123578,0
ARG,169,1HH1,2659,37.674,-7.412,10.072,0.4478,9.06164300775527,0
ARG,169,2HH1,2660,38.19,-7.362,8.401,0.4478,10.126882392918365,0
ARG,169,1HH2,2661,35.055,-8.319,7.151,0.4478,11.48858028652801,0
ARG,169,2HH2,2662,36.705,-7.877,6.727,0.4478,11.333174003781993,0
ARG,170,N,2663,33.906,-6.954,16.228,-0.3479,7.018523847647737,0
ARG,170,CA,2664,34.29,-6.964,17.629,-0.2637,6.870455152317057,0
ARG,170,C,2665,33.104,-7.342,18.495,0.7341,7.761250801256199,0
ARG,170,O,2666,33.196,-8.248,19.322,-0.5894,8.717686677095019,0
ARG,170,CB,2667,34.817,-5.594,18.031,-0.0007,5.466335061080686,0
ARG,170,CG,2668,35.253,-5.429,19.452,0.039,5.425986546242076,0
ARG,170,CD,2669,35.715,-4.034,19.682,0.0486,4.128689501524666,0
ARG,170,NE,2670,34.633,-3.065,19.486,-0.5295,3.792865671230659,1
ARG,170,CZ,2671,34.816,-1.739,19.301,0.8076,2.735682912912241,1
ARG,170,NH1,2672,36.031,-1.238,19.287,-0.8627,1.799606068004883,1
ARG,170,NH2,2673,33.778,-0.944,19.133,-0.8627,2.0831233760869776,1
ARG,170,H,2674,34.181,-6.152,15.677,0.2747,6.279374093012775,0
ARG,170,HA,2675,35.09,-7.692,17.768,0.156,7.400874880715116,0
ARG,170,1HB,2676,35.676,-5.344,17.409,0.0327,4.969910059548361,0
ARG,170,2HB,2677,34.071,-4.849,17.859,0.0327,5.027829153819768,1
ARG,170,1HG,2678,34.415,-5.644,20.116,0.0285,6.134770818865202,0
ARG,170,2HG,2679,36.071,-6.118,19.669,0.0285,5.9386747679932785,0
ARG,170,1HD,2680,36.084,-3.935,20.704,0.0687,4.087849067663824,0
ARG,170,2HD,2681,36.518,-3.797,18.984,0.0687,3.4801978392039734,0
ARG,170,HE,2682,33.683,-3.414,19.491,0.3456,4.469653901590145,1
ARG,170,1HH1,2683,36.829,-1.844,19.415,0.4478,1.803878876199841,0
ARG,170,2HH1,2684,36.167,-0.247,19.148,0.4478,1.1993585785743974,1
ARG,170,1HH2,2685,32.842,-1.327,19.144,0.4478,2.8653343609428927,1
ARG,170,2HH2,2686,33.917,0.045,18.995,0.4478,1.1997103817171881,1
TYR,171,N,2687,31.964,-6.709,18.217,-0.4157,7.7373388836214225,0
TYR,171,CA,2688,30.756,-6.909,18.997,-0.0014,8.748883700221418,0
TYR,171,C,2689,30.199,-8.305,18.851,0.5973,10.141739199959737,0
TYR,171,O,2690,29.916,-8.972,19.84,-0.5679,10.968172044602511,0
TYR,171,CB,2691,29.688,-5.897,18.606,-0.0152,8.443353658351642,0
TYR,171,CG,2692,29.923,-4.505,19.063,-0.0011,7.16310274950737,1
TYR,171,CD1,2693,30.124,-3.544,18.123,-0.1906,6.442782861466001,1
TYR,171,CD2,2694,29.939,-4.177,20.418,-0.1906,6.84171330881381,1
TYR,171,CE1,2695,30.344,-2.26,18.479,-0.2341,5.37054215140334,1
TYR,171,CE2,2696,30.165,-2.855,20.79,-0.2341,5.733906260133662,1
TYR,171,CZ,2697,30.365,-1.904,19.8,0.3226,5.032619000083358,1
TYR,171,OH,2698,30.588,-0.604,20.109,-0.5579,4.157815532223622,1
TYR,171,H,2699,31.999,-5.93,17.574,0.2719,7.025172595744534,1
TYR,171,HA,2700,31.001,-6.77,20.05,0.0876,8.507529723721216,0
TYR,171,1HB,2701,29.597,-5.871,17.518,0.0295,8.651566332173616,0
TYR,171,2HB,2702,28.741,-6.216,19.009,0.0295,9.235770135727721,0
TYR,171,HD1,2703,30.109,-3.814,17.077,0.1699,6.864401867606528,1
TYR,171,HD2,2704,29.779,-4.947,21.174,0.1699,7.561801703297965,0
TYR,171,HE1,2705,30.503,-1.506,17.714,0.1656,4.812709112339951,1
TYR,171,HE2,2706,30.182,-2.575,21.845,0.1656,5.674646861259299,1
TYR,171,HH,2707,30.57,-0.502,21.031,0.3992,4.133670765796425,1
LEU,172,N,2708,30.292,-8.836,17.637,-0.4157,10.371836770794262,0
LEU,172,CA,2709,29.749,-10.149,17.344,-0.0518,11.747703988439612,0
LEU,172,C,2710,30.485,-11.219,18.113,0.5973,12.319371331362651,0
LEU,172,O,2711,29.867,-12.137,18.644,-0.5679,13.46868178404999,0
LEU,172,CB,2712,29.835,-10.435,15.845,-0.1102,12.000878551172825,0
LEU,172,CG,2713,28.923,-9.602,14.961,0.3531,11.988960713923456,0
LEU,172,CD1,2714,29.263,-9.877,13.505,-0.4121,12.327040561302619,0
LEU,172,CD2,2715,27.487,-9.95,15.274,-0.4121,13.129084735806986,0
LEU,172,H,2716,30.533,-8.232,16.864,0.2719,9.730580147144359,0
LEU,172,HA,2717,28.7,-10.167,17.636,0.0922,12.390422591663288,0
LEU,172,1HB,2718,30.858,-10.264,15.52,0.0457,11.370090456984059,0
LEU,172,2HB,2719,29.591,-11.485,15.679,0.0457,13.031245604315803,0
LEU,172,HG,2720,29.085,-8.554,15.143,-0.0361,11.067342725333845,0
LEU,172,1HD1,2721,28.616,-9.286,12.864,0.1,12.364728949718225,0
LEU,172,2HD1,2722,30.3,-9.609,13.316,0.1,11.5560505796747,0
LEU,172,3HD1,2723,29.116,-10.93,13.293,0.1,13.294160259301826,0
LEU,172,1HD2,2724,26.824,-9.357,14.645,0.1,13.262328377777411,0
LEU,172,2HD2,2725,27.321,-11.009,15.08,0.1,14.048880275666098,0
LEU,172,3HD2,2726,27.282,-9.736,16.319,0.1,13.011705268718623,0
GLU,173,N,2727,31.795,-11.039,18.262,-0.5163,11.602221037370388,0
GLU,173,CA,2728,32.619,-12.017,18.95,0.0397,12.31207573888335,0
GLU,173,C,2729,32.421,-11.933,20.46,0.5366,12.551204643379855,0
GLU,173,O,2730,32.284,-12.951,21.137,-0.5819,13.673756981897846,0
GLU,173,CB,2731,34.094,-11.812,18.609,0.056,11.680835458133977,0
GLU,173,CG,2732,35.018,-12.856,19.221,0.0136,12.565028491810116,0
GLU,173,CD,2733,36.445,-12.72,18.771,0.8054,12.249875999372405,0
GLU,173,OE1,2734,36.723,-11.846,17.988,-0.8188,11.33874247877603,0
GLU,173,OE2,2735,37.262,-13.495,19.213,-0.8188,13.05139080711324,0
GLU,173,H,2736,32.25,-10.305,17.732,0.2936,10.709196235012223,0
GLU,173,HA,2737,32.32,-13.014,18.622,0.1105,13.300131315141213,0
GLU,173,1HB,2738,34.222,-11.838,17.525,-0.0173,11.612297016525195,0
GLU,173,2HB,2739,34.414,-10.827,18.954,-0.0173,10.67696946703511,0
GLU,173,1HG,2740,34.982,-12.762,20.308,-0.0425,12.636974954473876,0
GLU,173,2HG,2741,34.654,-13.848,18.957,-0.0425,13.575647793015257,0
ASN,174,N,2742,32.331,-10.707,20.975,-0.4157,11.606975618135845,0
ASN,174,CA,2743,32.233,-10.476,22.411,0.0143,11.627107378879755,0
ASN,174,C,2744,30.862,-10.857,22.958,0.5973,12.566989018854118,0
ASN,174,O,2745,30.751,-11.415,24.05,-0.5679,13.322189910071092,0
ASN,174,CB,2746,32.547,-9.03,22.735,-0.2041,10.222574920243922,0
ASN,174,CG,2747,34.009,-8.712,22.582,0.713,9.468423575231519,0
ASN,174,ND2,2748,34.318,-7.458,22.392,-0.9191,8.163253395552536,0
ASN,174,OD1,2749,34.862,-9.607,22.636,-0.5931,10.147365470899329,0
ASN,174,H,2750,32.518,-9.913,20.375,0.2719,10.685006410854418,0
ASN,174,HA,2751,32.962,-11.114,22.911,0.1048,12.076224037338825,0
ASN,174,1HB,2752,31.971,-8.375,22.074,0.0797,9.755862545157143,0
ASN,174,2HB,2753,32.243,-8.811,23.759,0.0797,10.354880443539654,0
ASN,174,1HD2,2754,35.275,-7.188,22.284,0.4196,7.684260667103895,0
ASN,174,2HD2,2755,33.596,-6.766,22.354,0.4196,7.705790939287154,0
GLY,175,N,2756,29.848,-10.682,22.124,-0.4157,12.625793440413954,0
GLY,175,CA,2757,28.465,-10.889,22.515,-0.0252,13.437948132062422,0
GLY,175,C,2758,27.852,-12.088,21.822,0.5973,14.69702925764251,0
GLY,175,O,2759,26.635,-12.208,21.789,-0.5679,15.37851966217815,0
GLY,175,H,2760,30.014,-10.149,21.286,0.2719,11.99700050012502,0
GLY,175,1HA,2761,28.407,-11.029,23.593,0.0698,13.7824460093265,0
GLY,175,2HA,2762,27.889,-10.0,22.275,0.0698,12.903808236330855,0
LYS,176,N,2763,28.707,-12.973,21.296,-0.3479,15.103877184352369,0
LYS,176,CA,2764,28.311,-14.165,20.531,-0.24,16.278440527274103,0
LYS,176,C,2765,27.282,-15.077,21.187,0.7341,17.600723905567065,0
LYS,176,O,2766,26.352,-15.54,20.53,-0.5894,18.404032302731917,0
LYS,176,CB,2767,29.552,-14.996,20.205,-0.0094,16.370091936210986,0
LYS,176,CG,2768,30.215,-15.64,21.414,0.0187,16.929773329847038,0
LYS,176,CD,2769,31.463,-16.404,21.015,-0.0479,17.099916198625067,0
LYS,176,CE,2770,32.102,-17.077,22.219,-0.0143,17.790513033636778,0
LYS,176,NZ,2771,33.342,-17.81,21.853,-0.3854,18.10518204824243,0
LYS,176,H,2772,29.695,-12.794,21.403,0.2747,14.577446758606255,0
LYS,176,HA,2773,27.863,-13.821,19.597,0.1426,16.046934722868414,0
LYS,176,1HB,2774,29.28,-15.789,19.508,0.0362,17.07714378928748,0
LYS,176,2HB,2775,30.295,-14.376,19.715,0.0362,15.42577904029485,0
LYS,176,1HG,2776,30.485,-14.864,22.132,0.0103,16.299714015896107,0
LYS,176,2HG,2777,29.521,-16.326,21.893,0.0103,17.923822192824833,0
LYS,176,1HD,2778,31.205,-17.163,20.276,0.0621,17.776553828006147,0
LYS,176,2HD,2779,32.183,-15.715,20.568,0.0621,16.156039428028148,0
LYS,176,1HE,2780,32.342,-16.318,22.962,0.1135,17.193924304823494,0
LYS,176,2HE,2781,31.389,-17.778,22.653,0.1135,18.7503225038931,0
LYS,176,1HZ,2782,33.734,-18.242,22.677,0.34,18.638258314552893,0
LYS,176,2HZ,2783,33.123,-18.523,21.171,0.34,18.701014384251994,0
LYS,176,3HZ,2784,34.012,-17.164,21.46,0.34,17.277980669048105,0
GLU,177,N,2785,27.216,-15.026,22.514,-0.5163,17.677228515805297,0
GLU,177,CA,2786,26.28,-15.844,23.276,0.0397,18.902217885740285,0
GLU,177,C,2787,24.837,-15.468,22.968,0.5366,19.20184767151328,0
GLU,177,O,2788,23.918,-16.256,23.188,-0.5819,20.367210830155415,0
GLU,177,CB,2789,26.559,-15.687,24.768,0.056,18.91676053133834,0
GLU,177,CG,2790,27.884,-16.279,25.206,0.0136,19.02485219390679,0
GLU,177,CD,2791,28.164,-16.085,26.669,0.8054,19.1508825384106,0
GLU,177,OE1,2792,27.391,-15.425,27.32,-0.8188,19.08610984459641,0
GLU,177,OE2,2793,29.153,-16.598,27.137,-0.8188,19.3523752030597,0
GLU,177,H,2794,27.934,-14.522,23.016,0.2936,16.99012324852295,0
GLU,177,HA,2795,26.423,-16.888,22.997,0.1105,19.74204381516767,0
GLU,177,1HB,2796,26.554,-14.628,25.03,-0.0173,18.05382333468454,0
GLU,177,2HB,2797,25.765,-16.168,25.34,-0.0173,19.807545683400555,0
GLU,177,1HG,2798,27.881,-17.347,24.989,-0.0425,19.945173325895166,0
GLU,177,2HG,2799,28.683,-15.817,24.624,-0.0425,18.194139990667324,0
THR,178,N,2800,24.653,-14.247,22.495,-0.4157,18.20638810967184,0
THR,178,CA,2801,23.36,-13.706,22.14,-0.0389,18.297992266912782,0
THR,178,C,2802,23.274,-13.322,20.669,0.5973,17.808151223526824,0
THR,178,O,2803,22.367,-13.737,19.95,-0.5679,18.445744143297663,0
THR,178,CB,2804,23.051,-12.454,22.973,0.3654,17.339016609946484,0
THR,178,CG2,2805,21.702,-11.864,22.573,-0.2438,17.17712822330904,0
THR,178,OG1,2806,23.025,-12.799,24.365,-0.6761,17.986076114594866,0
THR,178,H,2807,25.46,-13.668,22.327,0.2719,17.275666412616328,0
THR,178,HA,2808,22.599,-14.458,22.35,0.1007,19.253628956640878,0
THR,178,HB,2809,23.831,-11.716,22.807,0.0043,16.393338311643543,0
THR,178,HG1,2810,23.879,-13.154,24.623,0.4102,18.100992486601392,0
THR,178,1HG2,2811,21.502,-10.977,23.173,0.0642,16.573348333996964,0
THR,178,2HG2,2812,21.722,-11.591,21.517,0.0642,16.769286299661054,0
THR,178,3HG2,2813,20.918,-12.601,22.741,0.0642,18.178386369532365,0
LEU,179,N,2814,24.241,-12.522,20.236,-0.4157,16.7666408084625,0
LEU,179,CA,2815,24.291,-11.959,18.895,-0.0518,16.187264160444162,0
LEU,179,C,2816,24.368,-12.957,17.755,0.5973,17.108772895798225,0
LEU,179,O,2817,23.827,-12.694,16.68,-0.5679,17.03342434744112,0
LEU,179,CB,2818,25.488,-11.024,18.796,-0.1102,14.93958841467863,0
LEU,179,CG,2819,25.382,-9.788,19.637,0.3531,13.836639693220315,0
LEU,179,CD1,2820,26.701,-9.032,19.559,-0.4121,12.693998463841092,0
LEU,179,CD2,2821,24.206,-8.947,19.125,-0.4121,13.327944890342247,0
LEU,179,H,2822,25.05,-12.405,20.824,0.2719,16.353695912545273,0
LEU,179,HA,2823,23.37,-11.397,18.742,0.0922,15.930969524796664,0
LEU,179,1HB,2824,26.384,-11.569,19.1,0.0457,14.955705299316381,0
LEU,179,2HB,2825,25.61,-10.722,17.759,0.0457,14.615879754568315,0
LEU,179,HG,2826,25.213,-10.064,20.68,-0.0361,14.181674090177083,0
LEU,179,1HD1,2827,26.645,-8.139,20.158,0.1,11.991125301655387,0
LEU,179,2HD1,2828,27.499,-9.664,19.929,0.1,12.727668011069428,0
LEU,179,3HD1,2829,26.904,-8.758,18.526,0.1,12.393110101988121,0
LEU,179,1HD2,2830,24.113,-8.055,19.717,0.1,12.501410720394718,0
LEU,179,2HD2,2831,24.38,-8.672,18.084,0.1,13.071248371903888,0
LEU,179,3HD2,2832,23.285,-9.525,19.198,0.1,14.167731399204321,0
