ResNum,Residue,X,Y,Z
2,SER,-16.454111322937198,-12.922980514380372,-7.1413568603090285
3,HIS,-19.205382429183825,-7.969311231189884,-5.439984702622279
4,SER,-11.957535222631593,-6.303516965127239,-5.7664813997658015
5,MET,-12.573457539758293,-2.3963451886224463,1.0003539552710023
6,ARG,-7.5797678549817,-5.375601971570952,-4.564188710233653
7,TYR,-9.015249531358043,1.6263239385109778,1.4474885007854004
8,PHE,-5.353857142857143,0.7945714285714287,-6.151714285714286
9,TYR,-2.365685518264047,3.653580756302186,1.7169233425662798
10,THR,0.869401775050348,7.184376598519791,-5.8049141709185585
11,ALA,4.536,8.1,-0.7809999999999999
12,MET,5.083632813991395,12.59132336745033,-6.7109184128988675
13,SER,10.958973973952533,11.975006404763944,-3.22375963927684
14,ARG,5.593517348398731,17.567643329393178,-3.9376997782249146
15,PRO,13.859333333333332,16.17833333333333,-4.100333333333333
16,GLY,13.568000000000001,21.9055,-3.775
17,ARG,8.550076482536571,19.684135104040205,-7.6995885284966645
18,GLY,7.705,21.02,-0.619
19,GLU,7.962572397026095,17.79684695686429,3.571535875869814
20,PRO,7.7843333333333335,13.871666666666666,0.757
21,ARG,-0.09354638301425365,15.407567921645244,-5.1070352677234085
22,PHE,-0.20714285714285716,8.85657142857143,1.670857142857143
23,ILE,-2.5,11.34125,-4.516249999999999
24,ALA,-4.759,7.186,0.1
25,VAL,-7.348,6.5476666666666645,-5.127000000000001
26,GLY,-9.999500000000001,3.112,-1.7905
27,TYR,-10.421955456031593,2.7884372819166163,-7.882411157875385
28,VAL,-16.325999999999997,-1.5946666666666665,-3.235333333333333
29,ASP,-16.439600762573903,-4.924760456830319,-7.283030113814868
30,ASP,-13.775933574672266,-2.2917400179933165,-12.340689943735184
31,THR,-17.761689681020652,1.9606835792850823,-8.101011728725132
32,GLN,-11.676857506624101,7.3710302687164,-6.714120578190447
33,PHE,-14.661857142857144,3.1210000000000004,-0.9628571428571426
34,VAL,-12.645666666666665,6.552666666666666,0.489
35,ARG,-10.594944793170916,13.678090856280107,-3.818562883240425
36,PHE,-5.137714285714287,12.131857142857145,3.094857142857143
37,ASP,-3.8987321851883583,15.42987409676406,-3.089896238539971
38,SER,-0.07063646359923455,14.989008175534805,1.0353991017622026
39,ASP,0.3455436694941878,18.430080188073,-2.675626038899837
40,ALA,-6.418,18.741,-0.203
41,ALA,-6.943,23.926000000000002,0.954
42,SER,-8.789073715477109,21.341026161711365,5.223260388998373
43,PRO,-4.726666666666666,17.98633333333333,4.056666666666667
44,ARG,-12.310813438233293,16.09028255216111,5.925148116976975
45,MET,-9.989882186228872,8.498383647336963,3.16063978913053
46,ALA,-12.983000000000002,13.706,0.402
47,PRO,-17.169666666666668,11.947000000000001,0.6083333333333333
48,ARG,-13.683717949480936,11.876836647894137,-5.956962295570871
49,ALA,-19.0,6.179,-4.331
50,PRO,-23.14033333333333,8.100999999999999,-4.9976666666666665
51,TRP,-20.64059336358799,2.9066792771576506,-2.397809115935091
52,ILE,-18.318,5.984,1.3884999999999998
53,GLU,-22.197607909830403,11.70444431868626,-0.5456977266513601
54,GLN,-25.495970719485445,6.366282946446606,3.8169289536477904
55,GLU,-20.127806058343307,4.673759047974623,6.549229901310857
56,GLY,-21.3695,9.523,10.3545
57,PRO,-19.862333333333332,12.433666666666666,12.187
58,GLU,-18.59668291593049,7.668217671735865,14.154952145908235
59,TYR,-15.7604666494798,5.438465238557742,6.6106506249225605
60,TRP,-16.45887868514617,10.232862957466208,5.294247912833582
61,ASP,-13.765541898723331,13.201163917687715,12.590369873332762
62,GLY,-10.871500000000001,7.697,12.352000000000002
63,GLU,-10.92403960794805,5.382823059216425,7.051884768593511
64,THR,-9.306453937143628,12.854792580969182,7.881612627244424
65,ARG,-8.374106783359695,10.196559994412874,14.586168150681813
66,ASN,-5.686855099953468,4.768697951474916,9.371135434978882
67,MET,-5.499820496629907,7.536207477349152,4.306348522004728
68,LYS,-3.9752748412025385,14.662160537328,8.985451218148246
69,ALA,-0.976,7.913999999999999,10.941
70,SER,-1.3192652943192529,5.652518600234199,6.288117999028932
71,ALA,0.696,11.261,4.778
72,GLN,4.184712141617834,12.566678172065838,9.246793129952932
73,THR,4.156388137346519,5.220143333316675,8.30876206229667
74,TYR,3.4872852680552064,3.8151847008885214,2.949576293711605
75,ARG,4.762129588198287,13.75240628897913,4.229750161162779
76,GLU,11.06646591740921,8.254250153604637,8.61657626874491
77,ASN,8.116821175409703,3.5945220675744154,4.819006674669903
78,LEU,9.328000000000001,8.65225,-0.439
79,ARG,12.448707419439149,11.478813366728762,5.988763604237064
80,ILE,13.500749999999998,3.7972499999999996,5.9935
81,ALA,13.421,3.928,-0.23100000000000004
82,LEU,16.6765,8.96125,-0.6895
83,ARG,18.467850355002238,5.349407149254166,6.251394111002127
84,TYR,16.263478548389035,-0.08218424123969287,3.816198694197634
85,TYR,16.40615869076026,0.1990157519654983,-3.5799029021827327
86,ASN,24.187422734893335,2.9891419156757943,-1.546103850326885
87,GLN,17.894135970274597,5.73233191589109,-4.9969928857341275
88,SER,21.26889017650587,12.23430780710022,-4.980379887470369
89,GLU,19.265704908586866,13.91451691414897,1.3855131541426216
90,ALA,19.522,15.866,-5.746000000000001
91,GLY,16.3655,12.772499999999999,-7.517499999999999
92,SER,10.883973566960846,13.035035972353127,-7.914747922200325
93,HIS,14.347818412863534,8.326353616501624,-5.8217133686259395
94,ILE,6.5735,7.622000000000001,-7.585
95,ILE,7.41875,4.0977500000000004,-1.1005
96,GLN,3.3387274746460958,3.200071003650259,-7.696602434859084
97,VAL,1.4906666666666664,0.4476666666666666,-0.2693333333333333
98,MET,-1.5346714782889614,-2.9817265011233642,-6.312719423192704
99,TYR,-4.34064375816876,-1.2284765659036494,2.335638304335488
100,GLY,-7.559,-4.7995,0.038999999999999965
101,CYS,-10.88688207001384,-7.477143045125577,1.6565673026748646
102,ASP,-9.647863946962556,-10.365094768371748,-4.391560702453374
103,VAL,-15.530666666666665,-10.814333333333332,-0.1996666666666666
104,GLY,-16.662,-15.041500000000001,-3.4705
105,PRO,-20.113333333333333,-15.86933333333333,-4.806666666666667
106,ASP,-19.659546397052523,-17.496847867220744,0.52442880501528
107,GLY,-19.235500000000002,-12.268500000000001,1.371
108,ARG,-18.021111654550495,-18.016344778647944,4.54754461627492
109,LEU,-10.21525,-13.33975,2.9745000000000004
110,LEU,-12.882,-15.70175,-3.13375
111,ARG,-4.3798440515001404,-13.763035554851859,-3.596430501924071
112,GLY,-6.1265,-10.659999999999998,1.0419999999999998
113,HIS,-4.772930215410766,-9.493236526374526,-3.6912579593749357
114,ASP,0.40719246422757255,-5.151602058521121,2.2913168001885014
115,GLN,1.6643306069703512,-6.771543688788194,-5.205168349254699
116,SER,4.930793705195214,-2.114520506668952,-0.7414940736297946
117,ALA,6.068,-0.754,-6.589
118,TYR,12.623839898317687,3.637516111690669,-3.987740666131076
119,ASP,12.139611390769142,5.062960960928797,-7.871445837974465
120,GLY,7.2685,1.6909999999999998,-10.732000000000001
121,LYS,12.55167504207041,-1.9064139950627503,-10.554608394355974
122,ASP,6.844757529346243,-6.494487804529746,-8.326266929426211
123,TYR,11.273547651594184,-2.263781892634028,-0.7219538932255755
124,ILE,8.293750000000001,-6.4185,1.13275
125,ALA,4.39,-8.938,-2.648
126,LEU,0.91825,-10.402249999999999,3.2849999999999997
127,ASN,4.630747820302531,-14.861956615941248,-0.0689971959056891
128,GLU,-2.985202355369106,-17.258591808536597,-2.6892267028066286
129,ASP,1.8477883214805928,-17.60914715962642,3.2874288050152796
130,LEU,-3.3305,-13.411000000000001,3.9785
131,SER,1.790993459572159,-16.993635235483964,6.8647739482477945
132,SER,5.340744516322508,-16.307314347528063,3.572827906777483
133,TRP,5.619056571132529,-9.420159603962926,4.744655253553192
134,THR,7.733523270050522,-12.99489605061292,-2.629278181173072
135,ALA,12.219,-9.317,-0.24899999999999997
136,ALA,11.597999999999999,-7.337,-5.613
137,ASP,15.479002316996542,-4.878541491731641,-4.138976155285179
138,THR,20.238664409540895,-6.989166890713469,-1.7105991794390003
139,ALA,16.764,-2.514,-0.774
140,ALA,12.634,-5.712,-0.782
141,GLN,17.096815594509557,-10.356157825192756,0.4586017313369011
142,ILE,17.81025,-4.34975,4.878500000000001
143,THR,11.422105663470044,-3.3650696177545014,4.0874237083160505
144,GLN,11.596717696202585,-11.289181928474537,3.5835051955552415
145,ARG,17.714803361423655,-9.649373050918555,7.212747988490877
146,LYS,13.634694728217584,-2.4731536761688897,9.445868644596343
147,TRP,7.235145954317957,-4.545523213405039,6.3124161997626
148,GLU,10.902749564174398,-12.624902495597645,8.013410772609278
149,ALA,12.011,-8.602,13.805
150,ALA,7.725,-5.771999999999999,13.704000000000002
151,ARG,5.503927099351994,-12.887676495949222,16.03622034876891
152,VAL,4.463666666666667,-5.937666666666666,9.626333333333331
153,ALA,2.884,-11.428,8.066
154,GLU,1.5096963243659582,-12.96858440317616,13.278051949235502
155,GLN,0.5386000132648608,-5.6030688849067385,13.611042340042586
156,LEU,-0.75475,-6.4435,6.43275
157,ARG,-3.518373456851122,-15.324288258311677,9.445727739162121
158,ALA,-5.521,-9.345,12.412
159,TYR,-7.418389076745368,-3.8872388934853777,6.495482095678902
160,LEU,-5.526,-8.5625,4.1427499999999995
161,GLU,-7.81426664883187,-14.275232144379538,8.338140307914825
162,GLY,-11.6755,-9.3085,10.251000000000001
163,LEU,-11.48125,-3.7267499999999996,10.916999999999998
164,CYS,-10.07869505637861,-5.888560133402909,3.3796882047326275
165,VAL,-13.931333333333331,-10.198999999999998,4.6643333333333326
166,GLU,-16.25416437607119,-7.6941018788272535,9.910430181179976
167,TRP,-16.149231286915754,-0.5193506462513557,8.13765717336466
168,LEU,-15.57425,-5.9185,0.017750000000000005
169,ARG,-19.47017923077555,-10.117183480409865,5.043811742998495
170,ARG,-20.877284247395913,-0.7135204044402981,7.94612089529005
171,TYR,-16.941371268350984,0.43756912318988306,2.7005426174402762
172,LEU,-20.1215,-5.756499999999999,-1.88675
173,GLU,-27.104658680205432,-4.617405833742455,2.214536269803239
174,ASN,-24.137717308795008,0.8858714899309877,3.330067527033135
175,GLY,-24.1235,1.0579999999999998,-2.8200000000000003
176,LYS,-28.974004089234068,-4.198022596990785,-2.0794078955383934
177,GLU,-30.25569161186386,1.292842523643355,-5.578647461922219
178,THR,-24.40940644755056,1.9552794205100272,-7.728555217958392
179,LEU,-20.73025,-1.02625,-5.0785
