Residue,Chain,ResNum,Atom,AtomNum,X,Y,Z,Charge,Hydrophobicity
SER,A,2,N,1,-18.015,-11.97,-8.089,-0.4157,-0.0062
SER,A,2,CA,2,-17.011,-11.831,-7.063,-0.0249,-0.1217
SER,A,2,C,3,-16.755,-10.335,-6.862,0.5973,-0.2645
SER,A,2,O,4,-17.053,-9.536,-7.754,-0.5679,0.4881
SER,A,2,CB,5,-15.749,-12.563,-7.528,0.2117,-0.1217
SER,A,2,OG,6,-14.584,-12.019,-6.955,-0.6546,0.4881
HIS,A,3,N,7,-16.213,-9.953,-5.695,-0.4157,-0.0062
HIS,A,3,CA,8,-15.979,-8.544,-5.343,0.0188,-0.1217
HIS,A,3,C,9,-14.616,-8.255,-4.675,0.5973,-0.2645
HIS,A,3,O,10,-13.97,-9.163,-4.131,-0.5679,0.4881
HIS,A,3,CB,11,-17.118,-7.972,-4.49,-0.0462,0.2169
HIS,A,3,CG,12,-18.451,-8.047,-5.155,-0.0266,-0.1217
HIS,A,3,CD2,13,-19.452,-8.952,-5.041,0.1292,-0.1217
HIS,A,3,ND1,14,-18.88,-7.112,-6.071,-0.3811,0.3544
HIS,A,3,CE1,15,-20.091,-7.429,-6.486,0.2057,-0.1217
HIS,A,3,NE2,16,-20.454,-8.556,-5.895,-0.5727,0.3544
SER,A,4,N,17,-14.193,-6.999,-4.713,-0.4157,-0.0062
SER,A,4,CA,18,-12.944,-6.634,-4.091,-0.0249,-0.1217
SER,A,4,C,19,-12.975,-5.26,-3.413,0.5973,-0.2645
SER,A,4,O,20,-13.723,-4.378,-3.82,-0.5679,0.4881
SER,A,4,CB,21,-11.782,-6.722,-5.09,0.2117,-0.1217
SER,A,4,OG,22,-11.92,-5.656,-5.999,-0.6546,0.4881
MET,A,5,N,23,-12.179,-5.095,-2.355,-0.4157,-0.0062
MET,A,5,CA,24,-11.916,-3.759,-1.834,-0.0237,-0.1217
MET,A,5,C,25,-10.418,-3.561,-1.86,0.5973,-0.2645
MET,A,5,O,26,-9.671,-4.454,-1.423,-0.5679,0.4881
MET,A,5,CB,27,-12.424,-3.593,-0.393,0.0342,0.2169
MET,A,5,CG,28,-12.137,-2.216,0.116,0.0018,-0.1217
MET,A,5,SD,29,-13.037,-1.829,1.564,-0.2737,0.4989
MET,A,5,CE,30,-12.071,-2.686,2.808,-0.0536,-0.1217
ARG,A,6,N,31,-9.968,-2.444,-2.428,-0.3479,-0.0062
ARG,A,6,CA,32,-8.548,-2.169,-2.505,-0.2637,-0.1217
ARG,A,6,C,33,-8.302,-0.692,-2.249,0.7341,-0.2645
ARG,A,6,O,34,-9.085,0.155,-2.72,-0.5894,0.4881
ARG,A,6,CB,35,-8.029,-2.447,-3.927,-0.0007,0.2169
ARG,A,6,CG,36,-8.422,-3.779,-4.51,0.039,0.2169
ARG,A,6,CD,37,-7.219,-4.431,-5.094,0.0486,-0.1217
ARG,A,6,NE,38,-7.494,-5.701,-5.765,-0.5295,-0.0062
ARG,A,6,CZ,39,-7.737,-6.874,-5.163,0.8076,-0.2645
TYR,A,7,N,40,-7.212,-0.415,-1.528,-0.4157,-0.0062
TYR,A,7,CA,41,-6.749,0.933,-1.228,-0.0014,-0.1217
TYR,A,7,C,42,-5.416,1.104,-1.919,0.5973,-0.2645
TYR,A,7,O,43,-4.625,0.198,-1.915,-0.5679,0.4881
TYR,A,7,CB,44,-6.567,1.129,0.268,-0.0152,0.2169
TYR,A,7,CG,45,-7.888,1.382,1.009,-0.0011,-0.2607
TYR,A,7,CD1,46,-8.48,0.376,1.735,-0.1906,-0.2607
TYR,A,7,CD2,47,-8.541,2.623,0.922,-0.1906,-0.2607
TYR,A,7,CE1,48,-9.698,0.604,2.436,-0.2341,-0.2607
TYR,A,7,CE2,49,-9.733,2.857,1.619,-0.2341,-0.2607
TYR,A,7,CZ,50,-10.297,1.818,2.355,0.3226,-0.1217
PHE,A,8,N,51,-5.175,2.269,-2.51,-0.4157,-0.0062
PHE,A,8,CA,52,-3.963,2.49,-3.308,-0.0024,-0.1217
PHE,A,8,C,53,-3.316,3.766,-2.785,0.5973,-0.2645
PHE,A,8,O,54,-4.013,4.739,-2.532,-0.5679,0.4881
PHE,A,8,CB,55,-4.325,2.699,-4.8,-0.0343,0.2169
PHE,A,8,CG,56,-5.055,1.566,-5.426,0.0118,-0.2607
PHE,A,8,CD1,57,-6.442,1.503,-5.403,-0.1256,-0.2607
PHE,A,8,CD2,58,-4.354,0.595,-6.143,-0.1256,-0.2607
PHE,A,8,CE1,59,-7.116,0.44,-5.991,-0.1704,-0.2607
PHE,A,8,CE2,60,-5.023,-0.471,-6.764,-0.1704,-0.2607
PHE,A,8,CZ,61,-6.381,-0.556,-6.693,-0.1072,-0.2607
PHE,A,9,N,62,-1.984,3.752,-2.609,-0.4157,-0.0062
PHE,A,9,CA,63,-1.252,4.865,-2.035,-0.0024,-0.1217
PHE,A,9,C,64,-0.052,5.173,-2.875,0.5973,-0.2645
PHE,A,9,O,65,0.702,4.267,-3.268,-0.5679,0.4881
PHE,A,9,CB,66,-0.768,4.533,-0.574,-0.0343,0.2169
PHE,A,9,CG,67,-1.85,4.033,0.319,0.0118,-0.2607
PHE,A,9,CD1,68,-2.145,2.682,0.393,-0.1256,-0.2607
PHE,A,9,CD2,69,-2.597,4.921,1.092,-0.1256,-0.2607
PHE,A,9,CE1,70,-3.139,2.239,1.183,-0.1704,-0.2607
PHE,A,9,CE2,71,-3.647,4.47,1.903,-0.1704,-0.2607
PHE,A,9,CZ,72,-3.909,3.134,1.95,-0.1072,-0.2607
THR,A,10,N,73,0.136,6.446,-3.15,-0.4157,-0.0062
THR,A,10,CA,74,1.256,6.888,-3.921,-0.0389,-0.1217
THR,A,10,C,75,1.898,8.049,-3.192,0.5973,-0.2645
THR,A,10,O,76,1.219,9.02,-2.898,-0.5679,0.4881
THR,A,10,CB,77,0.806,7.39,-5.304,0.3654,-0.1217
THR,A,10,CG2,78,2.031,7.785,-6.142,-0.2438,0.2169
THR,A,10,OG1,79,0.04,6.354,-5.958,-0.6761,0.4881
SER,A,11,N,80,3.197,7.939,-2.903,-0.4157,-0.0062
SER,A,11,CA,81,3.922,9.068,-2.336,-0.0249,-0.1217
SER,A,11,C,82,5.104,9.394,-3.2,0.5973,-0.2645
SER,A,11,O,83,5.848,8.484,-3.635,-0.5679,0.4881
SER,A,11,CB,84,4.357,8.801,-0.903,0.2117,-0.1217
SER,A,11,OG,85,3.319,9.182,-0.032,-0.6546,0.4881
VAL,A,12,N,86,5.278,10.671,-3.486,-0.4157,-0.0062
VAL,A,12,CA,87,6.323,11.071,-4.413,-0.0875,-0.1217
VAL,A,12,C,88,7.143,12.151,-3.772,0.5973,-0.2645
VAL,A,12,O,89,6.612,13.204,-3.406,-0.5679,0.4881
VAL,A,12,CB,90,5.722,11.575,-5.778,0.2985,1.5299
VAL,A,12,CG1,91,6.858,11.777,-6.828,-0.3192,-0.9227
VAL,A,12,CG2,92,4.695,10.574,-6.275,-0.3192,-0.9227
SER,A,13,N,93,8.441,11.903,-3.65,-0.4157,-0.0062
SER,A,13,CA,94,9.321,12.922,-3.098,-0.0249,-0.1217
SER,A,13,C,95,9.559,14.047,-4.094,0.5973,-0.2645
SER,A,13,O,96,9.419,13.877,-5.31,-0.5679,0.4881
SER,A,13,CB,97,10.629,12.345,-2.584,0.2117,-0.1217
SER,A,13,OG,98,11.475,11.96,-3.67,-0.6546,0.4881
ARG,A,14,N,99,9.868,15.211,-3.541,-0.3479,-0.0062
ARG,A,14,CA,100,9.993,16.418,-4.292,-0.2637,-0.1217
ARG,A,14,C,101,11.188,17.163,-3.71,0.7341,-0.2645
ARG,A,14,O,102,10.978,18.006,-2.842,-0.5894,0.4881
ARG,A,14,CB,103,8.755,17.304,-4.064,-0.0007,0.2169
ARG,A,14,CG,104,7.423,16.787,-4.554,0.039,0.2169
ARG,A,14,CD,105,6.417,17.947,-4.516,0.0486,-0.1217
ARG,A,14,NE,106,5.762,18.022,-3.217,-0.5295,-0.0062
ARG,A,14,CZ,107,4.467,18.302,-3.059,0.8076,-0.2645
PRO,A,15,N,108,12.429,16.842,-4.152,-0.2548,-0.0062
PRO,A,15,CA,109,13.676,17.463,-3.642,-0.0266,-0.1217
PRO,A,15,C,110,13.651,18.987,-3.621,0.5896,-0.2645
PRO,A,15,O,111,13.522,19.622,-4.69,-0.5748,0.4881
PRO,A,15,CB,112,14.716,17.034,-4.676,-0.007,0.2169
PRO,A,15,CG,113,14.223,15.711,-5.131,0.0189,0.2169
PRO,A,15,CD,114,12.727,15.902,-5.253,0.0192,-0.1217
GLY,A,16,N,115,13.714,19.545,-2.402,-0.4157,-0.0062
GLY,A,16,CA,116,13.759,20.998,-2.177,-0.0252,-0.1217
GLY,A,16,C,117,12.515,21.813,-2.509,0.5973,-0.2645
GLY,A,16,O,118,12.583,23.03,-2.583,-0.5679,0.4881
GLY,A,16,1HA,119,14.513,21.357,-2.876,0.0698,nan
GLY,A,16,2HA,120,13.978,21.156,-1.121,0.0698,nan
ARG,A,17,N,121,11.39,21.14,-2.71,-0.3479,-0.0062
ARG,A,17,CA,122,10.115,21.786,-2.915,-0.2637,-0.1217
ARG,A,17,C,123,9.151,21.319,-1.828,0.7341,-0.2645
ARG,A,17,O,124,7.969,21.111,-2.095,-0.5894,0.4881
ARG,A,17,CB,125,9.554,21.436,-4.289,-0.0007,0.2169
ARG,A,17,CG,126,10.061,22.331,-5.401,0.039,0.2169
ARG,A,17,CD,127,9.854,21.671,-6.755,0.0486,-0.1217
ARG,A,17,NE,128,11.017,20.856,-7.107,-0.5295,-0.0062
ARG,A,17,CZ,129,11.039,19.523,-7.212,0.8076,-0.2645
GLY,A,18,N,130,9.661,21.163,-0.602,-0.4157,-0.0062
GLY,A,18,CA,131,8.816,20.754,0.526,-0.0252,-0.1217
GLY,A,18,C,132,8.616,19.251,0.639,0.5973,-0.2645
GLY,A,18,O,133,9.41,18.461,0.128,-0.5679,0.4881
GLY,A,18,1HA,134,9.279,21.108,1.447,0.0698,nan
GLY,A,18,2HA,135,7.832,21.189,0.354,0.0698,nan
GLU,A,19,N,136,7.538,18.863,1.303,-0.5163,-0.0062
GLU,A,19,CA,137,7.279,17.479,1.691,0.0397,-0.1217
GLU,A,19,C,138,6.709,16.635,0.514,0.5366,-0.2645
GLU,A,19,O,139,6.209,17.217,-0.456,-0.5819,0.4881
GLU,A,19,CB,140,6.367,17.504,2.943,0.056,0.2169
GLU,A,19,CG,141,7.092,18.015,4.246,0.0136,0.2169
GLU,A,19,CD,142,8.484,17.408,4.438,0.8054,-0.2645
GLU,A,19,OE1,143,9.475,18.164,4.299,-0.8188,0.7653
GLU,A,19,OE2,144,8.608,16.174,4.691,-0.8188,0.7653
PRO,A,20,N,145,6.795,15.281,0.583,-0.2548,-0.0062
PRO,A,20,CA,146,6.28,14.416,-0.485,-0.0266,-0.1217
PRO,A,20,C,147,4.797,14.538,-0.744,0.5896,-0.2645
PRO,A,20,O,148,4.021,14.697,0.202,-0.5748,0.4881
PRO,A,20,CB,149,6.537,13.016,0.066,-0.007,0.2169
PRO,A,20,CG,150,7.707,13.202,0.938,0.0189,0.2169
PRO,A,20,CD,151,7.415,14.449,1.63,0.0192,-0.1217
ARG,A,21,N,152,4.408,14.492,-2.012,-0.3479,-0.0062
ARG,A,21,CA,153,2.995,14.492,-2.392,-0.2637,-0.1217
ARG,A,21,C,154,2.44,13.111,-2.107,0.7341,-0.2645
ARG,A,21,O,155,3.03,12.116,-2.551,-0.5894,0.4881
ARG,A,21,CB,156,2.901,14.808,-3.9,-0.0007,0.2169
ARG,A,21,CG,157,1.535,14.655,-4.529,0.039,0.2169
ARG,A,21,CD,158,0.798,15.948,-4.417,0.0486,-0.1217
ARG,A,21,NE,159,-0.604,16.004,-4.875,-0.5295,-0.0062
ARG,A,21,CZ,160,-1.013,16.63,-5.98,0.8076,-0.2645
PHE,A,22,N,161,1.339,13.011,-1.357,-0.4157,-0.0062
PHE,A,22,CA,162,0.739,11.728,-1.017,-0.0024,-0.1217
PHE,A,22,C,163,-0.718,11.703,-1.513,0.5973,-0.2645
PHE,A,22,O,164,-1.486,12.619,-1.201,-0.5679,0.4881
PHE,A,22,CB,165,0.789,11.478,0.488,-0.0343,0.2169
PHE,A,22,CG,166,-0.091,10.331,0.972,0.0118,-0.2607
PHE,A,22,CD1,167,0.394,9.034,1.049,-0.1256,-0.2607
PHE,A,22,CD2,168,-1.38,10.59,1.485,-0.1256,-0.2607
PHE,A,22,CE1,169,-0.376,8.01,1.57,-0.1704,-0.2607
PHE,A,22,CE2,170,-2.15,9.554,1.986,-0.1704,-0.2607
PHE,A,22,CZ,171,-1.645,8.273,2.023,-0.1072,-0.2607
ILE,A,23,N,172,-1.083,10.675,-2.279,-0.4157,-0.0062
ILE,A,23,CA,173,-2.467,10.542,-2.783,-0.0597,-0.1217
ILE,A,23,C,174,-2.947,9.142,-2.399,0.5973,-0.2645
ILE,A,23,O,175,-2.255,8.162,-2.621,-0.5679,0.4881
ILE,A,23,CB,176,-2.611,10.846,-4.337,0.1303,0.2169
ILE,A,23,CG1,177,-2.45,12.343,-4.596,-0.043,0.2169
ILE,A,23,CG2,178,-3.993,10.428,-4.872,-0.3204,-0.9227
ILE,A,23,CD1,179,-1.751,12.569,-5.884,-0.066,0.2169
ALA,A,24,N,180,-4.1,9.048,-1.751,-0.4157,-0.0062
ALA,A,24,CA,181,-4.685,7.779,-1.464,0.0337,-0.1217
ALA,A,24,C,182,-6.051,7.681,-2.068,0.5973,-0.2645
ALA,A,24,O,183,-6.767,8.679,-2.095,-0.5679,0.4881
ALA,A,24,CB,184,-4.801,7.562,0.038,-0.1825,0.2169
VAL,A,25,N,185,-6.397,6.488,-2.583,-0.4157,-0.0062
VAL,A,25,CA,186,-7.751,6.209,-3.054,-0.0875,-0.1217
VAL,A,25,C,187,-8.211,4.815,-2.644,0.5973,-0.2645
VAL,A,25,O,188,-7.404,3.897,-2.499,-0.5679,0.4881
VAL,A,25,CB,189,-7.904,6.311,-4.609,0.2985,1.5299
VAL,A,25,CG1,190,-7.639,7.72,-5.084,-0.3192,-0.9227
VAL,A,25,CG2,191,-6.935,5.346,-5.367,-0.3192,-0.9227
GLY,A,26,N,192,-9.511,4.666,-2.483,-0.4157,-0.0062
GLY,A,26,CA,193,-10.08,3.38,-2.154,-0.0252,-0.1217
GLY,A,26,C,194,-11.128,3.042,-3.208,0.5973,-0.2645
GLY,A,26,O,195,-11.855,3.944,-3.668,-0.5679,0.4881
GLY,A,26,1HA,196,-9.298,2.62,-2.151,0.0698,nan
GLY,A,26,2HA,197,-10.536,3.412,-1.165,0.0698,nan
TYR,A,27,N,198,-11.213,1.757,-3.566,-0.4157,-0.0062
TYR,A,27,CA,199,-12.147,1.261,-4.526,-0.0014,-0.1217
TYR,A,27,C,200,-12.837,0.051,-3.971,0.5973,-0.2645
TYR,A,27,O,201,-12.215,-0.753,-3.261,-0.5679,0.4881
TYR,A,27,CB,202,-11.435,0.776,-5.815,-0.0152,0.2169
TYR,A,27,CG,203,-10.996,1.836,-6.775,-0.0011,-0.2607
TYR,A,27,CD1,204,-9.89,2.645,-6.511,-0.1906,-0.2607
TYR,A,27,CD2,205,-11.689,2.019,-7.969,-0.1906,-0.2607
TYR,A,27,CE1,206,-9.477,3.61,-7.446,-0.2341,-0.2607
TYR,A,27,CE2,207,-11.323,3.005,-8.888,-0.2341,-0.2607
TYR,A,27,CZ,208,-10.205,3.792,-8.621,0.3226,-0.1217
VAL,A,28,N,209,-14.114,-0.082,-4.352,-0.4157,-0.0062
VAL,A,28,CA,210,-14.83,-1.329,-4.322,-0.0875,-0.1217
VAL,A,28,C,211,-15.048,-1.754,-5.772,0.5973,-0.2645
VAL,A,28,O,212,-15.746,-1.055,-6.521,-0.5679,0.4881
VAL,A,28,CB,213,-16.216,-1.234,-3.57,0.2985,1.5299
VAL,A,28,CG1,214,-17.003,-2.518,-3.783,-0.3192,-0.9227
VAL,A,28,CG2,215,-16.045,-0.914,-2.073,-0.3192,-0.9227
ASP,A,29,N,216,-14.437,-2.885,-6.164,-0.5163,-0.0062
ASP,A,29,CA,217,-14.395,-3.35,-7.562,0.0381,-0.1217
ASP,A,29,C,218,-13.809,-2.197,-8.395,0.5366,-0.2645
ASP,A,29,O,219,-12.739,-1.684,-8.053,-0.5819,0.4881
ASP,A,29,CB,220,-15.787,-3.83,-8.064,-0.0303,0.2169
ASP,A,29,CG,221,-16.361,-4.946,-7.208,0.7994,-0.2645
ASP,A,29,OD1,222,-17.593,-5.004,-6.993,-0.8014,0.7653
ASP,A,29,OD2,223,-15.55,-5.781,-6.755,-0.8014,0.7653
ASP,A,30,N,224,-14.523,-1.749,-9.426,-0.5163,-0.0062
ASP,A,30,CA,225,-14.066,-0.627,-10.256,0.0381,-0.1217
ASP,A,30,C,226,-14.708,0.714,-9.937,0.5366,-0.2645
ASP,A,30,O,227,-14.662,1.628,-10.766,-0.5819,0.4881
ASP,A,30,CB,228,-14.195,-0.982,-11.75,-0.0303,0.2169
ASP,A,30,CG,229,-13.509,-2.266,-12.04,0.7994,-0.2645
ASP,A,30,OD1,230,-12.325,-2.334,-11.659,-0.8014,0.7653
ASP,A,30,OD2,231,-14.17,-3.217,-12.482,-0.8014,0.7653
THR,A,31,N,232,-15.231,0.858,-8.717,-0.4157,-0.0062
THR,A,31,CA,233,-15.924,2.066,-8.296,-0.0389,-0.1217
THR,A,31,C,234,-15.128,2.722,-7.164,0.5973,-0.2645
THR,A,31,O,235,-14.996,2.135,-6.109,-0.5679,0.4881
THR,A,31,CB,236,-17.318,1.728,-7.759,0.3654,-0.1217
THR,A,31,CG2,237,-18.094,3.018,-7.306,-0.2438,0.2169
THR,A,31,OG1,238,-18.068,0.974,-8.732,-0.6761,0.4881
GLN,A,32,N,239,-14.589,3.917,-7.395,-0.4157,-0.0062
GLN,A,32,CA,240,-13.794,4.618,-6.358,-0.0031,-0.1217
GLN,A,32,C,241,-14.78,5.195,-5.356,0.5973,-0.2645
GLN,A,32,O,242,-15.849,5.676,-5.778,-0.5679,0.4881
GLN,A,32,CB,243,-13.017,5.787,-6.966,-0.0036,0.2169
GLN,A,32,CG,244,-12.01,6.438,-6.022,-0.0645,0.2169
GLN,A,32,CD,245,-11.513,7.772,-6.511,0.6951,-0.2645
GLN,A,32,NE2,246,-11.003,8.565,-5.611,-0.9407,-0.0062
GLN,A,32,OE1,247,-11.621,8.094,-7.702,-0.6086,0.4881
PHE,A,33,N,248,-14.428,5.154,-4.062,-0.4157,-0.0062
PHE,A,33,CA,249,-15.316,5.682,-3.037,-0.0024,-0.1217
PHE,A,33,C,250,-14.709,6.69,-2.057,0.5973,-0.2645
PHE,A,33,O,251,-15.439,7.493,-1.448,-0.5679,0.4881
PHE,A,33,CB,252,-16.027,4.54,-2.314,-0.0343,0.2169
PHE,A,33,CG,253,-15.162,3.724,-1.378,0.0118,-0.2607
PHE,A,33,CD1,254,-14.354,2.686,-1.873,-0.1256,-0.2607
PHE,A,33,CD2,255,-15.189,3.96,-0.016,-0.1256,-0.2607
PHE,A,33,CE1,256,-13.552,1.904,-1.022,-0.1704,-0.2607
PHE,A,33,CE2,257,-14.389,3.192,0.866,-0.1704,-0.2607
PHE,A,33,CZ,258,-13.564,2.153,0.353,-0.1072,-0.2607
VAL,A,34,N,259,-13.384,6.706,-1.933,-0.4157,-0.0062
VAL,A,34,CA,260,-12.707,7.727,-1.111,-0.0875,-0.1217
VAL,A,34,C,261,-11.437,8.271,-1.806,0.5973,-0.2645
VAL,A,34,O,262,-10.797,7.585,-2.6,-0.5679,0.4881
VAL,A,34,CB,263,-12.353,7.241,0.341,0.2985,1.5299
VAL,A,34,CG1,264,-13.562,7.128,1.265,-0.3192,-0.9227
VAL,A,34,CG2,265,-11.594,5.902,0.309,-0.3192,-0.9227
ARG,A,35,N,266,-11.063,9.502,-1.499,-0.3479,-0.0062
ARG,A,35,CA,267,-9.71,9.992,-1.842,-0.2637,-0.1217
ARG,A,35,C,268,-9.101,10.782,-0.683,0.7341,-0.2645
ARG,A,35,O,269,-9.817,11.383,0.132,-0.5894,0.4881
ARG,A,35,CB,270,-9.755,10.889,-3.062,-0.0007,0.2169
ARG,A,35,CG,271,-10.46,12.224,-2.81,0.039,0.2169
ARG,A,35,CD,272,-9.891,13.354,-3.6,0.0486,-0.1217
ARG,A,35,NE,273,-10.782,14.495,-3.513,-0.5295,-0.0062
ARG,A,35,CZ,274,-11.333,15.118,-4.544,0.8076,-0.2645
PHE,A,36,N,275,-7.779,10.793,-0.597,-0.4157,-0.0062
PHE,A,36,CA,276,-7.084,11.818,0.195,-0.0024,-0.1217
PHE,A,36,C,277,-5.96,12.44,-0.681,0.5973,-0.2645
PHE,A,36,O,278,-5.23,11.714,-1.34,-0.5679,0.4881
PHE,A,36,CB,279,-6.55,11.27,1.536,-0.0343,0.2169
PHE,A,36,CG,280,-5.769,12.306,2.353,0.0118,-0.2607
PHE,A,36,CD1,281,-6.418,13.18,3.216,-0.1256,-0.2607
PHE,A,36,CD2,282,-4.384,12.393,2.251,-0.1256,-0.2607
PHE,A,36,CE1,283,-5.684,14.134,3.975,-0.1704,-0.2607
PHE,A,36,CE2,284,-3.634,13.336,3.021,-0.1704,-0.2607
PHE,A,36,CZ,285,-4.295,14.213,3.867,-0.1072,-0.2607
ASP,A,37,N,286,-5.809,13.763,-0.697,-0.5163,-0.0062
ASP,A,37,CA,287,-4.65,14.369,-1.417,0.0381,-0.1217
ASP,A,37,C,288,-3.947,15.258,-0.411,0.5366,-0.2645
ASP,A,37,O,289,-4.575,16.181,0.145,-0.5819,0.4881
ASP,A,37,CB,290,-5.124,15.175,-2.666,-0.0303,0.2169
ASP,A,37,CG,291,-3.973,15.938,-3.427,0.7994,-0.2645
ASP,A,37,OD1,292,-2.764,15.788,-3.172,-0.8014,0.7653
ASP,A,37,OD2,293,-4.3,16.766,-4.3,-0.8014,0.7653
SER,A,38,N,294,-2.66,14.974,-0.146,-0.4157,-0.0062
SER,A,38,CA,295,-1.841,15.784,0.792,-0.0249,-0.1217
SER,A,38,C,296,-1.69,17.249,0.382,0.5973,-0.2645
SER,A,38,O,297,-1.494,18.105,1.229,-0.5679,0.4881
SER,A,38,CB,298,-0.458,15.177,1.016,0.2117,-0.1217
SER,A,38,OG,299,0.311,15.192,-0.174,-0.6546,0.4881
ASP,A,39,N,300,-1.863,17.571,-0.889,-0.5163,-0.0062
ASP,A,39,CA,301,-1.789,18.972,-1.293,0.0381,-0.1217
ASP,A,39,C,302,-3.09,19.755,-1.188,0.5366,-0.2645
ASP,A,39,O,303,-3.078,20.972,-1.328,-0.5819,0.4881
ASP,A,39,CB,304,-1.254,19.092,-2.707,-0.0303,0.2169
ASP,A,39,CG,305,0.245,18.929,-2.776,0.7994,-0.2645
ASP,A,39,OD1,306,0.912,18.662,-1.738,-0.8014,0.7653
ASP,A,39,OD2,307,0.762,19.074,-3.889,-0.8014,0.7653
ALA,A,40,N,308,-4.216,19.088,-0.947,-0.4157,-0.0062
ALA,A,40,CA,309,-5.501,19.827,-0.996,0.0337,-0.1217
ALA,A,40,C,310,-5.707,20.626,0.289,0.5973,-0.2645
ALA,A,40,O,311,-5.048,20.349,1.306,-0.5679,0.4881
ALA,A,40,CB,312,-6.653,18.873,-1.243,-0.1825,0.2169
ALA,A,41,N,313,-6.605,21.611,0.229,-0.4157,-0.0062
ALA,A,41,CA,314,-6.907,22.516,1.341,0.0337,-0.1217
ALA,A,41,C,315,-7.598,21.828,2.506,0.5973,-0.2645
ALA,A,41,O,316,-7.386,22.222,3.661,-0.5679,0.4881
ALA,A,41,CB,317,-7.791,23.64,0.871,-0.1825,0.2169
SER,A,42,N,318,-8.439,20.837,2.196,-0.4157,-0.0062
SER,A,42,CA,319,-9.349,20.261,3.202,-0.0249,-0.1217
SER,A,42,C,320,-8.622,19.461,4.254,0.5973,-0.2645
SER,A,42,O,321,-9.012,19.522,5.41,-0.5679,0.4881
SER,A,42,CB,322,-10.441,19.395,2.587,0.2117,-0.1217
SER,A,42,OG,323,-9.939,18.085,2.261,-0.6546,0.4881
GLN,A,43,N,324,-7.55,18.755,3.84,-0.4157,-0.0062
GLN,A,43,CA,325,-6.825,17.826,4.69,-0.0031,-0.1217
GLN,A,43,C,326,-7.729,16.725,5.253,0.5973,-0.2645
GLN,A,43,O,327,-7.547,16.278,6.374,-0.5679,0.4881
GLN,A,43,CB,328,-5.99,18.551,5.75,-0.0036,0.2169
GLN,A,43,CG,329,-4.864,19.383,5.133,-0.0645,0.2169
GLN,A,43,CD,330,-3.801,18.521,4.472,0.6951,-0.2645
GLN,A,43,NE2,331,-3.555,18.761,3.197,-0.9407,-0.0062
GLN,A,43,OE1,332,-3.221,17.641,5.1,-0.6086,0.4881
ARG,A,44,N,333,-8.717,16.29,4.471,-0.3479,-0.0062
ARG,A,44,CA,334,-9.696,15.347,4.969,-0.2637,-0.1217
ARG,A,44,C,335,-9.792,14.199,4.031,0.7341,-0.2645
ARG,A,44,O,336,-9.6,14.387,2.833,-0.5894,0.4881
ARG,A,44,CB,337,-11.078,16.026,5.081,-0.0007,0.2169
ARG,A,44,CG,338,-11.174,17.168,6.069,0.039,0.2169
ARG,A,44,CD,339,-11.194,16.635,7.48,0.0486,-0.1217
ARG,A,44,NE,340,-12.448,15.937,7.771,-0.5295,-0.0062
ARG,A,44,CZ,341,-12.67,15.256,8.89,0.8076,-0.2645
MET,A,45,N,342,-10.066,12.998,4.557,-0.4157,-0.0062
MET,A,45,CA,343,-10.542,11.938,3.716,-0.0237,-0.1217
MET,A,45,C,344,-11.922,12.36,3.135,0.5973,-0.2645
MET,A,45,O,345,-12.807,12.821,3.866,-0.5679,0.4881
MET,A,45,CB,346,-10.639,10.591,4.434,0.0342,0.2169
MET,A,45,CG,347,-10.98,9.436,3.477,0.0018,-0.1217
MET,A,45,SD,348,-9.642,8.874,2.369,-0.2737,0.4989
MET,A,45,CE,349,-9.076,7.429,3.186,-0.0536,-0.1217
GLU,A,46,N,350,-12.058,12.255,1.815,-0.5163,-0.0062
GLU,A,46,CA,351,-13.26,12.75,1.139,0.0397,-0.1217
GLU,A,46,C,352,-14.045,11.671,0.409,0.5366,-0.2645
GLU,A,46,O,353,-13.441,10.726,-0.125,-0.5819,0.4881
GLU,A,46,CB,354,-12.877,13.888,0.193,0.056,0.2169
GLU,A,46,CG,355,-12.572,15.179,0.961,0.0136,0.2169
GLU,A,46,CD,356,-12.043,16.278,0.054,0.8054,-0.2645
GLU,A,46,OE1,357,-11.689,15.968,-1.09,-0.8188,0.7653
GLU,A,46,OE2,358,-11.969,17.458,0.476,-0.8188,0.7653
PRO,A,47,N,359,-15.405,11.803,0.395,-0.2548,-0.0062
PRO,A,47,CA,360,-16.263,10.847,-0.316,-0.0266,-0.1217
PRO,A,47,C,361,-16.158,11.011,-1.807,0.5896,-0.2645
PRO,A,47,O,362,-16.12,12.141,-2.309,-0.5748,0.4881
PRO,A,47,CB,363,-17.687,11.252,0.161,-0.007,0.2169
PRO,A,47,CG,364,-17.569,12.726,0.521,0.0189,0.2169
PRO,A,47,CD,365,-16.211,12.794,1.16,0.0192,-0.1217
ARG,A,48,N,366,-16.104,9.904,-2.544,-0.3479,-0.0062
ARG,A,48,CA,367,-16.124,9.984,-4.021,-0.2637,-0.1217
ARG,A,48,C,368,-17.186,9.053,-4.671,0.7341,-0.2645
ARG,A,48,O,369,-17.137,8.8,-5.881,-0.5894,0.4881
ARG,A,48,CB,370,-14.739,9.635,-4.597,-0.0007,0.2169
ARG,A,48,CG,371,-13.591,10.571,-4.2,0.039,0.2169
ARG,A,48,CD,372,-13.724,11.947,-4.868,0.0486,-0.1217
ARG,A,48,NE,373,-13.05,12.027,-6.17,-0.5295,-0.0062
ARG,A,48,CZ,374,-13.423,12.873,-7.145,0.8076,-0.2645
ALA,A,49,N,375,-18.111,8.527,-3.862,-0.4157,-0.0062
ALA,A,49,CA,376,-19.233,7.737,-4.322,0.0337,-0.1217
ALA,A,49,C,377,-20.441,8.173,-3.492,0.5973,-0.2645
ALA,A,49,O,378,-20.261,8.472,-2.351,-0.5679,0.4881
ALA,A,49,CB,379,-18.974,6.27,-4.067,-0.1825,0.2169
PRO,A,50,N,380,-21.669,8.216,-4.062,-0.2548,-0.0062
PRO,A,50,CA,381,-22.806,8.73,-3.232,-0.0266,-0.1217
PRO,A,50,C,382,-23.14,7.869,-2.003,0.5896,-0.2645
PRO,A,50,O,383,-23.505,8.407,-0.952,-0.5748,0.4881
PRO,A,50,CB,384,-24.01,8.764,-4.192,-0.007,0.2169
PRO,A,50,CG,385,-23.431,8.562,-5.566,0.0189,0.2169
PRO,A,50,CD,386,-21.979,8.161,-5.503,0.0192,-0.1217
TRP,A,51,N,387,-22.969,6.557,-2.105,-0.4157,-0.0062
TRP,A,51,CA,388,-23.367,5.637,-1.053,-0.0275,-0.1217
TRP,A,51,C,389,-22.377,5.611,0.119,0.5973,-0.2645
TRP,A,51,O,390,-22.641,4.956,1.123,-0.5679,0.4881
TRP,A,51,CB,391,-23.497,4.222,-1.632,-0.005,0.2169
TRP,A,51,CG,392,-22.302,3.832,-2.541,-0.1415,-0.2607
TRP,A,51,CD1,393,-22.231,3.945,-3.925,-0.1638,-0.1217
TRP,A,51,CD2,394,-21.031,3.273,-2.117,0.1243,-0.2607
TRP,A,51,CE2,395,-20.232,3.098,-3.295,0.138,-0.1217
TRP,A,51,CE3,396,-20.5,2.886,-0.869,-0.2387,-0.2607
TRP,A,51,NE1,397,-20.987,3.509,-4.373,-0.3418,-0.0062
TRP,A,51,CZ2,398,-18.929,2.574,-3.247,-0.2601,-0.2607
TRP,A,51,CZ3,399,-19.184,2.376,-0.813,-0.1972,-0.2607
ILE,A,52,N,400,-21.214,6.26,-0.02,-0.4157,-0.0062
ILE,A,52,CA,401,-20.308,6.421,1.146,-0.0597,-0.1217
ILE,A,52,C,402,-20.66,7.642,2.007,0.5973,-0.2645
ILE,A,52,O,403,-20.213,7.742,3.174,-0.5679,0.4881
ILE,A,52,CB,404,-18.782,6.472,0.718,0.1303,0.2169
ILE,A,52,CG1,405,-17.826,6.128,1.864,-0.043,0.2169
ILE,A,52,CG2,406,-18.417,7.772,0.252,-0.3204,-0.9227
ILE,A,52,CD1,407,-18.076,4.677,2.427,-0.066,0.2169
GLU,A,53,N,408,-21.41,8.582,1.42,-0.5163,-0.0062
GLU,A,53,CA,409,-21.669,9.903,2.06,0.0397,-0.1217
GLU,A,53,C,410,-22.48,9.779,3.353,0.5366,-0.2645
GLU,A,53,O,411,-22.353,10.628,4.226,-0.5819,0.4881
GLU,A,53,CB,412,-22.365,10.879,1.098,0.056,0.2169
GLU,A,53,CG,413,-21.552,11.338,-0.147,0.0136,0.2169
GLU,A,53,CD,414,-22.456,12.077,-1.153,0.8054,-0.2645
GLU,A,53,OE1,415,-23.586,12.431,-0.776,-0.8188,0.7653
GLU,A,53,OE2,416,-22.082,12.299,-2.3,-0.8188,0.7653
GLN,A,54,N,417,-23.28,8.715,3.469,-0.4157,-0.0062
GLN,A,54,CA,418,-24.084,8.45,4.655,-0.0031,-0.1217
GLN,A,54,C,419,-23.273,8.075,5.889,0.5973,-0.2645
GLN,A,54,O,420,-23.813,8.105,6.973,-0.5679,0.4881
GLN,A,54,CB,421,-25.108,7.311,4.409,-0.0036,0.2169
GLN,A,54,CG,422,-24.427,5.982,3.998,-0.0645,0.2169
GLN,A,54,CD,423,-25.391,4.939,3.465,0.6951,-0.2645
GLN,A,54,NE2,424,-25.401,4.744,2.148,-0.9407,-0.0062
GLN,A,54,OE1,425,-26.098,4.3,4.232,-0.6086,0.4881
GLU,A,55,N,426,-22.014,7.686,5.714,-0.5163,-0.0062
GLU,A,55,CA,427,-21.177,7.351,6.86,0.0397,-0.1217
GLU,A,55,C,428,-21.02,8.58,7.737,0.5366,-0.2645
GLU,A,55,O,429,-20.866,9.705,7.235,-0.5819,0.4881
GLU,A,55,CB,430,-19.783,6.886,6.439,0.056,0.2169
GLU,A,55,CG,431,-19.688,5.587,5.654,0.0136,0.2169
GLU,A,55,CD,432,-20.273,4.353,6.353,0.8054,-0.2645
GLU,A,55,OE1,433,-20.175,4.205,7.592,-0.8188,0.7653
GLU,A,55,OE2,434,-20.803,3.495,5.633,-0.8188,0.7653
GLY,A,56,N,435,-21.069,8.351,9.039,-0.4157,-0.0062
GLY,A,56,CA,436,-21.225,9.426,10.011,-0.0252,-0.1217
GLY,A,56,C,437,-19.883,10.056,10.345,0.5973,-0.2645
GLY,A,56,O,438,-18.868,9.672,9.765,-0.5679,0.4881
GLY,A,56,1HA,439,-21.885,10.188,9.599,0.0698,nan
GLY,A,56,2HA,440,-21.649,9.008,10.925,0.0698,nan
PRO,A,57,N,441,-19.874,11.015,11.287,-0.2548,-0.0062
PRO,A,57,CA,442,-18.647,11.784,11.517,-0.0266,-0.1217
PRO,A,57,C,443,-17.45,10.958,12.071,0.5896,-0.2645
PRO,A,57,O,444,-16.306,11.306,11.776,-0.5748,0.4881
PRO,A,57,CB,445,-19.072,12.855,12.53,-0.007,0.2169
PRO,A,57,CG,446,-20.446,12.409,13.086,0.0189,0.2169
PRO,A,57,CD,447,-21.044,11.533,12.03,0.0192,-0.1217
GLU,A,58,N,448,-17.725,9.877,12.821,-0.5163,-0.0062
GLU,A,58,CA,449,-16.693,8.992,13.372,0.0397,-0.1217
GLU,A,58,C,450,-15.879,8.385,12.282,0.5366,-0.2645
GLU,A,58,O,451,-14.664,8.325,12.38,-0.5819,0.4881
GLU,A,58,CB,452,-17.304,7.864,14.207,0.056,0.2169
GLU,A,58,CG,453,-17.857,8.317,15.541,0.0136,0.2169
GLU,A,58,CD,454,-19.298,8.757,15.433,0.8054,-0.2645
GLU,A,58,OE1,455,-19.903,9.028,16.484,-0.8188,0.7653
GLU,A,58,OE2,456,-19.837,8.84,14.285,-0.8188,0.7653
TYR,A,59,N,457,-16.568,7.959,11.23,-0.4157,-0.0062
TYR,A,59,CA,458,-15.95,7.384,10.067,-0.0014,-0.1217
TYR,A,59,C,459,-15.041,8.341,9.388,0.5973,-0.2645
TYR,A,59,O,460,-13.875,7.999,9.145,-0.5679,0.4881
TYR,A,59,CB,461,-17.007,6.97,9.041,-0.0152,0.2169
TYR,A,59,CG,462,-16.465,6.305,7.781,-0.0011,-0.2607
TYR,A,59,CD1,463,-16.232,4.913,7.762,-0.1906,-0.2607
TYR,A,59,CD2,464,-16.195,7.041,6.588,-0.1906,-0.2607
TYR,A,59,CE1,465,-15.736,4.281,6.63,-0.2341,-0.2607
TYR,A,59,CE2,466,-15.67,6.397,5.446,-0.2341,-0.2607
TYR,A,59,CZ,467,-15.459,5.007,5.488,0.3226,-0.1217
TRP,A,60,N,468,-15.57,9.506,9.007,-0.4157,-0.0062
TRP,A,60,CA,469,-14.717,10.483,8.335,-0.0275,-0.1217
TRP,A,60,C,470,-13.512,10.874,9.175,0.5973,-0.2645
TRP,A,60,O,471,-12.418,10.933,8.643,-0.5679,0.4881
TRP,A,60,CB,472,-15.483,11.695,7.834,-0.005,0.2169
TRP,A,60,CG,473,-16.442,11.197,6.868,-0.1415,-0.2607
TRP,A,60,CD1,474,-17.802,11.047,7.057,-0.1638,-0.1217
TRP,A,60,CD2,475,-16.141,10.623,5.589,0.1243,-0.2607
TRP,A,60,CE2,476,-17.371,10.208,5.026,0.138,-0.1217
TRP,A,60,CE3,477,-14.946,10.447,4.84,-0.2387,-0.2607
TRP,A,60,NE1,478,-18.366,10.489,5.933,-0.3418,-0.0062
TRP,A,60,CZ2,479,-17.454,9.607,3.754,-0.2601,-0.2607
TRP,A,60,CZ3,480,-15.035,9.856,3.577,-0.1972,-0.2607
ASP,A,61,N,481,-13.727,11.086,10.464,-0.5163,-0.0062
ASP,A,61,CA,482,-12.628,11.405,11.391,0.0381,-0.1217
ASP,A,61,C,483,-11.591,10.315,11.469,0.5366,-0.2645
ASP,A,61,O,484,-10.42,10.625,11.382,-0.5819,0.4881
ASP,A,61,CB,485,-13.153,11.741,12.779,-0.0303,0.2169
ASP,A,61,CG,486,-13.842,13.076,12.817,0.7994,-0.2645
ASP,A,61,OD1,487,-14.523,13.41,13.813,-0.8014,0.7653
ASP,A,61,OD2,488,-13.73,13.781,11.808,-0.8014,0.7653
GLY,A,62,N,489,-12.028,9.061,11.652,-0.4157,-0.0062
GLY,A,62,CA,490,-11.136,7.895,11.691,-0.0252,-0.1217
GLY,A,62,C,491,-10.379,7.673,10.387,0.5973,-0.2645
GLY,A,62,O,492,-9.179,7.345,10.392,-0.5679,0.4881
GLY,A,62,1HA,493,-10.412,8.039,12.493,0.0698,nan
GLY,A,62,2HA,494,-11.76,7.016,11.856,0.0698,nan
GLU,A,63,N,495,-11.046,7.859,9.253,-0.5163,-0.0062
GLU,A,63,CA,496,-10.357,7.605,7.995,0.0397,-0.1217
GLU,A,63,C,497,-9.361,8.731,7.723,0.5366,-0.2645
GLU,A,63,O,498,-8.322,8.464,7.169,-0.5819,0.4881
GLU,A,63,CB,499,-11.347,7.433,6.79,0.056,0.2169
GLU,A,63,CG,500,-12.304,6.25,6.926,0.0136,0.2169
GLU,A,63,CD,501,-11.564,4.957,7.147,0.8054,-0.2645
GLU,A,63,OE1,502,-11.565,4.478,8.284,-0.8188,0.7653
GLU,A,63,OE2,503,-10.924,4.462,6.191,-0.8188,0.7653
THR,A,64,N,504,-9.666,9.956,8.165,-0.4157,-0.0062
THR,A,64,CA,505,-8.77,11.079,7.993,-0.0389,-0.1217
THR,A,64,C,506,-7.535,10.821,8.865,0.5973,-0.2645
THR,A,64,O,507,-6.402,10.885,8.386,-0.5679,0.4881
THR,A,64,CB,508,-9.515,12.36,8.358,0.3654,-0.1217
THR,A,64,CG2,509,-8.616,13.647,8.337,-0.2438,0.2169
THR,A,64,OG1,510,-10.547,12.517,7.378,-0.6761,0.4881
ARG,A,65,N,511,-7.774,10.395,10.097,-0.3479,-0.0062
ARG,A,65,CA,512,-6.644,10.101,10.993,-0.2637,-0.1217
ARG,A,65,C,513,-5.754,8.986,10.444,0.7341,-0.2645
ARG,A,65,O,514,-4.516,9.15,10.361,-0.5894,0.4881
ARG,A,65,CB,515,-7.19,9.749,12.384,-0.0007,0.2169
ARG,A,65,CG,516,-6.172,9.165,13.35,0.039,0.2169
ARG,A,65,CD,517,-6.792,8.763,14.674,0.0486,-0.1217
ARG,A,65,NE,518,-8.064,8.058,14.587,-0.5295,-0.0062
ARG,A,65,CZ,519,-8.188,6.768,14.283,0.8076,-0.2645
LYS,A,66,N,520,-6.367,7.883,10.007,-0.3479,-0.0062
LYS,A,66,CA,521,-5.573,6.758,9.523,-0.24,-0.1217
LYS,A,66,C,522,-4.847,7.089,8.23,0.7341,-0.2645
LYS,A,66,O,523,-3.669,6.727,8.06,-0.5894,0.4881
LYS,A,66,CB,524,-6.423,5.484,9.349,-0.0094,0.2169
LYS,A,66,CG,525,-6.775,4.779,10.717,0.0187,0.2169
LYS,A,66,CD,526,-7.612,3.553,10.361,-0.0479,0.2169
LYS,A,66,CE,527,-9.092,3.898,10.397,-0.0143,-0.1217
LYS,A,66,NZ,528,-9.916,2.888,9.65,-0.3854,-0.1231
VAL,A,67,N,529,-5.537,7.791,7.326,-0.4157,-0.0062
VAL,A,67,CA,530,-4.922,8.126,6.044,-0.0875,-0.1217
VAL,A,67,C,531,-3.689,8.983,6.228,0.5973,-0.2645
VAL,A,67,O,532,-2.68,8.734,5.557,-0.5679,0.4881
VAL,A,67,CB,533,-5.915,8.629,4.961,0.2985,1.5299
VAL,A,67,CG1,534,-6.239,10.133,5.101,-0.3192,-0.9227
VAL,A,67,CG2,535,-5.409,8.255,3.546,-0.3192,-0.9227
LYS,A,68,N,536,-3.753,9.937,7.153,-0.3479,-0.0062
LYS,A,68,CA,537,-2.602,10.799,7.508,-0.24,-0.1217
LYS,A,68,C,538,-1.455,9.983,8.077,0.7341,-0.2645
LYS,A,68,O,539,-0.263,10.29,7.811,-0.5894,0.4881
LYS,A,68,CB,540,-2.977,11.927,8.485,-0.0094,0.2169
LYS,A,68,CG,541,-3.836,12.998,7.848,0.0187,0.2169
LYS,A,68,CD,542,-4.324,14.045,8.834,-0.0479,0.2169
LYS,A,68,CE,543,-5.061,15.116,8.079,-0.0143,-0.1217
LYS,A,68,NZ,544,-6.091,15.881,8.875,-0.3854,-0.1231
ALA,A,69,N,545,-1.808,8.944,8.821,-0.4157,-0.0062
ALA,A,69,CA,546,-0.791,8.055,9.412,0.0337,-0.1217
ALA,A,69,C,547,-0.131,7.214,8.351,0.5973,-0.2645
ALA,A,69,O,548,1.105,7.018,8.422,-0.5679,0.4881
ALA,A,69,CB,549,-1.365,7.168,10.5,-0.1825,0.2169
HIS,A,70,N,550,-0.915,6.745,7.363,-0.4157,-0.0062
HIS,A,70,CA,551,-0.351,6.098,6.156,0.0188,-0.1217
HIS,A,70,C,552,0.625,7.048,5.429,0.5973,-0.2645
HIS,A,70,O,553,1.666,6.612,4.935,-0.5679,0.4881
HIS,A,70,CB,554,-1.45,5.692,5.151,-0.0462,0.2169
HIS,A,70,CG,555,-2.221,4.479,5.534,-0.0266,-0.1217
HIS,A,70,CD2,556,-2.348,3.278,4.923,0.1292,-0.1217
HIS,A,70,ND1,557,-2.97,4.407,6.685,-0.3811,0.3544
HIS,A,70,CE1,558,-3.525,3.207,6.769,0.2057,-0.1217
HIS,A,70,NE2,559,-3.181,2.509,5.705,-0.5727,0.3544
SER,A,71,N,560,0.239,8.317,5.305,-0.4157,-0.0062
SER,A,71,CA,561,1.099,9.343,4.648,-0.0249,-0.1217
SER,A,71,C,562,2.423,9.57,5.368,0.5973,-0.2645
SER,A,71,O,563,3.475,9.763,4.726,-0.5679,0.4881
SER,A,71,CB,564,0.357,10.673,4.525,0.2117,-0.1217
SER,A,71,OG,565,1.232,11.736,4.191,-0.6546,0.4881
GLN,A,72,N,566,2.391,9.548,6.689,-0.4157,-0.0062
GLN,A,72,CA,567,3.62,9.86,7.42,-0.0031,-0.1217
GLN,A,72,C,568,4.597,8.698,7.341,0.5973,-0.2645
GLN,A,72,O,569,5.785,8.881,7.226,-0.5679,0.4881
GLN,A,72,CB,570,3.359,10.289,8.865,-0.0036,0.2169
GLN,A,72,CG,571,2.685,11.693,9.016,-0.0645,0.2169
GLN,A,72,CD,572,3.371,12.817,8.214,0.6951,-0.2645
GLN,A,72,NE2,573,4.509,13.258,8.701,-0.9407,-0.0062
GLN,A,72,OE1,574,2.881,13.256,7.144,-0.6086,0.4881
THR,A,73,N,575,4.049,7.512,7.388,-0.4157,-0.0062
THR,A,73,CA,576,4.758,6.279,7.213,-0.0389,-0.1217
THR,A,73,C,577,5.476,6.176,5.824,0.5973,-0.2645
THR,A,73,O,578,6.661,5.842,5.779,-0.5679,0.4881
THR,A,73,CB,579,3.697,5.212,7.501,0.3654,-0.1217
THR,A,73,CG2,580,3.563,4.197,6.528,-0.2438,0.2169
THR,A,73,OG1,581,3.858,4.698,8.822,-0.6761,0.4881
HIS,A,74,N,582,4.79,6.567,4.736,-0.4157,-0.0062
HIS,A,74,CA,583,5.417,6.73,3.437,0.0188,-0.1217
HIS,A,74,C,584,6.49,7.836,3.403,0.5973,-0.2645
HIS,A,74,O,585,7.469,7.635,2.724,-0.5679,0.4881
HIS,A,74,CB,586,4.385,6.981,2.32,-0.0462,0.2169
HIS,A,74,CG,587,3.707,5.75,1.807,-0.0266,-0.1217
HIS,A,74,CD2,588,2.628,5.598,0.995,0.1292,-0.1217
HIS,A,74,ND1,589,4.173,4.483,2.053,-0.3811,0.3544
HIS,A,74,CE1,590,3.393,3.595,1.46,0.2057,-0.1217
HIS,A,74,NE2,591,2.444,4.243,0.814,-0.5727,0.3544
ARG,A,75,N,592,6.344,8.939,4.136,-0.3479,-0.0062
ARG,A,75,CA,593,7.413,9.976,4.197,-0.2637,-0.1217
ARG,A,75,C,594,8.726,9.391,4.758,0.7341,-0.2645
ARG,A,75,O,595,9.827,9.64,4.253,-0.5894,0.4881
ARG,A,75,CB,596,7.012,11.174,5.092,-0.0007,0.2169
ARG,A,75,CG,597,6.2,12.259,4.407,0.039,0.2169
ARG,A,75,CD,598,5.81,13.42,5.351,0.0486,-0.1217
ARG,A,75,NE,599,4.628,14.139,4.822,-0.5295,-0.0062
ARG,A,75,CZ,600,4.227,15.366,5.18,0.8076,-0.2645
VAL,A,76,N,601,8.575,8.585,5.8,-0.4157,-0.0062
VAL,A,76,CA,602,9.706,7.85,6.387,-0.0875,-0.1217
VAL,A,76,C,603,10.284,6.843,5.415,0.5973,-0.2645
VAL,A,76,O,604,11.533,6.787,5.253,-0.5679,0.4881
VAL,A,76,CB,605,9.298,7.19,7.731,0.2985,1.5299
VAL,A,76,CG1,606,10.428,6.35,8.33,-0.3192,-0.9227
VAL,A,76,CG2,607,8.847,8.276,8.702,-0.3192,-0.9227
ASP,A,77,N,608,9.398,6.073,4.755,-0.5163,-0.0062
ASP,A,77,CA,609,9.812,5.088,3.753,0.0381,-0.1217
ASP,A,77,C,610,10.701,5.709,2.688,0.5366,-0.2645
ASP,A,77,O,611,11.717,5.121,2.348,-0.5819,0.4881
ASP,A,77,CB,612,8.623,4.469,3.04,-0.0303,0.2169
ASP,A,77,CG,613,7.784,3.572,3.954,0.7994,-0.2645
ASP,A,77,OD1,614,8.262,3.138,5.013,-0.8014,0.7653
ASP,A,77,OD2,615,6.63,3.311,3.585,-0.8014,0.7653
LEU,A,78,N,616,10.344,6.902,2.19,-0.4157,-0.0062
LEU,A,78,CA,617,11.142,7.557,1.142,-0.0518,-0.1217
LEU,A,78,C,618,12.592,7.831,1.585,0.5973,-0.2645
LEU,A,78,O,619,13.532,7.528,0.833,-0.5679,0.4881
LEU,A,78,CB,620,10.457,8.84,0.602,-0.1102,0.2169
LEU,A,78,CG,621,9.274,8.525,-0.358,0.3531,1.5299
LEU,A,78,CD1,622,8.314,9.649,-0.341,-0.4121,-0.9227
LEU,A,78,CD2,623,9.755,8.28,-1.784,-0.4121,-0.9227
GLY,A,79,N,624,12.747,8.37,2.787,-0.4157,-0.0062
GLY,A,79,CA,625,14.054,8.519,3.442,-0.0252,-0.1217
GLY,A,79,C,626,14.822,7.197,3.556,0.5973,-0.2645
GLY,A,79,O,627,16.002,7.123,3.197,-0.5679,0.4881
GLY,A,79,1HA,628,14.655,9.221,2.865,0.0698,nan
GLY,A,79,2HA,629,13.87,8.876,4.456,0.0698,nan
THR,A,80,N,630,14.146,6.167,4.043,-0.4157,-0.0062
THR,A,80,CA,631,14.77,4.863,4.322,-0.0389,-0.1217
THR,A,80,C,632,15.229,4.193,3.013,0.5973,-0.2645
THR,A,80,O,633,16.366,3.687,2.95,-0.5679,0.4881
THR,A,80,CB,634,13.774,3.966,5.056,0.3654,-0.1217
THR,A,80,CG2,635,14.401,2.691,5.495,-0.2438,0.2169
THR,A,80,OG1,636,13.294,4.665,6.223,-0.6761,0.4881
LEU,A,81,N,637,14.357,4.238,1.986,-0.4157,-0.0062
LEU,A,81,CA,638,14.639,3.732,0.648,-0.0518,-0.1217
LEU,A,81,C,639,15.793,4.439,-0.028,0.5973,-0.2645
LEU,A,81,O,640,16.609,3.786,-0.634,-0.5679,0.4881
LEU,A,81,CB,641,13.371,3.76,-0.252,-0.1102,0.2169
LEU,A,81,CG,642,12.388,2.695,0.278,0.3531,1.5299
LEU,A,81,CD1,643,11.001,2.904,-0.211,-0.4121,-0.9227
LEU,A,81,CD2,644,12.795,1.263,0.008,-0.4121,-0.9227
ARG,A,82,N,645,15.897,5.762,0.096,-0.3479,-0.0062
ARG,A,82,CA,646,17.052,6.447,-0.448,-0.2637,-0.1217
ARG,A,82,C,647,18.363,5.942,0.227,0.7341,-0.2645
ARG,A,82,O,648,19.374,5.751,-0.467,-0.5894,0.4881
ARG,A,82,CB,649,16.839,7.969,-0.408,-0.0007,0.2169
ARG,A,82,CG,650,18.008,8.754,0.031,0.039,0.2169
ARG,A,82,CD,651,17.814,10.218,-0.311,0.0486,-0.1217
ARG,A,82,NE,652,19.089,10.91,-0.147,-0.5295,-0.0062
ARG,A,82,CZ,653,19.268,12.001,0.597,0.8076,-0.2645
GLY,A,83,N,654,18.307,5.634,1.532,-0.4157,-0.0062
GLY,A,83,CA,655,19.488,5.067,2.247,-0.0252,-0.1217
GLY,A,83,C,656,19.755,3.624,1.838,0.5973,-0.2645
GLY,A,83,O,657,20.918,3.28,1.582,-0.5679,0.4881
GLY,A,83,1HA,658,20.366,5.67,2.014,0.0698,nan
GLY,A,83,2HA,659,19.277,5.083,3.316,0.0698,nan
TYR,A,84,N,660,18.716,2.788,1.729,-0.4157,-0.0062
TYR,A,84,CA,661,18.959,1.391,1.278,-0.0014,-0.1217
TYR,A,84,C,662,19.624,1.34,-0.115,0.5973,-0.2645
TYR,A,84,O,663,20.501,0.548,-0.358,-0.5679,0.4881
TYR,A,84,CB,664,17.679,0.562,1.146,-0.0152,0.2169
TYR,A,84,CG,665,16.963,0.18,2.424,-0.0011,-0.2607
TYR,A,84,CD1,666,17.593,0.282,3.684,-0.1906,-0.2607
TYR,A,84,CD2,667,15.677,-0.312,2.38,-0.1906,-0.2607
TYR,A,84,CE1,668,16.921,-0.079,4.857,-0.2341,-0.2607
TYR,A,84,CE2,669,15.005,-0.693,3.558,-0.2341,-0.2607
TYR,A,84,CZ,670,15.647,-0.59,4.779,0.3226,-0.1217
TYR,A,85,N,671,19.155,2.173,-1.031,-0.4157,-0.0062
TYR,A,85,CA,672,19.706,2.159,-2.382,-0.0014,-0.1217
TYR,A,85,C,673,20.886,3.11,-2.627,0.5973,-0.2645
TYR,A,85,O,674,21.275,3.286,-3.784,-0.5679,0.4881
TYR,A,85,CB,675,18.58,2.433,-3.377,-0.0152,0.2169
TYR,A,85,CG,676,17.591,1.253,-3.432,-0.0011,-0.2607
TYR,A,85,CD1,677,17.887,0.1,-4.177,-0.1906,-0.2607
TYR,A,85,CD2,678,16.385,1.293,-2.713,-0.1906,-0.2607
TYR,A,85,CE1,679,16.987,-0.991,-4.242,-0.2341,-0.2607
TYR,A,85,CE2,680,15.455,0.196,-2.76,-0.2341,-0.2607
TYR,A,85,CZ,681,15.771,-0.918,-3.525,0.3226,-0.1217
ASN,A,86,N,682,21.409,3.752,-1.567,-0.4157,-0.0062
ASN,A,86,CA,683,22.459,4.787,-1.718,0.0143,-0.1217
ASN,A,86,C,684,22.116,5.894,-2.753,0.5973,-0.2645
ASN,A,86,O,685,22.959,6.277,-3.615,-0.5679,0.4881
ASN,A,86,CB,686,23.83,4.128,-2.016,-0.2041,0.2169
ASN,A,86,CG,687,24.26,3.179,-0.925,0.713,-0.2645
ASN,A,86,ND2,688,24.692,3.736,0.193,-0.9191,-0.0062
ASN,A,86,OD1,689,24.177,1.952,-1.068,-0.5931,0.4881
GLN,A,87,N,690,20.879,6.398,-2.694,-0.4157,-0.0062
GLN,A,87,CA,691,20.442,7.438,-3.633,-0.0031,-0.1217
GLN,A,87,C,692,20.682,8.858,-3.133,0.5973,-0.2645
GLN,A,87,O,693,20.695,9.109,-1.941,-0.5679,0.4881
GLN,A,87,CB,694,19.017,7.202,-4.069,-0.0036,0.2169
GLN,A,87,CG,695,18.939,5.934,-4.926,-0.0645,0.2169
GLN,A,87,CD,696,17.548,5.345,-5.06,0.6951,-0.2645
GLN,A,87,NE2,697,17.369,4.576,-6.114,-0.9407,-0.0062
GLN,A,87,OE1,698,16.645,5.541,-4.212,-0.6086,0.4881
SER,A,88,N,699,20.874,9.795,-4.044,-0.4157,-0.0062
SER,A,88,CA,700,21.118,11.171,-3.638,-0.0249,-0.1217
SER,A,88,C,701,19.803,11.896,-3.328,0.5973,-0.2645
SER,A,88,O,702,18.706,11.414,-3.638,-0.5679,0.4881
SER,A,88,CB,703,21.856,11.923,-4.737,0.2117,-0.1217
SER,A,88,OG,704,20.962,12.18,-5.792,-0.6546,0.4881
GLU,A,89,N,705,19.959,13.089,-2.762,-0.5163,-0.0062
GLU,A,89,CA,706,18.857,13.996,-2.43,0.0397,-0.1217
GLU,A,89,C,707,18.276,14.635,-3.688,0.5366,-0.2645
GLU,A,89,O,708,17.193,15.174,-3.631,-0.5819,0.4881
GLU,A,89,CB,709,19.43,15.109,-1.558,0.056,0.2169
GLU,A,89,CG,710,18.447,15.774,-0.629,0.0136,0.2169
GLU,A,89,CD,711,18.608,17.289,-0.639,0.8054,-0.2645
GLU,A,89,OE1,712,19.738,17.791,-0.362,-0.8188,0.7653
GLU,A,89,OE2,713,17.599,17.975,-0.945,-0.8188,0.7653
ALA,A,90,N,714,19.016,14.559,-4.807,-0.4157,-0.0062
ALA,A,90,CA,715,18.815,15.336,-6.046,0.0337,-0.1217
ALA,A,90,C,716,17.705,14.855,-7.011,0.5973,-0.2645
ALA,A,90,O,717,17.422,15.515,-8.063,-0.5679,0.4881
ALA,A,90,CB,718,20.141,15.395,-6.795,-0.1825,0.2169
GLY,A,91,N,719,17.081,13.731,-6.65,-0.4157,-0.0062
GLY,A,91,CA,720,16.171,13.05,-7.568,-0.0252,-0.1217
GLY,A,91,C,721,14.858,12.747,-6.899,0.5973,-0.2645
GLY,A,91,O,722,14.827,12.442,-5.72,-0.5679,0.4881
GLY,A,91,1HA,723,15.993,13.689,-8.433,0.0698,nan
GLY,A,91,2HA,724,16.629,12.11,-7.876,0.0698,nan
SER,A,92,N,725,13.767,12.834,-7.654,-0.4157,-0.0062
SER,A,92,CA,726,12.433,12.44,-7.149,-0.0249,-0.1217
SER,A,92,C,727,12.28,10.908,-7.183,0.5973,-0.2645
SER,A,92,O,728,12.757,10.283,-8.119,-0.5679,0.4881
SER,A,92,CB,729,11.333,13.145,-7.977,0.2117,-0.1217
SER,A,92,OG,730,10.067,12.579,-7.709,-0.6546,0.4881
HIS,A,93,N,731,11.655,10.305,-6.163,-0.4157,-0.0062
HIS,A,93,CA,732,11.34,8.888,-6.136,0.0188,-0.1217
HIS,A,93,C,733,9.919,8.613,-5.689,0.5973,-0.2645
HIS,A,93,O,734,9.29,9.484,-5.065,-0.5679,0.4881
HIS,A,93,CB,735,12.318,8.143,-5.192,-0.0462,0.2169
HIS,A,93,CG,736,13.733,8.231,-5.656,-0.0266,-0.1217
HIS,A,93,CD2,737,14.684,9.167,-5.443,0.1292,-0.1217
HIS,A,93,ND1,738,14.281,7.309,-6.514,-0.3811,0.3544
HIS,A,93,CE1,739,15.525,7.666,-6.807,0.2057,-0.1217
HIS,A,93,NE2,740,15.8,8.784,-6.158,-0.5727,0.3544
THR,A,94,N,741,9.443,7.389,-5.959,-0.4157,-0.0062
THR,A,94,CA,742,8.031,7.017,-5.802,-0.0389,-0.1217
THR,A,94,C,743,7.889,5.731,-4.986,0.5973,-0.2645
THR,A,94,O,744,8.536,4.731,-5.298,-0.5679,0.4881
THR,A,94,CB,745,7.359,6.76,-7.18,0.3654,-0.1217
THR,A,94,CG2,746,5.831,6.537,-7.016,-0.2438,0.2169
THR,A,94,OG1,747,7.564,7.893,-8.017,-0.6761,0.4881
VAL,A,95,N,748,7.095,5.782,-3.912,-0.4157,-0.0062
VAL,A,95,CA,749,6.683,4.551,-3.202,-0.0875,-0.1217
VAL,A,95,C,750,5.208,4.386,-3.458,0.5973,-0.2645
VAL,A,95,O,751,4.438,5.366,-3.461,-0.5679,0.4881
VAL,A,95,CB,752,7.001,4.542,-1.672,0.2985,1.5299
VAL,A,95,CG1,753,8.426,4.689,-1.501,-0.3192,-0.9227
VAL,A,95,CG2,754,6.292,5.694,-0.892,-0.3192,-0.9227
GLN,A,96,N,755,4.835,3.142,-3.705,-0.4157,-0.0062
GLN,A,96,CA,756,3.445,2.777,-3.901,-0.0031,-0.1217
GLN,A,96,C,757,3.131,1.606,-3.064,0.5973,-0.2645
GLN,A,96,O,758,3.956,0.738,-2.895,-0.5679,0.4881
GLN,A,96,CB,759,3.178,2.407,-5.37,-0.0036,0.2169
GLN,A,96,CG,760,3.075,3.66,-6.311,-0.0645,0.2169
GLN,A,96,CD,761,3.261,3.224,-7.764,0.6951,-0.2645
GLN,A,96,NE2,762,2.148,2.986,-8.494,-0.9407,-0.0062
GLN,A,96,OE1,763,4.377,3.079,-8.206,-0.6086,0.4881
ARG,A,97,N,764,1.897,1.572,-2.56,-0.3479,-0.0062
ARG,A,97,CA,765,1.446,0.491,-1.703,-0.2637,-0.1217
ARG,A,97,C,766,-0.001,0.202,-2.078,0.7341,-0.2645
ARG,A,97,O,767,-0.741,1.111,-2.396,-0.5894,0.4881
ARG,A,97,CB,768,1.601,0.927,-0.252,-0.0007,0.2169
ARG,A,97,CG,769,0.929,0.062,0.787,0.039,0.2169
ARG,A,97,CD,770,0.979,0.804,2.12,0.0486,-0.1217
ARG,A,97,NE,771,0.701,-0.043,3.266,-0.5295,-0.0062
ARG,A,97,CZ,772,0.508,0.39,4.522,0.8076,-0.2645
MET,A,98,N,773,-0.379,-1.055,-2.088,-0.4157,-0.0062
MET,A,98,CA,774,-1.724,-1.408,-2.366,-0.0237,-0.1217
MET,A,98,C,775,-2.061,-2.527,-1.403,0.5973,-0.2645
MET,A,98,O,776,-1.242,-3.412,-1.171,-0.5679,0.4881
MET,A,98,CB,777,-1.849,-1.847,-3.848,0.0342,0.2169
MET,A,98,CG,778,-3.269,-2.291,-4.224,0.0018,-0.1217
MET,A,98,SD,779,-3.69,-4.01,-3.762,-0.2737,0.4989
MET,A,98,CE,780,-2.861,-5.01,-5.032,-0.0536,-0.1217
TYR,A,99,N,781,-3.256,-2.501,-0.824,-0.4157,-0.0062
TYR,A,99,CA,782,-3.717,-3.646,-0.053,-0.0014,-0.1217
TYR,A,99,C,783,-5.207,-3.778,-0.165,0.5973,-0.2645
TYR,A,99,O,784,-5.857,-2.814,-0.505,-0.5679,0.4881
TYR,A,99,CB,785,-3.287,-3.577,1.43,-0.0152,0.2169
TYR,A,99,CG,786,-3.714,-2.407,2.268,-0.0011,-0.2607
TYR,A,99,CD1,787,-5.023,-2.323,2.785,-0.1906,-0.2607
TYR,A,99,CD2,788,-2.796,-1.466,2.662,-0.1906,-0.2607
TYR,A,99,CE1,789,-5.415,-1.298,3.57,-0.2341,-0.2607
TYR,A,99,CE2,790,-3.172,-0.417,3.491,-0.2341,-0.2607
TYR,A,99,CZ,791,-4.476,-0.352,3.958,0.3226,-0.1217
GLY,A,100,N,792,-5.695,-4.974,0.156,-0.4157,-0.0062
GLY,A,100,CA,793,-7.105,-5.213,0.363,-0.0252,-0.1217
GLY,A,100,C,794,-7.445,-6.686,0.165,0.5973,-0.2645
GLY,A,100,O,795,-6.57,-7.572,0.266,-0.5679,0.4881
GLY,A,100,1HA,796,-7.372,-4.918,1.378,0.0698,nan
GLY,A,100,2HA,797,-7.667,-4.626,-0.364,0.0698,nan
CYS,A,101,N,798,-8.713,-6.952,-0.13,-0.4157,-0.0062
CYS,A,101,CA,799,-9.203,-8.308,-0.157,0.0213,-0.1217
CYS,A,101,C,800,-10.223,-8.589,-1.276,0.5973,-0.2645
CYS,A,101,O,801,-10.907,-7.678,-1.736,-0.5679,0.4881
CYS,A,101,CB,802,-9.806,-8.634,1.215,-0.1231,-0.1217
CYS,A,101,SG,803,-11.127,-7.406,1.766,-0.3119,0.4989
ASP,A,102,N,804,-10.321,-9.864,-1.673,-0.5163,-0.0062
ASP,A,102,CA,805,-11.268,-10.35,-2.653,0.0381,-0.1217
ASP,A,102,C,806,-12.251,-11.271,-1.924,0.5366,-0.2645
ASP,A,102,O,807,-11.849,-12.064,-1.042,-0.5819,0.4881
ASP,A,102,CB,808,-10.6,-11.219,-3.743,-0.0303,0.2169
ASP,A,102,CG,809,-9.672,-10.457,-4.667,0.7994,-0.2645
ASP,A,102,OD1,810,-9.583,-9.224,-4.627,-0.8014,0.7653
ASP,A,102,OD2,811,-8.995,-11.133,-5.467,-0.8014,0.7653
VAL,A,103,N,812,-13.53,-11.183,-2.29,-0.4157,-0.0062
VAL,A,103,CA,813,-14.494,-12.164,-1.848,-0.0875,-0.1217
VAL,A,103,C,814,-15.143,-12.847,-3.035,0.5973,-0.2645
VAL,A,103,O,815,-15.159,-12.31,-4.168,-0.5679,0.4881
VAL,A,103,CB,816,-15.581,-11.581,-0.924,0.2985,1.5299
VAL,A,103,CG1,817,-14.99,-11.233,0.436,-0.3192,-0.9227
VAL,A,103,CG2,818,-16.287,-10.42,-1.571,-0.3192,-0.9227
GLY,A,104,N,819,-15.702,-14.02,-2.802,-0.4157,-0.0062
GLY,A,104,CA,820,-16.321,-14.755,-3.898,-0.0252,-0.1217
GLY,A,104,C,821,-17.772,-14.327,-4.085,0.5973,-0.2645
GLY,A,104,O,822,-18.203,-13.341,-3.507,-0.5679,0.4881
GLY,A,104,1HA,823,-15.769,-14.56,-4.817,0.0698,nan
GLY,A,104,2HA,824,-16.299,-15.819,-3.661,0.0698,nan
SER,A,105,N,825,-18.512,-15.074,-4.899,-0.4157,-0.0062
SER,A,105,CA,826,-19.932,-14.797,-5.135,-0.0249,-0.1217
SER,A,105,C,827,-20.793,-14.834,-3.866,0.5973,-0.2645
SER,A,105,O,828,-21.809,-14.13,-3.78,-0.5679,0.4881
SER,A,105,CB,829,-20.493,-15.752,-6.18,0.2117,-0.1217
SER,A,105,OG,830,-19.88,-15.541,-7.437,-0.6546,0.4881
ASP,A,106,N,831,-20.372,-15.648,-2.887,-0.5163,-0.0062
ASP,A,106,CA,832,-21.051,-15.821,-1.596,0.0381,-0.1217
ASP,A,106,C,833,-20.528,-14.864,-0.503,0.5366,-0.2645
ASP,A,106,O,834,-20.824,-15.05,0.687,-0.5819,0.4881
ASP,A,106,CB,835,-20.935,-17.291,-1.124,-0.0303,0.2169
ASP,A,106,CG,836,-19.473,-17.826,-1.113,0.7994,-0.2645
ASP,A,106,OD1,837,-19.289,-19.036,-0.83,-0.8014,0.7653
ASP,A,106,OD2,838,-18.508,-17.073,-1.393,-0.8014,0.7653
TRP,A,107,N,839,-19.691,-13.912,-0.925,-0.4157,-0.0062
TRP,A,107,CA,840,-19.058,-12.848,-0.099,-0.0275,-0.1217
TRP,A,107,C,841,-18.116,-13.337,1.011,0.5973,-0.2645
TRP,A,107,O,842,-17.704,-12.567,1.879,-0.5679,0.4881
TRP,A,107,CB,843,-20.058,-11.84,0.452,-0.005,0.2169
TRP,A,107,CG,844,-20.854,-11.048,-0.593,-0.1415,-0.2607
TRP,A,107,CD1,845,-20.858,-11.211,-1.958,-0.1638,-0.1217
TRP,A,107,CD2,846,-21.79,-10.006,-0.317,0.1243,-0.2607
TRP,A,107,CE2,847,-22.328,-9.585,-1.555,0.138,-0.1217
TRP,A,107,CE3,848,-22.227,-9.38,0.863,-0.2387,-0.2607
TRP,A,107,NE1,849,-21.746,-10.345,-2.539,-0.3418,-0.0062
TRP,A,107,CZ2,850,-23.259,-8.55,-1.653,-0.2601,-0.2607
TRP,A,107,CZ3,851,-23.176,-8.362,0.772,-0.1972,-0.2607
ARG,A,108,N,852,-17.742,-14.608,0.931,-0.3479,-0.0062
ARG,A,108,CA,853,-16.725,-15.164,1.785,-0.2637,-0.1217
ARG,A,108,C,854,-15.334,-14.789,1.28,0.7341,-0.2645
ARG,A,108,O,855,-15.139,-14.652,0.071,-0.5894,0.4881
ARG,A,108,CB,856,-16.853,-16.672,1.769,-0.0007,0.2169
ARG,A,108,CG,857,-18.099,-17.166,2.398,0.039,0.2169
ARG,A,108,CD,858,-17.748,-18.368,3.2,0.0486,-0.1217
ARG,A,108,NE,859,-18.572,-19.487,2.784,-0.5295,-0.0062
ARG,A,108,CZ,860,-18.114,-20.699,2.465,0.8076,-0.2645
PHE,A,109,N,861,-14.387,-14.651,2.2,-0.4157,-0.0062
PHE,A,109,CA,862,-12.968,-14.416,1.884,-0.0024,-0.1217
PHE,A,109,C,863,-12.362,-15.382,0.854,0.5973,-0.2645
PHE,A,109,O,864,-12.421,-16.604,1.006,-0.5679,0.4881
PHE,A,109,CB,865,-12.16,-14.539,3.167,-0.0343,0.2169
PHE,A,109,CG,866,-10.693,-14.294,2.987,0.0118,-0.2607
PHE,A,109,CD1,867,-10.223,-13.001,2.809,-0.1256,-0.2607
PHE,A,109,CD2,868,-9.774,-15.353,3.051,-0.1256,-0.2607
PHE,A,109,CE1,869,-8.83,-12.758,2.666,-0.1704,-0.2607
PHE,A,109,CE2,870,-8.408,-15.125,2.889,-0.1704,-0.2607
PHE,A,109,CZ,871,-7.932,-13.834,2.714,-0.1072,-0.2607
LEU,A,110,N,872,-11.72,-14.811,-0.146,-0.4157,-0.0062
LEU,A,110,CA,873,-11.057,-15.573,-1.181,-0.0518,-0.1217
LEU,A,110,C,874,-9.548,-15.354,-1.033,0.5973,-0.2645
LEU,A,110,O,875,-8.776,-16.316,-0.942,-0.5679,0.4881
LEU,A,110,CB,876,-11.528,-15.054,-2.546,-0.1102,0.2169
LEU,A,110,CG,877,-11.632,-15.875,-3.828,0.3531,1.5299
LEU,A,110,CD1,878,-12.6,-17.005,-3.649,-0.4121,-0.9227
LEU,A,110,CD2,879,-12.087,-14.987,-5.0,-0.4121,-0.9227
ARG,A,111,N,880,-9.131,-14.093,-1.006,-0.3479,-0.0062
ARG,A,111,CA,881,-7.715,-13.748,-1.064,-0.2637,-0.1217
ARG,A,111,C,882,-7.436,-12.399,-0.403,0.7341,-0.2645
ARG,A,111,O,883,-8.299,-11.52,-0.419,-0.5894,0.4881
ARG,A,111,CB,884,-7.265,-13.665,-2.527,-0.0007,0.2169
ARG,A,111,CG,885,-6.284,-14.714,-2.946,0.039,0.2169
ARG,A,111,CD,886,-5.498,-14.137,-4.107,0.0486,-0.1217
ARG,A,111,NE,887,-4.164,-14.714,-4.286,-0.5295,-0.0062
ARG,A,111,CZ,888,-3.037,-14.17,-3.833,0.8076,-0.2645
GLY,A,112,N,889,-6.251,-12.257,0.204,-0.4157,-0.0062
GLY,A,112,CA,890,-5.769,-10.956,0.701,-0.0252,-0.1217
GLY,A,112,C,891,-4.445,-10.597,0.061,0.5973,-0.2645
GLY,A,112,O,892,-3.75,-11.475,-0.46,-0.5679,0.4881
GLY,A,112,1HA,893,-6.503,-10.187,0.462,0.0698,nan
GLY,A,112,2HA,894,-5.63,-11.023,1.78,0.0698,nan
TYR,A,113,N,895,-4.118,-9.301,0.053,-0.4157,-0.0062
TYR,A,113,CA,896,-2.947,-8.785,-0.658,-0.0014,-0.1217
TYR,A,113,C,897,-2.426,-7.561,0.06,0.5973,-0.2645
TYR,A,113,O,898,-3.213,-6.786,0.599,-0.5679,0.4881
TYR,A,113,CB,899,-3.283,-8.247,-2.058,-0.0152,0.2169
TYR,A,113,CG,900,-4.047,-9.11,-3.026,-0.0011,-0.2607
TYR,A,113,CD1,901,-5.438,-9.284,-2.948,-0.1906,-0.2607
TYR,A,113,CD2,902,-3.372,-9.666,-4.122,-0.1906,-0.2607
TYR,A,113,CE1,903,-6.126,-10.068,-3.919,-0.2341,-0.2607
TYR,A,113,CE2,904,-4.031,-10.44,-5.083,-0.2341,-0.2607
TYR,A,113,CZ,905,-5.392,-10.635,-4.989,0.3226,-0.1217
HIS,A,114,N,906,-1.105,-7.375,0.051,-0.4157,-0.0062
HIS,A,114,CA,907,-0.465,-6.22,0.681,0.0188,-0.1217
HIS,A,114,C,908,0.939,-6.087,0.044,0.5973,-0.2645
HIS,A,114,O,909,1.807,-6.867,0.392,-0.5679,0.4881
HIS,A,114,CB,910,-0.291,-6.432,2.176,-0.0462,0.2169
HIS,A,114,CG,911,0.181,-5.196,2.904,-0.0266,-0.1217
HIS,A,114,CD2,912,-0.486,-4.293,3.669,0.1292,-0.1217
HIS,A,114,ND1,913,1.486,-4.736,2.824,-0.3811,0.3544
HIS,A,114,CE1,914,1.601,-3.617,3.529,0.2057,-0.1217
HIS,A,114,NE2,915,0.424,-3.323,4.048,-0.5727,0.3544
GLN,A,115,N,916,1.126,-5.103,-0.84,-0.4157,-0.0062
GLN,A,115,CA,917,2.202,-5.077,-1.83,-0.0031,-0.1217
GLN,A,115,C,918,2.755,-3.709,-1.785,0.5973,-0.2645
GLN,A,115,O,919,1.969,-2.745,-1.663,-0.5679,0.4881
GLN,A,115,CB,920,1.628,-5.349,-3.238,-0.0036,0.2169
GLN,A,115,CG,921,1.402,-6.818,-3.434,-0.0645,0.2169
GLN,A,115,CD,922,0.523,-7.22,-4.51,0.6951,-0.2645
GLN,A,115,NE2,923,0.083,-8.462,-4.424,-0.9407,-0.0062
GLN,A,115,OE1,924,0.237,-6.474,-5.442,-0.6086,0.4881
TYR,A,116,N,925,4.075,-3.601,-1.901,-0.4157,-0.0062
TYR,A,116,CA,926,4.768,-2.294,-2.095,-0.0014,-0.1217
TYR,A,116,C,927,5.638,-2.305,-3.356,0.5973,-0.2645
TYR,A,116,O,928,6.231,-3.337,-3.75,-0.5679,0.4881
TYR,A,116,CB,929,5.803,-1.927,-0.974,-0.0152,0.2169
TYR,A,116,CG,930,5.29,-1.308,0.273,-0.0011,-0.2607
TYR,A,116,CD1,931,5.565,0.023,0.611,-0.1906,-0.2607
TYR,A,116,CD2,932,4.548,-2.087,1.178,-0.1906,-0.2607
TYR,A,116,CE1,933,5.085,0.556,1.812,-0.2341,-0.2607
TYR,A,116,CE2,934,4.064,-1.563,2.347,-0.2341,-0.2607
TYR,A,116,CZ,935,4.325,-0.255,2.674,0.3226,-0.1217
ALA,A,117,N,936,5.749,-1.128,-3.957,-0.4157,-0.0062
ALA,A,117,CA,937,6.691,-0.909,-5.02,0.0337,-0.1217
ALA,A,117,C,938,7.549,0.306,-4.737,0.5973,-0.2645
ALA,A,117,O,939,7.08,1.276,-4.139,-0.5679,0.4881
ALA,A,117,CB,940,5.958,-0.7,-6.342,-0.1825,0.2169
TYR,A,118,N,941,8.789,0.294,-5.233,-0.4157,-0.0062
TYR,A,118,CA,942,9.63,1.514,-5.211,-0.0014,-0.1217
TYR,A,118,C,943,10.099,1.812,-6.635,0.5973,-0.2645
TYR,A,118,O,944,10.599,0.9,-7.327,-0.5679,0.4881
TYR,A,118,CB,945,10.825,1.289,-4.279,-0.0152,0.2169
TYR,A,118,CG,946,11.757,2.505,-4.109,-0.0011,-0.2607
TYR,A,118,CD1,947,11.244,3.735,-3.744,-0.1906,-0.2607
TYR,A,118,CD2,948,13.142,2.406,-4.288,-0.1906,-0.2607
TYR,A,118,CE1,949,12.059,4.845,-3.517,-0.2341,-0.2607
TYR,A,118,CE2,950,14.003,3.528,-4.107,-0.2341,-0.2607
TYR,A,118,CZ,951,13.435,4.758,-3.738,0.3226,-0.1217
ASP,A,119,N,952,9.919,3.059,-7.08,-0.5163,-0.0062
ASP,A,119,CA,953,10.277,3.528,-8.424,0.0381,-0.1217
ASP,A,119,C,954,9.741,2.621,-9.555,0.5366,-0.2645
ASP,A,119,O,955,10.455,2.323,-10.537,-0.5819,0.4881
ASP,A,119,CB,956,11.792,3.755,-8.514,-0.0303,0.2169
ASP,A,119,CG,957,12.234,4.995,-7.715,0.7994,-0.2645
ASP,A,119,OD1,958,11.459,5.972,-7.656,-0.8014,0.7653
ASP,A,119,OD2,959,13.368,5.012,-7.206,-0.8014,0.7653
GLY,A,120,N,960,8.52,2.137,-9.332,-0.4157,-0.0062
GLY,A,120,CA,961,7.766,1.39,-10.343,-0.0252,-0.1217
GLY,A,120,C,962,7.981,-0.106,-10.382,0.5973,-0.2645
GLY,A,120,O,963,7.418,-0.796,-11.237,-0.5679,0.4881
GLY,A,120,1HA,964,6.706,1.568,-10.162,0.0698,nan
GLY,A,120,2HA,965,8.131,1.757,-11.302,0.0698,nan
LYS,A,121,N,966,8.788,-0.605,-9.463,-0.3479,-0.0062
LYS,A,121,CA,967,9.217,-2.009,-9.501,-0.24,-0.1217
LYS,A,121,C,968,8.723,-2.683,-8.226,0.7341,-0.2645
LYS,A,121,O,969,8.819,-2.05,-7.2,-0.5894,0.4881
LYS,A,121,CB,970,10.759,-1.962,-9.5,-0.0094,0.2169
LYS,A,121,CG,971,11.505,-3.244,-9.498,0.0187,0.2169
LYS,A,121,CD,972,13.014,-3.004,-9.93,-0.0479,0.2169
LYS,A,121,CE,973,14.073,-4.02,-9.36,-0.0143,-0.1217
LYS,A,121,NZ,974,13.811,-5.498,-9.06,-0.3854,-0.1231
ASP,A,122,N,975,8.306,-3.957,-8.269,-0.5163,-0.0062
ASP,A,122,CA,976,8.01,-4.713,-7.036,0.0381,-0.1217
ASP,A,122,C,977,9.127,-4.558,-6.001,0.5366,-0.2645
ASP,A,122,O,978,10.351,-4.632,-6.335,-0.5819,0.4881
ASP,A,122,CB,979,7.807,-6.223,-7.319,-0.0303,0.2169
ASP,A,122,CG,980,6.573,-6.516,-8.171,0.7994,-0.2645
ASP,A,122,OD1,981,6.533,-7.615,-8.719,-0.8014,0.7653
ASP,A,122,OD2,982,5.633,-5.689,-8.266,-0.8014,0.7653
TYR,A,123,N,983,8.715,-4.25,-4.764,-0.4157,-0.0062
TYR,A,123,CA,984,9.632,-4.122,-3.628,-0.0014,-0.1217
TYR,A,123,C,985,9.409,-5.303,-2.669,0.5973,-0.2645
TYR,A,123,O,986,10.249,-6.222,-2.599,-0.5679,0.4881
TYR,A,123,CB,987,9.477,-2.754,-2.948,-0.0152,0.2169
TYR,A,123,CG,988,10.488,-2.576,-1.847,-0.0011,-0.2607
TYR,A,123,CD1,989,11.84,-2.287,-2.132,-0.1906,-0.2607
TYR,A,123,CD2,990,10.103,-2.701,-0.522,-0.1906,-0.2607
TYR,A,123,CE1,991,12.761,-2.162,-1.094,-0.2341,-0.2607
TYR,A,123,CE2,992,11.021,-2.541,0.537,-0.2341,-0.2607
TYR,A,123,CZ,993,12.325,-2.302,0.224,0.3226,-0.1217
ILE,A,124,N,994,8.29,-5.284,-1.925,-0.4157,-0.0062
ILE,A,124,CA,995,7.939,-6.464,-1.1,-0.0597,-0.1217
ILE,A,124,C,996,6.423,-6.745,-1.132,0.5973,-0.2645
ILE,A,124,O,997,5.624,-5.833,-1.268,-0.5679,0.4881
ILE,A,124,CB,998,8.555,-6.317,0.374,0.1303,0.2169
ILE,A,124,CG1,999,8.442,-7.606,1.178,-0.043,0.2169
ILE,A,124,CG2,1000,7.909,-5.166,1.117,-0.3204,-0.9227
ILE,A,124,CD1,1001,9.127,-7.452,2.592,-0.066,0.2169
ALA,A,125,N,1002,6.041,-8.023,-1.111,-0.4157,-0.0062
ALA,A,125,CA,1003,4.641,-8.357,-1.163,0.0337,-0.1217
ALA,A,125,C,1004,4.333,-9.446,-0.133,0.5973,-0.2645
ALA,A,125,O,1005,5.131,-10.357,0.084,-0.5679,0.4881
ALA,A,125,CB,1006,4.254,-8.775,-2.571,-0.1825,0.2169
LEU,A,126,N,1007,3.184,-9.331,0.531,-0.4157,-0.0062
LEU,A,126,CA,1008,2.682,-10.429,1.355,-0.0518,-0.1217
LEU,A,126,C,1009,2.286,-11.563,0.445,0.5973,-0.2645
LEU,A,126,O,1010,1.569,-11.329,-0.565,-0.5679,0.4881
LEU,A,126,CB,1011,1.487,-9.972,2.196,-0.1102,0.2169
LEU,A,126,CG,1012,0.944,-10.827,3.347,0.3531,1.5299
LEU,A,126,CD1,1013,2.015,-11.221,4.435,-0.4121,-0.9227
LEU,A,126,CD2,1014,-0.275,-10.141,4.052,-0.4121,-0.9227
LYS,A,127,N,1015,2.743,-12.779,0.778,-0.3479,-0.0062
LYS,A,127,CA,1016,2.409,-13.962,-0.017,-0.24,-0.1217
LYS,A,127,C,1017,0.98,-14.419,0.249,0.7341,-0.2645
LYS,A,127,O,1018,0.321,-13.929,1.16,-0.5894,0.4881
LYS,A,127,CB,1019,3.362,-15.125,0.287,-0.0094,0.2169
LYS,A,127,CG,1020,4.805,-14.989,-0.268,0.0187,0.2169
LYS,A,127,CD,1021,5.48,-16.388,-0.243,-0.0479,0.2169
LYS,A,127,CE,1022,7.009,-16.246,-0.244,-0.0143,-0.1217
LYS,A,127,NZ,1023,7.792,-17.281,0.547,-0.3854,-0.1231
GLU,A,128,N,1024,0.507,-15.392,-0.548,-0.5163,-0.0062
GLU,A,128,CA,1025,-0.863,-15.885,-0.471,0.0397,-0.1217
GLU,A,128,C,1026,-1.298,-16.436,0.903,0.5366,-0.2645
GLU,A,128,O,1027,-2.471,-16.278,1.311,-0.5819,0.4881
GLU,A,128,CB,1028,-1.12,-16.954,-1.54,0.056,0.2169
GLU,A,128,CG,1029,-2.621,-17.145,-1.787,0.0136,0.2169
GLU,A,128,CD,1030,-2.995,-18.408,-2.552,0.8054,-0.2645
GLU,A,128,OE1,1031,-4.222,-18.503,-2.844,-0.8188,0.7653
GLU,A,128,OE2,1032,-2.097,-19.262,-2.854,-0.8188,0.7653
ASP,A,129,N,1033,-0.356,-17.04,1.625,-0.5163,-0.0062
ASP,A,129,CA,1034,-0.657,-17.56,2.965,0.0381,-0.1217
ASP,A,129,C,1035,-0.893,-16.483,4.048,0.5366,-0.2645
ASP,A,129,O,1036,-1.323,-16.806,5.129,-0.5819,0.4881
ASP,A,129,CB,1037,0.35,-18.657,3.401,-0.0303,0.2169
ASP,A,129,CG,1038,1.77,-18.133,3.714,0.7994,-0.2645
ASP,A,129,OD1,1039,2.058,-16.909,3.65,-0.8014,0.7653
ASP,A,129,OD2,1040,2.636,-18.995,4.045,-0.8014,0.7653
LEU,A,130,N,1041,-0.575,-15.215,3.733,-0.4157,-0.0062
LEU,A,130,CA,1042,-0.668,-14.043,4.65,-0.0518,-0.1217
LEU,A,130,C,1043,0.283,-14.189,5.862,0.5973,-0.2645
LEU,A,130,O,1044,0.116,-13.548,6.884,-0.5679,0.4881
LEU,A,130,CB,1045,-2.142,-13.736,5.037,-0.1102,0.2169
LEU,A,130,CG,1046,-3.13,-13.717,3.832,0.3531,1.5299
LEU,A,130,CD1,1047,-4.529,-13.469,4.235,-0.4121,-0.9227
LEU,A,130,CD2,1048,-2.712,-12.651,2.826,-0.4121,-0.9227
ARG,A,131,N,1049,1.305,-15.027,5.706,-0.3479,-0.0062
ARG,A,131,CA,1050,2.233,-15.393,6.806,-0.2637,-0.1217
ARG,A,131,C,1051,3.687,-15.145,6.382,0.7341,-0.2645
ARG,A,131,O,1052,4.628,-15.293,7.198,-0.5894,0.4881
ARG,A,131,CB,1053,2.115,-16.881,7.119,-0.0007,0.2169
ARG,A,131,CG,1054,0.827,-17.246,7.745,0.039,0.2169
ARG,A,131,CD,1055,0.766,-18.73,7.975,0.0486,-0.1217
ARG,A,131,NE,1056,-0.567,-19.06,8.438,-0.5295,-0.0062
ARG,A,131,CZ,1057,-0.945,-19.005,9.709,0.8076,-0.2645
SER,A,132,N,1058,3.881,-14.813,5.113,-0.4157,-0.0062
SER,A,132,CA,1059,5.229,-14.79,4.543,-0.0249,-0.1217
SER,A,132,C,1060,5.418,-13.719,3.488,0.5973,-0.2645
SER,A,132,O,1061,4.438,-13.108,3.006,-0.5679,0.4881
SER,A,132,CB,1062,5.647,-16.197,4.038,0.2117,-0.1217
SER,A,132,OG,1063,4.646,-16.778,3.216,-0.6546,0.4881
TRP,A,133,N,1064,6.674,-13.471,3.139,-0.4157,-0.0062
TRP,A,133,CA,1065,6.982,-12.331,2.32,-0.0275,-0.1217
TRP,A,133,C,1066,7.782,-12.728,1.101,0.5973,-0.2645
TRP,A,133,O,1067,8.653,-13.548,1.209,-0.5679,0.4881
TRP,A,133,CB,1068,7.77,-11.302,3.134,-0.005,0.2169
TRP,A,133,CG,1069,7.034,-10.769,4.288,-0.1415,-0.2607
TRP,A,133,CD1,1070,7.147,-11.171,5.604,-0.1638,-0.1217
TRP,A,133,CD2,1071,6.026,-9.755,4.263,0.1243,-0.2607
TRP,A,133,CE2,1072,5.585,-9.57,5.591,0.138,-0.1217
TRP,A,133,CE3,1073,5.454,-8.968,3.232,-0.2387,-0.2607
TRP,A,133,NE1,1074,6.283,-10.441,6.389,-0.3418,-0.0062
TRP,A,133,CZ2,1075,4.607,-8.631,5.931,-0.2601,-0.2607
TRP,A,133,CZ3,1076,4.486,-8.027,3.569,-0.1972,-0.2607
THR,A,134,N,1077,7.474,-12.123,-0.036,-0.4157,-0.0062
THR,A,134,CA,1078,8.304,-12.189,-1.268,-0.0389,-0.1217
THR,A,134,C,1079,9.056,-10.866,-1.343,0.5973,-0.2645
THR,A,134,O,1080,8.426,-9.806,-1.382,-0.5679,0.4881
THR,A,134,CB,1081,7.399,-12.294,-2.511,0.3654,-0.1217
THR,A,134,CG2,1082,8.201,-12.1,-3.842,-0.2438,0.2169
THR,A,134,OG1,1083,6.821,-13.597,-2.506,-0.6761,0.4881
ALA,A,135,N,1084,10.387,-10.91,-1.31,-0.4157,-0.0062
ALA,A,135,CA,1085,11.169,-9.658,-1.349,0.0337,-0.1217
ALA,A,135,C,1086,11.956,-9.724,-2.609,0.5973,-0.2645
ALA,A,135,O,1087,12.637,-10.695,-2.834,-0.5679,0.4881
ALA,A,135,CB,1088,12.088,-9.508,-0.143,-0.1825,0.2169
ALA,A,136,N,1089,11.877,-8.663,-3.408,-0.4157,-0.0062
ALA,A,136,CA,1090,12.262,-8.719,-4.8,0.0337,-0.1217
ALA,A,136,C,1091,13.745,-8.373,-5.129,0.5973,-0.2645
ALA,A,136,O,1092,14.132,-8.488,-6.277,-0.5679,0.4881
ALA,A,136,CB,1093,11.289,-7.835,-5.587,-0.1825,0.2169
ASP,A,137,N,1094,14.515,-7.895,-4.137,-0.5163,-0.0062
ASP,A,137,CA,1095,15.932,-7.508,-4.258,0.0381,-0.1217
ASP,A,137,C,1096,16.569,-7.514,-2.855,0.5366,-0.2645
ASP,A,137,O,1097,15.866,-7.822,-1.885,-0.5819,0.4881
ASP,A,137,CB,1098,16.169,-6.197,-5.052,-0.0303,0.2169
ASP,A,137,CG,1099,15.455,-4.997,-4.493,0.7994,-0.2645
ASP,A,137,OD1,1100,15.144,-4.959,-3.274,-0.8014,0.7653
ASP,A,137,OD2,1101,15.202,-4.045,-5.296,-0.8014,0.7653
MET,A,138,N,1102,17.856,-7.198,-2.743,-0.4157,-0.0062
MET,A,138,CA,1103,18.526,-7.287,-1.447,-0.0237,-0.1217
MET,A,138,C,1104,18.024,-6.235,-0.449,0.5973,-0.2645
MET,A,138,O,1105,17.946,-6.506,0.765,-0.5679,0.4881
MET,A,138,CB,1106,20.039,-7.157,-1.604,0.0342,0.2169
MET,A,138,CG,1107,20.653,-8.208,-2.48,0.0018,-0.1217
MET,A,138,SD,1108,20.449,-9.876,-1.793,-0.2737,0.4989
MET,A,138,CE,1109,19.803,-10.681,-3.256,-0.0536,-0.1217
ALA,A,139,N,1110,17.728,-5.031,-0.92,-0.4157,-0.0062
ALA,A,139,CA,1111,17.172,-4.019,0.003,0.0337,-0.1217
ALA,A,139,C,1112,15.885,-4.485,0.625,0.5973,-0.2645
ALA,A,139,O,1113,15.679,-4.364,1.823,-0.5679,0.4881
ALA,A,139,CB,1114,16.954,-2.631,-0.669,-0.1825,0.2169
ALA,A,140,N,1115,15.023,-5.078,-0.178,-0.4157,-0.0062
ALA,A,140,CA,1116,13.745,-5.51,0.318,0.0337,-0.1217
ALA,A,140,C,1117,13.887,-6.693,1.233,0.5973,-0.2645
ALA,A,140,O,1118,13.032,-6.887,2.071,-0.5679,0.4881
ALA,A,140,CB,1119,12.787,-5.825,-0.834,-0.1825,0.2169
GLN,A,141,N,1120,15.014,-7.405,1.16,-0.4157,-0.0062
GLN,A,141,CA,1121,15.315,-8.438,2.169,-0.0031,-0.1217
GLN,A,141,C,1122,15.539,-7.855,3.564,0.5973,-0.2645
GLN,A,141,O,1123,15.152,-8.471,4.544,-0.5679,0.4881
GLN,A,141,CB,1124,16.526,-9.285,1.767,-0.0036,0.2169
GLN,A,141,CG,1125,16.206,-10.227,0.621,-0.0645,0.2169
GLN,A,141,CD,1126,15.382,-11.412,1.071,0.6951,-0.2645
GLN,A,141,NE2,1127,14.57,-11.922,0.173,-0.9407,-0.0062
GLN,A,141,OE1,1128,15.506,-11.893,2.2,-0.6086,0.4881
THR,A,142,N,1129,16.119,-6.651,3.634,-0.4157,-0.0062
THR,A,142,CA,1130,16.343,-5.925,4.872,-0.0389,-0.1217
THR,A,142,C,1131,14.988,-5.558,5.491,0.5973,-0.2645
THR,A,142,O,1132,14.796,-5.745,6.655,-0.5679,0.4881
THR,A,142,CB,1133,17.136,-4.622,4.602,0.3654,-0.1217
THR,A,142,CG2,1134,17.289,-3.752,5.873,-0.2438,0.2169
THR,A,142,OG1,1135,18.438,-4.968,4.099,-0.6761,0.4881
THR,A,143,N,1136,14.071,-5.067,4.667,-0.4157,-0.0062
THR,A,143,CA,1137,12.692,-4.865,5.079,-0.0389,-0.1217
THR,A,143,C,1138,12.013,-6.186,5.538,0.5973,-0.2645
THR,A,143,O,1139,11.339,-6.224,6.567,-0.5679,0.4881
THR,A,143,CB,1140,11.926,-4.202,3.93,0.3654,-0.1217
THR,A,143,CG2,1141,10.465,-4.068,4.313,-0.2438,0.2169
THR,A,143,OG1,1142,12.492,-2.886,3.77,-0.6761,0.4881
LYS,A,144,N,1143,12.244,-7.282,4.82,-0.3479,-0.0062
LYS,A,144,CA,1144,11.634,-8.551,5.217,-0.24,-0.1217
LYS,A,144,C,1145,12.123,-9.019,6.592,0.7341,-0.2645
LYS,A,144,O,1146,11.312,-9.518,7.405,-0.5894,0.4881
LYS,A,144,CB,1147,11.924,-9.619,4.154,-0.0094,0.2169
LYS,A,144,CG,1148,11.495,-11.054,4.458,0.0187,0.2169
LYS,A,144,CD,1149,11.847,-11.864,3.244,-0.0479,0.2169
LYS,A,144,CE,1150,11.369,-13.273,3.325,-0.0143,-0.1217
LYS,A,144,NZ,1151,12.166,-14.007,4.322,-0.3854,-0.1231
HIS,A,145,N,1152,13.435,-8.845,6.846,-0.4157,-0.0062
HIS,A,145,CA,1153,14.021,-9.217,8.178,0.0188,-0.1217
HIS,A,145,C,1154,13.324,-8.443,9.305,0.5973,-0.2645
HIS,A,145,O,1155,12.96,-9.033,10.324,-0.5679,0.4881
HIS,A,145,CB,1156,15.509,-8.921,8.246,-0.0462,0.2169
HIS,A,145,CG,1157,16.338,-9.594,7.194,-0.0266,-0.1217
HIS,A,145,CD2,1158,16.206,-10.789,6.566,0.1292,-0.1217
HIS,A,145,ND1,1159,17.461,-9.003,6.657,-0.3811,0.3544
HIS,A,145,CE1,1160,17.963,-9.78,5.711,0.2057,-0.1217
HIS,A,145,NE2,1161,17.234,-10.883,5.651,-0.5727,0.3544
LYS,A,146,N,1162,13.171,-7.136,9.097,-0.3479,-0.0062
LYS,A,146,CA,1163,12.563,-6.221,10.069,-0.24,-0.1217
LYS,A,146,C,1164,11.101,-6.546,10.283,0.7341,-0.2645
LYS,A,146,O,1165,10.598,-6.482,11.428,-0.5894,0.4881
LYS,A,146,CB,1166,12.689,-4.747,9.602,-0.0094,0.2169
LYS,A,146,CG,1167,14.111,-4.172,9.56,0.0187,0.2169
LYS,A,146,CD,1168,14.184,-2.649,9.106,-0.0479,0.2169
LYS,A,146,CE,1169,15.639,-2.22,9.085,-0.0143,-0.1217
LYS,A,146,NZ,1170,15.964,-0.809,8.567,-0.3854,-0.1231
TRP,A,147,N,1171,10.393,-6.812,9.176,-0.4157,-0.0062
TRP,A,147,CA,1172,8.961,-7.174,9.277,-0.0275,-0.1217
TRP,A,147,C,1173,8.701,-8.559,9.865,0.5973,-0.2645
TRP,A,147,O,1174,7.675,-8.752,10.549,-0.5679,0.4881
TRP,A,147,CB,1175,8.172,-6.972,7.966,-0.005,0.2169
TRP,A,147,CG,1176,8.104,-5.51,7.499,-0.1415,-0.2607
TRP,A,147,CD1,1177,8.634,-4.401,8.125,-0.1638,-0.1217
TRP,A,147,CD2,1178,7.436,-5.037,6.359,0.1243,-0.2607
TRP,A,147,CE2,1179,7.631,-3.638,6.303,0.138,-0.1217
TRP,A,147,CE3,1180,6.695,-5.662,5.35,-0.2387,-0.2607
TRP,A,147,NE1,1181,8.359,-3.275,7.413,-0.3418,-0.0062
TRP,A,147,CZ2,1182,7.08,-2.84,5.285,-0.2601,-0.2607
TRP,A,147,CZ3,1183,6.138,-4.882,4.336,-0.1972,-0.2607
GLU,A,148,N,1184,9.621,-9.51,9.668,-0.5163,-0.0062
GLU,A,148,CA,1185,9.461,-10.783,10.353,0.0397,-0.1217
GLU,A,148,C,1186,9.683,-10.679,11.872,0.5366,-0.2645
GLU,A,148,O,1187,8.909,-11.253,12.659,-0.5819,0.4881
GLU,A,148,CB,1188,10.402,-11.855,9.795,0.056,0.2169
GLU,A,148,CG,1189,9.945,-12.401,8.448,0.0136,0.2169
GLU,A,148,CD,1190,11.042,-13.198,7.757,0.8054,-0.2645
GLU,A,148,OE1,1191,12.114,-13.421,8.361,-0.8188,0.7653
GLU,A,148,OE2,1192,10.835,-13.605,6.616,-0.8188,0.7653
ALA,A,149,N,1193,10.745,-9.968,12.271,-0.4157,-0.0062
ALA,A,149,CA,1194,11.075,-9.797,13.689,0.0337,-0.1217
ALA,A,149,C,1195,9.921,-9.046,14.409,0.5973,-0.2645
ALA,A,149,O,1196,9.691,-9.281,15.569,-0.5679,0.4881
ALA,A,149,CB,1197,12.355,-9.039,13.81,-0.1825,0.2169
ALA,A,150,N,1198,9.193,-8.183,13.696,-0.4157,-0.0062
ALA,A,150,CA,1199,8.143,-7.321,14.313,0.0337,-0.1217
ALA,A,150,C,1200,6.743,-7.896,14.18,0.5973,-0.2645
ALA,A,150,O,1201,5.757,-7.243,14.565,-0.5679,0.4881
ALA,A,150,CB,1202,8.193,-5.893,13.729,-0.1825,0.2169
HIS,A,151,N,1203,6.663,-9.101,13.622,-0.4157,-0.0062
HIS,A,151,CA,1204,5.41,-9.827,13.412,0.0188,-0.1217
HIS,A,151,C,1205,4.346,-9.025,12.652,0.5973,-0.2645
HIS,A,151,O,1206,3.167,-9.093,12.955,-0.5679,0.4881
HIS,A,151,CB,1207,4.913,-10.436,14.725,-0.0462,0.2169
HIS,A,151,CG,1208,5.924,-11.349,15.346,-0.0266,-0.1217
HIS,A,151,CD2,1209,6.991,-11.092,16.138,0.1292,-0.1217
HIS,A,151,ND1,1210,5.978,-12.697,15.06,-0.3811,0.3544
HIS,A,151,CE1,1211,6.996,-13.24,15.7,0.2057,-0.1217
HIS,A,151,NE2,1212,7.632,-12.286,16.356,-0.5727,0.3544
VAL,A,152,N,1213,4.812,-8.271,11.665,-0.4157,-0.0062
VAL,A,152,CA,1214,3.952,-7.49,10.8,-0.0875,-0.1217
VAL,A,152,C,1215,2.872,-8.299,10.073,0.5973,-0.2645
VAL,A,152,O,1216,1.712,-7.853,10.045,-0.5679,0.4881
VAL,A,152,CB,1217,4.79,-6.752,9.778,0.2985,1.5299
VAL,A,152,CG1,1218,3.941,-6.183,8.634,-0.3192,-0.9227
VAL,A,152,CG2,1219,5.587,-5.703,10.479,-0.3192,-0.9227
ALA,A,153,N,1220,3.248,-9.467,9.534,-0.4157,-0.0062
ALA,A,153,CA,1221,2.289,-10.339,8.79,0.0337,-0.1217
ALA,A,153,C,1222,1.009,-10.656,9.567,0.5973,-0.2645
ALA,A,153,O,1223,-0.096,-10.692,8.987,-0.5679,0.4881
ALA,A,153,CB,1224,2.948,-11.644,8.339,-0.1825,0.2169
GLU,A,154,N,1225,1.146,-10.846,10.876,-0.5163,-0.0062
GLU,A,154,CA,1226,0.029,-11.288,11.728,0.0397,-0.1217
GLU,A,154,C,1227,-1.024,-10.233,11.859,0.5366,-0.2645
GLU,A,154,O,1228,-2.221,-10.538,11.869,-0.5819,0.4881
GLU,A,154,CB,1229,0.508,-11.715,13.132,0.056,0.2169
GLU,A,154,CG,1230,1.256,-13.027,13.092,0.0136,0.2169
GLU,A,154,CD,1231,2.787,-12.894,13.005,0.8054,-0.2645
GLU,A,154,OE1,1232,3.353,-12.191,12.098,-0.8188,0.7653
GLU,A,154,OE2,1233,3.438,-13.527,13.877,-0.8188,0.7653
GLN,A,155,N,1234,-0.571,-8.981,11.928,-0.4157,-0.0062
GLN,A,155,CA,1235,-1.465,-7.856,12.098,-0.0031,-0.1217
GLN,A,155,C,1236,-2.137,-7.528,10.78,0.5973,-0.2645
GLN,A,155,O,1237,-3.328,-7.135,10.735,-0.5679,0.4881
GLN,A,155,CB,1238,-0.663,-6.68,12.576,-0.0036,0.2169
GLN,A,155,CG,1239,-0.136,-6.949,13.969,-0.0645,0.2169
GLN,A,155,CD,1240,1.172,-6.295,14.173,0.6951,-0.2645
GLN,A,155,NE2,1241,2.195,-7.098,14.463,-0.9407,-0.0062
GLN,A,155,OE1,1242,1.29,-5.068,14.066,-0.6086,0.4881
LEU,A,156,N,1243,-1.38,-7.699,9.702,-0.4157,-0.0062
LEU,A,156,CA,1244,-1.963,-7.518,8.383,-0.0518,-0.1217
LEU,A,156,C,1245,-3.001,-8.593,8.132,0.5973,-0.2645
LEU,A,156,O,1246,-4.079,-8.284,7.654,-0.5679,0.4881
LEU,A,156,CB,1247,-0.885,-7.575,7.3,-0.1102,0.2169
LEU,A,156,CG,1248,-0.302,-6.314,6.684,0.3531,1.5299
LEU,A,156,CD1,1249,-0.42,-5.097,7.521,-0.4121,-0.9227
LEU,A,156,CD2,1250,1.103,-6.542,6.279,-0.4121,-0.9227
ARG,A,157,N,1251,-2.678,-9.845,8.453,-0.3479,-0.0062
ARG,A,157,CA,1252,-3.613,-10.967,8.231,-0.2637,-0.1217
ARG,A,157,C,1253,-4.986,-10.774,8.934,0.7341,-0.2645
ARG,A,157,O,1254,-6.043,-10.939,8.298,-0.5894,0.4881
ARG,A,157,CB,1255,-2.946,-12.297,8.589,-0.0007,0.2169
ARG,A,157,CG,1256,-3.814,-13.548,8.371,0.039,0.2169
ARG,A,157,CD,1257,-3.077,-14.835,8.775,0.0486,-0.1217
ARG,A,157,NE,1258,-3.448,-15.22,10.118,-0.5295,-0.0062
ARG,A,157,CZ,1259,-4.48,-16.022,10.407,0.8076,-0.2645
ALA,A,158,N,1260,-4.955,-10.341,10.188,-0.4157,-0.0062
ALA,A,158,CA,1261,-6.174,-10.047,10.961,0.0337,-0.1217
ALA,A,158,C,1262,-7.031,-8.972,10.288,0.5973,-0.2645
ALA,A,158,O,1263,-8.239,-9.121,10.233,-0.5679,0.4881
ALA,A,158,CB,1264,-5.807,-9.619,12.352,-0.1825,0.2169
TYR,A,159,N,1265,-6.42,-7.909,9.764,-0.4157,-0.0062
TYR,A,159,CA,1266,-7.182,-6.925,8.993,-0.0014,-0.1217
TYR,A,159,C,1267,-7.822,-7.507,7.711,0.5973,-0.2645
TYR,A,159,O,1268,-9.028,-7.328,7.477,-0.5679,0.4881
TYR,A,159,CB,1269,-6.329,-5.7,8.642,-0.0152,0.2169
TYR,A,159,CG,1270,-6.986,-4.764,7.633,-0.0011,-0.2607
TYR,A,159,CD1,1271,-7.953,-3.822,8.015,-0.1906,-0.2607
TYR,A,159,CD2,1272,-6.641,-4.821,6.299,-0.1906,-0.2607
TYR,A,159,CE1,1273,-8.577,-2.966,7.055,-0.2341,-0.2607
TYR,A,159,CE2,1274,-7.245,-4.006,5.352,-0.2341,-0.2607
TYR,A,159,CZ,1275,-8.199,-3.078,5.719,0.3226,-0.1217
LEU,A,160,N,1276,-6.993,-8.173,6.907,-0.4157,-0.0062
LEU,A,160,CA,1277,-7.368,-8.676,5.584,-0.0518,-0.1217
LEU,A,160,C,1278,-8.415,-9.768,5.615,0.5973,-0.2645
LEU,A,160,O,1279,-9.287,-9.764,4.759,-0.5679,0.4881
LEU,A,160,CB,1280,-6.13,-9.153,4.796,-0.1102,0.2169
LEU,A,160,CG,1281,-5.107,-8.05,4.494,0.3531,1.5299
LEU,A,160,CD1,1282,-3.753,-8.643,4.072,-0.4121,-0.9227
LEU,A,160,CD2,1283,-5.585,-7.068,3.44,-0.4121,-0.9227
GLU,A,161,N,1284,-8.361,-10.677,6.594,-0.5163,-0.0062
GLU,A,161,CA,1285,-9.367,-11.709,6.681,0.0397,-0.1217
GLU,A,161,C,1286,-10.615,-11.246,7.419,0.5366,-0.2645
GLU,A,161,O,1287,-11.653,-11.873,7.283,-0.5819,0.4881
GLU,A,161,CB,1288,-8.821,-12.95,7.403,0.056,0.2169
GLU,A,161,CG,1289,-7.613,-13.534,6.728,0.0136,0.2169
GLU,A,161,CD,1290,-7.081,-14.737,7.432,0.8054,-0.2645
GLU,A,161,OE1,1291,-7.403,-14.944,8.619,-0.8188,0.7653
GLU,A,161,OE2,1292,-6.311,-15.479,6.805,-0.8188,0.7653
GLY,A,162,N,1293,-10.496,-10.196,8.231,-0.4157,-0.0062
GLY,A,162,CA,1294,-11.539,-9.809,9.201,-0.0252,-0.1217
GLY,A,162,C,1295,-12.197,-8.499,8.805,0.5973,-0.2645
GLY,A,162,O,1296,-13.098,-8.516,7.973,-0.5679,0.4881
GLY,A,162,1HA,1297,-12.297,-10.591,9.241,0.0698,nan
GLY,A,162,2HA,1298,-11.071,-9.679,10.177,0.0698,nan
THR,A,163,N,1299,-11.705,-7.389,9.365,-0.4157,-0.0062
THR,A,163,CA,1300,-12.092,-5.996,9.015,-0.0389,-0.1217
THR,A,163,C,1301,-12.306,-5.678,7.533,0.5973,-0.2645
THR,A,163,O,1302,-13.318,-5.078,7.153,-0.5679,0.4881
THR,A,163,CB,1303,-11.011,-5.025,9.468,0.3654,-0.1217
THR,A,163,CG2,1304,-11.487,-3.581,9.385,-0.2438,0.2169
THR,A,163,OG1,1305,-10.658,-5.309,10.814,-0.6761,0.4881
CYS,A,164,N,1306,-11.366,-6.085,6.697,-0.4157,-0.0062
CYS,A,164,CA,1307,-11.433,-5.775,5.272,0.0213,-0.1217
CYS,A,164,C,1308,-12.699,-6.374,4.662,0.5973,-0.2645
CYS,A,164,O,1309,-13.433,-5.693,3.942,-0.5679,0.4881
CYS,A,164,CB,1310,-10.17,-6.316,4.55,-0.1231,-0.1217
CYS,A,164,SG,1311,-10.048,-5.896,2.773,-0.3119,0.4989
VAL,A,165,N,1312,-12.972,-7.64,4.988,-0.4157,-0.0062
VAL,A,165,CA,1313,-14.113,-8.335,4.437,-0.0875,-0.1217
VAL,A,165,C,1314,-15.421,-7.752,5.029,0.5973,-0.2645
VAL,A,165,O,1315,-16.43,-7.632,4.319,-0.5679,0.4881
VAL,A,165,CB,1316,-13.999,-9.888,4.683,0.2985,1.5299
VAL,A,165,CG1,1317,-15.247,-10.648,4.237,-0.3192,-0.9227
VAL,A,165,CG2,1318,-12.763,-10.442,3.933,-0.3192,-0.9227
GLU,A,166,N,1319,-15.383,-7.343,6.305,-0.5163,-0.0062
GLU,A,166,CA,1320,-16.591,-6.85,6.993,0.0397,-0.1217
GLU,A,166,C,1321,-17.049,-5.526,6.392,0.5366,-0.2645
GLU,A,166,O,1322,-18.234,-5.35,6.119,-0.5819,0.4881
GLU,A,166,CB,1323,-16.369,-6.755,8.511,0.056,0.2169
GLU,A,166,CG,1324,-16.267,-8.155,9.168,0.0136,0.2169
GLU,A,166,CD,1325,-15.494,-8.142,10.5,0.8054,-0.2645
GLU,A,166,OE1,1326,-15.211,-7.025,11.019,-0.8188,0.7653
GLU,A,166,OE2,1327,-15.156,-9.242,11.021,-0.8188,0.7653
TRP,A,167,N,1328,-16.089,-4.645,6.143,-0.4157,-0.0062
TRP,A,167,CA,1329,-16.35,-3.365,5.518,-0.0275,-0.1217
TRP,A,167,C,1330,-16.707,-3.515,4.024,0.5973,-0.2645
TRP,A,167,O,1331,-17.662,-2.872,3.58,-0.5679,0.4881
TRP,A,167,CB,1332,-15.202,-2.358,5.754,-0.005,0.2169
TRP,A,167,CG,1333,-15.248,-1.925,7.178,-0.1415,-0.2607
TRP,A,167,CD1,1334,-14.701,-2.563,8.225,-0.1638,-0.1217
TRP,A,167,CD2,1335,-15.999,-0.844,7.715,0.1243,-0.2607
TRP,A,167,CE2,1336,-15.796,-0.85,9.106,0.138,-0.1217
TRP,A,167,CE3,1337,-16.762,0.163,7.154,-0.2387,-0.2607
TRP,A,167,NE1,1338,-15.011,-1.927,9.39,-0.3418,-0.0062
TRP,A,167,CZ2,1339,-16.359,0.095,9.957,-0.2601,-0.2607
TRP,A,167,CZ3,1340,-17.322,1.121,8.003,-0.1972,-0.2607
LEU,A,168,N,1341,-16.012,-4.4,3.298,-0.4157,-0.0062
LEU,A,168,CA,1342,-16.431,-4.693,1.906,-0.0518,-0.1217
LEU,A,168,C,1343,-17.922,-5.105,1.805,0.5973,-0.2645
LEU,A,168,O,1344,-18.665,-4.492,1.03,-0.5679,0.4881
LEU,A,168,CB,1345,-15.521,-5.747,1.242,-0.1102,0.2169
LEU,A,168,CG,1346,-15.878,-6.169,-0.198,0.3531,1.5299
LEU,A,168,CD1,1347,-16.078,-4.945,-1.116,-0.4121,-0.9227
LEU,A,168,CD2,1348,-14.762,-7.075,-0.791,-0.4121,-0.9227
ARG,A,169,N,1349,-18.357,-6.064,2.63,-0.3479,-0.0062
ARG,A,169,CA,1350,-19.778,-6.466,2.721,-0.2637,-0.1217
ARG,A,169,C,1351,-20.736,-5.321,3.064,0.7341,-0.2645
ARG,A,169,O,1352,-21.798,-5.191,2.454,-0.5894,0.4881
ARG,A,169,CB,1353,-19.967,-7.578,3.748,-0.0007,0.2169
ARG,A,169,CG,1354,-19.376,-8.913,3.355,0.039,0.2169
ARG,A,169,CD,1355,-19.866,-10.012,4.273,0.0486,-0.1217
ARG,A,169,NE,1356,-19.152,-11.259,4.015,-0.5295,-0.0062
ARG,A,169,CZ,1357,-18.529,-11.982,4.943,0.8076,-0.2645
ARG,A,170,N,1358,-20.332,-4.487,4.015,-0.3479,-0.0062
ARG,A,170,CA,1359,-21.095,-3.306,4.394,-0.2637,-0.1217
ARG,A,170,C,1360,-21.247,-2.335,3.206,0.7341,-0.2645
ARG,A,170,O,1361,-22.379,-1.905,2.9,-0.5894,0.4881
ARG,A,170,CB,1362,-20.403,-2.59,5.55,-0.0007,0.2169
ARG,A,170,CG,1363,-21.123,-1.318,5.956,0.039,0.2169
ARG,A,170,CD,1364,-20.138,-0.299,6.496,0.0486,-0.1217
ARG,A,170,NE,1365,-20.757,0.847,7.174,-0.5295,-0.0062
ARG,A,170,CZ,1366,-21.108,0.902,8.466,0.8076,-0.2645
TYR,A,171,N,1367,-20.139,-2.035,2.523,-0.4157,-0.0062
TYR,A,171,CA,1368,-20.185,-1.159,1.316,-0.0014,-0.1217
TYR,A,171,C,1369,-21.034,-1.713,0.182,0.5973,-0.2645
TYR,A,171,O,1370,-21.895,-0.988,-0.339,-0.5679,0.4881
TYR,A,171,CB,1371,-18.784,-0.82,0.766,-0.0152,0.2169
TYR,A,171,CG,1372,-17.875,-0.126,1.776,-0.0011,-0.2607
TYR,A,171,CD1,1373,-18.383,0.784,2.716,-0.1906,-0.2607
TYR,A,171,CD2,1374,-16.505,-0.378,1.772,-0.1906,-0.2607
TYR,A,171,CE1,1375,-17.533,1.397,3.652,-0.2341,-0.2607
TYR,A,171,CE2,1376,-15.638,0.24,2.707,-0.2341,-0.2607
TYR,A,171,CZ,1377,-16.15,1.132,3.591,0.3226,-0.1217
LEU,A,172,N,1378,-20.824,-2.995,-0.133,-0.4157,-0.0062
LEU,A,172,CA,1379,-21.649,-3.758,-1.093,-0.0518,-0.1217
LEU,A,172,C,1380,-23.149,-3.672,-0.778,0.5973,-0.2645
LEU,A,172,O,1381,-23.934,-3.421,-1.695,-0.5679,0.4881
LEU,A,172,CB,1382,-21.22,-5.238,-1.161,-0.1102,0.2169
LEU,A,172,CG,1383,-19.886,-5.565,-1.869,0.3531,1.5299
LEU,A,172,CD1,1384,-19.51,-7.018,-1.632,-0.4121,-0.9227
LEU,A,172,CD2,1385,-20.0,-5.297,-3.363,-0.4121,-0.9227
GLU,A,173,N,1386,-23.512,-3.845,0.497,-0.5163,-0.0062
GLU,A,173,CA,1387,-24.898,-3.683,0.986,0.0397,-0.1217
GLU,A,173,C,1388,-25.437,-2.259,0.787,0.5366,-0.2645
GLU,A,173,O,1389,-26.483,-2.049,0.125,-0.5819,0.4881
GLU,A,173,CB,1390,-25.007,-4.05,2.463,0.056,0.2169
GLU,A,173,CG,1391,-25.372,-5.509,2.742,0.0136,0.2169
GLU,A,173,CD,1392,-25.11,-5.961,4.203,0.8054,-0.2645
GLU,A,173,OE1,1393,-25.434,-7.138,4.517,-0.8188,0.7653
GLU,A,173,OE2,1394,-24.585,-5.168,5.039,-0.8188,0.7653
ASN,A,174,N,1395,-24.714,-1.284,1.344,-0.4157,-0.0062
ASN,A,174,CA,1396,-25.147,0.11,1.247,0.0143,-0.1217
ASN,A,174,C,1397,-25.168,0.677,-0.148,0.5973,-0.2645
ASN,A,174,O,1398,-25.982,1.539,-0.427,-0.5679,0.4881
ASN,A,174,CB,1399,-24.245,1.013,2.058,-0.2041,0.2169
ASN,A,174,CG,1400,-24.39,0.78,3.524,0.713,-0.2645
ASN,A,174,ND2,1401,-23.498,1.368,4.301,-0.9191,-0.0062
ASN,A,174,OD1,1402,-25.287,0.055,3.96,-0.5931,0.4881
GLY,A,175,N,1403,-24.224,0.247,-0.993,-0.4157,-0.0062
GLY,A,175,CA,1404,-24.168,0.755,-2.33,-0.0252,-0.1217
GLY,A,175,C,1405,-24.668,-0.253,-3.328,0.5973,-0.2645
GLY,A,175,O,1406,-24.141,-0.304,-4.435,-0.5679,0.4881
GLY,A,175,1HA,1407,-24.784,1.653,-2.394,0.0698,nan
GLY,A,175,2HA,1408,-23.128,0.981,-2.566,0.0698,nan
LYS,A,176,N,1409,-25.668,-1.044,-2.944,-0.3479,-0.0062
LYS,A,176,CA,1410,-26.079,-2.222,-3.728,-0.24,-0.1217
LYS,A,176,C,1411,-26.517,-1.935,-5.15,0.7341,-0.2645
LYS,A,176,O,1412,-26.174,-2.688,-6.049,-0.5894,0.4881
LYS,A,176,CB,1413,-27.113,-3.107,-2.994,-0.0094,0.2169
LYS,A,176,CG,1414,-28.455,-2.498,-2.673,0.0187,0.2169
LYS,A,176,CD,1415,-29.357,-3.489,-1.943,-0.0479,0.2169
LYS,A,176,CE,1416,-30.111,-2.774,-0.817,-0.0143,-0.1217
LYS,A,176,NZ,1417,-29.166,-2.276,0.262,-0.3854,-0.1231
GLU,A,177,N,1418,-27.224,-0.824,-5.326,-0.5163,-0.0062
GLU,A,177,CA,1419,-27.72,-0.361,-6.614,0.0397,-0.1217
GLU,A,177,C,1420,-26.579,-0.054,-7.596,0.5366,-0.2645
GLU,A,177,O,1421,-26.67,-0.387,-8.758,-0.5819,0.4881
GLU,A,177,CB,1422,-28.603,0.87,-6.392,0.056,0.2169
GLU,A,177,CG,1423,-29.861,0.903,-7.235,0.0136,0.2169
GLU,A,177,CD,1424,-29.965,2.196,-8.059,0.8054,-0.2645
GLU,A,177,OE1,1425,-30.204,2.13,-9.29,-0.8188,0.7653
GLU,A,177,OE2,1426,-29.779,3.296,-7.482,-0.8188,0.7653
THR,A,178,N,1427,-25.495,0.529,-7.094,-0.4157,-0.0062
THR,A,178,CA,1428,-24.293,0.853,-7.854,-0.0389,-0.1217
THR,A,178,C,1429,-23.334,-0.31,-7.983,0.5973,-0.2645
THR,A,178,O,1430,-22.803,-0.613,-9.078,-0.5679,0.4881
THR,A,178,CB,1431,-23.575,2.025,-7.137,0.3654,-0.1217
THR,A,178,CG2,1432,-22.099,2.307,-7.627,-0.2438,0.2169
THR,A,178,OG1,1433,-24.367,3.183,-7.313,-0.6761,0.4881
LEU,A,179,N,1434,-23.097,-0.979,-6.865,-0.4157,-0.0062
LEU,A,179,CA,1435,-22.006,-1.929,-6.795,-0.0518,-0.1217
LEU,A,179,C,1436,-22.384,-3.343,-7.176,0.5973,-0.2645
LEU,A,179,O,1437,-21.555,-4.054,-7.725,-0.5679,0.4881
LEU,A,179,CB,1438,-21.392,-1.938,-5.402,-0.1102,0.2169
LEU,A,179,CG,1439,-20.875,-0.628,-4.856,0.3531,1.5299
LEU,A,179,CD1,1440,-20.57,-0.878,-3.426,-0.4121,-0.9227
LEU,A,179,CD2,1441,-19.619,-0.185,-5.635,-0.4121,-0.9227
