Chain,ResNum,Residue,X,Y,Z,Weight
A,2,SER,-14.853980107388685,-12.51510137663154,-6.525161875589068,0.0
A,3,HIS,-19.211487388748616,-8.024026437899336,-5.22635302247721,0.0
A,4,SER,-11.16529268414589,-6.564093201096735,-5.02297043241082,0.0
A,5,MET,-12.73598989706163,-2.5745798176184667,1.0035287155464838,0.0
A,6,ARG,-8.117665753865303,-3.667246698750087,-6.027847294649506,0.0
A,7,TYR,-8.639285714285716,1.036571428571429,1.1711428571428573,1.0
A,8,PHE,-5.081857142857142,0.699,-6.166142857142858,0.0
A,9,TYR,-2.8512857142857144,3.897428571428572,1.282,5.4
A,10,THR,0.9687717920912312,6.965409785764615,-5.428323097143028,0.0
A,11,ALA,4.506,8.421,-0.49,0.0
A,12,MET,3.645707528744915,11.384661786516688,-6.252497716559714,0.0
A,13,SER,11.111206430468684,12.647635235483964,-2.393235591066176,0.0
A,14,ARG,6.4910945139413325,17.97201095200476,-3.937835303172855,0.0
A,15,PRO,12.350333333333332,17.234666666666666,-7.215666666666666,0.0
A,16,GLY,14.8,20.13,-2.7935,0.0
A,17,ARG,15.992492080191145,20.438986691214318,2.05628534293064,0.0
A,18,GLY,8.9625,20.3425,0.2545,0.0
A,19,GLU,4.83218434908381,16.974179915862873,4.632155959418977,0.0
A,20,PRO,7.604999999999999,13.435666666666664,1.2066666666666666,0.0
A,21,ARG,0.5044306314477474,15.388743631421638,-4.219727133955211,0.0
A,22,PHE,2.845857142857143,11.68414285714286,2.2707142857142864,0.0
A,23,ILE,-2.43325,11.32175,-4.44275,0.0
A,24,ALA,-4.908,7.256,0.162,1.2
A,25,VAL,-7.1,6.449333333333333,-5.159999999999999,0.0
A,26,GLY,-9.9405,2.939,-2.0580000000000003,0.0
A,27,TYR,-10.31714285714286,2.5138571428571432,-7.474142857142858,0.0
A,28,VAL,-16.301,-1.4226666666666667,-3.278,0.0
A,29,ASP,-16.523951832176618,-4.94604850698312,-7.170460553937108,0.0
A,30,ASP,-14.404367352840373,-2.596282598606232,-12.242271766915144,0.0
A,31,THR,-17.68507571949007,2.2210696177545017,-8.276303832449639,0.0
A,32,GLN,-11.38739060199754,7.243873136748903,-6.958662614625204,0.0
A,33,PHE,-14.443571428571431,3.034714285714286,-1.2097142857142855,0.0
A,34,VAL,-12.811666666666664,6.284999999999999,0.1726666666666667,0.0
A,35,ARG,-8.508922850557461,11.676232904555206,-4.907577270794836,0.0
A,36,PHE,-5.257428571428572,12.10957142857143,2.925428571428572,0.0
A,37,ASP,-3.92995803344472,15.693227619027216,-2.8345566146859733,0.0
A,38,SER,-0.2105055193785165,14.956818367463514,1.27309633564676,0.0
A,39,ASP,0.4819814675977494,18.273925466969413,-1.9366554708251225,0.0
A,40,ALA,-6.482,18.609,-0.231,0.0
A,41,ALA,-7.166,23.929,0.91,0.0
A,42,SER,-9.450692328563676,21.859250714020508,4.43150906092023,0.0
A,43,PRO,-4.868333333333332,18.28733333333333,4.271666666666666,0.0
A,44,ARG,-12.351040272847673,16.953647488813186,4.444379371462773,0.0
A,45,GLU,-11.669454978407154,8.375571726751312,3.9431086109731033,2.8
A,46,GLU,-12.200006620433385,15.551930264964328,-0.6410884703917873,0.0
A,47,PRO,-17.156,11.924333333333331,0.2729999999999999,0.0
A,48,ARG,-13.57444075155268,10.67899504373356,-5.711922226229695,0.0
A,49,ALA,-19.309,6.351999999999999,-4.511,0.0
A,50,PRO,-23.352,8.428666666666667,-4.876333333333332,0.0
A,51,TRP,-20.993945754356663,3.24268771114769,-2.386086632658382,0.0
A,52,ILE,-18.33275,5.777999999999999,0.7839999999999999,0.0
A,53,GLU,-22.078953604049868,11.90187966215799,-0.4726397743408229,0.0
A,54,GLN,-26.35713010435932,6.179414621692529,2.6288307491587566,0.0
A,55,GLU,-19.964675960359717,4.400403928750966,6.231215090589989,0.0
A,56,GLY,-21.512000000000004,9.091500000000002,10.1835,0.0
A,57,PRO,-20.083666666666662,12.307999999999998,11.622333333333332,0.0
A,58,GLU,-16.994914501747708,6.624180983010885,15.57798816141863,0.0
A,59,TYR,-15.868285714285715,5.524142857142858,7.0045714285714284,0.0
A,60,TRP,-16.615938956211714,10.203886586043984,5.402853847150192,0.0
A,61,ASP,-11.981358224088195,12.449014034073056,13.36838642789821,0.0
A,62,ARG,-11.862507052776484,5.137534883870845,13.488715350050615,0.0
A,63,ASN,-11.435391445642956,5.502924387920814,7.299344030721768,9.9
A,64,THR,-9.41634398097018,12.523788003418172,7.775102899948527,0.0
A,65,GLN,-7.7123609111202835,10.682520085210074,13.963128322991484,0.0
A,66,ILE,-6.579,4.8365,9.40625,0.0
A,67,TYR,-6.759000000000001,7.516571428571429,4.039571428571429,7.6
A,68,LYS,-4.463900183301602,14.30449041639149,9.051156205389333,0.0
A,69,ALA,-1.068,7.695999999999999,11.011,0.0
A,70,GLN,0.2271712896321787,4.2015861072691125,5.600965549218236,3.2
A,71,ALA,0.881,11.036,4.989,0.0
A,72,GLN,4.113727623042941,12.388769205958768,9.124828634655143,0.0
A,73,THR,4.236204845407706,4.849744706581979,8.33946881418441,0.0
A,74,ASP,3.421214199011795,5.837155267329277,2.827650565504241,3.6
A,75,ARG,7.999804318530286,12.450977367876677,6.354007520619415,0.0
A,76,GLU,10.62787966215799,8.773242186742081,8.956389620736182,2.4
A,77,SER,8.380152064947307,3.8078623796875446,4.248893853711479,2.7
A,78,LEU,9.253750000000002,8.32575,-0.22525,0.0
A,79,ARG,14.845863931034502,9.293705819140914,6.502861781825647,0.0
A,80,ASN,14.119696944962383,4.205473659467086,6.528744914779594,3.0
A,81,LEU,12.322,2.4962499999999994,0.1775,0.0
A,82,ARG,16.790817870020565,9.70975492991703,-0.722121928279985,0.0
A,83,GLY,19.906,5.34,2.24,0.0
A,84,TYR,17.00657142857143,0.3282857142857143,3.4350000000000005,0.0
A,85,TYR,16.87314285714286,0.3851428571428572,-3.5124285714285715,0.0
A,86,ASN,24.191937457776632,3.1485374636254364,-1.4266558241686649,0.0
A,87,GLN,19.184911918295725,5.881823743313435,-6.06314111631375,0.0
A,88,SER,21.349855974923607,12.710535493959387,-5.20663169394225,0.0
A,89,GLU,20.28305542702089,14.792760279751526,0.7745286380780751,0.0
A,90,ALA,19.113,16.235,-6.08,0.0
A,91,GLY,16.27,12.5455,-7.4045,0.0
A,92,SER,10.614600355582214,12.77462678862137,-7.813356724645133,0.0
A,93,HIS,14.209946247495973,8.34541907488915,-5.164036419034656,0.0
A,94,THR,6.622110146071852,7.428080486939487,-7.140606140714719,0.0
A,95,TRP,6.8663261776175695,2.5216871837837123,-0.2058686736532554,1.5
A,96,GLN,2.8634252647747984,3.412384261515216,-7.121777684567061,0.0
A,97,THR,1.372449359592618,0.5372728390311183,0.2170664694388502,4.7
A,98,MET,-3.041004331928516,-3.9501451710010422,-4.293404851759937,0.0
A,99,TYR,-4.405714285714286,-1.504571428571429,2.4422857142857146,2.1
A,100,GLY,-7.604,-4.612,0.224,0.0
A,101,CYS,-11.017389477505276,-7.605007963336888,1.8472748372166887,0.0
A,102,ASP,-9.729274765801277,-10.11968558463999,-4.171055797132493,0.0
A,103,LEU,-15.87025,-10.69925,0.595,0.0
A,104,GLY,-15.5905,-15.469,-3.3374999999999995,0.0
A,105,PRO,-18.632666666666665,-17.078333333333333,-4.877666666666666,0.0
A,106,ASP,-17.910386770628055,-18.454946791191844,0.1699664803073144,0.0
A,107,GLY,-19.4375,-13.4505,1.152,0.0
A,108,ARG,-17.723659030013177,-17.59395463196732,4.164406439310795,0.0
A,109,LEU,-10.0895,-13.249249999999998,3.13175,0.0
A,110,LEU,-11.4945,-15.7665,-3.71475,0.0
A,111,ARG,-5.961524624847342,-14.79418517974161,-3.121277683392656,0.0
A,112,GLY,-6.1145,-10.4735,1.233,0.0
A,113,HIS,-4.979135327649562,-9.209231719483736,-3.467395407788951,0.0
A,114,ASN,0.661034988433805,-5.170095031589094,2.2730693112885247,2.3
A,115,GLN,0.911745350711714,-6.956642147066118,-5.032531090501784,0.0
A,116,LEU,4.753000000000001,-2.06675,0.3265,5.8
A,117,ALA,5.7250000000000005,-0.637,-6.498,0.0
A,118,TYR,12.06414285714286,3.310714285714286,-3.857,0.0
A,119,ASP,11.99566786979122,5.100563222945763,-7.538122565190072,0.0
A,120,GLY,7.040500000000001,1.924,-10.622,0.0
A,121,LYS,12.7850457831768,-1.0280949642179933,-11.275184001351152,0.0
A,122,ASP,6.82474771870448,-6.087170254619712,-8.614815232913488,0.0
A,123,TYR,11.06057142857143,-2.3455714285714286,-1.119857142857143,0.0
A,124,ILE,8.334,-6.584249999999999,1.08075,0.0
A,125,ALA,4.326,-8.973,-2.717,0.0
A,126,LEU,0.952,-10.48325,3.2815000000000003,0.0
A,127,ASN,4.652998696975317,-14.905161970040057,-0.2680405562730829,0.0
A,128,GLU,-1.4625297052260853,-17.087747488674413,-3.6446135748282416,0.0
A,129,ASP,1.9746614650272756,-17.789022755833543,3.3359533994516317,0.0
A,130,LEU,-3.249,-13.77775,4.131749999999999,0.0
A,131,SER,1.355875324879331,-16.68423736183703,7.584460007711422,0.0
A,132,SER,5.399315711307229,-16.324893718047583,3.4456855168080427,0.0
A,133,TRP,5.6457946203424445,-9.53144408406796,4.341014122745556,0.0
A,134,THR,7.7420387192851825,-13.071101085919032,-2.758171658162883,0.0
A,135,ALA,12.416,-9.52,-0.387,0.0
A,136,ALA,11.434,-7.164,-5.532,0.0
A,137,ASP,15.699958986662097,-5.022691239682403,-4.355276468740182,0.0
A,138,THR,20.468891188214304,-7.653247662500561,-1.7082649232660525,0.0
A,139,ALA,17.227,-2.662,-1.177,0.0
A,140,ALA,12.933,-5.8,-1.116,0.0
A,141,GLN,17.161946863026984,-10.472426401676335,0.5497813775285383,0.0
A,142,ILE,17.865,-3.8707500000000006,4.4525,0.0
A,143,THR,11.54550429020474,-3.281472822040208,4.012618444132388,0.0
A,144,GLN,11.868640508643812,-11.16866582453981,3.4326263879269163,0.0
A,145,ARG,17.167688836265285,-9.946739853545662,7.063767095444792,0.0
A,146,LYS,11.89569840230753,-2.0429473891850445,10.259337295896874,0.0
A,147,TRP,7.124535776186948,-4.4566547967686745,6.568161682202075,0.0
A,148,GLU,10.849103336968886,-12.435767740968194,7.891742329322463,0.0
A,149,ALA,12.018,-8.598,13.639,0.0
A,150,ALA,7.776,-5.612,13.37,0.0
A,151,ARG,4.595200533950118,-11.824968529948231,15.56375399423117,0.0
A,152,VAL,4.493333333333333,-5.803666666666666,9.453333333333331,4.6
A,153,ALA,2.882,-11.438000000000002,8.098,0.0
A,154,GLU,0.2832231133087762,-12.248909171887265,14.871831919778687,0.0
A,155,GLN,0.8587077081863876,-5.347847001338902,13.398748232639004,0.0
A,156,LEU,-0.42025,-6.41225,6.61,3.7
A,157,ARG,-3.5214476829768664,-14.653077495933166,8.72927262334019,0.0
A,158,ALA,-5.559,-9.157,12.618000000000002,1.4
A,159,TYR,-7.4267142857142865,-4.048285714285715,7.148857142857144,0.0
A,160,LEU,-5.50325,-8.4955,4.28875,0.0
A,161,GLU,-7.426601515761745,-14.31695988640606,8.118988667064519,0.0
A,162,GLY,-11.761,-9.614,10.2,0.0
A,163,LEU,-11.36,-4.17825,11.17425,0.0
A,164,CYS,-10.315715021439754,-5.936910157224857,3.481145699571205,0.0
A,165,VAL,-14.190666666666663,-10.325333333333331,5.145,0.0
A,166,GLU,-17.152324824567334,-5.688572006032473,10.535459296975825,0.0
A,167,TRP,-15.505074385388442,-0.6936050436197045,7.658626081500354,3.8
A,168,LEU,-15.68475,-5.9895000000000005,-0.0249999999999999,0.0
A,169,ARG,-19.3798125672635,-9.748303226359589,4.763183551074492,0.0
A,170,ARG,-20.362688039498,-2.739880532286964,8.037135930046926,0.0
A,171,TYR,-17.17314285714286,0.1981428571428571,2.3560000000000003,2.9
A,172,LEU,-20.34975,-5.7825,-1.82825,0.0
A,173,GLU,-27.005296828835924,-4.410765048109854,2.5134641799864177,0.0
A,174,ASN,-23.83860166313332,1.217644779553766,3.2629941052940183,0.0
A,175,GLY,-23.7185,1.086,-2.8200000000000003,0.0
A,176,LYS,-28.89976775329352,-5.008192353870397,-3.003729629654699,0.0
A,177,GLU,-30.579322410990155,1.3915582036635807,-5.481295708771486,0.0
A,178,THR,-24.147043866531405,2.8921296006636448,-7.5600411030098895,0.0
A,179,LEU,-20.603,-0.85825,-5.1455,0.0
