ResNum,Residue,X,Y,Z
2,SER,-15.581304265558508,-12.537798610516093,-6.940442157198755
3,HIS,-19.358961629546496,-7.732712520583117,-5.347668862549745
4,SER,-11.889877231314083,-7.772257254448348,-5.697196484163025
5,MET,-12.532932054802567,-2.2404505939881645,-0.08902412663915772
6,ARG,-7.817092260946444,-4.470056527609501,-5.213952864381633
7,TYR,-8.572857142857144,0.4175714285714286,1.0818571428571429
8,PHE,-5.198714285714287,0.6734285714285716,-6.174285714285715
9,TYR,-2.5491428571428574,3.6310000000000002,1.0050000000000001
10,THR,0.6787855247442617,7.162299829591168,-5.750134083265453
11,ALA,4.568,7.853999999999999,-0.828
12,MET,4.8295697146800975,12.621161735120927,-7.094604428846239
13,SER,10.898065675606203,12.704779260560365,-3.118957351555137
14,ARG,6.240825183067921,17.917391605644028,-3.2241175963413164
15,PRO,13.329666666666665,16.211666666666662,-4.467
16,GLY,13.477,21.901,-3.2600000000000002
17,ARG,9.159036287399633,21.11528180775926,-6.947190828989307
18,GLY,8.0355,20.992000000000004,0.613
19,GLU,6.622291669483976,17.14052824708445,5.190524654646797
20,PRO,7.713999999999999,13.564333333333332,0.5519999999999998
21,ARG,1.0103797179534038,14.427651162903132,-4.838718053322168
22,PHE,3.0964285714285715,11.323714285714287,2.0152857142857146
23,ILE,-2.8517500000000005,11.409,-4.09375
24,ALA,-4.84,7.084,0.43600000000000005
25,VAL,-8.136666666666667,6.8839999999999995,-4.661666666666666
26,GLY,-10.169,2.9235,-1.4905000000000002
27,TYR,-10.363857142857144,2.991,-6.7368571428571435
28,VAL,-16.27766666666667,-1.8496666666666663,-3.485333333333333
29,ASP,-16.399544283551826,-4.8731172493074,-7.641099673692627
30,ASP,-14.021366467454945,-1.9996131615399992,-12.7126645995773
31,THR,-18.038362101275816,2.227731738519892,-8.271781516888465
32,GLN,-12.276008679701158,7.693495560662964,-7.027437216777806
33,PHE,-16.87742857142857,2.3875714285714285,-2.91
34,VAL,-12.938999999999998,6.398333333333332,0.7586666666666666
35,ARG,-8.505018750461314,11.752706754826773,-4.160904550372807
36,PHE,-5.4101428571428585,12.027285714285716,3.556428571428572
37,ASP,-4.4074286015194355,15.436220261045895,-2.8365337231885297
38,SER,-0.36118313197955043,15.06556628966384,1.0659833776026046
39,ASP,-0.3508499807214463,18.09910219418502,-2.8686293769457056
40,ALA,-6.458,18.983,0.556
41,ALA,-6.66,24.174,1.962
42,SER,-8.789770949361667,20.932431939565305,6.029291591694514
43,PRO,-4.9126666666666665,17.659,4.248666666666666
44,ARG,-11.650025681885502,17.046675284775006,5.217078813242194
45,MET,-10.369665222690493,8.41788046814197,3.38948289989574
46,ALA,-13.355,13.613000000000001,0.697
47,PRO,-17.476333333333333,11.651333333333334,0.8373333333333332
48,ARG,-13.979110872489189,10.930786157264198,-4.98705794870456
49,ALA,-19.613,6.282000000000001,-4.178
50,PRO,-23.50166666666666,8.443333333333332,-5.0553333333333335
51,TRP,-22.420222061835116,3.6502798235410707,-3.3554822144999847
52,ILE,-18.676000000000002,6.2885,0.043749999999999956
53,GLU,-22.620641626415882,12.220396520450729,0.19469312880153103
54,GLN,-25.470938070665362,4.9118733575270666,4.159602304936133
55,GLU,-20.134600448613735,4.6801546159296095,6.8791046275418255
56,GLY,-21.743,9.283499999999998,10.77
57,PRO,-20.141999999999996,12.522,11.922333333333333
58,GLU,-18.51477918561614,8.017522749655306,16.22348751613216
59,TYR,-16.032571428571426,5.708857142857143,7.179428571428572
60,TRP,-16.801739886029072,10.372207235332043,5.881507432598506
61,ASP,-11.965787029103474,12.256356110587497,13.661541081169851
62,GLY,-11.106,7.2885,12.356000000000002
63,GLU,-11.121244488606797,5.162533297663739,6.92768392722227
64,THR,-9.44463722908244,12.564288575612046,8.15009031168325
65,ARG,-7.882720410103086,11.255756351012092,14.324075381856847
66,ASN,-6.754095907058803,5.093898868996785,10.478415540124088
67,MET,-5.489836649583695,7.3127042981541575,4.591248168108195
68,LYS,-4.278091393914077,14.409298027388553,9.112512944728783
69,ALA,-0.987,7.688,10.992
70,SER,-0.9941245394567733,5.331217469225717,6.521530452974609
71,ALA,0.8479999999999999,11.055,5.036
72,GLN,3.464320594120395,11.91633936480699,10.485406111890613
73,THR,4.246421324591343,4.882635894796284,8.18038403454152
74,TYR,2.9371428571428577,4.900285714285714,2.6851428571428575
75,ARG,7.888382178520352,12.553072921289898,6.20820049881758
76,GLU,10.59634928371732,9.205890489447581,8.49823461381295
77,ASN,8.55733464598263,3.3690844496960284,4.518336460222395
78,LEU,9.150500000000001,8.703000000000001,-0.4195
79,ARG,13.499938862614691,11.691819602473716,4.63727238063559
80,ILE,13.972750000000003,4.02525,5.534000000000001
81,ALA,13.390999999999998,3.786,-0.539
82,LEU,16.345000000000002,8.63175,-1.57525
83,ARG,19.817930960372106,6.587417391315558,4.452831039887679
84,TYR,16.85057142857143,0.2521428571428572,2.7434285714285718
85,TYR,15.992428571428574,0.4061428571428573,-3.5331428571428574
86,ASN,23.77014361367983,2.737390384714336,-3.200046053038287
87,GLN,18.22342201034114,5.558302685346901,-6.931534555416681
88,SER,20.73268905834976,12.320252349127466,-6.2933534544312115
89,GLU,19.44377643690156,13.468834333355868,0.22449295770507324
90,ALA,18.967,15.764999999999999,-6.765
91,GLY,15.584999999999999,12.914,-8.329
92,SER,10.008441614543171,12.6911111872733,-7.886792070088254
93,HIS,13.919321296998008,8.062155233909932,-6.328206638978835
94,ILE,5.962000000000001,7.470000000000001,-7.3775
95,ILE,7.108750000000001,4.23625,-0.9975
96,GLN,1.2779842081529225,2.8509885186269837,-6.427815643571372
97,VAL,1.812,0.4126666666666666,-0.295
98,MET,-3.1107664723417376,-4.1495513296817865,-4.1984534134128255
99,TYR,-2.0820000000000003,-2.0625714285714287,2.205714285714286
100,GLY,-7.3745,-5.295,-1.115
101,CYS,-9.419645461351726,-7.957755110375025,2.1987569707557233
102,ASP,-9.510556275526232,-10.688447473081427,-4.42325221346357
103,VAL,-15.310666666666663,-10.911,0.3139999999999999
104,GLY,-16.804000000000002,-14.9535,-3.0235
105,PRO,-20.21066666666666,-15.342333333333332,-4.489
106,ASP,-21.15751975694742,-18.09498466997972,-0.027042716276811474
107,GLY,-19.453000000000003,-12.136000000000001,2.1734999999999998
108,ARG,-17.511009530909703,-18.480348005197037,2.624887498843688
109,LEU,-10.534,-12.94375,2.9972499999999993
110,LEU,-12.79075,-15.537,-2.8710000000000004
111,ARG,-6.9010835268040305,-13.821396215419831,-4.149304993945277
112,GLY,-6.235499999999999,-10.6075,1.3219999999999998
113,HIS,-4.774851495737171,-9.46512868267526,-3.415496521841113
114,ASP,0.7292448554822495,-5.438796839745237,2.410029567589181
115,GLN,1.1308679407393858,-7.28354048826196,-4.891296220695787
116,SER,5.783543533830293,-1.6338507982749266,-0.8308625153514408
117,ALA,6.096,-1.083,-6.458
118,TYR,11.946857142857144,3.493857142857143,-4.042428571428571
119,ASP,12.213066425327735,4.559847185331162,-8.060658605375146
120,GLY,6.949,1.2245,-10.3465
121,LYS,12.871141683080653,-3.9761173185041794,-9.236256125873762
122,ASP,5.654262434667124,-5.4295981064176155,-8.148648248507698
123,TYR,12.197285714285714,-2.962857142857143,-4.846142857142858
124,ILE,8.4375,-6.078,0.8900000000000001
125,ALA,4.757,-9.417,-2.954
126,LEU,1.14,-10.416,3.26175
127,ASN,4.525639554128644,-15.159773148214985,0.0048809009527257955
128,GLU,-1.9377999435558075,-17.482046057872935,-3.056062999950023
129,ASP,0.7562463549253134,-19.49601580484391,2.989580869962585
130,LEU,-3.13125,-13.232750000000001,4.2675
131,SER,1.9049378659355096,-16.96903133836004,7.506053822865793
132,SER,5.1353238868420314,-16.45701485162654,4.04709797075372
133,TRP,7.431719902876378,-10.598289453792253,4.905970523387403
134,THR,8.081559890458605,-13.148292388572115,-2.551326340407882
135,ALA,12.478,-9.955,0.113
136,ALA,12.174000000000001,-7.902,-5.417
137,ASP,16.373228233084852,-5.823219854054209,-4.345706976694371
138,THR,20.647098607245123,-7.25000715117412,-0.8874160773985916
139,ALA,16.821,-2.902,-1.168
140,ALA,13.071999999999997,-6.598,-1.148
141,GLN,17.241854633782328,-10.759816740193768,0.976587967983835
142,ILE,17.790000000000003,-3.72725,4.28725
143,THR,11.367227063521016,-3.700065040203491,3.8445760068363426
144,GLN,12.621388297909391,-11.585742836748025,4.2020809123195715
145,ARG,17.694583509237763,-9.303844002182728,7.619922607852863
146,LYS,11.407048903204055,-1.8481374214070612,9.93707139640881
147,TRP,6.834149395329877,-5.9315666207123074,6.435116930018638
148,GLU,11.685199045152412,-12.81284594557251,8.826325274356991
149,ALA,11.999,-8.295,14.201
150,ALA,7.856,-5.531,13.231000000000002
151,ARG,5.498087893875238,-11.894582920042533,14.829834471273022
152,VAL,4.657999999999999,-5.827333333333333,9.274
153,ALA,3.0469999999999997,-11.296000000000001,7.961
154,GLU,1.6675378955135685,-12.605688189934707,14.103765159822316
155,GLN,1.3176946244302998,-5.016689003824096,12.90944272018079
156,LEU,0.11150000000000006,-6.609249999999999,6.433499999999999
157,ARG,-3.347994454538334,-14.473657608918119,9.14241340586752
158,ALA,-5.395,-8.651,12.293
159,TYR,-7.410571428571429,-3.902142857142858,6.687285714285714
160,LEU,-5.1205,-8.7285,4.1785
161,GLU,-7.4779984301459015,-14.044560952378152,8.506114725760598
162,GLY,-11.329500000000001,-8.9775,10.113000000000001
163,LEU,-11.500499999999999,-3.584,10.517249999999999
164,CYS,-10.30524255280532,-6.966936815118997,4.125922476575085
165,VAL,-14.142999999999997,-9.844999999999999,4.844666666666666
166,GLU,-16.34235439015284,-6.846264852613042,10.202980867770659
167,TRP,-14.944411638557849,-0.522020979385573,7.255586310481319
168,LEU,-15.94075,-5.89575,-0.30699999999999994
169,ARG,-19.292916715900564,-9.404630159446928,4.829260596730998
170,ARG,-20.71485686069175,-1.4267339967259054,7.008395487306034
171,TYR,-17.83414285714286,0.9717142857142859,1.487857142857143
172,LEU,-20.368999999999996,-5.5285,-2.1187499999999995
173,GLU,-26.161069620383405,-5.947680896286736,1.170253184540171
174,ASN,-24.408858540012666,0.8427057740651447,2.9611135774801793
175,GLY,-24.229,1.3924999999999998,-3.0945000000000005
176,LYS,-29.51167455666121,-2.966693792531725,-2.5344828271185804
177,GLU,-29.877964487195687,2.68982917106412,-5.583097560258585
178,THR,-23.8043748794395,2.100944114898529,-8.927967862193727
179,LEU,-21.067,-1.0947500000000001,-5.17075
