Residue,ResNum,Atom,AtomNum,X,Y,Z,Charge,Depth,InGroove
SER,2,N,1,23.893,-12.895,7.477,-0.4157,0.0,0.0
SER,2,CA,2,24.338,-11.508,7.463,-0.0249,0.0,0.0
SER,2,C,3,24.129,-10.838,8.813,0.5973,0.0,0.0
SER,2,O,4,23.367,-11.322,9.649,-0.5679,0.0,0.0
SER,2,CB,5,23.601,-10.732,6.386,0.2117,0.0,0.0
SER,2,OG,6,22.24,-10.602,6.698,-0.6546,0.0,0.0
SER,2,H,7,23.031,-13.143,7.011,0.2719,0.0,0.0
SER,2,HA,8,25.408,-11.496,7.253,0.0843,0.0,0.0
SER,2,1HB,9,24.045,-9.745,6.277,0.0352,0.0,0.0
SER,2,2HB,10,23.707,-11.243,5.433,0.0352,0.0,0.0
SER,2,HG,11,22.205,-10.131,7.535,0.4275,0.0,0.0
HID,3,N,12,24.833,-9.727,9.021,-0.4157,0.0,0.0
HID,3,CA,13,24.727,-8.919,10.231,0.0188,0.0,0.0
HID,3,C,14,24.838,-7.452,9.885,0.5973,0.0,0.0
HID,3,O,15,25.501,-7.107,8.921,-0.5679,0.0,0.0
HID,3,CB,16,25.801,-9.295,11.243,-0.0462,0.0,0.0
HID,3,CG,17,25.692,-10.69,11.722,-0.0266,0.0,0.0
HID,3,CD2,18,26.387,-11.8,11.388,0.1292,0.0,0.0
HID,3,ND1,19,24.774,-11.076,12.672,-0.3811,0.0,0.0
HID,3,CE1,20,24.908,-12.37,12.902,0.2057,0.0,0.0
HID,3,NE2,21,25.879,-12.832,12.135,-0.5727,0.0,0.0
HID,3,H,22,25.435,-9.409,8.273,0.2719,0.0,0.0
HID,3,HA,23,23.747,-9.057,10.685,0.0881,0.0,0.0
HID,3,1HB,24,26.778,-9.159,10.791,0.0402,0.0,0.0
HID,3,2HB,25,25.737,-8.628,12.101,0.0402,0.0,0.0
HID,3,HD1,26,24.05,-10.493,13.073,0.3649,0.0,0.0
HID,3,HD2,27,27.203,-11.981,10.688,0.1147,0.0,0.0
HID,3,HE1,28,24.271,-12.87,13.621,0.1392,0.0,0.0
SER,4,N,29,24.231,-6.584,10.675,-0.4157,0.0,0.0
SER,4,CA,30,24.409,-5.165,10.373,-0.0249,0.0,0.0
SER,4,C,31,24.598,-4.271,11.593,0.5973,0.0,0.0
SER,4,O,32,23.986,-4.463,12.64,-0.5679,0.0,0.0
SER,4,CB,33,23.23,-4.676,9.562,0.2117,0.0,0.0
SER,4,OG,34,22.042,-4.766,10.299,-0.6546,0.0,0.0
SER,4,H,35,23.672,-6.909,11.456,0.2719,0.0,0.0
SER,4,HA,36,25.321,-5.062,9.791,0.0843,0.0,0.0
SER,4,1HB,37,23.402,-3.647,9.267,0.0352,0.0,0.0
SER,4,2HB,38,23.144,-5.269,8.651,0.0352,0.0,0.0
SER,4,HG,39,22.169,-4.215,11.075,0.4275,0.0,0.0
MET,5,N,40,25.354,-3.192,11.395,-0.4157,0.0,0.0
MET,5,CA,41,25.488,-2.153,12.402,-0.0237,0.0,0.0
MET,5,C,42,24.69,-0.935,11.981,0.5973,0.0,0.0
MET,5,O,43,24.846,-0.446,10.864,-0.5679,0.0,0.0
MET,5,CB,44,26.958,-1.781,12.637,0.0342,0.0,0.0
MET,5,CG,45,27.164,-0.766,13.758,0.0018,0.0,0.0
MET,5,SD,46,26.747,-1.466,15.353,-0.2737,0.0,0.0
MET,5,CE,47,26.559,-0.03,16.396,-0.0536,0.0,0.0
MET,5,H,48,25.759,-3.047,10.48,0.2719,0.0,0.0
MET,5,HA,49,25.089,-2.527,13.342,0.088,0.0,0.0
MET,5,1HB,50,27.528,-2.66,12.88,0.0241,0.0,0.0
MET,5,2HB,51,27.381,-1.366,11.718,0.0241,0.0,0.0
MET,5,1HG,52,28.204,-0.441,13.77,0.044,0.0,0.0
MET,5,2HG,53,26.543,0.105,13.579,0.044,0.0,0.0
MET,5,1HE,54,26.301,-0.346,17.407,0.0684,0.0,0.0
MET,5,2HE,55,27.488,0.524,16.415,0.0684,0.0,0.0
MET,5,3HE,56,25.764,0.606,15.998,0.0684,0.0,0.0
ARG,6,N,57,23.964,-0.342,12.917,-0.3479,0.0,0.0
ARG,6,CA,58,23.194,0.853,12.617,-0.2637,0.0,0.0
ARG,6,C,59,23.283,1.918,13.683,0.7341,0.0,0.0
ARG,6,O,60,23.315,1.642,14.877,-0.5894,0.0,0.0
ARG,6,CB,61,21.725,0.531,12.407,-0.0007,0.0,0.0
ARG,6,CG,62,21.348,-0.283,11.188,0.039,0.0,0.0
ARG,6,CD,63,21.475,0.546,9.964,0.0486,0.0,0.0
ARG,6,NE,64,21.028,-0.15,8.773,-0.5295,0.0,0.0
ARG,6,CZ,65,21.793,-0.943,8.012,0.8076,0.0,0.0
ARG,6,NH1,66,23.049,-1.137,8.326,-0.8627,0.0,0.0
ARG,6,NH2,67,21.277,-1.527,6.946,-0.8627,0.0,0.0
ARG,6,H,68,23.87,-0.782,13.822,0.2747,0.0,0.0
ARG,6,HA,69,23.596,1.288,11.707,0.156,0.0,0.0
ARG,6,1HB,70,21.356,-0.02,13.268,0.0327,0.0,0.0
ARG,6,2HB,71,21.184,1.461,12.343,0.0327,0.0,0.0
ARG,6,1HG,72,22.005,-1.146,11.1,0.0285,0.0,0.0
ARG,6,2HG,73,20.317,-0.625,11.284,0.0285,0.0,0.0
ARG,6,1HD,74,20.872,1.444,10.08,0.0687,0.0,0.0
ARG,6,2HD,75,22.518,0.821,9.819,0.0687,0.0,0.0
ARG,6,HE,76,20.063,-0.026,8.494,0.3456,0.0,0.0
ARG,6,1HH1,77,23.441,-0.69,9.142,0.4478,0.0,0.0
ARG,6,2HH1,78,23.627,-1.736,7.752,0.4478,0.0,0.0
ARG,6,1HH2,79,20.306,-1.375,6.707,0.4478,0.0,0.0
ARG,6,2HH2,80,21.85,-2.125,6.371,0.4478,0.0,0.0
TYR,7,N,81,23.321,3.156,13.234,-0.4157,0.0,0.0
TYR,7,CA,82,23.386,4.284,14.132,-0.0014,0.0,0.0
TYR,7,C,83,22.228,5.204,13.827,0.5973,0.0,0.0
TYR,7,O,84,22.061,5.608,12.681,-0.5679,0.0,0.0
TYR,7,CB,85,24.71,5.011,13.996,-0.0152,0.0,0.0
TYR,7,CG,86,25.923,4.201,14.279,-0.0011,0.0,0.0
TYR,7,CD1,87,26.509,3.481,13.246,-0.1906,0.0,0.0
TYR,7,CD2,88,26.461,4.162,15.55,-0.1906,0.0,0.0
TYR,7,CE1,89,27.624,2.729,13.48,-0.2341,0.0,0.0
TYR,7,CE2,90,27.587,3.404,15.789,-0.2341,0.0,0.0
TYR,7,CZ,91,28.166,2.69,14.757,0.3226,0.0,0.0
TYR,7,OH,92,29.283,1.936,14.99,-0.5579,0.0,0.0
TYR,7,H,93,23.441,3.314,12.242,0.2719,0.0,0.0
TYR,7,HA,94,23.301,3.932,15.158,0.0876,0.0,0.0
TYR,7,1HB,95,24.804,5.392,12.986,0.0295,0.0,0.0
TYR,7,2HB,96,24.72,5.854,14.67,0.0295,0.0,0.0
TYR,7,HD1,97,26.079,3.516,12.245,0.1699,0.0,0.0
TYR,7,HD2,98,25.995,4.729,16.358,0.1699,0.0,0.0
TYR,7,HE1,99,28.082,2.165,12.667,0.1656,0.0,0.0
TYR,7,HE2,100,28.019,3.367,16.789,0.1656,0.0,0.0
TYR,7,HH,101,29.555,1.507,14.174,0.3992,0.0,0.0
PHE,8,N,102,21.469,5.597,14.832,-0.4157,0.0,0.0
PHE,8,CA,103,20.325,6.452,14.572,-0.0024,0.0,0.0
PHE,8,C,104,20.37,7.714,15.389,0.5973,0.0,0.0
PHE,8,O,105,20.607,7.695,16.594,-0.5679,0.0,0.0
PHE,8,CB,106,19.005,5.754,14.849,-0.0343,0.0,0.0
PHE,8,CG,107,18.748,4.586,13.968,0.0118,0.0,0.0
PHE,8,CD1,108,19.17,3.342,14.336,-0.1256,0.0,0.0
PHE,8,CD2,109,18.08,4.735,12.766,-0.1256,0.0,0.0
PHE,8,CE1,110,18.939,2.252,13.534,-0.1704,0.0,0.0
PHE,8,CE2,111,17.842,3.648,11.951,-0.1704,0.0,0.0
PHE,8,CZ,112,18.275,2.399,12.34,-0.1072,0.0,0.0
PHE,8,H,113,21.573,5.166,15.738,0.2719,0.0,0.0
PHE,8,HA,114,20.345,6.749,13.527,0.0978,0.0,0.0
PHE,8,1HB,115,18.986,5.409,15.885,0.0295,0.0,0.0
PHE,8,2HB,116,18.187,6.461,14.724,0.0295,0.0,0.0
PHE,8,HD1,117,19.69,3.232,15.275,0.133,0.0,0.0
PHE,8,HD2,118,17.74,5.727,12.465,0.133,0.0,0.0
PHE,8,HE1,119,19.283,1.267,13.844,0.143,0.0,0.0
PHE,8,HE2,120,17.315,3.773,11.006,0.143,0.0,0.0
PHE,8,HZ,121,18.094,1.534,11.704,0.1297,0.0,0.0
TYR,9,N,122,20.346,8.84,14.7,-0.4157,0.0,0.0
TYR,9,CA,123,20.503,10.102,15.382,-0.0014,0.0,0.0
TYR,9,C,124,19.252,10.93,15.218,0.5973,0.0,0.0
TYR,9,O,125,18.795,11.154,14.104,-0.5679,0.0,0.0
TYR,9,CB,126,21.711,10.848,14.86,-0.0152,0.0,0.0
TYR,9,CG,127,23.006,10.146,15.078,-0.0011,0.0,0.0
TYR,9,CD1,128,23.461,9.235,14.157,-0.1906,0.0,0.0
TYR,9,CD2,129,23.728,10.406,16.178,-0.1906,0.0,0.0
TYR,9,CE1,130,24.661,8.593,14.371,-0.2341,0.0,0.0
TYR,9,CE2,131,24.928,9.765,16.396,-0.2341,0.0,0.0
TYR,9,CZ,132,25.392,8.862,15.495,0.3226,0.0,0.0
TYR,9,OH,133,26.589,8.221,15.708,-0.5579,0.0,0.0
TYR,9,H,134,20.32,8.813,13.689,0.2719,0.0,0.0
TYR,9,HA,135,20.632,9.912,16.434,0.0876,0.0,0.0
TYR,9,1HB,136,21.597,11.01,13.831,0.0295,0.0,0.0
TYR,9,2HB,137,21.773,11.823,15.343,0.0295,0.0,0.0
TYR,9,HD1,138,22.873,9.024,13.263,0.1699,0.0,0.0
TYR,9,HD2,139,23.36,11.116,16.887,0.1699,0.0,0.0
TYR,9,HE1,140,25.028,7.876,13.655,0.1656,0.0,0.0
TYR,9,HE2,141,25.508,9.982,17.293,0.1656,0.0,0.0
TYR,9,HH,142,26.765,7.62,14.979,0.3992,0.0,0.0
THR,10,N,143,18.733,11.449,16.317,-0.4157,0.0,0.0
THR,10,CA,144,17.548,12.281,16.233,-0.0389,0.0,0.0
THR,10,C,145,17.777,13.645,16.874,0.5973,0.0,0.0
THR,10,O,146,18.181,13.754,18.031,-0.5679,0.0,0.0
THR,10,CB,147,16.354,11.575,16.903,0.3654,0.0,0.0
THR,10,CG2,148,15.138,12.414,16.799,-0.2438,0.0,0.0
THR,10,OG1,149,16.121,10.313,16.263,-0.6761,0.0,0.0
THR,10,H,150,19.17,11.272,17.209,0.2719,0.0,0.0
THR,10,HA,151,17.312,12.455,15.182,0.1007,0.0,0.0
THR,10,HB,152,16.584,11.398,17.954,0.0043,0.0,0.0
THR,10,HG1,153,15.926,10.459,15.334,0.4102,0.0,0.0
THR,10,1HG2,154,14.301,11.906,17.275,0.0642,0.0,0.0
THR,10,2HG2,155,15.32,13.34,17.284,0.0642,0.0,0.0
THR,10,3HG2,156,14.906,12.586,15.752,0.0642,0.0,0.0
ALA,11,N,157,17.706,14.693,16.058,-0.4157,0.0,0.0
ALA,11,CA,158,17.985,16.044,16.513,0.0337,0.0,0.0
ALA,11,C,159,16.686,16.838,16.477,0.5973,0.0,0.0
ALA,11,O,160,16.137,17.08,15.412,-0.5679,0.0,0.0
ALA,11,CB,161,19.045,16.684,15.654,-0.1825,0.0,0.0
ALA,11,H,162,17.54,14.547,15.07,0.2719,0.0,0.0
ALA,11,HA,163,18.348,16.012,17.527,0.0823,0.0,0.0
ALA,11,1HB,164,19.228,17.699,15.99,0.0603,0.0,0.0
ALA,11,2HB,165,19.952,16.102,15.738,0.0603,0.0,0.0
ALA,11,3HB,166,18.713,16.703,14.627,0.0603,0.0,0.0
MET,12,N,167,16.217,17.301,17.634,-0.4157,0.0,0.0
MET,12,CA,168,14.902,17.944,17.705,-0.0237,0.0,0.0
MET,12,C,169,14.932,19.36,18.239,0.5973,0.0,0.0
MET,12,O,170,15.375,19.591,19.36,-0.5679,0.0,0.0
MET,12,CB,171,13.98,17.083,18.561,0.0342,0.0,0.0
MET,12,CG,172,13.761,15.717,18.021,0.0018,0.0,0.0
MET,12,SD,173,12.93,14.636,19.167,-0.2737,0.0,0.0
MET,12,CE,174,14.29,14.282,20.276,-0.0536,0.0,0.0
MET,12,H,175,16.727,17.101,18.483,0.2719,0.0,0.0
MET,12,HA,176,14.502,18.017,16.697,0.088,0.0,0.0
MET,12,1HB,177,14.398,16.988,19.564,0.0241,0.0,0.0
MET,12,2HB,178,13.008,17.571,18.657,0.0241,0.0,0.0
MET,12,1HG,179,13.172,15.771,17.128,0.044,0.0,0.0
MET,12,2HG,180,14.714,15.3,17.778,0.044,0.0,0.0
MET,12,1HE,181,13.951,13.613,21.067,0.0684,0.0,0.0
MET,12,2HE,182,15.103,13.808,19.725,0.0684,0.0,0.0
MET,12,3HE,183,14.642,15.205,20.711,0.0684,0.0,0.0
SER,13,N,184,14.529,20.337,17.429,-0.4157,0.0,0.0
SER,13,CA,185,14.64,21.696,17.927,-0.0249,0.0,0.0
SER,13,C,186,13.486,21.974,18.863,0.5973,0.0,0.0
SER,13,O,187,12.404,21.411,18.715,-0.5679,0.0,0.0
SER,13,CB,188,14.644,22.719,16.809,0.2117,0.0,0.0
SER,13,OG,189,13.399,22.818,16.196,-0.6546,0.0,0.0
SER,13,H,190,14.231,20.145,16.483,0.2719,0.0,0.0
SER,13,HA,191,15.574,21.797,18.463,0.0843,0.0,0.0
SER,13,1HB,192,14.928,23.692,17.211,0.0352,0.0,0.0
SER,13,2HB,193,15.38,22.449,16.07,0.0352,0.0,0.0
SER,13,HG,194,12.787,23.083,16.886,0.4275,0.0,0.0
ARG,14,N,195,13.703,22.875,19.807,-0.3479,0.0,0.0
ARG,14,CA,196,12.643,23.271,20.726,-0.2637,0.0,0.0
ARG,14,C,197,12.75,24.753,21.068,0.7341,0.0,0.0
ARG,14,O,198,13.191,25.099,22.163,-0.5894,0.0,0.0
ARG,14,CB,199,12.719,22.447,22.001,-0.0007,0.0,0.0
ARG,14,CG,200,12.472,20.96,21.811,0.039,0.0,0.0
ARG,14,CD,201,12.502,20.219,23.076,0.0486,0.0,0.0
ARG,14,NE,202,12.261,18.808,22.858,-0.5295,0.0,0.0
ARG,14,CZ,203,12.24,17.88,23.814,0.8076,0.0,0.0
ARG,14,NH1,204,12.446,18.22,25.066,-0.8627,0.0,0.0
ARG,14,NH2,205,12.009,16.621,23.497,-0.8627,0.0,0.0
ARG,14,H,206,14.611,23.311,19.879,0.2747,0.0,0.0
ARG,14,HA,207,11.68,23.085,20.253,0.156,0.0,0.0
ARG,14,1HB,208,13.705,22.565,22.452,0.0327,0.0,0.0
ARG,14,2HB,209,11.997,22.81,22.705,0.0327,0.0,0.0
ARG,14,1HG,210,11.491,20.813,21.357,0.0285,0.0,0.0
ARG,14,2HG,211,13.236,20.538,21.164,0.0285,0.0,0.0
ARG,14,1HD,212,13.479,20.337,23.545,0.0687,0.0,0.0
ARG,14,2HD,213,11.731,20.606,23.743,0.0687,0.0,0.0
ARG,14,HE,214,12.096,18.503,21.908,0.3456,0.0,0.0
ARG,14,1HH1,215,12.623,19.185,25.306,0.4478,0.0,0.0
ARG,14,2HH1,216,12.429,17.516,25.789,0.4478,0.0,0.0
ARG,14,1HH2,217,11.85,16.363,22.533,0.4478,0.0,0.0
ARG,14,2HH2,218,11.991,15.915,24.217,0.4478,0.0,0.0
PRO,15,N,219,12.22,25.64,20.218,-0.2548,0.0,0.0
PRO,15,CA,220,12.207,27.086,20.386,-0.0266,0.0,0.0
PRO,15,C,221,11.568,27.529,21.694,0.5896,0.0,0.0
PRO,15,O,222,10.469,27.1,22.043,-0.5748,0.0,0.0
PRO,15,CB,223,11.391,27.546,19.171,-0.007,0.0,0.0
PRO,15,CG,224,11.671,26.493,18.135,0.0189,0.0,0.0
PRO,15,CD,225,11.729,25.213,18.887,0.0192,0.0,0.0
PRO,15,HA,226,13.242,27.456,20.341,0.0641,0.0,0.0
PRO,15,1HB,227,10.325,27.618,19.435,0.0253,0.0,0.0
PRO,15,2HB,228,11.71,28.551,18.858,0.0253,0.0,0.0
PRO,15,1HG,229,10.882,26.493,17.378,0.0213,0.0,0.0
PRO,15,2HG,230,12.613,26.71,17.613,0.0213,0.0,0.0
PRO,15,1HD,231,10.726,24.764,18.956,0.0391,0.0,0.0
PRO,15,2HD,232,12.418,24.554,18.37,0.0391,0.0,0.0
GLY,16,N,233,12.281,28.39,22.416,-0.4157,0.0,0.0
GLY,16,CA,234,11.823,28.928,23.693,-0.0252,0.0,0.0
GLY,16,C,235,12.014,27.963,24.866,0.5973,0.0,0.0
GLY,16,O,236,11.733,28.319,26.011,-0.5679,0.0,0.0
GLY,16,H,237,13.178,28.691,22.063,0.2719,0.0,0.0
GLY,16,1HA,238,12.364,29.851,23.907,0.0698,0.0,0.0
GLY,16,2HA,239,10.766,29.181,23.617,0.0698,0.0,0.0
ARG,17,N,240,12.522,26.76,24.589,-0.3479,0.0,0.0
ARG,17,CA,241,12.693,25.743,25.626,-0.2637,0.0,0.0
ARG,17,C,242,14.128,25.233,25.724,0.7341,0.0,0.0
ARG,17,O,243,14.372,24.176,26.307,-0.5894,0.0,0.0
ARG,17,CB,244,11.76,24.578,25.355,-0.0007,0.0,0.0
ARG,17,CG,245,10.288,24.922,25.449,0.039,0.0,0.0
ARG,17,CD,246,9.42,23.728,25.285,0.0486,0.0,0.0
ARG,17,NE,247,9.525,23.156,23.948,-0.5295,0.0,0.0
ARG,17,CZ,248,8.822,23.581,22.882,0.8076,0.0,0.0
ARG,17,NH1,249,7.973,24.577,23.009,-0.8627,0.0,0.0
ARG,17,NH2,250,8.983,23.002,21.705,-0.8627,0.0,0.0
ARG,17,H,251,12.73,26.507,23.634,0.2747,0.0,0.0
ARG,17,HA,252,12.419,26.183,26.585,0.156,0.0,0.0
ARG,17,1HB,253,11.953,24.198,24.373,0.0327,0.0,0.0
ARG,17,2HB,254,11.961,23.776,26.064,0.0327,0.0,0.0
ARG,17,1HG,255,10.08,25.361,26.425,0.0285,0.0,0.0
ARG,17,2HG,256,10.034,25.639,24.665,0.0285,0.0,0.0
ARG,17,1HD,257,9.711,22.965,26.005,0.0687,0.0,0.0
ARG,17,2HD,258,8.382,24.008,25.454,0.0687,0.0,0.0
ARG,17,HE,259,10.169,22.388,23.813,0.3456,0.0,0.0
ARG,17,1HH1,260,7.848,25.022,23.907,0.4478,0.0,0.0
ARG,17,2HH1,261,7.445,24.896,22.209,0.4478,0.0,0.0
ARG,17,1HH2,262,9.635,22.236,21.605,0.4478,0.0,0.0
ARG,17,2HH2,263,8.455,23.322,20.908,0.4478,0.0,0.0
GLY,18,N,264,15.066,25.974,25.148,-0.4157,0.0,0.0
GLY,18,CA,265,16.472,25.579,25.185,-0.0252,0.0,0.0
GLY,18,C,266,16.962,25.024,23.858,0.5973,0.0,0.0
GLY,18,O,267,16.206,24.921,22.892,-0.5679,0.0,0.0
GLY,18,H,268,14.808,26.829,24.676,0.2719,0.0,0.0
GLY,18,1HA,269,17.082,26.441,25.456,0.0698,0.0,0.0
GLY,18,2HA,270,16.616,24.825,25.957,0.0698,0.0,0.0
GLU,19,N,271,18.247,24.681,23.822,-0.5163,0.0,0.0
GLU,19,CA,272,18.899,24.195,22.618,0.0397,0.0,0.0
GLU,19,C,273,18.317,22.838,22.202,0.5366,0.0,0.0
GLU,19,O,274,17.813,22.113,23.061,-0.5819,0.0,0.0
GLU,19,CB,275,20.403,24.085,22.856,0.056,0.0,0.0
GLU,19,CG,276,21.097,25.402,23.137,0.0136,0.0,0.0
GLU,19,CD,277,21.129,26.32,21.943,0.8054,0.0,0.0
GLU,19,OE1,278,21.537,25.884,20.892,-0.8188,0.0,0.0
GLU,19,OE2,279,20.745,27.457,22.084,-0.8188,0.0,0.0
GLU,19,H,280,18.794,24.765,24.667,0.2936,0.0,0.0
GLU,19,HA,281,18.712,24.926,21.844,0.1105,0.0,0.0
GLU,19,1HB,282,20.588,23.426,23.703,-0.0173,0.0,0.0
GLU,19,2HB,283,20.87,23.646,21.998,-0.0173,0.0,0.0
GLU,19,1HG,284,20.578,25.906,23.952,-0.0425,0.0,0.0
GLU,19,2HG,285,22.117,25.199,23.46,-0.0425,0.0,0.0
PRO,20,N,286,18.364,22.463,20.911,-0.2548,0.0,0.0
PRO,20,CA,287,17.89,21.192,20.378,-0.0266,0.0,0.0
PRO,20,C,288,18.463,19.966,21.093,0.5896,0.0,0.0
PRO,20,O,289,19.591,19.973,21.594,-0.5748,0.0,0.0
PRO,20,CB,290,18.358,21.237,18.92,-0.007,0.0,0.0
PRO,20,CG,291,18.408,22.719,18.594,0.0189,0.0,0.0
PRO,20,CD,292,18.897,23.376,19.859,0.0192,0.0,0.0
PRO,20,HA,293,16.798,21.184,20.455,0.0641,0.0,0.0
PRO,20,1HB,294,19.322,20.751,18.824,0.0253,0.0,0.0
PRO,20,2HB,295,17.656,20.686,18.287,0.0253,0.0,0.0
PRO,20,1HG,296,19.081,22.898,17.74,0.0213,0.0,0.0
PRO,20,2HG,297,17.421,23.08,18.294,0.0213,0.0,0.0
PRO,20,1HD,298,19.985,23.41,19.87,0.0391,0.0,0.0
PRO,20,2HD,299,18.473,24.376,19.9,0.0391,0.0,0.0
ARG,21,N,300,17.609,18.951,21.228,-0.3479,0.0,0.0
ARG,21,CA,301,17.942,17.684,21.871,-0.2637,0.0,0.0
ARG,21,C,302,18.615,16.758,20.875,0.7341,0.0,0.0
ARG,21,O,303,18.18,16.628,19.741,-0.5894,0.0,0.0
ARG,21,CB,304,16.683,17.034,22.427,-0.0007,0.0,0.0
ARG,21,CG,305,16.896,15.775,23.277,0.039,0.0,0.0
ARG,21,CD,306,15.601,15.305,23.852,0.0486,0.0,0.0
ARG,21,NE,307,15.749,14.155,24.735,-0.5295,0.0,0.0
ARG,21,CZ,308,14.704,13.494,25.287,0.8076,0.0,0.0
ARG,21,NH1,309,13.477,13.883,25.035,-0.8627,0.0,0.0
ARG,21,NH2,310,14.904,12.461,26.077,-0.8627,0.0,0.0
ARG,21,H,311,16.737,19.019,20.723,0.2747,0.0,0.0
ARG,21,HA,312,18.634,17.876,22.692,0.156,0.0,0.0
ARG,21,1HB,313,16.148,17.752,23.049,0.0327,0.0,0.0
ARG,21,2HB,314,16.034,16.761,21.606,0.0327,0.0,0.0
ARG,21,1HG,315,17.315,14.982,22.661,0.0285,0.0,0.0
ARG,21,2HG,316,17.585,15.995,24.097,0.0285,0.0,0.0
ARG,21,1HD,317,15.151,16.112,24.431,0.0687,0.0,0.0
ARG,21,2HD,318,14.934,15.017,23.051,0.0687,0.0,0.0
ARG,21,HE,319,16.692,13.828,24.95,0.3456,0.0,0.0
ARG,21,1HH1,320,13.313,14.675,24.429,0.4478,0.0,0.0
ARG,21,2HH1,321,12.696,13.393,25.445,0.4478,0.0,0.0
ARG,21,1HH2,322,15.842,12.154,26.278,0.4478,0.0,0.0
ARG,21,2HH2,323,14.118,11.976,26.484,0.4478,0.0,0.0
PHE,22,N,324,19.626,16.036,21.333,-0.4157,0.0,0.0
PHE,22,CA,325,20.339,15.089,20.492,-0.0024,0.0,0.0
PHE,22,C,326,20.422,13.683,21.08,0.5973,0.0,0.0
PHE,22,O,327,20.858,13.467,22.211,-0.5679,0.0,0.0
PHE,22,CB,328,21.736,15.633,20.251,-0.0343,0.0,0.0
PHE,22,CG,329,22.621,14.796,19.425,0.0118,0.0,0.0
PHE,22,CD1,330,22.489,14.713,18.056,-0.1256,0.0,0.0
PHE,22,CD2,331,23.618,14.072,20.053,-0.1256,0.0,0.0
PHE,22,CE1,332,23.346,13.914,17.342,-0.1704,0.0,0.0
PHE,22,CE2,333,24.464,13.285,19.346,-0.1704,0.0,0.0
PHE,22,CZ,334,24.334,13.202,17.996,-0.1072,0.0,0.0
PHE,22,H,335,19.912,16.128,22.291,0.2719,0.0,0.0
PHE,22,HA,336,19.799,14.991,19.553,0.0978,0.0,0.0
PHE,22,1HB,337,21.663,16.605,19.762,0.0295,0.0,0.0
PHE,22,2HB,338,22.23,15.779,21.203,0.0295,0.0,0.0
PHE,22,HD1,339,21.704,15.284,17.557,0.133,0.0,0.0
PHE,22,HD2,340,23.715,14.143,21.133,0.133,0.0,0.0
PHE,22,HE1,341,23.251,13.841,16.267,0.143,0.0,0.0
PHE,22,HE2,342,25.245,12.72,19.855,0.143,0.0,0.0
PHE,22,HZ,343,25.011,12.57,17.434,0.1297,0.0,0.0
ILE,23,N,344,19.859,12.73,20.344,-0.4157,0.0,0.0
ILE,23,CA,345,19.797,11.35,20.798,-0.0597,0.0,0.0
ILE,23,C,346,20.527,10.447,19.819,0.5973,0.0,0.0
ILE,23,O,347,20.253,10.467,18.627,-0.5679,0.0,0.0
ILE,23,CB,348,18.347,10.867,20.965,0.1303,0.0,0.0
ILE,23,CG1,349,17.612,11.741,21.983,-0.043,0.0,0.0
ILE,23,CG2,350,18.337,9.4,21.391,-0.3204,0.0,0.0
ILE,23,CD1,351,16.131,11.489,22.018,-0.066,0.0,0.0
ILE,23,H,352,19.406,12.981,19.475,0.2719,0.0,0.0
ILE,23,HA,353,20.287,11.284,21.759,0.0869,0.0,0.0
ILE,23,HB,354,17.816,10.97,20.019,0.0187,0.0,0.0
ILE,23,1HG1,355,18.029,11.554,22.975,0.0236,0.0,0.0
ILE,23,2HG1,356,17.784,12.788,21.74,0.0236,0.0,0.0
ILE,23,1HG2,357,17.31,9.06,21.511,0.0882,0.0,0.0
ILE,23,2HG2,358,18.828,8.799,20.637,0.0882,0.0,0.0
ILE,23,3HG2,359,18.866,9.295,22.341,0.0882,0.0,0.0
ILE,23,1HD1,360,15.669,12.137,22.757,0.0186,0.0,0.0
ILE,23,2HD1,361,15.705,11.696,21.037,0.0186,0.0,0.0
ILE,23,3HD1,362,15.945,10.452,22.284,0.0186,0.0,0.0
ALA,24,N,363,21.416,9.603,20.323,-0.4157,0.0,0.0
ALA,24,CA,364,22.168,8.71,19.452,0.0337,0.0,0.0
ALA,24,C,365,22.072,7.269,19.913,0.5973,0.0,0.0
ALA,24,O,366,22.356,6.973,21.065,-0.5679,0.0,0.0
ALA,24,CB,367,23.606,9.165,19.386,-0.1825,0.0,0.0
ALA,24,H,368,21.619,9.629,21.309,0.2719,0.0,0.0
ALA,24,HA,369,21.733,8.758,18.459,0.0823,0.0,0.0
ALA,24,1HB,370,24.153,8.514,18.713,0.0603,0.0,0.0
ALA,24,2HB,371,23.644,10.186,19.021,0.0603,0.0,0.0
ALA,24,3HB,372,24.044,9.119,20.363,0.0603,0.0,0.0
VAL,25,N,373,21.633,6.359,19.033,-0.4157,0.0,0.0
VAL,25,CA,374,21.473,4.98,19.487,-0.0875,0.0,0.0
VAL,25,C,375,22.095,3.967,18.526,0.5973,0.0,0.0
VAL,25,O,376,21.958,4.061,17.308,-0.5679,0.0,0.0
VAL,25,CB,377,19.992,4.611,19.691,0.2985,0.0,0.0
VAL,25,CG1,378,19.907,3.192,20.189,-0.3192,0.0,0.0
VAL,25,CG2,379,19.343,5.567,20.649,-0.3192,0.0,0.0
VAL,25,H,380,21.276,6.65,18.135,0.2719,0.0,0.0
VAL,25,HA,381,21.982,4.885,20.437,0.0969,0.0,0.0
VAL,25,HB,382,19.467,4.656,18.736,-0.0297,0.0,0.0
VAL,25,1HG1,383,18.864,2.927,20.333,0.0791,0.0,0.0
VAL,25,2HG1,384,20.349,2.517,19.47,0.0791,0.0,0.0
VAL,25,3HG1,385,20.44,3.107,21.136,0.0791,0.0,0.0
VAL,25,1HG2,386,18.298,5.297,20.786,0.0791,0.0,0.0
VAL,25,2HG2,387,19.859,5.511,21.589,0.0791,0.0,0.0
VAL,25,3HG2,388,19.402,6.575,20.259,0.0791,0.0,0.0
GLY,26,N,389,22.935,3.09,19.061,-0.4157,0.0,0.0
GLY,26,CA,390,23.616,2.1,18.241,-0.0252,0.0,0.0
GLY,26,C,391,22.938,0.744,18.374,0.5973,0.0,0.0
GLY,26,O,392,22.677,0.292,19.491,-0.5679,0.0,0.0
GLY,26,H,393,23.118,3.126,20.053,0.2719,0.0,0.0
GLY,26,1HA,394,23.609,2.418,17.201,0.0698,0.0,0.0
GLY,26,2HA,395,24.658,2.025,18.541,0.0698,0.0,0.0
TYR,27,N,396,22.881,0.022,17.251,-0.4157,0.0,0.0
TYR,27,CA,397,22.266,-1.292,17.139,-0.0014,0.0,0.0
TYR,27,C,398,23.114,-2.317,16.409,0.5973,0.0,0.0
TYR,27,O,399,23.802,-1.996,15.446,-0.5679,0.0,0.0
TYR,27,CB,400,20.898,-1.222,16.451,-0.0152,0.0,0.0
TYR,27,CG,401,19.811,-0.424,17.094,-0.0011,0.0,0.0
TYR,27,CD1,402,19.728,0.926,16.853,-0.1906,0.0,0.0
TYR,27,CD2,403,18.897,-1.035,17.925,-0.1906,0.0,0.0
TYR,27,CE1,404,18.732,1.671,17.44,-0.2341,0.0,0.0
TYR,27,CE2,405,17.899,-0.29,18.513,-0.2341,0.0,0.0
TYR,27,CZ,406,17.816,1.056,18.273,0.3226,0.0,0.0
TYR,27,OH,407,16.819,1.8,18.86,-0.5579,0.0,0.0
TYR,27,H,408,23.109,0.49,16.389,0.2719,0.0,0.0
TYR,27,HA,409,22.144,-1.689,18.145,0.0876,0.0,0.0
TYR,27,1HB,410,21.025,-0.804,15.454,0.0295,0.0,0.0
TYR,27,2HB,411,20.503,-2.236,16.346,0.0295,0.0,0.0
TYR,27,HD1,412,20.457,1.398,16.194,0.1699,0.0,0.0
TYR,27,HD2,413,18.965,-2.106,18.117,0.1699,0.0,0.0
TYR,27,HE1,414,18.664,2.742,17.249,0.1656,0.0,0.0
TYR,27,HE2,415,17.176,-0.767,19.17,0.1656,0.0,0.0
TYR,27,HH,416,16.904,2.718,18.589,0.3992,0.0,0.0
VAL,28,N,417,23.016,-3.561,16.829,-0.4157,0.0,0.0
VAL,28,CA,418,23.524,-4.649,16.007,-0.0875,0.0,0.0
VAL,28,C,419,22.33,-5.531,15.732,0.5973,0.0,0.0
VAL,28,O,420,21.711,-6.044,16.662,-0.5679,0.0,0.0
VAL,28,CB,421,24.64,-5.472,16.676,0.2985,0.0,0.0
VAL,28,CG1,422,25.063,-6.585,15.751,-0.3192,0.0,0.0
VAL,28,CG2,423,25.796,-4.58,17.023,-0.3192,0.0,0.0
VAL,28,H,424,22.401,-3.774,17.602,0.2719,0.0,0.0
VAL,28,HA,425,23.988,-4.236,15.114,0.0969,0.0,0.0
VAL,28,HB,426,24.272,-5.923,17.563,-0.0297,0.0,0.0
VAL,28,1HG1,427,25.849,-7.166,16.222,0.0791,0.0,0.0
VAL,28,2HG1,428,24.214,-7.23,15.543,0.0791,0.0,0.0
VAL,28,3HG1,429,25.428,-6.162,14.833,0.0791,0.0,0.0
VAL,28,1HG2,430,26.572,-5.165,17.493,0.0791,0.0,0.0
VAL,28,2HG2,431,26.176,-4.13,16.121,0.0791,0.0,0.0
VAL,28,3HG2,432,25.466,-3.801,17.711,0.0791,0.0,0.0
ASP,29,N,433,21.985,-5.648,14.455,-0.5163,0.0,0.0
ASP,29,CA,434,20.789,-6.353,14.032,0.0381,0.0,0.0
ASP,29,C,435,19.595,-5.742,14.782,0.5366,0.0,0.0
ASP,29,O,436,19.359,-4.537,14.677,-0.5819,0.0,0.0
ASP,29,CB,437,20.912,-7.853,14.332,-0.0303,0.0,0.0
ASP,29,CG,438,22.084,-8.45,13.555,0.7994,0.0,0.0
ASP,29,OD1,439,22.297,-8.004,12.45,-0.8014,0.0,0.0
ASP,29,OD2,440,22.745,-9.33,14.062,-0.8014,0.0,0.0
ASP,29,H,441,22.575,-5.221,13.757,0.2936,0.0,0.0
ASP,29,HA,442,20.66,-6.23,12.956,0.088,0.0,0.0
ASP,29,1HB,443,21.06,-8.02,15.396,-0.0122,0.0,0.0
ASP,29,2HB,444,19.987,-8.363,14.06,-0.0122,0.0,0.0
ASP,30,N,445,18.84,-6.55,15.519,-0.5163,0.0,0.0
ASP,30,CA,446,17.663,-6.043,16.23,0.0381,0.0,0.0
ASP,30,C,447,17.897,-5.819,17.727,0.5366,0.0,0.0
ASP,30,O,448,16.937,-5.682,18.488,-0.5819,0.0,0.0
ASP,30,CB,449,16.499,-7.017,16.04,-0.0303,0.0,0.0
ASP,30,CG,450,16.035,-7.045,14.595,0.7994,0.0,0.0
ASP,30,OD1,451,16.34,-6.114,13.886,-0.8014,0.0,0.0
ASP,30,OD2,452,15.388,-7.977,14.202,-0.8014,0.0,0.0
ASP,30,H,453,19.069,-7.531,15.582,0.2936,0.0,0.0
ASP,30,HA,454,17.401,-5.072,15.808,0.088,0.0,0.0
ASP,30,1HB,455,16.8,-8.013,16.339,-0.0122,0.0,0.0
ASP,30,2HB,456,15.67,-6.726,16.68,-0.0122,0.0,0.0
THR,31,N,457,19.158,-5.837,18.16,-0.4157,0.0,0.0
THR,31,CA,458,19.511,-5.609,19.562,-0.0389,0.0,0.0
THR,31,C,459,20.179,-4.264,19.829,0.5973,0.0,0.0
THR,31,O,460,21.068,-3.843,19.097,-0.5679,0.0,0.0
THR,31,CB,461,20.439,-6.723,20.103,0.3654,0.0,0.0
THR,31,CG2,462,20.853,-6.421,21.54,-0.2438,0.0,0.0
THR,31,OG1,463,19.763,-7.981,20.064,-0.6761,0.0,0.0
THR,31,H,464,19.908,-5.916,17.49,0.2719,0.0,0.0
THR,31,HA,465,18.587,-5.599,20.142,0.1007,0.0,0.0
THR,31,HB,466,21.321,-6.786,19.484,0.0043,0.0,0.0
THR,31,HG1,467,19.783,-8.342,19.184,0.4102,0.0,0.0
THR,31,1HG2,468,21.506,-7.214,21.904,0.0642,0.0,0.0
THR,31,2HG2,469,21.383,-5.474,21.579,0.0642,0.0,0.0
THR,31,3HG2,470,19.972,-6.365,22.159,0.0642,0.0,0.0
GLN,32,N,471,19.593,-3.49,20.744,-0.4157,0.0,0.0
GLN,32,CA,472,20.121,-2.174,21.096,-0.0031,0.0,0.0
GLN,32,C,473,21.302,-2.297,22.041,0.5973,0.0,0.0
GLN,32,O,474,21.21,-2.965,23.07,-0.5679,0.0,0.0
GLN,32,CB,475,19.033,-1.314,21.738,-0.0036,0.0,0.0
GLN,32,CG,476,19.455,0.111,22.022,-0.0645,0.0,0.0
GLN,32,CD,477,18.305,0.955,22.57,0.6951,0.0,0.0
GLN,32,NE2,478,18.63,2.097,23.163,-0.9407,0.0,0.0
GLN,32,OE1,479,17.135,0.577,22.458,-0.6086,0.0,0.0
GLN,32,H,480,18.795,-3.845,21.249,0.2719,0.0,0.0
GLN,32,HA,481,20.454,-1.673,20.189,0.085,0.0,0.0
GLN,32,1HB,482,18.17,-1.28,21.094,0.0171,0.0,0.0
GLN,32,2HB,483,18.72,-1.766,22.678,0.0171,0.0,0.0
GLN,32,1HG,484,20.256,0.104,22.76,0.0352,0.0,0.0
GLN,32,2HG,485,19.804,0.561,21.098,0.0352,0.0,0.0
GLN,32,1HE2,486,17.915,2.688,23.539,0.4251,0.0,0.0
GLN,32,2HE2,487,19.59,2.37,23.234,0.4251,0.0,0.0
PHE,33,N,488,22.403,-1.641,21.704,-0.4157,0.0,0.0
PHE,33,CA,489,23.602,-1.653,22.525,-0.0024,0.0,0.0
PHE,33,C,490,23.97,-0.361,23.22,0.5973,0.0,0.0
PHE,33,O,491,24.395,-0.39,24.368,-0.5679,0.0,0.0
PHE,33,CB,492,24.817,-2.072,21.709,-0.0343,0.0,0.0
PHE,33,CG,493,24.708,-3.467,21.325,0.0118,0.0,0.0
PHE,33,CD1,494,23.839,-3.852,20.375,-0.1256,0.0,0.0
PHE,33,CD2,495,25.493,-4.43,21.925,-0.1256,0.0,0.0
PHE,33,CE1,496,23.748,-5.155,20.028,-0.1704,0.0,0.0
PHE,33,CE2,497,25.407,-5.723,21.581,-0.1704,0.0,0.0
PHE,33,CZ,498,24.537,-6.086,20.636,-0.1072,0.0,0.0
PHE,33,H,499,22.41,-1.096,20.856,0.2719,0.0,0.0
PHE,33,HA,500,23.448,-2.383,23.316,0.0978,0.0,0.0
PHE,33,1HB,501,24.896,-1.446,20.818,0.0295,0.0,0.0
PHE,33,2HB,502,25.707,-1.917,22.29,0.0295,0.0,0.0
PHE,33,HD1,503,23.215,-3.104,19.897,0.133,0.0,0.0
PHE,33,HD2,504,26.179,-4.13,22.673,0.133,0.0,0.0
PHE,33,HE1,505,23.049,-5.461,19.265,0.143,0.0,0.0
PHE,33,HE2,506,26.031,-6.469,22.061,0.143,0.0,0.0
PHE,33,HZ,507,24.464,-7.104,20.362,0.1297,0.0,0.0
VAL,34,N,508,23.904,0.774,22.544,-0.4157,0.0,0.0
VAL,34,CA,509,24.396,1.961,23.243,-0.0875,0.0,0.0
VAL,34,C,510,23.516,3.196,23.04,0.5973,0.0,0.0
VAL,34,O,511,23.0,3.429,21.954,-0.5679,0.0,0.0
VAL,34,CB,512,25.812,2.234,22.732,0.2985,0.0,0.0
VAL,34,CG1,513,25.757,2.605,21.274,-0.3192,0.0,0.0
VAL,34,CG2,514,26.432,3.295,23.53,-0.3192,0.0,0.0
VAL,34,H,515,23.529,0.799,21.597,0.2719,0.0,0.0
VAL,34,HA,516,24.394,1.753,24.311,0.0969,0.0,0.0
VAL,34,HB,517,26.404,1.336,22.812,-0.0297,0.0,0.0
VAL,34,1HG1,518,26.764,2.801,20.909,0.0791,0.0,0.0
VAL,34,2HG1,519,25.318,1.784,20.713,0.0791,0.0,0.0
VAL,34,3HG1,520,25.147,3.502,21.152,0.0791,0.0,0.0
VAL,34,1HG2,521,27.44,3.483,23.161,0.0791,0.0,0.0
VAL,34,2HG2,522,25.858,4.175,23.451,0.0791,0.0,0.0
VAL,34,3HG2,523,26.477,2.985,24.556,0.0791,0.0,0.0
ARG,35,N,524,23.44,4.076,24.058,-0.3479,0.0,0.0
ARG,35,CA,525,22.658,5.307,23.909,-0.2637,0.0,0.0
ARG,35,C,526,23.233,6.565,24.592,0.7341,0.0,0.0
ARG,35,O,527,23.782,6.525,25.69,-0.5894,0.0,0.0
ARG,35,CB,528,21.246,5.121,24.442,-0.0007,0.0,0.0
ARG,35,CG,529,20.361,6.369,24.314,0.039,0.0,0.0
ARG,35,CD,530,18.946,6.089,24.618,0.0486,0.0,0.0
ARG,35,NE,531,18.129,7.288,24.479,-0.5295,0.0,0.0
ARG,35,CZ,532,16.803,7.343,24.69,0.8076,0.0,0.0
ARG,35,NH1,533,16.148,6.262,25.051,-0.8627,0.0,0.0
ARG,35,NH2,534,16.157,8.484,24.535,-0.8627,0.0,0.0
ARG,35,H,535,23.892,3.858,24.936,0.2747,0.0,0.0
ARG,35,HA,536,22.626,5.536,22.854,0.156,0.0,0.0
ARG,35,1HB,537,20.758,4.305,23.909,0.0327,0.0,0.0
ARG,35,2HB,538,21.288,4.843,25.494,0.0327,0.0,0.0
ARG,35,1HG,539,20.706,7.136,25.007,0.0285,0.0,0.0
ARG,35,2HG,540,20.409,6.758,23.303,0.0285,0.0,0.0
ARG,35,1HD,541,18.568,5.331,23.932,0.0687,0.0,0.0
ARG,35,2HD,542,18.856,5.727,25.643,0.0687,0.0,0.0
ARG,35,HE,543,18.595,8.142,24.202,0.3456,0.0,0.0
ARG,35,1HH1,544,16.642,5.389,25.17,0.4478,0.0,0.0
ARG,35,2HH1,545,15.152,6.304,25.211,0.4478,0.0,0.0
ARG,35,1HH2,546,16.66,9.316,24.256,0.4478,0.0,0.0
ARG,35,2HH2,547,15.161,8.526,24.694,0.4478,0.0,0.0
PHE,36,N,548,23.128,7.687,23.869,-0.4157,0.0,0.0
PHE,36,CA,549,23.575,9.018,24.295,-0.0024,0.0,0.0
PHE,36,C,550,22.439,10.019,24.206,0.5973,0.0,0.0
PHE,36,O,551,21.829,10.19,23.16,-0.5679,0.0,0.0
PHE,36,CB,552,24.738,9.513,23.453,-0.0343,0.0,0.0
PHE,36,CG,553,25.257,10.889,23.82,0.0118,0.0,0.0
PHE,36,CD1,554,26.391,11.051,24.609,-0.1256,0.0,0.0
PHE,36,CD2,555,24.597,12.03,23.368,-0.1256,0.0,0.0
PHE,36,CE1,556,26.85,12.317,24.933,-0.1704,0.0,0.0
PHE,36,CE2,557,25.056,13.291,23.692,-0.1704,0.0,0.0
PHE,36,CZ,558,26.181,13.433,24.474,-0.1072,0.0,0.0
PHE,36,H,559,22.79,7.597,22.922,0.2719,0.0,0.0
PHE,36,HA,560,23.878,8.968,25.342,0.0978,0.0,0.0
PHE,36,1HB,561,25.542,8.831,23.542,0.0295,0.0,0.0
PHE,36,2HB,562,24.447,9.543,22.423,0.0295,0.0,0.0
PHE,36,HD1,563,26.916,10.174,24.968,0.133,0.0,0.0
PHE,36,HD2,564,23.704,11.919,22.747,0.133,0.0,0.0
PHE,36,HE1,565,27.737,12.434,25.551,0.143,0.0,0.0
PHE,36,HE2,566,24.531,14.173,23.331,0.143,0.0,0.0
PHE,36,HZ,567,26.539,14.427,24.73,0.1297,0.0,0.0
ASP,37,N,568,22.116,10.653,25.324,-0.5163,0.0,0.0
ASP,37,CA,569,21.016,11.609,25.353,0.0381,0.0,0.0
ASP,37,C,570,21.466,12.936,25.954,0.5366,0.0,0.0
ASP,37,O,571,21.611,13.046,27.17,-0.5819,0.0,0.0
ASP,37,CB,572,19.847,11.029,26.147,-0.0303,0.0,0.0
ASP,37,CG,573,18.592,11.882,26.125,0.7994,0.0,0.0
ASP,37,OD1,574,18.624,12.993,25.634,-0.8014,0.0,0.0
ASP,37,OD2,575,17.599,11.4,26.61,-0.8014,0.0,0.0
ASP,37,H,576,22.649,10.485,26.165,0.2936,0.0,0.0
ASP,37,HA,577,20.677,11.789,24.333,0.088,0.0,0.0
ASP,37,1HB,578,19.595,10.042,25.747,-0.0122,0.0,0.0
ASP,37,2HB,579,20.149,10.897,27.186,-0.0122,0.0,0.0
SER,38,N,580,21.531,13.974,25.117,-0.4157,0.0,0.0
SER,38,CA,581,22.02,15.292,25.52,-0.0249,0.0,0.0
SER,38,C,582,21.198,15.937,26.639,0.5973,0.0,0.0
SER,38,O,583,21.68,16.846,27.315,-0.5679,0.0,0.0
SER,38,CB,584,22.035,16.233,24.343,0.2117,0.0,0.0
SER,38,OG,585,20.723,16.565,23.983,-0.6546,0.0,0.0
SER,38,H,586,21.38,13.812,24.131,0.2719,0.0,0.0
SER,38,HA,587,23.037,15.175,25.891,0.0843,0.0,0.0
SER,38,1HB,588,22.593,17.133,24.596,0.0352,0.0,0.0
SER,38,2HB,589,22.546,15.762,23.506,0.0352,0.0,0.0
SER,38,HG,590,20.335,16.985,24.754,0.4275,0.0,0.0
ASP,39,N,591,19.954,15.477,26.832,-0.5163,0.0,0.0
ASP,39,CA,592,19.072,16.048,27.852,0.0381,0.0,0.0
ASP,39,C,593,19.544,15.74,29.274,0.5366,0.0,0.0
ASP,39,O,594,19.101,16.371,30.234,-0.5819,0.0,0.0
ASP,39,CB,595,17.641,15.54,27.681,-0.0303,0.0,0.0
ASP,39,CG,596,16.618,16.394,28.433,0.7994,0.0,0.0
ASP,39,OD1,597,16.579,17.581,28.204,-0.8014,0.0,0.0
ASP,39,OD2,598,15.887,15.852,29.229,-0.8014,0.0,0.0
ASP,39,H,599,19.598,14.724,26.251,0.2936,0.0,0.0
ASP,39,HA,600,19.077,17.132,27.737,0.088,0.0,0.0
ASP,39,1HB,601,17.383,15.532,26.625,-0.0122,0.0,0.0
ASP,39,2HB,602,17.574,14.513,28.043,-0.0122,0.0,0.0
ALA,40,N,603,20.457,14.781,29.394,-0.4157,0.0,0.0
ALA,40,CA,604,20.981,14.341,30.678,0.0337,0.0,0.0
ALA,40,C,605,21.719,15.458,31.393,0.5973,0.0,0.0
ALA,40,O,606,22.224,16.383,30.759,-0.5679,0.0,0.0
ALA,40,CB,607,21.872,13.13,30.49,-0.1825,0.0,0.0
ALA,40,H,608,20.741,14.268,28.57,0.2719,0.0,0.0
ALA,40,HA,609,20.129,14.07,31.301,0.0823,0.0,0.0
ALA,40,1HB,610,22.209,12.769,31.462,0.0603,0.0,0.0
ALA,40,2HB,611,21.314,12.34,29.986,0.0603,0.0,0.0
ALA,40,3HB,612,22.721,13.412,29.893,0.0603,0.0,0.0
ALA,41,N,613,21.761,15.381,32.725,-0.4157,0.0,0.0
ALA,41,CA,614,22.523,16.347,33.507,0.0337,0.0,0.0
ALA,41,C,615,24.0,16.177,33.171,0.5973,0.0,0.0
ALA,41,O,616,24.773,17.134,33.184,-0.5679,0.0,0.0
ALA,41,CB,617,22.275,16.145,34.993,-0.1825,0.0,0.0
ALA,41,H,618,21.287,14.625,33.198,0.2719,0.0,0.0
ALA,41,HA,619,22.212,17.36,33.252,0.0823,0.0,0.0
ALA,41,1HB,620,22.888,16.844,35.561,0.0603,0.0,0.0
ALA,41,2HB,621,21.223,16.322,35.213,0.0603,0.0,0.0
ALA,41,3HB,622,22.537,15.124,35.267,0.0603,0.0,0.0
SER,42,N,623,24.379,14.928,32.889,-0.4157,0.0,0.0
SER,42,CA,624,25.743,14.54,32.546,-0.0249,0.0,0.0
SER,42,C,625,25.746,13.558,31.366,0.5973,0.0,0.0
SER,42,O,626,25.899,12.356,31.583,-0.5679,0.0,0.0
SER,42,CB,627,26.42,13.913,33.747,0.2117,0.0,0.0
SER,42,OG,628,27.769,13.644,33.479,-0.6546,0.0,0.0
SER,42,H,629,23.675,14.204,32.917,0.2719,0.0,0.0
SER,42,HA,630,26.301,15.436,32.273,0.0843,0.0,0.0
SER,42,1HB,631,26.343,14.588,34.6,0.0352,0.0,0.0
SER,42,2HB,632,25.908,12.99,34.011,0.0352,0.0,0.0
SER,42,HG,633,27.775,13.038,32.735,0.4275,0.0,0.0
PRO,43,N,634,25.563,14.031,30.119,-0.2548,0.0,0.0
PRO,43,CA,635,25.5,13.247,28.9,-0.0266,0.0,0.0
PRO,43,C,636,26.717,12.36,28.713,0.5896,0.0,0.0
PRO,43,O,637,27.857,12.806,28.844,-0.5748,0.0,0.0
PRO,43,CB,638,25.425,14.326,27.816,-0.007,0.0,0.0
PRO,43,CG,639,24.761,15.482,28.502,0.0189,0.0,0.0
PRO,43,CD,640,25.329,15.469,29.893,0.0192,0.0,0.0
PRO,43,HA,641,24.591,12.63,28.904,0.0641,0.0,0.0
PRO,43,1HB,642,26.435,14.565,27.453,0.0253,0.0,0.0
PRO,43,2HB,643,24.853,13.951,26.958,0.0253,0.0,0.0
PRO,43,1HG,644,24.978,16.416,27.967,0.0213,0.0,0.0
PRO,43,2HG,645,23.668,15.354,28.489,0.0213,0.0,0.0
PRO,43,1HD,646,26.265,16.044,29.921,0.0391,0.0,0.0
PRO,43,2HD,647,24.613,15.884,30.557,0.0391,0.0,0.0
ARG,44,N,648,26.458,11.097,28.404,-0.3479,0.0,0.0
ARG,44,CA,649,27.508,10.115,28.196,-0.2637,0.0,0.0
ARG,44,C,650,26.964,8.925,27.417,0.7341,0.0,0.0
ARG,44,O,651,25.761,8.668,27.438,-0.5894,0.0,0.0
ARG,44,CB,652,28.068,9.651,29.529,-0.0007,0.0,0.0
ARG,44,CG,653,27.08,8.901,30.384,0.039,0.0,0.0
ARG,44,CD,654,27.645,8.529,31.699,0.0486,0.0,0.0
ARG,44,NE,655,26.691,7.779,32.506,-0.5295,0.0,0.0
ARG,44,CZ,656,26.955,7.28,33.731,0.8076,0.0,0.0
ARG,44,NH1,657,28.141,7.46,34.272,-0.8627,0.0,0.0
ARG,44,NH2,658,26.025,6.61,34.389,-0.8627,0.0,0.0
ARG,44,H,659,25.495,10.808,28.312,0.2747,0.0,0.0
ARG,44,HA,660,28.306,10.579,27.638,0.156,0.0,0.0
ARG,44,1HB,661,28.926,9.002,29.355,0.0327,0.0,0.0
ARG,44,2HB,662,28.42,10.51,30.099,0.0327,0.0,0.0
ARG,44,1HG,663,26.202,9.525,30.558,0.0285,0.0,0.0
ARG,44,2HG,664,26.789,7.997,29.871,0.0285,0.0,0.0
ARG,44,1HD,665,28.53,7.912,31.551,0.0687,0.0,0.0
ARG,44,2HD,666,27.918,9.433,32.243,0.0687,0.0,0.0
ARG,44,HE,667,25.763,7.618,32.122,0.3456,0.0,0.0
ARG,44,1HH1,668,28.853,7.971,33.77,0.4478,0.0,0.0
ARG,44,2HH1,669,28.339,7.086,35.189,0.4478,0.0,0.0
ARG,44,1HH2,670,25.113,6.472,33.973,0.4478,0.0,0.0
ARG,44,2HH2,671,26.225,6.238,35.305,0.4478,0.0,0.0
GLU,45,N,672,27.852,8.175,26.77,-0.5163,0.0,0.0
GLU,45,CA,673,27.438,6.944,26.102,0.0397,0.0,0.0
GLU,45,C,674,27.232,5.826,27.125,0.5366,0.0,0.0
GLU,45,O,675,28.168,5.438,27.824,-0.5819,0.0,0.0
GLU,45,CB,676,28.489,6.548,25.069,0.056,0.0,0.0
GLU,45,CG,677,28.512,7.412,23.822,0.0136,0.0,0.0
GLU,45,CD,678,27.411,7.109,22.879,0.8054,0.0,0.0
GLU,45,OE1,679,26.831,6.1,23.027,-0.8188,0.0,0.0
GLU,45,OE2,680,27.138,7.882,22.004,-0.8188,0.0,0.0
GLU,45,H,681,28.837,8.428,26.766,0.2936,0.0,0.0
GLU,45,HA,682,26.484,7.122,25.602,0.1105,0.0,0.0
GLU,45,1HB,683,29.482,6.594,25.52,-0.0173,0.0,0.0
GLU,45,2HB,684,28.32,5.519,24.756,-0.0173,0.0,0.0
GLU,45,1HG,685,28.442,8.452,24.113,-0.0425,0.0,0.0
GLU,45,2HG,686,29.436,7.275,23.328,-0.0425,0.0,0.0
GLU,46,N,687,26.001,5.316,27.211,-0.5163,0.0,0.0
GLU,46,CA,688,25.657,4.294,28.193,0.0397,0.0,0.0
GLU,46,C,689,25.325,2.949,27.547,0.5366,0.0,0.0
GLU,46,O,690,24.783,2.901,26.448,-0.5819,0.0,0.0
GLU,46,CB,691,24.472,4.743,29.049,0.056,0.0,0.0
GLU,46,CG,692,24.736,5.914,29.922,0.0136,0.0,0.0
GLU,46,CD,693,23.55,6.293,30.762,0.8054,0.0,0.0
GLU,46,OE1,694,22.491,5.718,30.591,-0.8188,0.0,0.0
GLU,46,OE2,695,23.702,7.166,31.585,-0.8188,0.0,0.0
GLU,46,H,696,25.276,5.67,26.608,0.2936,0.0,0.0
GLU,46,HA,697,26.53,4.15,28.816,0.1105,0.0,0.0
GLU,46,1HB,698,23.636,4.997,28.397,-0.0173,0.0,0.0
GLU,46,2HB,699,24.155,3.926,29.687,-0.0173,0.0,0.0
GLU,46,1HG,700,25.574,5.684,30.58,-0.0425,0.0,0.0
GLU,46,2HG,701,25.019,6.752,29.297,-0.0425,0.0,0.0
PRO,47,N,702,25.688,1.825,28.182,-0.2548,0.0,0.0
PRO,47,CA,703,25.407,0.484,27.725,-0.0266,0.0,0.0
PRO,47,C,704,23.924,0.154,27.834,0.5896,0.0,0.0
PRO,47,O,705,23.247,0.568,28.776,-0.5748,0.0,0.0
PRO,47,CB,706,26.241,-0.372,28.683,-0.007,0.0,0.0
PRO,47,CG,707,26.373,0.456,29.935,0.0189,0.0,0.0
PRO,47,CD,708,26.423,1.883,29.465,0.0192,0.0,0.0
PRO,47,HA,709,25.753,0.373,26.69,0.0641,0.0,0.0
PRO,47,1HB,710,25.728,-1.326,28.858,0.0253,0.0,0.0
PRO,47,2HB,711,27.205,-0.607,28.25,0.0253,0.0,0.0
PRO,47,1HG,712,25.521,0.266,30.603,0.0213,0.0,0.0
PRO,47,2HG,713,27.281,0.167,30.485,0.0213,0.0,0.0
PRO,47,1HD,714,25.92,2.515,30.207,0.0391,0.0,0.0
PRO,47,2HD,715,27.471,2.196,29.328,0.0391,0.0,0.0
ARG,48,N,716,23.434,-0.598,26.86,-0.3479,0.0,0.0
ARG,48,CA,717,22.065,-1.09,26.822,-0.2637,0.0,0.0
ARG,48,C,718,22.068,-2.593,26.564,0.7341,0.0,0.0
ARG,48,O,719,21.013,-3.2,26.374,-0.5894,0.0,0.0
ARG,48,CB,720,21.257,-0.37,25.749,-0.0007,0.0,0.0
ARG,48,CG,721,21.046,1.127,25.995,0.039,0.0,0.0
ARG,48,CD,722,20.137,1.357,27.149,0.0486,0.0,0.0
ARG,48,NE,723,19.898,2.772,27.401,-0.5295,0.0,0.0
ARG,48,CZ,724,20.622,3.544,28.238,0.8076,0.0,0.0
ARG,48,NH1,725,21.63,3.06,28.91,-0.8627,0.0,0.0
ARG,48,NH2,726,20.326,4.817,28.4,-0.8627,0.0,0.0
ARG,48,H,727,24.065,-0.932,26.15,0.2747,0.0,0.0
ARG,48,HA,728,21.598,-0.912,27.79,0.156,0.0,0.0
ARG,48,1HB,729,21.74,-0.47,24.794,0.0327,0.0,0.0
ARG,48,2HB,730,20.272,-0.828,25.661,0.0327,0.0,0.0
ARG,48,1HG,731,22.004,1.605,26.21,0.0285,0.0,0.0
ARG,48,2HG,732,20.606,1.585,25.113,0.0285,0.0,0.0
ARG,48,1HD,733,19.177,0.884,26.947,0.0687,0.0,0.0
ARG,48,2HD,734,20.58,0.925,28.045,0.0687,0.0,0.0
ARG,48,HE,735,19.129,3.209,26.911,0.3456,0.0,0.0
ARG,48,1HH1,736,21.903,2.086,28.825,0.4478,0.0,0.0
ARG,48,2HH1,737,22.141,3.687,29.527,0.4478,0.0,0.0
ARG,48,1HH2,738,19.552,5.233,27.898,0.4478,0.0,0.0
ARG,48,2HH2,739,20.892,5.37,29.037,0.4478,0.0,0.0
ALA,49,N,740,23.266,-3.176,26.559,-0.4157,0.0,0.0
ALA,49,CA,741,23.459,-4.599,26.302,0.0337,0.0,0.0
ALA,49,C,742,24.6,-5.07,27.214,0.5973,0.0,0.0
ALA,49,O,743,25.715,-4.573,27.118,-0.5679,0.0,0.0
ALA,49,CB,744,23.819,-4.844,24.851,-0.1825,0.0,0.0
ALA,49,H,745,24.077,-2.61,26.761,0.2719,0.0,0.0
ALA,49,HA,746,22.556,-5.154,26.505,0.0823,0.0,0.0
ALA,49,1HB,747,24.079,-5.894,24.711,0.0603,0.0,0.0
ALA,49,2HB,748,22.967,-4.595,24.221,0.0603,0.0,0.0
ALA,49,3HB,749,24.665,-4.221,24.585,0.0603,0.0,0.0
PRO,50,N,750,24.433,-6.177,27.946,-0.2548,0.0,0.0
PRO,50,CA,751,25.458,-6.821,28.736,-0.0266,0.0,0.0
PRO,50,C,752,26.735,-7.08,27.959,0.5896,0.0,0.0
PRO,50,O,753,27.836,-6.824,28.441,-0.5748,0.0,0.0
PRO,50,CB,754,24.774,-8.134,29.125,-0.007,0.0,0.0
PRO,50,CG,755,23.314,-7.747,29.231,0.0189,0.0,0.0
PRO,50,CD,756,23.091,-6.763,28.115,0.0192,0.0,0.0
PRO,50,HA,757,25.673,-6.201,29.617,0.0641,0.0,0.0
PRO,50,1HB,758,24.966,-8.902,28.359,0.0253,0.0,0.0
PRO,50,2HB,759,25.193,-8.511,30.07,0.0253,0.0,0.0
PRO,50,1HG,760,22.677,-8.638,29.136,0.0213,0.0,0.0
PRO,50,2HG,761,23.109,-7.312,30.22,0.0213,0.0,0.0
PRO,50,1HD,762,22.763,-7.3,27.209,0.0391,0.0,0.0
PRO,50,2HD,763,22.336,-6.032,28.436,0.0391,0.0,0.0
TRP,51,N,764,26.583,-7.317,26.669,-0.4157,0.0,0.0
TRP,51,CA,765,27.721,-7.611,25.83,-0.0275,0.0,0.0
TRP,51,C,766,28.633,-6.398,25.614,0.5973,0.0,0.0
TRP,51,O,767,29.841,-6.565,25.451,-0.5679,0.0,0.0
TRP,51,CB,768,27.21,-8.116,24.5,-0.005,0.0,0.0
TRP,51,CG,769,26.506,-9.4,24.693,-0.1415,0.0,0.0
TRP,51,CD1,770,25.22,-9.691,24.341,-0.1638,0.0,0.0
TRP,51,CD2,771,27.047,-10.591,25.29,0.1243,0.0,0.0
TRP,51,CE2,772,26.033,-11.554,25.263,0.138,0.0,0.0
TRP,51,CE3,773,28.291,-10.919,25.839,-0.2387,0.0,0.0
TRP,51,NE1,774,24.925,-10.989,24.683,-0.3418,0.0,0.0
TRP,51,CZ2,775,26.223,-12.819,25.765,-0.2601,0.0,0.0
TRP,51,CZ3,776,28.48,-12.197,26.343,-0.1972,0.0,0.0
TRP,51,CH2,777,27.47,-13.124,26.305,-0.1134,0.0,0.0
TRP,51,H,778,25.652,-7.441,26.295,0.2719,0.0,0.0
TRP,51,HA,779,28.307,-8.395,26.308,0.1123,0.0,0.0
TRP,51,1HB,780,26.54,-7.382,24.064,0.0339,0.0,0.0
TRP,51,2HB,781,28.045,-8.244,23.809,0.0339,0.0,0.0
TRP,51,HD1,782,24.532,-8.998,23.86,0.2062,0.0,0.0
TRP,51,HE1,783,24.041,-11.456,24.535,0.3412,0.0,0.0
TRP,51,HE3,784,29.097,-10.184,25.867,0.17,0.0,0.0
TRP,51,HZ2,785,25.433,-13.565,25.744,0.1572,0.0,0.0
TRP,51,HZ3,786,29.452,-12.446,26.769,0.1447,0.0,0.0
TRP,51,HH2,787,27.65,-14.121,26.709,0.1417,0.0,0.0
ILE,52,N,788,28.061,-5.184,25.556,-0.4157,0.0,0.0
ILE,52,CA,789,28.859,-3.979,25.317,-0.0597,0.0,0.0
ILE,52,C,790,29.497,-3.496,26.61,0.5973,0.0,0.0
ILE,52,O,791,30.524,-2.828,26.581,-0.5679,0.0,0.0
ILE,52,CB,792,28.069,-2.793,24.709,0.1303,0.0,0.0
ILE,52,CG1,793,29.028,-1.811,24.077,-0.043,0.0,0.0
ILE,52,CG2,794,27.213,-2.079,25.693,-0.3204,0.0,0.0
ILE,52,CD1,795,28.339,-0.785,23.239,-0.066,0.0,0.0
ILE,52,H,796,27.061,-5.104,25.667,0.2719,0.0,0.0
ILE,52,HA,797,29.666,-4.23,24.631,0.0869,0.0,0.0
ILE,52,HB,798,27.44,-3.152,23.945,0.0187,0.0,0.0
ILE,52,1HG1,799,29.59,-1.309,24.862,0.0236,0.0,0.0
ILE,52,2HG1,800,29.737,-2.357,23.455,0.0236,0.0,0.0
ILE,52,1HG2,801,26.694,-1.265,25.197,0.0882,0.0,0.0
ILE,52,2HG2,802,26.511,-2.732,26.103,0.0882,0.0,0.0
ILE,52,3HG2,803,27.833,-1.689,26.474,0.0882,0.0,0.0
ILE,52,1HD1,804,29.056,-0.122,22.82,0.0186,0.0,0.0
ILE,52,2HD1,805,27.797,-1.276,22.444,0.0186,0.0,0.0
ILE,52,3HD1,806,27.647,-0.222,23.859,0.0186,0.0,0.0
GLU,53,N,807,28.904,-3.863,27.756,-0.5163,0.0,0.0
GLU,53,CA,808,29.445,-3.479,29.064,0.0397,0.0,0.0
GLU,53,C,809,30.88,-3.957,29.265,0.5366,0.0,0.0
GLU,53,O,810,31.61,-3.416,30.097,-0.5819,0.0,0.0
GLU,53,CB,811,28.585,-4.022,30.209,0.056,0.0,0.0
GLU,53,CG,812,27.217,-3.393,30.338,0.0136,0.0,0.0
GLU,53,CD,813,26.405,-3.979,31.463,0.8054,0.0,0.0
GLU,53,OE1,814,26.862,-4.915,32.076,-0.8188,0.0,0.0
GLU,53,OE2,815,25.327,-3.492,31.709,-0.8188,0.0,0.0
GLU,53,H,816,28.111,-4.494,27.715,0.2936,0.0,0.0
GLU,53,HA,817,29.462,-2.39,29.121,0.1105,0.0,0.0
GLU,53,1HB,818,28.44,-5.088,30.08,-0.0173,0.0,0.0
GLU,53,2HB,819,29.104,-3.875,31.154,-0.0173,0.0,0.0
GLU,53,1HG,820,27.341,-2.33,30.51,-0.0425,0.0,0.0
GLU,53,2HG,821,26.681,-3.525,29.399,-0.0425,0.0,0.0
GLN,54,N,822,31.273,-4.982,28.518,-0.4157,0.0,0.0
GLN,54,CA,823,32.599,-5.569,28.6,-0.0031,0.0,0.0
GLN,54,C,824,33.696,-4.615,28.114,0.5973,0.0,0.0
GLN,54,O,825,34.881,-4.842,28.365,-0.5679,0.0,0.0
GLN,54,CB,826,32.618,-6.862,27.778,-0.0036,0.0,0.0
GLN,54,CG,827,31.747,-7.973,28.341,-0.0645,0.0,0.0
GLN,54,CD,828,31.759,-9.223,27.468,0.6951,0.0,0.0
GLN,54,NE2,829,31.548,-10.378,28.087,-0.9407,0.0,0.0
GLN,54,OE1,830,31.957,-9.146,26.252,-0.6086,0.0,0.0
GLN,54,H,831,30.62,-5.379,27.858,0.2719,0.0,0.0
GLN,54,HA,832,32.803,-5.813,29.641,0.085,0.0,0.0
GLN,54,1HB,833,32.281,-6.65,26.762,0.0171,0.0,0.0
GLN,54,2HB,834,33.64,-7.236,27.714,0.0171,0.0,0.0
GLN,54,1HG,835,32.114,-8.244,29.329,0.0352,0.0,0.0
GLN,54,2HG,836,30.717,-7.612,28.409,0.0352,0.0,0.0
GLN,54,1HE2,837,31.545,-11.233,27.566,0.4251,0.0,0.0
GLN,54,2HE2,838,31.392,-10.396,29.075,0.4251,0.0,0.0
GLU,55,N,839,33.304,-3.586,27.358,-0.5163,0.0,0.0
GLU,55,CA,840,34.23,-2.609,26.798,0.0397,0.0,0.0
GLU,55,C,841,34.829,-1.717,27.883,0.5366,0.0,0.0
GLU,55,O,842,34.12,-1.224,28.765,-0.5819,0.0,0.0
GLU,55,CB,843,33.523,-1.749,25.754,0.056,0.0,0.0
GLU,55,CG,844,33.078,-2.489,24.49,0.0136,0.0,0.0
GLU,55,CD,845,34.229,-2.899,23.601,0.8054,0.0,0.0
GLU,55,OE1,846,35.301,-2.366,23.761,-0.8188,0.0,0.0
GLU,55,OE2,847,34.031,-3.745,22.761,-0.8188,0.0,0.0
GLU,55,H,848,32.319,-3.452,27.19,0.2936,0.0,0.0
GLU,55,HA,849,35.058,-3.143,26.332,0.1105,0.0,0.0
GLU,55,1HB,850,32.636,-1.295,26.195,-0.0173,0.0,0.0
GLU,55,2HB,851,34.178,-0.964,25.46,-0.0173,0.0,0.0
GLU,55,1HG,852,32.528,-3.385,24.783,-0.0425,0.0,0.0
GLU,55,2HG,853,32.402,-1.848,23.926,-0.0425,0.0,0.0
GLY,56,N,854,36.148,-1.535,27.828,-0.4157,0.0,0.0
GLY,56,CA,855,36.846,-0.719,28.815,-0.0252,0.0,0.0
GLY,56,C,856,36.518,0.772,28.658,0.5973,0.0,0.0
GLY,56,O,857,35.913,1.168,27.664,-0.5679,0.0,0.0
GLY,56,H,858,36.679,-1.988,27.099,0.2719,0.0,0.0
GLY,56,1HA,859,36.55,-1.072,29.796,0.0698,0.0,0.0
GLY,56,2HA,860,37.921,-0.864,28.712,0.0698,0.0,0.0
PRO,57,N,861,36.898,1.607,29.648,-0.2548,0.0,0.0
PRO,57,CA,862,36.732,3.059,29.723,-0.0266,0.0,0.0
PRO,57,C,863,37.168,3.823,28.485,0.5896,0.0,0.0
PRO,57,O,864,36.588,4.858,28.169,-0.5748,0.0,0.0
PRO,57,CB,865,37.612,3.424,30.923,-0.007,0.0,0.0
PRO,57,CG,866,37.551,2.221,31.799,0.0189,0.0,0.0
PRO,57,CD,867,37.561,1.055,30.85,0.0192,0.0,0.0
PRO,57,HA,868,35.672,3.28,29.916,0.0641,0.0,0.0
PRO,57,1HB,869,38.633,3.654,30.583,0.0253,0.0,0.0
PRO,57,2HB,870,37.224,4.329,31.413,0.0253,0.0,0.0
PRO,57,1HG,871,38.407,2.209,32.488,0.0213,0.0,0.0
PRO,57,2HG,872,36.643,2.249,32.419,0.0213,0.0,0.0
PRO,57,1HD,873,38.593,0.743,30.628,0.0391,0.0,0.0
PRO,57,2HD,874,36.997,0.251,31.324,0.0391,0.0,0.0
GLU,58,N,875,38.171,3.316,27.772,-0.5163,0.0,0.0
GLU,58,CA,876,38.681,4.003,26.59,0.0397,0.0,0.0
GLU,58,C,877,37.713,3.955,25.417,0.5366,0.0,0.0
GLU,58,O,878,37.452,4.96,24.755,-0.5819,0.0,0.0
GLU,58,CB,879,40.019,3.395,26.176,0.056,0.0,0.0
GLU,58,CG,880,41.142,3.634,27.172,0.0136,0.0,0.0
GLU,58,CD,881,42.447,3.023,26.745,0.8054,0.0,0.0
GLU,58,OE1,882,42.469,2.355,25.74,-0.8188,0.0,0.0
GLU,58,OE2,883,43.425,3.225,27.426,-0.8188,0.0,0.0
GLU,58,H,884,38.599,2.448,28.063,0.2936,0.0,0.0
GLU,58,HA,885,38.835,5.051,26.846,0.1105,0.0,0.0
GLU,58,1HB,886,39.903,2.318,26.048,-0.0173,0.0,0.0
GLU,58,2HB,887,40.325,3.808,25.216,-0.0173,0.0,0.0
GLU,58,1HG,888,41.28,4.708,27.295,-0.0425,0.0,0.0
GLU,58,2HG,889,40.85,3.219,28.137,-0.0425,0.0,0.0
TYR,59,N,890,36.912,2.896,25.382,-0.4157,0.0,0.0
TYR,59,CA,891,35.836,2.773,24.415,-0.0014,0.0,0.0
TYR,59,C,892,34.79,3.832,24.623,0.5973,0.0,0.0
TYR,59,O,893,34.496,4.635,23.741,-0.5679,0.0,0.0
TYR,59,CB,894,35.196,1.398,24.498,-0.0152,0.0,0.0
TYR,59,CG,895,33.997,1.216,23.602,-0.0011,0.0,0.0
TYR,59,CD1,896,34.151,0.924,22.262,-0.1906,0.0,0.0
TYR,59,CD2,897,32.73,1.343,24.14,-0.1906,0.0,0.0
TYR,59,CE1,898,33.037,0.762,21.458,-0.2341,0.0,0.0
TYR,59,CE2,899,31.623,1.184,23.355,-0.2341,0.0,0.0
TYR,59,CZ,900,31.769,0.892,22.011,0.3226,0.0,0.0
TYR,59,OH,901,30.655,0.731,21.219,-0.5579,0.0,0.0
TYR,59,H,902,36.95,2.225,26.136,0.2719,0.0,0.0
TYR,59,HA,903,36.263,2.842,23.413,0.0876,0.0,0.0
TYR,59,1HB,904,35.932,0.637,24.233,0.0295,0.0,0.0
TYR,59,2HB,905,34.884,1.208,25.513,0.0295,0.0,0.0
TYR,59,HD1,906,35.15,0.824,21.839,0.1699,0.0,0.0
TYR,59,HD2,907,32.622,1.571,25.191,0.1699,0.0,0.0
TYR,59,HE1,908,33.158,0.531,20.398,0.1656,0.0,0.0
TYR,59,HE2,909,30.63,1.287,23.788,0.1656,0.0,0.0
TYR,59,HH,910,30.916,0.503,20.322,0.3992,0.0,0.0
TRP,60,N,911,34.37,3.929,25.878,-0.4157,0.0,0.0
TRP,60,CA,912,33.298,4.82,26.262,-0.0275,0.0,0.0
TRP,60,C,913,33.691,6.279,26.126,0.5973,0.0,0.0
TRP,60,O,914,32.93,7.061,25.564,-0.5679,0.0,0.0
TRP,60,CB,915,32.921,4.498,27.702,-0.005,0.0,0.0
TRP,60,CG,916,32.37,3.115,27.807,-0.1415,0.0,0.0
TRP,60,CD1,917,32.959,2.046,28.41,-0.1638,0.0,0.0
TRP,60,CD2,918,31.117,2.641,27.295,0.1243,0.0,0.0
TRP,60,CE2,919,31.017,1.291,27.624,0.138,0.0,0.0
TRP,60,CE3,920,30.089,3.249,26.597,-0.2387,0.0,0.0
TRP,60,NE1,921,32.155,0.942,28.306,-0.3418,0.0,0.0
TRP,60,CZ2,922,29.92,0.533,27.272,-0.2601,0.0,0.0
TRP,60,CZ3,923,28.998,2.504,26.246,-0.1972,0.0,0.0
TRP,60,CH2,924,28.908,1.188,26.569,-0.1134,0.0,0.0
TRP,60,H,925,34.716,3.248,26.547,0.2719,0.0,0.0
TRP,60,HA,926,32.446,4.64,25.607,0.1123,0.0,0.0
TRP,60,1HB,927,33.798,4.594,28.344,0.0339,0.0,0.0
TRP,60,2HB,928,32.182,5.215,28.061,0.0339,0.0,0.0
TRP,60,HD1,929,33.922,2.068,28.9,0.2062,0.0,0.0
TRP,60,HE1,930,32.385,0.027,28.678,0.3412,0.0,0.0
TRP,60,HE3,931,30.148,4.303,26.335,0.17,0.0,0.0
TRP,60,HZ2,932,29.829,-0.522,27.521,0.1572,0.0,0.0
TRP,60,HZ3,933,28.214,2.991,25.705,0.1447,0.0,0.0
TRP,60,HH2,934,28.025,0.641,26.27,0.1417,0.0,0.0
ASP,61,N,935,34.931,6.614,26.484,-0.5163,0.0,0.0
ASP,61,CA,936,35.361,8.002,26.416,0.0381,0.0,0.0
ASP,61,C,937,35.41,8.482,24.975,0.5366,0.0,0.0
ASP,61,O,938,34.93,9.571,24.66,-0.5819,0.0,0.0
ASP,61,CB,939,36.74,8.185,27.058,-0.0303,0.0,0.0
ASP,61,CG,940,36.711,8.094,28.585,0.7994,0.0,0.0
ASP,61,OD1,941,35.641,8.145,29.145,-0.8014,0.0,0.0
ASP,61,OD2,942,37.76,7.976,29.173,-0.8014,0.0,0.0
ASP,61,H,943,35.48,5.962,27.021,0.2936,0.0,0.0
ASP,61,HA,944,34.641,8.617,26.956,0.088,0.0,0.0
ASP,61,1HB,945,37.419,7.42,26.676,-0.0122,0.0,0.0
ASP,61,2HB,946,37.145,9.156,26.776,-0.0122,0.0,0.0
ARG,62,N,947,35.915,7.62,24.091,-0.3479,0.0,0.0
ARG,62,CA,948,35.996,7.912,22.668,-0.2637,0.0,0.0
ARG,62,C,949,34.637,8.224,22.078,0.7341,0.0,0.0
ARG,62,O,950,34.419,9.31,21.54,-0.5894,0.0,0.0
ARG,62,CB,951,36.597,6.737,21.907,-0.0007,0.0,0.0
ARG,62,CG,952,36.72,6.942,20.408,0.039,0.0,0.0
ARG,62,CD,953,37.182,5.707,19.711,0.0486,0.0,0.0
ARG,62,NE,954,36.188,4.633,19.728,-0.5295,0.0,0.0
ARG,62,CZ,955,36.479,3.33,19.536,0.8076,0.0,0.0
ARG,62,NH1,956,37.721,2.96,19.316,-0.8627,0.0,0.0
ARG,62,NH2,957,35.523,2.429,19.567,-0.8627,0.0,0.0
ARG,62,H,958,36.222,6.71,24.409,0.2747,0.0,0.0
ARG,62,HA,959,36.647,8.775,22.531,0.156,0.0,0.0
ARG,62,1HB,960,37.592,6.525,22.295,0.0327,0.0,0.0
ARG,62,2HB,961,35.989,5.85,22.068,0.0327,0.0,0.0
ARG,62,1HG,962,35.749,7.221,20.001,0.0285,0.0,0.0
ARG,62,2HG,963,37.442,7.734,20.207,0.0285,0.0,0.0
ARG,62,1HD,964,37.399,5.942,18.669,0.0687,0.0,0.0
ARG,62,2HD,965,38.082,5.335,20.198,0.0687,0.0,0.0
ARG,62,HE,966,35.217,4.876,19.894,0.3456,0.0,0.0
ARG,62,1HH1,967,38.458,3.651,19.292,0.4478,0.0,0.0
ARG,62,2HH1,968,37.94,1.984,19.172,0.4478,0.0,0.0
ARG,62,1HH2,969,34.568,2.712,19.735,0.4478,0.0,0.0
ARG,62,2HH2,970,35.743,1.454,19.423,0.4478,0.0,0.0
GLU,63,N,971,33.684,7.329,22.337,-0.5163,0.0,0.0
GLU,63,CA,972,32.365,7.424,21.742,0.0397,0.0,0.0
GLU,63,C,973,31.602,8.611,22.307,0.5366,0.0,0.0
GLU,63,O,974,30.975,9.356,21.555,-0.5819,0.0,0.0
GLU,63,CB,975,31.605,6.124,21.994,0.056,0.0,0.0
GLU,63,CG,976,32.204,4.936,21.255,0.0136,0.0,0.0
GLU,63,CD,977,32.167,5.119,19.769,0.8054,0.0,0.0
GLU,63,OE1,978,31.108,5.377,19.248,-0.8188,0.0,0.0
GLU,63,OE2,979,33.194,5.0,19.15,-0.8188,0.0,0.0
GLU,63,H,980,33.958,6.445,22.747,0.2936,0.0,0.0
GLU,63,HA,981,32.474,7.582,20.672,0.1105,0.0,0.0
GLU,63,1HB,982,31.602,5.902,23.065,-0.0173,0.0,0.0
GLU,63,2HB,983,30.57,6.236,21.684,-0.0173,0.0,0.0
GLU,63,1HG,984,33.236,4.799,21.571,-0.0425,0.0,0.0
GLU,63,2HG,985,31.653,4.036,21.525,-0.0425,0.0,0.0
THR,64,N,986,31.861,8.931,23.574,-0.4157,0.0,0.0
THR,64,CA,987,31.164,10.029,24.22,-0.0389,0.0,0.0
THR,64,C,988,31.594,11.359,23.639,0.5973,0.0,0.0
THR,64,O,989,30.749,12.165,23.261,-0.5679,0.0,0.0
THR,64,CB,990,31.392,10.048,25.735,0.3654,0.0,0.0
THR,64,CG2,991,30.706,11.233,26.305,-0.2438,0.0,0.0
THR,64,OG1,992,30.865,8.834,26.332,-0.6761,0.0,0.0
THR,64,H,993,32.309,8.244,24.161,0.2719,0.0,0.0
THR,64,HA,994,30.098,9.912,24.058,0.1007,0.0,0.0
THR,64,HB,995,32.46,10.1,25.94,0.0043,0.0,0.0
THR,64,HG1,996,31.313,8.073,25.954,0.4102,0.0,0.0
THR,64,1HG2,997,30.858,11.26,27.383,0.0642,0.0,0.0
THR,64,2HG2,998,31.117,12.133,25.854,0.0642,0.0,0.0
THR,64,3HG2,999,29.652,11.166,26.092,0.0642,0.0,0.0
GLN,65,N,1000,32.897,11.506,23.395,-0.4157,0.0,0.0
GLN,65,CA,1001,33.421,12.767,22.893,-0.0031,0.0,0.0
GLN,65,C,1002,32.865,13.04,21.504,0.5973,0.0,0.0
GLN,65,O,1003,32.395,14.142,21.223,-0.5679,0.0,0.0
GLN,65,CB,1004,34.947,12.74,22.858,-0.0036,0.0,0.0
GLN,65,CG,1005,35.577,14.067,22.481,-0.0645,0.0,0.0
GLN,65,CD,1006,35.293,15.152,23.507,0.6951,0.0,0.0
GLN,65,NE2,1007,34.756,16.277,23.046,-0.9407,0.0,0.0
GLN,65,OE1,1008,35.552,14.98,24.701,-0.6086,0.0,0.0
GLN,65,H,1009,33.542,10.843,23.802,0.2719,0.0,0.0
GLN,65,HA,1010,33.104,13.569,23.559,0.085,0.0,0.0
GLN,65,1HB,1011,35.329,12.449,23.837,0.0171,0.0,0.0
GLN,65,2HB,1012,35.282,11.989,22.14,0.0171,0.0,0.0
GLN,65,1HG,1013,36.657,13.938,22.409,0.0352,0.0,0.0
GLN,65,2HG,1014,35.174,14.388,21.519,0.0352,0.0,0.0
GLN,65,1HE2,1015,34.547,17.026,23.676,0.4251,0.0,0.0
GLN,65,2HE2,1016,34.561,16.376,22.071,0.4251,0.0,0.0
ILE,66,N,1017,32.7,11.962,20.732,-0.4157,0.0,0.0
ILE,66,CA,1018,32.191,12.044,19.371,-0.0597,0.0,0.0
ILE,66,C,1019,30.742,12.51,19.368,0.5973,0.0,0.0
ILE,66,O,1020,30.38,13.426,18.635,-0.5679,0.0,0.0
ILE,66,CB,1021,32.299,10.683,18.66,0.1303,0.0,0.0
ILE,66,CG1,1022,33.778,10.338,18.434,-0.043,0.0,0.0
ILE,66,CG2,1023,31.534,10.72,17.349,-0.3204,0.0,0.0
ILE,66,CD1,1024,34.012,8.9,18.006,-0.066,0.0,0.0
ILE,66,H,1025,33.164,11.105,21.009,0.2719,0.0,0.0
ILE,66,HA,1026,32.8,12.754,18.814,0.0869,0.0,0.0
ILE,66,HB,1027,31.883,9.907,19.293,0.0187,0.0,0.0
ILE,66,1HG1,1028,34.18,11.0,17.669,0.0236,0.0,0.0
ILE,66,2HG1,1029,34.325,10.519,19.355,0.0236,0.0,0.0
ILE,66,1HG2,1030,31.617,9.754,16.853,0.0882,0.0,0.0
ILE,66,2HG2,1031,30.486,10.938,17.546,0.0882,0.0,0.0
ILE,66,3HG2,1032,31.951,11.495,16.705,0.0882,0.0,0.0
ILE,66,1HD1,1033,35.08,8.731,17.866,0.0186,0.0,0.0
ILE,66,2HD1,1034,33.638,8.224,18.772,0.0186,0.0,0.0
ILE,66,3HD1,1035,33.491,8.709,17.07,0.0186,0.0,0.0
SER,67,N,1036,29.956,11.959,20.292,-0.4157,0.0,0.0
SER,67,CA,1037,28.539,12.273,20.407,-0.0249,0.0,0.0
SER,67,C,1038,28.332,13.709,20.857,0.5973,0.0,0.0
SER,67,O,1039,27.556,14.43,20.239,-0.5679,0.0,0.0
SER,67,CB,1040,27.899,11.327,21.377,0.2117,0.0,0.0
SER,67,OG,1041,27.937,10.036,20.864,-0.6546,0.0,0.0
SER,67,H,1042,30.323,11.193,20.84,0.2719,0.0,0.0
SER,67,HA,1043,28.077,12.166,19.425,0.0843,0.0,0.0
SER,67,1HB,1044,28.424,11.367,22.33,0.0352,0.0,0.0
SER,67,2HB,1045,26.878,11.631,21.557,0.0352,0.0,0.0
SER,67,HG,1046,27.549,9.468,21.516,0.4275,0.0,0.0
LYS,68,N,1047,29.215,14.198,21.733,-0.3479,0.0,0.0
LYS,68,CA,1048,29.073,15.568,22.204,-0.24,0.0,0.0
LYS,68,C,1049,29.354,16.527,21.054,0.7341,0.0,0.0
LYS,68,O,1050,28.652,17.526,20.879,-0.5894,0.0,0.0
LYS,68,CB,1051,30.009,15.864,23.377,-0.0094,0.0,0.0
LYS,68,CG,1052,29.606,15.202,24.691,0.0187,0.0,0.0
LYS,68,CD,1053,30.586,15.543,25.799,-0.0479,0.0,0.0
LYS,68,CE,1054,30.174,14.921,27.125,-0.0143,0.0,0.0
LYS,68,NZ,1055,31.16,15.219,28.204,-0.3854,0.0,0.0
LYS,68,H,1056,29.754,13.55,22.288,0.2747,0.0,0.0
LYS,68,HA,1057,28.056,15.71,22.571,0.1426,0.0,0.0
LYS,68,1HB,1058,31.019,15.53,23.129,0.0362,0.0,0.0
LYS,68,2HB,1059,30.051,16.94,23.545,0.0362,0.0,0.0
LYS,68,1HG,1060,28.612,15.539,24.979,0.0103,0.0,0.0
LYS,68,2HG,1061,29.579,14.121,24.561,0.0103,0.0,0.0
LYS,68,1HD,1062,31.58,15.176,25.53,0.0621,0.0,0.0
LYS,68,2HD,1063,30.636,16.624,25.919,0.0621,0.0,0.0
LYS,68,1HE,1064,29.197,15.31,27.416,0.1135,0.0,0.0
LYS,68,2HE,1065,30.093,13.853,27.01,0.1135,0.0,0.0
LYS,68,1HZ,1066,30.855,14.792,29.067,0.34,0.0,0.0
LYS,68,2HZ,1067,32.064,14.849,27.946,0.34,0.0,0.0
LYS,68,3HZ,1068,31.229,16.219,28.33,0.34,0.0,0.0
THR,69,N,1069,30.31,16.151,20.199,-0.4157,0.0,0.0
THR,69,CA,1070,30.664,16.975,19.057,-0.0389,0.0,0.0
THR,69,C,1071,29.47,17.046,18.129,0.5973,0.0,0.0
THR,69,O,1072,29.096,18.125,17.667,-0.5679,0.0,0.0
THR,69,CB,1073,31.891,16.431,18.304,0.3654,0.0,0.0
THR,69,CG2,1074,32.173,17.284,17.084,-0.2438,0.0,0.0
THR,69,OG1,1075,33.032,16.443,19.17,-0.6761,0.0,0.0
THR,69,H,1076,30.912,15.38,20.45,0.2719,0.0,0.0
THR,69,HA,1077,30.917,17.976,19.408,0.1007,0.0,0.0
THR,69,HB,1078,31.703,15.411,17.992,0.0043,0.0,0.0
THR,69,HG1,1079,32.857,15.889,19.936,0.4102,0.0,0.0
THR,69,1HG2,1080,33.041,16.891,16.559,0.0642,0.0,0.0
THR,69,2HG2,1081,31.306,17.266,16.421,0.0642,0.0,0.0
THR,69,3HG2,1082,32.37,18.308,17.395,0.0642,0.0,0.0
ASN,70,N,1083,28.823,15.888,17.944,-0.4157,0.0,0.0
ASN,70,CA,1084,27.692,15.763,17.046,0.0143,0.0,0.0
ASN,70,C,1085,26.504,16.545,17.58,0.5973,0.0,0.0
ASN,70,O,1086,25.85,17.257,16.83,-0.5679,0.0,0.0
ASN,70,CB,1087,27.324,14.313,16.828,-0.2041,0.0,0.0
ASN,70,CG,1088,28.308,13.583,15.976,0.713,0.0,0.0
ASN,70,ND2,1089,28.324,12.281,16.09,-0.9191,0.0,0.0
ASN,70,OD1,1090,29.06,14.197,15.21,-0.5931,0.0,0.0
ASN,70,H,1091,29.253,15.041,18.284,0.2719,0.0,0.0
ASN,70,HA,1092,27.962,16.204,16.088,0.1048,0.0,0.0
ASN,70,1HB,1093,27.254,13.809,17.785,0.0797,0.0,0.0
ASN,70,2HB,1094,26.351,14.259,16.359,0.0797,0.0,0.0
ASN,70,1HD2,1095,28.962,11.739,15.544,0.4196,0.0,0.0
ASN,70,2HD2,1096,27.697,11.827,16.723,0.4196,0.0,0.0
THR,71,N,1097,26.452,16.725,18.901,-0.4157,0.0,0.0
THR,71,CA,1098,25.318,17.451,19.446,-0.0389,0.0,0.0
THR,71,C,1099,25.324,18.839,18.851,0.5973,0.0,0.0
THR,71,O,1100,24.326,19.283,18.286,-0.5679,0.0,0.0
THR,71,CB,1101,25.366,17.525,20.984,0.3654,0.0,0.0
THR,71,CG2,1102,24.208,18.342,21.504,-0.2438,0.0,0.0
THR,71,OG1,1103,25.3,16.207,21.534,-0.6761,0.0,0.0
THR,71,H,1104,26.923,16.059,19.494,0.2719,0.0,0.0
THR,71,HA,1105,24.403,16.924,19.192,0.1007,0.0,0.0
THR,71,HB,1106,26.295,17.982,21.295,0.0043,0.0,0.0
THR,71,HG1,1107,26.046,15.69,21.216,0.4102,0.0,0.0
THR,71,1HG2,1108,24.253,18.387,22.591,0.0642,0.0,0.0
THR,71,2HG2,1109,24.266,19.348,21.094,0.0642,0.0,0.0
THR,71,3HG2,1110,23.274,17.888,21.204,0.0642,0.0,0.0
GLN,72,N,1111,26.499,19.472,18.885,-0.4157,0.0,0.0
GLN,72,CA,1112,26.674,20.817,18.361,-0.0031,0.0,0.0
GLN,72,C,1113,26.468,20.858,16.851,0.5973,0.0,0.0
GLN,72,O,1114,25.741,21.713,16.349,-0.5679,0.0,0.0
GLN,72,CB,1115,28.062,21.354,18.707,-0.0036,0.0,0.0
GLN,72,CG,1116,28.308,22.79,18.254,-0.0645,0.0,0.0
GLN,72,CD,1117,27.415,23.797,18.965,0.6951,0.0,0.0
GLN,72,NE2,1118,27.106,24.897,18.28,-0.9407,0.0,0.0
GLN,72,OE1,1119,27.008,23.589,20.112,-0.6086,0.0,0.0
GLN,72,H,1120,27.259,19.034,19.399,0.2719,0.0,0.0
GLN,72,HA,1121,25.923,21.464,18.812,0.085,0.0,0.0
GLN,72,1HB,1122,28.208,21.31,19.785,0.0171,0.0,0.0
GLN,72,2HB,1123,28.822,20.722,18.247,0.0171,0.0,0.0
GLN,72,1HG,1124,29.345,23.052,18.463,0.0352,0.0,0.0
GLN,72,2HG,1125,28.112,22.858,17.182,0.0352,0.0,0.0
GLN,72,1HE2,1126,26.521,25.597,18.694,0.4251,0.0,0.0
GLN,72,2HE2,1127,27.459,25.028,17.345,0.4251,0.0,0.0
THR,73,N,1128,27.019,19.868,16.143,-0.4157,0.0,0.0
THR,73,CA,1129,26.933,19.82,14.685,-0.0389,0.0,0.0
THR,73,C,1130,25.498,19.8,14.2,0.5973,0.0,0.0
THR,73,O,1131,25.132,20.534,13.283,-0.5679,0.0,0.0
THR,73,CB,1132,27.67,18.597,14.115,0.3654,0.0,0.0
THR,73,CG2,1133,27.484,18.526,12.611,-0.2438,0.0,0.0
THR,73,OG1,1134,29.068,18.695,14.419,-0.6761,0.0,0.0
THR,73,H,1135,27.639,19.22,16.615,0.2719,0.0,0.0
THR,73,HA,1136,27.406,20.718,14.286,0.1007,0.0,0.0
THR,73,HB,1137,27.276,17.7,14.568,0.0043,0.0,0.0
THR,73,HG1,1138,29.187,18.722,15.372,0.4102,0.0,0.0
THR,73,1HG2,1139,28.01,17.655,12.222,0.0642,0.0,0.0
THR,73,2HG2,1140,26.419,18.442,12.38,0.0642,0.0,0.0
THR,73,3HG2,1141,27.885,19.428,12.152,0.0642,0.0,0.0
TYR,74,N,1142,24.692,18.959,14.835,-0.4157,0.0,0.0
TYR,74,CA,1143,23.294,18.813,14.499,-0.0014,0.0,0.0
TYR,74,C,1144,22.504,20.055,14.884,0.5973,0.0,0.0
TYR,74,O,1145,21.659,20.492,14.107,-0.5679,0.0,0.0
TYR,74,CB,1146,22.741,17.567,15.192,-0.0152,0.0,0.0
TYR,74,CG,1147,23.132,16.2,14.477,-0.0011,0.0,0.0
TYR,74,CD1,1148,24.464,15.788,14.398,-0.1906,0.0,0.0
TYR,74,CD2,1149,22.146,15.377,13.91,-0.1906,0.0,0.0
TYR,74,CE1,1150,24.802,14.593,13.773,-0.2341,0.0,0.0
TYR,74,CE2,1151,22.492,14.181,13.285,-0.2341,0.0,0.0
TYR,74,CZ,1152,23.818,13.789,13.215,0.3226,0.0,0.0
TYR,74,OH,1153,24.171,12.594,12.591,-0.5579,0.0,0.0
TYR,74,H,1154,25.059,18.434,15.614,0.2719,0.0,0.0
TYR,74,HA,1155,23.207,18.697,13.43,0.0876,0.0,0.0
TYR,74,1HB,1156,23.109,17.528,16.222,0.0295,0.0,0.0
TYR,74,2HB,1157,21.666,17.633,15.231,0.0295,0.0,0.0
TYR,74,HD1,1158,25.241,16.392,14.821,0.1699,0.0,0.0
TYR,74,HD2,1159,21.107,15.665,13.952,0.1699,0.0,0.0
TYR,74,HE1,1160,25.848,14.29,13.721,0.1656,0.0,0.0
TYR,74,HE2,1161,21.716,13.552,12.847,0.1656,0.0,0.0
TYR,74,HH,1162,23.392,12.151,12.305,0.3992,0.0,0.0
ARG,75,N,1163,22.896,20.742,15.962,-0.3479,0.0,0.0
ARG,75,CA,1164,22.144,21.935,16.338,-0.2637,0.0,0.0
ARG,75,C,1165,22.294,22.991,15.252,0.7341,0.0,0.0
ARG,75,O,1166,21.312,23.599,14.818,-0.5894,0.0,0.0
ARG,75,CB,1167,22.63,22.495,17.672,-0.0007,0.0,0.0
ARG,75,CG,1168,22.222,21.693,18.902,0.039,0.0,0.0
ARG,75,CD,1169,22.843,22.204,20.132,0.0486,0.0,0.0
ARG,75,NE,1170,22.346,21.52,21.328,-0.5295,0.0,0.0
ARG,75,CZ,1171,22.927,21.602,22.542,0.8076,0.0,0.0
ARG,75,NH1,1172,24.009,22.329,22.708,-0.8627,0.0,0.0
ARG,75,NH2,1173,22.409,20.95,23.568,-0.8627,0.0,0.0
ARG,75,H,1174,23.47,20.285,16.659,0.2747,0.0,0.0
ARG,75,HA,1175,21.096,21.662,16.471,0.156,0.0,0.0
ARG,75,1HB,1176,23.715,22.552,17.668,0.0327,0.0,0.0
ARG,75,2HB,1177,22.25,23.507,17.8,0.0327,0.0,0.0
ARG,75,1HG,1178,21.182,21.741,19.019,0.0285,0.0,0.0
ARG,75,2HG,1179,22.517,20.67,18.788,0.0285,0.0,0.0
ARG,75,1HD,1180,23.921,22.056,20.081,0.0687,0.0,0.0
ARG,75,2HD,1181,22.624,23.266,20.234,0.0687,0.0,0.0
ARG,75,HE,1182,21.505,20.942,21.248,0.3456,0.0,0.0
ARG,75,1HH1,1183,24.407,22.828,21.924,0.4478,0.0,0.0
ARG,75,2HH1,1184,24.443,22.39,23.617,0.4478,0.0,0.0
ARG,75,1HH2,1185,21.577,20.391,23.442,0.4478,0.0,0.0
ARG,75,2HH2,1186,22.843,21.012,24.477,0.4478,0.0,0.0
GLU,76,N,1187,23.515,23.098,14.725,-0.5163,0.0,0.0
GLU,76,CA,1188,23.843,24.076,13.704,0.0397,0.0,0.0
GLU,76,C,1189,23.138,23.733,12.402,0.5366,0.0,0.0
GLU,76,O,1190,22.567,24.606,11.75,-0.5819,0.0,0.0
GLU,76,CB,1191,25.354,24.137,13.488,0.056,0.0,0.0
GLU,76,CG,1192,26.118,24.695,14.682,0.0136,0.0,0.0
GLU,76,CD,1193,27.603,24.736,14.477,0.8054,0.0,0.0
GLU,76,OE1,1194,28.062,24.307,13.444,-0.8188,0.0,0.0
GLU,76,OE2,1195,28.281,25.2,15.364,-0.8188,0.0,0.0
GLU,76,H,1196,24.275,22.612,15.182,0.2936,0.0,0.0
GLU,76,HA,1197,23.498,25.057,14.035,0.1105,0.0,0.0
GLU,76,1HB,1198,25.732,23.137,13.278,-0.0173,0.0,0.0
GLU,76,2HB,1199,25.573,24.76,12.622,-0.0173,0.0,0.0
GLU,76,1HG,1200,25.767,25.707,14.881,-0.0425,0.0,0.0
GLU,76,2HG,1201,25.899,24.086,15.554,-0.0425,0.0,0.0
SER,77,N,1202,23.0,22.425,12.141,-0.4157,0.0,0.0
SER,77,CA,1203,22.389,21.968,10.906,-0.0249,0.0,0.0
SER,77,C,1204,20.909,22.283,10.91,0.5973,0.0,0.0
SER,77,O,1205,20.378,22.722,9.902,-0.5679,0.0,0.0
SER,77,CB,1206,22.592,20.485,10.719,0.2117,0.0,0.0
SER,77,OG,1207,23.949,20.183,10.526,-0.6546,0.0,0.0
SER,77,H,1208,23.553,21.766,12.672,0.2719,0.0,0.0
SER,77,HA,1209,22.842,22.504,10.071,0.0843,0.0,0.0
SER,77,1HB,1210,22.221,19.962,11.592,0.0352,0.0,0.0
SER,77,2HB,1211,22.015,20.144,9.859,0.0352,0.0,0.0
SER,77,HG,1212,24.402,20.486,11.317,0.4275,0.0,0.0
LEU,78,N,1213,20.261,22.169,12.073,-0.4157,0.0,0.0
LEU,78,CA,1214,18.827,22.422,12.14,-0.0518,0.0,0.0
LEU,78,C,1215,18.549,23.869,11.765,0.5973,0.0,0.0
LEU,78,O,1216,17.592,24.149,11.046,-0.5679,0.0,0.0
LEU,78,CB,1217,18.289,22.13,13.549,-0.1102,0.0,0.0
LEU,78,CG,1218,18.247,20.637,13.968,0.3531,0.0,0.0
LEU,78,CD1,1219,17.889,20.538,15.426,-0.4121,0.0,0.0
LEU,78,CD2,1220,17.236,19.9,13.099,-0.4121,0.0,0.0
LEU,78,H,1221,20.73,21.742,12.858,0.2719,0.0,0.0
LEU,78,HA,1222,18.318,21.756,11.445,0.0922,0.0,0.0
LEU,78,1HB,1223,18.909,22.657,14.273,0.0457,0.0,0.0
LEU,78,2HB,1224,17.273,22.52,13.619,0.0457,0.0,0.0
LEU,78,HG,1225,19.226,20.19,13.84,-0.0361,0.0,0.0
LEU,78,1HD1,1226,17.858,19.502,15.725,0.1,0.0,0.0
LEU,78,2HD1,1227,18.636,21.062,16.015,0.1,0.0,0.0
LEU,78,3HD1,1228,16.926,20.983,15.59,0.1,0.0,0.0
LEU,78,1HD2,1229,17.206,18.852,13.391,0.1,0.0,0.0
LEU,78,2HD2,1230,16.247,20.343,13.23,0.1,0.0,0.0
LEU,78,3HD2,1231,17.532,19.979,12.053,0.1,0.0,0.0
ARG,79,N,1232,19.457,24.771,12.148,-0.3479,0.0,0.0
ARG,79,CA,1233,19.273,26.182,11.837,-0.2637,0.0,0.0
ARG,79,C,1234,19.394,26.412,10.337,0.7341,0.0,0.0
ARG,79,O,1235,18.542,27.064,9.729,-0.5894,0.0,0.0
ARG,79,CB,1236,20.297,27.038,12.568,-0.0007,0.0,0.0
ARG,79,CG,1237,20.11,27.126,14.064,0.039,0.0,0.0
ARG,79,CD,1238,21.136,27.985,14.696,0.0486,0.0,0.0
ARG,79,NE,1239,20.894,28.149,16.12,-0.5295,0.0,0.0
ARG,79,CZ,1240,21.372,27.343,17.086,0.8076,0.0,0.0
ARG,79,NH1,1241,22.119,26.31,16.775,-0.8627,0.0,0.0
ARG,79,NH2,1242,21.079,27.601,18.349,-0.8627,0.0,0.0
ARG,79,H,1243,20.19,24.49,12.792,0.2747,0.0,0.0
ARG,79,HA,1244,18.279,26.485,12.166,0.156,0.0,0.0
ARG,79,1HB,1245,21.293,26.647,12.389,0.0327,0.0,0.0
ARG,79,2HB,1246,20.269,28.052,12.174,0.0327,0.0,0.0
ARG,79,1HG,1247,19.133,27.544,14.285,0.0285,0.0,0.0
ARG,79,2HG,1248,20.185,26.125,14.496,0.0285,0.0,0.0
ARG,79,1HD,1249,22.12,27.533,14.564,0.0687,0.0,0.0
ARG,79,2HD,1250,21.125,28.97,14.231,0.0687,0.0,0.0
ARG,79,HE,1251,20.323,28.933,16.406,0.3456,0.0,0.0
ARG,79,1HH1,1252,22.34,26.117,15.807,0.4478,0.0,0.0
ARG,79,2HH1,1253,22.475,25.707,17.502,0.4478,0.0,0.0
ARG,79,1HH2,1254,20.501,28.399,18.578,0.4478,0.0,0.0
ARG,79,2HH2,1255,21.426,27.007,19.091,0.4478,0.0,0.0
ASN,80,N,1256,20.353,25.717,9.725,-0.4157,0.0,0.0
ASN,80,CA,1257,20.615,25.875,8.305,0.0143,0.0,0.0
ASN,80,C,1258,19.466,25.335,7.479,0.5973,0.0,0.0
ASN,80,O,1259,19.006,25.992,6.548,-0.5679,0.0,0.0
ASN,80,CB,1260,21.914,25.19,7.929,-0.2041,0.0,0.0
ASN,80,CG,1261,23.116,25.932,8.432,0.713,0.0,0.0
ASN,80,ND2,1262,24.23,25.253,8.515,-0.9191,0.0,0.0
ASN,80,OD1,1263,23.038,27.126,8.748,-0.5931,0.0,0.0
ASN,80,H,1264,21.042,25.241,10.296,0.2719,0.0,0.0
ASN,80,HA,1265,20.707,26.939,8.081,0.1048,0.0,0.0
ASN,80,1HB,1266,21.924,24.182,8.338,0.0797,0.0,0.0
ASN,80,2HB,1267,21.979,25.104,6.846,0.0797,0.0,0.0
ASN,80,1HD2,1268,25.065,25.696,8.844,0.4196,0.0,0.0
ASN,80,2HD2,1269,24.248,24.288,8.249,0.4196,0.0,0.0
LEU,81,N,1270,18.926,24.2,7.916,-0.4157,0.0,0.0
LEU,81,CA,1271,17.853,23.522,7.22,-0.0518,0.0,0.0
LEU,81,C,1272,16.581,24.361,7.257,0.5973,0.0,0.0
LEU,81,O,1273,15.934,24.521,6.229,-0.5679,0.0,0.0
LEU,81,CB,1274,17.619,22.15,7.872,-0.1102,0.0,0.0
LEU,81,CG,1275,18.791,21.136,7.649,0.3531,0.0,0.0
LEU,81,CD1,1276,18.571,19.876,8.493,-0.4121,0.0,0.0
LEU,81,CD2,1277,18.873,20.792,6.177,-0.4121,0.0,0.0
LEU,81,H,1278,19.373,23.725,8.683,0.2719,0.0,0.0
LEU,81,HA,1279,18.14,23.391,6.178,0.0922,0.0,0.0
LEU,81,1HB,1280,17.479,22.292,8.943,0.0457,0.0,0.0
LEU,81,2HB,1281,16.706,21.722,7.464,0.0457,0.0,0.0
LEU,81,HG,1282,19.721,21.57,7.968,-0.0361,0.0,0.0
LEU,81,1HD1,1283,19.393,19.178,8.331,0.1,0.0,0.0
LEU,81,2HD1,1284,18.532,20.147,9.549,0.1,0.0,0.0
LEU,81,3HD1,1285,17.648,19.415,8.206,0.1,0.0,0.0
LEU,81,1HD2,1286,19.687,20.086,6.011,0.1,0.0,0.0
LEU,81,2HD2,1287,17.942,20.348,5.856,0.1,0.0,0.0
LEU,81,3HD2,1288,19.057,21.7,5.603,0.1,0.0,0.0
ARG,82,N,1289,16.289,25.034,8.385,-0.3479,0.0,0.0
ARG,82,CA,1290,15.073,25.851,8.416,-0.2637,0.0,0.0
ARG,82,C,1291,15.217,26.972,7.398,0.7341,0.0,0.0
ARG,82,O,1292,14.245,27.425,6.795,-0.5894,0.0,0.0
ARG,82,CB,1293,14.798,26.454,9.79,-0.0007,0.0,0.0
ARG,82,CG,1294,14.334,25.456,10.84,0.039,0.0,0.0
ARG,82,CD,1295,13.759,26.121,12.038,0.0486,0.0,0.0
ARG,82,NE,1296,14.72,26.946,12.759,-0.5295,0.0,0.0
ARG,82,CZ,1297,15.558,26.497,13.72,0.8076,0.0,0.0
ARG,82,NH1,1298,15.548,25.23,14.073,-0.8627,0.0,0.0
ARG,82,NH2,1299,16.389,27.336,14.307,-0.8627,0.0,0.0
ARG,82,H,1300,16.823,24.874,9.228,0.2747,0.0,0.0
ARG,82,HA,1301,14.218,25.219,8.172,0.156,0.0,0.0
ARG,82,1HB,1302,15.703,26.933,10.163,0.0327,0.0,0.0
ARG,82,2HB,1303,14.03,27.226,9.703,0.0327,0.0,0.0
ARG,82,1HG,1304,13.568,24.812,10.413,0.0285,0.0,0.0
ARG,82,2HG,1305,15.175,24.85,11.166,0.0285,0.0,0.0
ARG,82,1HD,1306,12.933,26.768,11.73,0.0687,0.0,0.0
ARG,82,2HD,1307,13.393,25.362,12.729,0.0687,0.0,0.0
ARG,82,HE,1308,14.764,27.932,12.52,0.3456,0.0,0.0
ARG,82,1HH1,1309,14.911,24.586,13.624,0.4478,0.0,0.0
ARG,82,2HH1,1310,16.175,24.9,14.792,0.4478,0.0,0.0
ARG,82,1HH2,1311,16.394,28.313,14.034,0.4478,0.0,0.0
ARG,82,2HH2,1312,17.016,27.008,15.026,0.4478,0.0,0.0
GLY,83,N,1313,16.44,27.469,7.234,-0.4157,0.0,0.0
GLY,83,CA,1314,16.641,28.572,6.312,-0.0252,0.0,0.0
GLY,83,C,1315,16.357,28.084,4.896,0.5973,0.0,0.0
GLY,83,O,1316,15.631,28.724,4.137,-0.5679,0.0,0.0
GLY,83,H,1317,17.178,27.216,7.88,0.2719,0.0,0.0
GLY,83,1HA,1318,15.983,29.4,6.574,0.0698,0.0,0.0
GLY,83,2HA,1319,17.661,28.943,6.396,0.0698,0.0,0.0
TYR,84,N,1320,16.834,26.874,4.599,-0.4157,0.0,0.0
TYR,84,CA,1321,16.736,26.274,3.275,-0.0014,0.0,0.0
TYR,84,C,1322,15.285,26.023,2.876,0.5973,0.0,0.0
TYR,84,O,1323,14.87,26.346,1.762,-0.5679,0.0,0.0
TYR,84,CB,1324,17.528,24.969,3.206,-0.0152,0.0,0.0
TYR,84,CG,1325,19.001,25.108,3.425,-0.0011,0.0,0.0
TYR,84,CD1,1326,19.585,26.361,3.482,-0.1906,0.0,0.0
TYR,84,CD2,1327,19.775,23.969,3.572,-0.1906,0.0,0.0
TYR,84,CE1,1328,20.943,26.474,3.686,-0.2341,0.0,0.0
TYR,84,CE2,1329,21.131,24.081,3.777,-0.2341,0.0,0.0
TYR,84,CZ,1330,21.717,25.328,3.832,0.3226,0.0,0.0
TYR,84,OH,1331,23.073,25.444,4.036,-0.5579,0.0,0.0
TYR,84,H,1332,17.463,26.445,5.264,0.2719,0.0,0.0
TYR,84,HA,1333,17.15,26.973,2.549,0.0876,0.0,0.0
TYR,84,1HB,1334,17.148,24.274,3.954,0.0295,0.0,0.0
TYR,84,2HB,1335,17.378,24.528,2.241,0.0295,0.0,0.0
TYR,84,HD1,1336,18.974,27.255,3.367,0.1699,0.0,0.0
TYR,84,HD2,1337,19.309,22.985,3.527,0.1699,0.0,0.0
TYR,84,HE1,1338,21.406,27.458,3.731,0.1656,0.0,0.0
TYR,84,HE2,1339,21.742,23.186,3.891,0.1656,0.0,0.0
TYR,84,HH,1340,23.46,24.569,4.116,0.3992,0.0,0.0
TYR,85,N,1341,14.478,25.656,3.872,-0.4157,0.0,0.0
TYR,85,CA,1342,13.1,25.241,3.645,-0.0014,0.0,0.0
TYR,85,C,1343,12.096,26.351,3.958,0.5973,0.0,0.0
TYR,85,O,1344,10.887,26.13,3.875,-0.5679,0.0,0.0
TYR,85,CB,1345,12.778,23.99,4.479,-0.0152,0.0,0.0
TYR,85,CG,1346,13.547,22.737,4.112,-0.0011,0.0,0.0
TYR,85,CD1,1347,14.443,22.201,5.009,-0.1906,0.0,0.0
TYR,85,CD2,1348,13.359,22.128,2.891,-0.1906,0.0,0.0
TYR,85,CE1,1349,15.147,21.077,4.704,-0.2341,0.0,0.0
TYR,85,CE2,1350,14.073,20.987,2.583,-0.2341,0.0,0.0
TYR,85,CZ,1351,14.967,20.467,3.497,0.3226,0.0,0.0
TYR,85,OH,1352,15.681,19.337,3.207,-0.5579,0.0,0.0
TYR,85,H,1353,14.92,25.308,4.71,0.2719,0.0,0.0
TYR,85,HA,1354,12.982,25.01,2.586,0.0876,0.0,0.0
TYR,85,1HB,1355,12.981,24.195,5.529,0.0295,0.0,0.0
TYR,85,2HB,1356,11.718,23.756,4.388,0.0295,0.0,0.0
TYR,85,HD1,1357,14.595,22.673,5.964,0.1699,0.0,0.0
TYR,85,HD2,1358,12.653,22.545,2.174,0.1699,0.0,0.0
TYR,85,HE1,1359,15.845,20.67,5.42,0.1656,0.0,0.0
TYR,85,HE2,1360,13.932,20.498,1.62,0.1656,0.0,0.0
TYR,85,HH,1361,16.25,19.119,3.949,0.3992,0.0,0.0
ASN,86,N,1362,12.6,27.541,4.308,-0.4157,0.0,0.0
ASN,86,CA,1363,11.742,28.674,4.666,0.0143,0.0,0.0
ASN,86,C,1364,10.773,28.322,5.791,0.5973,0.0,0.0
ASN,86,O,1365,9.568,28.543,5.67,-0.5679,0.0,0.0
ASN,86,CB,1366,10.973,29.173,3.456,-0.2041,0.0,0.0
ASN,86,CG,1367,10.383,30.54,3.669,0.713,0.0,0.0
ASN,86,ND2,1368,9.246,30.786,3.068,-0.9191,0.0,0.0
ASN,86,OD1,1369,10.957,31.375,4.376,-0.5931,0.0,0.0
ASN,86,H,1370,13.602,27.674,4.357,0.2719,0.0,0.0
ASN,86,HA,1371,12.378,29.483,5.031,0.1048,0.0,0.0
ASN,86,1HB,1372,11.637,29.207,2.591,0.0797,0.0,0.0
ASN,86,2HB,1373,10.168,28.48,3.221,0.0797,0.0,0.0
ASN,86,1HD2,1374,8.808,31.679,3.174,0.4196,0.0,0.0
ASN,86,2HD2,1375,8.816,30.082,2.504,0.4196,0.0,0.0
GLN,87,N,1376,11.294,27.709,6.85,-0.4157,0.0,0.0
GLN,87,CA,1377,10.491,27.35,8.007,-0.0031,0.0,0.0
GLN,87,C,1378,10.579,28.383,9.121,0.5973,0.0,0.0
GLN,87,O,1379,11.63,28.982,9.346,-0.5679,0.0,0.0
GLN,87,CB,1380,10.93,25.994,8.525,-0.0036,0.0,0.0
GLN,87,CG,1381,10.813,24.897,7.506,-0.0645,0.0,0.0
GLN,87,CD,1382,9.384,24.574,7.156,0.6951,0.0,0.0
GLN,87,NE2,1383,9.026,24.739,5.883,-0.9407,0.0,0.0
GLN,87,OE1,1384,8.6,24.176,8.031,-0.6086,0.0,0.0
GLN,87,H,1385,12.294,27.615,6.914,0.2719,0.0,0.0
GLN,87,HA,1386,9.448,27.292,7.699,0.085,0.0,0.0
GLN,87,1HB,1387,11.963,26.044,8.851,0.0171,0.0,0.0
GLN,87,2HB,1388,10.329,25.742,9.377,0.0171,0.0,0.0
GLN,87,1HG,1389,11.32,25.219,6.614,0.0352,0.0,0.0
GLN,87,2HG,1390,11.277,23.993,7.905,0.0352,0.0,0.0
GLN,87,1HE2,1391,8.089,24.539,5.596,0.4251,0.0,0.0
GLN,87,2HE2,1392,9.699,25.066,5.207,0.4251,0.0,0.0
SER,88,N,1393,9.458,28.594,9.803,-0.4157,0.0,0.0
SER,88,CA,1394,9.399,29.524,10.925,-0.0249,0.0,0.0
SER,88,C,1395,10.276,29.07,12.074,0.5973,0.0,0.0
SER,88,O,1396,10.183,27.93,12.525,-0.5679,0.0,0.0
SER,88,CB,1397,7.982,29.696,11.424,0.2117,0.0,0.0
SER,88,OG,1398,7.953,30.532,12.557,-0.6546,0.0,0.0
SER,88,H,1399,8.62,28.099,9.533,0.2719,0.0,0.0
SER,88,HA,1400,9.764,30.493,10.585,0.0843,0.0,0.0
SER,88,1HB,1401,7.367,30.125,10.634,0.0352,0.0,0.0
SER,88,2HB,1402,7.562,28.722,11.672,0.0352,0.0,0.0
SER,88,HG,1403,8.321,31.372,12.274,0.4275,0.0,0.0
GLU,89,N,1404,10.947,30.038,12.689,-0.5163,0.0,0.0
GLU,89,CA,1405,11.796,29.797,13.85,0.0397,0.0,0.0
GLU,89,C,1406,10.991,29.293,15.039,0.5366,0.0,0.0
GLU,89,O,1407,11.515,28.593,15.899,-0.5819,0.0,0.0
GLU,89,CB,1408,12.553,31.074,14.227,0.056,0.0,0.0
GLU,89,CG,1409,13.608,31.482,13.212,0.0136,0.0,0.0
GLU,89,CD,1410,14.725,30.485,13.123,0.8054,0.0,0.0
GLU,89,OE1,1411,15.319,30.189,14.13,-0.8188,0.0,0.0
GLU,89,OE2,1412,14.985,30.015,12.046,-0.8188,0.0,0.0
GLU,89,H,1413,10.971,30.953,12.262,0.2936,0.0,0.0
GLU,89,HA,1414,12.517,29.019,13.594,0.1105,0.0,0.0
GLU,89,1HB,1415,11.846,31.897,14.334,-0.0173,0.0,0.0
GLU,89,2HB,1416,13.042,30.935,15.191,-0.0173,0.0,0.0
GLU,89,1HG,1417,13.138,31.581,12.234,-0.0425,0.0,0.0
GLU,89,2HG,1418,14.011,32.454,13.49,-0.0425,0.0,0.0
ALA,90,N,1419,9.711,29.652,15.076,-0.4157,0.0,0.0
ALA,90,CA,1420,8.814,29.288,16.163,0.0337,0.0,0.0
ALA,90,C,1421,8.53,27.788,16.2,0.5973,0.0,0.0
ALA,90,O,1422,8.242,27.238,17.264,-0.5679,0.0,0.0
ALA,90,CB,1423,7.512,30.06,16.034,-0.1825,0.0,0.0
ALA,90,H,1424,9.332,30.202,14.313,0.2719,0.0,0.0
ALA,90,HA,1425,9.286,29.55,17.11,0.0823,0.0,0.0
ALA,90,1HB,1426,6.841,29.78,16.845,0.0603,0.0,0.0
ALA,90,2HB,1427,7.719,31.128,16.086,0.0603,0.0,0.0
ALA,90,3HB,1428,7.046,29.825,15.078,0.0603,0.0,0.0
GLY,91,N,1429,8.581,27.129,15.046,-0.4157,0.0,0.0
GLY,91,CA,1430,8.232,25.716,14.961,-0.0252,0.0,0.0
GLY,91,C,1431,9.378,24.773,15.299,0.5973,0.0,0.0
GLY,91,O,1432,10.549,25.105,15.118,-0.5679,0.0,0.0
GLY,91,H,1433,8.851,27.616,14.202,0.2719,0.0,0.0
GLY,91,1HA,1434,7.406,25.513,15.642,0.0698,0.0,0.0
GLY,91,2HA,1435,7.889,25.497,13.951,0.0698,0.0,0.0
SER,92,N,1436,9.012,23.579,15.763,-0.4157,0.0,0.0
SER,92,CA,1437,9.965,22.516,16.066,-0.0249,0.0,0.0
SER,92,C,1438,10.2,21.656,14.827,0.5973,0.0,0.0
SER,92,O,1439,9.252,21.337,14.108,-0.5679,0.0,0.0
SER,92,CB,1440,9.441,21.667,17.211,0.2117,0.0,0.0
SER,92,OG,1441,10.261,20.548,17.439,-0.6546,0.0,0.0
SER,92,H,1442,8.029,23.395,15.899,0.2719,0.0,0.0
SER,92,HA,1443,10.907,22.969,16.364,0.0843,0.0,0.0
SER,92,1HB,1444,9.392,22.273,18.117,0.0352,0.0,0.0
SER,92,2HB,1445,8.431,21.334,16.981,0.0352,0.0,0.0
SER,92,HG,1446,11.126,20.89,17.679,0.4275,0.0,0.0
HIE,93,N,1447,11.451,21.274,14.581,-0.4157,0.0,0.0
HIE,93,CA,1448,11.775,20.416,13.443,-0.0581,0.0,0.0
HIE,93,C,1449,12.744,19.315,13.816,0.5973,0.0,0.0
HIE,93,O,1450,13.435,19.392,14.832,-0.5679,0.0,0.0
HIE,93,CB,1451,12.363,21.224,12.294,-0.0074,0.0,0.0
HIE,93,CG,1452,11.409,22.222,11.724,0.1868,0.0,0.0
HIE,93,CD2,1453,10.652,22.189,10.604,-0.2207,0.0,0.0
HIE,93,ND1,1454,11.149,23.432,12.325,-0.5432,0.0,0.0
HIE,93,CE1,1455,10.275,24.1,11.601,0.1635,0.0,0.0
HIE,93,NE2,1456,9.958,23.363,10.549,-0.2795,0.0,0.0
HIE,93,H,1457,12.19,21.58,15.202,0.2719,0.0,0.0
HIE,93,HA,1458,10.872,19.92,13.091,0.136,0.0,0.0
HIE,93,1HB,1459,13.253,21.755,12.638,0.0367,0.0,0.0
HIE,93,2HB,1460,12.668,20.546,11.506,0.0367,0.0,0.0
HIE,93,HD2,1461,10.605,21.374,9.88,0.1862,0.0,0.0
HIE,93,HE1,1462,9.882,25.092,11.832,0.1435,0.0,0.0
HIE,93,HE2,1463,9.303,23.621,9.812,0.3339,0.0,0.0
THR,94,N,1464,12.744,18.239,13.033,-0.4157,0.0,0.0
THR,94,CA,1465,13.635,17.144,13.357,-0.0389,0.0,0.0
THR,94,C,1466,14.543,16.734,12.201,0.5973,0.0,0.0
THR,94,O,1467,14.096,16.494,11.084,-0.5679,0.0,0.0
THR,94,CB,1468,12.816,15.928,13.826,0.3654,0.0,0.0
THR,94,CG2,1469,13.731,14.789,14.234,-0.2438,0.0,0.0
THR,94,OG1,1470,12.003,16.304,14.94,-0.6761,0.0,0.0
THR,94,H,1471,12.19,18.216,12.189,0.2719,0.0,0.0
THR,94,HA,1472,14.282,17.476,14.151,0.1007,0.0,0.0
THR,94,HB,1473,12.17,15.594,13.012,0.0043,0.0,0.0
THR,94,HG1,1474,12.563,16.612,15.652,0.4102,0.0,0.0
THR,94,1HG2,1475,13.133,13.94,14.56,0.0642,0.0,0.0
THR,94,2HG2,1476,14.332,14.5,13.404,0.0642,0.0,0.0
THR,94,3HG2,1477,14.375,15.111,15.05,0.0642,0.0,0.0
TRP,95,N,1478,15.8,16.452,12.524,-0.4157,0.0,0.0
TRP,95,CA,1479,16.762,15.942,11.554,-0.0275,0.0,0.0
TRP,95,C,1480,17.181,14.536,11.962,0.5973,0.0,0.0
TRP,95,O,1481,17.706,14.318,13.053,-0.5679,0.0,0.0
TRP,95,CB,1482,18.005,16.838,11.447,-0.005,0.0,0.0
TRP,95,CG,1483,19.022,16.319,10.483,-0.1415,0.0,0.0
TRP,95,CD1,1484,18.773,15.566,9.385,-0.1638,0.0,0.0
TRP,95,CD2,1485,20.462,16.504,10.507,0.1243,0.0,0.0
TRP,95,CE2,1486,20.97,15.837,9.407,0.138,0.0,0.0
TRP,95,CE3,1487,21.343,17.167,11.354,-0.2387,0.0,0.0
TRP,95,NE1,1488,19.924,15.272,8.739,-0.3418,0.0,0.0
TRP,95,CZ2,1489,22.329,15.808,9.125,-0.2601,0.0,0.0
TRP,95,CZ3,1490,22.711,17.124,11.049,-0.1972,0.0,0.0
TRP,95,CH2,1491,23.171,16.468,9.973,-0.1134,0.0,0.0
TRP,95,H,1492,16.105,16.646,13.467,0.2719,0.0,0.0
TRP,95,HA,1493,16.288,15.9,10.576,0.1123,0.0,0.0
TRP,95,1HB,1494,17.706,17.833,11.131,0.0339,0.0,0.0
TRP,95,2HB,1495,18.471,16.932,12.416,0.0339,0.0,0.0
TRP,95,HD1,1496,17.803,15.244,9.067,0.2062,0.0,0.0
TRP,95,HE1,1497,20.0,14.722,7.897,0.3412,0.0,0.0
TRP,95,HE3,1498,20.976,17.705,12.23,0.17,0.0,0.0
TRP,95,HZ2,1499,22.725,15.29,8.272,0.1572,0.0,0.0
TRP,95,HZ3,1500,23.403,17.63,11.692,0.1447,0.0,0.0
TRP,95,HH2,1501,24.243,16.463,9.775,0.1417,0.0,0.0
GLN,96,N,1502,16.868,13.556,11.117,-0.4157,0.0,0.0
GLN,96,CA,1503,17.122,12.176,11.472,-0.0031,0.0,0.0
GLN,96,C,1504,18.147,11.571,10.55,0.5973,0.0,0.0
GLN,96,O,1505,18.064,11.703,9.335,-0.5679,0.0,0.0
GLN,96,CB,1506,15.842,11.342,11.434,-0.0036,0.0,0.0
GLN,96,CG,1507,14.805,11.77,12.416,-0.0645,0.0,0.0
GLN,96,CD,1508,13.566,10.919,12.366,0.6951,0.0,0.0
GLN,96,NE2,1509,12.876,10.815,13.497,-0.9407,0.0,0.0
GLN,96,OE1,1510,13.223,10.356,11.322,-0.6086,0.0,0.0
GLN,96,H,1511,16.351,13.763,10.278,0.2719,0.0,0.0
GLN,96,HA,1512,17.518,12.151,12.475,0.085,0.0,0.0
GLN,96,1HB,1513,15.406,11.394,10.442,0.0171,0.0,0.0
GLN,96,2HB,1514,16.084,10.298,11.632,0.0171,0.0,0.0
GLN,96,1HG,1515,15.222,11.701,13.421,0.0352,0.0,0.0
GLN,96,2HG,1516,14.531,12.783,12.192,0.0352,0.0,0.0
GLN,96,1HE2,1517,12.042,10.263,13.526,0.4251,0.0,0.0
GLN,96,2HE2,1518,13.19,11.289,14.321,0.4251,0.0,0.0
THR,97,N,1519,19.124,10.882,11.118,-0.4157,0.0,0.0
THR,97,CA,1520,20.117,10.293,10.248,-0.0389,0.0,0.0
THR,97,C,1521,20.344,8.832,10.57,0.5973,0.0,0.0
THR,97,O,1522,20.238,8.395,11.715,-0.5679,0.0,0.0
THR,97,CB,1523,21.459,11.028,10.318,0.3654,0.0,0.0
THR,97,CG2,1524,21.297,12.475,9.98,-0.2438,0.0,0.0
THR,97,OG1,1525,21.974,10.911,11.605,-0.6761,0.0,0.0
THR,97,H,1526,19.204,10.846,12.126,0.2719,0.0,0.0
THR,97,HA,1527,19.748,10.344,9.236,0.1007,0.0,0.0
THR,97,HB,1528,22.154,10.575,9.611,0.0043,0.0,0.0
THR,97,HG1,1529,22.793,11.361,11.661,0.4102,0.0,0.0
THR,97,1HG2,1530,22.266,12.969,10.037,0.0642,0.0,0.0
THR,97,2HG2,1531,20.904,12.564,8.983,0.0642,0.0,0.0
THR,97,3HG2,1532,20.611,12.942,10.683,0.0642,0.0,0.0
MET,98,N,1533,20.754,8.098,9.559,-0.4157,0.0,0.0
MET,98,CA,1534,21.067,6.698,9.721,-0.0237,0.0,0.0
MET,98,C,1535,22.387,6.387,9.067,0.5973,0.0,0.0
MET,98,O,1536,22.626,6.753,7.931,-0.5679,0.0,0.0
MET,98,CB,1537,19.95,5.839,9.134,0.0342,0.0,0.0
MET,98,CG,1538,20.146,4.327,9.283,0.0018,0.0,0.0
MET,98,SD,1539,21.223,3.632,7.989,-0.2737,0.0,0.0
MET,98,CE,1540,20.076,3.569,6.623,-0.0536,0.0,0.0
MET,98,H,1541,20.741,8.5,8.633,0.2719,0.0,0.0
MET,98,HA,1542,21.172,6.49,10.772,0.088,0.0,0.0
MET,98,1HB,1543,19.005,6.097,9.611,0.0241,0.0,0.0
MET,98,2HB,1544,19.849,6.053,8.069,0.0241,0.0,0.0
MET,98,1HG,1545,20.591,4.112,10.259,0.044,0.0,0.0
MET,98,2HG,1546,19.181,3.827,9.233,0.044,0.0,0.0
MET,98,1HE,1547,20.569,3.167,5.744,0.0684,0.0,0.0
MET,98,2HE,1548,19.231,2.932,6.887,0.0684,0.0,0.0
MET,98,3HE,1549,19.718,4.573,6.407,0.0684,0.0,0.0
TYR,99,N,1550,23.243,5.678,9.781,-0.4157,0.0,0.0
TYR,99,CA,1551,24.537,5.301,9.231,-0.0014,0.0,0.0
TYR,99,C,1552,24.711,3.806,9.403,0.5973,0.0,0.0
TYR,99,O,1553,24.245,3.246,10.391,-0.5679,0.0,0.0
TYR,99,CB,1554,25.678,6.07,9.903,-0.0152,0.0,0.0
TYR,99,CG,1555,25.595,7.596,9.892,-0.0011,0.0,0.0
TYR,99,CD1,1556,24.874,8.222,10.887,-0.1906,0.0,0.0
TYR,99,CD2,1557,26.218,8.365,8.921,-0.1906,0.0,0.0
TYR,99,CE1,1558,24.769,9.594,10.922,-0.2341,0.0,0.0
TYR,99,CE2,1559,26.1,9.765,8.974,-0.2341,0.0,0.0
TYR,99,CZ,1560,25.375,10.367,9.974,0.3226,0.0,0.0
TYR,99,OH,1561,25.26,11.759,10.023,-0.5579,0.0,0.0
TYR,99,H,1562,23.008,5.45,10.742,0.2719,0.0,0.0
TYR,99,HA,1563,24.552,5.537,8.171,0.0876,0.0,0.0
TYR,99,1HB,1564,25.742,5.772,10.943,0.0295,0.0,0.0
TYR,99,2HB,1565,26.616,5.804,9.416,0.0295,0.0,0.0
TYR,99,HD1,1566,24.387,7.62,11.647,0.1699,0.0,0.0
TYR,99,HD2,1567,26.793,7.886,8.126,0.1699,0.0,0.0
TYR,99,HE1,1568,24.205,10.069,11.7,0.1656,0.0,0.0
TYR,99,HE2,1569,26.576,10.382,8.227,0.1656,0.0,0.0
TYR,99,HH,1570,24.809,12.03,10.843,0.3992,0.0,0.0
GLY,100,N,1571,25.473,3.148,8.542,-0.4157,0.0,0.0
GLY,100,CA,1572,25.596,1.725,8.824,-0.0252,0.0,0.0
GLY,100,C,1573,26.449,0.918,7.882,0.5973,0.0,0.0
GLY,100,O,1574,26.68,1.248,6.726,-0.5679,0.0,0.0
GLY,100,H,1575,25.742,3.567,7.66,0.2719,0.0,0.0
GLY,100,1HA,1576,26.013,1.608,9.824,0.0698,0.0,0.0
GLY,100,2HA,1577,24.601,1.287,8.817,0.0698,0.0,0.0
CYS,101,N,1578,26.605,-0.337,8.274,-0.4157,0.0,0.0
CYS,101,CA,1579,27.328,-1.298,7.456,0.0213,0.0,0.0
CYS,101,C,1580,26.689,-2.673,7.498,0.5973,0.0,0.0
CYS,101,O,1581,26.407,-3.222,8.557,-0.5679,0.0,0.0
CYS,101,CB,1582,28.774,-1.377,7.936,-0.1231,0.0,0.0
CYS,101,SG,1583,29.646,0.161,7.64,-0.3119,0.0,0.0
CYS,101,H,1584,26.189,-0.629,9.15,0.2719,0.0,0.0
CYS,101,HA,1585,27.31,-0.956,6.421,0.1124,0.0,0.0
CYS,101,1HB,1586,28.801,-1.605,9.003,0.1112,0.0,0.0
CYS,101,2HB,1587,29.294,-2.182,7.428,0.1112,0.0,0.0
ASP,102,N,1588,26.383,-3.177,6.305,-0.5163,0.0,0.0
ASP,102,CA,1589,25.678,-4.426,6.084,0.0381,0.0,0.0
ASP,102,C,1590,26.697,-5.48,5.71,0.5366,0.0,0.0
ASP,102,O,1591,27.225,-5.467,4.604,-0.5819,0.0,0.0
ASP,102,CB,1592,24.63,-4.243,4.983,-0.0303,0.0,0.0
ASP,102,CG,1593,23.766,-5.467,4.734,0.7994,0.0,0.0
ASP,102,OD1,1594,24.045,-6.498,5.29,-0.8014,0.0,0.0
ASP,102,OD2,1595,22.824,-5.355,3.98,-0.8014,0.0,0.0
ASP,102,H,1596,26.532,-2.596,5.495,0.2936,0.0,0.0
ASP,102,HA,1597,25.17,-4.719,7.002,0.088,0.0,0.0
ASP,102,1HB,1598,23.971,-3.413,5.246,-0.0122,0.0,0.0
ASP,102,2HB,1599,25.135,-3.989,4.066,-0.0122,0.0,0.0
LEU,103,N,1600,26.949,-6.383,6.636,-0.4157,0.0,0.0
LEU,103,CA,1601,27.99,-7.391,6.539,-0.0518,0.0,0.0
LEU,103,C,1602,27.452,-8.704,5.989,0.5973,0.0,0.0
LEU,103,O,1603,26.535,-9.3,6.547,-0.5679,0.0,0.0
LEU,103,CB,1604,28.571,-7.566,7.951,-0.1102,0.0,0.0
LEU,103,CG,1605,29.689,-8.504,8.124,0.3531,0.0,0.0
LEU,103,CD1,1606,30.854,-7.932,7.417,-0.4121,0.0,0.0
LEU,103,CD2,1607,29.977,-8.719,9.618,-0.4121,0.0,0.0
LEU,103,H,1608,26.43,-6.341,7.491,0.2719,0.0,0.0
LEU,103,HA,1609,28.76,-7.03,5.859,0.0922,0.0,0.0
LEU,103,1HB,1610,28.911,-6.605,8.285,0.0457,0.0,0.0
LEU,103,2HB,1611,27.783,-7.905,8.61,0.0457,0.0,0.0
LEU,103,HG,1612,29.444,-9.464,7.671,-0.0361,0.0,0.0
LEU,103,1HD1,1613,31.667,-8.585,7.526,0.1,0.0,0.0
LEU,103,2HD1,1614,30.615,-7.816,6.371,0.1,0.0,0.0
LEU,103,3HD1,1615,31.101,-6.963,7.844,0.1,0.0,0.0
LEU,103,1HD2,1616,30.807,-9.416,9.733,0.1,0.0,0.0
LEU,103,2HD2,1617,30.237,-7.773,10.081,0.1,0.0,0.0
LEU,103,3HD2,1618,29.093,-9.126,10.102,0.1,0.0,0.0
GLY,104,N,1619,28.096,-9.221,4.95,-0.4157,0.0,0.0
GLY,104,CA,1620,27.684,-10.49,4.363,-0.0252,0.0,0.0
GLY,104,C,1621,28.041,-11.648,5.301,0.5973,0.0,0.0
GLY,104,O,1622,28.967,-11.53,6.1,-0.5679,0.0,0.0
GLY,104,H,1623,28.898,-8.743,4.574,0.2719,0.0,0.0
GLY,104,1HA,1624,26.615,-10.442,4.192,0.0698,0.0,0.0
GLY,104,2HA,1625,28.172,-10.624,3.399,0.0698,0.0,0.0
PRO,105,N,1626,27.476,-12.851,5.066,-0.2548,0.0,0.0
PRO,105,CA,1627,27.752,-14.124,5.738,-0.0266,0.0,0.0
PRO,105,C,1628,29.223,-14.541,5.734,0.5896,0.0,0.0
PRO,105,O,1629,29.65,-15.334,6.574,-0.5748,0.0,0.0
PRO,105,CB,1630,26.902,-15.114,4.928,-0.007,0.0,0.0
PRO,105,CG,1631,25.755,-14.291,4.423,0.0189,0.0,0.0
PRO,105,CD,1632,26.331,-12.942,4.131,0.0192,0.0,0.0
PRO,105,HA,1633,27.405,-14.051,6.778,0.0641,0.0,0.0
PRO,105,1HB,1634,27.504,-15.549,4.117,0.0253,0.0,0.0
PRO,105,2HB,1635,26.578,-15.945,5.571,0.0253,0.0,0.0
PRO,105,1HG,1636,25.32,-14.758,3.53,0.0213,0.0,0.0
PRO,105,2HG,1637,24.962,-14.245,5.174,0.0213,0.0,0.0
PRO,105,1HD,1638,26.669,-12.88,3.087,0.0391,0.0,0.0
PRO,105,2HD,1639,25.551,-12.211,4.338,0.0391,0.0,0.0
ASP,106,N,1640,29.994,-14.008,4.788,-0.5163,0.0,0.0
ASP,106,CA,1641,31.407,-14.335,4.635,0.0381,0.0,0.0
ASP,106,C,1642,32.321,-13.534,5.557,0.5366,0.0,0.0
ASP,106,O,1643,33.474,-13.911,5.768,-0.5819,0.0,0.0
ASP,106,CB,1644,31.842,-14.105,3.186,-0.0303,0.0,0.0
ASP,106,CG,1645,31.21,-15.097,2.211,0.7994,0.0,0.0
ASP,106,OD1,1646,30.843,-16.166,2.637,-0.8014,0.0,0.0
ASP,106,OD2,1647,31.103,-14.776,1.051,-0.8014,0.0,0.0
ASP,106,H,1648,29.58,-13.353,4.14,0.2936,0.0,0.0
ASP,106,HA,1649,31.54,-15.388,4.884,0.088,0.0,0.0
ASP,106,1HB,1650,31.567,-13.092,2.883,-0.0122,0.0,0.0
ASP,106,2HB,1651,32.927,-14.185,3.112,-0.0122,0.0,0.0
GLY,107,N,1652,31.767,-12.519,6.221,-0.4157,0.0,0.0
GLY,107,CA,1653,32.577,-11.607,7.022,-0.0252,0.0,0.0
GLY,107,C,1654,33.008,-10.42,6.163,0.5973,0.0,0.0
GLY,107,O,1655,33.648,-9.483,6.645,-0.5679,0.0,0.0
GLY,107,H,1656,30.837,-12.222,5.965,0.2719,0.0,0.0
GLY,107,1HA,1657,32.002,-11.265,7.884,0.0698,0.0,0.0
GLY,107,2HA,1658,33.448,-12.129,7.413,0.0698,0.0,0.0
ARG,108,N,1659,32.649,-10.482,4.879,-0.3479,0.0,0.0
ARG,108,CA,1660,32.961,-9.438,3.912,-0.2637,0.0,0.0
ARG,108,C,1661,31.835,-8.417,3.901,0.7341,0.0,0.0
ARG,108,O,1662,30.668,-8.793,3.909,-0.5894,0.0,0.0
ARG,108,CB,1663,33.171,-10.042,2.535,-0.0007,0.0,0.0
ARG,108,CG,1664,34.361,-10.978,2.438,0.039,0.0,0.0
ARG,108,CD,1665,34.496,-11.557,1.081,0.0486,0.0,0.0
ARG,108,NE,1666,35.622,-12.473,0.993,-0.5295,0.0,0.0
ARG,108,CZ,1667,35.945,-13.186,-0.103,0.8076,0.0,0.0
ARG,108,NH1,1668,35.222,-13.079,-1.196,-0.8627,0.0,0.0
ARG,108,NH2,1669,36.992,-13.994,-0.08,-0.8627,0.0,0.0
ARG,108,H,1670,32.157,-11.299,4.551,0.2747,0.0,0.0
ARG,108,HA,1671,33.87,-8.925,4.225,0.156,0.0,0.0
ARG,108,1HB,1672,32.282,-10.6,2.244,0.0327,0.0,0.0
ARG,108,2HB,1673,33.312,-9.245,1.806,0.0327,0.0,0.0
ARG,108,1HG,1674,35.274,-10.429,2.669,0.0285,0.0,0.0
ARG,108,2HG,1675,34.236,-11.797,3.151,0.0285,0.0,0.0
ARG,108,1HD,1676,33.587,-12.105,0.829,0.0687,0.0,0.0
ARG,108,2HD,1677,34.651,-10.757,0.358,0.0687,0.0,0.0
ARG,108,HE,1678,36.203,-12.583,1.814,0.3456,0.0,0.0
ARG,108,1HH1,1679,34.423,-12.461,-1.214,0.4478,0.0,0.0
ARG,108,2HH1,1680,35.466,-13.614,-2.017,0.4478,0.0,0.0
ARG,108,1HH2,1681,37.548,-14.076,0.76,0.4478,0.0,0.0
ARG,108,2HH2,1682,37.234,-14.528,-0.901,0.4478,0.0,0.0
LEU,109,N,1683,32.176,-7.144,3.75,-0.4157,0.0,0.0
LEU,109,CA,1684,31.157,-6.099,3.676,-0.0518,0.0,0.0
LEU,109,C,1685,30.37,-6.106,2.375,0.5973,0.0,0.0
LEU,109,O,1686,30.945,-6.071,1.286,-0.5679,0.0,0.0
LEU,109,CB,1687,31.79,-4.717,3.851,-0.1102,0.0,0.0
LEU,109,CG,1688,30.79,-3.544,3.851,0.3531,0.0,0.0
LEU,109,CD1,1689,29.905,-3.652,5.061,-0.4121,0.0,0.0
LEU,109,CD2,1690,31.541,-2.25,3.841,-0.4121,0.0,0.0
LEU,109,H,1691,33.152,-6.889,3.687,0.2719,0.0,0.0
LEU,109,HA,1692,30.458,-6.254,4.494,0.0922,0.0,0.0
LEU,109,1HB,1693,32.329,-4.703,4.792,0.0457,0.0,0.0
LEU,109,2HB,1694,32.504,-4.553,3.045,0.0457,0.0,0.0
LEU,109,HG,1695,30.156,-3.596,2.97,-0.0361,0.0,0.0
LEU,109,1HD1,1696,29.196,-2.825,5.065,0.1,0.0,0.0
LEU,109,2HD1,1697,29.374,-4.578,5.027,0.1,0.0,0.0
LEU,109,3HD1,1698,30.501,-3.615,5.95,0.1,0.0,0.0
LEU,109,1HD2,1699,30.833,-1.418,3.84,0.1,0.0,0.0
LEU,109,2HD2,1700,32.167,-2.196,4.727,0.1,0.0,0.0
LEU,109,3HD2,1701,32.164,-2.197,2.95,0.1,0.0,0.0
LEU,110,N,1702,29.047,-6.09,2.496,-0.4157,0.0,0.0
LEU,110,CA,1703,28.167,-6.062,1.337,-0.0518,0.0,0.0
LEU,110,C,1704,27.968,-4.625,0.866,0.5973,0.0,0.0
LEU,110,O,1705,28.224,-4.303,-0.295,-0.5679,0.0,0.0
LEU,110,CB,1706,26.811,-6.699,1.662,-0.1102,0.0,0.0
LEU,110,CG,1707,25.8,-6.714,0.522,0.3531,0.0,0.0
LEU,110,CD1,1708,26.348,-7.549,-0.619,-0.4121,0.0,0.0
LEU,110,CD2,1709,24.487,-7.27,1.039,-0.4121,0.0,0.0
LEU,110,H,1710,28.632,-6.172,3.411,0.2719,0.0,0.0
LEU,110,HA,1711,28.628,-6.638,0.536,0.0922,0.0,0.0
LEU,110,1HB,1712,26.977,-7.73,1.972,0.0457,0.0,0.0
LEU,110,2HB,1713,26.359,-6.167,2.487,0.0457,0.0,0.0
LEU,110,HG,1714,25.647,-5.701,0.15,-0.0361,0.0,0.0
LEU,110,1HD1,1715,25.628,-7.564,-1.437,0.1,0.0,0.0
LEU,110,2HD1,1716,27.285,-7.116,-0.969,0.1,0.0,0.0
LEU,110,3HD1,1717,26.523,-8.567,-0.273,0.1,0.0,0.0
LEU,110,1HD2,1718,23.756,-7.286,0.231,0.1,0.0,0.0
LEU,110,2HD2,1719,24.642,-8.284,1.408,0.1,0.0,0.0
LEU,110,3HD2,1720,24.121,-6.641,1.85,0.1,0.0,0.0
ARG,111,N,1721,27.527,-3.764,1.784,-0.3479,0.0,0.0
ARG,111,CA,1722,27.244,-2.366,1.436,-0.2637,0.0,0.0
ARG,111,C,1723,27.225,-1.416,2.639,0.7341,0.0,0.0
ARG,111,O,1724,26.968,-1.822,3.767,-0.5894,0.0,0.0
ARG,111,CB,1725,25.903,-2.297,0.722,-0.0007,0.0,0.0
ARG,111,CG,1726,24.741,-2.818,1.531,0.039,0.0,0.0
ARG,111,CD,1727,23.476,-2.751,0.793,0.0486,0.0,0.0
ARG,111,NE,1728,22.369,-3.318,1.56,-0.5295,0.0,0.0
ARG,111,CZ,1729,21.087,-3.321,1.152,0.8076,0.0,0.0
ARG,111,NH1,1730,20.766,-2.789,-0.008,-0.8627,0.0,0.0
ARG,111,NH2,1731,20.149,-3.856,1.913,-0.8627,0.0,0.0
ARG,111,H,1732,27.342,-4.11,2.723,0.2747,0.0,0.0
ARG,111,HA,1733,28.037,-2.019,0.775,0.156,0.0,0.0
ARG,111,1HB,1734,25.687,-1.263,0.452,0.0327,0.0,0.0
ARG,111,2HB,1735,25.95,-2.871,-0.203,0.0327,0.0,0.0
ARG,111,1HG,1736,24.925,-3.857,1.795,0.0285,0.0,0.0
ARG,111,2HG,1737,24.638,-2.222,2.436,0.0285,0.0,0.0
ARG,111,1HD,1738,23.241,-1.71,0.57,0.0687,0.0,0.0
ARG,111,2HD,1739,23.569,-3.311,-0.138,0.0687,0.0,0.0
ARG,111,HE,1740,22.577,-3.738,2.465,0.3456,0.0,0.0
ARG,111,1HH1,1741,21.481,-2.379,-0.591,0.4478,0.0,0.0
ARG,111,2HH1,1742,19.804,-2.793,-0.315,0.4478,0.0,0.0
ARG,111,1HH2,1743,20.395,-4.264,2.805,0.4478,0.0,0.0
ARG,111,2HH2,1744,19.189,-3.858,1.606,0.4478,0.0,0.0
GLY,112,N,1745,27.513,-0.133,2.379,-0.4157,0.0,0.0
GLY,112,CA,1746,27.457,0.9,3.416,-0.0252,0.0,0.0
GLY,112,C,1747,26.222,1.794,3.273,0.5973,0.0,0.0
GLY,112,O,1748,25.664,1.914,2.183,-0.5679,0.0,0.0
GLY,112,H,1749,27.733,0.14,1.432,0.2719,0.0,0.0
GLY,112,1HA,1750,27.447,0.428,4.397,0.0698,0.0,0.0
GLY,112,2HA,1751,28.354,1.514,3.362,0.0698,0.0,0.0
HIE,113,N,1752,25.938,2.57,4.322,-0.4157,0.0,0.0
HIE,113,CA,1753,24.757,3.428,4.354,-0.0581,0.0,0.0
HIE,113,C,1754,25.007,4.801,4.975,0.5973,0.0,0.0
HIE,113,O,1755,25.62,4.925,6.036,-0.5679,0.0,0.0
HIE,113,CB,1756,23.634,2.733,5.12,-0.0074,0.0,0.0
HIE,113,CG,1757,23.207,1.444,4.514,0.1868,0.0,0.0
HIE,113,CD2,1758,23.517,0.165,4.833,-0.2207,0.0,0.0
HIE,113,ND1,1759,22.349,1.376,3.438,-0.5432,0.0,0.0
HIE,113,CE1,1760,22.152,0.108,3.12,0.1635,0.0,0.0
HIE,113,NE2,1761,22.848,-0.642,3.952,-0.2795,0.0,0.0
HIE,113,H,1762,26.364,2.341,5.202,0.2719,0.0,0.0
HIE,113,HA,1763,24.417,3.608,3.336,0.136,0.0,0.0
HIE,113,1HB,1764,23.953,2.539,6.144,0.0367,0.0,0.0
HIE,113,2HB,1765,22.779,3.395,5.162,0.0367,0.0,0.0
HIE,113,HD2,1766,24.176,-0.162,5.641,0.1862,0.0,0.0
HIE,113,HE1,1767,21.521,-0.256,2.31,0.1435,0.0,0.0
HIE,113,HE2,1768,22.887,-1.653,3.944,0.3339,0.0,0.0
ASN,114,N,1769,24.215,5.768,4.498,-0.4157,0.0,0.0
ASN,114,CA,1770,24.144,7.114,5.067,0.0143,0.0,0.0
ASN,114,C,1771,22.897,7.844,4.549,0.5973,0.0,0.0
ASN,114,O,1772,22.863,8.307,3.415,-0.5679,0.0,0.0
ASN,114,CB,1773,25.372,7.939,4.781,-0.2041,0.0,0.0
ASN,114,CG,1774,25.313,9.25,5.468,0.713,0.0,0.0
ASN,114,ND2,1775,26.423,9.775,5.787,-0.9191,0.0,0.0
ASN,114,OD1,1776,24.23,9.79,5.711,-0.5931,0.0,0.0
ASN,114,H,1777,23.714,5.593,3.639,0.2719,0.0,0.0
ASN,114,HA,1778,24.031,7.032,6.136,0.1048,0.0,0.0
ASN,114,1HB,1779,26.263,7.401,5.108,0.0797,0.0,0.0
ASN,114,2HB,1780,25.464,8.094,3.74,0.0797,0.0,0.0
ASN,114,1HD2,1781,26.443,10.66,6.253,0.4196,0.0,0.0
ASN,114,2HD2,1782,27.274,9.306,5.573,0.4196,0.0,0.0
GLN,115,N,1783,21.876,7.987,5.394,-0.4157,0.0,0.0
GLN,115,CA,1784,20.633,8.619,4.953,-0.0031,0.0,0.0
GLN,115,C,1785,20.189,9.764,5.872,0.5973,0.0,0.0
GLN,115,O,1786,20.309,9.684,7.086,-0.5679,0.0,0.0
GLN,115,CB,1787,19.525,7.569,4.86,-0.0036,0.0,0.0
GLN,115,CG,1788,19.789,6.482,3.832,-0.0645,0.0,0.0
GLN,115,CD,1789,18.668,5.47,3.76,0.6951,0.0,0.0
GLN,115,NE2,1790,18.816,4.487,2.881,-0.9407,0.0,0.0
GLN,115,OE1,1791,17.677,5.568,4.487,-0.6086,0.0,0.0
GLN,115,H,1792,21.966,7.659,6.343,0.2719,0.0,0.0
GLN,115,HA,1793,20.801,9.073,3.979,0.085,0.0,0.0
GLN,115,1HB,1794,19.395,7.092,5.831,0.0171,0.0,0.0
GLN,115,2HB,1795,18.584,8.056,4.604,0.0171,0.0,0.0
GLN,115,1HG,1796,19.896,6.942,2.854,0.0352,0.0,0.0
GLN,115,2HG,1797,20.707,5.955,4.1,0.0352,0.0,0.0
GLN,115,1HE2,1798,18.106,3.786,2.788,0.4251,0.0,0.0
GLN,115,2HE2,1799,19.636,4.444,2.31,0.4251,0.0,0.0
LEU,116,N,1800,19.696,10.846,5.266,-0.4157,0.0,0.0
LEU,116,CA,1801,19.209,12.042,5.961,-0.0518,0.0,0.0
LEU,116,C,1802,17.721,12.289,5.725,0.5973,0.0,0.0
LEU,116,O,1803,17.319,12.47,4.574,-0.5679,0.0,0.0
LEU,116,CB,1804,20.0,13.285,5.518,-0.1102,0.0,0.0
LEU,116,CG,1805,21.447,13.461,5.952,0.3531,0.0,0.0
LEU,116,CD1,1806,22.378,12.541,5.122,-0.4121,0.0,0.0
LEU,116,CD2,1807,21.812,14.918,5.777,-0.4121,0.0,0.0
LEU,116,H,1808,19.711,10.88,4.265,0.2719,0.0,0.0
LEU,116,HA,1809,19.372,11.906,7.029,0.0922,0.0,0.0
LEU,116,1HB,1810,20.011,13.301,4.448,0.0457,0.0,0.0
LEU,116,2HB,1811,19.477,14.17,5.878,0.0457,0.0,0.0
LEU,116,HG,1812,21.559,13.175,6.981,-0.0361,0.0,0.0
LEU,116,1HD1,1813,23.409,12.678,5.445,0.1,0.0,0.0
LEU,116,2HD1,1814,22.101,11.514,5.26,0.1,0.0,0.0
LEU,116,3HD1,1815,22.294,12.793,4.068,0.1,0.0,0.0
LEU,116,1HD2,1816,22.837,15.071,6.08,0.1,0.0,0.0
LEU,116,2HD2,1817,21.698,15.196,4.741,0.1,0.0,0.0
LEU,116,3HD2,1818,21.166,15.532,6.383,0.1,0.0,0.0
ALA,117,N,1819,16.991,12.644,6.784,-0.4157,0.0,0.0
ALA,117,CA,1820,15.58,12.99,6.656,0.0337,0.0,0.0
ALA,117,C,1821,15.292,14.266,7.444,0.5973,0.0,0.0
ALA,117,O,1822,15.715,14.415,8.582,-0.5679,0.0,0.0
ALA,117,CB,1823,14.692,11.846,7.119,-0.1825,0.0,0.0
ALA,117,H,1824,17.353,12.456,7.705,0.2719,0.0,0.0
ALA,117,HA,1825,15.382,13.183,5.609,0.0823,0.0,0.0
ALA,117,1HB,1826,13.645,12.124,6.99,0.0603,0.0,0.0
ALA,117,2HB,1827,14.908,10.958,6.527,0.0603,0.0,0.0
ALA,117,3HB,1828,14.885,11.64,8.165,0.0603,0.0,0.0
TYR,118,N,1829,14.362,15.079,6.967,-0.4157,0.0,0.0
TYR,118,CA,1830,14.012,16.274,7.728,-0.0014,0.0,0.0
TYR,118,C,1831,12.502,16.464,7.782,0.5973,0.0,0.0
TYR,118,O,1832,11.774,16.232,6.819,-0.5679,0.0,0.0
TYR,118,CB,1833,14.691,17.498,7.112,-0.0152,0.0,0.0
TYR,118,CG,1834,14.463,18.803,7.815,-0.0011,0.0,0.0
TYR,118,CD1,1835,15.139,19.079,8.993,-0.1906,0.0,0.0
TYR,118,CD2,1836,13.582,19.725,7.291,-0.1906,0.0,0.0
TYR,118,CE1,1837,14.934,20.271,9.641,-0.2341,0.0,0.0
TYR,118,CE2,1838,13.375,20.922,7.941,-0.2341,0.0,0.0
TYR,118,CZ,1839,14.045,21.193,9.106,0.3226,0.0,0.0
TYR,118,OH,1840,13.838,22.374,9.743,-0.5579,0.0,0.0
TYR,118,H,1841,13.929,14.888,6.077,0.2719,0.0,0.0
TYR,118,HA,1842,14.355,16.148,8.746,0.0876,0.0,0.0
TYR,118,1HB,1843,15.77,17.333,7.08,0.0295,0.0,0.0
TYR,118,2HB,1844,14.361,17.631,6.107,0.0295,0.0,0.0
TYR,118,HD1,1845,15.836,18.348,9.407,0.1699,0.0,0.0
TYR,118,HD2,1846,13.049,19.505,6.365,0.1699,0.0,0.0
TYR,118,HE1,1847,15.466,20.489,10.567,0.1656,0.0,0.0
TYR,118,HE2,1848,12.677,21.654,7.53,0.1656,0.0,0.0
TYR,118,HH,1849,13.201,22.897,9.249,0.3992,0.0,0.0
ASP,119,N,1850,11.999,16.489,9.014,-0.5163,0.0,0.0
ASP,119,CA,1851,10.569,16.43,9.296,0.0381,0.0,0.0
ASP,119,C,1852,9.964,15.111,8.809,0.5366,0.0,0.0
ASP,119,O,1853,8.791,15.051,8.439,-0.5819,0.0,0.0
ASP,119,CB,1854,9.847,17.614,8.638,-0.0303,0.0,0.0
ASP,119,CG,1855,8.504,17.941,9.291,0.7994,0.0,0.0
ASP,119,OD1,1856,8.358,17.693,10.465,-0.8014,0.0,0.0
ASP,119,OD2,1857,7.639,18.433,8.607,-0.8014,0.0,0.0
ASP,119,H,1858,12.632,16.401,9.792,0.2936,0.0,0.0
ASP,119,HA,1859,10.43,16.5,10.375,0.088,0.0,0.0
ASP,119,1HB,1860,10.483,18.501,8.691,-0.0122,0.0,0.0
ASP,119,2HB,1861,9.672,17.399,7.585,-0.0122,0.0,0.0
GLY,120,N,1862,10.786,14.061,8.808,-0.4157,0.0,0.0
GLY,120,CA,1863,10.38,12.715,8.426,-0.0252,0.0,0.0
GLY,120,C,1864,10.496,12.416,6.924,0.5973,0.0,0.0
GLY,120,O,1865,10.29,11.274,6.511,-0.5679,0.0,0.0
GLY,120,H,1866,11.745,14.204,9.089,0.2719,0.0,0.0
GLY,120,1HA,1867,10.994,11.994,8.967,0.0698,0.0,0.0
GLY,120,2HA,1868,9.344,12.559,8.726,0.0698,0.0,0.0
LYS,121,N,1869,10.846,13.417,6.109,-0.3479,0.0,0.0
LYS,121,CA,1870,10.954,13.201,4.663,-0.24,0.0,0.0
LYS,121,C,1871,12.398,12.967,4.262,0.7341,0.0,0.0
LYS,121,O,1872,13.291,13.689,4.674,-0.5894,0.0,0.0
LYS,121,CB,1873,10.388,14.382,3.875,-0.0094,0.0,0.0
LYS,121,CG,1874,10.447,14.185,2.356,0.0187,0.0,0.0
LYS,121,CD,1875,9.771,15.314,1.598,-0.0479,0.0,0.0
LYS,121,CE,1876,9.873,15.1,0.093,-0.0143,0.0,0.0
LYS,121,NZ,1877,9.199,16.186,-0.673,-0.3854,0.0,0.0
LYS,121,H,1878,10.986,14.346,6.479,0.2747,0.0,0.0
LYS,121,HA,1879,10.394,12.304,4.401,0.1426,0.0,0.0
LYS,121,1HB,1880,9.35,14.548,4.16,0.0362,0.0,0.0
LYS,121,2HB,1881,10.935,15.277,4.122,0.0362,0.0,0.0
LYS,121,1HG,1882,11.489,14.129,2.036,0.0103,0.0,0.0
LYS,121,2HG,1883,9.954,13.25,2.095,0.0103,0.0,0.0
LYS,121,1HD,1884,8.719,15.365,1.881,0.0621,0.0,0.0
LYS,121,2HD,1885,10.237,16.254,1.851,0.0621,0.0,0.0
LYS,121,1HE,1886,10.927,15.066,-0.19,0.1135,0.0,0.0
LYS,121,2HE,1887,9.411,14.147,-0.163,0.1135,0.0,0.0
LYS,121,1HZ,1888,9.29,16.006,-1.663,0.34,0.0,0.0
LYS,121,2HZ,1889,8.22,16.217,-0.425,0.34,0.0,0.0
LYS,121,3HZ,1890,9.63,17.072,-0.451,0.34,0.0,0.0
ASP,122,N,1891,12.611,11.976,3.406,-0.5163,0.0,0.0
ASP,122,CA,1892,13.939,11.613,2.923,0.0381,0.0,0.0
ASP,122,C,1893,14.515,12.619,1.939,0.5366,0.0,0.0
ASP,122,O,1894,13.965,12.816,0.855,-0.5819,0.0,0.0
ASP,122,CB,1895,13.879,10.226,2.271,-0.0303,0.0,0.0
ASP,122,CG,1896,15.231,9.692,1.803,0.7994,0.0,0.0
ASP,122,OD1,1897,16.178,10.434,1.796,-0.8014,0.0,0.0
ASP,122,OD2,1898,15.296,8.537,1.456,-0.8014,0.0,0.0
ASP,122,H,1899,11.822,11.431,3.091,0.2936,0.0,0.0
ASP,122,HA,1900,14.615,11.584,3.777,0.088,0.0,0.0
ASP,122,1HB,1901,13.462,9.513,2.983,-0.0122,0.0,0.0
ASP,122,2HB,1902,13.214,10.262,1.409,-0.0122,0.0,0.0
TYR,123,N,1903,15.584,13.302,2.346,-0.4157,0.0,0.0
TYR,123,CA,1904,16.198,14.307,1.491,-0.0014,0.0,0.0
TYR,123,C,1905,17.588,13.982,0.952,0.5973,0.0,0.0
TYR,123,O,1906,17.827,14.123,-0.242,-0.5679,0.0,0.0
TYR,123,CB,1907,16.305,15.672,2.155,-0.0152,0.0,0.0
TYR,123,CG,1908,15.0,16.34,2.407,-0.0011,0.0,0.0
TYR,123,CD1,1909,14.384,16.221,3.602,-0.1906,0.0,0.0
TYR,123,CD2,1910,14.417,17.092,1.396,-0.1906,0.0,0.0
TYR,123,CE1,1911,13.18,16.849,3.808,-0.2341,0.0,0.0
TYR,123,CE2,1912,13.214,17.716,1.613,-0.2341,0.0,0.0
TYR,123,CZ,1913,12.598,17.593,2.818,0.3226,0.0,0.0
TYR,123,OH,1914,11.39,18.215,3.046,-0.5579,0.0,0.0
TYR,123,H,1915,16.012,13.075,3.229,0.2719,0.0,0.0
TYR,123,HA,1916,15.577,14.402,0.614,0.0876,0.0,0.0
TYR,123,1HB,1917,16.82,15.569,3.111,0.0295,0.0,0.0
TYR,123,2HB,1918,16.893,16.324,1.537,0.0295,0.0,0.0
TYR,123,HD1,1919,14.843,15.632,4.388,0.1699,0.0,0.0
TYR,123,HD2,1920,14.913,17.188,0.433,0.1699,0.0,0.0
TYR,123,HE1,1921,12.689,16.755,4.754,0.1656,0.0,0.0
TYR,123,HE2,1922,12.755,18.303,0.828,0.1656,0.0,0.0
TYR,123,HH,1923,11.098,18.024,3.941,0.3992,0.0,0.0
ILE,124,N,1924,18.501,13.49,1.776,-0.4157,0.0,0.0
ILE,124,CA,1925,19.833,13.262,1.206,-0.0597,0.0,0.0
ILE,124,C,1926,20.404,11.89,1.519,0.5973,0.0,0.0
ILE,124,O,1927,20.33,11.413,2.642,-0.5679,0.0,0.0
ILE,124,CB,1928,20.827,14.319,1.691,0.1303,0.0,0.0
ILE,124,CG1,1929,20.384,15.677,1.341,-0.043,0.0,0.0
ILE,124,CG2,1930,22.148,14.065,1.133,-0.3204,0.0,0.0
ILE,124,CD1,1931,21.206,16.717,1.952,-0.066,0.0,0.0
ILE,124,H,1932,18.269,13.219,2.728,0.2719,0.0,0.0
ILE,124,HA,1933,19.757,13.325,0.132,0.0869,0.0,0.0
ILE,124,HB,1934,20.89,14.292,2.755,0.0187,0.0,0.0
ILE,124,1HG1,1935,20.413,15.783,0.262,0.0236,0.0,0.0
ILE,124,2HG1,1936,19.362,15.813,1.659,0.0236,0.0,0.0
ILE,124,1HG2,1937,22.805,14.817,1.492,0.0882,0.0,0.0
ILE,124,2HG2,1938,22.484,13.093,1.448,0.0882,0.0,0.0
ILE,124,3HG2,1939,22.1,14.098,0.042,0.0882,0.0,0.0
ILE,124,1HD1,1940,20.832,17.676,1.66,0.0186,0.0,0.0
ILE,124,2HD1,1941,21.168,16.625,3.031,0.0186,0.0,0.0
ILE,124,3HD1,1942,22.238,16.609,1.616,0.0186,0.0,0.0
ALA,125,N,1943,20.862,11.177,0.497,-0.4157,0.0,0.0
ALA,125,CA,1944,21.37,9.844,0.768,0.0337,0.0,0.0
ALA,125,C,1945,22.655,9.551,0.011,0.5973,0.0,0.0
ALA,125,O,1946,22.837,9.958,-1.131,-0.5679,0.0,0.0
ALA,125,CB,1947,20.317,8.805,0.431,-0.1825,0.0,0.0
ALA,125,H,1948,20.803,11.543,-0.446,0.2719,0.0,0.0
ALA,125,HA,1949,21.603,9.778,1.826,0.0823,0.0,0.0
ALA,125,1HB,1950,20.705,7.811,0.659,0.0603,0.0,0.0
ALA,125,2HB,1951,19.42,8.992,1.024,0.0603,0.0,0.0
ALA,125,3HB,1952,20.074,8.866,-0.629,0.0603,0.0,0.0
LEU,126,N,1953,23.569,8.859,0.668,-0.4157,0.0,0.0
LEU,126,CA,1954,24.808,8.484,0.019,-0.0518,0.0,0.0
LEU,126,C,1955,24.548,7.233,-0.791,0.5973,0.0,0.0
LEU,126,O,1956,23.985,6.262,-0.283,-0.5679,0.0,0.0
LEU,126,CB,1957,25.908,8.238,1.05,-0.1102,0.0,0.0
LEU,126,CG,1958,27.258,7.873,0.503,0.3531,0.0,0.0
LEU,126,CD1,1959,27.811,9.031,-0.308,-0.4121,0.0,0.0
LEU,126,CD2,1960,28.173,7.522,1.656,-0.4121,0.0,0.0
LEU,126,H,1961,23.406,8.587,1.624,0.2719,0.0,0.0
LEU,126,HA,1962,25.128,9.289,-0.641,0.0922,0.0,0.0
LEU,126,1HB,1963,26.035,9.118,1.642,0.0457,0.0,0.0
LEU,126,2HB,1964,25.588,7.434,1.701,0.0457,0.0,0.0
LEU,126,HG,1965,27.156,7.023,-0.158,-0.0361,0.0,0.0
LEU,126,1HD1,1966,28.789,8.766,-0.705,0.1,0.0,0.0
LEU,126,2HD1,1967,27.144,9.248,-1.123,0.1,0.0,0.0
LEU,126,3HD1,1968,27.903,9.899,0.323,0.1,0.0,0.0
LEU,126,1HD2,1969,29.16,7.253,1.275,0.1,0.0,0.0
LEU,126,2HD2,1970,28.259,8.363,2.302,0.1,0.0,0.0
LEU,126,3HD2,1971,27.758,6.68,2.206,0.1,0.0,0.0
ASN,127,N,1972,24.752,7.34,-2.091,-0.4157,0.0,0.0
ASN,127,CA,1973,24.537,6.23,-2.996,0.0143,0.0,0.0
ASN,127,C,1974,25.357,5.024,-2.588,0.5973,0.0,0.0
ASN,127,O,1975,26.409,5.164,-1.972,-0.5679,0.0,0.0
ASN,127,CB,1976,24.88,6.631,-4.415,-0.2041,0.0,0.0
ASN,127,CG,1977,23.928,7.669,-4.934,0.713,0.0,0.0
ASN,127,ND2,1978,24.338,8.409,-5.932,-0.9191,0.0,0.0
ASN,127,OD1,1979,22.811,7.796,-4.42,-0.5931,0.0,0.0
ASN,127,H,1980,25.301,8.113,-2.426,0.2719,0.0,0.0
ASN,127,HA,1981,23.483,5.949,-2.96,0.1048,0.0,0.0
ASN,127,1HB,1982,25.898,7.023,-4.451,0.0797,0.0,0.0
ASN,127,2HB,1983,24.85,5.755,-5.063,0.0797,0.0,0.0
ASN,127,1HD2,1984,23.738,9.113,-6.311,0.4196,0.0,0.0
ASN,127,2HD2,1985,25.25,8.269,-6.315,0.4196,0.0,0.0
GLU,128,N,1986,24.959,3.857,-3.091,-0.5163,0.0,0.0
GLU,128,CA,1987,25.649,2.594,-2.847,0.0397,0.0,0.0
GLU,128,C,1988,27.152,2.654,-3.135,0.5366,0.0,0.0
GLU,128,O,1989,27.937,1.985,-2.468,-0.5819,0.0,0.0
GLU,128,CB,1990,25.024,1.481,-3.689,0.056,0.0,0.0
GLU,128,CG,1991,25.607,0.095,-3.43,0.0136,0.0,0.0
GLU,128,CD,1992,24.906,-0.99,-4.201,0.8054,0.0,0.0
GLU,128,OE1,1993,23.984,-0.682,-4.919,-0.8188,0.0,0.0
GLU,128,OE2,1994,25.292,-2.127,-4.073,-0.8188,0.0,0.0
GLU,128,H,1995,24.08,3.828,-3.587,0.2936,0.0,0.0
GLU,128,HA,1996,25.53,2.343,-1.792,0.1105,0.0,0.0
GLU,128,1HB,1997,23.953,1.437,-3.495,-0.0173,0.0,0.0
GLU,128,2HB,1998,25.157,1.709,-4.748,-0.0173,0.0,0.0
GLU,128,1HG,1999,26.661,0.101,-3.706,-0.0425,0.0,0.0
GLU,128,2HG,2000,25.539,-0.122,-2.363,-0.0425,0.0,0.0
ASP,129,N,2001,27.544,3.438,-4.147,-0.5163,0.0,0.0
ASP,129,CA,2002,28.947,3.56,-4.556,0.0381,0.0,0.0
ASP,129,C,2003,29.818,4.178,-3.458,0.5366,0.0,0.0
ASP,129,O,2004,31.033,3.983,-3.433,-0.5819,0.0,0.0
ASP,129,CB,2005,29.063,4.417,-5.82,-0.0303,0.0,0.0
ASP,129,CG,2006,28.547,3.716,-7.074,0.7994,0.0,0.0
ASP,129,OD1,2007,28.324,2.531,-7.022,-0.8014,0.0,0.0
ASP,129,OD2,2008,28.379,4.378,-8.072,-0.8014,0.0,0.0
ASP,129,H,2009,26.848,3.954,-4.665,0.2936,0.0,0.0
ASP,129,HA,2010,29.335,2.562,-4.761,0.088,0.0,0.0
ASP,129,1HB,2011,28.499,5.343,-5.682,-0.0122,0.0,0.0
ASP,129,2HB,2012,30.107,4.687,-5.979,-0.0122,0.0,0.0
LEU,130,N,2013,29.165,4.914,-2.557,-0.4157,0.0,0.0
LEU,130,CA,2014,29.752,5.662,-1.445,-0.0518,0.0,0.0
LEU,130,C,2015,30.671,6.79,-1.916,0.5973,0.0,0.0
LEU,130,O,2016,31.514,7.267,-1.157,-0.5679,0.0,0.0
LEU,130,CB,2017,30.555,4.748,-0.509,-0.1102,0.0,0.0
LEU,130,CG,2018,29.78,3.547,0.064,0.3531,0.0,0.0
LEU,130,CD1,2019,30.7,2.746,0.982,-0.4121,0.0,0.0
LEU,130,CD2,2020,28.568,4.043,0.805,-0.4121,0.0,0.0
LEU,130,H,2021,28.18,5.056,-2.704,0.2719,0.0,0.0
LEU,130,HA,2022,28.949,6.107,-0.881,0.0922,0.0,0.0
LEU,130,1HB,2023,31.412,4.36,-1.042,0.0457,0.0,0.0
LEU,130,2HB,2024,30.919,5.343,0.329,0.0457,0.0,0.0
LEU,130,HG,2025,29.468,2.895,-0.739,-0.0361,0.0,0.0
LEU,130,1HD1,2026,30.156,1.893,1.391,0.1,0.0,0.0
LEU,130,2HD1,2027,31.558,2.389,0.416,0.1,0.0,0.0
LEU,130,3HD1,2028,31.042,3.378,1.796,0.1,0.0,0.0
LEU,130,1HD2,2029,28.017,3.196,1.211,0.1,0.0,0.0
LEU,130,2HD2,2030,28.879,4.682,1.601,0.1,0.0,0.0
LEU,130,3HD2,2031,27.927,4.597,0.122,0.1,0.0,0.0
SER,131,N,2032,30.486,7.235,-3.162,-0.4157,0.0,0.0
SER,131,CA,2033,31.271,8.332,-3.717,-0.0249,0.0,0.0
SER,131,C,2034,30.386,9.398,-4.37,0.5973,0.0,0.0
SER,131,O,2035,30.891,10.328,-5.002,-0.5679,0.0,0.0
SER,131,CB,2036,32.281,7.804,-4.715,0.2117,0.0,0.0
SER,131,OG,2037,31.643,7.174,-5.791,-0.6546,0.0,0.0
SER,131,H,2038,29.767,6.812,-3.731,0.2719,0.0,0.0
SER,131,HA,2039,31.795,8.829,-2.9,0.0843,0.0,0.0
SER,131,1HB,2040,32.893,8.626,-5.082,0.0352,0.0,0.0
SER,131,2HB,2041,32.945,7.097,-4.216,0.0352,0.0,0.0
SER,131,HG,2042,31.134,6.454,-5.411,0.4275,0.0,0.0
SER,132,N,2043,29.072,9.259,-4.224,-0.4157,0.0,0.0
SER,132,CA,2044,28.116,10.185,-4.835,-0.0249,0.0,0.0
SER,132,C,2045,26.842,10.277,-4.014,0.5973,0.0,0.0
SER,132,O,2046,26.422,9.29,-3.427,-0.5679,0.0,0.0
SER,132,CB,2047,27.791,9.729,-6.244,0.2117,0.0,0.0
SER,132,OG,2048,26.86,10.582,-6.849,-0.6546,0.0,0.0
SER,132,H,2049,28.721,8.487,-3.675,0.2719,0.0,0.0
SER,132,HA,2050,28.582,11.168,-4.908,0.0843,0.0,0.0
SER,132,1HB,2051,28.705,9.705,-6.837,0.0352,0.0,0.0
SER,132,2HB,2052,27.394,8.714,-6.212,0.0352,0.0,0.0
SER,132,HG,2053,26.075,10.55,-6.298,0.4275,0.0,0.0
TRP,133,N,2054,26.283,11.482,-3.936,-0.4157,0.0,0.0
TRP,133,CA,2055,25.063,11.776,-3.187,-0.0275,0.0,0.0
TRP,133,C,2056,23.806,11.967,-4.044,0.5973,0.0,0.0
TRP,133,O,2057,23.877,12.509,-5.147,-0.5679,0.0,0.0
TRP,133,CB,2058,25.272,13.024,-2.35,-0.005,0.0,0.0
TRP,133,CG,2059,26.261,12.941,-1.253,-0.1415,0.0,0.0
TRP,133,CD1,2060,27.573,13.297,-1.335,-0.1638,0.0,0.0
TRP,133,CD2,2061,26.069,12.484,0.096,0.1243,0.0,0.0
TRP,133,CE2,2062,27.287,12.595,0.745,0.138,0.0,0.0
TRP,133,CE3,2063,24.975,11.999,0.782,-0.2387,0.0,0.0
TRP,133,NE1,2064,28.191,13.091,-0.14,-0.3418,0.0,0.0
TRP,133,CZ2,2065,27.454,12.239,2.053,-0.2601,0.0,0.0
TRP,133,CZ3,2066,25.127,11.634,2.113,-0.1972,0.0,0.0
TRP,133,CH2,2067,26.337,11.753,2.731,-0.1134,0.0,0.0
TRP,133,H,2068,26.715,12.235,-4.449,0.2719,0.0,0.0
TRP,133,HA,2069,24.857,10.924,-2.541,0.1123,0.0,0.0
TRP,133,1HB,2070,25.584,13.811,-2.997,0.0339,0.0,0.0
TRP,133,2HB,2071,24.323,13.315,-1.893,0.0339,0.0,0.0
TRP,133,HD1,2072,28.055,13.692,-2.229,0.2062,0.0,0.0
TRP,133,HE1,2073,29.165,13.273,0.059,0.3412,0.0,0.0
TRP,133,HE3,2074,24.019,11.911,0.288,0.17,0.0,0.0
TRP,133,HZ2,2075,28.405,12.329,2.549,0.1572,0.0,0.0
TRP,133,HZ3,2076,24.255,11.251,2.648,0.1447,0.0,0.0
TRP,133,HH2,2077,26.428,11.462,3.765,0.1417,0.0,0.0
THR,134,N,2078,22.65,11.691,-3.446,-0.4157,0.0,0.0
THR,134,CA,2079,21.351,11.948,-4.062,-0.0389,0.0,0.0
THR,134,C,2080,20.583,12.974,-3.239,0.5973,0.0,0.0
THR,134,O,2081,20.407,12.816,-2.037,-0.5679,0.0,0.0
THR,134,CB,2082,20.502,10.67,-4.211,0.3654,0.0,0.0
THR,134,CG2,2083,19.137,11.015,-4.792,-0.2438,0.0,0.0
THR,134,OG1,2084,21.168,9.739,-5.078,-0.6761,0.0,0.0
THR,134,H,2085,22.666,11.15,-2.597,0.2719,0.0,0.0
THR,134,HA,2086,21.511,12.351,-5.061,0.1007,0.0,0.0
THR,134,HB,2087,20.374,10.203,-3.232,0.0043,0.0,0.0
THR,134,HG1,2088,21.865,9.277,-4.607,0.4102,0.0,0.0
THR,134,1HG2,2089,18.545,10.107,-4.892,0.0642,0.0,0.0
THR,134,2HG2,2090,18.622,11.71,-4.128,0.0642,0.0,0.0
THR,134,3HG2,2091,19.265,11.476,-5.77,0.0642,0.0,0.0
ALA,135,N,2092,20.162,14.057,-3.893,-0.4157,0.0,0.0
ALA,135,CA,2093,19.433,15.14,-3.232,0.0337,0.0,0.0
ALA,135,C,2094,17.997,15.22,-3.755,0.5973,0.0,0.0
ALA,135,O,2095,17.779,15.448,-4.945,-0.5679,0.0,0.0
ALA,135,CB,2096,20.164,16.457,-3.44,-0.1825,0.0,0.0
ALA,135,H,2097,20.345,14.133,-4.884,0.2719,0.0,0.0
ALA,135,HA,2098,19.385,14.931,-2.164,0.0823,0.0,0.0
ALA,135,1HB,2099,19.638,17.246,-2.957,0.0603,0.0,0.0
ALA,135,2HB,2100,21.162,16.389,-3.022,0.0603,0.0,0.0
ALA,135,3HB,2101,20.233,16.672,-4.503,0.0603,0.0,0.0
ALA,136,N,2102,17.026,15.1,-2.852,-0.4157,0.0,0.0
ALA,136,CA,2103,15.609,15.111,-3.198,0.0337,0.0,0.0
ALA,136,C,2104,15.158,16.409,-3.873,0.5973,0.0,0.0
ALA,136,O,2105,14.312,16.383,-4.769,-0.5679,0.0,0.0
ALA,136,CB,2106,14.768,14.846,-1.965,-0.1825,0.0,0.0
ALA,136,H,2107,17.276,14.881,-1.903,0.2719,0.0,0.0
ALA,136,HA,2108,15.448,14.314,-3.924,0.0823,0.0,0.0
ALA,136,1HB,2109,13.716,14.794,-2.241,0.0603,0.0,0.0
ALA,136,2HB,2110,15.076,13.899,-1.524,0.0603,0.0,0.0
ALA,136,3HB,2111,14.917,15.649,-1.254,0.0603,0.0,0.0
ASP,137,N,2112,15.708,17.541,-3.44,-0.5163,0.0,0.0
ASP,137,CA,2113,15.316,18.841,-3.985,0.0381,0.0,0.0
ASP,137,C,2114,16.435,19.88,-3.862,0.5366,0.0,0.0
ASP,137,O,2115,17.558,19.538,-3.506,-0.5819,0.0,0.0
ASP,137,CB,2116,14.06,19.367,-3.278,-0.0303,0.0,0.0
ASP,137,CG,2117,14.226,19.584,-1.785,0.7994,0.0,0.0
ASP,137,OD1,2118,15.325,19.77,-1.329,-0.8014,0.0,0.0
ASP,137,OD2,2119,13.229,19.557,-1.112,-0.8014,0.0,0.0
ASP,137,H,2120,16.406,17.5,-2.712,0.2936,0.0,0.0
ASP,137,HA,2121,15.071,18.711,-5.04,0.088,0.0,0.0
ASP,137,1HB,2122,13.761,20.313,-3.72,-0.0122,0.0,0.0
ASP,137,2HB,2123,13.242,18.661,-3.427,-0.0122,0.0,0.0
THR,138,N,2124,16.096,21.156,-4.092,-0.4157,0.0,0.0
THR,138,CA,2125,17.066,22.255,-4.032,-0.0389,0.0,0.0
THR,138,C,2126,17.707,22.413,-2.669,0.5973,0.0,0.0
THR,138,O,2127,18.923,22.532,-2.569,-0.5679,0.0,0.0
THR,138,CB,2128,16.427,23.593,-4.426,0.3654,0.0,0.0
THR,138,CG2,2129,17.45,24.715,-4.276,-0.2438,0.0,0.0
THR,138,OG1,2130,15.977,23.528,-5.786,-0.6761,0.0,0.0
THR,138,H,2131,15.146,21.367,-4.363,0.2719,0.0,0.0
THR,138,HA,2132,17.866,22.034,-4.737,0.1007,0.0,0.0
THR,138,HB,2133,15.57,23.79,-3.782,0.0043,0.0,0.0
THR,138,HG1,2134,15.329,22.825,-5.875,0.4102,0.0,0.0
THR,138,1HG2,2135,16.994,25.664,-4.557,0.0642,0.0,0.0
THR,138,2HG2,2136,17.785,24.766,-3.238,0.0642,0.0,0.0
THR,138,3HG2,2137,18.303,24.518,-4.923,0.0642,0.0,0.0
ALA,139,N,2138,16.904,22.375,-1.621,-0.4157,0.0,0.0
ALA,139,CA,2139,17.423,22.539,-0.274,0.0337,0.0,0.0
ALA,139,C,2140,18.43,21.446,0.02,0.5973,0.0,0.0
ALA,139,O,2141,19.493,21.691,0.599,-0.5679,0.0,0.0
ALA,139,CB,2142,16.287,22.497,0.712,-0.1825,0.0,0.0
ALA,139,H,2143,15.907,22.287,-1.761,0.2719,0.0,0.0
ALA,139,HA,2144,17.92,23.5,-0.185,0.0823,0.0,0.0
ALA,139,1HB,2145,16.672,22.57,1.721,0.0603,0.0,0.0
ALA,139,2HB,2146,15.609,23.331,0.527,0.0603,0.0,0.0
ALA,139,3HB,2147,15.764,21.563,0.584,0.0603,0.0,0.0
ALA,140,N,2148,18.086,20.24,-0.418,-0.4157,0.0,0.0
ALA,140,CA,2149,18.911,19.068,-0.235,0.0337,0.0,0.0
ALA,140,C,2150,20.222,19.245,-1.003,0.5973,0.0,0.0
ALA,140,O,2151,21.302,19.06,-0.445,-0.5679,0.0,0.0
ALA,140,CB,2152,18.145,17.84,-0.699,-0.1825,0.0,0.0
ALA,140,H,2153,17.191,20.126,-0.875,0.2719,0.0,0.0
ALA,140,HA,2154,19.144,18.963,0.824,0.0823,0.0,0.0
ALA,140,1HB,2155,18.746,16.962,-0.576,0.0603,0.0,0.0
ALA,140,2HB,2156,17.244,17.735,-0.115,0.0603,0.0,0.0
ALA,140,3HB,2157,17.887,17.942,-1.725,0.0603,0.0,0.0
GLN,141,N,2158,20.112,19.894,-2.169,-0.4157,0.0,0.0
GLN,141,CA,2159,21.241,20.109,-3.067,-0.0031,0.0,0.0
GLN,141,C,2160,22.241,21.074,-2.449,0.5973,0.0,0.0
GLN,141,O,2161,23.442,20.846,-2.524,-0.5679,0.0,0.0
GLN,141,CB,2162,20.769,20.651,-4.418,-0.0036,0.0,0.0
GLN,141,CG,2163,21.852,20.736,-5.463,-0.0645,0.0,0.0
GLN,141,CD,2164,22.406,19.371,-5.831,0.6951,0.0,0.0
GLN,141,NE2,2165,23.72,19.228,-5.767,-0.9407,0.0,0.0
GLN,141,OE1,2166,21.656,18.452,-6.171,-0.6086,0.0,0.0
GLN,141,H,2167,19.195,19.923,-2.588,0.2719,0.0,0.0
GLN,141,HA,2168,21.728,19.153,-3.248,0.085,0.0,0.0
GLN,141,1HB,2169,19.976,20.012,-4.807,0.0171,0.0,0.0
GLN,141,2HB,2170,20.354,21.64,-4.294,0.0171,0.0,0.0
GLN,141,1HG,2171,21.441,21.193,-6.362,0.0352,0.0,0.0
GLN,141,2HG,2172,22.666,21.342,-5.072,0.0352,0.0,0.0
GLN,141,1HE2,2173,24.141,18.351,-5.999,0.4251,0.0,0.0
GLN,141,2HE2,2174,24.292,19.998,-5.487,0.4251,0.0,0.0
ILE,142,N,2175,21.744,22.03,-1.657,-0.4157,0.0,0.0
ILE,142,CA,2176,22.627,23.028,-1.059,-0.0597,0.0,0.0
ILE,142,C,2177,23.621,22.327,-0.152,0.5973,0.0,0.0
ILE,142,O,2178,24.836,22.467,-0.315,-0.5679,0.0,0.0
ILE,142,CB,2179,21.854,24.091,-0.251,0.1303,0.0,0.0
ILE,142,CG1,2180,21.004,24.954,-1.164,-0.043,0.0,0.0
ILE,142,CG2,2181,22.822,24.941,0.536,-0.3204,0.0,0.0
ILE,142,CD1,2182,20.02,25.827,-0.407,-0.066,0.0,0.0
ILE,142,H,2183,20.751,22.215,-1.7,0.2719,0.0,0.0
ILE,142,HA,2184,23.17,23.54,-1.853,0.0869,0.0,0.0
ILE,142,HB,2185,21.171,23.6,0.435,0.0187,0.0,0.0
ILE,142,1HG1,2186,21.657,25.589,-1.76,0.0236,0.0,0.0
ILE,142,2HG1,2187,20.453,24.315,-1.842,0.0236,0.0,0.0
ILE,142,1HG2,2188,22.271,25.684,1.099,0.0882,0.0,0.0
ILE,142,2HG2,2189,23.386,24.31,1.221,0.0882,0.0,0.0
ILE,142,3HG2,2190,23.508,25.438,-0.148,0.0882,0.0,0.0
ILE,142,1HD1,2191,19.441,26.42,-1.113,0.0186,0.0,0.0
ILE,142,2HD1,2192,19.348,25.206,0.175,0.0186,0.0,0.0
ILE,142,3HD1,2193,20.564,26.492,0.263,0.0186,0.0,0.0
THR,143,N,2194,23.09,21.398,0.639,-0.4157,0.0,0.0
THR,143,CA,2195,23.9,20.629,1.571,-0.0389,0.0,0.0
THR,143,C,2196,24.871,19.741,0.81,0.5973,0.0,0.0
THR,143,O,2197,26.073,19.758,1.072,-0.5679,0.0,0.0
THR,143,CB,2198,23.033,19.777,2.492,0.3654,0.0,0.0
THR,143,CG2,2199,23.898,18.947,3.395,-0.2438,0.0,0.0
THR,143,OG1,2200,22.192,20.627,3.285,-0.6761,0.0,0.0
THR,143,H,2201,22.081,21.402,0.763,0.2719,0.0,0.0
THR,143,HA,2202,24.48,21.32,2.184,0.1007,0.0,0.0
THR,143,HB,2203,22.426,19.148,1.9,0.0043,0.0,0.0
THR,143,HG1,2204,21.628,21.148,2.707,0.4102,0.0,0.0
THR,143,1HG2,2205,23.268,18.343,4.048,0.0642,0.0,0.0
THR,143,2HG2,2206,24.525,18.298,2.787,0.0642,0.0,0.0
THR,143,3HG2,2207,24.526,19.598,4.0,0.0642,0.0,0.0
GLN,144,N,2208,24.373,19.14,-0.274,-0.4157,0.0,0.0
GLN,144,CA,2209,25.193,18.232,-1.059,-0.0031,0.0,0.0
GLN,144,C,2210,26.423,18.939,-1.615,0.5973,0.0,0.0
GLN,144,O,2211,27.54,18.487,-1.399,-0.5679,0.0,0.0
GLN,144,CB,2212,24.399,17.617,-2.207,-0.0036,0.0,0.0
GLN,144,CG,2213,25.213,16.658,-3.004,-0.0645,0.0,0.0
GLN,144,CD,2214,24.439,15.994,-4.136,0.6951,0.0,0.0
GLN,144,NE2,2215,25.056,15.929,-5.309,-0.9407,0.0,0.0
GLN,144,OE1,2216,23.304,15.546,-3.961,-0.6086,0.0,0.0
GLN,144,H,2217,23.368,19.086,-0.376,0.2719,0.0,0.0
GLN,144,HA,2218,25.497,17.404,-0.419,0.085,0.0,0.0
GLN,144,1HB,2219,23.524,17.097,-1.81,0.0171,0.0,0.0
GLN,144,2HB,2220,24.037,18.401,-2.863,0.0171,0.0,0.0
GLN,144,1HG,2221,26.053,17.193,-3.445,0.0352,0.0,0.0
GLN,144,2HG,2222,25.565,15.887,-2.339,0.0352,0.0,0.0
GLN,144,1HE2,2223,24.6,15.505,-6.093,0.4251,0.0,0.0
GLN,144,2HE2,2224,25.982,16.306,-5.41,0.4251,0.0,0.0
ARG,145,N,2225,26.226,20.147,-2.144,-0.3479,0.0,0.0
ARG,145,CA,2226,27.309,20.907,-2.764,-0.2637,0.0,0.0
ARG,145,C,2227,28.394,21.222,-1.748,0.7341,0.0,0.0
ARG,145,O,2228,29.581,21.038,-2.024,-0.5894,0.0,0.0
ARG,145,CB,2229,26.781,22.203,-3.352,-0.0007,0.0,0.0
ARG,145,CG,2230,25.925,22.029,-4.587,0.039,0.0,0.0
ARG,145,CD,2231,25.385,23.317,-5.068,0.0486,0.0,0.0
ARG,145,NE,2232,24.565,23.146,-6.255,-0.5295,0.0,0.0
ARG,145,CZ,2233,23.83,24.118,-6.822,0.8076,0.0,0.0
ARG,145,NH1,2234,23.82,25.325,-6.302,-0.8627,0.0,0.0
ARG,145,NH2,2235,23.115,23.86,-7.904,-0.8627,0.0,0.0
ARG,145,H,2236,25.277,20.427,-2.337,0.2747,0.0,0.0
ARG,145,HA,2237,27.737,20.311,-3.57,0.156,0.0,0.0
ARG,145,1HB,2238,26.185,22.725,-2.604,0.0327,0.0,0.0
ARG,145,2HB,2239,27.616,22.851,-3.614,0.0327,0.0,0.0
ARG,145,1HG,2240,26.524,21.591,-5.384,0.0285,0.0,0.0
ARG,145,2HG,2241,25.092,21.376,-4.358,0.0285,0.0,0.0
ARG,145,1HD,2242,24.77,23.767,-4.287,0.0687,0.0,0.0
ARG,145,2HD,2243,26.207,23.987,-5.314,0.0687,0.0,0.0
ARG,145,HE,2244,24.545,22.231,-6.685,0.3456,0.0,0.0
ARG,145,1HH1,2245,24.366,25.523,-5.475,0.4478,0.0,0.0
ARG,145,2HH1,2246,23.268,26.055,-6.728,0.4478,0.0,0.0
ARG,145,1HH2,2247,23.122,22.932,-8.304,0.4478,0.0,0.0
ARG,145,2HH2,2248,22.563,24.589,-8.33,0.4478,0.0,0.0
LYS,146,N,2249,27.97,21.507,-0.513,-0.3479,0.0,0.0
LYS,146,CA,2250,28.92,21.823,0.542,-0.24,0.0,0.0
LYS,146,C,2251,29.841,20.633,0.748,0.7341,0.0,0.0
LYS,146,O,2252,31.064,20.774,0.77,-0.5894,0.0,0.0
LYS,146,CB,2253,28.219,22.191,1.849,-0.0094,0.0,0.0
LYS,146,CG,2254,29.176,22.562,2.973,0.0187,0.0,0.0
LYS,146,CD,2255,28.434,22.975,4.236,-0.0479,0.0,0.0
LYS,146,CE,2256,29.41,23.308,5.36,-0.0143,0.0,0.0
LYS,146,NZ,2257,28.709,23.714,6.611,-0.3854,0.0,0.0
LYS,146,H,2258,26.992,21.732,-0.373,0.2747,0.0,0.0
LYS,146,HA,2259,29.527,22.673,0.227,0.1426,0.0,0.0
LYS,146,1HB,2260,27.549,23.034,1.677,0.0362,0.0,0.0
LYS,146,2HB,2261,27.608,21.358,2.187,0.0362,0.0,0.0
LYS,146,1HG,2262,29.812,21.705,3.202,0.0103,0.0,0.0
LYS,146,2HG,2263,29.808,23.39,2.652,0.0103,0.0,0.0
LYS,146,1HD,2264,27.816,23.849,4.027,0.0621,0.0,0.0
LYS,146,2HD,2265,27.783,22.16,4.556,0.0621,0.0,0.0
LYS,146,1HE,2266,30.025,22.433,5.566,0.1135,0.0,0.0
LYS,146,2HE,2267,30.058,24.123,5.037,0.1135,0.0,0.0
LYS,146,1HZ,2268,29.39,23.925,7.326,0.34,0.0,0.0
LYS,146,2HZ,2269,28.145,24.533,6.431,0.34,0.0,0.0
LYS,146,3HZ,2270,28.115,22.959,6.924,0.34,0.0,0.0
TRP,147,N,2271,29.231,19.447,0.753,-0.4157,0.0,0.0
TRP,147,CA,2272,29.939,18.202,0.986,-0.0275,0.0,0.0
TRP,147,C,2273,30.871,17.844,-0.158,0.5973,0.0,0.0
TRP,147,O,2274,31.85,17.115,0.021,-0.5679,0.0,0.0
TRP,147,CB,2275,28.976,17.07,1.199,-0.005,0.0,0.0
TRP,147,CG,2276,28.273,17.169,2.459,-0.1415,0.0,0.0
TRP,147,CD1,2277,28.588,17.935,3.543,-0.1638,0.0,0.0
TRP,147,CD2,2278,27.111,16.469,2.789,0.1243,0.0,0.0
TRP,147,CE2,2279,26.753,16.838,4.079,0.138,0.0,0.0
TRP,147,CE3,2280,26.354,15.577,2.115,-0.2387,0.0,0.0
TRP,147,NE1,2281,27.669,17.736,4.528,-0.3418,0.0,0.0
TRP,147,CZ2,2282,25.642,16.313,4.689,-0.2601,0.0,0.0
TRP,147,CZ3,2283,25.269,15.065,2.707,-0.1972,0.0,0.0
TRP,147,CH2,2284,24.907,15.405,3.946,-0.1134,0.0,0.0
TRP,147,H,2285,28.218,19.432,0.756,0.2719,0.0,0.0
TRP,147,HA,2286,30.526,18.314,1.891,0.1123,0.0,0.0
TRP,147,1HB,2287,28.248,17.05,0.401,0.0339,0.0,0.0
TRP,147,2HB,2288,29.506,16.138,1.171,0.0339,0.0,0.0
TRP,147,HD1,2289,29.446,18.603,3.607,0.2062,0.0,0.0
TRP,147,HE1,2290,27.67,18.18,5.436,0.3412,0.0,0.0
TRP,147,HE3,2291,26.622,15.284,1.106,0.17,0.0,0.0
TRP,147,HZ2,2292,25.336,16.582,5.701,0.1572,0.0,0.0
TRP,147,HZ3,2293,24.696,14.367,2.154,0.1447,0.0,0.0
TRP,147,HH2,2294,24.036,14.961,4.356,0.1417,0.0,0.0
GLU,148,N,2295,30.457,18.167,-1.39,-0.5163,0.0,0.0
GLU,148,CA,2296,31.216,17.739,-2.56,0.0397,0.0,0.0
GLU,148,C,2297,32.602,18.367,-2.548,0.5366,0.0,0.0
GLU,148,O,2298,33.613,17.742,-2.233,-0.5819,0.0,0.0
GLU,148,CB,2299,30.509,18.096,-3.876,0.056,0.0,0.0
GLU,148,CG,2300,29.239,17.325,-4.207,0.0136,0.0,0.0
GLU,148,CD,2301,28.64,17.782,-5.523,0.8054,0.0,0.0
GLU,148,OE1,2302,29.164,18.718,-6.082,-0.8188,0.0,0.0
GLU,148,OE2,2303,27.674,17.211,-5.972,-0.8188,0.0,0.0
GLU,148,H,2304,29.52,18.521,-1.512,0.2936,0.0,0.0
GLU,148,HA,2305,31.315,16.655,-2.533,0.1105,0.0,0.0
GLU,148,1HB,2306,30.241,19.153,-3.864,-0.0173,0.0,0.0
GLU,148,2HB,2307,31.197,17.938,-4.706,-0.0173,0.0,0.0
GLU,148,1HG,2308,29.468,16.262,-4.262,-0.0425,0.0,0.0
GLU,148,2HG,2309,28.521,17.462,-3.411,-0.0425,0.0,0.0
ALA,149,N,2310,32.556,19.615,-2.078,-0.4157,0.0,0.0
ALA,149,CA,2311,33.76,20.408,-1.887,0.0337,0.0,0.0
ALA,149,C,2312,34.566,19.882,-0.707,0.5973,0.0,0.0
ALA,149,O,2313,35.774,19.666,-0.808,-0.5679,0.0,0.0
ALA,149,CB,2314,33.391,21.868,-1.684,-0.1825,0.0,0.0
ALA,149,H,2315,31.672,20.108,-2.131,0.2719,0.0,0.0
ALA,149,HA,2316,34.381,20.324,-2.779,0.0823,0.0,0.0
ALA,149,1HB,2317,34.297,22.455,-1.541,0.0603,0.0,0.0
ALA,149,2HB,2318,32.858,22.232,-2.562,0.0603,0.0,0.0
ALA,149,3HB,2319,32.756,21.964,-0.807,0.0603,0.0,0.0
ALA,150,N,2320,33.85,19.538,0.362,-0.4157,0.0,0.0
ALA,150,CA,2321,34.435,19.092,1.619,0.0337,0.0,0.0
ALA,150,C,2322,34.944,17.649,1.559,0.5973,0.0,0.0
ALA,150,O,2323,35.568,17.183,2.512,-0.5679,0.0,0.0
ALA,150,CB,2324,33.426,19.258,2.737,-0.1825,0.0,0.0
ALA,150,H,2325,32.878,19.818,0.385,0.2719,0.0,0.0
ALA,150,HA,2326,35.305,19.72,1.814,0.0823,0.0,0.0
ALA,150,1HB,2327,33.882,18.977,3.685,0.0603,0.0,0.0
ALA,150,2HB,2328,33.104,20.298,2.787,0.0603,0.0,0.0
ALA,150,3HB,2329,32.586,18.631,2.542,0.0603,0.0,0.0
ARG,151,N,2330,34.546,16.915,0.513,-0.3479,0.0,0.0
ARG,151,CA,2331,34.939,15.518,0.315,-0.2637,0.0,0.0
ARG,151,C,2332,34.423,14.618,1.433,0.7341,0.0,0.0
ARG,151,O,2333,35.102,13.682,1.853,-0.5894,0.0,0.0
ARG,151,CB,2334,36.459,15.382,0.237,-0.0007,0.0,0.0
ARG,151,CG,2335,37.108,16.174,-0.893,0.039,0.0,0.0
ARG,151,CD,2336,38.581,15.962,-0.95,0.0486,0.0,0.0
ARG,151,NE,2337,38.932,14.605,-1.342,-0.5295,0.0,0.0
ARG,151,CZ,2338,38.977,14.168,-2.617,0.8076,0.0,0.0
ARG,151,NH1,2339,38.691,14.987,-3.604,-0.8627,0.0,0.0
ARG,151,NH2,2340,39.306,12.916,-2.876,-0.8627,0.0,0.0
ARG,151,H,2341,34.117,17.38,-0.275,0.2747,0.0,0.0
ARG,151,HA,2342,34.523,15.175,-0.632,0.156,0.0,0.0
ARG,151,1HB,2343,36.911,15.71,1.162,0.0327,0.0,0.0
ARG,151,2HB,2344,36.723,14.333,0.103,0.0327,0.0,0.0
ARG,151,1HG,2345,36.682,15.862,-1.846,0.0285,0.0,0.0
ARG,151,2HG,2346,36.923,17.237,-0.745,0.0285,0.0,0.0
ARG,151,1HD,2347,39.018,16.646,-1.677,0.0687,0.0,0.0
ARG,151,2HD,2348,39.012,16.15,0.033,0.0687,0.0,0.0
ARG,151,HE,2349,39.158,13.947,-0.608,0.3456,0.0,0.0
ARG,151,1HH1,2350,38.438,15.945,-3.408,0.4478,0.0,0.0
ARG,151,2HH1,2351,38.724,14.659,-4.558,0.4478,0.0,0.0
ARG,151,1HH2,2352,39.527,12.283,-2.118,0.4478,0.0,0.0
ARG,151,2HH2,2353,39.339,12.589,-3.831,0.4478,0.0,0.0
VAL,152,N,2354,33.194,14.881,1.872,-0.4157,0.0,0.0
VAL,152,CA,2355,32.557,14.073,2.906,-0.0875,0.0,0.0
VAL,152,C,2356,32.297,12.643,2.472,0.5973,0.0,0.0
VAL,152,O,2357,32.537,11.722,3.244,-0.5679,0.0,0.0
VAL,152,CB,2358,31.233,14.684,3.337,0.2985,0.0,0.0
VAL,152,CG1,2359,30.49,13.739,4.246,-0.3192,0.0,0.0
VAL,152,CG2,2360,31.53,15.986,4.004,-0.3192,0.0,0.0
VAL,152,H,2361,32.686,15.65,1.447,0.2719,0.0,0.0
VAL,152,HA,2362,33.219,14.051,3.771,0.0969,0.0,0.0
VAL,152,HB,2363,30.614,14.841,2.477,-0.0297,0.0,0.0
VAL,152,1HG1,2364,29.542,14.192,4.546,0.0791,0.0,0.0
VAL,152,2HG1,2365,30.297,12.814,3.72,0.0791,0.0,0.0
VAL,152,3HG1,2366,31.09,13.538,5.133,0.0791,0.0,0.0
VAL,152,1HG2,2367,30.619,16.445,4.32,0.0791,0.0,0.0
VAL,152,2HG2,2368,32.166,15.814,4.872,0.0791,0.0,0.0
VAL,152,3HG2,2369,32.037,16.632,3.304,0.0791,0.0,0.0
ALA,153,N,2370,31.877,12.435,1.218,-0.4157,0.0,0.0
ALA,153,CA,2371,31.605,11.073,0.754,0.0337,0.0,0.0
ALA,153,C,2372,32.834,10.196,0.956,0.5973,0.0,0.0
ALA,153,O,2373,32.705,9.02,1.286,-0.5679,0.0,0.0
ALA,153,CB,2374,31.186,11.064,-0.707,-0.1825,0.0,0.0
ALA,153,H,2375,31.685,13.22,0.613,0.2719,0.0,0.0
ALA,153,HA,2376,30.79,10.654,1.341,0.0823,0.0,0.0
ALA,153,1HB,2377,31.003,10.041,-1.026,0.0603,0.0,0.0
ALA,153,2HB,2378,30.288,11.641,-0.832,0.0603,0.0,0.0
ALA,153,3HB,2379,31.978,11.498,-1.314,0.0603,0.0,0.0
GLU,154,N,2380,34.025,10.778,0.777,-0.5163,0.0,0.0
GLU,154,CA,2381,35.276,10.049,0.934,0.0397,0.0,0.0
GLU,154,C,2382,35.533,9.704,2.391,0.5366,0.0,0.0
GLU,154,O,2383,35.806,8.55,2.719,-0.5819,0.0,0.0
GLU,154,CB,2384,36.441,10.871,0.384,0.056,0.0,0.0
GLU,154,CG,2385,36.431,11.038,-1.119,0.0136,0.0,0.0
GLU,154,CD,2386,36.576,9.733,-1.834,0.8054,0.0,0.0
GLU,154,OE1,2387,37.488,9.011,-1.508,-0.8188,0.0,0.0
GLU,154,OE2,2388,35.782,9.453,-2.7,-0.8188,0.0,0.0
GLU,154,H,2389,34.059,11.747,0.493,0.2936,0.0,0.0
GLU,154,HA,2390,35.212,9.124,0.359,0.1105,0.0,0.0
GLU,154,1HB,2391,36.432,11.86,0.825,-0.0173,0.0,0.0
GLU,154,2HB,2392,37.382,10.4,0.661,-0.0173,0.0,0.0
GLU,154,1HG,2393,35.491,11.507,-1.415,-0.0425,0.0,0.0
GLU,154,2HG,2394,37.241,11.702,-1.405,-0.0425,0.0,0.0
GLN,155,N,2395,35.123,10.611,3.282,-0.4157,0.0,0.0
GLN,155,CA,2396,35.321,10.405,4.712,-0.0031,0.0,0.0
GLN,155,C,2397,34.451,9.253,5.178,0.5973,0.0,0.0
GLN,155,O,2398,34.897,8.372,5.917,-0.5679,0.0,0.0
GLN,155,CB,2399,34.99,11.68,5.496,-0.0036,0.0,0.0
GLN,155,CG,2400,35.949,12.824,5.267,-0.0645,0.0,0.0
GLN,155,CD,2401,35.526,14.085,6.002,0.6951,0.0,0.0
GLN,155,NE2,2402,36.499,14.915,6.36,-0.9407,0.0,0.0
GLN,155,OE1,2403,34.336,14.311,6.246,-0.6086,0.0,0.0
GLN,155,H,2404,34.94,11.552,2.95,0.2719,0.0,0.0
GLN,155,HA,2405,36.367,10.156,4.89,0.085,0.0,0.0
GLN,155,1HB,2406,33.996,12.024,5.231,0.0171,0.0,0.0
GLN,155,2HB,2407,34.984,11.458,6.562,0.0171,0.0,0.0
GLN,155,1HG,2408,36.936,12.534,5.623,0.0352,0.0,0.0
GLN,155,2HG,2409,35.986,13.043,4.202,0.0352,0.0,0.0
GLN,155,1HE2,2410,36.281,15.762,6.847,0.4251,0.0,0.0
GLN,155,2HE2,2411,37.45,14.695,6.143,0.4251,0.0,0.0
LEU,156,N,2412,33.247,9.208,4.613,-0.4157,0.0,0.0
LEU,156,CA,2413,32.249,8.226,4.972,-0.0518,0.0,0.0
LEU,156,C,2414,32.644,6.875,4.457,0.5973,0.0,0.0
LEU,156,O,2415,32.599,5.901,5.187,-0.5679,0.0,0.0
LEU,156,CB,2416,30.904,8.632,4.406,-0.1102,0.0,0.0
LEU,156,CG,2417,30.294,9.832,5.012,0.3531,0.0,0.0
LEU,156,CD1,2418,29.135,10.203,4.22,-0.4121,0.0,0.0
LEU,156,CD2,2419,29.921,9.532,6.45,-0.4121,0.0,0.0
LEU,156,H,2420,32.939,10.026,4.111,0.2719,0.0,0.0
LEU,156,HA,2421,32.179,8.179,6.058,0.0922,0.0,0.0
LEU,156,1HB,2422,31.019,8.819,3.34,0.0457,0.0,0.0
LEU,156,2HB,2423,30.208,7.804,4.536,0.0457,0.0,0.0
LEU,156,HG,2424,31.0,10.659,4.989,-0.0361,0.0,0.0
LEU,156,1HD1,2425,28.673,11.087,4.653,0.1,0.0,0.0
LEU,156,2HD1,2426,29.45,10.416,3.206,0.1,0.0,0.0
LEU,156,3HD1,2427,28.432,9.395,4.218,0.1,0.0,0.0
LEU,156,1HD2,2428,29.471,10.418,6.901,0.1,0.0,0.0
LEU,156,2HD2,2429,29.206,8.708,6.476,0.1,0.0,0.0
LEU,156,3HD2,2430,30.816,9.256,7.007,0.1,0.0,0.0
ARG,157,N,2431,33.147,6.843,3.227,-0.3479,0.0,0.0
ARG,157,CA,2432,33.512,5.588,2.603,-0.2637,0.0,0.0
ARG,157,C,2433,34.609,4.937,3.419,0.7341,0.0,0.0
ARG,157,O,2434,34.51,3.768,3.764,-0.5894,0.0,0.0
ARG,157,CB,2435,33.983,5.81,1.176,-0.0007,0.0,0.0
ARG,157,CG,2436,34.318,4.536,0.416,0.039,0.0,0.0
ARG,157,CD,2437,34.625,4.802,-1.015,0.0486,0.0,0.0
ARG,157,NE,2438,35.803,5.622,-1.191,-0.5295,0.0,0.0
ARG,157,CZ,2439,37.067,5.161,-1.156,0.8076,0.0,0.0
ARG,157,NH1,2440,37.297,3.882,-0.95,-0.8627,0.0,0.0
ARG,157,NH2,2441,38.076,5.994,-1.328,-0.8627,0.0,0.0
ARG,157,H,2442,33.1,7.674,2.657,0.2747,0.0,0.0
ARG,157,HA,2443,32.632,4.951,2.552,0.156,0.0,0.0
ARG,157,1HB,2444,33.214,6.337,0.619,0.0327,0.0,0.0
ARG,157,2HB,2445,34.873,6.441,1.18,0.0327,0.0,0.0
ARG,157,1HG,2446,35.189,4.063,0.869,0.0285,0.0,0.0
ARG,157,2HG,2447,33.473,3.855,0.459,0.0285,0.0,0.0
ARG,157,1HD,2448,34.794,3.857,-1.529,0.0687,0.0,0.0
ARG,157,2HD,2449,33.782,5.323,-1.474,0.0687,0.0,0.0
ARG,157,HE,2450,35.667,6.612,-1.351,0.3456,0.0,0.0
ARG,157,1HH1,2451,36.524,3.245,-0.819,0.4478,0.0,0.0
ARG,157,2HH1,2452,38.245,3.537,-0.924,0.4478,0.0,0.0
ARG,157,1HH2,2453,37.896,6.978,-1.486,0.4478,0.0,0.0
ARG,157,2HH2,2454,39.024,5.65,-1.302,0.4478,0.0,0.0
ALA,158,N,2455,35.536,5.754,3.921,-0.4157,0.0,0.0
ALA,158,CA,2456,36.652,5.216,4.681,0.0337,0.0,0.0
ALA,158,C,2457,36.109,4.488,5.907,0.5973,0.0,0.0
ALA,158,O,2458,36.428,3.321,6.13,-0.5679,0.0,0.0
ALA,158,CB,2459,37.603,6.33,5.085,-0.1825,0.0,0.0
ALA,158,H,2460,35.638,6.675,3.515,0.2719,0.0,0.0
ALA,158,HA,2461,37.204,4.505,4.066,0.0823,0.0,0.0
ALA,158,1HB,2462,38.415,5.916,5.682,0.0603,0.0,0.0
ALA,158,2HB,2463,38.012,6.801,4.19,0.0603,0.0,0.0
ALA,158,3HB,2464,37.068,7.072,5.669,0.0603,0.0,0.0
TYR,159,N,2465,35.167,5.134,6.6,-0.4157,0.0,0.0
TYR,159,CA,2466,34.521,4.573,7.786,-0.0014,0.0,0.0
TYR,159,C,2467,33.737,3.318,7.441,0.5973,0.0,0.0
TYR,159,O,2468,33.803,2.294,8.122,-0.5679,0.0,0.0
TYR,159,CB,2469,33.605,5.616,8.436,-0.0152,0.0,0.0
TYR,159,CG,2470,32.812,5.101,9.631,-0.0011,0.0,0.0
TYR,159,CD1,2471,33.407,4.988,10.877,-0.1906,0.0,0.0
TYR,159,CD2,2472,31.478,4.742,9.468,-0.1906,0.0,0.0
TYR,159,CE1,2473,32.676,4.517,11.956,-0.2341,0.0,0.0
TYR,159,CE2,2474,30.749,4.273,10.544,-0.2341,0.0,0.0
TYR,159,CZ,2475,31.348,4.162,11.784,0.3226,0.0,0.0
TYR,159,OH,2476,30.632,3.698,12.854,-0.5579,0.0,0.0
TYR,159,H,2477,34.993,6.108,6.377,0.2719,0.0,0.0
TYR,159,HA,2478,35.296,4.289,8.5,0.0876,0.0,0.0
TYR,159,1HB,2479,34.203,6.465,8.771,0.0295,0.0,0.0
TYR,159,2HB,2480,32.895,5.986,7.7,0.0295,0.0,0.0
TYR,159,HD1,2481,34.452,5.267,11.009,0.1699,0.0,0.0
TYR,159,HD2,2482,31.007,4.829,8.49,0.1699,0.0,0.0
TYR,159,HE1,2483,33.144,4.428,12.935,0.1656,0.0,0.0
TYR,159,HE2,2484,29.702,3.991,10.414,0.1656,0.0,0.0
TYR,159,HH,2485,31.194,3.683,13.633,0.3992,0.0,0.0
LEU,160,N,2486,32.901,3.458,6.418,-0.4157,0.0,0.0
LEU,160,CA,2487,31.95,2.436,6.039,-0.0518,0.0,0.0
LEU,160,C,2488,32.652,1.178,5.521,0.5973,0.0,0.0
LEU,160,O,2489,32.129,0.079,5.643,-0.5679,0.0,0.0
LEU,160,CB,2490,31.005,2.986,4.969,-0.1102,0.0,0.0
LEU,160,CG,2491,30.011,4.085,5.488,0.3531,0.0,0.0
LEU,160,CD1,2492,29.268,4.689,4.33,-0.4121,0.0,0.0
LEU,160,CD2,2493,29.061,3.463,6.473,-0.4121,0.0,0.0
LEU,160,H,2494,32.81,4.361,5.993,0.2719,0.0,0.0
LEU,160,HA,2495,31.396,2.168,6.921,0.0922,0.0,0.0
LEU,160,1HB,2496,31.602,3.414,4.167,0.0457,0.0,0.0
LEU,160,2HB,2497,30.425,2.161,4.559,0.0457,0.0,0.0
LEU,160,HG,2498,30.558,4.883,5.973,-0.0361,0.0,0.0
LEU,160,1HD1,2499,28.578,5.453,4.695,0.1,0.0,0.0
LEU,160,2HD1,2500,29.983,5.145,3.642,0.1,0.0,0.0
LEU,160,3HD1,2501,28.709,3.914,3.815,0.1,0.0,0.0
LEU,160,1HD2,2502,28.366,4.22,6.84,0.1,0.0,0.0
LEU,160,2HD2,2503,28.51,2.673,5.984,0.1,0.0,0.0
LEU,160,3HD2,2504,29.621,3.054,7.308,0.1,0.0,0.0
GLU,161,N,2505,33.784,1.341,4.863,-0.5163,0.0,0.0
GLU,161,CA,2506,34.542,0.196,4.375,0.0397,0.0,0.0
GLU,161,C,2507,35.429,-0.397,5.462,0.5366,0.0,0.0
GLU,161,O,2508,35.585,-1.615,5.555,-0.5819,0.0,0.0
GLU,161,CB,2509,35.396,0.608,3.173,0.056,0.0,0.0
GLU,161,CG,2510,34.593,1.016,1.935,0.0136,0.0,0.0
GLU,161,CD,2511,33.805,-0.121,1.347,0.8054,0.0,0.0
GLU,161,OE1,2512,34.38,-1.159,1.12,-0.8188,0.0,0.0
GLU,161,OE2,2513,32.631,0.043,1.126,-0.8188,0.0,0.0
GLU,161,H,2514,34.198,2.257,4.813,0.2936,0.0,0.0
GLU,161,HA,2515,33.842,-0.572,4.057,0.1105,0.0,0.0
GLU,161,1HB,2516,36.033,1.449,3.453,-0.0173,0.0,0.0
GLU,161,2HB,2517,36.047,-0.217,2.891,-0.0173,0.0,0.0
GLU,161,1HG,2518,33.905,1.816,2.205,-0.0425,0.0,0.0
GLU,161,2HG,2519,35.278,1.405,1.182,-0.0425,0.0,0.0
GLY,162,N,2520,35.908,0.466,6.35,-0.4157,0.0,0.0
GLY,162,CA,2521,36.878,0.102,7.372,-0.0252,0.0,0.0
GLY,162,C,2522,36.278,-0.095,8.759,0.5973,0.0,0.0
GLY,162,O,2523,35.673,-1.125,9.048,-0.5679,0.0,0.0
GLY,162,H,2524,35.783,1.451,6.172,0.2719,0.0,0.0
GLY,162,1HA,2525,37.376,-0.821,7.077,0.0698,0.0,0.0
GLY,162,2HA,2526,37.636,0.882,7.432,0.0698,0.0,0.0
THR,163,N,2527,36.441,0.937,9.576,-0.4157,0.0,0.0
THR,163,CA,2528,36.045,1.018,10.981,-0.0389,0.0,0.0
THR,163,C,2529,34.731,0.341,11.379,0.5973,0.0,0.0
THR,163,O,2530,34.733,-0.506,12.266,-0.5679,0.0,0.0
THR,163,CB,2531,35.971,2.491,11.389,0.3654,0.0,0.0
THR,163,CG2,2532,35.554,2.613,12.813,-0.2438,0.0,0.0
THR,163,OG1,2533,37.259,3.101,11.215,-0.6761,0.0,0.0
THR,163,H,2534,36.934,1.734,9.2,0.2719,0.0,0.0
THR,163,HA,2535,36.825,0.53,11.565,0.1007,0.0,0.0
THR,163,HB,2536,35.257,2.994,10.758,0.0043,0.0,0.0
THR,163,HG1,2537,37.52,3.037,10.294,0.4102,0.0,0.0
THR,163,1HG2,2538,35.506,3.664,13.09,0.0642,0.0,0.0
THR,163,2HG2,2539,34.572,2.158,12.945,0.0642,0.0,0.0
THR,163,3HG2,2540,36.278,2.104,13.44,0.0642,0.0,0.0
CYS,164,N,2541,33.635,0.612,10.661,-0.4157,0.0,0.0
CYS,164,CA,2542,32.339,0.013,11.019,0.0213,0.0,0.0
CYS,164,C,2543,32.302,-1.501,10.943,0.5973,0.0,0.0
CYS,164,O,2544,31.474,-2.14,11.591,-0.5679,0.0,0.0
CYS,164,CB,2545,31.226,0.53,10.144,-0.1231,0.0,0.0
CYS,164,SG,2546,31.448,-0.071,8.522,-0.3119,0.0,0.0
CYS,164,H,2547,33.703,1.225,9.86,0.2719,0.0,0.0
CYS,164,HA,2548,32.123,0.286,12.053,0.1124,0.0,0.0
CYS,164,1HB,2549,30.257,0.213,10.534,0.1112,0.0,0.0
CYS,164,2HB,2550,31.219,1.604,10.144,0.1112,0.0,0.0
VAL,165,N,2551,33.134,-2.058,10.07,-0.4157,0.0,0.0
VAL,165,CA,2552,33.208,-3.492,9.917,-0.0875,0.0,0.0
VAL,165,C,2553,33.985,-4.083,11.049,0.5973,0.0,0.0
VAL,165,O,2554,33.58,-5.079,11.634,-0.5679,0.0,0.0
VAL,165,CB,2555,33.879,-3.871,8.586,0.2985,0.0,0.0
VAL,165,CG1,2556,34.035,-5.378,8.511,-0.3192,0.0,0.0
VAL,165,CG2,2557,33.055,-3.343,7.443,-0.3192,0.0,0.0
VAL,165,H,2558,33.929,-1.518,9.767,0.2719,0.0,0.0
VAL,165,HA,2559,32.195,-3.894,9.89,0.0969,0.0,0.0
VAL,165,HB,2560,34.875,-3.443,8.54,-0.0297,0.0,0.0
VAL,165,1HG1,2561,34.511,-5.65,7.568,0.0791,0.0,0.0
VAL,165,2HG1,2562,34.653,-5.715,9.341,0.0791,0.0,0.0
VAL,165,3HG1,2563,33.058,-5.85,8.569,0.0791,0.0,0.0
VAL,165,1HG2,2564,33.529,-3.611,6.502,0.0791,0.0,0.0
VAL,165,2HG2,2565,32.067,-3.78,7.492,0.0791,0.0,0.0
VAL,165,3HG2,2566,32.983,-2.267,7.516,0.0791,0.0,0.0
GLU,166,N,2567,35.086,-3.433,11.39,-0.5163,0.0,0.0
GLU,166,CA,2568,35.923,-3.942,12.454,0.0397,0.0,0.0
GLU,166,C,2569,35.139,-3.94,13.76,0.5366,0.0,0.0
GLU,166,O,2570,35.113,-4.94,14.472,-0.5819,0.0,0.0
GLU,166,CB,2571,37.188,-3.096,12.586,0.056,0.0,0.0
GLU,166,CG,2572,38.144,-3.243,11.411,0.0136,0.0,0.0
GLU,166,CD,2573,39.366,-2.377,11.522,0.8054,0.0,0.0
GLU,166,OE1,2574,39.435,-1.586,12.431,-0.8188,0.0,0.0
GLU,166,OE2,2575,40.237,-2.508,10.694,-0.8188,0.0,0.0
GLU,166,H,2576,35.389,-2.645,10.826,0.2936,0.0,0.0
GLU,166,HA,2577,36.216,-4.965,12.215,0.1105,0.0,0.0
GLU,166,1HB,2578,36.915,-2.043,12.676,-0.0173,0.0,0.0
GLU,166,2HB,2579,37.72,-3.373,13.498,-0.0173,0.0,0.0
GLU,166,1HG,2580,38.46,-4.283,11.344,-0.0425,0.0,0.0
GLU,166,2HG,2581,37.609,-2.99,10.494,-0.0425,0.0,0.0
TRP,167,N,2582,34.325,-2.899,13.945,-0.4157,0.0,0.0
TRP,167,CA,2583,33.535,-2.74,15.154,-0.0275,0.0,0.0
TRP,167,C,2584,32.415,-3.764,15.196,0.5973,0.0,0.0
TRP,167,O,2585,32.263,-4.465,16.191,-0.5679,0.0,0.0
TRP,167,CB,2586,32.97,-1.325,15.199,-0.005,0.0,0.0
TRP,167,CG,2587,33.997,-0.294,15.509,-0.1415,0.0,0.0
TRP,167,CD1,2588,35.342,-0.49,15.622,-0.1638,0.0,0.0
TRP,167,CD2,2589,33.771,1.112,15.747,0.1243,0.0,0.0
TRP,167,CE2,2590,35.019,1.687,15.995,0.138,0.0,0.0
TRP,167,CE3,2591,32.631,1.915,15.771,-0.2387,0.0,0.0
TRP,167,NE1,2592,35.966,0.693,15.915,-0.3418,0.0,0.0
TRP,167,CZ2,2593,35.16,3.039,16.266,-0.2601,0.0,0.0
TRP,167,CZ3,2594,32.77,3.269,16.04,-0.1972,0.0,0.0
TRP,167,CH2,2595,34.004,3.817,16.282,-0.1134,0.0,0.0
TRP,167,H,2596,34.43,-2.099,13.338,0.2719,0.0,0.0
TRP,167,HA,2597,34.183,-2.889,16.017,0.1123,0.0,0.0
TRP,167,1HB,2598,32.516,-1.083,14.237,0.0339,0.0,0.0
TRP,167,2HB,2599,32.19,-1.269,15.951,0.0339,0.0,0.0
TRP,167,HD1,2600,35.846,-1.448,15.498,0.2062,0.0,0.0
TRP,167,HE1,2601,36.959,0.817,16.052,0.3412,0.0,0.0
TRP,167,HE3,2602,31.654,1.485,15.577,0.17,0.0,0.0
TRP,167,HZ2,2603,36.132,3.492,16.46,0.1572,0.0,0.0
TRP,167,HZ3,2604,31.872,3.888,16.057,0.1447,0.0,0.0
TRP,167,HH2,2605,34.079,4.885,16.49,0.1417,0.0,0.0
LEU,168,N,2606,31.787,-3.998,14.044,-0.4157,0.0,0.0
LEU,168,CA,2607,30.684,-4.945,13.962,-0.0518,0.0,0.0
LEU,168,C,2608,31.176,-6.36,14.202,0.5973,0.0,0.0
LEU,168,O,2609,30.607,-7.074,15.017,-0.5679,0.0,0.0
LEU,168,CB,2610,29.997,-4.87,12.599,-0.1102,0.0,0.0
LEU,168,CG,2611,28.879,-5.887,12.368,0.3531,0.0,0.0
LEU,168,CD1,2612,27.809,-5.768,13.436,-0.4121,0.0,0.0
LEU,168,CD2,2613,28.298,-5.653,10.997,-0.4121,0.0,0.0
LEU,168,H,2614,31.886,-3.328,13.291,0.2719,0.0,0.0
LEU,168,HA,2615,29.948,-4.687,14.718,0.0922,0.0,0.0
LEU,168,1HB,2616,29.574,-3.877,12.48,0.0457,0.0,0.0
LEU,168,2HB,2617,30.749,-5.019,11.823,0.0457,0.0,0.0
LEU,168,HG,2618,29.283,-6.893,12.432,-0.0361,0.0,0.0
LEU,168,1HD1,2619,27.031,-6.504,13.24,0.1,0.0,0.0
LEU,168,2HD1,2620,28.251,-5.952,14.416,0.1,0.0,0.0
LEU,168,3HD1,2621,27.379,-4.778,13.42,0.1,0.0,0.0
LEU,168,1HD2,2622,27.498,-6.37,10.814,0.1,0.0,0.0
LEU,168,2HD2,2623,27.897,-4.641,10.937,0.1,0.0,0.0
LEU,168,3HD2,2624,29.069,-5.778,10.264,0.1,0.0,0.0
ARG,169,N,2625,32.289,-6.734,13.576,-0.3479,0.0,0.0
ARG,169,CA,2626,32.807,-8.087,13.736,-0.2637,0.0,0.0
ARG,169,C,2627,33.103,-8.35,15.211,0.7341,0.0,0.0
ARG,169,O,2628,32.723,-9.394,15.743,-0.5894,0.0,0.0
ARG,169,CB,2629,34.075,-8.289,12.914,-0.0007,0.0,0.0
ARG,169,CG,2630,33.907,-8.395,11.372,0.039,0.0,0.0
ARG,169,CD,2631,35.253,-8.434,10.727,0.0486,0.0,0.0
ARG,169,NE,2632,35.227,-8.59,9.26,-0.5295,0.0,0.0
ARG,169,CZ,2633,36.311,-8.393,8.479,0.8076,0.0,0.0
ARG,169,NH1,2634,37.457,-8.045,9.024,-0.8627,0.0,0.0
ARG,169,NH2,2635,36.225,-8.548,7.175,-0.8627,0.0,0.0
ARG,169,H,2636,32.685,-6.131,12.874,0.2747,0.0,0.0
ARG,169,HA,2637,32.059,-8.795,13.388,0.156,0.0,0.0
ARG,169,1HB,2638,34.757,-7.457,13.1,0.0327,0.0,0.0
ARG,169,2HB,2639,34.569,-9.204,13.239,0.0327,0.0,0.0
ARG,169,1HG,2640,33.36,-9.305,11.12,0.0285,0.0,0.0
ARG,169,2HG,2641,33.353,-7.535,10.997,0.0285,0.0,0.0
ARG,169,1HD,2642,35.773,-7.5,10.945,0.0687,0.0,0.0
ARG,169,2HD,2643,35.814,-9.276,11.13,0.0687,0.0,0.0
ARG,169,HE,2644,34.357,-8.861,8.793,0.3456,0.0,0.0
ARG,169,1HH1,2645,37.525,-7.925,10.025,0.4478,0.0,0.0
ARG,169,2HH1,2646,38.268,-7.896,8.441,0.4478,0.0,0.0
ARG,169,1HH2,2647,35.343,-8.816,6.763,0.4478,0.0,0.0
ARG,169,2HH2,2648,37.036,-8.401,6.592,0.4478,0.0,0.0
ARG,170,N,2649,33.619,-7.333,15.906,-0.3479,0.0,0.0
ARG,170,CA,2650,33.954,-7.483,17.316,-0.2637,0.0,0.0
ARG,170,C,2651,32.694,-7.635,18.15,0.7341,0.0,0.0
ARG,170,O,2652,32.628,-8.491,19.028,-0.5894,0.0,0.0
ARG,170,CB,2653,34.743,-6.285,17.82,-0.0007,0.0,0.0
ARG,170,CG,2654,36.163,-6.167,17.312,0.039,0.0,0.0
ARG,170,CD,2655,36.77,-4.882,17.748,0.0486,0.0,0.0
ARG,170,NE,2656,38.128,-4.723,17.272,-0.5295,0.0,0.0
ARG,170,CZ,2657,38.847,-3.588,17.393,0.8076,0.0,0.0
ARG,170,NH1,2658,38.319,-2.534,17.976,-0.8627,0.0,0.0
ARG,170,NH2,2659,40.082,-3.536,16.927,-0.8627,0.0,0.0
ARG,170,H,2660,33.994,-6.538,15.405,0.2747,0.0,0.0
ARG,170,HA,2661,34.577,-8.371,17.435,0.156,0.0,0.0
ARG,170,1HB,2662,34.229,-5.369,17.544,0.0327,0.0,0.0
ARG,170,2HB,2663,34.791,-6.318,18.909,0.0327,0.0,0.0
ARG,170,1HG,2664,36.76,-6.99,17.705,0.0285,0.0,0.0
ARG,170,2HG,2665,36.175,-6.204,16.232,0.0285,0.0,0.0
ARG,170,1HD,2666,36.174,-4.053,17.361,0.0687,0.0,0.0
ARG,170,2HD,2667,36.787,-4.842,18.837,0.0687,0.0,0.0
ARG,170,HE,2668,38.566,-5.513,16.818,0.3456,0.0,0.0
ARG,170,1HH1,2669,37.374,-2.575,18.333,0.4478,0.0,0.0
ARG,170,2HH1,2670,38.857,-1.686,18.068,0.4478,0.0,0.0
ARG,170,1HH2,2671,40.488,-4.346,16.479,0.4478,0.0,0.0
ARG,170,2HH2,2672,40.62,-2.687,17.017,0.4478,0.0,0.0
TYR,171,N,2673,31.658,-6.874,17.791,-0.4157,0.0,0.0
TYR,171,CA,2674,30.409,-6.864,18.54,-0.0014,0.0,0.0
TYR,171,C,2675,29.761,-8.237,18.484,0.5973,0.0,0.0
TYR,171,O,2676,29.393,-8.811,19.508,-0.5679,0.0,0.0
TYR,171,CB,2677,29.452,-5.792,17.999,-0.0152,0.0,0.0
TYR,171,CG,2678,29.888,-4.349,18.221,-0.0011,0.0,0.0
TYR,171,CD1,2679,29.47,-3.37,17.318,-0.1906,0.0,0.0
TYR,171,CD2,2680,30.694,-3.992,19.3,-0.1906,0.0,0.0
TYR,171,CE1,2681,29.847,-2.055,17.491,-0.2341,0.0,0.0
TYR,171,CE2,2682,31.073,-2.661,19.471,-0.2341,0.0,0.0
TYR,171,CZ,2683,30.649,-1.698,18.565,0.3226,0.0,0.0
TYR,171,OH,2684,31.02,-0.376,18.725,-0.5579,0.0,0.0
TYR,171,H,2685,31.808,-6.155,17.101,0.2719,0.0,0.0
TYR,171,HA,2686,30.631,-6.633,19.581,0.0876,0.0,0.0
TYR,171,1HB,2687,29.322,-5.931,16.928,0.0295,0.0,0.0
TYR,171,2HB,2688,28.482,-5.917,18.471,0.0295,0.0,0.0
TYR,171,HD1,2689,28.84,-3.644,16.473,0.1699,0.0,0.0
TYR,171,HD2,2690,31.026,-4.752,20.009,0.1699,0.0,0.0
TYR,171,HE1,2691,29.517,-1.296,16.782,0.1656,0.0,0.0
TYR,171,HE2,2692,31.706,-2.376,20.315,0.1656,0.0,0.0
TYR,171,HH,2693,30.642,0.148,18.014,0.3992,0.0,0.0
LEU,172,N,2694,29.854,-8.841,17.299,-0.4157,0.0,0.0
LEU,172,CA,2695,29.262,-10.136,17.008,-0.0518,0.0,0.0
LEU,172,C,2696,29.934,-11.258,17.768,0.5973,0.0,0.0
LEU,172,O,2697,29.257,-12.114,18.32,-0.5679,0.0,0.0
LEU,172,CB,2698,29.349,-10.398,15.504,-0.1102,0.0,0.0
LEU,172,CG,2699,28.473,-9.507,14.641,0.3531,0.0,0.0
LEU,172,CD1,2700,28.844,-9.707,13.194,-0.4121,0.0,0.0
LEU,172,CD2,2701,27.034,-9.848,14.896,-0.4121,0.0,0.0
LEU,172,H,2702,30.158,-8.282,16.517,0.2719,0.0,0.0
LEU,172,HA,2703,28.215,-10.111,17.29,0.0922,0.0,0.0
LEU,172,1HB,2704,30.378,-10.263,15.185,0.0457,0.0,0.0
LEU,172,2HB,2705,29.067,-11.43,15.313,0.0457,0.0,0.0
LEU,172,HG,2706,28.644,-8.468,14.884,-0.0361,0.0,0.0
LEU,172,1HD1,2707,28.224,-9.076,12.577,0.1,0.0,0.0
LEU,172,2HD1,2708,29.885,-9.446,13.045,0.1,0.0,0.0
LEU,172,3HD1,2709,28.688,-10.747,12.92,0.1,0.0,0.0
LEU,172,1HD2,2710,26.396,-9.216,14.285,0.1,0.0,0.0
LEU,172,2HD2,2711,26.858,-10.892,14.642,0.1,0.0,0.0
LEU,172,3HD2,2712,26.808,-9.69,15.923,0.1,0.0,0.0
GLU,173,N,2713,31.256,-11.192,17.897,-0.5163,0.0,0.0
GLU,173,CA,2714,31.994,-12.257,18.568,0.0397,0.0,0.0
GLU,173,C,2715,31.869,-12.181,20.089,0.5366,0.0,0.0
GLU,173,O,2716,31.199,-12.983,20.738,-0.5819,0.0,0.0
GLU,173,CB,2717,33.471,-12.218,18.181,0.056,0.0,0.0
GLU,173,CG,2718,33.738,-12.587,16.729,0.0136,0.0,0.0
GLU,173,CD,2719,35.197,-12.557,16.373,0.8054,0.0,0.0
GLU,173,OE1,2720,35.987,-12.17,17.201,-0.8188,0.0,0.0
GLU,173,OE2,2721,35.525,-12.922,15.268,-0.8188,0.0,0.0
GLU,173,H,2722,31.767,-10.489,17.377,0.2936,0.0,0.0
GLU,173,HA,2723,31.567,-13.213,18.262,0.1105,0.0,0.0
GLU,173,1HB,2724,33.866,-11.214,18.357,-0.0173,0.0,0.0
GLU,173,2HB,2725,34.03,-12.906,18.814,-0.0173,0.0,0.0
GLU,173,1HG,2726,33.353,-13.589,16.544,-0.0425,0.0,0.0
GLU,173,2HG,2727,33.2,-11.895,16.085,-0.0425,0.0,0.0
ASN,174,N,2728,31.786,-10.923,20.528,-0.4157,0.0,0.0
ASN,174,CA,2729,31.583,-10.627,21.944,0.0143,0.0,0.0
ASN,174,C,2730,30.209,-11.064,22.424,0.5973,0.0,0.0
ASN,174,O,2731,30.076,-11.625,23.51,-0.5679,0.0,0.0
ASN,174,CB,2732,31.788,-9.148,22.217,-0.2041,0.0,0.0
ASN,174,CG,2733,33.235,-8.743,22.157,0.713,0.0,0.0
ASN,174,ND2,2734,33.48,-7.474,21.944,-0.9191,0.0,0.0
ASN,174,OD1,2735,34.134,-9.58,22.302,-0.5931,0.0,0.0
ASN,174,H,2736,32.093,-10.174,19.927,0.2719,0.0,0.0
ASN,174,HA,2737,32.319,-11.187,22.523,0.1048,0.0,0.0
ASN,174,1HB,2738,31.227,-8.562,21.487,0.0797,0.0,0.0
ASN,174,2HB,2739,31.393,-8.901,23.205,0.0797,0.0,0.0
ASN,174,1HD2,2740,34.425,-7.148,21.895,0.4196,0.0,0.0
ASN,174,2HD2,2741,32.722,-6.831,21.833,0.4196,0.0,0.0
GLY,175,N,2742,29.221,-10.937,21.546,-0.4157,0.0,0.0
GLY,175,CA,2743,27.845,-11.216,21.906,-0.0252,0.0,0.0
GLY,175,C,2744,27.217,-12.325,21.091,0.5973,0.0,0.0
GLY,175,O,2745,25.997,-12.378,21.005,-0.5679,0.0,0.0
GLY,175,H,2746,29.393,-10.415,20.699,0.2719,0.0,0.0
GLY,175,1HA,2747,27.804,-11.49,22.952,0.0698,0.0,0.0
GLY,175,2HA,2748,27.253,-10.312,21.779,0.0698,0.0,0.0
LYS,176,N,2749,28.038,-13.201,20.503,-0.3479,0.0,0.0
LYS,176,CA,2750,27.568,-14.305,19.656,-0.24,0.0,0.0
LYS,176,C,2751,26.521,-15.221,20.286,0.7341,0.0,0.0
LYS,176,O,2752,25.549,-15.6,19.636,-0.5894,0.0,0.0
LYS,176,CB,2753,28.757,-15.161,19.211,-0.0094,0.0,0.0
LYS,176,CG,2754,29.449,-15.922,20.325,0.0187,0.0,0.0
LYS,176,CD,2755,30.645,-16.69,19.79,-0.0479,0.0,0.0
LYS,176,CE,2756,31.331,-17.486,20.889,-0.0143,0.0,0.0
LYS,176,NZ,2757,32.526,-18.215,20.38,-0.3854,0.0,0.0
LYS,176,H,2758,29.037,-13.089,20.625,0.2747,0.0,0.0
LYS,176,HA,2759,27.106,-13.868,18.771,0.1426,0.0,0.0
LYS,176,1HB,2760,28.425,-15.885,18.477,0.0362,0.0,0.0
LYS,176,2HB,2761,29.504,-14.537,18.734,0.0362,0.0,0.0
LYS,176,1HG,2762,29.785,-15.221,21.09,0.0103,0.0,0.0
LYS,176,2HG,2763,28.75,-16.62,20.78,0.0103,0.0,0.0
LYS,176,1HD,2764,30.317,-17.376,19.008,0.0621,0.0,0.0
LYS,176,2HD,2765,31.363,-15.989,19.359,0.0621,0.0,0.0
LYS,176,1HE,2766,31.639,-16.805,21.682,0.1135,0.0,0.0
LYS,176,2HE,2767,30.624,-18.205,21.304,0.1135,0.0,0.0
LYS,176,1HZ,2768,32.952,-18.731,21.136,0.34,0.0,0.0
LYS,176,2HZ,2769,32.243,-18.856,19.652,0.34,0.0,0.0
LYS,176,3HZ,2770,33.19,-17.553,20.006,0.34,0.0,0.0
GLU,177,N,2771,26.497,-15.253,21.617,-0.5163,0.0,0.0
GLU,177,CA,2772,25.541,-16.064,22.364,0.0397,0.0,0.0
GLU,177,C,2773,24.11,-15.586,22.117,0.5366,0.0,0.0
GLU,177,O,2774,23.152,-16.34,22.29,-0.5819,0.0,0.0
GLU,177,CB,2775,25.859,-16.008,23.85,0.056,0.0,0.0
GLU,177,CG,2776,27.162,-16.689,24.244,0.0136,0.0,0.0
GLU,177,CD,2777,27.145,-18.174,24.013,0.8054,0.0,0.0
GLU,177,OE1,2778,26.22,-18.814,24.454,-0.8188,0.0,0.0
GLU,177,OE2,2779,28.057,-18.67,23.395,-0.8188,0.0,0.0
GLU,177,H,2780,27.26,-14.829,22.124,0.2936,0.0,0.0
GLU,177,HA,2781,25.614,-17.096,22.02,0.1105,0.0,0.0
GLU,177,1HB,2782,25.913,-14.982,24.153,-0.0173,0.0,0.0
GLU,177,2HB,2783,25.054,-16.479,24.412,-0.0173,0.0,0.0
GLU,177,1HG,2784,27.976,-16.252,23.663,-0.0425,0.0,0.0
GLU,177,2HG,2785,27.356,-16.494,25.298,-0.0425,0.0,0.0
THR,178,N,2786,23.98,-14.32,21.734,-0.4157,0.0,0.0
THR,178,CA,2787,22.704,-13.689,21.457,-0.0389,0.0,0.0
THR,178,C,2788,22.577,-13.312,19.985,0.5973,0.0,0.0
THR,178,O,2789,21.627,-13.692,19.304,-0.5679,0.0,0.0
THR,178,CB,2790,22.532,-12.401,22.301,0.3654,0.0,0.0
THR,178,CG2,2791,21.186,-11.737,21.987,-0.2438,0.0,0.0
THR,178,OG1,2792,22.586,-12.715,23.703,-0.6761,0.0,0.0
THR,178,H,2793,24.813,-13.769,21.595,0.2719,0.0,0.0
THR,178,HA,2794,21.905,-14.382,21.721,0.1007,0.0,0.0
THR,178,HB,2795,23.343,-11.708,22.069,0.0043,0.0,0.0
THR,178,HG1,2796,23.433,-13.122,23.906,0.4102,0.0,0.0
THR,178,1HG2,2797,21.078,-10.833,22.588,0.0642,0.0,0.0
THR,178,2HG2,2798,21.145,-11.477,20.928,0.0642,0.0,0.0
THR,178,3HG2,2799,20.377,-12.426,22.222,0.0642,0.0,0.0
LEU,179,N,2800,23.553,-12.544,19.518,-0.4157,0.0,0.0
LEU,179,CA,2801,23.599,-11.993,18.172,-0.0518,0.0,0.0
LEU,179,C,2802,23.656,-13.012,17.039,0.5973,0.0,0.0
LEU,179,O,2803,23.102,-12.762,15.969,-0.5679,0.0,0.0
LEU,179,CB,2804,24.813,-11.073,18.057,-0.1102,0.0,0.0
LEU,179,CG,2805,24.709,-9.799,18.873,0.3531,0.0,0.0
LEU,179,CD1,2806,26.056,-9.054,18.814,-0.4121,0.0,0.0
LEU,179,CD2,2807,23.547,-8.964,18.283,-0.4121,0.0,0.0
LEU,179,H,2808,24.365,-12.425,20.098,0.2719,0.0,0.0
LEU,179,HA,2809,22.681,-11.426,18.016,0.0922,0.0,0.0
LEU,179,1HB,2810,25.699,-11.618,18.382,0.0457,0.0,0.0
LEU,179,2HB,2811,24.945,-10.802,17.011,0.0457,0.0,0.0
LEU,179,HG,2812,24.507,-10.041,19.92,-0.0361,0.0,0.0
LEU,179,1HD1,2813,26.007,-8.153,19.383,0.1,0.0,0.0
LEU,179,2HD1,2814,26.84,-9.691,19.224,0.1,0.0,0.0
LEU,179,3HD1,2815,26.289,-8.812,17.804,0.1,0.0,0.0
LEU,179,1HD2,2816,23.431,-8.054,18.825,0.1,0.0,0.0
LEU,179,2HD2,2817,23.758,-8.732,17.246,0.1,0.0,0.0
LEU,179,3HD2,2818,22.62,-9.535,18.344,0.1,0.0,0.0
GLN,180,N,2819,24.324,-14.143,17.247,-0.4157,0.0,0.0
GLN,180,CA,2820,24.438,-15.124,16.175,-0.0031,0.0,0.0
GLN,180,C,2821,23.458,-16.276,16.349,0.5973,0.0,0.0
GLN,180,O,2822,23.534,-17.268,15.623,-0.5679,0.0,0.0
GLN,180,CB,2823,25.861,-15.676,16.088,-0.0036,0.0,0.0
GLN,180,CG,2824,26.911,-14.625,15.703,-0.0645,0.0,0.0
GLN,180,CD,2825,28.314,-15.203,15.634,0.6951,0.0,0.0
GLN,180,NE2,2826,29.286,-14.362,15.305,-0.9407,0.0,0.0
GLN,180,OE1,2827,28.523,-16.395,15.876,-0.6086,0.0,0.0
GLN,180,H,2828,24.731,-14.351,18.147,0.2719,0.0,0.0
GLN,180,HA,2829,24.206,-14.636,15.232,0.085,0.0,0.0
GLN,180,1HB,2830,26.145,-16.101,17.051,0.0171,0.0,0.0
GLN,180,2HB,2831,25.897,-16.477,15.353,0.0171,0.0,0.0
GLN,180,1HG,2832,26.662,-14.22,14.725,0.0352,0.0,0.0
GLN,180,2HG,2833,26.908,-13.829,16.447,0.0352,0.0,0.0
GLN,180,1HE2,2834,30.23,-14.688,15.244,0.4251,0.0,0.0
GLN,180,2HE2,2835,29.077,-13.404,15.117,0.4251,0.0,0.0
