Residue,ResNum,Atom,AtomNum,X,Y,Z,Charge
GLY,1,N,1,23.64299964904785,-16.01099967956543,8.27299976348877,-0.4157
GLY,1,CA,2,23.218000411987305,-14.859999656677246,7.482999801635742,-0.0252
GLY,1,C,3,24.077999114990234,-13.635000228881836,7.769000053405762,0.5973
GLY,1,O,4,25.011999130249023,-13.694000244140625,8.567999839782715,-0.5679
GLY,1,1H,5,23.05500030517578,-16.802000045776367,8.0600004196167,0.2719
GLY,1,2H,6,24.60300064086914,-16.235000610351562,8.050000190734863,0.2719
GLY,1,3H,7,23.56800079345703,-15.789999961853027,9.255999565124512,0.2719
GLY,1,1HA,8,23.274999618530273,-15.105999946594238,6.421999931335449,0.0698
GLY,1,2HA,9,22.176000595092773,-14.633000373840332,7.704999923706055,0.0698
SER,2,N,10,23.756000518798828,-12.531000137329102,7.10099983215332,-0.4157
SER,2,CA,11,24.489999771118164,-11.282999992370605,7.269999980926514,-0.0249
SER,2,C,12,24.131000518798828,-10.607000350952148,8.588000297546387,0.5973
SER,2,O,13,23.150999069213867,-10.97700023651123,9.236000061035156,-0.5679
SER,2,CB,14,24.198999404907227,-10.347000122070312,6.111999988555908,0.2117
SER,2,OG,15,22.864999771118164,-9.91100025177002,6.138000011444092,-0.6546
SER,2,H,16,22.982999801635742,-12.557999610900879,6.453000068664551,0.2719
SER,2,HA,17,25.555999755859375,-11.51099967956543,7.302000045776367,0.0843
SER,2,1HB,18,24.863000869750977,-9.484999656677246,6.1620001792907715,0.0352
SER,2,2HB,19,24.398000717163086,-10.859000205993652,5.173999786376953,0.0352
SER,2,HG,20,22.75200080871582,-9.454999923706055,6.974999904632568,0.4275
HID,3,N,21,24.916000366210938,-9.60099983215332,8.961999893188477,-0.4157
HID,3,CA,22,24.690000534057617,-8.843999862670898,10.182999610900879,0.0188
HID,3,C,23,24.746000289916992,-7.357999801635742,9.894000053405762,0.5973
HID,3,O,24,25.490999221801758,-6.9079999923706055,9.027999877929688,-0.5679
HID,3,CB,25,25.71500015258789,-9.210000038146973,11.234000205993652,-0.0462
HID,3,CG,26,25.638999938964844,-10.63700008392334,11.626999855041504,-0.0266
HID,3,CD2,27,26.222000122070312,-11.741999626159668,11.104000091552734,0.1292
HID,3,ND1,28,24.882999420166016,-11.072999954223633,12.690999984741211,-0.3811
HID,3,CE1,29,25.0049991607666,-12.383999824523926,12.805000305175781,0.2057
HID,3,NE2,30,25.812999725341797,-12.812000274658203,11.854000091552734,-0.5727
HID,3,H,31,25.711000442504883,-9.371999740600586,8.390000343322754,0.2719
HID,3,HA,32,23.690000534057617,-9.043999671936035,10.5649995803833,0.0881
HID,3,1HB,33,26.708999633789062,-8.998000144958496,10.848999977111816,0.0402
HID,3,2HB,34,25.565000534057617,-8.592000007629395,12.119000434875488,0.0402
HID,3,HD1,35,24.264999389648438,-10.508999824523926,13.248000144958496,0.3649
HID,3,HD2,36,26.900999069213867,-11.890000343322754,10.26099967956543,0.1147
HID,3,HE1,37,24.481000900268555,-12.920999526977539,13.58899974822998,0.1392
SER,4,N,38,24.079999923706055,-6.566999912261963,10.723999977111816,-0.4157
SER,4,CA,39,24.121999740600586,-5.127999782562256,10.505000114440918,-0.0249
SER,4,C,40,24.415000915527344,-4.254000186920166,11.720000267028809,0.5973
SER,4,O,41,23.93199920654297,-4.479000091552734,12.822999954223633,-0.5679
SER,4,CB,42,22.801000595092773,-4.690999984741211,9.911999702453613,0.2117
SER,4,OG,43,22.584999084472656,-5.283999919891357,8.659000396728516,-0.6546
SER,4,H,44,23.533000946044922,-6.9710001945495605,11.475000381469727,0.2719
SER,4,HA,45,24.94099998474121,-4.921000003814697,9.819000244140625,0.0843
SER,4,1HB,46,21.9950008392334,-4.9670000076293945,10.593000411987305,0.0352
SER,4,2HB,47,22.788999557495117,-3.618000030517578,9.8100004196167,0.0352
SER,4,HG,48,23.107999801635742,-4.7729997634887695,8.027000427246094,0.4275
MET,5,N,49,25.16699981689453,-3.194999933242798,11.477999687194824,-0.4157
MET,5,CA,50,25.378999710083008,-2.1419999599456787,12.458000183105469,-0.0237
MET,5,C,51,24.566999435424805,-0.9269999861717224,12.074999809265137,0.5973
MET,5,O,52,24.711999893188477,-0.41600000858306885,10.970000267028809,-0.5679
MET,5,CB,53,26.843000411987305,-1.777999997138977,12.57699966430664,0.0342
MET,5,CG,54,27.10099983215332,-0.6890000104904175,13.564000129699707,0.0018
MET,5,SD,55,28.82200050354004,-0.3959999978542328,13.779000282287598,-0.2737
MET,5,CE,56,29.145999908447266,-1.8320000171661377,14.680000305175781,-0.0536
MET,5,H,57,25.530000686645508,-3.068000078201294,10.543000221252441,0.2719
MET,5,HA,58,25.05699920654297,-2.5,13.434000015258789,0.088
MET,5,1HB,59,27.413999557495117,-2.6389999389648438,12.871000289916992,0.0241
MET,5,2HB,60,27.21299934387207,-1.4630000591278076,11.607999801635742,0.0241
MET,5,1HG,61,26.62700080871582,0.2290000021457672,13.222000122070312,0.044
MET,5,2HG,62,26.66699981689453,-0.9570000171661377,14.529000282287598,0.044
MET,5,1HE,63,30.176000595092773,-1.8700000047683716,14.930999755859375,0.0684
MET,5,2HE,64,28.551000595092773,-1.8259999752044678,15.586000442504883,0.0684
MET,5,3HE,65,28.892000198364258,-2.683000087738037,14.088000297546387,0.0684
ARG,6,N,66,23.856000900268555,-0.3449999988079071,13.04800033569336,-0.3479
ARG,6,CA,67,23.023000717163086,0.8140000104904175,12.772000312805176,-0.2637
ARG,6,C,68,23.059999465942383,1.8949999809265137,13.847999572753906,0.7341
ARG,6,O,69,23.01099967956543,1.6130000352859497,15.03600025177002,-0.5894
ARG,6,CB,70,21.56999969482422,0.41200000047683716,12.57800006866455,-0.0007
ARG,6,CG,71,21.211000442504883,-0.40299999713897705,11.373000144958496,0.039
ARG,6,CD,72,21.266000747680664,0.4099999964237213,10.15999984741211,0.0486
ARG,6,NE,73,20.81800079345703,-0.32600000500679016,9.01099967956543,-0.5295
ARG,6,CZ,74,21.586999893188477,-1.125,8.270999908447266,0.8076
ARG,6,NH1,75,22.844999313354492,-1.2960000038146973,8.557999610900879,-0.8627
ARG,6,NH2,76,21.089000701904297,-1.7580000162124634,7.236999988555908,-0.8627
ARG,6,H,77,23.763999938964844,-0.8140000104904175,13.939000129699707,0.2747
ARG,6,HA,78,23.39299964904785,1.2790000438690186,11.864999771118164,0.156
ARG,6,1HB,79,21.2450008392334,-0.16699999570846558,13.437000274658203,0.0327
ARG,6,2HB,80,20.979000091552734,1.312999963760376,12.531000137329102,0.0327
ARG,6,1HG,81,21.90399932861328,-1.2330000400543213,11.265000343322754,0.0285
ARG,6,2HG,82,20.198999404907227,-0.7929999828338623,11.48799991607666,0.0285
ARG,6,1HD,83,20.625999450683594,1.277999997138977,10.291000366210938,0.0687
ARG,6,2HD,84,22.29199981689453,0.7329999804496765,9.982000350952148,0.0687
ARG,6,HE,85,19.847000122070312,-0.2290000021457672,8.744000434875488,0.3456
ARG,6,1HH1,86,23.26099967956543,-0.8230000138282776,9.348999977111816,0.4478
ARG,6,2HH1,87,23.391000747680664,-1.9129999876022339,7.968999862670898,0.4478
ARG,6,1HH2,88,20.114999771118164,-1.6469999551773071,6.985000133514404,0.4478
ARG,6,2HH2,89,21.702999114990234,-2.3550000190734863,6.701000213623047,0.4478
TYR,7,N,90,23.165000915527344,3.1410000324249268,13.428999900817871,-0.4157
TYR,7,CA,91,23.148000717163086,4.255000114440918,14.371999740600586,-0.0014
TYR,7,C,92,22.030000686645508,5.205999851226807,14.036999702453613,0.5973
TYR,7,O,93,21.952999114990234,5.692999839782715,12.916999816894531,-0.5679
TYR,7,CB,94,24.45599937438965,5.025000095367432,14.414999961853027,-0.0152
TYR,7,CG,95,25.621999740600586,4.241000175476074,14.859999656677246,-0.0011
TYR,7,CD1,96,26.39299964904785,3.565999984741211,13.937000274658203,-0.1906
TYR,7,CD2,97,25.930999755859375,4.189000129699707,16.209999084472656,-0.1906
TYR,7,CE1,98,27.472999572753906,2.8399999141693115,14.359000205993652,-0.2341
TYR,7,CE2,99,27.014999389648438,3.4600000381469727,16.63599967956543,-0.2341
TYR,7,CZ,100,27.785999298095703,2.7869999408721924,15.718999862670898,0.3226
TYR,7,OH,101,28.865999221801758,2.062000036239624,16.14699935913086,-0.5579
TYR,7,H,102,23.349000930786133,3.319000005722046,12.45199966430664,0.2719
TYR,7,HA,103,22.979999542236328,3.864000082015991,15.373000144958496,0.0876
TYR,7,1HB,104,24.676000595092773,5.4120001792907715,13.423999786376953,0.0295
TYR,7,2HB,105,24.35099983215332,5.874000072479248,15.085000038146973,0.0295
TYR,7,HD1,106,26.141000747680664,3.61299991607666,12.875,0.1699
TYR,7,HD2,107,25.312999725341797,4.72599983215332,16.93400001525879,0.1699
TYR,7,HE1,108,28.077999114990234,2.311000108718872,13.633000373840332,0.1656
TYR,7,HE2,109,27.260000228881836,3.4179999828338623,17.697999954223633,0.1656
TYR,7,HH,110,29.297000885009766,1.656999945640564,15.392000198364258,0.3992
PHE,8,N,111,21.114999771118164,5.423999786376953,14.973999977111816,-0.4157
PHE,8,CA,112,19.964000701904297,6.255000114440918,14.690999984741211,-0.0024
PHE,8,C,113,19.98900032043457,7.533999919891357,15.496000289916992,0.5973
PHE,8,O,114,20.100000381469727,7.531000137329102,16.724000930786133,-0.5679
PHE,8,CB,115,18.655000686645508,5.5370001792907715,14.967000007629395,-0.0343
PHE,8,CG,116,18.415000915527344,4.364999771118164,14.079000473022461,0.0118
PHE,8,CD1,117,18.857999801635742,3.124000072479248,14.446999549865723,-0.1256
PHE,8,CD2,118,17.746999740600586,4.50600004196167,12.87600040435791,-0.1256
PHE,8,CE1,119,18.648000717163086,2.0309998989105225,13.645000457763672,-0.1704
PHE,8,CE2,120,17.52899932861328,3.4130001068115234,12.0600004196167,-0.1704
PHE,8,CZ,121,17.983999252319336,2.1679999828338623,12.449000358581543,-0.1072
PHE,8,H,122,21.15399932861328,4.9070000648498535,15.840999603271484,0.2719
PHE,8,HA,123,19.985000610351562,6.534999847412109,13.638999938964844,0.0978
PHE,8,1HB,124,18.64299964904785,5.189000129699707,16.00200080871582,0.0295
PHE,8,2HB,125,17.826000213623047,6.23199987411499,14.845000267028809,0.0295
PHE,8,HD1,126,19.378999710083008,3.0209999084472656,15.390000343322754,0.133
PHE,8,HD2,127,17.392000198364258,5.492000102996826,12.576000213623047,0.133
PHE,8,HE1,128,19.007999420166016,1.0509999990463257,13.956999778747559,0.143
PHE,8,HE2,129,17.00200080871582,3.5299999713897705,11.11299991607666,0.143
PHE,8,HZ,130,17.819000244140625,1.2999999523162842,11.812999725341797,0.1297
HID,9,N,131,20.15399932861328,8.63599967956543,14.782999992370605,-0.4157
HID,9,CA,132,20.368999481201172,9.916999816894531,15.413999557495117,0.0188
HID,9,C,133,19.155000686645508,10.788999557495117,15.25,0.5973
HID,9,O,134,18.68600082397461,10.98799991607666,14.142999649047852,-0.5679
HID,9,CB,135,21.590999603271484,10.626999855041504,14.836000442504883,-0.0462
HID,9,CG,136,22.875,9.942000389099121,15.088000297546387,-0.0266
HID,9,CD2,137,23.18000030517578,8.883999824523926,15.852999687194824,0.1292
HID,9,ND1,138,24.047000885009766,10.345000267028809,14.506999969482422,-0.3811
HID,9,CE1,139,25.023000717163086,9.557000160217285,14.909000396728516,0.2057
HID,9,NE2,140,24.511999130249023,8.659000396728516,15.730999946594238,-0.5727
HID,9,H,141,20.256000518798828,8.569000244140625,13.784000396728516,0.2719
HID,9,HA,142,20.514999389648438,9.779000282287598,16.475000381469727,0.0881
HID,9,1HB,143,21.474000930786133,10.730999946594238,13.755000114440918,0.0402
HID,9,2HB,144,21.6560001373291,11.616999626159668,15.251999855041504,0.0402
HID,9,HD1,145,24.160999298095703,11.157999992370605,13.937000274658203,0.3649
HID,9,HD2,146,22.58799934387207,8.243000030517578,16.489999771118164,0.1147
HID,9,HE1,147,26.042999267578125,9.71399974822998,14.557000160217285,0.1392
THR,10,N,148,18.67300033569336,11.355999946594238,16.347000122070312,-0.4157
THR,10,CA,149,17.541000366210938,12.262999534606934,16.256999969482422,-0.0389
THR,10,C,150,17.847999572753906,13.595000267028809,16.92300033569336,0.5973
THR,10,O,151,18.297000885009766,13.652000427246094,18.06800079345703,-0.5679
THR,10,CB,152,16.277000427246094,11.647000312805176,16.89299964904785,0.3654
THR,10,CG2,153,15.119999885559082,12.612000465393066,16.795000076293945,-0.2438
THR,10,OG1,154,15.939000129699707,10.428000450134277,16.216999053955078,-0.6761
THR,10,H,155,19.1299991607666,11.197999954223633,17.233999252319336,0.2719
THR,10,HA,156,17.339000701904297,12.465999603271484,15.206999778747559,0.1007
THR,10,HB,157,16.474000930786133,11.42199993133545,17.941999435424805,0.0043
THR,10,HG1,158,16.66900062561035,9.807999610900879,16.29199981689453,0.4102
THR,10,1HG2,159,14.236000061035156,12.168000221252441,17.246000289916992,0.0642
THR,10,2HG2,160,15.371999740600586,13.522000312805176,17.31399917602539,0.0642
THR,10,3HG2,161,14.918999671936035,12.833000183105469,15.75100040435791,0.0642
SER,11,N,162,17.6200008392334,14.678000450134277,16.19099998474121,-0.4157
SER,11,CA,163,17.91900062561035,16.006000518798828,16.690000534057617,-0.0249
SER,11,C,164,16.641000747680664,16.829999923706055,16.618000030517578,0.5973
SER,11,O,165,16.150999069213867,17.131000518798828,15.534000396728516,-0.5679
SER,11,CB,166,19.016000747680664,16.645999908447266,15.878000259399414,0.2117
SER,11,OG,167,19.27199935913086,17.945999145507812,16.323999404907227,-0.6546
SER,11,H,168,17.426000595092773,14.572999954223633,15.208000183105469,0.2719
SER,11,HA,169,18.24799919128418,15.928999900817871,17.711000442504883,0.0843
SER,11,1HB,170,19.91699981689453,16.047000885009766,15.954999923706055,0.0352
SER,11,2HB,171,18.72800064086914,16.66699981689453,14.836000442504883,0.0352
SER,11,HG,172,19.972999572753906,18.285999298095703,15.765000343322754,0.4275
VAL,12,N,173,16.204999923706055,17.37700080871582,17.753000259399414,-0.4157
VAL,12,CA,174,14.939000129699707,18.11199951171875,17.739999771118164,-0.0875
VAL,12,C,175,15.032999992370605,19.517000198364258,18.291000366210938,0.5973
VAL,12,O,176,15.541999816894531,19.739999771118164,19.386999130249023,-0.5679
VAL,12,CB,177,13.857999801635742,17.36199951171875,18.541000366210938,0.2985
VAL,12,CG1,178,12.559000015258789,18.163999557495117,18.527999877929688,-0.3192
VAL,12,CG2,179,13.663000106811523,15.993000030517578,17.957000732421875,-0.3192
VAL,12,H,180,16.658000946044922,17.13599967956543,18.62700080871582,0.2719
VAL,12,HA,181,14.609999656677246,18.19700050354004,16.70800018310547,0.0969
VAL,12,HB,182,14.168999671936035,17.270000457763672,19.583999633789062,-0.0297
VAL,12,1HG1,183,11.795000076293945,17.632999420166016,19.0939998626709,0.0791
VAL,12,2HG1,184,12.72599983215332,19.141000747680664,18.97800064086914,0.0791
VAL,12,3HG1,185,12.220000267028809,18.29400062561035,17.496999740600586,0.0791
VAL,12,1HG2,186,12.899999618530273,15.460000038146973,18.520999908447266,0.0791
VAL,12,2HG2,187,13.35099983215332,16.08300018310547,16.924999237060547,0.0791
VAL,12,3HG2,188,14.595000267028809,15.45199966430664,18.010000228881836,0.0791
SER,13,N,189,14.670000076293945,20.48900032043457,17.459999084472656,-0.4157
SER,13,CA,190,14.762999534606934,21.875999450683594,17.861000061035156,-0.0249
SER,13,C,191,13.635000228881836,22.19300079345703,18.812999725341797,0.5973
SER,13,O,192,12.498000144958496,21.788999557495117,18.60099983215332,-0.5679
SER,13,CB,193,14.706000328063965,22.80500030517578,16.66699981689453,0.2117
SER,13,OG,194,14.71399974822998,24.14299964904785,17.075000762939453,-0.6546
SER,13,H,195,14.35200023651123,20.260000228881836,16.5310001373291,0.2719
SER,13,HA,196,15.715999603271484,22.035999298095703,18.354999542236328,0.0843
SER,13,1HB,197,15.545999526977539,22.621999740600586,16.02199935913086,0.0352
SER,13,2HB,198,13.812000274658203,22.604999542236328,16.0939998626709,0.0352
SER,13,HG,199,14.677000045776367,24.665000915527344,16.270000457763672,0.4275
ARG,14,N,200,13.937000274658203,22.95800018310547,19.841999053955078,-0.3479
ARG,14,CA,201,12.90999984741211,23.351999282836914,20.79400062561035,-0.2637
ARG,14,C,202,13.10200023651123,24.804000854492188,21.204999923706055,0.7341
ARG,14,O,203,13.637999534606934,25.076000213623047,22.277999877929688,-0.5894
ARG,14,CB,204,12.967000007629395,22.447999954223633,22.016000747680664,-0.0007
ARG,14,CG,205,12.678999900817871,20.979000091552734,21.71500015258789,0.039
ARG,14,CD,206,12.699999809265137,20.125,22.906999588012695,0.0486
ARG,14,NE,207,12.446000099182129,18.738000869750977,22.55299949645996,-0.5295
ARG,14,CZ,208,12.413000106811523,17.714000701904297,23.42099952697754,0.8076
ARG,14,NH1,209,12.619999885559082,17.92799949645996,24.700000762939453,-0.8627
ARG,14,NH2,210,12.170999526977539,16.490999221801758,22.983999252319336,-0.8627
ARG,14,H,211,14.881999969482422,23.297000885009766,19.95800018310547,0.2747
ARG,14,HA,212,11.932999610900879,23.243999481201172,20.32900047302246,0.156
ARG,14,1HB,213,13.954999923706055,22.51099967956543,22.474000930786133,0.0327
ARG,14,2HB,214,12.24899959564209,22.788000106811523,22.74799919128418,0.0327
ARG,14,1HG,215,11.689000129699707,20.892000198364258,21.264999389648438,0.0285
ARG,14,2HG,216,13.42300033569336,20.59000015258789,21.025999069213867,0.0285
ARG,14,1HD,217,13.677000045776367,20.18899917602539,23.386999130249023,0.0687
ARG,14,2HD,218,11.932000160217285,20.452999114990234,23.60700035095215,0.0687
ARG,14,HE,219,12.281000137329102,18.527999877929688,21.57699966430664,0.3456
ARG,14,1HH1,220,12.805000305175781,18.864999771118164,25.031999588012695,0.4478
ARG,14,2HH1,221,12.595000267028809,17.156999588012695,25.351999282836914,0.4478
ARG,14,1HH2,222,12.01200008392334,16.327999114990234,21.999000549316406,0.4478
ARG,14,2HH2,223,12.145999908447266,15.718999862670898,23.634000778198242,0.4478
PRO,15,N,224,12.58899974822998,25.757999420166016,20.40999984741211,-0.2548
PRO,15,CA,225,12.66100025177002,27.184999465942383,20.632999420166016,-0.0266
PRO,15,C,226,12.102999687194824,27.577999114990234,21.988000869750977,0.5896
PRO,15,O,227,11.02299976348877,27.13599967956543,22.3799991607666,-0.5748
PRO,15,CB,228,11.812000274658203,27.739999771118164,19.479999542236328,-0.007
PRO,15,CG,229,11.965999603271484,26.708999633789062,18.392000198364258,0.0189
PRO,15,CD,230,11.984999656677246,25.402000427246094,19.094999313354492,0.0192
PRO,15,HA,231,13.710000038146973,27.507999420166016,20.548999786376953,0.0641
PRO,15,1HB,232,10.767999649047852,27.867000579833984,19.804000854492188,0.0253
PRO,15,2HB,233,12.175000190734863,28.735000610351562,19.183000564575195,0.0253
PRO,15,1HG,234,11.140999794006348,26.784000396728516,17.680999755859375,0.0213
PRO,15,2HG,235,12.890000343322754,26.886999130249023,17.822999954223633,0.0213
PRO,15,1HD,236,10.958999633789062,25.018999099731445,19.211000442504883,0.0391
PRO,15,2HD,237,12.592000007629395,24.72100067138672,18.513999938964844,0.0391
GLY,16,N,238,12.843999862670898,28.42300033569336,22.69099998474121,-0.4157
GLY,16,CA,239,12.45199966430664,28.902000427246094,24.006999969482422,-0.0252
GLY,16,C,240,12.79699993133545,27.92300033569336,25.131000518798828,0.5973
GLY,16,O,241,12.651000022888184,28.257999420166016,26.30699920654297,-0.5679
GLY,16,H,242,13.722000122070312,28.739999771118164,22.302000045776367,0.2719
GLY,16,1HA,243,12.946000099182129,29.85300064086914,24.20599937438965,0.0698
GLY,16,2HA,244,11.378000259399414,29.083999633789062,24.018999099731445,0.0698
ARG,17,N,245,13.3149995803833,26.743999481201172,24.781999588012695,-0.3479
ARG,17,CA,246,13.62600040435791,25.726999282836914,25.7810001373291,-0.2637
ARG,17,C,247,15.102999687194824,25.349000930786133,25.783000946044922,0.7341
ARG,17,O,248,15.49899959564209,24.39299964904785,26.452999114990234,-0.5894
ARG,17,CB,249,12.803000450134277,24.469999313354492,25.548999786376953,-0.0007
ARG,17,CG,250,11.302000045776367,24.66900062561035,25.65999984741211,0.039
ARG,17,CD,251,10.557000160217285,23.395999908447266,25.474000930786133,0.0486
ARG,17,NE,252,9.119999885559082,23.586000442504883,25.579999923706055,-0.5295
ARG,17,CZ,253,8.206999778747559,22.597999572753906,25.479000091552734,0.8076
ARG,17,NH1,254,8.597999572753906,21.360000610351562,25.270000457763672,-0.8627
ARG,17,NH2,255,6.920000076293945,22.874000549316406,25.59000015258789,-0.8627
ARG,17,H,256,13.38599967956543,26.492000579833984,23.80500030517578,0.2747
ARG,17,HA,257,13.364999771118164,26.118999481201172,26.76300048828125,0.156
ARG,17,1HB,258,13.01200008392334,24.07699966430664,24.56399917602539,0.0327
ARG,17,2HB,259,13.090999603271484,23.70800018310547,26.273000717163086,0.0327
ARG,17,1HG,260,11.0600004196167,25.065000534057617,26.645999908447266,0.0285
ARG,17,2HG,261,10.972000122070312,25.37299919128418,24.89299964904785,0.0285
ARG,17,1HD,262,10.770999908447266,22.98699951171875,24.493000030517578,0.0687
ARG,17,2HD,263,10.862000465393066,22.68000030517578,26.23699951171875,0.0687
ARG,17,HE,264,8.779999732971191,24.52400016784668,25.740999221801758,0.3456
ARG,17,1HH1,265,9.583000183105469,21.149999618530273,25.184999465942383,0.4478
ARG,17,2HH1,266,7.914999961853027,20.621999740600586,25.194000244140625,0.4478
ARG,17,1HH2,267,6.61899995803833,23.826000213623047,25.75,0.4478
ARG,17,2HH2,268,6.23799991607666,22.135000228881836,25.513999938964844,0.4478
GLY,18,N,269,15.914999961853027,26.089000701904297,25.03499984741211,-0.4157
GLY,18,CA,270,17.341999053955078,25.79599952697754,24.957000732421875,-0.0252
GLY,18,C,271,17.716999053955078,25.07699966430664,23.670000076293945,0.5973
GLY,18,O,272,16.8799991607666,24.875,22.788999557495117,-0.5679
GLY,18,H,273,15.538000106811523,26.863000869750977,24.506999969482422,0.2719
GLY,18,1HA,274,17.905000686645508,26.726999282836914,25.024999618530273,0.0698
GLY,18,2HA,275,17.632999420166016,25.180999755859375,25.805999755859375,0.0698
GLU,19,N,276,18.993999481201172,24.716999053955078,23.562999725341797,-0.5163
GLU,19,CA,277,19.538999557495117,24.090999603271484,22.365999221801758,0.0397
GLU,19,C,278,18.823999404907227,22.770000457763672,22.054000854492188,0.5366
GLU,19,O,279,18.33799934387207,22.113000869750977,22.974000930786133,-0.5819
GLU,19,CB,280,21.042999267578125,23.839000701904297,22.517000198364258,0.056
GLU,19,CG,281,21.895999908447266,25.091999053955078,22.558000564575195,0.0136
GLU,19,CD,282,23.368000030517578,24.792999267578125,22.63800048828125,0.8054
GLU,19,OE1,283,23.7189998626709,23.63800048828125,22.708999633789062,-0.8188
GLU,19,OE2,284,24.14299964904785,25.72100067138672,22.625999450683594,-0.8188
GLU,19,H,285,19.613000869750977,24.89900016784668,24.340999603271484,0.2936
GLU,19,HA,286,19.37299919128418,24.788000106811523,21.55699920654297,0.1105
GLU,19,1HB,287,21.226999282836914,23.281999588012695,23.43400001525879,-0.0173
GLU,19,2HB,288,21.39699935913086,23.229000091552734,21.690000534057617,-0.0173
GLU,19,1HG,289,21.70199966430664,25.68000030517578,21.660999298095703,-0.0425
GLU,19,2HG,290,21.60300064086914,25.690000534057617,23.420000076293945,-0.0425
PRO,20,N,291,18.753000259399414,22.354999542236328,20.777000427246094,-0.2548
PRO,20,CA,292,18.174999237060547,21.108999252319336,20.30699920654297,-0.0266
PRO,20,C,293,18.68600082397461,19.881999969482422,21.062999725341797,0.5896
PRO,20,O,294,19.81100082397461,19.863000869750977,21.56399917602539,-0.5748
PRO,20,CB,295,18.610000610351562,21.07900047302246,18.832000732421875,-0.007
PRO,20,CG,296,18.70800018310547,22.514999389648438,18.452999114990234,0.0189
PRO,20,CD,297,19.274999618530273,23.195999145507812,19.670000076293945,0.0192
PRO,20,HA,298,17.086000442504883,21.18899917602539,20.406999588012695,0.0641
PRO,20,1HB,299,19.566999435424805,20.545000076293945,18.73200035095215,0.0253
PRO,20,2HB,300,17.871000289916992,20.527999877929688,18.232999801635742,0.0253
PRO,20,1HG,301,19.349000930786133,22.628000259399414,17.56999969482422,0.0213
PRO,20,2HG,302,17.726999282836914,22.908000946044922,18.177000045776367,0.0213
PRO,20,1HD,303,20.360000610351562,23.18199920654297,19.636999130249023,0.0391
PRO,20,2HD,304,18.891000747680664,24.215999603271484,19.680999755859375,0.0391
ARG,21,N,305,17.780000686645508,18.933000564575195,21.27400016784668,-0.3479
ARG,21,CA,306,18.089000701904297,17.680999755859375,21.96500015258789,-0.2637
ARG,21,C,307,18.70400047302246,16.71299934387207,20.972999572753906,0.7341
ARG,21,O,308,18.179000854492188,16.533000946044922,19.882999420166016,-0.5894
ARG,21,CB,309,16.826000213623047,17.083999633789062,22.57900047302246,-0.0007
ARG,21,CG,310,17.0310001373291,15.840999603271484,23.45199966430664,0.039
ARG,21,CD,311,15.737000465393066,15.420000076293945,24.073999404907227,0.0486
ARG,21,NE,312,15.878000259399414,14.279999732971191,24.972999572753906,-0.5295
ARG,21,CZ,313,14.835000038146973,13.67199993133545,25.58300018310547,0.8076
ARG,21,NH1,314,13.611000061035156,14.109000205993652,25.375,-0.8627
ARG,21,NH2,315,15.031000137329102,12.644000053405762,26.385000228881836,-0.8627
ARG,21,H,316,16.90399932861328,19.020000457763672,20.77199935913086,0.2747
ARG,21,HA,317,18.799999237060547,17.882999420166016,22.766000747680664,0.156
ARG,21,1HB,318,16.336000442504883,17.834999084472656,23.198999404907227,0.0327
ARG,21,2HB,319,16.134000778198242,16.808000564575195,21.7810001373291,0.0327
ARG,21,1HG,320,17.410999298095703,15.020000457763672,22.8439998626709,0.0285
ARG,21,2HG,321,17.74799919128418,16.06100082397461,24.246000289916992,0.0285
ARG,21,1HD,322,15.329999923706055,16.249000549316406,24.650999069213867,0.0687
ARG,21,2HD,323,15.03600025177002,15.138999938964844,23.288000106811523,0.0687
ARG,21,HE,324,16.81399917602539,13.916000366210938,25.15399932861328,0.3456
ARG,21,1HH1,325,13.45300006866455,14.897000312805176,24.761999130249023,0.4478
ARG,21,2HH1,326,12.829999923706055,13.657999992370605,25.82900047302246,0.4478
ARG,21,1HH2,327,15.965999603271484,12.303999900817871,26.549999237060547,0.4478
ARG,21,2HH2,328,14.246000289916992,12.197999954223633,26.834999084472656,0.4478
PHE,22,N,329,19.722000122070312,15.968000411987305,21.399999618530273,-0.4157
PHE,22,CA,330,20.336999893188477,14.987000465393066,20.520000457763672,-0.0024
PHE,22,C,331,20.447999954223633,13.593999862670898,21.131999969482422,0.5973
PHE,22,O,332,20.948999404907227,13.402999877929688,22.23900032043457,-0.5679
PHE,22,CB,333,21.729000091552734,15.449000358581543,20.104000091552734,-0.0343
PHE,22,CG,334,22.42799949645996,14.496999740600586,19.198999404907227,0.0118
PHE,22,CD1,335,22.10700035095215,14.42300033569336,17.861000061035156,-0.1256
PHE,22,CD2,336,23.423999786376953,13.661999702453613,19.69499969482422,-0.1256
PHE,22,CE1,337,22.759000778198242,13.541999816894531,17.03499984741211,-0.1704
PHE,22,CE2,338,24.07699966430664,12.779999732971191,18.8700008392334,-0.1704
PHE,22,CZ,339,23.743000030517578,12.720000267028809,17.53499984741211,-0.1072
PHE,22,H,340,20.08799934387207,16.09600067138672,22.323999404907227,0.2719
PHE,22,HA,341,19.704999923706055,14.875,19.642000198364258,0.0978
PHE,22,1HB,342,21.65399932861328,16.41200065612793,19.597000122070312,0.0295
PHE,22,2HB,343,22.340999603271484,15.593000411987305,20.989999771118164,0.0295
PHE,22,HD1,344,21.33099937438965,15.072999954223633,17.46500015258789,0.133
PHE,22,HD2,345,23.683000564575195,13.71399974822998,20.750999450683594,0.133
PHE,22,HE1,346,22.496999740600586,13.494000434875488,15.98900032043457,0.143
PHE,22,HE2,347,24.85700035095215,12.128999710083008,19.26799964904785,0.143
PHE,22,HZ,348,24.256000518798828,12.020999908447266,16.878000259399414,0.1297
ILE,23,N,349,19.878000259399414,12.628000259399414,20.426000595092773,-0.4157
ILE,23,CA,350,19.871000289916992,11.253000259399414,20.893999099731445,-0.0597
ILE,23,C,351,20.523000717163086,10.345000267028809,19.867000579833984,0.5973
ILE,23,O,352,20.14900016784668,10.336000442504883,18.698999404907227,-0.5679
ILE,23,CB,353,18.44099998474121,10.758000373840332,21.18899917602539,0.1303
ILE,23,CG1,354,17.808000564575195,11.628999710083008,22.281999588012695,-0.043
ILE,23,CG2,355,18.464000701904297,9.288000106811523,21.60300064086914,-0.3204
ILE,23,CD1,356,16.340999603271484,11.37399959564209,22.485000610351562,-0.066
ILE,23,H,357,19.405000686645508,12.861000061035156,19.562000274658203,0.2719
ILE,23,HA,358,20.447999954223633,11.20300006866455,21.80500030517578,0.0869
ILE,23,HB,359,17.82699966430664,10.866999626159668,20.29400062561035,0.0187
ILE,23,1HG1,360,18.327999114990234,11.444000244140625,23.22100067138672,0.0236
ILE,23,2HG1,361,17.941999435424805,12.673999786376953,22.023000717163086,0.0236
ILE,23,1HG2,362,17.450000762939453,8.949000358581543,21.808000564575195,0.0882
ILE,23,2HG2,363,18.885000228881836,8.694000244140625,20.802000045776367,0.0882
ILE,23,3HG2,364,19.075000762939453,9.170999526977539,22.500999450683594,0.0882
ILE,23,1HD1,365,15.965999603271484,12.02400016784668,23.268999099731445,0.0186
ILE,23,2HD1,366,15.805999755859375,11.57699966430664,21.558000564575195,0.0186
ILE,23,3HD1,367,16.18899917602539,10.336000442504883,22.77199935913086,0.0186
SER,24,N,368,21.42799949645996,9.482000350952148,20.33300018310547,-0.4157
SER,24,CA,369,22.124000549316406,8.54699993133545,19.46500015258789,-0.0249
SER,24,C,370,22.027000427246094,7.117000102996826,19.97599983215332,0.5973
SER,24,O,371,22.464000701904297,6.822999954223633,21.084999084472656,-0.5679
SER,24,CB,372,23.58799934387207,8.954000473022461,19.34600067138672,0.2117
SER,24,OG,373,24.35099983215332,8.003000259399414,18.628000259399414,-0.6546
SER,24,H,374,21.687000274658203,9.53499984741211,21.305999755859375,0.2719
SER,24,HA,375,21.66200065612793,8.58899974822998,18.48200035095215,0.0843
SER,24,1HB,376,23.6560001373291,9.913000106811523,18.844999313354492,0.0352
SER,24,2HB,377,24.00200080871582,9.069999694824219,20.327999114990234,0.0352
SER,24,HG,378,24.2189998626709,8.175999641418457,17.69300079345703,0.4275
VAL,25,N,379,21.461999893188477,6.21999979019165,19.176000595092773,-0.4157
VAL,25,CA,380,21.298999786376953,4.855999946594238,19.677000045776367,-0.0875
VAL,25,C,381,21.878000259399414,3.8499999046325684,18.70599937438965,0.5973
VAL,25,O,382,21.63800048828125,3.9010000228881836,17.50200080871582,-0.5679
VAL,25,CB,383,19.822999954223633,4.497000217437744,19.924999237060547,0.2985
VAL,25,CG1,384,19.746000289916992,3.0810000896453857,20.458999633789062,-0.3192
VAL,25,CG2,385,19.211000442504883,5.4730000495910645,20.871999740600586,-0.3192
VAL,25,H,386,20.98200035095215,6.520999908447266,18.334999084472656,0.2719
VAL,25,HA,387,21.82699966430664,4.76800012588501,20.624000549316406,0.0969
VAL,25,HB,388,19.274999618530273,4.52400016784668,18.98200035095215,-0.0297
VAL,25,1HG1,389,18.70599937438965,2.815999984741211,20.636999130249023,0.0791
VAL,25,2HG1,390,20.17099952697754,2.3940000534057617,19.73900032043457,0.0791
VAL,25,3HG1,391,20.304000854492188,3.015000104904175,21.393999099731445,0.0791
VAL,25,1HG2,392,18.16699981689453,5.2129998207092285,21.04199981689453,0.0791
VAL,25,2HG2,393,19.74799919128418,5.438000202178955,21.79800033569336,0.0791
VAL,25,3HG2,394,19.268999099731445,6.468999862670898,20.452999114990234,0.0791
GLY,26,N,395,22.77899932861328,3.013000011444092,19.204999923706055,-0.4157
GLY,26,CA,396,23.441999435424805,2.062999963760376,18.349000930786133,-0.0252
GLY,26,C,397,22.770000457763672,0.7210000157356262,18.490999221801758,0.5973
GLY,26,O,398,22.52899932861328,0.27399998903274536,19.61400032043457,-0.5679
GLY,26,H,399,23.052000045776367,3.0850000381469727,20.17300033569336,0.2719
GLY,26,1HA,400,23.402000427246094,2.4040000438690186,17.31999969482422,0.0698
GLY,26,2HA,401,24.496000289916992,1.9930000305175781,18.613000869750977,0.0698
TYR,27,N,402,22.71500015258789,-0.006000000052154064,17.382999420166016,-0.4157
TYR,27,CA,403,22.158000946044922,-1.340000033378601,17.312000274658203,-0.0014
TYR,27,C,404,23.06599998474121,-2.315000057220459,16.593000411987305,0.5973
TYR,27,O,405,23.753999710083008,-1.9730000495910645,15.631999969482422,-0.5679
TYR,27,CB,406,20.78700065612793,-1.3339999914169312,16.631999969482422,-0.0152
TYR,27,CG,407,19.701000213623047,-0.5559999942779541,17.316999435424805,-0.0011
TYR,27,CD1,408,19.56599998474121,0.7919999957084656,17.070999145507812,-0.1906
TYR,27,CD2,409,18.841999053955078,-1.190000057220459,18.190000534057617,-0.1906
TYR,27,CE1,410,18.570999145507812,1.5080000162124634,17.697999954223633,-0.2341
TYR,27,CE2,411,17.844999313354492,-0.4790000021457672,18.81999969482422,-0.2341
TYR,27,CZ,412,17.707000732421875,0.8669999837875366,18.576000213623047,0.3226
TYR,27,OH,413,16.71299934387207,1.5820000171661377,19.202999114990234,-0.5579
TYR,27,H,414,22.98699951171875,0.42800000309944153,16.520000457763672,0.2719
TYR,27,HA,415,22.06399917602539,-1.7200000286102295,18.327999114990234,0.0876
TYR,27,1HB,416,20.886999130249023,-0.9240000247955322,15.630999565124512,0.0295
TYR,27,2HB,417,20.43000030517578,-2.361999988555908,16.538000106811523,0.0295
TYR,27,HD1,418,20.25,1.2829999923706055,16.378999710083008,0.1699
TYR,27,HD2,419,18.951000213623047,-2.253000020980835,18.385000228881836,0.1699
TYR,27,HE1,420,18.461000442504883,2.575000047683716,17.5049991607666,0.1656
TYR,27,HE2,421,17.167999267578125,-0.9810000061988831,19.51099967956543,0.1656
TYR,27,HH,422,16.756999969482422,2.500999927520752,18.924999237060547,0.3992
VAL,28,N,423,23.006000518798828,-3.558000087738037,17.02400016784668,-0.4157
VAL,28,CA,424,23.604000091552734,-4.64900016784668,16.281999588012695,-0.0875
VAL,28,C,425,22.46500015258789,-5.605999946594238,15.982000350952148,0.5973
VAL,28,O,426,21.885000228881836,-6.170000076293945,16.908000946044922,-0.5679
VAL,28,CB,427,24.709999084472656,-5.34499979019165,17.09600067138672,0.2985
VAL,28,CG1,428,25.297000885009766,-6.465000152587891,16.274999618530273,-0.3192
VAL,28,CG2,429,25.7810001373291,-4.318999767303467,17.499000549316406,-0.3192
VAL,28,H,430,22.371000289916992,-3.7760000228881836,17.777999877929688,0.2719
VAL,28,HA,431,24.099000930786133,-4.258999824523926,15.394000053405762,0.0969
VAL,28,HB,432,24.27899932861328,-5.789000034332275,17.9950008392334,-0.0297
VAL,28,1HG1,433,26.076000213623047,-6.960000038146973,16.843000411987305,0.0791
VAL,28,2HG1,434,24.520999908447266,-7.184999942779541,16.027999877929688,0.0791
VAL,28,3HG1,435,25.711999893188477,-6.064000129699707,15.37399959564209,0.0791
VAL,28,1HG2,436,26.55900001525879,-4.813000202178955,18.073999404907227,0.0791
VAL,28,2HG2,437,26.216999053955078,-3.875,16.601999282836914,0.0791
VAL,28,3HG2,438,25.326000213623047,-3.5380001068115234,18.104999542236328,0.0791
ASP,29,N,439,22.121000289916992,-5.73199987411499,14.70300006866455,-0.5163
ASP,29,CA,440,20.968000411987305,-6.50600004196167,14.272000312805176,0.0381
ASP,29,C,441,19.711999893188477,-5.98199987411499,14.970000267028809,0.5366
ASP,29,O,442,19.33099937438965,-4.830999851226807,14.755000114440918,-0.5819
ASP,29,CB,443,21.16699981689453,-7.99399995803833,14.57800006866455,-0.0303
ASP,29,CG,444,22.33099937438965,-8.553999900817871,13.805999755859375,0.7994
ASP,29,OD1,445,22.488000869750977,-8.159000396728516,12.675999641418457,-0.8014
ASP,29,OD2,446,23.055999755859375,-9.364999771118164,14.336999893188477,-0.8014
ASP,29,H,447,22.67099952697754,-5.27400016784668,14.0,0.2936
ASP,29,HA,448,20.850000381469727,-6.388999938964844,13.194999694824219,0.088
ASP,29,1HB,449,21.33799934387207,-8.147000312805176,15.630999565124512,-0.0122
ASP,29,2HB,450,20.261999130249023,-8.548999786376953,14.322999954223633,-0.0122
GLY,30,N,451,19.052000045776367,-6.796999931335449,15.791000366210938,-0.4157
GLY,30,CA,452,17.83099937438965,-6.34499979019165,16.437999725341797,-0.0252
GLY,30,C,453,18.045000076293945,-5.908999919891357,17.88599967956543,0.5973
GLY,30,O,454,17.076000213623047,-5.604000091552734,18.58300018310547,-0.5679
GLY,30,H,455,19.374000549316406,-7.739999771118164,15.980999946594238,0.2719
GLY,30,1HA,456,17.413999557495117,-5.506999969482422,15.878000259399414,0.0698
GLY,30,2HA,457,17.09600067138672,-7.146999835968018,16.417999267578125,0.0698
THR,31,N,458,19.28499984741211,-5.998000144958496,18.37700080871582,-0.4157
THR,31,CA,459,19.555999755859375,-5.638999938964844,19.767000198364258,-0.0389
THR,31,C,460,20.19700050354004,-4.270999908447266,19.954999923706055,0.5973
THR,31,O,461,20.923999786376953,-3.7809998989105225,19.097000122070312,-0.5679
THR,31,CB,462,20.45199966430664,-6.693999767303467,20.43000030517578,0.3654
THR,31,CG2,463,19.76300048828125,-8.053000450134277,20.457000732421875,-0.2438
THR,31,OG1,464,21.66900062561035,-6.794000148773193,19.700000762939453,-0.6761
THR,31,H,465,20.06399917602539,-6.14300012588501,17.746999740600586,0.2719
THR,31,HA,466,18.604000091552734,-5.5879998207092285,20.292999267578125,0.1007
THR,31,HB,467,20.67300033569336,-6.388999938964844,21.445999145507812,0.0043
THR,31,HG1,468,21.479000091552734,-7.053999900817871,18.795000076293945,0.4102
THR,31,1HG2,469,20.41699981689453,-8.784000396728516,20.930999755859375,0.0642
THR,31,2HG2,470,18.832000732421875,-7.978000164031982,21.018999099731445,0.0642
THR,31,3HG2,471,19.549999237060547,-8.36400032043457,19.445999145507812,0.0642
GLN,32,N,472,19.738000869750977,-3.568000078201294,20.992000579833984,-0.4157
GLN,32,CA,473,20.268999099731445,-2.246000051498413,21.31800079345703,-0.0031
GLN,32,C,474,21.597000122070312,-2.443000078201294,22.034000396728516,0.5973
GLN,32,O,475,21.69300079345703,-3.2300000190734863,22.979000091552734,-0.5679
GLN,32,CB,476,19.277999877929688,-1.468999981880188,22.18199920654297,-0.0036
GLN,32,CG,477,19.659000396728516,-0.027000000700354576,22.43000030517578,-0.0645
GLN,32,CD,478,18.575000762939453,0.7200000286102295,23.187999725341797,0.6951
GLN,32,NE2,479,18.913999557495117,1.878000020980835,23.736000061035156,-0.9407
GLN,32,OE1,480,17.434999465942383,0.25600001215934753,23.280000686645508,-0.6086
GLN,32,H,481,19.05299949645996,-3.9839999675750732,21.606000900268555,0.2719
GLN,32,HA,482,20.42300033569336,-1.6779999732971191,20.400999069213867,0.085
GLN,32,1HB,483,18.29800033569336,-1.4780000448226929,21.708999633789062,0.0171
GLN,32,2HB,484,19.17799949645996,-1.9600000381469727,23.150999069213867,0.0171
GLN,32,1HG,485,20.57200050354004,0.003000000026077032,23.014999389648438,0.0352
GLN,32,2HG,486,19.81399917602539,0.4620000123977661,21.472000122070312,0.0352
GLN,32,1HE2,487,18.235000610351562,2.4089999198913574,24.246000289916992,0.4251
GLN,32,2HE2,488,19.847999572753906,2.2230000495910645,23.639999389648438,0.4251
PHE,33,N,489,22.600000381469727,-1.7139999866485596,21.566999435424805,-0.4157
PHE,33,CA,490,23.974000930786133,-1.7660000324249268,22.04199981689453,-0.0024
PHE,33,C,491,24.382999420166016,-0.6079999804496765,22.96299934387207,0.5973
PHE,33,O,492,25.027999877929688,-0.8410000205039978,23.988000869750977,-0.5679
PHE,33,CB,493,24.85300064086914,-1.7990000247955322,20.785999298095703,-0.0343
PHE,33,CG,494,26.301000595092773,-1.9559999704360962,20.985000610351562,0.0118
PHE,33,CD1,495,26.816999435424805,-3.0989999771118164,21.55699920654297,-0.1256
PHE,33,CD2,496,27.16699981689453,-0.9520000219345093,20.597999572753906,-0.1256
PHE,33,CE1,497,28.17300033569336,-3.2360000610351562,21.738000869750977,-0.1704
PHE,33,CE2,498,28.516000747680664,-1.0850000381469727,20.775999069213867,-0.1704
PHE,33,CZ,499,29.02199935913086,-2.2330000400543213,21.349000930786133,-0.1072
PHE,33,H,500,22.398000717163086,-1.0479999780654907,20.843000411987305,0.2719
PHE,33,HA,501,24.097000122070312,-2.6740000247955322,22.624000549316406,0.0978
PHE,33,1HB,502,24.531999588012695,-2.624000072479248,20.152999877929688,0.0295
PHE,33,2HB,503,24.714000701904297,-0.878000020980835,20.229000091552734,0.0295
PHE,33,HD1,504,26.13800048828125,-3.8929998874664307,21.86400032043457,0.133
PHE,33,HD2,505,26.766000747680664,-0.05000000074505806,20.14699935913086,0.133
PHE,33,HE1,506,28.575000762939453,-4.138000011444092,22.190000534057617,0.143
PHE,33,HE2,507,29.190000534057617,-0.2879999876022339,20.465999603271484,0.143
PHE,33,HZ,508,30.097000122070312,-2.3410000801086426,21.493000030517578,0.1297
VAL,34,N,509,24.113000869750977,0.640999972820282,22.535999298095703,-0.4157
VAL,34,CA,510,24.604999542236328,1.8240000009536743,23.27400016784668,-0.0875
VAL,34,C,511,23.683000564575195,3.056999921798706,23.125999450683594,0.5973
VAL,34,O,512,23.099000930786133,3.2739999294281006,22.069000244140625,-0.5679
VAL,34,CB,513,26.020000457763672,2.1429998874664307,22.732999801635742,0.2985
VAL,34,CG1,514,25.913000106811523,2.559000015258789,21.277999877929688,-0.3192
VAL,34,CG2,515,26.70400047302246,3.2330000400543213,23.55699920654297,-0.3192
VAL,34,H,516,23.576000213623047,0.7519999742507935,21.676000595092773,0.2719
VAL,34,HA,517,24.628999710083008,1.5729999542236328,24.33300018310547,0.0969
VAL,34,HB,518,26.632999420166016,1.2480000257492065,22.77400016784668,-0.0297
VAL,34,1HG1,519,26.9060001373291,2.7839999198913574,20.888999938964844,0.0791
VAL,34,2HG1,520,25.475000381469727,1.7480000257492065,20.70400047302246,0.0791
VAL,34,3HG1,521,25.281999588012695,3.446000099182129,21.197999954223633,0.0791
VAL,34,1HG2,522,27.694000244140625,3.427999973297119,23.148000717163086,0.0791
VAL,34,2HG2,523,26.121999740600586,4.145999908447266,23.527999877929688,0.0791
VAL,34,3HG2,524,26.797000885009766,2.9059998989105225,24.58799934387207,0.0791
ARG,35,N,525,23.641000747680664,3.947999954223633,24.139999389648438,-0.3479
ARG,35,CA,526,22.815000534057617,5.1620001792907715,24.006000518798828,-0.2637
ARG,35,C,527,23.333999633789062,6.460999965667725,24.66900062561035,0.7341
ARG,35,O,528,23.965999603271484,6.4629998207092285,25.719999313354492,-0.5894
ARG,35,CB,529,21.422000885009766,4.926000118255615,24.562000274658203,-0.0007
ARG,35,CG,530,20.49799919128418,6.144000053405762,24.464000701904297,0.039
ARG,35,CD,531,19.094999313354492,5.801000118255615,24.7549991607666,0.0486
ARG,35,NE,532,18.226999282836914,6.9629998207092285,24.628000259399414,-0.5295
ARG,35,CZ,533,16.89900016784668,6.953000068664551,24.829999923706055,0.8076
ARG,35,NH1,534,16.295000076293945,5.835999965667725,25.170000076293945,-0.8627
ARG,35,NH2,535,16.198999404907227,8.062999725341797,24.687999725341797,-0.8627
ARG,35,H,536,24.141000747680664,3.756999969482422,24.996999740600586,0.2747
ARG,35,HA,537,22.749000549316406,5.386000156402588,22.94700050354004,0.156
ARG,35,1HB,538,20.951000213623047,4.1020002365112305,24.027999877929688,0.0327
ARG,35,2HB,539,21.492000579833984,4.638999938964844,25.607999801635742,0.0327
ARG,35,1HG,540,20.816999435424805,6.9019999504089355,25.179000854492188,0.0285
ARG,35,2HG,541,20.53700065612793,6.561999797821045,23.46500015258789,0.0285
ARG,35,1HD,542,18.753000259399414,5.0370001792907715,24.05699920654297,0.0687
ARG,35,2HD,543,19.017000198364258,5.421999931335449,25.774999618530273,0.0687
ARG,35,HE,544,18.655000686645508,7.8420000076293945,24.367000579833984,0.3456
ARG,35,1HH1,545,16.82900047302246,4.985000133514404,25.27899932861328,0.4478
ARG,35,2HH1,546,15.295999526977539,5.828999996185303,25.32200050354004,0.4478
ARG,35,1HH2,547,16.665000915527344,8.92300033569336,24.427000045776367,0.4478
ARG,35,2HH2,548,15.20300006866455,8.055000305175781,24.840999603271484,0.4478
PHE,36,N,549,23.201000213623047,7.556000232696533,23.91699981689453,-0.4157
PHE,36,CA,550,23.62299919128418,8.909000396728516,24.30299949645996,-0.0024
PHE,36,C,551,22.493000030517578,9.914999961853027,24.21500015258789,0.5973
PHE,36,O,552,21.843000411987305,10.039999961853027,23.187999725341797,-0.5679
PHE,36,CB,553,24.770000457763672,9.390999794006348,23.434999465942383,-0.0343
PHE,36,CG,554,25.257999420166016,10.78600025177002,23.753000259399414,0.0118
PHE,36,CD1,555,26.38800048828125,11.005000114440918,24.527000427246094,-0.1256
PHE,36,CD2,556,24.56399917602539,11.890999794006348,23.26300048828125,-0.1256
PHE,36,CE1,557,26.812000274658203,12.291999816894531,24.804000854492188,-0.1704
PHE,36,CE2,558,24.98900032043457,13.17300033569336,23.538999557495117,-0.1704
PHE,36,CZ,559,26.11199951171875,13.373000144958496,24.308000564575195,-0.1072
PHE,36,H,560,22.83300018310547,7.438000202178955,22.982999801635742,0.2719
PHE,36,HA,561,23.94300079345703,8.88599967956543,25.344999313354492,0.0978
PHE,36,1HB,562,25.591999053955078,8.723999977111816,23.541000366210938,0.0295
PHE,36,2HB,563,24.47100067138672,9.375,22.4060001373291,0.0295
PHE,36,HD1,564,26.933000564575195,10.15999984741211,24.913000106811523,0.133
PHE,36,HD2,565,23.67099952697754,11.732999801635742,22.652000427246094,0.133
PHE,36,HE1,566,27.700000762939453,12.45300006866455,25.41200065612793,0.143
PHE,36,HE2,567,24.437999725341797,14.026000022888184,23.148000717163086,0.143
PHE,36,HZ,568,26.44499969482422,14.385000228881836,24.525999069213867,0.1297
ASP,37,N,569,22.18899917602539,10.569999694824219,25.33099937438965,-0.5163
ASP,37,CA,570,21.10300064086914,11.541999816894531,25.371000289916992,0.0381
ASP,37,C,571,21.59600067138672,12.871000289916992,25.945999145507812,0.5366
ASP,37,O,572,21.76799964904785,12.993000030517578,27.158000946044922,-0.5819
ASP,37,CB,573,19.94700050354004,11.005000114440918,26.21299934387207,-0.0303
ASP,37,CG,574,18.71299934387207,11.892999649047852,26.208999633789062,0.7994
ASP,37,OD1,575,18.757999420166016,12.98900032043457,25.68600082397461,-0.8014
ASP,37,OD2,576,17.722000122070312,11.456000328063965,26.73900032043457,-0.8014
ASP,37,H,577,22.73699951171875,10.41100025177002,26.163999557495117,0.2936
ASP,37,HA,578,20.743999481201172,11.71399974822998,24.35700035095215,0.088
ASP,37,1HB,579,19.65999984741211,10.019000053405762,25.841999053955078,-0.0122
ASP,37,2HB,580,20.277999877929688,10.887999534606934,27.246000289916992,-0.0122
SER,38,N,581,21.656999588012695,13.901000022888184,25.099000930786133,-0.4157
SER,38,CA,582,22.177000045776367,15.21500015258789,25.48200035095215,-0.0249
SER,38,C,583,21.400999069213867,15.883000373840332,26.6200008392334,0.5973
SER,38,O,584,21.916000366210938,16.797000885009766,27.266000747680664,-0.5679
SER,38,CB,585,22.187000274658203,16.14900016784668,24.29800033569336,0.2117
SER,38,OG,586,20.885000228881836,16.516000747680664,23.965999603271484,-0.6546
SER,38,H,587,21.459999084472656,13.739999771118164,24.121000289916992,0.2719
SER,38,HA,588,23.200000762939453,15.081000328063965,25.82699966430664,0.0843
SER,38,1HB,589,22.774999618530273,17.034000396728516,24.53499984741211,0.0352
SER,38,2HB,590,22.665000915527344,15.663000106811523,23.448999404907227,0.0352
SER,38,HG,591,20.524999618530273,16.950000762939453,24.743000030517578,0.4275
ASP,39,N,592,20.158000946044922,15.447999954223633,26.857999801635742,-0.5163
ASP,39,CA,593,19.319000244140625,16.038999557495117,27.902000427246094,0.0381
ASP,39,C,594,19.823999404907227,15.736000061035156,29.31399917602539,0.5366
ASP,39,O,595,19.39900016784668,16.368999481201172,30.2810001373291,-0.5819
ASP,39,CB,596,17.875999450683594,15.553999900817871,27.781999588012695,-0.0303
ASP,39,CG,597,16.892000198364258,16.42799949645996,28.566999435424805,0.7994
ASP,39,OD1,598,16.86199951171875,17.614999771118164,28.33099937438965,-0.8014
ASP,39,OD2,599,16.18400001525879,15.899999618530273,29.391000747680664,-0.8014
ASP,39,H,600,19.77199935913086,14.694999694824219,26.297000885009766,0.2936
ASP,39,HA,601,19.33799934387207,17.121999740600586,27.7810001373291,0.088
ASP,39,1HB,602,17.584999084472656,15.550999641418457,26.73900032043457,-0.0122
ASP,39,2HB,603,17.80299949645996,14.529999732971191,28.14699935913086,-0.0122
ALA,40,N,604,20.736000061035156,14.77400016784668,29.420000076293945,-0.4157
ALA,40,CA,605,21.285999298095703,14.343000411987305,30.695999145507812,0.0337
ALA,40,C,606,22.065000534057617,15.45199966430664,31.37299919128418,0.5973
ALA,40,O,607,22.591999053955078,16.344999313354492,30.709999084472656,-0.5679
ALA,40,CB,608,22.145999908447266,13.109999656677246,30.503000259399414,-0.1825
ALA,40,H,609,21.01099967956543,14.265000343322754,28.590999603271484,0.2719
ALA,40,HA,610,20.445999145507812,14.097999572753906,31.349000930786133,0.0823
ALA,40,1HB,611,22.506999969482422,12.760000228881836,31.47100067138672,0.0603
ALA,40,2HB,612,21.558000564575195,12.322999954223633,30.031999588012695,0.0603
ALA,40,3HB,613,22.981000900268555,13.36400032043457,29.875999450683594,0.0603
ALA,41,N,614,22.163000106811523,15.376999855041504,32.70399856567383,-0.4157
ALA,41,CA,615,22.9689998626709,16.32900047302246,33.46099853515625,0.0337
ALA,41,C,616,24.42300033569336,16.18899917602539,33.03200149536133,0.5973
ALA,41,O,617,25.177000045776367,17.163000106811523,33.00699996948242,-0.5679
ALA,41,CB,618,22.816999435424805,16.089000701904297,34.952999114990234,-0.1825
ALA,41,H,619,21.677000045776367,14.642999649047852,33.20000076293945,0.2719
ALA,41,HA,620,22.634000778198242,17.3439998626709,33.24700164794922,0.0823
ALA,41,1HB,621,23.452999114990234,16.784000396728516,35.5,0.0603
ALA,41,2HB,622,21.777000427246094,16.243999481201172,35.242000579833984,0.0603
ALA,41,3HB,623,23.110000610351562,15.065999984741211,35.18600082397461,0.0603
SER,42,N,624,24.809999465942383,14.956000328063965,32.71699905395508,-0.4157
SER,42,CA,625,26.1560001373291,14.609000205993652,32.28799819946289,-0.0249
SER,42,C,626,26.086999893188477,13.562000274658203,31.172000885009766,0.5973
SER,42,O,627,26.243000030517578,12.371999740600586,31.44499969482422,-0.5679
SER,42,CB,628,26.958999633789062,14.083000183105469,33.45899963378906,0.2117
SER,42,OG,629,28.29199981689453,13.854999542236328,33.09199905395508,-0.6546
SER,42,H,630,24.12700080871582,14.21399974822998,32.77799987792969,0.2719
SER,42,HA,631,26.64900016784668,15.505999565124512,31.913999557495117,0.0843
SER,42,1HB,632,26.922000885009766,14.802000045776367,34.277000427246094,0.0352
SER,42,2HB,633,26.51300048828125,13.156999588012695,33.81700134277344,0.0352
SER,42,HG,634,28.263999938964844,13.204999923706055,32.38399887084961,0.4275
PRO,43,N,635,25.843000411987305,13.972999572753906,29.917999267578125,-0.2548
PRO,43,CA,636,25.694000244140625,13.130000114440918,28.743999481201172,-0.0266
PRO,43,C,637,26.895999908447266,12.23799991607666,28.49799919128418,0.5896
PRO,43,O,638,28.041000366210938,12.684000015258789,28.552000045776367,-0.5748
PRO,43,CB,639,25.525999069213867,14.154000282287598,27.624000549316406,-0.007
PRO,43,CG,640,24.93400001525879,15.35200023651123,28.299999237060547,0.0189
PRO,43,CD,641,25.610000610351562,15.402000427246094,29.63800048828125,0.0192
PRO,43,HA,642,24.792999267578125,12.510000228881836,28.847000122070312,0.0641
PRO,43,1HB,643,26.500999450683594,14.364999771118164,27.159000396728516,0.0253
PRO,43,2HB,644,24.878000259399414,13.741999626159668,26.840999603271484,0.0253
PRO,43,1HG,645,25.115999221801758,16.2549991607666,27.70199966430664,0.0213
PRO,43,2HG,646,23.843000411987305,15.239999771118164,28.381999969482422,0.0213
PRO,43,1HD,647,26.55299949645996,15.961000442504883,29.558000564575195,0.0391
PRO,43,2HD,648,24.95400047302246,15.86400032043457,30.339000701904297,0.0391
ARG,44,N,649,26.615999221801758,10.970000267028809,28.22599983215332,-0.3479
ARG,44,CA,650,27.65399932861328,9.991999626159668,27.95400047302246,-0.2637
ARG,44,C,651,27.07200050354004,8.793999671936035,27.222000122070312,0.7341
ARG,44,O,652,25.882999420166016,8.50100040435791,27.347000122070312,-0.5894
ARG,44,CB,653,28.30900001525879,9.541000366210938,29.24799919128418,-0.0007
ARG,44,CG,654,27.39699935913086,8.79699993133545,30.183000564575195,0.039
ARG,44,CD,655,28.070999145507812,8.440999984741211,31.451000213623047,0.0486
ARG,44,NE,656,27.19099998474121,7.691999912261963,32.34400177001953,-0.5295
ARG,44,CZ,657,27.558000564575195,7.211999893188477,33.55099868774414,0.8076
ARG,44,NH1,658,28.781999588012695,7.408999919891357,33.99100112915039,-0.8627
ARG,44,NH2,659,26.690000534057617,6.545000076293945,34.290000915527344,-0.8627
ARG,44,H,660,25.64900016784668,10.675000190734863,28.21299934387207,0.2747
ARG,44,HA,661,28.4060001373291,10.45300006866455,27.33799934387207,0.156
ARG,44,1HB,662,29.152999877929688,8.892999649047852,29.01799964904785,0.0327
ARG,44,2HB,663,28.69700050354004,10.406999588012695,29.784000396728516,0.0327
ARG,44,1HG,664,26.531999588012695,9.418999671936035,30.422000885009766,0.0285
ARG,44,2HG,665,27.072999954223633,7.892000198364258,29.702999114990234,0.0285
ARG,44,1HD,666,28.944000244140625,7.826000213623047,31.23699951171875,0.0687
ARG,44,2HD,667,28.382999420166016,9.35099983215332,31.961999893188477,0.0687
ARG,44,HE,668,26.236000061035156,7.521999835968018,32.0369987487793,0.3456
ARG,44,1HH1,669,29.44700050354004,7.919000148773193,33.426998138427734,0.4478
ARG,44,2HH1,670,29.055999755859375,7.048999786376953,34.89400100708008,0.4478
ARG,44,1HH2,671,25.749000549316406,6.39300012588501,33.95199966430664,0.4478
ARG,44,2HH2,672,26.965999603271484,6.186999797821045,35.19200134277344,0.4478
THR,45,N,673,27.92099952697754,8.074999809265137,26.489999771118164,-0.4157
THR,45,CA,674,27.49799919128418,6.836999893188477,25.83799934387207,-0.0389
THR,45,C,675,27.44499969482422,5.699999809265137,26.843000411987305,0.5973
THR,45,O,676,28.476999282836914,5.215000152587891,27.308000564575195,-0.5679
THR,45,CB,677,28.43400001525879,6.4670000076293945,24.68199920654297,0.3654
THR,45,CG2,678,28.30299949645996,7.493000030517578,23.604999542236328,-0.2438
THR,45,OG1,679,29.785999298095703,6.415999889373779,25.143999099731445,-0.6761
THR,45,H,680,28.886999130249023,8.37600040435791,26.406999588012695,0.2719
THR,45,HA,681,26.499000549316406,6.984000205993652,25.426000595092773,0.1007
THR,45,HB,682,28.16699981689453,5.495999813079834,24.29800033569336,0.0043
THR,45,HG1,683,30.031999588012695,7.261000156402588,25.486000061035156,0.4102
THR,45,1HG2,684,28.950000762939453,7.25,22.790000915527344,0.0642
THR,45,2HG2,685,27.288999557495117,7.517000198364258,23.256999969482422,0.0642
THR,45,3HG2,686,28.570999145507812,8.444999694824219,23.9950008392334,0.0642
GLU,46,N,687,26.229999542236328,5.23199987411499,27.113000869750977,-0.5163
GLU,46,CA,688,26.003000259399414,4.229000091552734,28.1299991607666,0.0397
GLU,46,C,689,25.7189998626709,2.874000072479248,27.51099967956543,0.5366
GLU,46,O,690,25.150999069213867,2.7850000858306885,26.42799949645996,-0.5819
GLU,46,CB,691,24.841999053955078,4.638999938964844,29.041000366210938,0.056
GLU,46,CG,692,25.09600067138672,5.836999893188477,29.8799991607666,0.0136
GLU,46,CD,693,23.95800018310547,6.163000106811523,30.80900001525879,0.8054
GLU,46,OE1,694,22.927000045776367,5.526000022888184,30.733999252319336,-0.8188
GLU,46,OE2,695,24.125,7.059999942779541,31.60300064086914,-0.8188
GLU,46,H,696,25.433000564575195,5.675000190734863,26.687000274658203,0.2936
GLU,46,HA,697,26.913999557495117,4.160999774932861,28.716999053955078,0.1105
GLU,46,1HB,698,23.96500015258789,4.841000080108643,28.429000854492188,-0.0173
GLU,46,2HB,699,24.59000015258789,3.8259999752044678,29.711000442504883,-0.0173
GLU,46,1HG,700,25.993999481201172,5.668000221252441,30.472999572753906,-0.0425
GLU,46,2HG,701,25.277000427246094,6.677999973297119,29.224000930786133,-0.0425
PRO,47,N,702,26.121000289916992,1.7910000085830688,28.16699981689453,-0.2548
PRO,47,CA,703,25.900999069213867,0.4320000112056732,27.72800064086914,-0.0266
PRO,47,C,704,24.43400001525879,0.0430000014603138,27.80900001525879,0.5896
PRO,47,O,705,23.757999420166016,0.3070000112056732,28.804000854492188,-0.5748
PRO,47,CB,706,26.756999969482422,-0.3630000054836273,28.732999801635742,-0.007
PRO,47,CG,707,26.854999542236328,0.4860000014305115,29.951000213623047,0.0189
PRO,47,CD,708,26.8799991607666,1.8910000324249268,29.437000274658203,0.0192
PRO,47,HA,709,26.274999618530273,0.32899999618530273,26.704999923706055,0.0641
PRO,47,1HB,710,26.281999588012695,-1.3339999914169312,28.944000244140625,0.0253
PRO,47,2HB,711,27.732999801635742,-0.5740000009536743,28.30699920654297,0.0253
PRO,47,1HG,712,25.999000549316406,0.29600000381469727,30.614999771118164,0.0213
PRO,47,2HG,713,27.76300048828125,0.2280000001192093,30.518999099731445,0.0213
PRO,47,1HD,714,26.381999969482422,2.5350000858306885,30.167999267578125,0.0391
PRO,47,2HD,715,27.923999786376953,2.2130000591278076,29.273000717163086,0.0391
ARG,48,N,716,23.957000732421875,-0.6110000014305115,26.75200080871582,-0.3479
ARG,48,CA,717,22.590999603271484,-1.1019999980926514,26.663999557495117,-0.2637
ARG,48,C,718,22.541000366210938,-2.5789999961853027,26.283000946044922,0.7341
ARG,48,O,719,21.483999252319336,-3.0799999237060547,25.898000717163086,-0.5894
ARG,48,CB,720,21.80900001525879,-0.28999999165534973,25.643999099731445,-0.0007
ARG,48,CG,721,21.582000732421875,1.1629999876022339,26.01300048828125,0.039
ARG,48,CD,722,20.63800048828125,1.274999976158142,27.148000717163086,0.0486
ARG,48,NE,723,20.360000610351562,2.6510000228881836,27.496999740600586,-0.5295
ARG,48,CZ,724,21.051000595092773,3.372999906539917,28.393999099731445,0.8076
ARG,48,NH1,725,22.06599998474121,2.8589999675750732,29.040000915527344,-0.8627
ARG,48,NH2,726,20.718000411987305,4.623000144958496,28.641000747680664,-0.8627
ARG,48,H,727,24.57900047302246,-0.8360000252723694,25.989999771118164,0.2747
ARG,48,HA,728,22.121000289916992,-1.00600004196167,27.642000198364258,0.156
ARG,48,1HB,729,22.322999954223633,-0.3050000071525574,24.697999954223633,0.0327
ARG,48,2HB,730,20.82900047302246,-0.7459999918937683,25.489999771118164,0.0327
ARG,48,1HG,731,22.527000427246094,1.621999979019165,26.299999237060547,0.0285
ARG,48,2HG,732,21.170000076293945,1.6950000524520874,25.166000366210938,0.0285
ARG,48,1HD,733,19.69700050354004,0.7960000038146973,26.881999969482422,0.0687
ARG,48,2HD,734,21.06399917602539,0.7850000262260437,28.02199935913086,0.0687
ARG,48,HE,735,19.584999084472656,3.1029999256134033,27.030000686645508,0.3456
ARG,48,1HH1,736,22.36400032043457,1.899999976158142,28.88599967956543,0.4478
ARG,48,2HH1,737,22.555999755859375,3.447000026702881,29.708999633789062,0.4478
ARG,48,1HH2,738,19.937999725341797,5.048999786376953,28.15999984741211,0.4478
ARG,48,2HH2,739,21.256000518798828,5.144999980926514,29.322999954223633,0.4478
ALA,49,N,740,23.679000854492188,-3.2660000324249268,26.409000396728516,-0.4157
ALA,49,CA,741,23.797000885009766,-4.682000160217285,26.052000045776367,0.0337
ALA,49,C,742,24.61400032043457,-5.394000053405762,27.132999420166016,0.5973
ALA,49,O,743,25.614999771118164,-4.875,27.604000091552734,-0.5679
ALA,49,CB,744,24.48200035095215,-4.84499979019165,24.70599937438965,-0.1825
ALA,49,H,745,24.493000030517578,-2.7869999408721924,26.764999389648438,0.2719
ALA,49,HA,746,22.81800079345703,-5.13100004196167,25.97599983215332,0.0823
ALA,49,1HB,747,24.649999618530273,-5.896999835968018,24.52400016784668,0.0603
ALA,49,2HB,748,23.854000091552734,-4.436999797821045,23.93000030517578,0.0603
ALA,49,3HB,749,25.43199920654297,-4.321000099182129,24.711000442504883,0.0603
PRO,50,N,750,24.400999069213867,-6.690999984741211,27.35099983215332,-0.2548
PRO,50,CA,751,25.243999481201172,-7.538000106811523,28.170000076293945,-0.0266
PRO,50,C,752,26.71500015258789,-7.495999813079834,27.746999740600586,0.5896
PRO,50,O,753,27.549999237060547,-6.901000022888184,28.427000045776367,-0.5748
PRO,50,CB,754,24.624000549316406,-8.92300033569336,27.92799949645996,-0.007
PRO,50,CG,755,23.179000854492188,-8.625,27.691999435424805,0.0189
PRO,50,CD,756,23.183000564575195,-7.361999988555908,26.87299919128418,0.0192
PRO,50,HA,757,25.149999618530273,-7.230000019073486,29.222000122070312,0.0641
PRO,50,1HB,758,25.106000900268555,-9.413000106811523,27.07200050354004,0.0253
PRO,50,2HB,759,24.792999267578125,-9.569999694824219,28.801000595092773,0.0253
PRO,50,1HG,760,22.69700050354004,-9.46399974822998,27.16900062561035,0.0213
PRO,50,2HG,761,22.652999877929688,-8.503999710083008,28.64900016784668,0.0213
PRO,50,1HD,762,23.243000030517578,-7.5980000495910645,25.80500030517578,0.0391
PRO,50,2HD,763,22.275999069213867,-6.815000057220459,27.099000930786133,0.0391
TRP,51,N,764,26.972000122070312,-7.853000164031982,26.483999252319336,-0.4157
TRP,51,CA,765,28.336000442504883,-7.934999942779541,25.964000701904297,-0.0275
TRP,51,C,766,29.084999084472656,-6.611999988555908,25.79800033569336,0.5973
TRP,51,O,767,30.315000534057617,-6.622000217437744,25.767000198364258,-0.5679
TRP,51,CB,768,28.298999786376953,-8.631999969482422,24.60700035095215,-0.005
TRP,51,CG,769,27.51099967956543,-7.9079999923706055,23.573999404907227,-0.1415
TRP,51,CD1,770,27.944000244140625,-6.934000015258789,22.732999801635742,-0.1638
TRP,51,CD2,771,26.115999221801758,-8.11400032043457,23.273000717163086,0.1243
TRP,51,CE2,772,25.790000915527344,-7.232999801635742,22.246999740600586,0.138
TRP,51,CE3,773,25.131999969482422,-8.967000007629395,23.78700065612793,-0.2387
TRP,51,NE1,774,26.915000915527344,-6.519999980926514,21.93000030517578,-0.3418
TRP,51,CZ2,775,24.51099967956543,-7.173999786376953,21.718000411987305,-0.2601
TRP,51,CZ3,776,23.85300064086914,-8.906999588012695,23.256000518798828,-0.1972
TRP,51,CH2,777,23.552000045776367,-8.03600025177002,22.25,-0.1134
TRP,51,H,778,26.222999572753906,-8.244000434875488,25.93000030517578,0.2719
TRP,51,HA,779,28.922000885009766,-8.524999618530273,26.66699981689453,0.1123
TRP,51,1HB,780,29.31100082397461,-8.753000259399414,24.236000061035156,0.0339
TRP,51,2HB,781,27.871999740600586,-9.626999855041504,24.72100067138672,0.0339
TRP,51,HD1,782,28.959999084472656,-6.543000221252441,22.70199966430664,0.2062
TRP,51,HE1,783,26.974000930786133,-5.803999900817871,21.219999313354492,0.3412
TRP,51,HE3,784,25.368000030517578,-9.666000366210938,24.586999893188477,0.17
TRP,51,HZ2,785,24.249000549316406,-6.484000205993652,20.913000106811523,0.1572
TRP,51,HZ3,786,23.091999053955078,-9.574000358581543,23.660999298095703,0.1447
TRP,51,HH2,787,22.538000106811523,-8.017999649047852,21.85700035095215,0.1417
ILE,52,N,788,28.39299964904785,-5.47599983215332,25.68000030517578,-0.4157
ILE,52,CA,789,29.121999740600586,-4.210000038146973,25.54599952697754,-0.0597
ILE,52,C,790,29.927000045776367,-3.871000051498413,26.788000106811523,0.5973
ILE,52,O,791,30.916000366210938,-3.1500000953674316,26.711000442504883,-0.5679
ILE,52,CB,792,28.242000579833984,-2.9800000190734863,25.242000579833984,0.1303
ILE,52,CG1,793,29.121999740600586,-1.812999963760376,24.770000457763672,-0.043
ILE,52,CG2,794,27.475000381469727,-2.5899999141693115,26.365999221801758,-0.3204
ILE,52,CD1,795,28.336000442504883,-0.621999979019165,24.2450008392334,-0.066
ILE,52,H,796,27.382999420166016,-5.486999988555908,25.676000595092773,0.2719
ILE,52,HA,797,29.81399917602539,-4.308000087738037,24.711000442504883,0.0869
ILE,52,HB,798,27.562000274658203,-3.2139999866485596,24.43400001525879,0.0187
ILE,52,1HG1,799,29.739999771118164,-1.4830000400543213,25.60099983215332,0.0236
ILE,52,2HG1,800,29.7810001373291,-2.1649999618530273,23.982999801635742,0.0236
ILE,52,1HG2,801,26.881000518798828,-1.7319999933242798,26.104999542236328,0.0882
ILE,52,2HG2,802,26.865999221801758,-3.365999937057495,26.641000747680664,0.0882
ILE,52,3HG2,803,28.138999938964844,-2.3440001010894775,27.172000885009766,0.0882
ILE,52,1HD1,804,29.027000427246094,0.16099999845027924,23.93000030517578,0.0186
ILE,52,2HD1,805,27.73699951171875,-0.9160000085830688,23.410999298095703,0.0186
ILE,52,3HD1,806,27.69099998474121,-0.23899999260902405,25.02400016784668,0.0186
GLU,53,N,807,29.525999069213867,-4.428999900817871,27.93199920654297,-0.5163
GLU,53,CA,808,30.18000030517578,-4.171000003814697,29.207000732421875,0.0397
GLU,53,C,809,31.641000747680664,-4.598999977111816,29.2189998626709,0.5366
GLU,53,O,810,32.426998138427734,-4.116000175476074,30.035999298095703,-0.5819
GLU,53,CB,811,29.427000045776367,-4.86899995803833,30.333999633789062,0.056
GLU,53,CG,812,28.04400062561035,-4.281000137329102,30.604000091552734,0.0136
GLU,53,CD,813,27.30500030517578,-4.998000144958496,31.70400047302246,0.8054
GLU,53,OE1,814,27.80500030517578,-5.986000061035156,32.185001373291016,-0.8188
GLU,53,OE2,815,26.23900032043457,-4.554999828338623,32.0629997253418,-0.8188
GLU,53,H,816,28.76799964904785,-5.099999904632568,27.916000366210938,0.2936
GLU,53,HA,817,30.163999557495117,-3.0989999771118164,29.381999969482422,0.1105
GLU,53,1HB,818,29.308000564575195,-5.922999858856201,30.093000411987305,-0.0173
GLU,53,2HB,819,30.009000778198242,-4.807000160217285,31.253000259399414,-0.0173
GLU,53,1HG,820,28.15399932861328,-3.2320001125335693,30.881000518798828,-0.0425
GLU,53,2HG,821,27.45800018310547,-4.328000068664551,29.684999465942383,-0.0425
GLN,54,N,822,32.0099983215332,-5.50600004196167,28.31800079345703,-0.4157
GLN,54,CA,823,33.369998931884766,-6.014999866485596,28.229999542236328,-0.0031
GLN,54,C,824,34.3380012512207,-4.945000171661377,27.72800064086914,0.5973
GLN,54,O,825,35.553001403808594,-5.072000026702881,27.885000228881836,-0.5679
GLN,54,CB,826,33.400001525878906,-7.2230000495910645,27.290000915527344,-0.0036
GLN,54,CG,827,32.64899826049805,-8.434000015258789,27.801000595092773,-0.0645
GLN,54,CD,828,32.64699935913086,-9.576000213623047,26.797000885009766,0.6951
GLN,54,NE2,829,32.54600143432617,-10.802000045776367,27.29800033569336,-0.9407
GLN,54,OE1,830,32.736000061035156,-9.357000350952148,25.586000442504883,-0.6086
GLN,54,H,831,31.323999404907227,-5.867000102996826,27.666000366210938,0.2719
GLN,54,HA,832,33.68899917602539,-6.328999996185303,29.222000122070312,0.085
GLN,54,1HB,833,32.970001220703125,-6.942999839782715,26.32699966430664,0.0171
GLN,54,2HB,834,34.43299865722656,-7.519999980926514,27.11400032043457,0.0171
GLN,54,1HG,835,33.12200164794922,-8.782999992370605,28.718000411987305,0.0352
GLN,54,2HG,836,31.61199951171875,-8.145999908447266,28.0,0.0352
GLN,54,1HE2,837,32.540000915527344,-11.593000411987305,26.68600082397461,0.4251
GLN,54,2HE2,838,32.47700119018555,-10.934000015258789,28.285999298095703,0.4251
GLU,55,N,839,33.792999267578125,-3.9149999618530273,27.07699966430664,-0.5163
GLU,55,CA,840,34.58599853515625,-2.8399999141693115,26.503000259399414,0.0397
GLU,55,C,841,35.14699935913086,-1.9559999704360962,27.604000091552734,0.5366
GLU,55,O,842,34.46500015258789,-1.659999966621399,28.583999633789062,-0.5819
GLU,55,CB,843,33.73400115966797,-2.0139999389648438,25.538000106811523,0.056
GLU,55,CG,844,33.22999954223633,-2.7839999198913574,24.31100082397461,0.0136
GLU,55,CD,845,34.33100128173828,-3.1530001163482666,23.339000701904297,0.8054
GLU,55,OE1,846,35.387001037597656,-2.569999933242798,23.41200065612793,-0.8188
GLU,55,OE2,847,34.11000061035156,-4.01800012588501,22.525999069213867,-0.8188
GLU,55,H,848,32.78900146484375,-3.86299991607666,26.988000869750977,0.2936
GLU,55,HA,849,35.42900085449219,-3.2720000743865967,25.965999603271484,0.1105
GLU,55,1HB,850,32.86399841308594,-1.621999979019165,26.06100082397461,-0.0173
GLU,55,2HB,851,34.30799865722656,-1.1799999475479126,25.191999435424805,-0.0173
GLU,55,1HG,852,32.742000579833984,-3.700000047683716,24.64900016784668,-0.0425
GLU,55,2HG,853,32.492000579833984,-2.177999973297119,23.79400062561035,-0.0425
GLY,56,N,854,36.40399932861328,-1.5549999475479126,27.454999923706055,-0.4157
GLY,56,CA,855,37.0369987487793,-0.722000002861023,28.46500015258789,-0.0252
GLY,56,C,856,36.53099822998047,0.718999981880188,28.416000366210938,0.5973
GLY,56,O,857,35.854000091552734,1.1100000143051147,27.461999893188477,-0.5679
GLY,56,H,858,36.930999755859375,-1.843000054359436,26.642000198364258,0.2719
GLY,56,1HA,859,36.823001861572266,-1.1660000085830688,29.43000030517578,0.0698
GLY,56,2HA,860,38.11600112915039,-0.7289999723434448,28.31800079345703,0.0698
PRO,57,N,861,36.858001708984375,1.5240000486373901,29.44499969482422,-0.2548
PRO,57,CA,862,36.55799865722656,2.934999942779541,29.61400032043457,-0.0266
PRO,57,C,863,36.888999938964844,3.7909998893737793,28.409000396728516,0.5896
PRO,57,O,864,36.16299819946289,4.732999801635742,28.11199951171875,-0.5748
PRO,57,CB,865,37.43000030517578,3.315000057220459,30.81800079345703,-0.007
PRO,57,CG,866,37.50699996948242,2.065000057220459,31.6200008392334,0.0189
PRO,57,CD,867,37.61399841308594,0.9660000205039978,30.60300064086914,0.0192
PRO,57,HA,868,35.4900016784668,3.0409998893737793,29.844999313354492,0.0641
PRO,57,1HB,869,38.41600036621094,3.6640000343322754,30.472000122070312,0.0253
PRO,57,2HB,870,36.96799850463867,4.1479997634887695,31.368999481201172,0.0253
PRO,57,1HG,871,38.375,2.0999999046325684,32.29499816894531,0.0213
PRO,57,2HG,872,36.6150016784668,1.965000033378601,32.255001068115234,0.0213
PRO,57,1HD,873,38.66600036621094,0.777999997138977,30.341999053955078,0.0391
PRO,57,2HD,874,37.1510009765625,0.08299999684095383,31.04199981689453,0.0391
GLU,58,N,875,37.93899917602539,3.4200000762939453,27.677000045776367,-0.5163
GLU,58,CA,876,38.39400100708008,4.184999942779541,26.523000717163086,0.0397
GLU,58,C,877,37.558998107910156,3.9830000400543213,25.268999099731445,0.5366
GLU,58,O,878,37.301998138427734,4.921999931335449,24.516000747680664,-0.5819
GLU,58,CB,879,39.847999572753906,3.8310000896453857,26.22100067138672,0.056
GLU,58,CG,880,40.82600021362305,4.261000156402588,27.302000045776367,0.0136
GLU,58,CD,881,42.24800109863281,3.885999917984009,26.990999221801758,0.8054
GLU,58,OE1,882,42.47200012207031,3.259999990463257,25.982999801635742,-0.8188
GLU,58,OE2,883,43.112998962402344,4.223999977111816,27.763999938964844,-0.8188
GLU,58,H,884,38.465999603271484,2.6070001125335693,27.958999633789062,0.2936
GLU,58,HA,885,38.334999084472656,5.241000175476074,26.7810001373291,0.1105
GLU,58,1HB,886,39.93899917602539,2.752000093460083,26.09000015258789,-0.0173
GLU,58,2HB,887,40.150001525878906,4.301000118255615,25.28499984741211,-0.0173
GLU,58,1HG,888,40.766998291015625,5.3420000076293945,27.42099952697754,-0.0425
GLU,58,2HG,889,40.529998779296875,3.799999952316284,28.2450008392334,-0.0425
TYR,59,N,890,36.82899856567383,2.872999906539917,25.222000122070312,-0.4157
TYR,59,CA,891,35.88999938964844,2.6449999809265137,24.135000228881836,-0.0014
TYR,59,C,892,34.77899932861328,3.6510000228881836,24.26099967956543,0.5973
TYR,59,O,893,34.4900016784668,4.414000034332275,23.336999893188477,-0.5679
TYR,59,CB,894,35.33000183105469,1.2230000495910645,24.208999633789062,-0.0152
TYR,59,CG,895,34.374000549316406,0.8410000205039978,23.073999404907227,-0.0011
TYR,59,CD1,896,34.89699935913086,0.5640000104904175,21.822999954223633,-0.1906
TYR,59,CD2,897,32.99399948120117,0.7680000066757202,23.277999877929688,-0.1906
TYR,59,CE1,898,34.06700134277344,0.21400000154972076,20.768999099731445,-0.2341
TYR,59,CE2,899,32.15700149536133,0.4169999957084656,22.218000411987305,-0.2341
TYR,59,CZ,900,32.702999114990234,0.1420000046491623,20.97100067138672,0.3226
TYR,59,OH,901,31.905000686645508,-0.20600000023841858,19.910999298095703,-0.5579
TYR,59,H,902,36.819000244140625,2.240000009536743,26.009000778198242,0.2719
TYR,59,HA,903,36.41400146484375,2.7360000610351562,23.18199920654297,0.0876
TYR,59,1HB,904,36.15399932861328,0.5070000290870667,24.198999404907227,0.0295
TYR,59,2HB,905,34.797000885009766,1.0989999771118164,25.14699935913086,0.0295
TYR,59,HD1,906,35.972999572753906,0.6200000047683716,21.663999557495117,0.1699
TYR,59,HD2,907,32.57600021362305,0.9860000014305115,24.257999420166016,0.1699
TYR,59,HE1,908,34.49599838256836,-0.0010000000474974513,19.788999557495117,0.1656
TYR,59,HE2,909,31.07900047302246,0.35899999737739563,22.3700008392334,0.1656
TYR,59,HH,910,32.44900131225586,-0.3330000042915344,19.128999710083008,0.3992
TRP,60,N,911,34.28499984741211,3.747999906539917,25.48900032043457,-0.4157
TRP,60,CA,912,33.180999755859375,4.623000144958496,25.819000244140625,-0.0275
TRP,60,C,913,33.57699966430664,6.091000080108643,25.80699920654297,0.5973
TRP,60,O,914,32.83399963378906,6.9079999923706055,25.27199935913086,-0.5679
TRP,60,CB,915,32.65800094604492,4.229000091552734,27.190000534057617,-0.005
TRP,60,CG,916,31.898000717163086,2.938999891281128,27.15399932861328,-0.1415
TRP,60,CD1,917,31.024999618530273,2.5369999408721924,26.179000854492188,-0.1638
TRP,60,CD2,918,31.930999755859375,1.871000051498413,28.125,0.1243
TRP,60,CE2,919,31.059999465942383,0.8730000257492065,27.665000915527344,0.138
TRP,60,CE3,920,32.61899948120117,1.6820000410079956,29.32699966430664,-0.2387
TRP,60,NE1,921,30.51799964904785,1.2990000247955322,26.481000900268555,-0.3418
TRP,60,CZ2,922,30.85700035095215,-0.29600000381469727,28.368000030517578,-0.2601
TRP,60,CZ3,923,32.41400146484375,0.5059999823570251,30.031999588012695,-0.1972
TRP,60,CH2,924,31.55699920654297,-0.4569999873638153,29.565000534057617,-0.1134
TRP,60,H,925,34.599998474121094,3.0739998817443848,26.180999755859375,0.2719
TRP,60,HA,926,32.395999908447266,4.484000205993652,25.075000762939453,0.1123
TRP,60,1HB,927,33.49399948120117,4.131999969482422,27.885000228881836,0.0339
TRP,60,2HB,928,32.00600051879883,5.015999794006348,27.57200050354004,0.0339
TRP,60,HD1,929,30.770999908447266,3.117000102996826,25.291000366210938,0.2062
TRP,60,HE1,930,29.85300064086914,0.7839999794960022,25.92300033569336,0.3412
TRP,60,HE3,931,33.30099868774414,2.440999984741211,29.698999404907227,0.17
TRP,60,HZ2,932,30.183000564575195,-1.0709999799728394,28.014999389648438,0.1572
TRP,60,HZ3,933,32.95399856567383,0.3659999966621399,30.9689998626709,0.1447
TRP,60,HH2,934,31.423999786376953,-1.3669999837875366,30.145999908447266,0.1417
ASP,61,N,935,34.79999923706055,6.419000148773193,26.246999740600586,-0.5163
ASP,61,CA,936,35.191001892089844,7.822999954223633,26.292999267578125,0.0381
ASP,61,C,937,35.2400016784668,8.395000457763672,24.891000747680664,0.5366
ASP,61,O,938,34.750999450683594,9.496000289916992,24.639999389648438,-0.5819
ASP,61,CB,939,36.551998138427734,8.012999534606934,26.9689998626709,-0.0303
ASP,61,CG,940,36.50899887084961,7.820000171661377,28.488000869750977,0.7994
ASP,61,OD1,941,35.43199920654297,7.796999931335449,29.03499984741211,-0.8014
ASP,61,OD2,942,37.55500030517578,7.698999881744385,29.079999923706055,-0.8014
ASP,61,H,943,35.334999084472656,5.748000144958496,26.773000717163086,0.2936
ASP,61,HA,944,34.44599914550781,8.375,26.867000579833984,0.088
ASP,61,1HB,945,37.262001037597656,7.303999900817871,26.551000595092773,-0.0122
ASP,61,2HB,946,36.92399978637695,9.015000343322754,26.759000778198242,-0.0122
ARG,62,N,947,35.784000396728516,7.60099983215332,23.966999053955078,-0.3479
ARG,62,CA,948,35.87300109863281,7.966000080108643,22.56599998474121,-0.2637
ARG,62,C,949,34.499000549316406,8.175999641418457,21.961999893188477,0.7341
ARG,62,O,950,34.207000732421875,9.25,21.43899917602539,-0.5894
ARG,62,CB,951,36.61000061035156,6.881999969482422,21.797000885009766,-0.0007
ARG,62,CG,952,36.77299880981445,7.13100004196167,20.31399917602539,0.039
ARG,62,CD,953,37.46200180053711,5.986999988555908,19.6560001373291,0.0486
ARG,62,NE,954,36.685001373291016,4.75600004196167,19.725000381469727,-0.5295
ARG,62,CZ,955,37.19599914550781,3.5260000228881836,19.506999969482422,0.8076
ARG,62,NH1,956,38.46900177001953,3.38700008392334,19.211000442504883,-0.8627
ARG,62,NH2,957,36.428001403808594,2.4690001010894775,19.589000701904297,-0.8627
ARG,62,H,958,36.1349983215332,6.695000171661377,24.2450008392334,0.2747
ARG,62,HA,959,36.44300079345703,8.892000198364258,22.486000061035156,0.156
ARG,62,1HB,960,37.606998443603516,6.755000114440918,22.21500015258789,0.0327
ARG,62,2HB,961,36.08399963378906,5.934999942779541,21.90999984741211,0.0327
ARG,62,1HG,962,35.79100036621094,7.257999897003174,19.857999801635742,0.0285
ARG,62,2HG,963,37.36600112915039,8.032999992370605,20.159000396728516,0.0285
ARG,62,1HD,964,37.630001068115234,6.2210001945495605,18.604999542236328,0.0687
ARG,62,2HD,965,38.417999267578125,5.809000015258789,20.145999908447266,0.0687
ARG,62,HE,966,35.70199966430664,4.830999851226807,19.950000762939453,0.3456
ARG,62,1HH1,967,39.064998626708984,4.199999809265137,19.14699935913086,0.4478
ARG,62,2HH1,968,38.85100173950195,2.4670000076293945,19.04800033569336,0.4478
ARG,62,1HH2,969,35.446998596191406,2.572999954223633,19.815000534057617,0.4478
ARG,62,2HH2,970,36.8120002746582,1.5509999990463257,19.424999237060547,0.4478
ASN,63,N,971,33.595001220703125,7.2230000495910645,22.222999572753906,-0.4157
ASN,63,CA,972,32.25199890136719,7.275000095367432,21.666000366210938,0.0143
ASN,63,C,973,31.4950008392334,8.486000061035156,22.202999114990234,0.5973
ASN,63,O,974,30.843000411987305,9.196000099182129,21.441999435424805,-0.5679
ASN,63,CB,975,31.51099967956543,5.991000175476074,21.972000122070312,-0.2041
ASN,63,CG,976,32.012001037597656,4.8379998207092285,21.16200065612793,0.713
ASN,63,ND2,977,31.756000518798828,3.6480000019073486,21.631000518798828,-0.9191
ASN,63,OD1,978,32.6349983215332,5.0229997634887695,20.107999801635742,-0.5931
ASN,63,H,979,33.904998779296875,6.35699987411499,22.64299964904785,0.2719
ASN,63,HA,980,32.32400131225586,7.388999938964844,20.586000442504883,0.1048
ASN,63,1HB,981,31.618000030517578,5.752999782562256,23.0310001373291,0.0797
ASN,63,2HB,982,30.461000442504883,6.120999813079834,21.775999069213867,0.0797
ASN,63,1HD2,983,32.066001892089844,2.8380000591278076,21.131999969482422,0.4196
ASN,63,2HD2,984,31.25,3.5460000038146973,22.486000061035156,0.4196
THR,64,N,985,31.777999877929688,8.850000381469727,23.45599937438965,-0.4157
THR,64,CA,986,31.12700080871582,9.984000205993652,24.091999053955078,-0.0389
THR,64,C,987,31.551000595092773,11.28600025177002,23.465999603271484,0.5973
THR,64,O,988,30.704999923706055,12.109000205993652,23.124000549316406,-0.5679
THR,64,CB,989,31.409000396728516,10.053000450134277,25.59600067138672,0.3654
THR,64,CG2,990,30.788999557495117,11.293000221252441,26.142000198364258,-0.2438
THR,64,OG1,991,30.863000869750977,8.895999908447266,26.280000686645508,-0.6761
THR,64,H,992,32.25600051879883,8.1899995803833,24.045000076293945,0.2719
THR,64,HA,993,30.055999755859375,9.887999534606934,23.981000900268555,0.1007
THR,64,HB,994,32.481998443603516,10.067000389099121,25.757999420166016,0.0043
THR,64,HG1,995,30.763999938964844,8.168000221252441,25.68000030517578,0.4102
THR,64,1HG2,996,30.979999542236328,11.359000205993652,27.211999893188477,0.0642
THR,64,2HG2,997,31.222000122070312,12.157999992370605,25.639999389648438,0.0642
THR,64,3HG2,998,29.731000900268555,11.267000198364258,25.969999313354492,0.0642
GLN,65,N,999,32.84600067138672,11.418999671936035,23.18199920654297,-0.4157
GLN,65,CA,1000,33.354000091552734,12.657999992370605,22.625,-0.0031
GLN,65,C,1001,32.744998931884766,12.88700008392334,21.253000259399414,0.5973
GLN,65,O,1002,32.303001403808594,13.994000434875488,20.93899917602539,-0.5679
GLN,65,CB,1003,34.87799835205078,12.625,22.531999588012695,-0.0036
GLN,65,CG,1004,35.494998931884766,13.937000274658203,22.091999053955078,-0.0645
GLN,65,CD,1005,35.25600051879883,15.052000045776367,23.099000930786133,0.6951
GLN,65,NE2,1006,34.70800018310547,16.166000366210938,22.628999710083008,-0.9407
GLN,65,OE1,1007,35.5629997253418,14.91100025177002,24.285999298095703,-0.6086
GLN,65,H,1008,33.49800109863281,10.73799991607666,23.545000076293945,0.2719
GLN,65,HA,1009,33.06100082397461,13.482000350952148,23.274999618530273,0.085
GLN,65,1HB,1010,35.29499816894531,12.362000465393066,23.503999710083008,0.0171
GLN,65,2HB,1011,35.180999755859375,11.85200023651123,21.823999404907227,0.0171
GLN,65,1HG,1012,36.56999969482422,13.800999641418457,21.979999542236328,0.0352
GLN,65,2HG,1013,35.053001403808594,14.232999801635742,21.138999938964844,0.0352
GLN,65,1HE2,1014,34.52799987792969,16.93400001525879,23.2450008392334,0.4251
GLN,65,2HE2,1015,34.47600173950195,16.23900032043457,21.659000396728516,0.4251
ILE,66,N,1016,32.547000885009766,11.786999702453613,20.520000457763672,-0.4157
ILE,66,CA,1017,31.985000610351562,11.82699966430664,19.18199920654297,-0.0597
ILE,66,C,1018,30.538000106811523,12.284000396728516,19.249000549316406,0.5973
ILE,66,O,1019,30.128000259399414,13.178000450134277,18.511999130249023,-0.5679
ILE,66,CB,1020,32.06800079345703,10.447999954223633,18.503999710083008,0.1303
ILE,66,CG1,1021,33.53799819946289,10.095999717712402,18.235000610351562,-0.043
ILE,66,CG2,1022,31.2549991607666,10.45199966430664,17.22100067138672,-0.3204
ILE,66,CD1,1023,33.7599983215332,8.64799976348877,17.836000442504883,-0.066
ILE,66,H,1024,32.99399948120117,10.930000305175781,20.820999145507812,0.2719
ILE,66,HA,1025,32.55699920654297,12.534000396728516,18.582000732421875,0.0869
ILE,66,HB,1026,31.674999237060547,9.689000129699707,19.16900062561035,0.0187
ILE,66,1HG1,1027,33.91299819946289,10.737000465393066,17.440000534057617,0.0236
ILE,66,2HG1,1028,34.11800003051758,10.29800033569336,19.131999969482422,0.0236
ILE,66,1HG2,1029,31.31999969482422,9.472999572753906,16.746999740600586,0.0882
ILE,66,2HG2,1030,30.215999603271484,10.677000045776367,17.448999404907227,0.0882
ILE,66,3HG2,1031,31.649999618530273,11.208999633789062,16.542999267578125,0.0882
ILE,66,1HD1,1032,34.821998596191406,8.47700023651123,17.663999557495117,0.0186
ILE,66,2HD1,1033,33.41299819946289,7.991000175476074,18.631999969482422,0.0186
ILE,66,3HD1,1034,33.207000732421875,8.432999610900879,16.923999786376953,0.0186
SER,67,N,1035,29.805999755859375,11.744999885559082,20.225000381469727,-0.4157
SER,67,CA,1036,28.393999099731445,12.041999816894531,20.391000747680664,-0.0249
SER,67,C,1037,28.180999755859375,13.496999740600586,20.777999877929688,0.5973
SER,67,O,1038,27.430999755859375,14.20300006866455,20.107999801635742,-0.5679
SER,67,CB,1039,27.79599952697754,11.144000053405762,21.437999725341797,0.2117
SER,67,OG,1040,27.799999237060547,9.807000160217285,21.023000717163086,-0.6546
SER,67,H,1041,30.18400001525879,10.946000099182129,20.71500015258789,0.2719
SER,67,HA,1042,27.88599967956543,11.859000205993652,19.44300079345703,0.0843
SER,67,1HB,1043,28.361000061035156,11.241000175476074,22.361000061035156,0.0352
SER,67,2HB,1044,26.79400062561035,11.46399974822998,21.632999420166016,0.0352
SER,67,HG,1045,27.405000686645508,9.305999755859375,21.742000579833984,0.4275
LYS,68,N,1046,29.08099937438965,14.029999732971191,21.611000061035156,-0.3479
LYS,68,CA,1047,28.951000213623047,15.420000076293945,22.027999877929688,-0.24
LYS,68,C,1048,29.204999923706055,16.329999923706055,20.839000701904297,0.7341
LYS,68,O,1049,28.520000457763672,17.341999053955078,20.65999984741211,-0.5894
LYS,68,CB,1050,29.910999298095703,15.758999824523926,23.16699981689453,-0.0094
LYS,68,CG,1051,29.533000946044922,15.145999908447266,24.51300048828125,0.0187
LYS,68,CD,1052,30.53499984741211,15.526000022888184,25.58799934387207,-0.0479
LYS,68,CE,1053,30.14900016784668,14.949999809265137,26.941999435424805,-0.0143
LYS,68,NZ,1054,31.156999588012695,15.28499984741211,27.992000579833984,-0.3854
LYS,68,H,1055,29.617000579833984,13.404999732971191,22.191999435424805,0.2747
LYS,68,HA,1056,27.937999725341797,15.581000328063965,22.39900016784668,0.1426
LYS,68,1HB,1057,30.915000915527344,15.413999557495117,22.910999298095703,0.0362
LYS,68,2HB,1058,29.957000732421875,16.84000015258789,23.292999267578125,0.0362
LYS,68,1HG,1059,28.54400062561035,15.496999740600586,24.808000564575195,0.0103
LYS,68,2HG,1060,29.50200080871582,14.062000274658203,24.42300033569336,0.0103
LYS,68,1HD,1061,31.52400016784668,15.149999618530273,25.312000274658203,0.0621
LYS,68,2HD,1062,30.586999893188477,16.611000061035156,25.670000076293945,0.0621
LYS,68,1HE,1063,29.17799949645996,15.348999977111816,27.23900032043457,0.1135
LYS,68,2HE,1064,30.06599998474121,13.87600040435791,26.864999771118164,0.1135
LYS,68,1HZ,1065,30.868999481201172,14.887999534606934,28.875,0.34
LYS,68,2HZ,1066,32.055999755859375,14.906000137329102,27.729000091552734,0.34
LYS,68,3HZ,1067,31.22800064086914,16.288999557495117,28.082000732421875,0.34
THR,69,N,1068,30.14900016784668,15.928999900817871,19.986000061035156,-0.4157
THR,69,CA,1069,30.48200035095215,16.708999633789062,18.812000274658203,-0.0389
THR,69,C,1070,29.260000228881836,16.77199935913086,17.92099952697754,0.5973
THR,69,O,1071,28.867000579833984,17.849000930786133,17.475000381469727,-0.5679
THR,69,CB,1072,31.676000595092773,16.121000289916992,18.035999298095703,0.3654
THR,69,CG2,1073,31.933000564575195,16.930999755859375,16.783000946044922,-0.2438
THR,69,OG1,1074,32.84400177001953,16.13800048828125,18.864999771118164,-0.6761
THR,69,H,1075,30.750999450683594,15.15999984741211,20.2450008392334,0.2719
THR,69,HA,1076,30.764999389648438,17.715999603271484,19.124000549316406,0.1007
THR,69,HB,1077,31.459999084472656,15.097999572753906,17.761999130249023,0.0043
THR,69,HG1,1078,32.683998107910156,15.611000061035156,19.652000427246094,0.4102
THR,69,1HG2,1079,32.77799987792969,16.506000518798828,16.243000030517578,0.0642
THR,69,2HG2,1080,31.045000076293945,16.909000396728516,16.148000717163086,0.0642
THR,69,3HG2,1081,32.15800094604492,17.961000442504883,17.055999755859375,0.0642
ASN,70,N,1082,28.579999923706055,15.619999885559082,17.799999237060547,-0.4157
ASN,70,CA,1083,27.408000946044922,15.494999885559082,16.952999114990234,0.0143
ASN,70,C,1084,26.270000457763672,16.3439998626709,17.496000289916992,0.5973
ASN,70,O,1085,25.604000091552734,17.04400062561035,16.742000579833984,-0.5679
ASN,70,CB,1086,26.97800064086914,14.048999786376953,16.819000244140625,-0.2041
ASN,70,CG,1087,27.898000717163086,13.248000144958496,15.954999923706055,0.713
ASN,70,ND2,1088,27.8799991607666,11.95199966430664,16.128999710083008,-0.9191
ASN,70,OD1,1089,28.6299991607666,13.800999641418457,15.125,-0.5931
ASN,70,H,1090,29.007999420166016,14.774999618530273,18.148000717163086,0.2719
ASN,70,HA,1091,27.658000946044922,15.871999740600586,15.967000007629395,0.1048
ASN,70,1HB,1092,26.934999465942383,13.588000297546387,17.795000076293945,0.0797
ASN,70,2HB,1093,25.98200035095215,14.01099967956543,16.398000717163086,0.0797
ASN,70,1HD2,1094,28.475000381469727,11.366000175476074,15.57800006866455,0.4196
ASN,70,2HD2,1095,27.27199935913086,11.54800033569336,16.812000274658203,0.4196
THR,71,N,1096,26.229000091552734,16.53499984741211,18.81800079345703,-0.4157
THR,71,CA,1097,25.118999481201172,17.312000274658203,19.350000381469727,-0.0389
THR,71,C,1098,25.149999618530273,18.684999465942383,18.697999954223633,0.5973
THR,71,O,1099,24.143999099731445,19.150999069213867,18.159000396728516,-0.5679
THR,71,CB,1100,25.191999435424805,17.441999435424805,20.882999420166016,0.3654
THR,71,CG2,1101,24.058000564575195,18.312999725341797,21.398000717163086,-0.2438
THR,71,OG1,1102,25.099000930786133,16.141000747680664,21.47800064086914,-0.6761
THR,71,H,1103,26.691999435424805,15.869999885559082,19.420000076293945,0.2719
THR,71,HA,1104,24.18600082397461,16.801000595092773,19.121000289916992,0.1007
THR,71,HB,1105,26.139999389648438,17.88599967956543,21.163999557495117,0.0043
THR,71,HG1,1106,25.826000213623047,15.593999862670898,21.167999267578125,0.4102
THR,71,1HG2,1107,24.124000549316406,18.393999099731445,22.481000900268555,0.0642
THR,71,2HG2,1108,24.132999420166016,19.30699920654297,20.95400047302246,0.0642
THR,71,3HG2,1109,23.104999542236328,17.8700008392334,21.128000259399414,0.0642
GLN,72,N,1110,26.341999053955078,19.290000915527344,18.694000244140625,-0.4157
GLN,72,CA,1111,26.542999267578125,20.608999252319336,18.11400032043457,-0.0031
GLN,72,C,1112,26.465999603271484,20.59600067138672,16.58799934387207,0.5973
GLN,72,O,1113,25.892000198364258,21.50200080871582,15.993000030517578,-0.5679
GLN,72,CB,1114,27.888999938964844,21.177000045776367,18.549999237060547,-0.0036
GLN,72,CG,1115,27.959999084472656,21.466999053955078,20.02899932861328,-0.0645
GLN,72,CD,1116,26.922000885009766,22.485000610351562,20.452999114990234,0.6951
GLN,72,NE2,1117,26.132999420166016,22.13599967956543,21.47100067138672,-0.9407
GLN,72,OE1,1118,26.82699966430664,23.570999145507812,19.874000549316406,-0.6086
GLN,72,H,1119,27.110000610351562,18.836999893188477,19.18000030517578,0.2719
GLN,72,HA,1120,25.746000289916992,21.26300048828125,18.468000411987305,0.085
GLN,72,1HB,1121,28.68000030517578,20.469999313354492,18.29800033569336,0.0171
GLN,72,2HB,1122,28.08799934387207,22.099000930786133,18.0049991607666,0.0171
GLN,72,1HG,1123,27.78499984741211,20.540000915527344,20.579999923706055,0.0352
GLN,72,2HG,1124,28.94700050354004,21.86199951171875,20.264999389648438,0.0352
GLN,72,1HE2,1125,25.41900062561035,22.766000747680664,21.805999755859375,0.4251
GLN,72,2HE2,1126,26.246999740600586,21.243999481201172,21.909000396728516,0.4251
THR,73,N,1127,26.924999237060547,19.51099967956543,15.958999633789062,-0.4157
THR,73,CA,1128,26.933000564575195,19.424999237060547,14.501999855041504,-0.0389
THR,73,C,1129,25.523000717163086,19.48699951171875,13.946000099182129,0.5973
THR,73,O,1130,25.246999740600586,20.22599983215332,13.001999855041504,-0.5679
THR,73,CB,1131,27.611000061035156,18.138999938964844,14.008000373840332,0.3654
THR,73,CG2,1132,27.52899932861328,18.04599952697754,12.503000259399414,-0.2438
THR,73,OG1,1133,28.98900032043457,18.13599967956543,14.411999702453613,-0.6761
THR,73,H,1134,27.437000274658203,18.81800079345703,16.489999771118164,0.2719
THR,73,HA,1135,27.48699951171875,20.277000427246094,14.109000205993652,0.1007
THR,73,HB,1136,27.118000030517578,17.288999557495117,14.444999694824219,0.0043
THR,73,HG1,1137,29.041000366210938,18.174999237060547,15.371000289916992,0.4102
THR,73,1HG2,1138,28.014999389648438,17.128999710083008,12.170000076293945,0.0642
THR,73,2HG2,1139,26.48200035095215,18.03700065612793,12.194999694824219,0.0642
THR,73,3HG2,1140,28.031999588012695,18.902999877929688,12.057999610900879,0.0642
TYR,74,N,1141,24.634000778198242,18.71500015258789,14.569000244140625,-0.4157
TYR,74,CA,1142,23.229999542236328,18.666000366210938,14.20300006866455,-0.0014
TYR,74,C,1143,22.542999267578125,19.981000900268555,14.553000450134277,0.5973
TYR,74,O,1144,21.785999298095703,20.49799919128418,13.744999885559082,-0.5679
TYR,74,CB,1145,22.55900001525879,17.493000030517578,14.906000137329102,-0.0152
TYR,74,CG,1146,22.91699981689453,16.1200008392334,14.298999786376953,-0.0011
TYR,74,CD1,1147,24.218000411987305,15.652000427246094,14.343999862670898,-0.1906
TYR,74,CD2,1148,21.927000045776367,15.329999923706055,13.696000099182129,-0.1906
TYR,74,CE1,1149,24.549999237060547,14.437000274658203,13.810999870300293,-0.2341
TYR,74,CE2,1150,22.268999099731445,14.095999717712402,13.156000137329102,-0.2341
TYR,74,CZ,1151,23.584999084472656,13.65999984741211,13.220000267028809,0.3226
TYR,74,OH,1152,23.945999145507812,12.449999809265137,12.694999694824219,-0.5579
TYR,74,H,1153,24.934999465942383,18.201000213623047,15.383999824523926,0.2719
TYR,74,HA,1154,23.1560001373291,18.51300048828125,13.126999855041504,0.0876
TYR,74,1HB,1155,22.847000122070312,17.485000610351562,15.960000038146973,0.0295
TYR,74,2HB,1156,21.489999771118164,17.615999221801758,14.861000061035156,0.0295
TYR,74,HD1,1157,24.98200035095215,16.236000061035156,14.79699993133545,0.1699
TYR,74,HD2,1158,20.89699935913086,15.682000160217285,13.649999618530273,0.1699
TYR,74,HE1,1159,25.58300018310547,14.08899974822998,13.857000350952148,0.1656
TYR,74,HE2,1160,21.5049991607666,13.47700023651123,12.684000015258789,0.1656
TYR,74,HH,1161,23.173999786376953,12.022000312805176,12.319999694824219,0.3992
ARG,75,N,1162,23.006999969482422,20.659000396728516,15.614999771118164,-0.3479
ARG,75,CA,1163,22.38800048828125,21.94099998474121,15.946000099182129,-0.2637
ARG,75,C,1164,22.572999954223633,22.909000396728516,14.793000221252441,0.7341
ARG,75,O,1165,21.607999801635742,23.496000289916992,14.307000160217285,-0.5894
ARG,75,CB,1166,22.976999282836914,22.555999755859375,17.20800018310547,-0.0007
ARG,75,CG,1167,22.38800048828125,23.909000396728516,17.56399917602539,0.039
ARG,75,CD,1168,22.964000701904297,24.476999282836914,18.819000244140625,0.0486
ARG,75,NE,1169,24.39299964904785,24.738000869750977,18.711999893188477,-0.5295
ARG,75,CZ,1170,24.947999954223633,25.79199981689453,18.09600067138672,0.8076
ARG,75,NH1,1171,24.19099998474121,26.70199966430664,17.52400016784668,-0.8627
ARG,75,NH2,1172,26.26300048828125,25.898000717163086,18.077999114990234,-0.8627
ARG,75,H,1173,23.523000717163086,20.16699981689453,16.334999084472656,0.2747
ARG,75,HA,1174,21.325000762939453,21.780000686645508,16.1299991607666,0.156
ARG,75,1HB,1175,22.816999435424805,21.884000778198242,18.049999237060547,0.0327
ARG,75,2HB,1176,24.045000076293945,22.67799949645996,17.090999603271484,0.0327
ARG,75,1HG,1177,22.586000442504883,24.614999771118164,16.7549991607666,0.0285
ARG,75,2HG,1178,21.33099937438965,23.81399917602539,17.70400047302246,0.0285
ARG,75,1HD,1179,22.4689998626709,25.41900062561035,19.051000595092773,0.0687
ARG,75,2HD,1180,22.812999725341797,23.774999618530273,19.636999130249023,0.0687
ARG,75,HE,1181,25.034000396728516,24.075000762939453,19.131000518798828,0.3456
ARG,75,1HH1,1182,23.18600082397461,26.610000610351562,17.545000076293945,0.4478
ARG,75,2HH1,1183,24.614999771118164,27.4950008392334,17.062000274658203,0.4478
ARG,75,1HH2,1184,26.82200050354004,25.17799949645996,18.530000686645508,0.4478
ARG,75,2HH2,1185,26.701000213623047,26.68400001525879,17.621000289916992,0.4478
GLU,76,N,1186,23.797000885009766,22.940000534057617,14.265000343322754,-0.5163
GLU,76,CA,1187,24.145000457763672,23.84600067138672,13.189000129699707,0.0397
GLU,76,C,1188,23.391000747680664,23.465999603271484,11.927000045776367,0.5366
GLU,76,O,1189,22.823999404907227,24.327999114990234,11.258999824523926,-0.5819
GLU,76,CB,1190,25.650999069213867,23.822999954223633,12.934000015258789,0.056
GLU,76,CG,1191,26.479000091552734,24.43400001525879,14.060999870300293,0.0136
GLU,76,CD,1192,27.958999633789062,24.368000030517578,13.807999610900879,0.8054
GLU,76,OE1,1193,28.350000381469727,23.777999877929688,12.831999778747559,-0.8188
GLU,76,OE2,1194,28.701000213623047,24.908000946044922,14.595000267028809,-0.8188
GLU,76,H,1195,24.54599952697754,22.493000030517578,14.777999877929688,0.2936
GLU,76,HA,1196,23.85700035095215,24.858999252319336,13.475000381469727,0.1105
GLU,76,1HB,1197,25.979000091552734,22.79400062561035,12.791999816894531,-0.0173
GLU,76,2HB,1198,25.87299919128418,24.368999481201172,12.015999794006348,-0.0173
GLU,76,1HG,1199,26.19099998474121,25.47800064086914,14.1850004196167,-0.0425
GLU,76,2HG,1200,26.250999450683594,23.910999298095703,14.98900032043457,-0.0425
SER,77,N,1201,23.19700050354004,22.15399932861328,11.732000350952148,-0.4157
SER,77,CA,1202,22.51099967956543,21.670000076293945,10.545000076293945,-0.0249
SER,77,C,1203,21.077999114990234,22.179000854492188,10.552000045776367,0.5973
SER,77,O,1204,20.639999389648438,22.783000946044922,9.586000442504883,-0.5679
SER,77,CB,1205,22.523000717163086,20.159000396728516,10.47599983215332,0.2117
SER,77,OG,1206,21.86199951171875,19.711999893188477,9.324000358581543,-0.6546
SER,77,H,1207,23.76300048828125,21.500999450683594,12.258000373840332,0.2719
SER,77,HA,1208,23.027999877929688,22.04800033569336,9.663000106811523,0.0843
SER,77,1HB,1209,23.551000595092773,19.801000595092773,10.473999977111816,0.0352
SER,77,2HB,1210,22.041000366210938,19.75200080871582,11.354000091552734,0.0352
SER,77,HG,1211,20.96299934387207,20.041000366210938,9.390000343322754,0.4275
LEU,78,N,1212,20.413999557495117,22.082000732421875,11.710000038146973,-0.4157
LEU,78,CA,1213,19.016000747680664,22.490999221801758,11.815999984741211,-0.0518
LEU,78,C,1214,18.85300064086914,23.965999603271484,11.494000434875488,0.5973
LEU,78,O,1215,17.900999069213867,24.349000930786133,10.819000244140625,-0.5679
LEU,78,CB,1216,18.469999313354492,22.219999313354492,13.229000091552734,-0.1102
LEU,78,CG,1217,18.243999481201172,20.75,13.621000289916992,0.3531
LEU,78,CD1,1218,17.899999618530273,20.660999298095703,15.092000007629395,-0.4121
LEU,78,CD2,1219,17.135000228881836,20.176000595092773,12.763999938964844,-0.4121
LEU,78,H,1220,20.801000595092773,21.493999481201172,12.432999610900879,0.2719
LEU,78,HA,1221,18.42799949645996,21.89900016784668,11.118000030517578,0.0922
LEU,78,1HB,1222,19.163000106811523,22.639999389648438,13.954000473022461,0.0457
LEU,78,2HB,1223,17.510000228881836,22.729000091552734,13.331999778747559,0.0457
LEU,78,HG,1224,19.15999984741211,20.17799949645996,13.461999893188477,-0.0361
LEU,78,1HD1,1225,17.742000579833984,19.625,15.366999626159668,0.1
LEU,78,2HD1,1226,18.719999313354492,21.06999969482422,15.680999755859375,0.1
LEU,78,3HD1,1227,17.006999969482422,21.22100067138672,15.28600025177002,0.1
LEU,78,1HD2,1228,16.974000930786133,19.139999389648438,13.03600025177002,0.1
LEU,78,2HD2,1229,16.216999053955078,20.743000030517578,12.925000190734863,0.1
LEU,78,3HD2,1230,17.42099952697754,20.238000869750977,11.713000297546387,0.1
ARG,79,N,1231,19.83799934387207,24.774999618530273,11.883000373840332,-0.3479
ARG,79,CA,1232,19.756000518798828,26.209999084472656,11.651000022888184,-0.2637
ARG,79,C,1233,19.815000534057617,26.48900032043457,10.154999732971191,0.7341
ARG,79,O,1234,18.981000900268555,27.218000411987305,9.61299991607666,-0.5894
ARG,79,CB,1235,20.893999099731445,26.934999465942383,12.35200023651123,-0.0007
ARG,79,CG,1236,20.81399917602539,26.94499969482422,13.869000434875488,0.039
ARG,79,CD,1237,21.993000030517578,27.604000091552734,14.47700023651123,0.0486
ARG,79,NE,1238,22.035999298095703,29.023000717163086,14.161999702453613,-0.5295
ARG,79,CZ,1239,23.107999801635742,29.815000534057617,14.347999572753906,0.8076
ARG,79,NH1,1240,24.215999603271484,29.31599998474121,14.847000122070312,-0.8627
ARG,79,NH2,1241,23.04599952697754,31.09600067138672,14.029000282287598,-0.8627
ARG,79,H,1242,20.55500030517578,24.41200065612793,12.503000259399414,0.2747
ARG,79,HA,1243,18.80699920654297,26.57699966430664,12.038000106811523,0.156
ARG,79,1HB,1244,21.84000015258789,26.479999542236328,12.079999923706055,0.0327
ARG,79,2HB,1245,20.92300033569336,27.972000122070312,12.019000053405762,0.0327
ARG,79,1HG,1246,19.924999237060547,27.479999542236328,14.184000015258789,0.0285
ARG,79,2HG,1247,20.76799964904785,25.922000885009766,14.237000465393066,0.0285
ARG,79,1HD,1248,21.951000213623047,27.4950008392334,15.5600004196167,0.0687
ARG,79,2HD,1249,22.90399932861328,27.141000747680664,14.098999977111816,0.0687
ARG,79,HE,1250,21.20199966430664,29.444000244140625,13.777000427246094,0.3456
ARG,79,1HH1,1251,24.264999389648438,28.336999893188477,15.09000015258789,0.4478
ARG,79,2HH1,1252,25.020999908447266,29.910999298095703,14.984999656677246,0.4478
ARG,79,1HH2,1253,22.191999435424805,31.481000900268555,13.645000457763672,0.4478
ARG,79,2HH2,1254,23.849000930786133,31.690000534057617,14.166999816894531,0.4478
ASN,80,N,1255,20.666000366210938,25.724000930786133,9.468000411987305,-0.4157
ASN,80,CA,1256,20.881000518798828,25.900999069213867,8.041999816894531,0.0143
ASN,80,C,1257,19.666000366210938,25.44700050354004,7.248000144958496,0.5973
ASN,80,O,1258,19.261999130249023,26.10700035095215,6.295000076293945,-0.5679
ASN,80,CB,1259,22.121999740600586,25.149999618530273,7.60099983215332,-0.2041
ASN,80,CG,1260,23.38800048828125,25.79800033569336,8.08899974822998,0.713
ASN,80,ND2,1261,24.452999114990234,25.038999557495117,8.13599967956543,-0.9191
ASN,80,OD1,1262,23.400999069213867,26.988000869750977,8.423999786376953,-0.5931
ASN,80,H,1263,21.35099983215332,25.191999435424805,9.98900032043457,0.2719
ASN,80,HA,1264,21.027000427246094,26.96299934387207,7.840000152587891,0.1048
ASN,80,1HB,1265,22.083999633789062,24.131000518798828,7.973999977111816,0.0797
ASN,80,2HB,1266,22.14900016784668,25.097000122070312,6.514999866485596,0.0797
ASN,80,1HD2,1267,25.322999954223633,25.41699981689453,8.45300006866455,0.4196
ASN,80,2HD2,1268,24.395999908447266,24.08099937438965,7.855999946594238,0.4196
LEU,81,N,1269,19.041000366210938,24.365999221801758,7.7170000076293945,-0.4157
LEU,81,CA,1270,17.90399932861328,23.760000228881836,7.047999858856201,-0.0518
LEU,81,C,1271,16.687999725341797,24.66900062561035,7.138000011444092,0.5973
LEU,81,O,1272,15.998000144958496,24.860000610351562,6.138000011444092,-0.5679
LEU,81,CB,1273,17.618000030517578,22.4060001373291,7.697000026702881,-0.1102
LEU,81,CG,1274,18.72599983215332,21.371999740600586,7.414000034332275,0.3531
LEU,81,CD1,1275,18.516000747680664,20.1200008392334,8.211000442504883,-0.4121
LEU,81,CD2,1276,18.72599983215332,21.076000213623047,5.960000038146973,-0.4121
LEU,81,H,1277,19.45400047302246,23.875,8.494999885559082,0.2719
LEU,81,HA,1278,18.150999069213867,23.61400032043457,5.998000144958496,0.0922
LEU,81,1HB,1279,17.52199935913086,22.545000076293945,8.770999908447266,0.0457
LEU,81,2HB,1280,16.67099952697754,22.0310001373291,7.317999839782715,0.0457
LEU,81,HG,1281,19.680999755859375,21.764999389648438,7.704999923706055,-0.0361
LEU,81,1HD1,1282,19.312999725341797,19.410999298095703,7.991000175476074,0.1
LEU,81,2HD1,1283,18.52899932861328,20.357999801635742,9.274999618530273,0.1
LEU,81,3HD1,1284,17.579999923706055,19.700000762939453,7.949999809265137,0.1
LEU,81,1HD2,1285,19.503999710083008,20.347000122070312,5.743000030517578,0.1
LEU,81,2HD2,1286,17.753999710083008,20.67300033569336,5.671999931335449,0.1
LEU,81,3HD2,1287,18.91699981689453,21.990999221801758,5.406000137329102,0.1
ARG,82,N,1288,16.530000686645508,25.391000747680664,8.262999534606934,-0.3479
ARG,82,CA,1289,15.387999534606934,26.297000885009766,8.350000381469727,-0.2637
ARG,82,C,1290,15.583999633789062,27.386999130249023,7.314000129699707,0.7341
ARG,82,O,1291,14.63700008392334,27.889999389648438,6.71999979019165,-0.5894
ARG,82,CB,1292,15.222999572753906,26.93600082397461,9.720999717712402,-0.0007
ARG,82,CG,1293,14.758000373840332,26.020000457763672,10.824999809265137,0.039
ARG,82,CD,1294,14.3100004196167,26.801000595092773,12.015999794006348,0.0486
ARG,82,NE,1295,15.378000259399414,27.58099937438965,12.619999885559082,-0.5295
ARG,82,CZ,1296,16.225000381469727,27.125999450683594,13.5600004196167,0.8076
ARG,82,NH1,1297,16.1200008392334,25.889999389648438,13.99899959564209,-0.8627
ARG,82,NH2,1298,17.15999984741211,27.92099952697754,14.039999961853027,-0.8627
ARG,82,H,1299,17.066999435424805,25.167999267578125,9.09000015258789,0.2747
ARG,82,HA,1300,14.472999572753906,25.739999771118164,8.145000457763672,0.156
ARG,82,1HB,1301,16.173999786376953,27.363000869750977,10.038000106811523,0.0327
ARG,82,2HB,1302,14.503000259399414,27.749000549316406,9.656000137329102,0.0327
ARG,82,1HG,1303,13.92300033569336,25.41699981689453,10.468999862670898,0.0285
ARG,82,2HG,1304,15.574000358581543,25.367000579833984,11.12600040435791,0.0285
ARG,82,1HD,1305,13.520000457763672,27.496000289916992,11.718999862670898,0.0687
ARG,82,2HD,1306,13.932000160217285,26.12700080871582,12.770000457763672,0.0687
ARG,82,HE,1307,15.493000030517578,28.53700065612793,12.3100004196167,0.3456
ARG,82,1HH1,1308,15.402999877929688,25.281999588012695,13.630000114440918,0.4478
ARG,82,2HH1,1309,16.756999969482422,25.549999237060547,14.704999923706055,0.4478
ARG,82,1HH2,1310,17.23900032043457,28.8700008392334,13.701000213623047,0.4478
ARG,82,2HH2,1311,17.79599952697754,27.582000732421875,14.746000289916992,0.4478
GLY,83,N,1312,16.841999053955078,27.77400016784668,7.10699987411499,-0.4157
GLY,83,CA,1313,17.138999938964844,28.84600067138672,6.178999900817871,-0.0252
GLY,83,C,1314,16.80299949645996,28.423999786376953,4.757999897003174,0.5973
GLY,83,O,1315,16.08300018310547,29.125,4.048999786376953,-0.5679
GLY,83,H,1316,17.573999404907227,27.437000274658203,7.7220001220703125,0.2719
GLY,83,1HA,1317,16.569000244140625,29.735000610351562,6.449999809265137,0.0698
GLY,83,2HA,1318,18.19300079345703,29.110000610351562,6.252999782562256,0.0698
TYR,84,N,1319,17.125999450683594,27.17099952697754,4.431000232696533,-0.4157
TYR,84,CA,1320,16.93199920654297,26.64900016784668,3.0829999446868896,-0.0014
TYR,84,C,1321,15.454000473022461,26.621000289916992,2.7160000801086426,0.5973
TYR,84,O,1322,15.069999694824219,26.92799949645996,1.5859999656677246,-0.5679
TYR,84,CB,1323,17.5310001373291,25.253000259399414,2.9549999237060547,-0.0152
TYR,84,CG,1324,19.006000518798828,25.17799949645996,3.1570000648498535,-0.0011
TYR,84,CD1,1325,19.784000396728516,26.322999954223633,3.2179999351501465,-0.1906
TYR,84,CD2,1326,19.589000701904297,23.94099998474121,3.2829999923706055,-0.1906
TYR,84,CE1,1327,21.150999069213867,26.211000442504883,3.4070000648498535,-0.2341
TYR,84,CE2,1328,20.937000274658203,23.823999404907227,3.4690001010894775,-0.2341
TYR,84,CZ,1329,21.725000381469727,24.94099998474121,3.5320000648498535,0.3226
TYR,84,OH,1330,23.083999633789062,24.804000854492188,3.7209999561309814,-0.5579
TYR,84,H,1331,17.749000549316406,26.667999267578125,5.047999858856201,0.2719
TYR,84,HA,1332,17.440000534057617,27.308000564575195,2.380000114440918,0.0876
TYR,84,1HB,1333,17.062999725341797,24.591999053955078,3.686000108718872,0.0295
TYR,84,2HB,1334,17.308000564575195,24.87299919128418,1.968999981880188,0.0295
TYR,84,HD1,1335,19.323999404907227,27.305999755859375,3.118000030517578,0.1699
TYR,84,HD2,1336,18.969999313354492,23.05500030517578,3.2320001125335693,0.1699
TYR,84,HE1,1337,21.77199935913086,27.104000091552734,3.4560000896453857,0.1656
TYR,84,HE2,1338,21.385000228881836,22.841999053955078,3.565999984741211,0.1656
TYR,84,HH,1339,23.30500030517578,23.871000289916992,3.7829999923706055,0.3992
TYR,85,N,1340,14.633000373840332,26.283000946044922,3.7079999446868896,-0.4157
TYR,85,CA,1341,13.192000389099121,26.13800048828125,3.562000036239624,-0.0014
TYR,85,C,1342,12.39900016784668,27.371999740600586,4.004000186920166,0.5973
TYR,85,O,1343,11.170000076293945,27.360000610351562,3.9579999446868896,-0.5679
TYR,85,CB,1344,12.711999893188477,24.91200065612793,4.340000152587891,-0.0152
TYR,85,CG,1345,13.142999649047852,23.57900047302246,3.7899999618530273,-0.0011
TYR,85,CD1,1346,14.017999649047852,22.766000747680664,4.497000217437744,-0.1906
TYR,85,CD2,1347,12.656000137329102,23.167999267578125,2.565999984741211,-0.1906
TYR,85,CE1,1348,14.39799976348877,21.54800033569336,3.9700000286102295,-0.2341
TYR,85,CE2,1349,13.032999992370605,21.95800018310547,2.0439999103546143,-0.2341
TYR,85,CZ,1350,13.89799976348877,21.14900016784668,2.736999988555908,0.3226
TYR,85,OH,1351,14.267000198364258,19.941999435424805,2.2019999027252197,-0.5579
TYR,85,H,1352,15.045999526977539,26.023000717163086,4.59499979019165,0.2719
TYR,85,HA,1353,12.972000122070312,26.007999420166016,2.502000093460083,0.0876
TYR,85,1HB,1354,13.07699966430664,24.972999572753906,5.367000102996826,0.0295
TYR,85,2HB,1355,11.625,24.910999298095703,4.375,0.0295
TYR,85,HD1,1356,14.402999877929688,23.086999893188477,5.459000110626221,0.1699
TYR,85,HD2,1357,11.968999862670898,23.80699920654297,2.010999917984009,0.1699
TYR,85,HE1,1358,15.085000038146973,20.90399932861328,4.519000053405762,0.1656
TYR,85,HE2,1359,12.647000312805176,21.636999130249023,1.0770000219345093,0.1656
TYR,85,HH,1360,13.831000328063965,19.81999969482422,1.350000023841858,0.3992
ASN,86,N,1361,13.097000122070312,28.402000427246094,4.493000030517578,-0.4157
ASN,86,CA,1362,12.451000213623047,29.621999740600586,4.984000205993652,0.0143
ASN,86,C,1363,11.420000076293945,29.334999084472656,6.076000213623047,0.5973
ASN,86,O,1364,10.279999732971191,29.792999267578125,5.997000217437744,-0.5679
ASN,86,CB,1365,11.795999526977539,30.378999710083008,3.8420000076293945,-0.2041
ASN,86,CG,1366,11.467000007629395,31.801000595092773,4.203999996185303,0.713
ASN,86,ND2,1367,10.397000312805176,32.3129997253418,3.6480000019073486,-0.9191
ASN,86,OD1,1368,12.180999755859375,32.4379997253418,4.986999988555908,-0.5931
ASN,86,H,1369,14.107999801635742,28.3700008392334,4.492000102996826,0.2719
ASN,86,HA,1370,13.218000411987305,30.261999130249023,5.422999858856201,0.1048
ASN,86,1HB,1371,12.463000297546387,30.3799991607666,2.9790000915527344,0.0797
ASN,86,2HB,1372,10.880000114440918,29.874000549316406,3.5439999103546143,0.0797
ASN,86,1HD2,1373,10.130000114440918,33.255001068115234,3.8519999980926514,0.4196
ASN,86,2HD2,1374,9.848999977111816,31.76300048828125,3.0199999809265137,0.4196
GLN,87,N,1375,11.800999641418457,28.506999969482422,7.040999889373779,-0.4157
GLN,87,CA,1376,10.944000244140625,28.17099952697754,8.166000366210938,-0.0031
GLN,87,C,1377,11.196000099182129,29.07200050354004,9.369999885559082,0.5973
GLN,87,O,1378,12.343000411987305,29.329999923706055,9.734999656677246,-0.5679
GLN,87,CB,1379,11.161999702453613,26.7189998626709,8.562999725341797,-0.0036
GLN,87,CG,1380,10.892999649047852,25.7549991607666,7.443999767303467,-0.0645
GLN,87,CD,1381,9.439000129699707,25.71299934387207,7.038000106811523,0.6951
GLN,87,NE2,1382,9.161999702453613,26.03700065612793,5.7769999504089355,-0.9407
GLN,87,OE1,1383,8.565999984741211,25.389999389648438,7.848999977111816,-0.6086
GLN,87,H,1384,12.767000198364258,28.222999572753906,7.066999912261963,0.2719
GLN,87,HA,1385,9.906000137329102,28.30299949645996,7.861999988555908,0.085
GLN,87,1HB,1386,12.187000274658203,26.58099937438965,8.897000312805176,0.0171
GLN,87,2HB,1387,10.51200008392334,26.47599983215332,9.395999908447266,0.0171
GLN,87,1HG,1388,11.479999542236328,26.06800079345703,6.593999862670898,0.0352
GLN,87,2HG,1389,11.182000160217285,24.753000259399414,7.761000156402588,0.0352
GLN,87,1HE2,1390,8.213000297546387,26.02400016784668,5.456999778747559,0.4251
GLN,87,2HE2,1391,9.89900016784668,26.29400062561035,5.144999980926514,0.4251
SER,88,N,1392,10.111000061035156,29.56999969482422,9.96399974822998,-0.4157
SER,88,CA,1393,10.206000328063965,30.434999465942383,11.137999534606934,-0.0249
SER,88,C,1394,10.946000099182129,29.740999221801758,12.260000228881836,0.5973
SER,88,O,1395,10.616999626159668,28.61400032043457,12.628000259399414,-0.5679
SER,88,CB,1396,8.835000038146973,30.849000930786133,11.628999710083008,0.2117
SER,88,OG,1397,8.9399995803833,31.597000122070312,12.817999839782715,-0.6546
SER,88,H,1398,9.199999809265137,29.354000091552734,9.586000442504883,0.2719
SER,88,HA,1399,10.77299976348877,31.32699966430664,10.864999771118164,0.0843
SER,88,1HB,1400,8.336000442504883,31.44099998474121,10.86299991607666,0.0352
SER,88,2HB,1401,8.227999687194824,29.961999893188477,11.803000450134277,0.0352
SER,88,HG,1402,9.470999717712402,32.367000579833984,12.600000381469727,0.4275
GLU,89,N,1403,11.793000221252441,30.506999969482422,12.946000099182129,-0.5163
GLU,89,CA,1404,12.557999610900879,30.01300048828125,14.083999633789062,0.0397
GLU,89,C,1405,11.66100025177002,29.562000274658203,15.229999542236328,0.5366
GLU,89,O,1406,12.064000129699707,28.740999221801758,16.049999237060547,-0.5819
GLU,89,CB,1407,13.529000282287598,31.08300018310547,14.581999778747559,0.056
GLU,89,CG,1408,14.677000045776367,31.374000549316406,13.623000144958496,0.0136
GLU,89,CD,1409,15.60200023651123,32.452999114990234,14.119999885559082,0.8054
GLU,89,OE1,1410,15.315999984741211,33.03099822998047,15.140999794006348,-0.8188
GLU,89,OE2,1411,16.594999313354492,32.70000076293945,13.47700023651123,-0.8188
GLU,89,H,1412,11.998000144958496,31.43199920654297,12.595999717712402,0.2936
GLU,89,HA,1413,13.126999855041504,29.141000747680664,13.76099967956543,0.1105
GLU,89,1HB,1414,12.98799991607666,32.01300048828125,14.753999710083008,-0.0173
GLU,89,2HB,1415,13.956000328063965,30.770000457763672,15.53499984741211,-0.0173
GLU,89,1HG,1416,15.251999855041504,30.461000442504883,13.47599983215332,-0.0425
GLU,89,2HG,1417,14.262999534606934,31.672000885009766,12.66100025177002,-0.0425
ALA,90,N,1418,10.444000244140625,30.106000900268555,15.286999702453613,-0.4157
ALA,90,CA,1419,9.484000205993652,29.79400062561035,16.34000015258789,0.0337
ALA,90,C,1420,9.104000091552734,28.31399917602539,16.344999313354492,0.5973
ALA,90,O,1421,8.723999977111816,27.77199935913086,17.382999420166016,-0.5679
ALA,90,CB,1422,8.241000175476074,30.649999618530273,16.17099952697754,-0.1825
ALA,90,H,1423,10.164999961853027,30.76799964904785,14.571000099182129,0.2719
ALA,90,HA,1424,9.934000015258789,30.016000747680664,17.308000564575195,0.0823
ALA,90,1HB,1425,7.519000053405762,30.399999618530273,16.948999404907227,0.0603
ALA,90,2HB,1426,8.51099967956543,31.70199966430664,16.25200080871582,0.0603
ALA,90,3HB,1427,7.802999973297119,30.459999084472656,15.192999839782715,0.0603
GLY,91,N,1428,9.145999908447266,27.674999237060547,15.178999900817871,-0.4157
GLY,91,CA,1429,8.736000061035156,26.284000396728516,15.041000366210938,-0.0252
GLY,91,C,1430,9.829999923706055,25.275999069213867,15.36400032043457,0.5973
GLY,91,O,1431,11.020000457763672,25.559999465942383,15.229000091552734,-0.5679
GLY,91,H,1432,9.487000465393066,28.16200065612793,14.361000061035156,0.2719
GLY,91,1HA,1433,7.888999938964844,26.09600067138672,15.701000213623047,0.0698
GLY,91,2HA,1434,8.401000022888184,26.114999771118164,14.017999649047852,0.0698
SER,92,N,1435,9.395999908447266,24.08099937438965,15.76099967956543,-0.4157
SER,92,CA,1436,10.27400016784668,22.95199966430664,16.042999267578125,-0.0249
SER,92,C,1437,10.505999565124512,22.13599967956543,14.781000137329102,0.5973
SER,92,O,1438,9.598999977111816,21.985000610351562,13.961999893188477,-0.5679
SER,92,CB,1439,9.673999786376953,22.079999923706055,17.128000259399414,0.2117
SER,92,OG,1440,10.432999610900879,20.913999557495117,17.320999145507812,-0.6546
SER,92,H,1441,8.39900016784668,23.94300079345703,15.854999542236328,0.2719
SER,92,HA,1442,11.234999656677246,23.333999633789062,16.39299964904785,0.0843
SER,92,1HB,1443,9.626999855041504,22.645000457763672,18.06100082397461,0.0352
SER,92,2HB,1444,8.656000137329102,21.81100082397461,16.856000900268555,0.0352
SER,92,HG,1445,11.307000160217285,21.204999923706055,17.584999084472656,0.4275
HID,93,N,1446,11.715999603271484,21.610000610351562,14.630000114440918,-0.4157
HID,93,CA,1447,12.069999694824219,20.785999298095703,13.482000350952148,0.0188
HID,93,C,1448,12.89900016784668,19.577999114990234,13.878000259399414,0.5973
HID,93,O,1449,13.579000473022461,19.57699966430664,14.89900016784668,-0.5679
HID,93,CB,1450,12.829000473022461,21.614999771118164,12.458000183105469,-0.0462
HID,93,CG,1451,11.97700023651123,22.66699981689453,11.862000465393066,-0.0266
HID,93,CD2,1452,11.826000213623047,23.972999572753906,12.154999732971191,0.1292
HID,93,ND1,1453,11.133000373840332,22.410999298095703,10.805999755859375,-0.3811
HID,93,CE1,1454,10.5,23.520000457763672,10.477999687194824,0.2057
HID,93,NE2,1455,10.904999732971191,24.479999542236328,11.282999992370605,-0.5727
HID,93,H,1456,12.416000366210938,21.781999588012695,15.336999893188477,0.2719
HID,93,HA,1457,11.164999961853027,20.39299964904785,13.020000457763672,0.0881
HID,93,1HB,1458,13.694999694824219,22.083999633789062,12.930999755859375,0.0402
HID,93,2HB,1459,13.197999954223633,20.965999603271484,11.675999641418457,0.0402
HID,93,HD1,1460,10.956999778747559,21.507999420166016,10.399999618530273,0.3649
HID,93,HD2,1461,12.281000137329102,24.61400032043457,12.901000022888184,0.1147
HID,93,HE1,1462,9.781000137329102,23.525999069213867,9.66100025177002,0.1392
THR,94,N,1463,12.815999984741211,18.527999877929688,13.076000213623047,-0.4157
THR,94,CA,1464,13.572999954223633,17.32699966430664,13.378000259399414,-0.0389
THR,94,C,1465,14.503000259399414,16.898000717163086,12.248000144958496,0.5973
THR,94,O,1466,14.095000267028809,16.709999084472656,11.104999542236328,-0.5679
THR,94,CB,1467,12.614999771118164,16.166000366210938,13.717000007629395,0.3654
THR,94,CG2,1468,13.395000457763672,14.916000366210938,14.031999588012695,-0.2438
THR,94,OG1,1469,11.8100004196167,16.52199935913086,14.850000381469727,-0.6761
THR,94,H,1470,12.25100040435791,18.56999969482422,12.23900032043457,0.2719
THR,94,HA,1471,14.20199966430664,17.531999588012695,14.237000465393066,0.1007
THR,94,HB,1472,11.958999633789062,15.977999687194824,12.866999626159668,0.0043
THR,94,HG1,1473,11.298999786376953,17.308000564575195,14.645000457763672,0.4102
THR,94,1HG2,1474,12.708000183105469,14.105999946594238,14.270000457763672,0.0642
THR,94,2HG2,1475,13.979999542236328,14.652000427246094,13.185999870300293,0.0642
THR,94,3HG2,1476,14.045999526977539,15.097999572753906,14.885000228881836,0.0642
LEU,95,N,1477,15.711999893188477,16.506999969482422,12.633999824523926,-0.4157
LEU,95,CA,1478,16.70199966430664,15.979999542236328,11.711000442504883,-0.0518
LEU,95,C,1479,17.12700080871582,14.586000442504883,12.128999710083008,0.5973
LEU,95,O,1480,17.525999069213867,14.355999946594238,13.270000457763672,-0.5679
LEU,95,CB,1481,17.92099952697754,16.905000686645508,11.656000137329102,-0.1102
LEU,95,CG,1482,19.12299919128418,16.452999114990234,10.835000038146973,0.3531
LEU,95,CD1,1483,18.736000061035156,16.350000381469727,9.371000289916992,-0.4121
LEU,95,CD2,1484,20.246000289916992,17.45800018310547,11.048999786376953,-0.4121
LEU,95,H,1485,15.984000205993652,16.658000946044922,13.595999717712402,0.2719
LEU,95,HA,1486,16.256999969482422,15.913000106811523,10.720999717712402,0.0922
LEU,95,1HB,1487,17.604999542236328,17.854999542236328,11.251999855041504,0.0457
LEU,95,2HB,1488,18.277999877929688,17.062999725341797,12.666000366210938,0.0457
LEU,95,HG,1489,19.444000244140625,15.460000038146973,11.159000396728516,-0.0361
LEU,95,1HD1,1490,19.600000381469727,16.025999069213867,8.788999557495117,0.1
LEU,95,2HD1,1491,17.940000534057617,15.633999824523926,9.260000228881836,0.1
LEU,95,3HD1,1492,18.402999877929688,17.31800079345703,9.012999534606934,0.1
LEU,95,1HD2,1493,21.1200008392334,17.155000686645508,10.470999717712402,0.1
LEU,95,2HD2,1494,19.91699981689453,18.444000244140625,10.720999717712402,0.1
LEU,95,3HD2,1495,20.510000228881836,17.496999740600586,12.105999946594238,0.1
GLN,96,N,1496,16.941999435424805,13.616000175476074,11.241999626159668,-0.4157
GLN,96,CA,1497,17.242000579833984,12.25,11.616000175476074,-0.0031
GLN,96,C,1498,18.204999923706055,11.614999771118164,10.656999588012695,0.5973
GLN,96,O,1499,18.02400016784668,11.67300033569336,9.446999549865723,-0.5679
GLN,96,CB,1500,15.986000061035156,11.383999824523926,11.699999809265137,-0.0036
GLN,96,CG,1501,15.072999954223633,11.789999961853027,12.79800033569336,-0.0645
GLN,96,CD,1502,13.862000465393066,10.916999816894531,12.930000305175781,0.6951
GLN,96,NE2,1503,13.718000411987305,10.293999671936035,14.093999862670898,-0.9407
GLN,96,OE1,1504,13.055000305175781,10.793999671936035,12.003999710083008,-0.6086
GLN,96,H,1505,16.483999252319336,13.812000274658203,10.36400032043457,0.2719
GLN,96,HA,1506,17.716999053955078,12.27299976348877,12.57800006866455,0.085
GLN,96,1HB,1507,15.440999984741211,11.439000129699707,10.755999565124512,0.0171
GLN,96,2HB,1508,16.270999908447266,10.343000411987305,11.85200023651123,0.0171
GLN,96,1HG,1509,15.616999626159668,11.744000434875488,13.732999801635742,0.0352
GLN,96,2HG,1510,14.75100040435791,12.777000427246094,12.595999717712402,0.0352
GLN,96,1HE2,1511,12.932000160217285,9.694999694824219,14.25,0.4251
GLN,96,2HE2,1512,14.402000427246094,10.423999786376953,14.821999549865723,0.4251
ARG,97,N,1513,19.14299964904785,10.845000267028809,11.197999954223633,-0.3479
ARG,97,CA,1514,20.073999404907227,10.182000160217285,10.312000274658203,-0.2637
ARG,97,C,1515,20.357999801635742,8.739999771118164,10.699000358581543,0.7341
ARG,97,O,1516,20.367000579833984,8.366000175476074,11.869000434875488,-0.5894
ARG,97,CB,1517,21.393999099731445,10.923999786376953,10.255999565124512,-0.0007
ARG,97,CG,1518,21.264999389648438,12.35200023651123,9.723999977111816,0.039
ARG,97,CD,1519,22.559999465942383,12.973999977111816,9.529000282287598,0.0486
ARG,97,NE,1520,22.4689998626709,14.343000411987305,9.104000091552734,-0.5295
ARG,97,CZ,1521,23.540000915527344,15.111000061035156,8.850000381469727,0.8076
ARG,97,NH1,1522,24.75200080871582,14.604999542236328,8.98799991607666,-0.8627
ARG,97,NH2,1523,23.384000778198242,16.36400032043457,8.461999893188477,-0.8627
ARG,97,H,1524,19.243000030517578,10.800999641418457,12.20300006866455,0.2747
ARG,97,HA,1525,19.631000518798828,10.164999961853027,9.324999809265137,0.156
ARG,97,1HB,1526,21.829999923706055,10.968000411987305,11.251999855041504,0.0327
ARG,97,2HB,1527,22.091999053955078,10.380999565124512,9.618000030517578,0.0327
ARG,97,1HG,1528,20.7549991607666,12.331000328063965,8.782999992370605,0.0285
ARG,97,2HG,1529,20.701000213623047,12.958999633789062,10.430000305175781,0.0285
ARG,97,1HD,1530,23.106000900268555,12.956000328063965,10.446000099182129,0.0687
ARG,97,2HD,1531,23.106000900268555,12.42300033569336,8.765999794006348,0.0687
ARG,97,HE,1532,21.54800033569336,14.748000144958496,8.993000030517578,0.3456
ARG,97,1HH1,1533,24.871999740600586,13.635000228881836,9.288000106811523,0.4478
ARG,97,2HH1,1534,25.562000274658203,15.175999641418457,8.798999786376953,0.4478
ARG,97,1HH2,1535,22.45400047302246,16.749000549316406,8.357000350952148,0.4478
ARG,97,2HH2,1536,24.191999435424805,16.93899917602539,8.270999908447266,0.4478
MET,98,N,1537,20.670000076293945,7.947999954223633,9.6899995803833,-0.4157
MET,98,CA,1538,20.9689998626709,6.546000003814697,9.890000343322754,-0.0237
MET,98,C,1539,22.288999557495117,6.178999900817871,9.25,0.5973
MET,98,O,1540,22.5310001373291,6.466000080108643,8.085000038146973,-0.5679
MET,98,CB,1541,19.850000381469727,5.681000232696533,9.324999809265137,0.0342
MET,98,CG,1542,20.040000915527344,4.186999797821045,9.550999641418457,0.0018
MET,98,SD,1543,21.16900062561035,3.447000026702881,8.329000473022461,-0.2737
MET,98,CE,1544,20.09000015258789,3.384999990463257,6.916999816894531,-0.0536
MET,98,H,1545,20.54400062561035,8.289999961853027,8.75,0.2719
MET,98,HA,1546,21.06800079345703,6.36299991607666,10.944999694824219,0.088
MET,98,1HB,1547,18.902999877929688,5.9710001945495605,9.779000282287598,0.0241
MET,98,2HB,1548,19.766000747680664,5.8520002365112305,8.25,0.0241
MET,98,1HG,1549,20.445999145507812,4.014999866485596,10.550999641418457,0.044
MET,98,2HG,1550,19.07900047302246,3.683000087738037,9.484999656677246,0.044
MET,98,1HE,1551,20.61400032043457,2.9590001106262207,6.068999767303467,0.0684
MET,98,2HE,1552,19.22100067138672,2.7699999809265137,7.150000095367432,0.0684
MET,98,3HE,1553,19.766000747680664,4.394000053405762,6.669000148773193,0.0684
TYR,99,N,1554,23.201000213623047,5.65500020980835,10.059000015258789,-0.4157
TYR,99,CA,1555,24.525999069213867,5.298999786376953,9.569000244140625,-0.0014
TYR,99,C,1556,24.743000030517578,3.805000066757202,9.734000205993652,0.5973
TYR,99,O,1557,24.231000900268555,3.2200000286102295,10.678999900817871,-0.5679
TYR,99,CB,1558,25.617000579833984,6.081999778747559,10.295999526977539,-0.0152
TYR,99,CG,1559,25.562000274658203,7.5879998207092285,10.229000091552734,-0.0011
TYR,99,CD1,1560,24.834999084472656,8.260000228881836,11.201000213623047,-0.1906
TYR,99,CD2,1561,26.21299934387207,8.303999900817871,9.232000350952148,-0.1906
TYR,99,CE1,1562,24.75200080871582,9.62399959564209,11.187000274658203,-0.2341
TYR,99,CE2,1563,26.125,9.699000358581543,9.222999572753906,-0.2341
TYR,99,CZ,1564,25.392000198364258,10.35099983215332,10.204999923706055,0.3226
TYR,99,OH,1565,25.288999557495117,11.737000465393066,10.217000007629395,-0.5579
TYR,99,H,1566,22.957000732421875,5.493000030517578,11.031000137329102,0.2719
TYR,99,HA,1567,24.586999893188477,5.538000106811523,8.508999824523926,0.0876
TYR,99,1HB,1568,25.597999572753906,5.822000026702881,11.35099983215332,0.0295
TYR,99,2HB,1569,26.589000701904297,5.793000221252441,9.89799976348877,0.0295
TYR,99,HD1,1570,24.32200050354004,7.696000099182129,11.984999656677246,0.1699
TYR,99,HD2,1571,26.78499984741211,7.78000020980835,8.46399974822998,0.1699
TYR,99,HE1,1572,24.184999465942383,10.130000114440918,11.944999694824219,0.1656
TYR,99,HE2,1573,26.62700080871582,10.272000312805176,8.449999809265137,0.1656
TYR,99,HH,1574,24.770000457763672,12.01200008392334,10.986000061035156,0.3992
GLY,100,N,1575,25.49799919128418,3.1589999198913574,8.861000061035156,-0.4157
GLY,100,CA,1576,25.6560001373291,1.7359999418258667,9.135000228881836,-0.0252
GLY,100,C,1577,26.43400001525879,0.9449999928474426,8.116000175476074,0.5973
GLY,100,O,1578,26.70800018310547,1.378000020980835,7.007999897003174,-0.5679
GLY,100,H,1579,25.77199935913086,3.5859999656677246,7.985000133514404,0.2719
GLY,100,1HA,1580,26.15999984741211,1.621000051498413,10.097000122070312,0.0698
GLY,100,2HA,1581,24.665000915527344,1.2920000553131104,9.215999603271484,0.0698
CYS,101,N,1582,26.490999221801758,-0.3529999852180481,8.366000175476074,-0.4157
CYS,101,CA,1583,27.114999771118164,-1.2549999952316284,7.4079999923706055,0.0213
CYS,101,C,1584,26.59600067138672,-2.6760001182556152,7.557000160217285,0.5973
CYS,101,O,1585,26.195999145507812,-3.109999895095825,8.645999908447266,-0.5679
CYS,101,CB,1586,28.643999099731445,-1.2400000095367432,7.577000141143799,-0.1231
CYS,101,SG,1587,29.218000411987305,-1.6519999504089355,9.246999740600586,-0.3119
CYS,101,H,1588,26.06800079345703,-0.7089999914169312,9.21399974822998,0.2719
CYS,101,HA,1589,26.871000289916992,-0.9110000133514404,6.4029998779296875,0.1124
CYS,101,1HB,1590,29.091999053955078,-1.9529999494552612,6.885000228881836,0.1112
CYS,101,2HB,1591,29.02899932861328,-0.25200000405311584,7.326000213623047,0.1112
ASP,102,N,1592,26.538000106811523,-3.371000051498413,6.421999931335449,-0.5163
ASP,102,CA,1593,26.042999267578125,-4.729000091552734,6.322000026702881,0.0381
ASP,102,C,1594,27.204999923706055,-5.640999794006348,6.025000095367432,0.5366
ASP,102,O,1595,27.878000259399414,-5.435999870300293,5.02400016784668,-0.5819
ASP,102,CB,1596,24.986000061035156,-4.831999778747559,5.2230000495910645,-0.0303
ASP,102,CG,1597,23.75200080871582,-3.989000082015991,5.4710001945495605,0.7994
ASP,102,OD1,1598,23.538000106811523,-3.571000099182129,6.580999851226807,-0.8014
ASP,102,OD2,1599,23.023000717163086,-3.7669999599456787,4.53000020980835,-0.8014
ASP,102,H,1600,26.766000747680664,-2.8940000534057617,5.564000129699707,0.2936
ASP,102,HA,1601,25.582000732421875,-5.013999938964844,7.267000198364258,0.088
ASP,102,1HB,1602,25.42799949645996,-4.526000022888184,4.295000076293945,-0.0122
ASP,102,2HB,1603,24.67099952697754,-5.86899995803833,5.119999885559082,-0.0122
VAL,103,N,1604,27.416000366210938,-6.645999908447266,6.848999977111816,-0.4157
VAL,103,CA,1605,28.548999786376953,-7.534999847412109,6.679999828338623,-0.0875
VAL,103,C,1606,28.101999282836914,-8.993000030517578,6.545000076293945,0.5973
VAL,103,O,1607,27.246999740600586,-9.472000122070312,7.281000137329102,-0.5679
VAL,103,CB,1608,29.461000442504883,-7.3470001220703125,7.906000137329102,0.2985
VAL,103,CG1,1609,30.593000411987305,-8.244999885559082,7.868000030517578,-0.3192
VAL,103,CG2,1610,29.92099952697754,-5.867000102996826,7.943999767303467,-0.3192
VAL,103,H,1611,26.812000274658203,-6.767000198364258,7.644999980926514,0.2719
VAL,103,HA,1612,29.06599998474121,-7.26200008392334,5.763999938964844,0.0969
VAL,103,HB,1613,28.9060001373291,-7.590000152587891,8.805000305175781,-0.0297
VAL,103,1HG1,1614,31.214000701904297,-8.083000183105469,8.75100040435791,0.0791
VAL,103,2HG1,1615,30.243000030517578,-9.269000053405762,7.85699987411499,0.0791
VAL,103,3HG1,1616,31.159000396728516,-8.045999526977539,6.986999988555908,0.0791
VAL,103,1HG2,1617,30.566999435424805,-5.708000183105469,8.805000305175781,0.0791
VAL,103,2HG2,1618,30.468000411987305,-5.635000228881836,7.03000020980835,0.0791
VAL,103,3HG2,1619,29.05500030517578,-5.211999893188477,8.022000312805176,0.0791
GLY,104,N,1620,28.652000427246094,-9.689000129699707,5.551000118255615,-0.4157
GLY,104,CA,1621,28.29800033569336,-11.079000473022461,5.2829999923706055,-0.0252
GLY,104,C,1622,28.82699966430664,-12.015000343322754,6.361999988555908,0.5973
GLY,104,O,1623,29.68899917602539,-11.63700008392334,7.150000095367432,-0.5679
GLY,104,H,1624,29.38800048828125,-9.262999534606934,5.011000156402588,0.2719
GLY,104,1HA,1625,27.216999053955078,-11.145000457763672,5.228000164031982,0.0698
GLY,104,2HA,1626,28.70199966430664,-11.375,4.316999912261963,0.0698
PRO,105,N,1627,28.482999801635742,-13.314000129699707,6.2820000648498535,-0.2548
PRO,105,CA,1628,28.94499969482422,-14.416000366210938,7.125999927520752,-0.0266
PRO,105,C,1629,30.469999313354492,-14.545000076293945,7.210000038146973,0.5896
PRO,105,O,1630,30.99799919128418,-15.086000442504883,8.180999755859375,-0.5748
PRO,105,CB,1631,28.327999114990234,-15.63700008392334,6.433000087738037,-0.007
PRO,105,CG,1632,27.066999435424805,-15.109999656677246,5.809999942779541,0.0189
PRO,105,CD,1633,27.399999618530273,-13.717000007629395,5.353000164031982,0.0192
PRO,105,HA,1634,28.53700065612793,-14.277000427246094,8.137999534606934,0.0641
PRO,105,1HB,1635,29.033000946044922,-16.04400062561035,5.692999839782715,0.0253
PRO,105,2HB,1636,28.13800048828125,-16.430999755859375,7.170000076293945,0.0253
PRO,105,1HG,1637,26.756000518798828,-15.755000114440918,4.9770002365112305,0.0213
PRO,105,2HG,1638,26.2549991607666,-15.121999740600586,6.543000221252441,0.0213
PRO,105,1HD,1639,27.75200080871582,-13.727999687194824,4.315000057220459,0.0391
PRO,105,2HD,1640,26.49799919128418,-13.107999801635742,5.454999923706055,0.0391
ASP,106,N,1641,31.167999267578125,-14.069000244140625,6.177999973297119,-0.5163
ASP,106,CA,1642,32.624000549316406,-14.156000137329102,6.099999904632568,0.0381
ASP,106,C,1643,33.31999969482422,-12.968000411987305,6.750999927520752,0.5366
ASP,106,O,1644,34.5260009765625,-13.01099967956543,6.999000072479248,-0.5819
ASP,106,CB,1645,33.08100128173828,-14.251999855041504,4.644000053405762,-0.0303
ASP,106,CG,1646,32.689998626708984,-15.571000099182129,3.9779999256134033,0.7994
ASP,106,OD1,1647,32.47999954223633,-16.530000686645508,4.683000087738037,-0.8014
ASP,106,OD2,1648,32.60499954223633,-15.605999946594238,2.7730000019073486,-0.8014
ASP,106,H,1649,30.667999267578125,-13.656999588012695,5.4029998779296875,0.2936
ASP,106,HA,1650,32.94300079345703,-15.053999900817871,6.630000114440918,0.088
ASP,106,1HB,1651,32.64500045776367,-13.430000305175781,4.073999881744385,-0.0122
ASP,106,2HB,1652,34.165000915527344,-14.145999908447266,4.59499979019165,-0.0122
GLY,107,N,1653,32.53799819946289,-11.975000381469727,7.156000137329102,-0.4157
GLY,107,CA,1654,33.077999114990234,-10.734999656677246,7.690999984741211,-0.0252
GLY,107,C,1655,33.26100158691406,-9.694999694824219,6.583000183105469,0.5973
GLY,107,O,1656,33.702999114990234,-8.57699966430664,6.8420000076293945,-0.5679
GLY,107,H,1657,31.572999954223633,-11.972999572753906,6.866000175476074,0.2719
GLY,107,1HA,1658,32.409000396728516,-10.345000267028809,8.456000328063965,0.0698
GLY,107,2HA,1659,34.03499984741211,-10.927000045776367,8.173999786376953,0.0698
ARG,108,N,1660,32.92900085449219,-10.074999809265137,5.3470001220703125,-0.3479
ARG,108,CA,1661,33.058998107910156,-9.187000274658203,4.193999767303467,-0.2637
ARG,108,C,1662,32.05099868774414,-8.050000190734863,4.203999996185303,0.7341
ARG,108,O,1663,30.89900016784668,-8.25,4.556000232696533,-0.5894
ARG,108,CB,1664,32.89799880981445,-9.958999633789062,2.8989999294281006,-0.0007
ARG,108,CG,1665,31.47599983215332,-10.472000122070312,2.6519999504089355,0.039
ARG,108,CD,1666,31.398000717163086,-11.3149995803833,1.434999942779541,0.0486
ARG,108,NE,1667,30.027000427246094,-11.727999687194824,1.1449999809265137,-0.5295
ARG,108,CZ,1668,29.402000427246094,-12.777999877929688,1.7079999446868896,0.8076
ARG,108,NH1,1669,30.024999618530273,-13.515999794006348,2.5910000801086426,-0.8627
ARG,108,NH2,1670,28.1560001373291,-13.062999725341797,1.371000051498413,-0.8627
ARG,108,H,1671,32.57600021362305,-11.008999824523926,5.202000141143799,0.2747
ARG,108,HA,1672,34.04399871826172,-8.722000122070312,4.230999946594238,0.156
ARG,108,1HB,1673,33.17900085449219,-9.324999809265137,2.059000015258789,0.0327
ARG,108,2HB,1674,33.571998596191406,-10.817000389099121,2.9010000228881836,0.0327
ARG,108,1HG,1675,31.152000427246094,-11.071999549865723,3.505000114440918,0.0285
ARG,108,2HG,1676,30.798999786376953,-9.623000144958496,2.5239999294281006,0.0285
ARG,108,1HD,1677,31.770999908447266,-10.753999710083008,0.5799999833106995,0.0687
ARG,108,2HD,1678,32.000999450683594,-12.211000442504883,1.5750000476837158,0.0687
ARG,108,HE,1679,29.506999969482422,-11.1850004196167,0.46799999475479126,0.3456
ARG,108,1HH1,1680,30.976999282836914,-13.29800033569336,2.8489999771118164,0.4478
ARG,108,2HH1,1681,29.55699920654297,-14.303999900817871,3.0139999389648438,0.4478
ARG,108,1HH2,1682,27.674999237060547,-12.491999626159668,0.6890000104904175,0.4478
ARG,108,2HH2,1683,27.68600082397461,-13.848999977111816,1.7929999828338623,0.4478
LEU,109,N,1684,32.44499969482422,-6.880000114440918,3.7179999351501465,-0.4157
LEU,109,CA,1685,31.466999053955078,-5.804999828338623,3.6070001125335693,-0.0518
LEU,109,C,1686,30.562999725341797,-5.9770002365112305,2.4030001163482666,0.5973
LEU,109,O,1687,31.02400016784668,-6.067999839782715,1.2649999856948853,-0.5679
LEU,109,CB,1688,32.13199996948242,-4.428999900817871,3.51200008392334,-0.1102
LEU,109,CG,1689,31.12700080871582,-3.2309999465942383,3.365999937057495,0.3531
LEU,109,CD1,1690,30.281999588012695,-3.121999979019165,4.60099983215332,-0.4121
LEU,109,CD2,1691,31.881000518798828,-1.968000054359436,3.128000020980835,-0.4121
LEU,109,H,1692,33.400001525878906,-6.730000019073486,3.427999973297119,0.2719
LEU,109,HA,1693,30.857999801635742,-5.806000232696533,4.510000228881836,0.0922
LEU,109,1HB,1694,32.72600173950195,-4.269999980926514,4.4039998054504395,0.0457
LEU,109,2HB,1695,32.79999923706055,-4.421000003814697,2.6519999504089355,0.0457
LEU,109,HG,1696,30.459999084472656,-3.4110000133514404,2.5299999713897705,-0.0361
LEU,109,1HD1,1697,29.590999603271484,-2.2939999103546143,4.49399995803833,0.1
LEU,109,2HD1,1698,29.731000900268555,-4.03000020980835,4.73799991607666,0.1
LEU,109,3HD1,1699,30.89900016784668,-2.9549999237060547,5.439000129699707,0.1
LEU,109,1HD2,1700,31.18000030517578,-1.1369999647140503,3.0269999504089355,0.1
LEU,109,2HD2,1701,32.52799987792969,-1.7990000247955322,3.9609999656677246,0.1
LEU,109,3HD2,1702,32.46799850463867,-2.059000015258789,2.2160000801086426,0.1
LEU,110,N,1703,29.270000457763672,-5.939000129699707,2.6579999923706055,-0.4157
LEU,110,CA,1704,28.264999389648438,-6.050000190734863,1.6269999742507935,-0.0518
LEU,110,C,1705,27.961999893188477,-4.651000022888184,1.1039999723434448,0.5973
LEU,110,O,1706,28.00200080871582,-4.406000137329102,-0.10199999809265137,-0.5679
LEU,110,CB,1707,27.010000228881836,-6.7129998207092285,2.187999963760376,-0.1102
LEU,110,CG,1708,27.20800018310547,-8.116999626159668,2.7209999561309814,0.3531
LEU,110,CD1,1709,25.913999557495117,-8.593999862670898,3.3389999866485596,-0.4121
LEU,110,CD2,1710,27.64699935913086,-9.029999732971191,1.6050000190734863,-0.4121
LEU,110,H,1711,28.9689998626709,-5.873000144958496,3.6110000610351562,0.2719
LEU,110,HA,1712,28.645999908447266,-6.677000045776367,0.8230000138282776,0.0922
LEU,110,1HB,1713,26.625,-6.105999946594238,2.989000082015991,0.0457
LEU,110,2HB,1714,26.256999969482422,-6.755000114440918,1.4010000228881836,0.0457
LEU,110,HG,1715,27.966999053955078,-8.105999946594238,3.496999979019165,-0.0361
LEU,110,1HD1,1716,26.04599952697754,-9.60200023651123,3.7239999771118164,0.1
LEU,110,2HD1,1717,25.634000778198242,-7.927000045776367,4.1539998054504395,0.1
LEU,110,3HD1,1718,25.128999710083008,-8.595000267028809,2.5840001106262207,0.1
LEU,110,1HD2,1719,27.788999557495117,-10.036999702453613,1.996000051498413,0.1
LEU,110,2HD2,1720,26.886999130249023,-9.045000076293945,0.8259999752044678,0.1
LEU,110,3HD2,1721,28.58799934387207,-8.666000366210938,1.187000036239624,0.1
ARG,111,N,1722,27.658000946044922,-3.736999988555908,2.0329999923706055,-0.3479
ARG,111,CA,1723,27.312000274658203,-2.3610000610351562,1.659999966621399,-0.2637
ARG,111,C,1724,27.31800079345703,-1.409000039100647,2.8499999046325684,0.7341
ARG,111,O,1725,27.155000686645508,-1.8240000009536743,3.992000102996826,-0.5894
ARG,111,CB,1726,25.944000244140625,-2.321000099182129,1.0019999742507935,-0.0007
ARG,111,CG,1727,24.841999053955078,-2.746999979019165,1.909000039100647,0.039
ARG,111,CD,1728,23.554000854492188,-2.8529999256134033,1.2289999723434448,0.0486
ARG,111,NE,1729,23.565000534057617,-3.933000087738037,0.27300000190734863,-0.5295
ARG,111,CZ,1730,23.368000030517578,-5.2270002365112305,0.597000002861023,0.8076
ARG,111,NH1,1731,23.14900016784668,-5.572000026702881,1.8530000448226929,-0.8627
ARG,111,NH2,1732,23.39299964904785,-6.15500020980835,-0.34299999475479126,-0.8627
ARG,111,H,1733,27.641000747680664,-4.0329999923706055,3.009000062942505,0.2747
ARG,111,HA,1734,28.06399917602539,-2.0,0.9580000042915344,0.156
ARG,111,1HB,1735,25.732999801635742,-1.3079999685287476,0.6579999923706055,0.0327
ARG,111,2HB,1736,25.930999755859375,-2.9649999141693115,0.12700000405311584,0.0327
ARG,111,1HG,1737,25.086000442504883,-3.7119998931884766,2.316999912261963,0.0285
ARG,111,2HG,1738,24.73699951171875,-2.0199999809265137,2.7109999656677246,0.0285
ARG,111,1HD,1739,22.76799964904785,-3.0420000553131104,1.9589999914169312,0.0687
ARG,111,2HD,1740,23.340999603271484,-1.9240000247955322,0.7020000219345093,0.0687
ARG,111,HE,1741,23.729000091552734,-3.7049999237060547,-0.6980000138282776,0.3456
ARG,111,1HH1,1742,23.12700080871582,-4.866000175476074,2.5889999866485596,0.4478
ARG,111,2HH1,1743,23.003000259399414,-6.543000221252441,2.0910000801086426,0.4478
ARG,111,1HH2,1744,23.56100082397461,-5.894999980926514,-1.3070000410079956,0.4478
ARG,111,2HH2,1745,23.246000289916992,-7.124000072479248,-0.10100000351667404,0.4478
GLY,112,N,1746,27.523000717163086,-0.11900000274181366,2.5840001106262207,-0.4157
GLY,112,CA,1747,27.44499969482422,0.8809999823570251,3.6470000743865967,-0.0252
GLY,112,C,1748,26.167999267578125,1.715000033378601,3.5429999828338623,0.5973
GLY,112,O,1749,25.572999954223633,1.7999999523162842,2.4670000076293945,-0.5679
GLY,112,H,1750,27.687000274658203,0.17800000309944153,1.6330000162124634,0.2719
GLY,112,1HA,1751,27.47599983215332,0.38999998569488525,4.616000175476074,0.0698
GLY,112,2HA,1752,28.31399917602539,1.5329999923706055,3.5889999866485596,0.0698
HIE,113,N,1753,25.916000366210938,2.5269999504089355,4.570000171661377,-0.4157
HIE,113,CA,1754,24.69700050354004,3.322999954223633,4.635000228881836,-0.0581
HIE,113,C,1755,24.898000717163086,4.691999912261963,5.2779998779296875,0.5973
HIE,113,O,1756,25.570999145507812,4.828999996185303,6.302000045776367,-0.5679
HIE,113,CB,1757,23.591999053955078,2.5950000286102295,5.396999835968018,-0.0074
HIE,113,CG,1758,23.143999099731445,1.2940000295639038,4.808000087738037,0.1868
HIE,113,CD2,1759,23.41699981689453,0.017999999225139618,5.163000106811523,-0.2207
HIE,113,ND1,1760,22.30699920654297,1.2230000495910645,3.7109999656677246,-0.5432
HIE,113,CE1,1761,22.084999084472656,-0.04699999839067459,3.4159998893737793,0.1635
HIE,113,NE2,1762,22.743999481201172,-0.796999990940094,4.2789998054504395,-0.2795
HIE,113,H,1763,26.325000762939453,2.2790000438690186,5.452000141143799,0.2719
HIE,113,HA,1764,24.344999313354492,3.5199999809265137,3.624000072479248,0.136
HIE,113,1HB,1765,23.92799949645996,2.388000011444092,6.414999961853027,0.0367
HIE,113,2HB,1766,22.73200035095215,3.24399995803833,5.454999923706055,0.0367
HIE,113,HD2,1767,24.048999786376953,-0.3070000112056732,5.992000102996826,0.1862
HIE,113,HE1,1768,21.464000701904297,-0.41499999165534973,2.5999999046325684,0.1435
HIE,113,HE2,1769,22.759000778198242,-1.819000005722046,4.296999931335449,0.3339
ASP,114,N,1770,24.184999465942383,5.675000190734863,4.743000030517578,-0.5163
ASP,114,CA,1771,24.115999221801758,7.01800012588501,5.310999870300293,0.0381
ASP,114,C,1772,22.88599967956543,7.723999977111816,4.747000217437744,0.5366
ASP,114,O,1773,22.937000274658203,8.321000099182129,3.678999900817871,-0.5819
ASP,114,CB,1774,25.368999481201172,7.8420000076293945,5.011000156402588,-0.0303
ASP,114,CG,1775,25.386999130249023,9.187999725341797,5.705999851226807,0.7994
ASP,114,OD1,1776,24.399999618530273,9.545000076293945,6.300000190734863,-0.8014
ASP,114,OD2,1777,26.391000747680664,9.845000267028809,5.635000228881836,-0.8014
ASP,114,H,1778,23.67300033569336,5.489999771118164,3.8919999599456787,0.2936
ASP,114,HA,1779,24.016000747680664,6.943999767303467,6.386000156402588,0.088
ASP,114,1HB,1780,26.2549991607666,7.284999847412109,5.320000171661377,-0.0122
ASP,114,2HB,1781,25.44700050354004,8.005000114440918,3.9760000705718994,-0.0122
GLN,115,N,1782,21.823999404907227,7.815999984741211,5.5370001792907715,-0.4157
GLN,115,CA,1783,20.60099983215332,8.434000015258789,5.040999889373779,-0.0031
GLN,115,C,1784,20.111000061035156,9.520999908447266,5.984000205993652,0.5973
GLN,115,O,1785,20.246000289916992,9.40999984741211,7.193999767303467,-0.5679
GLN,115,CB,1786,19.5049991607666,7.380000114440918,4.8480000495910645,-0.0036
GLN,115,CG,1787,19.834999084472656,6.314000129699707,3.815000057220459,-0.0645
GLN,115,CD,1788,18.708999633789062,5.316999912261963,3.628999948501587,0.6951
GLN,115,NE2,1789,18.224000930786133,5.201000213623047,2.3980000019073486,-0.9407
GLN,115,OE1,1790,18.277000427246094,4.6579999923706055,4.572999954223633,-0.6086
GLN,115,H,1791,21.851999282836914,7.4029998779296875,6.460000038146973,0.2719
GLN,115,HA,1792,20.80900001525879,8.907999992370605,4.084000110626221,0.085
GLN,115,1HB,1793,19.312000274658203,6.879000186920166,5.796999931335449,0.0171
GLN,115,2HB,1794,18.58099937438965,7.86899995803833,4.539999961853027,0.0171
GLN,115,1HG,1795,20.02199935913086,6.791999816894531,2.867000102996826,0.0352
GLN,115,2HG,1796,20.722999572753906,5.769999980926514,4.140999794006348,0.0352
GLN,115,1HE2,1797,17.479999542236328,4.559000015258789,2.2119998931884766,0.4251
GLN,115,2HE2,1798,18.60300064086914,5.75600004196167,1.656000018119812,0.4251
SER,116,N,1799,19.60300064086914,10.609000205993652,5.428999900817871,-0.4157
SER,116,CA,1800,19.14299964904785,11.734000205993652,6.241000175476074,-0.0249
SER,116,C,1801,17.75,12.182000160217285,5.8460001945495605,0.5973
SER,116,O,1802,17.51799964904785,12.536999702453613,4.695000171661377,-0.5679
SER,116,CB,1803,20.10300064086914,12.895999908447266,6.107999801635742,0.2117
SER,116,OG,1804,19.6560001373291,14.005000114440918,6.835000038146973,-0.6546
SER,116,H,1805,19.649999618530273,10.72700023651123,4.427999973297119,0.2719
SER,116,HA,1806,19.1200008392334,11.420000076293945,7.2789998054504395,0.0843
SER,116,1HB,1807,21.08799934387207,12.597000122070312,6.4670000076293945,0.0352
SER,116,2HB,1808,20.201000213623047,13.154999732971191,5.072999954223633,0.0352
SER,116,HG,1809,19.600000381469727,13.718999862670898,7.75,0.4275
ALA,117,N,1810,16.951000213623047,12.517000198364258,6.870999813079834,-0.4157
ALA,117,CA,1811,15.618000030517578,13.08899974822998,6.710000038146973,0.0337
ALA,117,C,1812,15.446999549865723,14.395000457763672,7.486000061035156,0.5973
ALA,117,O,1813,15.878999710083008,14.527999877929688,8.62600040435791,-0.5679
ALA,117,CB,1814,14.559000015258789,12.071000099182129,7.105000019073486,-0.1825
ALA,117,H,1815,17.261999130249023,12.303999900817871,7.803999900817871,0.2719
ALA,117,HA,1816,15.519000053405762,13.338000297546387,5.6570000648498535,0.0823
ALA,117,1HB,1817,13.571999549865723,12.46399974822998,6.885000228881836,0.0603
ALA,117,2HB,1818,14.715999603271484,11.151000022888184,6.541999816894531,0.0603
ALA,117,3HB,1819,14.63700008392334,11.86400032043457,8.170999526977539,0.0603
TYR,118,N,1820,14.574999809265137,15.260000228881836,6.985000133514404,-0.4157
TYR,118,CA,1821,14.241000175476074,16.499000549316406,7.683000087738037,-0.0014
TYR,118,C,1822,12.741999626159668,16.75200080871582,7.63700008392334,0.5973
TYR,118,O,1823,12.072999954223633,16.461999893188477,6.6479997634887695,-0.5679
TYR,118,CB,1824,15.001999855041504,17.66900062561035,7.073999881744385,-0.0152
TYR,118,CG,1825,14.720999717712402,19.014999389648438,7.723999977111816,-0.0011
TYR,118,CD1,1826,15.253000259399414,19.31599998474121,8.972999572753906,-0.1906
TYR,118,CD2,1827,13.934000015258789,19.94300079345703,7.072000026702881,-0.1906
TYR,118,CE1,1828,14.993000030517578,20.538000106811523,9.553999900817871,-0.2341
TYR,118,CE2,1829,13.675999641418457,21.166000366210938,7.6579999923706055,-0.2341
TYR,118,CZ,1830,14.199999809265137,21.46299934387207,8.887999534606934,0.3226
TYR,118,OH,1831,13.9399995803833,22.679000854492188,9.463000297546387,-0.5579
TYR,118,H,1832,14.142000198364258,15.059000015258789,6.0970001220703125,0.2719
TYR,118,HA,1833,14.52299976348877,16.39699935913086,8.727999687194824,0.0876
TYR,118,1HB,1834,16.076000213623047,17.479999542236328,7.146999835968018,0.0295
TYR,118,2HB,1835,14.753000259399414,17.750999450683594,6.015999794006348,0.0295
TYR,118,HD1,1836,15.87600040435791,18.583999633789062,9.493000030517578,0.1699
TYR,118,HD2,1837,13.515000343322754,19.708999633789062,6.093999862670898,0.1699
TYR,118,HE1,1838,15.406999588012695,20.777000427246094,10.529000282287598,0.1656
TYR,118,HE2,1839,13.055000305175781,21.898000717163086,7.142000198364258,0.1656
TYR,118,HH,1840,13.381999969482422,23.195999145507812,8.876999855041504,0.3992
ASP,119,N,1841,12.168000221252441,16.91699981689453,8.840999603271484,-0.5163
ASP,119,CA,1842,10.720999717712402,16.926000595092773,9.065999984741211,0.0381
ASP,119,C,1843,10.105999946594238,15.567000389099121,8.737000465393066,0.5366
ASP,119,O,1844,8.91100025177002,15.467000007629395,8.458999633789062,-0.5819
ASP,119,CB,1845,10.005000114440918,18.009000778198242,8.232999801635742,-0.0303
ASP,119,CG,1846,10.326000213623047,19.440000534057617,8.644000053405762,0.7994
ASP,119,OD1,1847,10.847999572753906,19.642000198364258,9.711000442504883,-0.8014
ASP,119,OD2,1848,10.039999961853027,20.323999404907227,7.869999885559082,-0.8014
ASP,119,H,1849,12.758999824523926,16.864999771118164,9.656000137329102,0.2936
ASP,119,HA,1850,10.539999961853027,17.143999099731445,10.119000434875488,0.088
ASP,119,1HB,1851,10.258999824523926,17.910999298095703,7.186999797821045,-0.0122
ASP,119,2HB,1852,8.927000045776367,17.868999481201172,8.315999984741211,-0.0122
GLY,120,N,1853,10.937000274658203,14.52299976348877,8.77400016784668,-0.4157
GLY,120,CA,1854,10.513999938964844,13.154999732971191,8.513999938964844,-0.0252
GLY,120,C,1855,10.54699993133545,12.803000450134277,7.031000137329102,0.5973
GLY,120,O,1856,10.277000427246094,11.661999702453613,6.6570000648498535,-0.5679
GLY,120,H,1857,11.91100025177002,14.687999725341797,8.986000061035156,0.2719
GLY,120,1HA,1858,11.163000106811523,12.468999862670898,9.057999610900879,0.0698
GLY,120,2HA,1859,9.50100040435791,13.012999534606934,8.890000343322754,0.0698
LYS,121,N,1860,10.88700008392334,13.77400016784668,6.188000202178955,-0.3479
LYS,121,CA,1861,10.928000450134277,13.567999839782715,4.75,-0.24
LYS,121,C,1862,12.354999542236328,13.305000305175781,4.295000076293945,0.7341
LYS,121,O,1863,13.281000137329102,13.949999809265137,4.771999835968018,-0.5894
LYS,121,CB,1864,10.333000183105469,14.779999732971191,4.039999961853027,-0.0094
LYS,121,CG,1865,8.866999626159668,15.02299976348877,4.3520002365112305,0.0187
LYS,121,CD,1866,8.343000411987305,16.2450008392334,3.619999885559082,-0.0479
LYS,121,CE,1867,6.881999969482422,16.503999710083008,3.9519999027252197,-0.0143
LYS,121,NZ,1868,6.36299991607666,17.714000701904297,3.26200008392334,-0.3854
LYS,121,H,1869,11.086000442504883,14.699000358581543,6.545000076293945,0.2747
LYS,121,HA,1870,10.333000183105469,12.689000129699707,4.504000186920166,0.1426
LYS,121,1HB,1871,10.892000198364258,15.673999786376953,4.317999839782715,0.0362
LYS,121,2HB,1872,10.434000015258789,14.654000282287598,2.9619998931884766,0.0362
LYS,121,1HG,1873,8.282999992370605,14.152999877929688,4.054999828338623,0.0103
LYS,121,2HG,1874,8.74899959564209,15.17300033569336,5.427999973297119,0.0103
LYS,121,1HD,1875,8.932999610900879,17.118999481201172,3.9010000228881836,0.0621
LYS,121,2HD,1876,8.439000129699707,16.0939998626709,2.5450000762939453,0.0621
LYS,121,1HE,1877,6.290999889373779,15.640000343322754,3.6510000228881836,0.1135
LYS,121,2HE,1878,6.7820000648498535,16.636999130249023,5.03000020980835,0.1135
LYS,121,1HZ,1879,5.39300012588501,17.85300064086914,3.507999897003174,0.34
LYS,121,2HZ,1880,6.89900016784668,18.52199935913086,3.546999931335449,0.34
LYS,121,3HZ,1881,6.441999912261963,17.593000411987305,2.263000011444092,0.34
ASP,122,N,1882,12.543000221252441,12.39900016784668,3.3450000286102295,-0.5163
ASP,122,CA,1883,13.899999618530273,12.149999618530273,2.869999885559082,0.0381
ASP,122,C,1884,14.52299976348877,13.449000358581543,2.375999927520752,0.5366
ASP,122,O,1885,13.918999671936035,14.170000076293945,1.5820000171661377,-0.5819
ASP,122,CB,1886,13.906999588012695,11.109000205993652,1.7489999532699585,-0.0303
ASP,122,CG,1887,13.555999755859375,9.70199966430664,2.2300000190734863,0.7994
ASP,122,OD1,1888,13.484999656677246,9.498000144958496,3.4179999828338623,-0.8014
ASP,122,OD2,1889,13.36400032043457,8.845999717712402,1.3990000486373901,-0.8014
ASP,122,H,1890,11.762999534606934,11.88599967956543,2.9579999446868896,0.2936
ASP,122,HA,1891,14.50100040435791,11.777999877929688,3.7009999752044678,0.088
ASP,122,1HB,1892,13.192000389099121,11.399999618530273,0.9800000190734863,-0.0122
ASP,122,2HB,1893,14.895999908447266,11.081999778747559,1.2869999408721924,-0.0122
TYR,123,N,1894,15.727999687194824,13.743000030517578,2.8580000400543213,-0.4157
TYR,123,CA,1895,16.45199966430664,14.944999694824219,2.4790000915527344,-0.0014
TYR,123,C,1896,17.680999755859375,14.630999565124512,1.6069999933242798,0.5973
TYR,123,O,1897,17.71299934387207,14.973999977111816,0.4269999861717224,-0.5679
TYR,123,CB,1898,16.8700008392334,15.70300006866455,3.757999897003174,-0.0152
TYR,123,CG,1899,17.535999298095703,17.020000457763672,3.5209999084472656,-0.0011
TYR,123,CD1,1900,16.777999877929688,18.110000610351562,3.1489999294281006,-0.1906
TYR,123,CD2,1901,18.88800048828125,17.152999877929688,3.671999931335449,-0.1906
TYR,123,CE1,1902,17.382999420166016,19.316999435424805,2.931999921798706,-0.2341
TYR,123,CE2,1903,19.493000030517578,18.351999282836914,3.4579999446868896,-0.2341
TYR,123,CZ,1904,18.743000030517578,19.43600082397461,3.0869998931884766,0.3226
TYR,123,OH,1905,19.340999603271484,20.63800048828125,2.871000051498413,-0.5579
TYR,123,H,1906,16.187000274658203,13.095000267028809,3.4719998836517334,0.2719
TYR,123,HA,1907,15.793000221252441,15.572999954223633,1.8799999952316284,0.0876
TYR,123,1HB,1908,15.986000061035156,15.883000373840332,4.372000217437744,0.0295
TYR,123,2HB,1909,17.555999755859375,15.09000015258789,4.336999893188477,0.0295
TYR,123,HD1,1910,15.701000213623047,18.00200080871582,3.0290000438690186,0.1699
TYR,123,HD2,1911,19.47100067138672,16.308000564575195,3.9590001106262207,0.1699
TYR,123,HE1,1912,16.797000885009766,20.174999237060547,2.640000104904175,0.1656
TYR,123,HE2,1913,20.56999969482422,18.447999954223633,3.5789999961853027,0.1656
TYR,123,HH,1914,20.273000717163086,20.551000595092773,3.013000011444092,0.3992
ILE,124,N,1915,18.683000564575195,13.946000099182129,2.1630001068115234,-0.4157
ILE,124,CA,1916,19.856000900268555,13.597000122070312,1.3530000448226929,-0.0597
ILE,124,C,1917,20.368000030517578,12.21399974822998,1.7259999513626099,0.5973
ILE,124,O,1918,20.27199935913086,11.819999694824219,2.884000062942505,-0.5679
ILE,124,CB,1919,20.985000610351562,14.661999702453613,1.5479999780654907,0.1303
ILE,124,CG1,1920,22.106000900268555,14.489999771118164,0.5170000195503235,-0.043
ILE,124,CG2,1921,21.55699920654297,14.583000183105469,2.9489998817443848,-0.3204
ILE,124,CD1,1922,23.048999786376953,15.67300033569336,0.44200000166893005,-0.066
ILE,124,H,1923,18.52400016784668,13.494000434875488,3.056999921798706,0.2719
ILE,124,HA,1924,19.57200050354004,13.63700008392334,0.3059999942779541,0.0869
ILE,124,HB,1925,20.57200050354004,15.65999984741211,1.3899999856948853,0.0187
ILE,124,1HG1,1926,22.674999237060547,13.607999801635742,0.765999972820282,0.0236
ILE,124,2HG1,1927,21.67300033569336,14.34000015258789,-0.4519999921321869,0.0236
ILE,124,1HG2,1928,22.34000015258789,15.331000328063965,3.062999963760376,0.0882
ILE,124,2HG2,1929,20.788999557495117,14.765999794006348,3.6640000343322754,0.0882
ILE,124,3HG2,1930,21.97599983215332,13.59000015258789,3.115000009536743,0.0882
ILE,124,1HD1,1931,23.81399917602539,15.479999542236328,-0.3089999854564667,0.0186
ILE,124,2HD1,1932,22.48900032043457,16.56999969482422,0.1679999977350235,0.0186
ILE,124,3HD1,1933,23.523000717163086,15.824999809265137,1.4079999923706055,0.0186
ALA,125,N,1934,20.902000427246094,11.470000267028809,0.7639999985694885,-0.4157
ALA,125,CA,1935,21.42099952697754,10.147000312805176,1.090000033378601,0.0337
ALA,125,C,1936,22.67099952697754,9.788000106811523,0.3050000071525574,0.5973
ALA,125,O,1937,22.826000213623047,10.133999824523926,-0.859000027179718,-0.5679
ALA,125,CB,1938,20.344999313354492,9.097999572753906,0.8859999775886536,-0.1825
ALA,125,H,1939,20.88599967956543,11.807000160217285,-0.19099999964237213,0.2719
ALA,125,HA,1940,21.714000701904297,10.170000076293945,2.140000104904175,0.0823
ALA,125,1HB,1941,20.725000381469727,8.133000373840332,1.2050000429153442,0.0603
ALA,125,2HB,1942,19.46500015258789,9.359000205993652,1.4759999513626099,0.0603
ALA,125,3HB,1943,20.076000213623047,9.055999755859375,-0.1679999977350235,0.0603
LEU,126,N,1944,23.569000244140625,9.069999694824219,0.953000009059906,-0.4157
LEU,126,CA,1945,24.756999969482422,8.579999923706055,0.289000004529953,-0.0518
LEU,126,C,1946,24.408000946044922,7.35099983215332,-0.5070000290870667,0.5973
LEU,126,O,1947,23.763999938964844,6.432000160217285,-0.0,-0.5679
LEU,126,CB,1948,25.83300018310547,8.265999794006348,1.3320000171661377,-0.1102
LEU,126,CG,1949,27.197999954223633,7.823999881744385,0.8370000123977661,0.3531
LEU,126,CD1,1950,27.850000381469727,8.946999549865723,0.0560000017285347,-0.4121
LEU,126,CD2,1951,28.038999557495117,7.421999931335449,2.0409998893737793,-0.4121
LEU,126,H,1952,23.357999801635742,8.729000091552734,1.8760000467300415,0.2719
LEU,126,HA,1953,25.135000228881836,9.350000381469727,-0.382999986410141,0.0922
LEU,126,1HB,1954,26.000999450683594,9.137999534606934,1.934999942779541,0.0457
LEU,126,2HB,1955,25.457000732421875,7.47599983215332,1.965999960899353,0.0457
LEU,126,HG,1956,27.083999633789062,6.980999946594238,0.1679999977350235,-0.0361
LEU,126,1HD1,1957,28.82900047302246,8.630000114440918,-0.29899999499320984,0.1
LEU,126,2HD1,1958,27.235000610351562,9.199000358581543,-0.7799999713897705,0.1
LEU,126,3HD1,1959,27.964000701904297,9.807000160217285,0.6919999718666077,0.1
LEU,126,1HD2,1960,29.027000427246094,7.098999977111816,1.7089999914169312,0.1
LEU,126,2HD2,1961,28.14299964904785,8.276000022888184,2.7100000381469727,0.1
LEU,126,3HD2,1962,27.549999237060547,6.603000164031982,2.569000005722046,0.1
ASN,127,N,1963,24.684999465942383,7.4079999923706055,-1.7920000553131104,-0.4157
ASN,127,CA,1964,24.426000595092773,6.296999931335449,-2.677999973297119,0.0143
ASN,127,C,1965,25.26099967956543,5.09499979019165,-2.2850000858306885,0.5973
ASN,127,O,1966,26.347999572753906,5.249000072479248,-1.7389999628067017,-0.5679
ASN,127,CB,1967,24.69499969482422,6.715000152587891,-4.105000019073486,-0.2041
ASN,127,CG,1968,23.68199920654297,7.736999988555908,-4.567999839782715,0.713
ASN,127,ND2,1969,24.054000854492188,8.560999870300293,-5.510000228881836,-0.9191
ASN,127,OD1,1970,22.555999755859375,7.765999794006348,-4.059000015258789,-0.5931
ASN,127,H,1971,25.28700065612793,8.14799976348877,-2.121000051498413,0.2719
ASN,127,HA,1972,23.37299919128418,6.025000095367432,-2.5980000495910645,0.1048
ASN,127,1HB,1973,25.698999404907227,7.131999969482422,-4.176000118255615,0.0797
ASN,127,2HB,1974,24.659000396728516,5.8429999351501465,-4.757999897003174,0.0797
ASN,127,1HD2,1975,23.417999267578125,9.255000114440918,-5.848999977111816,0.4196
ASN,127,2HD2,1976,24.972999572753906,8.496000289916992,-5.88700008392334,0.4196
GLU,128,N,1977,24.832000732421875,3.9159998893737793,-2.7290000915527344,-0.5163
GLU,128,CA,1978,25.527000427246094,2.6549999713897705,-2.4800000190734863,0.0397
GLU,128,C,1979,27.02199935913086,2.690999984741211,-2.803999900817871,0.5366
GLU,128,O,1980,27.815000534057617,2.0299999713897705,-2.134000062942505,-0.5819
GLU,128,CB,1981,24.874000549316406,1.527999997138977,-3.2820000648498535,0.056
GLU,128,CG,1982,25.466999053955078,0.1469999998807907,-3.0220000743865967,0.0136
GLU,128,CD,1983,24.7450008392334,-0.9509999752044678,-3.760999917984009,0.8054
GLU,128,OE1,1984,23.79800033569336,-0.656000018119812,-4.448999881744385,-0.8188
GLU,128,OE2,1985,25.142000198364258,-2.0850000381469727,-3.634999990463257,-0.8188
GLU,128,H,1986,23.930999755859375,3.877000093460083,-3.183000087738037,0.2936
GLU,128,HA,1987,25.434999465942383,2.4260001182556152,-1.4170000553131104,0.1105
GLU,128,1HB,1988,23.81100082397461,1.4859999418258667,-3.0490000247955322,-0.0173
GLU,128,2HB,1989,24.968000411987305,1.7400000095367432,-4.3480000495910645,-0.0173
GLU,128,1HG,1990,26.51300048828125,0.1509999930858612,-3.3310000896453857,-0.0425
GLU,128,2HG,1991,25.430999755859375,-0.057999998331069946,-1.9520000219345093,-0.0425
ASP,129,N,1992,27.405000686645508,3.440000057220459,-3.8459999561309814,-0.5163
ASP,129,CA,1993,28.79800033569336,3.5309998989105225,-4.283999919891357,0.0381
ASP,129,C,1994,29.707000732421875,4.151000022888184,-3.2200000286102295,0.5366
ASP,129,O,1995,30.916000366210938,3.9149999618530273,-3.2090001106262207,-0.5819
ASP,129,CB,1996,28.900999069213867,4.3480000495910645,-5.574999809265137,-0.0303
ASP,129,CG,1997,28.35300064086914,3.618000030517578,-6.797999858856201,0.7994
ASP,129,OD1,1998,28.114999771118164,2.437999963760376,-6.705999851226807,-0.8014
ASP,129,OD2,1999,28.176000595092773,4.25,-7.813000202178955,-0.8014
ASP,129,H,2000,26.70400047302246,3.9519999027252197,-4.36299991607666,0.2936
ASP,129,HA,2001,29.15999984741211,2.5230000019073486,-4.482999801635742,0.088
ASP,129,1HB,2002,28.35099983215332,5.284999847412109,-5.454999923706055,-0.0122
ASP,129,2HB,2003,29.944000244140625,4.599999904632568,-5.76200008392334,-0.0122
LEU,130,N,2004,29.089000701904297,4.9039998054504395,-2.309000015258789,-0.4157
LEU,130,CA,2005,29.708999633789062,5.6519999504089355,-1.218999981880188,-0.0518
LEU,130,C,2006,30.5939998626709,6.783999919891357,-1.7430000305175781,0.5973
LEU,130,O,2007,31.469999313354492,7.271999835968018,-1.031999945640564,-0.5679
LEU,130,CB,2008,30.55699920654297,4.750999927520752,-0.3100000023841858,-0.1102
LEU,130,CG,2009,29.82699966430664,3.5299999713897705,0.2849999964237213,0.3531
LEU,130,CD1,2010,30.790000915527344,2.760999917984009,1.2020000219345093,-0.4121
LEU,130,CD2,2011,28.611000061035156,3.99399995803833,1.0369999408721924,-0.4121
LEU,130,H,2012,28.10099983215332,5.052000045776367,-2.427999973297119,0.2719
LEU,130,HA,2013,28.92300033569336,6.085000038146973,-0.6169999837875366,0.0922
LEU,130,1HB,2014,31.405000686645508,4.38100004196167,-0.8679999709129333,0.0457
LEU,130,2HB,2015,30.933000564575195,5.349999904632568,0.5189999938011169,0.0457
LEU,130,HG,2016,29.523000717163086,2.859999895095825,-0.5099999904632568,-0.0361
LEU,130,1HD1,2017,30.277999877929688,1.8940000534057617,1.6260000467300415,0.1
LEU,130,2HD1,2018,31.652000427246094,2.4240000247955322,0.6259999871253967,0.1
LEU,130,3HD1,2019,31.124000549316406,3.4110000133514404,2.00600004196167,0.1
LEU,130,1HD2,2020,28.090999603271484,3.131999969482422,1.4579999446868896,0.1
LEU,130,2HD2,2021,28.913999557495117,4.650000095367432,1.8259999752044678,0.1
LEU,130,3HD2,2022,27.94300079345703,4.52400016784668,0.3580000102519989,0.1
SER,131,N,2023,30.347999572753906,7.2179999351501465,-2.9830000400543213,-0.4157
SER,131,CA,2024,31.108999252319336,8.312999725341797,-3.578000068664551,-0.0249
SER,131,C,2025,30.224000930786133,9.390999794006348,-4.2170000076293945,0.5973
SER,131,O,2026,30.736000061035156,10.343999862670898,-4.804999828338623,-0.5679
SER,131,CB,2027,32.09700012207031,7.770999908447266,-4.591000080108643,0.2117
SER,131,OG,2028,31.437999725341797,7.126999855041504,-5.644999980926514,-0.6546
SER,131,H,2029,29.604000091552734,6.790999889373779,-3.5160000324249268,0.2719
SER,131,HA,2030,31.656999588012695,8.814000129699707,-2.7799999713897705,0.0843
SER,131,1HB,2031,32.69900131225586,8.59000015258789,-4.984000205993652,0.0352
SER,131,2HB,2032,32.77299880981445,7.072999954223633,-4.098999977111816,0.0352
SER,131,HG,2033,30.937999725341797,6.409999847412109,-5.244999885559082,0.4275
SER,132,N,2034,28.90399932861328,9.241000175476074,-4.111999988555908,-0.4157
SER,132,CA,2035,27.965999603271484,10.204999923706055,-4.703999996185303,-0.0249
SER,132,C,2036,26.72800064086914,10.348999977111816,-3.828000068664551,0.5973
SER,132,O,2037,26.481000900268555,9.5,-2.9820001125335693,-0.5679
SER,132,CB,2038,27.565000534057617,9.758000373840332,-6.098999977111816,0.2117
SER,132,OG,2039,26.86199951171875,8.552000045776367,-6.071000099182129,-0.6546
SER,132,H,2040,28.53700065612793,8.444000244140625,-3.6110000610351562,0.2719
SER,132,HA,2041,28.474000930786133,11.163999557495117,-4.813000202178955,0.0843
SER,132,1HB,2042,26.94499969482422,10.527999877929688,-6.559999942779541,0.0352
SER,132,2HB,2043,28.45800018310547,9.642999649047852,-6.710999965667725,0.0352
SER,132,HG,2044,27.45400047302246,7.908999919891357,-5.672999858856201,0.4275
TRP,133,N,2045,25.976999282836914,11.437999725341797,-4.01800012588501,-0.4157
TRP,133,CA,2046,24.795000076293945,11.727999687194824,-3.2049999237060547,-0.0275
TRP,133,C,2047,23.486000061035156,11.899999618530273,-3.9779999256134033,0.5973
TRP,133,O,2048,23.485000610351562,12.295000076293945,-5.144999980926514,-0.5679
TRP,133,CB,2049,25.04800033569336,12.998000144958496,-2.38700008392334,-0.005
TRP,133,CG,2050,26.1560001373291,12.947999954223633,-1.3930000066757202,-0.1415
TRP,133,CD1,2051,27.444000244140625,13.291999816894531,-1.649999976158142,-0.1638
TRP,133,CD2,2052,26.142000198364258,12.548999786376953,-0.0010000000474974513,0.1243
TRP,133,CE2,2053,27.43600082397461,12.685999870300293,0.4729999899864197,0.138
TRP,133,CE3,2054,25.1560001373291,12.100000381469727,0.8489999771118164,-0.2387
TRP,133,NE1,2055,28.207000732421875,13.13599967956543,-0.5410000085830688,-0.3418
TRP,133,CZ2,2056,27.781999588012695,12.387999534606934,1.7730000019073486,-0.2601
TRP,133,CZ3,2057,25.48699951171875,11.795000076293945,2.1640000343322754,-0.1972
TRP,133,CH2,2058,26.775999069213867,11.939000129699707,2.615999937057495,-0.1134
TRP,133,H,2059,26.222000122070312,12.072999954223633,-4.765999794006348,0.2719
TRP,133,HA,2060,24.632999420166016,10.878000259399414,-2.5439999103546143,0.1123
TRP,133,1HB,2061,25.263999938964844,13.791999816894531,-3.061000108718872,0.0339
TRP,133,2HB,2062,24.142000198364258,13.258000373840332,-1.8359999656677246,0.0339
TRP,133,HD1,2063,27.812999725341797,13.645000457763672,-2.611999988555908,0.2062
TRP,133,HE1,2064,29.19700050354004,13.322999954223633,-0.4779999852180481,0.3412
TRP,133,HE3,2065,24.145999908447266,11.991000175476074,0.4959999918937683,0.17
TRP,133,HZ2,2066,28.788000106811523,12.498000144958496,2.13100004196167,0.1572
TRP,133,HZ3,2067,24.69700050354004,11.4399995803833,2.8269999027252197,0.1447
TRP,133,HH2,2068,27.006999969482422,11.692000389099121,3.6519999504089355,0.1417
THR,134,N,2069,22.38800048828125,11.498000144958496,-3.3510000705718994,-0.4157
THR,134,CA,2070,21.048999786376953,11.758999824523926,-3.8420000076293945,-0.0389
THR,134,C,2071,20.506999969482422,12.972000122070312,-3.1050000190734863,0.5973
THR,134,O,2072,20.423999786376953,12.968999862670898,-1.8830000162124634,-0.5679
THR,134,CB,2073,20.11199951171875,10.545999526977539,-3.6549999713897705,0.3654
THR,134,CG2,2074,18.687999725341797,10.897000312805176,-4.078000068664551,-0.2438
THR,134,OG1,2075,20.577999114990234,9.442000389099121,-4.445000171661377,-0.6761
THR,134,H,2076,22.479999542236328,11.128000259399414,-2.4210000038146973,0.2719
THR,134,HA,2077,21.097000122070312,11.97700023651123,-4.908999919891357,0.1007
THR,134,HB,2078,20.11400032043457,10.25,-2.6040000915527344,0.0043
THR,134,HG1,2079,21.461000442504883,9.177000045776367,-4.172999858856201,0.4102
THR,134,1HG2,2080,18.04400062561035,10.029999732971191,-3.938999891281128,0.0642
THR,134,2HG2,2081,18.31599998474121,11.722999572753906,-3.4749999046325684,0.0642
THR,134,3HG2,2082,18.683000564575195,11.187999725341797,-5.127999782562256,0.0642
ALA,135,N,2083,19.89900016784668,13.897000312805176,-3.8369998931884766,-0.4157
ALA,135,CA,2084,19.295000076293945,15.079000473022461,-3.2269999980926514,0.0337
ALA,135,C,2085,17.815000534057617,15.152999877929688,-3.572999954223633,0.5973
ALA,135,O,2086,17.444000244140625,15.300999641418457,-4.73799991607666,-0.5679
ALA,135,CB,2087,20.027000427246094,16.33799934387207,-3.678999900817871,-0.1825
ALA,135,H,2088,19.90399932861328,13.812999725341797,-4.843999862670898,0.2719
ALA,135,HA,2089,19.381000518798828,14.994999885559082,-2.1429998874664307,0.0823
ALA,135,1HB,2090,19.586000442504883,17.20400047302246,-3.2209999561309814,0.0603
ALA,135,2HB,2091,21.07200050354004,16.274999618530273,-3.388000011444092,0.0603
ALA,135,3HB,2092,19.959999084472656,16.43400001525879,-4.758999824523926,0.0603
ALA,136,N,2093,16.979999542236328,15.085000038146973,-2.5450000762939453,-0.4157
ALA,136,CA,2094,15.529999732971191,15.053999900817871,-2.683000087738037,0.0337
ALA,136,C,2095,14.949000358581543,16.305999755859375,-3.3429999351501465,0.5973
ALA,136,O,2096,13.984999656677246,16.218000411987305,-4.103000164031982,-0.5679
ALA,136,CB,2097,14.901000022888184,14.84000015258789,-1.315000057220459,-0.1825
ALA,136,H,2098,17.358999252319336,14.949000358581543,-1.6169999837875366,0.2719
ALA,136,HA,2099,15.277999877929688,14.218000411987305,-3.3369998931884766,0.0823
ALA,136,1HB,2100,13.819000244140625,14.776000022888184,-1.4149999618530273,0.0603
ALA,136,2HB,2101,15.279999732971191,13.913000106811523,-0.8809999823570251,0.0603
ALA,136,3HB,2102,15.156000137329102,15.677000045776367,-0.6639999747276306,0.0603
ASP,137,N,2103,15.520999908447266,17.465999603271484,-3.0420000553131104,-0.5163
ASP,137,CA,2104,15.013999938964844,18.735000610351562,-3.562000036239624,0.0381
ASP,137,C,2105,16.104000091552734,19.80699920654297,-3.5859999656677246,0.5366
ASP,137,O,2106,17.26300048828125,19.518999099731445,-3.302999973297119,-0.5819
ASP,137,CB,2107,13.847999572753906,19.22599983215332,-2.688999891281128,-0.0303
ASP,137,CG,2108,14.229999542236328,19.454999923706055,-1.2330000400543213,0.7994
ASP,137,OD1,2109,15.37600040435791,19.695999145507812,-0.972000002861023,-0.8014
ASP,137,OD2,2110,13.36299991607666,19.38599967956543,-0.3919999897480011,-0.8014
ASP,137,H,2111,16.322999954223633,17.472000122070312,-2.430999994277954,0.2936
ASP,137,HA,2112,14.652999877929688,18.57699966430664,-4.578999996185303,0.088
ASP,137,1HB,2113,13.458999633789062,20.15999984741211,-3.0889999866485596,-0.0122
ASP,137,2HB,2114,13.039999961853027,18.496000289916992,-2.7219998836517334,-0.0122
THR,138,N,2115,15.699000358581543,21.055999755859375,-3.8329999446868896,-0.4157
THR,138,CA,2116,16.618999481201172,22.194000244140625,-3.8889999389648438,-0.0389
THR,138,C,2117,17.437999725341797,22.358999252319336,-2.625,0.5973
THR,138,O,2118,18.656999588012695,22.479000091552734,-2.686000108718872,-0.5679
THR,138,CB,2119,15.87399959564209,23.507999420166016,-4.164999961853027,0.3654
THR,138,CG2,2120,16.861000061035156,24.672000885009766,-4.1539998054504395,-0.2438
THR,138,OG1,2121,15.22700023651123,23.43400001525879,-5.441999912261963,-0.6761
THR,138,H,2122,14.725000381469727,21.216999053955078,-4.045000076293945,0.2719
THR,138,HA,2123,17.322999954223633,22.020000457763672,-4.704999923706055,0.1007
THR,138,HB,2124,15.116999626159668,23.663000106811523,-3.3959999084472656,0.0043
THR,138,HG1,2125,14.60200023651123,22.704999923706055,-5.441999912261963,0.4102
THR,138,1HG2,2126,16.327999114990234,25.60099983215332,-4.348999977111816,0.0642
THR,138,2HG2,2127,17.347000122070312,24.729999542236328,-3.177999973297119,0.0642
THR,138,3HG2,2128,17.61400032043457,24.517000198364258,-4.926000118255615,0.0642
ALA,139,N,2129,16.777999877929688,22.299999237060547,-1.4800000190734863,-0.4157
ALA,139,CA,2130,17.45800018310547,22.469999313354492,-0.20800000429153442,0.0337
ALA,139,C,2131,18.525999069213867,21.398000717163086,-0.02800000086426735,0.5973
ALA,139,O,2132,19.649999618530273,21.68899917602539,0.38100001215934753,-0.5679
ALA,139,CB,2133,16.454999923706055,22.41900062561035,0.9169999957084656,-0.1825
ALA,139,H,2134,15.77299976348877,22.20199966430664,-1.4950000047683716,0.2719
ALA,139,HA,2135,17.94700050354004,23.437999725341797,-0.19200000166893005,0.0823
ALA,139,1HB,2136,16.966999053955078,22.527999877929688,1.871000051498413,0.0603
ALA,139,2HB,2137,15.734000205993652,23.229000091552734,0.8019999861717224,0.0603
ALA,139,3HB,2138,15.944000244140625,21.469999313354492,0.8840000033378601,0.0603
ALA,140,N,2139,18.187000274658203,20.166000366210938,-0.42500001192092896,-0.4157
ALA,140,CA,2140,19.099000930786133,19.031999588012695,-0.3269999921321869,0.0337
ALA,140,C,2141,20.277999877929688,19.264999389648438,-1.2450000047683716,0.5973
ALA,140,O,2142,21.416000366210938,19.082000732421875,-0.8330000042915344,-0.5679
ALA,140,CB,2143,18.389999389648438,17.746000289916992,-0.6890000104904175,-0.1825
ALA,140,H,2144,17.243999481201172,20.00200080871582,-0.7480000257492065,0.2719
ALA,140,HA,2145,19.46500015258789,18.92799949645996,0.6819999814033508,0.0823
ALA,140,1HB,2146,19.10300064086914,16.924999237060547,-0.6579999923706055,0.0603
ALA,140,2HB,2147,17.586999893188477,17.56100082397461,0.020999999716877937,0.0603
ALA,140,3HB,2148,17.981000900268555,17.823999404907227,-1.6729999780654907,0.0603
GLN,141,N,2149,20.017000198364258,19.90999984741211,-2.382999897003174,-0.4157
GLN,141,CA,2150,21.05900001525879,20.139999389648438,-3.367000102996826,-0.0031
GLN,141,C,2151,22.072999954223633,21.11400032043457,-2.7950000762939453,0.5973
GLN,141,O,2152,23.273000717163086,20.902999877929688,-2.9260001182556152,-0.5679
GLN,141,CB,2153,20.48200035095215,20.680999755859375,-4.675000190734863,-0.0036
GLN,141,CG,2154,21.493000030517578,20.76799964904785,-5.797999858856201,-0.0645
GLN,141,CD,2155,22.013999938964844,19.40399932861328,-6.199999809265137,0.6951
GLN,141,NE2,2156,23.329999923706055,19.2549991607666,-6.2210001945495605,-0.9407
GLN,141,OE1,2157,21.23699951171875,18.48900032043457,-6.489999771118164,-0.6086
GLN,141,H,2158,19.062999725341797,19.908000946044922,-2.7100000381469727,0.2719
GLN,141,HA,2159,21.54599952697754,19.191999435424805,-3.5929999351501465,0.085
GLN,141,1HB,2160,19.663000106811523,20.038999557495117,-5.001999855041504,0.0171
GLN,141,2HB,2161,20.072999954223633,21.672000885009766,-4.517000198364258,0.0171
GLN,141,1HG,2162,21.018999099731445,21.22599983215332,-6.664999961853027,0.0352
GLN,141,2HG,2163,22.332000732421875,21.37700080871582,-5.466000080108643,0.0352
GLN,141,1HE2,2164,23.731000900268555,18.374000549316406,-6.479000091552734,0.4251
GLN,141,2HE2,2165,23.923999786376953,20.02199935913086,-5.979000091552734,0.4251
ILE,142,N,2166,21.591999053955078,22.05299949645996,-1.972000002861023,-0.4157
ILE,142,CA,2167,22.479999542236328,23.052000045776367,-1.3940000534057617,-0.0597
ILE,142,C,2168,23.488000869750977,22.329999923706055,-0.5180000066757202,0.5973
ILE,142,O,2169,24.698999404907227,22.493000030517578,-0.6800000071525574,-0.5679
ILE,142,CB,2170,21.729999542236328,24.114999771118164,-0.5659999847412109,0.1303
ILE,142,CG1,2171,20.850000381469727,24.972000122070312,-1.4589999914169312,-0.043
ILE,142,CG2,2172,22.72100067138672,24.966999053955078,0.1850000023841858,-0.3204
ILE,142,CD1,2173,19.885000228881836,25.85099983215332,-0.6759999990463257,-0.066
ILE,142,H,2174,20.599000930786133,22.2450008392334,-1.9989999532699585,0.2719
ILE,142,HA,2175,22.989999771118164,23.57900047302246,-2.200000047683716,0.0869
ILE,142,HB,2176,21.070999145507812,23.6299991607666,0.13899999856948853,0.0187
ILE,142,1HG1,2177,21.482999801635742,25.604000091552734,-2.078000068664551,0.0236
ILE,142,2HG1,2178,20.27899932861328,24.323999404907227,-2.115999937057495,0.0236
ILE,142,1HG2,2179,22.19099998474121,25.714000701904297,0.7649999856948853,0.0882
ILE,142,2HG2,2180,23.30900001525879,24.33799934387207,0.8539999723434448,0.0882
ILE,142,3HG2,2181,23.384000778198242,25.461999893188477,-0.5230000019073486,0.0882
ILE,142,1HD1,2182,19.284000396728516,26.437999725341797,-1.3700000047683716,0.0186
ILE,142,2HD1,2183,19.23200035095215,25.233999252319336,-0.07100000232458115,0.0186
ILE,142,3HD1,2184,20.447999954223633,26.520999908447266,-0.028999999165534973,0.0186
THR,143,N,2185,22.96500015258789,21.399999618530273,0.29100000858306885,-0.4157
THR,143,CA,2186,23.792999267578125,20.62299919128418,1.2020000219345093,-0.0389
THR,143,C,2187,24.770999908447266,19.764999389648438,0.4230000078678131,0.5973
THR,143,O,2188,25.9689998626709,19.804000854492188,0.6869999766349792,-0.5679
THR,143,CB,2189,22.952999114990234,19.72100067138672,2.131999969482422,0.3654
THR,143,CG2,2190,23.834999084472656,18.863000869750977,2.9609999656677246,-0.2438
THR,143,OG1,2191,22.139999389648438,20.527999877929688,2.993000030517578,-0.6761
THR,143,H,2192,21.961000442504883,21.402999877929688,0.4320000112056732,0.2719
THR,143,HA,2193,24.371000289916992,21.312000274658203,1.8200000524520874,0.1007
THR,143,HB,2194,22.302000045776367,19.09000015258789,1.534999966621399,0.0043
THR,143,HG1,2195,21.35700035095215,20.812000274658203,2.5320000648498535,0.4102
THR,143,1HG2,2196,23.225000381469727,18.235000610351562,3.609999895095825,0.0642
THR,143,2HG2,2197,24.43899917602539,18.238000869750977,2.306999921798706,0.0642
THR,143,3HG2,2198,24.481000900268555,19.492000579833984,3.569000005722046,0.0642
GLN,144,N,2199,24.283000946044922,19.156999588012695,-0.6570000052452087,-0.4157
GLN,144,CA,2200,25.118999481201172,18.253999710083008,-1.4249999523162842,-0.0031
GLN,144,C,2201,26.33799934387207,18.968000411987305,-1.9819999933242798,0.5973
GLN,144,O,2202,27.454999923706055,18.514999389648438,-1.7869999408721924,-0.5679
GLN,144,CB,2203,24.339000701904297,17.61199951171875,-2.572999954223633,-0.0036
GLN,144,CG,2204,25.17799949645996,16.652999877929688,-3.3489999771118164,-0.0645
GLN,144,CD,2205,24.426000595092773,15.958999633789062,-4.47599983215332,0.6951
GLN,144,NE2,2206,25.054000854492188,15.88599967956543,-5.640999794006348,-0.9407
GLN,144,OE1,2207,23.302000045776367,15.496999740600586,-4.304999828338623,-0.6086
GLN,144,H,2208,23.284000396728516,19.062000274658203,-0.7400000095367432,0.2719
GLN,144,HA,2209,25.422000885009766,17.43199920654297,-0.7770000100135803,0.085
GLN,144,1HB,2210,23.472000122070312,17.086000442504883,-2.177999973297119,0.0171
GLN,144,2HB,2211,23.969999313354492,18.38599967956543,-3.242000102996826,0.0171
GLN,144,1HG,2212,26.011999130249023,17.19499969482422,-3.7920000553131104,0.0352
GLN,144,2HG,2213,25.538000106811523,15.897000312805176,-2.6700000762939453,0.0352
GLN,144,1HE2,2214,24.61199951171875,15.442000389099121,-6.421000003814697,0.4251
GLN,144,2HE2,2215,25.972999572753906,16.277000427246094,-5.73799991607666,0.4251
ARG,145,N,2216,26.124000549316406,20.14699935913086,-2.559999942779541,-0.3479
ARG,145,CA,2217,27.19700050354004,20.91200065612793,-3.193000078201294,-0.2637
ARG,145,C,2218,28.27899932861328,21.266000747680664,-2.184999942779541,0.7341
ARG,145,O,2219,29.4689998626709,21.077999114990234,-2.450000047683716,-0.5894
ARG,145,CB,2220,26.639999389648438,22.18600082397461,-3.802999973297119,-0.0007
ARG,145,CG,2221,25.785999298095703,21.97100067138672,-5.039000034332275,0.039
ARG,145,CD,2222,25.218000411987305,23.23699951171875,-5.539999961853027,0.0486
ARG,145,NE,2223,24.402000427246094,23.02899932861328,-6.724999904632568,-0.5295
ARG,145,CZ,2224,23.641000747680664,23.975000381469727,-7.302000045776367,0.8076
ARG,145,NH1,2225,23.601999282836914,25.187999725341797,-6.796000003814697,-0.8627
ARG,145,NH2,2226,22.933000564575195,23.684999465942383,-8.380999565124512,-0.8627
ARG,145,H,2227,25.16900062561035,20.42799949645996,-2.7239999771118164,0.2747
ARG,145,HA,2228,27.635000228881836,20.305999755859375,-3.9860000610351562,0.156
ARG,145,1HB,2229,26.0310001373291,22.707000732421875,-3.062999963760376,0.0327
ARG,145,2HB,2230,27.461000442504883,22.847000122070312,-4.076000213623047,0.0327
ARG,145,1HG,2231,26.393999099731445,21.534000396728516,-5.829999923706055,0.0285
ARG,145,2HG,2232,24.965999603271484,21.301000595092773,-4.801000118255615,0.0285
ARG,145,1HD,2233,24.593000411987305,23.684999465942383,-4.765999794006348,0.0687
ARG,145,2HD,2234,26.024999618530273,23.922000885009766,-5.796999931335449,0.0687
ARG,145,HE,2235,24.4060001373291,22.108999252319336,-7.14300012588501,0.3456
ARG,145,1HH1,2236,24.14299964904785,25.409000396728516,-5.9730000495910645,0.4478
ARG,145,2HH1,2237,23.030000686645508,25.898000717163086,-7.230999946594238,0.4478
ARG,145,1HH2,2238,22.964000701904297,22.753000259399414,-8.770000457763672,0.4478
ARG,145,2HH2,2239,22.36199951171875,24.395000457763672,-8.814000129699707,0.4478
LYS,146,N,2240,27.850000381469727,21.582000732421875,-0.9660000205039978,-0.3479
LYS,146,CA,2241,28.788000106811523,21.969999313354492,0.0729999989271164,-0.24
LYS,146,C,2242,29.6200008392334,20.756000518798828,0.48100000619888306,0.7341
LYS,146,O,2243,30.820999145507812,20.871000289916992,0.7210000157356262,-0.5894
LYS,146,CB,2244,28.03700065612793,22.573999404907227,1.2599999904632568,-0.0094
LYS,146,CG,2245,27.434999465942383,23.950000762939453,0.9459999799728394,0.0187
LYS,146,CD,2246,26.660999298095703,24.534000396728516,2.117000102996826,-0.0479
LYS,146,CE,2247,26.118999481201172,25.922000885009766,1.7619999647140503,-0.0143
LYS,146,NZ,2248,25.336000442504883,26.530000686645508,2.874000072479248,-0.3854
LYS,146,H,2249,26.8700008392334,21.812000274658203,-0.8429999947547913,0.2747
LYS,146,HA,2250,29.4689998626709,22.722000122070312,-0.328000009059906,0.1426
LYS,146,1HB,2251,27.232999801635742,21.905000686645508,1.565000057220459,0.0362
LYS,146,2HB,2252,28.711999893188477,22.673999786376953,2.1089999675750732,0.0362
LYS,146,1HG,2253,28.236000061035156,24.642000198364258,0.6859999895095825,0.0103
LYS,146,2HG,2254,26.760000228881836,23.861000061035156,0.10000000149011612,0.0103
LYS,146,1HD,2255,25.82900047302246,23.871000289916992,2.371000051498413,0.0621
LYS,146,2HD,2256,27.31399917602539,24.61199951171875,2.9860000610351562,0.0621
LYS,146,1HE,2257,26.954999923706055,26.576000213623047,1.5230000019073486,0.1135
LYS,146,2HE,2258,25.479000091552734,25.836999893188477,0.8889999985694885,0.1135
LYS,146,1HZ,2259,25.0,27.440000534057617,2.5929999351501465,0.34
LYS,146,2HZ,2260,24.545000076293945,25.93600082397461,3.0999999046325684,0.34
LYS,146,3HZ,2261,25.924999237060547,26.625,3.688999891281128,0.34
TRP,147,N,2262,28.972999572753906,19.582000732421875,0.48100000619888306,-0.4157
TRP,147,CA,2263,29.607999801635742,18.323999404907227,0.8600000143051147,-0.0275
TRP,147,C,2264,30.55500030517578,17.827999114990234,-0.23100000619888306,0.5973
TRP,147,O,2265,31.485000610351562,17.069000244140625,0.04100000113248825,-0.5679
TRP,147,CB,2266,28.525999069213867,17.274999618530273,1.128999948501587,-0.005
TRP,147,CG,2267,27.84600067138672,17.538000106811523,2.427000045776367,-0.1415
TRP,147,CD1,2268,28.038999557495117,18.636999130249023,3.2079999446868896,-0.1638
TRP,147,CD2,2269,26.874000549316406,16.72100067138672,3.1110000610351562,0.1243
TRP,147,CE2,2270,26.53700065612793,17.398000717163086,4.289000034332275,0.138
TRP,147,CE3,2271,26.27199935913086,15.49899959564209,2.8350000381469727,-0.2387
TRP,147,NE1,2272,27.26099967956543,18.56399917602539,4.327000141143799,-0.3418
TRP,147,CZ2,2273,25.618000030517578,16.882999420166016,5.189000129699707,-0.2601
TRP,147,CZ3,2274,25.35099983215332,14.991000175476074,3.74399995803833,-0.1972
TRP,147,CH2,2275,25.03499984741211,15.661999702453613,4.883999824523926,-0.1134
TRP,147,H,2276,27.97599983215332,19.584999084472656,0.3230000138282776,0.2719
TRP,147,HA,2277,30.155000686645508,18.481000900268555,1.7829999923706055,0.1123
TRP,147,1HB,2278,27.79599952697754,17.2810001373291,0.3310000002384186,0.0339
TRP,147,2HB,2279,28.97100067138672,16.288000106811523,1.1449999809265137,0.0339
TRP,147,HD1,2280,28.71500015258789,19.454999923706055,2.9709999561309814,0.2062
TRP,147,HE1,2281,27.222999572753906,19.253999710083008,5.063000202178955,0.3412
TRP,147,HE3,2282,26.516000747680664,14.958999633789062,1.9279999732971191,0.17
TRP,147,HZ2,2283,25.35300064086914,17.405000686645508,6.107999801635742,0.1572
TRP,147,HZ3,2284,24.881999969482422,14.039999961853027,3.5309998989105225,0.1447
TRP,147,HH2,2285,24.305999755859375,15.22700023651123,5.570000171661377,0.1417
GLU,148,N,2286,30.26799964904785,18.177000045776367,-1.49399995803833,-0.5163
GLU,148,CA,2287,31.089000701904297,17.672000885009766,-2.5929999351501465,0.0397
GLU,148,C,2288,32.48099899291992,18.27899932861328,-2.5369999408721924,0.5366
GLU,148,O,2289,33.45100021362305,17.704999923706055,-2.0450000762939453,-0.5819
GLU,148,CB,2290,30.483999252319336,17.957000732421875,-3.9769999980926514,0.056
GLU,148,CG,2291,29.225000381469727,17.18899917602539,-4.3520002365112305,0.0136
GLU,148,CD,2292,28.7189998626709,17.586000442504883,-5.728000164031982,0.8054
GLU,148,OE1,2293,29.284000396728516,18.486000061035156,-6.302999973297119,-0.8188
GLU,148,OE2,2294,27.774999618530273,16.99799919128418,-6.202000141143799,-0.8188
GLU,148,H,2295,29.378000259399414,18.601999282836914,-1.6970000267028809,0.2936
GLU,148,HA,2296,31.173999786376953,16.59000015258789,-2.493000030517578,0.1105
GLU,148,1HB,2297,30.236000061035156,19.016000747680664,-4.052999973297119,-0.0173
GLU,148,2HB,2298,31.222000122070312,17.735000610351562,-4.747000217437744,-0.0173
GLU,148,1HG,2299,29.44300079345703,16.121999740600586,-4.3379998207092285,-0.0425
GLU,148,2HG,2300,28.468000411987305,17.375999450683594,-3.61899995803833,-0.0425
ALA,149,N,2301,32.404998779296875,19.559999465942383,-2.1640000343322754,-0.4157
ALA,149,CA,2302,33.59000015258789,20.375999450683594,-1.934000015258789,0.0337
ALA,149,C,2303,34.34700012207031,19.917999267578125,-0.6959999799728394,0.5973
ALA,149,O,2304,35.56100082397461,19.71299934387207,-0.7350000143051147,-0.5679
ALA,149,CB,2305,33.191001892089844,21.836999893188477,-1.815999984741211,-0.1825
ALA,149,H,2306,31.520999908447266,20.038999557495117,-2.2920000553131104,0.2719
ALA,149,HA,2307,34.257999420166016,20.2549991607666,-2.7860000133514404,0.0823
ALA,149,1HB,2308,34.082000732421875,22.445999145507812,-1.6660000085830688,0.0603
ALA,149,2HB,2309,32.6879997253418,22.149999618530273,-2.7300000190734863,0.0603
ALA,149,3HB,2310,32.51900100708008,21.96299934387207,-0.9700000286102295,0.0603
ALA,150,N,2311,33.59199905395508,19.618000030517578,0.35499998927116394,-0.4157
ALA,150,CA,2312,34.137001037597656,19.226999282836914,1.6460000276565552,0.0337
ALA,150,C,2313,34.691001892089844,17.804000854492188,1.6230000257492065,0.5973
ALA,150,O,2314,35.51100158691406,17.452999114990234,2.4700000286102295,-0.5679
ALA,150,CB,2315,33.07400131225586,19.371999740600586,2.7149999141693115,-0.1825
ALA,150,H,2316,32.61800003051758,19.881000518798828,0.3269999921321869,0.2719
ALA,150,HA,2317,34.970001220703125,19.891000747680664,1.875,0.0823
ALA,150,1HB,2318,33.492000579833984,19.10700035095215,3.684999942779541,0.0603
ALA,150,2HB,2319,32.722999572753906,20.402999877929688,2.74399995803833,0.0603
ALA,150,3HB,2320,32.25899887084961,18.718000411987305,2.4809999465942383,0.0603
ARG,151,N,2321,34.22600173950195,17.006999969482422,0.6549999713897705,-0.3479
ARG,151,CA,2322,34.560001373291016,15.592000007629395,0.5059999823570251,-0.2637
ARG,151,C,2323,34.02000045776367,14.769000053405762,1.659999966621399,0.7341
ARG,151,O,2324,34.702999114990234,13.88700008392334,2.180000066757202,-0.5894
ARG,151,CB,2325,36.06399917602539,15.35200023651123,0.421999990940094,-0.0007
ARG,151,CG,2326,36.755001068115234,16.031999588012695,-0.7429999709129333,0.039
ARG,151,CD,2327,38.19499969482422,15.678999900817871,-0.7979999780654907,0.0486
ARG,151,NE,2328,38.87099838256836,16.326000213623047,-1.909000039100647,-0.5295
ARG,151,CZ,2329,40.194000244140625,16.242000579833984,-2.1519999504089355,0.8076
ARG,151,NH1,2330,40.96500015258789,15.536999702453613,-1.3539999723434448,-0.8627
ARG,151,NH2,2331,40.715999603271484,16.868999481201172,-3.191999912261963,-0.8627
ARG,151,H,2332,33.54100036621094,17.374000549316406,0.010999999940395355,0.2747
ARG,151,HA,2333,34.16299819946289,15.244999885559082,-0.4490000009536743,0.156
ARG,151,1HB,2334,36.551998138427734,15.694000244140625,1.3179999589920044,0.0327
ARG,151,2HB,2335,36.25699996948242,14.288000106811523,0.34200000762939453,0.0327
ARG,151,1HG,2336,36.2859992980957,15.718999862670898,-1.6759999990463257,0.0285
ARG,151,2HG,2337,36.667999267578125,17.11400032043457,-0.6370000243186951,0.0285
ARG,151,1HD,2338,38.680999755859375,15.991999626159668,0.125,0.0687
ARG,151,2HD,2339,38.30099868774414,14.600000381469727,-0.9160000085830688,0.0687
ARG,151,HE,2340,38.31100082397461,16.87700080871582,-2.5439999103546143,0.3456
ARG,151,1HH1,2341,40.56700134277344,15.057999610900879,-0.5600000023841858,0.4478
ARG,151,2HH1,2342,41.957000732421875,15.473999977111816,-1.5369999408721924,0.4478
ARG,151,1HH2,2343,40.12200164794922,17.410999298095703,-3.805000066757202,0.4478
ARG,151,2HH2,2344,41.70600128173828,16.805999755859375,-3.374000072479248,0.4478
VAL,152,N,2345,32.77399826049805,15.045000076293945,2.0329999923706055,-0.4157
VAL,152,CA,2346,32.1150016784668,14.286999702453613,3.0789999961853027,-0.0875
VAL,152,C,2347,31.968000411987305,12.829000473022461,2.6689999103546143,0.5973
VAL,152,O,2348,32.183998107910156,11.937999725341797,3.4769999980926514,-0.5679
VAL,152,CB,2349,30.725000381469727,14.85200023651123,3.4000000953674316,0.2985
VAL,152,CG1,2350,30.00200080871582,13.934000015258789,4.372000217437744,-0.3192
VAL,152,CG2,2351,30.884000778198242,16.232999801635742,3.9590001106262207,-0.3192
VAL,152,H,2352,32.2599983215332,15.75100040435791,1.5190000534057617,0.2719
VAL,152,HA,2353,32.7130012512207,14.357999801635742,3.986999988555908,0.0969
VAL,152,HB,2354,30.1299991607666,14.890000343322754,2.494999885559082,-0.0297
VAL,152,1HG1,2355,29.016000747680664,14.343000411987305,4.5960001945495605,0.0791
VAL,152,2HG1,2356,29.891000747680664,12.954999923706055,3.934999942779541,0.0791
VAL,152,3HG1,2357,30.57900047302246,13.854999542236328,5.291999816894531,0.0791
VAL,152,1HG2,2358,29.91200065612793,16.645000457763672,4.190000057220459,0.0791
VAL,152,2HG2,2359,31.485000610351562,16.190000534057617,4.867000102996826,0.0791
VAL,152,3HG2,2360,31.37700080871582,16.85300064086914,3.2260000705718994,0.0791
ALA,153,N,2361,31.660999298095703,12.579999923706055,1.3860000371932983,-0.4157
ALA,153,CA,2362,31.493999481201172,11.208000183105469,0.906000018119812,0.0337
ALA,153,C,2363,32.72999954223633,10.381999969482422,1.2000000476837158,0.5973
ALA,153,O,2364,32.6150016784668,9.232999801635742,1.6059999465942383,-0.5679
ALA,153,CB,2365,31.194000244140625,11.168000221252441,-0.5839999914169312,-0.1825
ALA,153,H,2366,31.479000091552734,13.35200023651123,0.7599999904632568,0.2719
ALA,153,HA,2367,30.652000427246094,10.751999855041504,1.4290000200271606,0.0823
ALA,153,1HB,2368,31.093000411987305,10.133000373840332,-0.9020000100135803,0.0603
ALA,153,2HB,2369,30.29199981689453,11.687000274658203,-0.7950000166893005,0.0603
ALA,153,3HB,2370,32.0099983215332,11.638999938964844,-1.128999948501587,0.0603
GLU,154,N,2371,33.9109992980957,11.003999710083008,1.100000023841858,-0.5163
GLU,154,CA,2372,35.1619987487793,10.303999900817871,1.3509999513626099,0.0397
GLU,154,C,2373,35.316001892089844,9.986000061035156,2.8259999752044678,0.5366
GLU,154,O,2374,35.643001556396484,8.859000205993652,3.194000005722046,-0.5819
GLU,154,CB,2375,36.35200119018555,11.13700008392334,0.8730000257492065,0.056
GLU,154,CG,2376,36.43199920654297,11.295999526977539,-0.6299999952316284,0.0136
GLU,154,CD,2377,36.59600067138672,9.984999656677246,-1.3209999799728394,0.8054
GLU,154,OE1,2378,37.047000885009766,9.0649995803833,-0.6830000281333923,-0.8188
GLU,154,OE2,2379,36.275001525878906,9.89900016784668,-2.4830000400543213,-0.8188
GLU,154,H,2380,33.9370002746582,11.958000183105469,0.7680000066757202,0.2936
GLU,154,HA,2381,35.154998779296875,9.366000175476074,0.7929999828338623,0.1105
GLU,154,1HB,2382,36.301998138427734,12.126999855041504,1.312000036239624,-0.0173
GLU,154,2HB,2383,37.27799987792969,10.675999641418457,1.2139999866485596,-0.0173
GLU,154,1HG,2384,35.52000045776367,11.779999732971191,-0.9829999804496765,-0.0425
GLU,154,2HG,2385,37.27199935913086,11.946999549865723,-0.871999979019165,-0.0425
GLN,155,N,2386,34.823001861572266,10.892000198364258,3.6710000038146973,-0.4157
GLN,155,CA,2387,34.92399978637695,10.704000473022461,5.111000061035156,-0.0031
GLN,155,C,2388,34.0629997253418,9.522000312805176,5.52400016784668,0.5973
GLN,155,O,2389,34.48500061035156,8.668000221252441,6.308000087738037,-0.5679
GLN,155,CB,2390,34.49399948120117,11.967000007629395,5.866000175476074,-0.0036
GLN,155,CG,2391,35.426998138427734,13.142000198364258,5.708000183105469,-0.0645
GLN,155,CD,2392,34.90700149536133,14.38599967956543,6.406000137329102,0.6951
GLN,155,NE2,2393,35.821998596191406,15.24899959564209,6.835000038146973,-0.9407
GLN,155,OE1,2394,33.69599914550781,14.571999549865723,6.559000015258789,-0.6086
GLN,155,H,2395,34.6150016784668,11.817999839782715,3.312000036239624,0.2719
GLN,155,HA,2396,35.96200180053711,10.496999740600586,5.366000175476074,0.085
GLN,155,1HB,2397,33.512001037597656,12.281999588012695,5.5289998054504395,0.0171
GLN,155,2HB,2398,34.41600036621094,11.744999885559082,6.928999900817871,0.0171
GLN,155,1HG,2399,36.39400100708008,12.885000228881836,6.138000011444092,0.0352
GLN,155,2HG,2400,35.5369987487793,13.36299991607666,4.646999835968018,0.0352
GLN,155,1HE2,2401,35.53900146484375,16.08799934387207,7.302000045776367,0.4251
GLN,155,2HE2,2402,36.79399871826172,15.060999870300293,6.690000057220459,0.4251
ARG,156,N,2403,32.89799880981445,9.427000045776367,4.879000186920166,-0.3479
ARG,156,CA,2404,31.913000106811523,8.406000137329102,5.172999858856201,-0.2637
ARG,156,C,2405,32.354000091552734,7.059999942779541,4.6529998779296875,0.7341
ARG,156,O,2406,32.457000732421875,6.109000205993652,5.4120001792907715,-0.5894
ARG,156,CB,2407,30.565000534057617,8.760000228881836,4.564000129699707,-0.0007
ARG,156,CG,2408,29.899999618530273,9.996000289916992,5.093999862670898,0.039
ARG,156,CD,2409,29.472999572753906,9.83899974822998,6.486000061035156,0.0486
ARG,156,NE,2410,28.735000610351562,10.996000289916992,6.941999912261963,-0.5295
ARG,156,CZ,2411,29.281999588012695,12.071000099182129,7.540999889373779,0.8076
ARG,156,NH1,2412,30.57900047302246,12.119000434875488,7.749000072479248,-0.8627
ARG,156,NH2,2413,28.514999389648438,13.079000473022461,7.921000003814697,-0.8627
ARG,156,H,2414,32.61800003051758,10.20199966430664,4.294000148773193,0.2747
ARG,156,HA,2415,31.80299949645996,8.333000183105469,6.255000114440918,0.156
ARG,156,1HB,2416,30.679000854492188,8.897000312805176,3.490000009536743,0.0327
ARG,156,2HB,2417,29.871000289916992,7.934000015258789,4.718999862670898,0.0327
ARG,156,1HG,2418,30.591999053955078,10.82699966430664,5.045000076293945,0.0285
ARG,156,2HG,2419,29.018999099731445,10.220000267028809,4.491000175476074,0.0285
ARG,156,1HD,2420,28.829999923706055,8.961999893188477,6.576000213623047,0.0687
ARG,156,2HD,2421,30.347000122070312,9.71399974822998,7.124000072479248,0.0687
ARG,156,HE,2422,27.733999252319336,10.982999801635742,6.793000221252441,0.3456
ARG,156,1HH1,2423,31.16699981689453,11.350000381469727,7.460999965667725,0.4478
ARG,156,2HH1,2424,30.98900032043457,12.925000190734863,8.199999809265137,0.4478
ARG,156,1HH2,2425,27.517000198364258,13.043000221252441,7.761000156402588,0.4478
ARG,156,2HH2,2426,28.924999237060547,13.883999824523926,8.369000434875488,0.4478
ARG,157,N,2427,32.95800018310547,7.089000225067139,3.4719998836517334,-0.3479
ARG,157,CA,2428,33.37799835205078,5.86299991607666,2.822999954223633,-0.2637
ARG,157,C,2429,34.42499923706055,5.186999797821045,3.686000108718872,0.7341
ARG,157,O,2430,34.3390007019043,3.996000051498413,3.9590001106262207,-0.5894
ARG,157,CB,2431,33.944000244140625,6.158999919891357,1.444000005722046,-0.0007
ARG,157,CG,2432,34.35499954223633,4.940000057220459,0.6579999923706055,0.039
ARG,157,CD,2433,34.88399887084961,5.289000034332275,-0.6990000009536743,0.0486
ARG,157,NE,2434,36.11899948120117,6.056000232696533,-0.6489999890327454,-0.5295
ARG,157,CZ,2435,37.3380012512207,5.53000020980835,-0.4429999887943268,0.8076
ARG,157,NH1,2436,37.48400115966797,4.230999946594238,-0.2680000066757202,-0.8627
ARG,157,NH2,2437,38.387001037597656,6.324999809265137,-0.4180000126361847,-0.8627
ARG,157,H,2438,32.77799987792969,7.876999855041504,2.875,0.2747
ARG,157,HA,2439,32.507999420166016,5.224999904632568,2.6760001182556152,0.156
ARG,157,1HB,2440,33.207000732421875,6.696000099182129,0.8579999804496765,0.0327
ARG,157,2HB,2441,34.81800079345703,6.802000045776367,1.5399999618530273,0.0327
ARG,157,1HG,2442,35.137001037597656,4.410999774932861,1.2009999752044678,0.0285
ARG,157,2HG,2443,33.49800109863281,4.285999774932861,0.5260000228881836,0.0285
ARG,157,1HD,2444,35.084999084472656,4.373000144958496,-1.253999948501587,0.0687
ARG,157,2HD,2445,34.143001556396484,5.885000228881836,-1.2339999675750732,0.0687
ARG,157,HE,2446,36.071998596191406,7.063000202178955,-0.7770000100135803,0.3456
ARG,157,1HH1,2447,36.67499923706055,3.614000082015991,-0.28700000047683716,0.4478
ARG,157,2HH1,2448,38.40399932861328,3.8429999351501465,-0.11400000005960464,0.4478
ARG,157,1HH2,2449,38.25699996948242,7.318999767303467,-0.5529999732971191,0.4478
ARG,157,2HH2,2450,39.30799865722656,5.942999839782715,-0.2639999985694885,0.4478
ALA,158,N,2451,35.36899948120117,5.988999843597412,4.184000015258789,-0.4157
ALA,158,CA,2452,36.47200012207031,5.480999946594238,4.984000205993652,0.0337
ALA,158,C,2453,35.92100143432617,4.790999889373779,6.230000019073486,0.5973
ALA,158,O,2454,36.16400146484375,3.6029999256134033,6.435999870300293,-0.5679
ALA,158,CB,2455,37.40399932861328,6.620999813079834,5.359000205993652,-0.1825
ALA,158,H,2456,35.428001403808594,6.936999797821045,3.8389999866485596,0.2719
ALA,158,HA,2457,37.0359992980957,4.750999927520752,4.4029998779296875,0.0823
ALA,158,1HB,2458,38.209999084472656,6.239999771118164,5.985000133514404,0.0603
ALA,158,2HB,2459,37.823001861572266,7.059000015258789,4.453000068664551,0.0603
ALA,158,3HB,2460,36.84700012207031,7.379000186920166,5.9070000648498535,0.0603
TYR,159,N,2461,34.95100021362305,5.447999954223633,6.873000144958496,-0.4157
TYR,159,CA,2462,34.327999114990234,4.906000137329102,8.081999778747559,-0.0014
TYR,159,C,2463,33.64699935913086,3.5799999237060547,7.811999797821045,0.5973
TYR,159,O,2464,33.875999450683594,2.5880000591278076,8.491000175476074,-0.5679
TYR,159,CB,2465,33.32400131225586,5.906000137329102,8.666999816894531,-0.0152
TYR,159,CG,2466,32.540000915527344,5.370999813079834,9.866999626159668,-0.0011
TYR,159,CD1,2467,33.10300064086914,5.3520002365112305,11.133000373840332,-0.1906
TYR,159,CD2,2468,31.240999221801758,4.896999835968018,9.684000015258789,-0.1906
TYR,159,CE1,2469,32.37200164794922,4.861000061035156,12.208999633789062,-0.2341
TYR,159,CE2,2470,30.51799964904785,4.410999774932861,10.756999969482422,-0.2341
TYR,159,CZ,2471,31.079999923706055,4.39300012588501,12.01200008392334,0.3226
TYR,159,OH,2472,30.363000869750977,3.9100000858306885,13.081000328063965,-0.5579
TYR,159,H,2473,34.847999572753906,6.440999984741211,6.701000213623047,0.2719
TYR,159,HA,2474,35.111000061035156,4.730000019073486,8.819999694824219,0.0876
TYR,159,1HB,2475,33.85100173950195,6.808000087738037,8.979000091552734,0.0295
TYR,159,2HB,2476,32.611000061035156,6.195000171661377,7.9019999504089355,0.0295
TYR,159,HD1,2477,34.11800003051758,5.71999979019165,11.282999992370605,0.1699
TYR,159,HD2,2478,30.79400062561035,4.908999919891357,8.694000244140625,0.1699
TYR,159,HE1,2479,32.8129997253418,4.84499979019165,13.204999923706055,0.1656
TYR,159,HE2,2480,29.500999450683594,4.040999889373779,10.607999801635742,0.1656
TYR,159,HH,2481,30.898000717163086,3.9690001010894775,13.87600040435791,0.3992
LEU,160,N,2482,32.80799865722656,3.5910000801086426,6.788000106811523,-0.4157
LEU,160,CA,2483,31.947999954223633,2.4779999256134033,6.433000087738037,-0.0518
LEU,160,C,2484,32.73500061035156,1.2510000467300415,6.004000186920166,0.5973
LEU,160,O,2485,32.356998443603516,0.13099999725818634,6.340000152587891,-0.5679
LEU,160,CB,2486,31.027999877929688,2.950000047683716,5.309999942779541,-0.1102
LEU,160,CG,2487,29.992000579833984,3.993000030517578,5.7789998054504395,0.3531
LEU,160,CD1,2488,29.26799964904785,4.573999881744385,4.6020002365112305,-0.4121
LEU,160,CD2,2489,29.04400062561035,3.321000099182129,6.724999904632568,-0.4121
LEU,160,H,2490,32.64699935913086,4.46999979019165,6.320000171661377,0.2719
LEU,160,HA,2491,31.3700008392334,2.196000099182129,7.310999870300293,0.0922
LEU,160,1HB,2492,31.63599967956543,3.382999897003174,4.517000198364258,0.0457
LEU,160,2HB,2493,30.50200080871582,2.0859999656677246,4.900000095367432,0.0457
LEU,160,HG,2494,30.493999481201172,4.813000202178955,6.2820000648498535,-0.0361
LEU,160,1HD1,2495,28.538999557495117,5.310999870300293,4.945000171661377,0.1
LEU,160,2HD1,2496,29.98900032043457,5.056000232696533,3.940000057220459,0.1
LEU,160,3HD1,2497,28.753999710083008,3.7850000858306885,4.066999912261963,0.1
LEU,160,1HD2,2498,28.301000595092773,4.039000034332275,7.073999881744385,0.1
LEU,160,2HD2,2499,28.558000564575195,2.515000104904175,6.204999923706055,0.1
LEU,160,3HD2,2500,29.59600067138672,2.930000066757202,7.580999851226807,0.1
GLU,161,N,2501,33.856998443603516,1.4509999752044678,5.320000171661377,-0.5163
GLU,161,CA,2502,34.65399932861328,0.32499998807907104,4.86299991607666,0.0397
GLU,161,C,2503,35.5359992980957,-0.21899999678134918,5.9710001945495605,0.5366
GLU,161,O,2504,35.74700164794922,-1.4290000200271606,6.071000099182129,-0.5819
GLU,161,CB,2505,35.53300094604492,0.6990000009536743,3.671999931335449,0.056
GLU,161,CG,2506,34.77899932861328,1.00600004196167,2.382999897003174,0.0136
GLU,161,CD,2507,35.71200180053711,1.3530000448226929,1.253999948501587,0.8054
GLU,161,OE1,2508,36.858001708984375,0.9750000238418579,1.3250000476837158,-0.8188
GLU,161,OE2,2509,35.2869987487793,1.9930000305175781,0.32499998807907104,-0.8188
GLU,161,H,2510,34.08399963378906,2.38100004196167,4.999000072479248,0.2936
GLU,161,HA,2511,33.992000579833984,-0.4620000123977661,4.548999786376953,0.1105
GLU,161,1HB,2512,36.130001068115234,1.5779999494552612,3.9240000247955322,-0.0173
GLU,161,2HB,2513,36.2239990234375,-0.11699999868869781,3.4619998931884766,-0.0173
GLU,161,1HG,2514,34.185001373291016,0.13699999451637268,2.1040000915527344,-0.0425
GLU,161,2HG,2515,34.09600067138672,1.8350000381469727,2.559999942779541,-0.0425
GLY,162,N,2516,35.94599914550781,0.6650000214576721,6.873000144958496,-0.4157
GLY,162,CA,2517,36.88199996948242,0.3199999928474426,7.923999786376953,-0.0252
GLY,162,C,2518,36.19499969482422,0.1469999998807907,9.265999794006348,0.5973
GLY,162,O,2519,35.64799880981445,-0.9120000004768372,9.560999870300293,-0.5679
GLY,162,H,2520,35.797000885009766,1.6449999809265137,6.684000015258789,0.2719
GLY,162,1HA,2521,37.39799880981445,-0.6029999852180481,7.6620001792907715,0.0698
GLY,162,2HA,2522,37.637001037597656,1.1019999980926514,8.001999855041504,0.0698
THR,163,N,2523,36.24300003051758,1.2130000591278076,10.062000274658203,-0.4157
THR,163,CA,2524,35.71900177001953,1.2790000438690186,11.420999526977539,-0.0389
THR,163,C,2525,34.37099838256836,0.6019999980926514,11.645999908447266,0.5973
THR,163,O,2526,34.268001556396484,-0.2800000011920929,12.493000030517578,-0.5679
THR,163,CB,2527,35.60499954223633,2.744999885559082,11.85200023651123,0.3654
THR,163,CG2,2528,35.066001892089844,2.8299999237060547,13.248000144958496,-0.2438
THR,163,OG1,2529,36.89799880981445,3.36299991607666,11.800000190734863,-0.6761
THR,163,H,2530,36.70100021362305,2.0380001068115234,9.70199966430664,0.2719
THR,163,HA,2531,36.433998107910156,0.7770000100135803,12.074000358581543,0.1007
THR,163,HB,2532,34.93899917602539,3.26200008392334,11.17300033569336,0.0043
THR,163,HG1,2533,37.236000061035156,3.319999933242798,10.902000427246094,0.4102
THR,163,1HG2,2534,34.987998962402344,3.872999906539917,13.545999526977539,0.0642
THR,163,2HG2,2535,34.077999114990234,2.368000030517578,13.286999702453613,0.0642
THR,163,3HG2,2536,35.74100112915039,2.309000015258789,13.913999557495117,0.0642
CYS,164,N,2537,33.38800048828125,0.8640000224113464,10.774999618530273,-0.4157
CYS,164,CA,2538,32.053001403808594,0.30300000309944153,10.968000411987305,0.0213
CYS,164,C,2539,32.106998443603516,-1.2039999961853027,11.026000022888184,0.5973
CYS,164,O,2540,31.656999588012695,-1.8220000267028809,11.989999771118164,-0.5679
CYS,164,CB,2541,31.070999145507812,0.7110000252723694,9.86299991607666,-0.1231
CYS,164,SG,2542,29.347999572753906,0.13899999856948853,10.182999610900879,-0.3119
CYS,164,H,2543,33.5260009765625,1.5740000009536743,10.074000358581543,0.2719
CYS,164,HA,2544,31.66200065612793,0.6700000166893005,11.916999816894531,0.1124
CYS,164,1HB,2545,31.059999465942383,1.7890000343322754,9.76099967956543,0.1112
CYS,164,2HB,2546,31.399999618530273,0.30000001192092896,8.91100025177002,0.1112
VAL,165,N,2547,32.750999450683594,-1.7719999551773071,10.013999938964844,-0.4157
VAL,165,CA,2548,32.88199996948242,-3.2070000171661377,9.842000007629395,-0.0875
VAL,165,C,2549,33.71099853515625,-3.8459999561309814,10.923999786376953,0.5973
VAL,165,O,2550,33.31700134277344,-4.863999843597412,11.480999946594238,-0.5679
VAL,165,CB,2551,33.518001556396484,-3.5,8.484000205993652,0.2985
VAL,165,CG1,2552,33.81399917602539,-4.993000030517578,8.354999542236328,-0.3192
VAL,165,CG2,2553,32.60100173950195,-3.0329999923706055,7.438000202178955,-0.3192
VAL,165,H,2554,33.11399841308594,-1.1740000247955322,9.28499984741211,0.2719
VAL,165,HA,2555,31.882999420166016,-3.6459999084472656,9.862000465393066,0.0969
VAL,165,HB,2556,34.47100067138672,-2.9790000915527344,8.402999877929688,-0.0297
VAL,165,1HG1,2557,34.268001556396484,-5.192999839782715,7.382999897003174,0.0791
VAL,165,2HG1,2558,34.500999450683594,-5.295000076293945,9.142999649047852,0.0791
VAL,165,3HG1,2559,32.893001556396484,-5.559999942779541,8.440999984741211,0.0791
VAL,165,1HG2,2560,33.03799819946289,-3.2320001125335693,6.464000225067139,0.0791
VAL,165,2HG2,2561,31.6560001373291,-3.556999921798706,7.5289998054504395,0.0791
VAL,165,3HG2,2562,32.44200134277344,-1.9700000286102295,7.553999900817871,0.0791
GLU,166,N,2563,34.83000183105469,-3.2100000381469727,11.270999908447266,-0.5163
GLU,166,CA,2564,35.71099853515625,-3.7720000743865967,12.279000282287598,0.0397
GLU,166,C,2565,34.98099899291992,-3.875,13.600000381469727,0.5366
GLU,166,O,2566,35.00400161743164,-4.920000076293945,14.244999885559082,-0.5819
GLU,166,CB,2567,36.96699905395508,-2.9149999618530273,12.432000160217285,0.056
GLU,166,CG,2568,37.9119987487793,-2.99399995803833,11.23799991607666,0.0136
GLU,166,CD,2569,39.106998443603516,-2.0889999866485596,11.36400032043457,0.8054
GLU,166,OE1,2570,39.16400146484375,-1.3329999446868896,12.302000045776367,-0.8188
GLU,166,OE2,2571,39.965999603271484,-2.1549999713897705,10.515999794006348,-0.8188
GLU,166,H,2572,35.12099838256836,-2.3949999809265137,10.751999855041504,0.2936
GLU,166,HA,2573,36.01499938964844,-4.769999980926514,11.961999893188477,0.1105
GLU,166,1HB,2574,36.67900085449219,-1.871000051498413,12.571999549865723,-0.0173
GLU,166,2HB,2575,37.51499938964844,-3.2269999980926514,13.321999549865723,-0.0173
GLU,166,1HG,2576,38.26100158691406,-4.020999908447266,11.135000228881836,-0.0425
GLU,166,2HG,2577,37.36199951171875,-2.7330000400543213,10.336999893188477,-0.0425
TRP,167,N,2578,34.17599868774414,-2.8589999675750732,13.895999908447266,-0.4157
TRP,167,CA,2579,33.43899917602539,-2.8239998817443848,15.13700008392334,-0.0275
TRP,167,C,2580,32.340999603271484,-3.865000009536743,15.128999710083008,0.5973
TRP,167,O,2581,32.207000732421875,-4.61299991607666,16.08799934387207,-0.5679
TRP,167,CB,2582,32.840999603271484,-1.4390000104904175,15.357999801635742,-0.005
TRP,167,CG,2583,33.80799865722656,-0.4000000059604645,15.75100040435791,-0.1415
TRP,167,CD1,2584,35.16699981689453,-0.5,15.810999870300293,-0.1638
TRP,167,CD2,2585,33.48400115966797,0.9459999799728394,16.150999069213867,0.1243
TRP,167,CE2,2586,34.68000030517578,1.590999960899353,16.434999465942383,0.138
TRP,167,CE3,2587,32.27899932861328,1.6390000581741333,16.288000106811523,-0.2387
TRP,167,NE1,2588,35.70399856567383,0.6940000057220459,16.224000930786133,-0.3418
TRP,167,CZ2,2589,34.72200012207031,2.9149999618530273,16.854999542236328,-0.2601
TRP,167,CZ3,2590,32.3129997253418,2.9639999866485596,16.70599937438965,-0.1972
TRP,167,CH2,2591,33.505001068115234,3.5869998931884766,16.98200035095215,-0.1134
TRP,167,H,2592,34.255001068115234,-2.007999897003174,13.362000465393066,0.2719
TRP,167,HA,2593,34.124000549316406,-3.0369999408721924,15.958000183105469,0.1123
TRP,167,1HB,2594,32.35200119018555,-1.1050000190734863,14.444000244140625,0.0339
TRP,167,2HB,2595,32.08399963378906,-1.4930000305175781,16.131999969482422,0.0339
TRP,167,HD1,2596,35.7400016784668,-1.3949999809265137,15.567000389099121,0.2062
TRP,167,HE1,2597,36.6879997253418,0.8849999904632568,16.35300064086914,0.3412
TRP,167,HE3,2598,31.332000732421875,1.1490000486373901,16.06599998474121,0.17
TRP,167,HZ2,2599,35.65599822998047,3.4240000247955322,17.077999114990234,0.1572
TRP,167,HZ3,2600,31.367000579833984,3.496999979019165,16.809999465942383,0.1447
TRP,167,HH2,2601,33.49800109863281,4.626999855041504,17.308000564575195,0.1417
LEU,168,N,2602,31.698999404907227,-4.052999973297119,13.972999572753906,-0.4157
LEU,168,CA,2603,30.606000900268555,-5.006999969482422,13.892000198364258,-0.0518
LEU,168,C,2604,31.143999099731445,-6.4039998054504395,14.10099983215332,0.5973
LEU,168,O,2605,30.628999710083008,-7.146999835968018,14.920999526977539,-0.5679
LEU,168,CB,2606,29.87299919128418,-4.953999996185303,12.54800033569336,-0.1102
LEU,168,CG,2607,28.708999633789062,-5.954999923706055,12.428999900817871,0.3531
LEU,168,CD1,2608,27.709999084472656,-5.729000091552734,13.529000282287598,-0.4121
LEU,168,CD2,2609,28.06999969482422,-5.801000118255615,11.095000267028809,-0.4121
LEU,168,H,2610,31.812000274658203,-3.375,13.234000205993652,0.2719
LEU,168,HA,2611,29.878000259399414,-4.77400016784668,14.666000366210938,0.0922
LEU,168,1HB,2612,29.476999282836914,-3.9600000381469727,12.390000343322754,0.0457
LEU,168,2HB,2613,30.59000015258789,-5.1579999923706055,11.75100040435791,0.0457
LEU,168,HG,2614,29.08799934387207,-6.965000152587891,12.536999702453613,-0.0361
LEU,168,1HD1,2615,26.895000457763672,-6.447000026702881,13.427000045776367,0.1
LEU,168,2HD1,2616,28.19700050354004,-5.864999771118164,14.496999740600586,0.1
LEU,168,3HD1,2617,27.315000534057617,-4.729000091552734,13.467000007629395,0.1
LEU,168,1HD2,2618,27.253000259399414,-6.501999855041504,11.003999710083008,0.1
LEU,168,2HD2,2619,27.690000534057617,-4.783999919891357,10.984999656677246,0.1
LEU,168,3HD2,2620,28.790000915527344,-5.99399995803833,10.350000381469727,0.1
ARG,169,N,2621,32.27000045776367,-6.711999893188477,13.461000442504883,-0.3479
ARG,169,CA,2622,32.84700012207031,-8.039999961853027,13.567000389099121,-0.2637
ARG,169,C,2623,33.13100051879883,-8.366000175476074,15.029000282287598,0.7341
ARG,169,O,2624,32.762001037597656,-9.434000015258789,15.519000053405762,-0.5894
ARG,169,CB,2625,34.138999938964844,-8.130000114440918,12.765999794006348,-0.0007
ARG,169,CG,2626,34.02199935913086,-8.12399959564209,11.237000465393066,0.039
ARG,169,CD,2627,35.38999938964844,-8.060999870300293,10.642999649047852,0.0486
ARG,169,NE,2628,35.39799880981445,-8.038999557495117,9.192999839782715,-0.5295
ARG,169,CZ,2629,36.494998931884766,-7.77400016784668,8.45199966430664,0.8076
ARG,169,NH1,2630,37.641998291015625,-7.513999938964844,9.039999961853027,-0.8627
ARG,169,NH2,2631,36.4109992980957,-7.776000022888184,7.138999938964844,-0.8627
ARG,169,H,2632,32.62099838256836,-6.077000141143799,12.76200008392334,0.2747
ARG,169,HA,2633,32.13999938964844,-8.765000343322754,13.166000366210938,0.156
ARG,169,1HB,2634,34.78200149536133,-7.293000221252441,13.029000282287598,0.0327
ARG,169,2HB,2635,34.6609992980957,-9.04800033569336,13.032999992370605,0.0327
ARG,169,1HG,2636,33.520999908447266,-9.031999588012695,10.899999618530273,0.0285
ARG,169,2HG,2637,33.44900131225586,-7.263999938964844,10.90999984741211,0.0285
ARG,169,1HD,2638,35.8849983215332,-7.1519999504089355,10.98799991607666,0.0687
ARG,169,2HD,2639,35.957000732421875,-8.9350004196167,10.960000038146973,0.0687
ARG,169,HE,2640,34.5369987487793,-8.234000205993652,8.694000244140625,0.3456
ARG,169,1HH1,2641,37.70399856567383,-7.513000011444092,10.048999786376953,0.4478
ARG,169,2HH1,2642,38.46099853515625,-7.315000057220459,8.482999801635742,0.4478
ARG,169,1HH2,2643,35.52000045776367,-7.9770002365112305,6.704999923706055,0.4478
ARG,169,2HH2,2644,37.2239990234375,-7.578000068664551,6.574999809265137,0.4478
ARG,170,N,2645,33.645999908447266,-7.368000030517578,15.758000373840332,-0.3479
ARG,170,CA,2646,34.00600051879883,-7.535999774932861,17.158000946044922,-0.2637
ARG,170,C,2647,32.779998779296875,-7.739999771118164,18.025999069213867,0.7341
ARG,170,O,2648,32.766998291015625,-8.609000205993652,18.89299964904785,-0.5894
ARG,170,CB,2649,34.77899932861328,-6.324999809265137,17.660999298095703,-0.0007
ARG,170,CG,2650,36.180999755859375,-6.164999961853027,17.118999481201172,0.039
ARG,170,CD,2651,36.78499984741211,-4.892000198364258,17.5939998626709,0.0486
ARG,170,NE,2652,38.12900161743164,-4.696000099182129,17.09000015258789,-0.5295
ARG,170,CZ,2653,38.84700012207031,-3.569000005722046,17.259000778198242,0.8076
ARG,170,NH1,2654,38.33100128173828,-2.553999900817871,17.91900062561035,-0.8627
ARG,170,NH2,2655,40.06800079345703,-3.4809999465942383,16.761999130249023,-0.8627
ARG,170,H,2656,33.987998962402344,-6.546999931335449,15.27299976348877,0.2747
ARG,170,HA,2657,34.650001525878906,-8.41100025177002,17.246999740600586,0.156
ARG,170,1HB,2658,34.23699951171875,-5.418000221252441,17.41200065612793,0.0327
ARG,170,2HB,2659,34.858001708984375,-6.374000072479248,18.74799919128418,0.0327
ARG,170,1HG,2660,36.79999923706055,-6.994999885559082,17.457000732421875,0.0285
ARG,170,2HG,2661,36.15800094604492,-6.15500020980835,16.035999298095703,0.0285
ARG,170,1HD,2662,36.172000885009766,-4.053999900817871,17.256999969482422,0.0687
ARG,170,2HD,2663,36.83000183105469,-4.896999835968018,18.683000564575195,0.0687
ARG,170,HE,2664,38.55699920654297,-5.455999851226807,16.577999114990234,0.3456
ARG,170,1HH1,2665,37.39799880981445,-2.61899995803833,18.29800033569336,0.4478
ARG,170,2HH1,2666,38.869998931884766,-1.7079999446868896,18.045000076293945,0.4478
ARG,170,1HH2,2667,40.4640007019043,-4.261000156402588,16.2549991607666,0.4478
ARG,170,2HH2,2668,40.60499954223633,-2.63700008392334,16.888999938964844,0.4478
HIE,171,N,2669,31.714000701904297,-7.010000228881836,17.697999954223633,-0.4157
HIE,171,CA,2670,30.48200035095215,-7.01200008392334,18.469999313354492,-0.0581
HIE,171,C,2671,29.80900001525879,-8.357000350952148,18.39299964904785,0.5973
HIE,171,O,2672,29.43400001525879,-8.937000274658203,19.409000396728516,-0.5679
HIE,171,CB,2673,29.535999298095703,-5.921999931335449,17.968000411987305,-0.0074
HIE,171,CG,2674,29.996999740600586,-4.535999774932861,18.23699951171875,0.1868
HIE,171,CD2,2675,30.968000411987305,-4.0329999923706055,19.04199981689453,-0.2207
HIE,171,ND1,2676,29.426000595092773,-3.453000068664551,17.628999710083008,-0.5432
HIE,171,CE1,2677,30.017000198364258,-2.3510000705718994,18.040000915527344,0.1635
HIE,171,NE2,2678,30.952999114990234,-2.6670000553131104,18.893999099731445,-0.2795
HIE,171,H,2679,31.833999633789062,-6.285999774932861,17.006000518798828,0.2719
HIE,171,HA,2680,30.707000732421875,-6.806000232696533,19.517000198364258,0.136
HIE,171,1HB,2681,29.400999069213867,-6.026000022888184,16.895000457763672,0.0367
HIE,171,2HB,2682,28.562999725341797,-6.051000118255615,18.43600082397461,0.0367
HIE,171,HD2,2683,31.63599967956543,-4.609000205993652,19.68400001525879,0.1862
HIE,171,HE1,2684,29.76799964904785,-1.3380000591278076,17.724000930786133,0.1435
HIE,171,HE2,2685,31.55299949645996,-1.99399995803833,19.356000900268555,0.3339
LEU,172,N,2686,29.882999420166016,-8.946999549865723,17.20400047302246,-0.4157
LEU,172,CA,2687,29.259000778198242,-10.220999717712402,16.923999786376953,-0.0518
LEU,172,C,2688,29.92799949645996,-11.34000015258789,17.687000274658203,0.5973
LEU,172,O,2689,29.253000259399414,-12.204999923706055,18.226999282836914,-0.5679
LEU,172,CB,2690,29.31999969482422,-10.491000175476074,15.432000160217285,-0.1102
LEU,172,CG,2691,28.47100067138672,-9.576000213623047,14.592000007629395,0.3531
LEU,172,CD1,2692,28.770000457763672,-9.831999778747559,13.145000457763672,-0.4121
LEU,172,CD2,2693,27.020000457763672,-9.826000213623047,14.916000366210938,-0.4121
LEU,172,H,2694,30.19300079345703,-8.388999938964844,16.422000885009766,0.2719
LEU,172,HA,2695,28.215999603271484,-10.17300033569336,17.222999572753906,0.0922
LEU,172,1HB,2696,30.35099983215332,-10.394000053405762,15.10200023651123,0.0457
LEU,172,2HB,2697,29.0,-11.513999938964844,15.25,0.0457
LEU,172,HG,2698,28.711999893188477,-8.54800033569336,14.800999641418457,-0.0361
LEU,172,1HD1,2699,28.16900062561035,-9.1850004196167,12.539999961853027,0.1
LEU,172,2HD1,2700,29.822999954223633,-9.63599967956543,12.95199966430664,0.1
LEU,172,3HD1,2701,28.54199981689453,-10.869000434875488,12.906000137329102,0.1
LEU,172,1HD2,2702,26.393999099731445,-9.168999671936035,14.315999984741211,0.1
LEU,172,2HD2,2703,26.77400016784668,-10.862000465393066,14.694999694824219,0.1
LEU,172,3HD2,2704,26.847000122070312,-9.628999710083008,15.960000038146973,0.1
GLU,173,N,2705,31.249000549316406,-11.255999565124512,17.827999114990234,-0.5163
GLU,173,CA,2706,31.993999481201172,-12.298999786376953,18.51099967956543,0.0397
GLU,173,C,2707,31.857999801635742,-12.208999633789062,20.027000427246094,0.5366
GLU,173,O,2708,31.225000381469727,-13.031999588012695,20.684999465942383,-0.5819
GLU,173,CB,2709,33.4739990234375,-12.23799991607666,18.131999969482422,0.056
GLU,173,CG,2710,33.75199890136719,-12.604999542236328,16.68199920654297,0.0136
GLU,173,CD,2711,35.209999084472656,-12.53600025177002,16.325000762939453,0.8054
GLU,173,OE1,2712,35.987998962402344,-12.128000259399414,17.15399932861328,-0.8188
GLU,173,OE2,2713,35.547000885009766,-12.894000053405762,15.220000267028809,-0.8188
GLU,173,H,2714,31.7549991607666,-10.553999900817871,17.298999786376953,0.2936
GLU,173,HA,2715,31.589000701904297,-13.263999938964844,18.20800018310547,0.1105
GLU,173,1HB,2716,33.85200119018555,-11.229000091552734,18.308000564575195,-0.0173
GLU,173,2HB,2717,34.040000915527344,-12.916999816894531,18.76799964904785,-0.0173
GLU,173,1HG,2718,33.39500045776367,-13.616999626159668,16.499000549316406,-0.0425
GLU,173,2HG,2719,33.19599914550781,-11.930000305175781,16.03499984741211,-0.0425
ASN,174,N,2720,31.739999771118164,-10.949999809265137,20.458999633789062,-0.4157
ASN,174,CA,2721,31.527999877929688,-10.640000343322754,21.867000579833984,0.0143
ASN,174,C,2722,30.16200065612793,-11.085000038146973,22.368999481201172,0.5973
ASN,174,O,2723,30.047000885009766,-11.628000259399414,23.4689998626709,-0.5679
ASN,174,CB,2724,31.715999603271484,-9.154000282287598,22.118999481201172,-0.2041
ASN,174,CG,2725,33.152000427246094,-8.729000091552734,22.05299949645996,0.713
ASN,174,ND2,2726,33.375,-7.459000110626221,21.827999114990234,-0.9191
ASN,174,OD1,2727,34.066001892089844,-9.54800033569336,22.207000732421875,-0.5931
ASN,174,H,2728,32.013999938964844,-10.196999549865723,19.8439998626709,0.2719
ASN,174,HA,2729,32.26900100708008,-11.187000274658203,22.451000213623047,0.1048
ASN,174,1HB,2730,31.149999618530273,-8.585000038146973,21.382999420166016,0.0797
ASN,174,2HB,2731,31.322999954223633,-8.89799976348877,23.100000381469727,0.0797
ASN,174,1HD2,2732,34.3129997253418,-7.117000102996826,21.773000717163086,0.4196
ASN,174,2HD2,2733,32.60499954223633,-6.830999851226807,21.708999633789062,0.4196
GLY,175,N,2734,29.160999298095703,-10.996000289916992,21.496999740600586,-0.4157
GLY,175,CA,2735,27.791000366210938,-11.293999671936035,21.874000549316406,-0.0252
GLY,175,C,2736,27.232999801635742,-12.479999542236328,21.108999252319336,0.5973
GLY,175,O,2737,26.024999618530273,-12.633999824523926,21.041000366210938,-0.5679
GLY,175,H,2738,29.31399917602539,-10.477999687194824,20.645999908447266,0.2719
GLY,175,1HA,2739,27.743000030517578,-11.503999710083008,22.94099998474121,0.0698
GLY,175,2HA,2740,27.16900062561035,-10.42199993133545,21.690000534057617,0.0698
LYS,176,N,2741,28.12299919128418,-13.321999549865723,20.570999145507812,-0.3479
LYS,176,CA,2742,27.792999267578125,-14.506999969482422,19.764999389648438,-0.24
LYS,176,C,2743,26.652000427246094,-15.380000114440918,20.284000396728516,0.7341
LYS,176,O,2744,25.701000213623047,-15.65999984741211,19.559999465942383,-0.5894
LYS,176,CB,2745,29.04599952697754,-15.368000030517578,19.615999221801758,-0.0094
LYS,176,CG,2746,28.871999740600586,-16.621999740600586,18.78499984741211,0.0187
LYS,176,CD,2747,30.187999725341797,-17.365999221801758,18.641000747680664,-0.0479
LYS,176,CE,2748,30.020000457763672,-18.645000457763672,17.841999053955078,-0.0143
LYS,176,NZ,2749,31.30900001525879,-19.378999710083008,17.697999954223633,-0.3854
LYS,176,H,2750,29.106000900268555,-13.119999885559082,20.697999954223633,0.2747
LYS,176,HA,2751,27.479000091552734,-14.156999588012695,18.780000686645508,0.1426
LYS,176,1HB,2752,29.83799934387207,-14.779999732971191,19.156999588012695,0.0362
LYS,176,2HB,2753,29.395000457763672,-15.673999786376953,20.601999282836914,0.0362
LYS,176,1HG,2754,28.139999389648438,-17.275999069213867,19.261999130249023,0.0103
LYS,176,2HG,2755,28.506000518798828,-16.361000061035156,17.802000045776367,0.0103
LYS,176,1HD,2756,30.913999557495117,-16.724000930786133,18.136999130249023,0.0621
LYS,176,2HD,2757,30.572999954223633,-17.614999771118164,19.6299991607666,0.0621
LYS,176,1HE,2758,29.29800033569336,-19.288000106811523,18.3439998626709,0.1135
LYS,176,2HE,2759,29.63599967956543,-18.39900016784668,16.85099983215332,0.1135
LYS,176,1HZ,2760,31.159000396728516,-20.222000122070312,17.16200065612793,0.34
LYS,176,2HZ,2761,31.979000091552734,-18.79199981689453,17.22100067138672,0.34
LYS,176,3HZ,2762,31.663000106811523,-19.621000289916992,18.61199951171875,0.34
GLU,177,N,2763,26.579999923706055,-15.539999961853027,21.60300064086914,-0.5163
GLU,177,CA,2764,25.54800033569336,-16.37700080871582,22.216999053955078,0.0397
GLU,177,C,2765,24.135000228881836,-15.869000434875488,21.93899917602539,0.5366
GLU,177,O,2766,23.174999237060547,-16.625999450683594,22.038999557495117,-0.5819
GLU,177,CB,2767,25.76099967956543,-16.45800018310547,23.72599983215332,0.056
GLU,177,CG,2768,26.99799919128418,-17.236000061035156,24.13800048828125,0.0136
GLU,177,CD,2769,27.19499969482422,-17.277000427246094,25.625999450683594,0.8054
GLU,177,OE1,2770,26.437000274658203,-16.645999908447266,26.323999404907227,-0.8188
GLU,177,OE2,2771,28.10300064086914,-17.940000534057617,26.06599998474121,-0.8188
GLU,177,H,2772,27.332000732421875,-15.196999549865723,22.183000564575195,0.2936
GLU,177,HA,2773,25.618999481201172,-17.378999710083008,21.791000366210938,0.1105
GLU,177,1HB,2774,25.8439998626709,-15.449999809265137,24.135000228881836,-0.0173
GLU,177,2HB,2775,24.895000457763672,-16.93000030517578,24.18899917602539,-0.0173
GLU,177,1HG,2776,26.91200065612793,-18.256999969482422,23.766000747680664,-0.0425
GLU,177,2HG,2777,27.871000289916992,-16.780000686645508,23.67099952697754,-0.0425
THR,178,N,2778,24.011999130249023,-14.583000183105469,21.628000259399414,-0.4157
THR,178,CA,2779,22.738000869750977,-13.951000213623047,21.33300018310547,-0.0389
THR,178,C,2780,22.650999069213867,-13.45300006866455,19.89699935913086,0.5973
THR,178,O,2781,21.729000091552734,-13.793000221252441,19.1560001373291,-0.5679
THR,178,CB,2782,22.479000091552734,-12.769000053405762,22.29400062561035,0.3654
THR,178,CG2,2783,21.1560001373291,-12.074999809265137,21.951000213623047,-0.2438
THR,178,OG1,2784,22.427000045776367,-13.251999855041504,23.643999099731445,-0.6761
THR,178,H,2785,24.84600067138672,-14.022000312805176,21.547000885009766,0.2719
THR,178,HA,2786,21.94700050354004,-14.682000160217285,21.50200080871582,0.1007
THR,178,HB,2787,23.29599952697754,-12.048999786376953,22.20800018310547,0.0043
THR,178,HG1,2788,23.261999130249023,-13.670999526977539,23.865999221801758,0.4102
THR,178,1HG2,2789,20.990999221801758,-11.244000434875488,22.639999389648438,0.0642
THR,178,2HG2,2790,21.19499969482422,-11.696000099182129,20.92799949645996,0.0642
THR,178,3HG2,2791,20.336999893188477,-12.786999702453613,22.04199981689453,0.0642
LEU,179,N,2792,23.64699935913086,-12.668999671936035,19.506999969482422,-0.4157
LEU,179,CA,2793,23.709999084472656,-12.029999732971191,18.20400047302246,-0.0518
LEU,179,C,2794,23.768999099731445,-13.0,17.041000366210938,0.5973
LEU,179,O,2795,23.270999908447266,-12.692999839782715,15.958000183105469,-0.5679
LEU,179,CB,2796,24.930999755859375,-11.11400032043457,18.152000427246094,-0.1102
LEU,179,CG,2797,24.857999801635742,-9.904000282287598,19.055999755859375,0.3531
LEU,179,CD1,2798,26.187000274658203,-9.166999816894531,19.02899932861328,-0.4121
LEU,179,CD2,2799,23.722000122070312,-9.022000312805176,18.583999633789062,-0.4121
LEU,179,H,2800,24.423999786376953,-12.545999526977539,20.131999969482422,0.2719
LEU,179,HA,2801,22.801000595092773,-11.442999839782715,18.070999145507812,0.0922
LEU,179,1HB,2802,25.81399917602539,-11.692000389099121,18.43000030517578,0.0457
LEU,179,2HB,2803,25.05900001525879,-10.765999794006348,17.1299991607666,0.0457
LEU,179,HG,2804,24.676000595092773,-10.220999717712402,20.084999084472656,-0.0361
LEU,179,1HD1,2805,26.141000747680664,-8.303999900817871,19.67099952697754,0.1
LEU,179,2HD1,2806,26.975000381469727,-9.829000473022461,19.375,0.1
LEU,179,3HD1,2807,26.40399932861328,-8.848999977111816,18.02899932861328,0.1
LEU,179,1HD2,2808,23.65399932861328,-8.156999588012695,19.216999053955078,0.1
LEU,179,2HD2,2809,23.905000686645508,-8.710000038146973,17.56800079345703,0.1
LEU,179,3HD2,2810,22.784000396728516,-9.57699966430664,18.628000259399414,0.1
