Residue,ResNum,Atom,AtomNum,X,Y,Z,Charge
SER,1,N,1,22.839000701904297,-11.885000228881836,6.915999889373779,-0.4157
SER,1,CA,2,23.902000427246094,-10.932999610900879,7.2220001220703125,-0.0249
SER,1,C,3,23.660999298095703,-10.25,8.567999839782715,0.5973
SER,1,O,4,22.658000946044922,-10.513999938964844,9.230999946594238,-0.5679
SER,1,CB,5,23.996999740600586,-9.887999534606934,6.119999885559082,0.2117
SER,1,OG,6,22.875,-9.04800033569336,6.113999843597412,-0.6546
SER,1,1H,7,23.023000717163086,-12.319999694824219,6.0229997634887695,0.2719
SER,1,2H,8,22.804000854492188,-12.593999862670898,7.633999824523926,0.2719
SER,1,3H,9,21.95400047302246,-11.401000022888184,6.876999855041504,0.2719
SER,1,HA,10,24.850000381469727,-11.472000122070312,7.27400016784668,0.0843
SER,1,1HB,11,24.878999710083008,-9.295999526977539,6.252999782562256,0.0352
SER,1,2HB,12,24.083999633789062,-10.381999969482422,5.1539998054504395,0.0352
SER,1,HG,13,23.149999618530273,-8.24899959564209,5.639999866485596,0.4275
HID,2,N,14,24.54400062561035,-9.319000244140625,8.920999526977539,-0.4157
HID,2,CA,15,24.45599937438965,-8.586000442504883,10.180000305175781,0.0188
HID,2,C,16,24.638999938964844,-7.111999988555908,9.90999984741211,0.5973
HID,2,O,17,25.447999954223633,-6.732999801635742,9.071000099182129,-0.5679
HID,2,CB,18,25.49799919128418,-9.081999778747559,11.164999961853027,-0.0462
HID,2,CG,19,25.31800079345703,-10.505999565124512,11.543999671936035,-0.0266
HID,2,CD2,20,25.929000854492188,-11.628999710083008,11.098999977111816,0.1292
HID,2,ND1,21,24.413000106811523,-10.91100025177002,12.496999740600586,-0.3811
HID,2,CE1,22,24.47599983215332,-12.22700023651123,12.621000289916992,0.2057
HID,2,NE2,23,25.38800048828125,-12.682000160217285,11.782999992370605,-0.5727
HID,2,H,24,25.367000579833984,-9.187999725341797,8.347000122070312,0.2719
HID,2,HA,25,23.469999313354492,-8.720000267028809,10.619000434875488,0.0881
HID,2,1HB,26,26.489999771118164,-8.961999893188477,10.730999946594238,0.0402
HID,2,2HB,27,25.45800018310547,-8.47700023651123,12.069000244140625,0.0402
HID,2,HD1,28,23.743000030517578,-10.32699966430664,12.972000122070312,0.3649
HID,2,HD2,29,26.70800018310547,-11.802000045776367,10.354000091552734,0.1147
HID,2,HE1,30,23.833999633789062,-12.746999740600586,13.32800006866455,0.1392
SER,3,N,31,23.968000411987305,-6.255000114440918,10.67300033569336,-0.4157
SER,3,CA,32,24.18899917602539,-4.836999893188477,10.404000282287598,-0.0249
SER,3,C,33,24.29599952697754,-3.9079999923706055,11.609000205993652,0.5973
SER,3,O,34,23.548999786376953,-4.01200008392334,12.581000328063965,-0.5679
SER,3,CB,35,23.093000411987305,-4.283999919891357,9.510000228881836,0.2117
SER,3,OG,36,23.298999786376953,-2.9149999618530273,9.282999992370605,-0.6546
SER,3,H,37,23.336000442504883,-6.59499979019165,11.394000053405762,0.2719
SER,3,HA,38,25.14299964904785,-4.752999782562256,9.89799976348877,0.0843
SER,3,1HB,39,23.09000015258789,-4.824999809265137,8.564000129699707,0.0352
SER,3,2HB,40,22.125999450683594,-4.442999839782715,9.984000205993652,0.0352
SER,3,HG,41,23.280000686645508,-2.496000051498413,10.14799976348877,0.4275
MET,4,N,42,25.302000045776367,-3.0450000762939453,11.571000099182129,-0.4157
MET,4,CA,43,25.4689998626709,-2.055999994277954,12.628000259399414,-0.0237
MET,4,C,44,24.73900032043457,-0.8029999732971191,12.218999862670898,0.5973
MET,4,O,45,24.98900032043457,-0.2720000147819519,11.142999649047852,-0.5679
MET,4,CB,46,26.937000274658203,-1.7450000047683716,12.923999786376953,0.0342
MET,4,CG,47,27.11400032043457,-0.7450000047683716,14.057999610900879,0.0018
MET,4,SD,48,26.55900001525879,-1.3949999809265137,15.630999565124512,-0.2737
MET,4,CE,49,26.424999237060547,0.0689999982714653,16.632999420166016,-0.0536
MET,4,H,50,25.934999465942383,-3.056999921798706,10.781000137329102,0.2719
MET,4,HA,51,25.041000366210938,-2.4509999752044678,13.545999526977539,0.088
MET,4,1HB,52,27.46299934387207,-2.6429998874664307,13.184000015258789,0.0241
MET,4,2HB,53,27.413999557495117,-1.343000054359436,12.026000022888184,0.0241
MET,4,1HG,54,28.16699981689453,-0.4749999940395355,14.145000457763672,0.044
MET,4,2HG,55,26.55299949645996,0.15299999713897705,13.83899974822998,0.044
MET,4,1HE,56,26.08799934387207,-0.20600000023841858,17.634000778198242,0.0684
MET,4,2HE,57,27.391000747680664,0.5509999990463257,16.695999145507812,0.0684
MET,4,3HE,58,25.70400047302246,0.7549999952316284,16.18199920654297,0.0684
ARG,5,N,59,23.93899917602539,-0.24400000274181366,13.12399959564209,-0.3479
ARG,5,CA,60,23.190000534057617,0.9520000219345093,12.791999816894531,-0.2637
ARG,5,C,61,23.31599998474121,2.0280001163482666,13.854999542236328,0.7341
ARG,5,O,62,23.191999435424805,1.7719999551773071,15.04699993133545,-0.5894
ARG,5,CB,63,21.714000701904297,0.6600000262260437,12.588000297546387,-0.0007
ARG,5,CG,64,21.33799934387207,-0.33399999141693115,11.520999908447266,0.039
ARG,5,CD,65,21.591999053955078,0.17299999296665192,10.16100025177002,0.0486
ARG,5,NE,66,21.194000244140625,-0.7940000295639038,9.163000106811523,-0.5295
ARG,5,CZ,67,19.961999893188477,-0.8519999980926514,8.607999801635742,0.8076
ARG,5,NH1,68,19.033000946044922,0.008999999612569809,8.972999572753906,-0.8627
ARG,5,NH2,69,19.687000274658203,-1.7730000019073486,7.701000213623047,-0.8627
ARG,5,H,70,23.743000030517578,-0.7350000143051147,13.982999801635742,0.2747
ARG,5,HA,71,23.593000411987305,1.3609999418258667,11.866999626159668,0.156
ARG,5,1HB,72,21.295000076293945,0.2849999964237213,13.515000343322754,0.0327
ARG,5,2HB,73,21.204999923706055,1.5839999914169312,12.34000015258789,0.0327
ARG,5,1HG,74,21.92099952697754,-1.2480000257492065,11.649999618530273,0.0285
ARG,5,2HG,75,20.275999069213867,-0.5659999847412109,11.600000381469727,0.0285
ARG,5,1HD,76,21.025999069213867,1.0880000591278076,10.005999565124512,0.0687
ARG,5,2HD,77,22.64900016784668,0.3790000081062317,10.041000366210938,0.0687
ARG,5,HE,78,21.881999969482422,-1.465999960899353,8.86299991607666,0.3456
ARG,5,1HH1,79,19.243000030517578,0.7139999866485596,9.666999816894531,0.4478
ARG,5,2HH1,80,18.11400032043457,-0.03400000184774399,8.559000015258789,0.4478
ARG,5,1HH2,81,20.39900016784668,-2.434999942779541,7.421000003814697,0.4478
ARG,5,2HH2,82,18.768999099731445,-1.8170000314712524,7.2870001792907715,0.4478
TYR,6,N,83,23.413999557495117,3.260999917984009,13.409000396728516,-0.4157
TYR,6,CA,84,23.496000289916992,4.389999866485596,14.305999755859375,-0.0014
TYR,6,C,85,22.358999252319336,5.3429999351501465,13.986000061035156,0.5973
TYR,6,O,86,22.259000778198242,5.8420000076293945,12.866000175476074,-0.5679
TYR,6,CB,87,24.83799934387207,5.090000152587891,14.180999755859375,-0.0152
TYR,6,CG,88,26.04199981689453,4.244999885559082,14.526000022888184,-0.0011
TYR,6,CD1,89,26.643999099731445,3.4700000286102295,13.548999786376953,-0.1906
TYR,6,CD2,90,26.545000076293945,4.242000102996826,15.815999984741211,-0.1906
TYR,6,CE1,91,27.736000061035156,2.700000047683716,13.847999572753906,-0.2341
TYR,6,CE2,92,27.645999908447266,3.4660000801086426,16.121000289916992,-0.2341
TYR,6,CZ,93,28.23900032043457,2.697000026702881,15.140000343322754,0.3226
TYR,6,OH,94,29.334999084472656,1.9240000247955322,15.440999984741211,-0.5579
TYR,6,H,95,23.617000579833984,3.4119999408721924,12.4350004196167,0.2719
TYR,6,HA,96,23.391000747680664,4.046999931335449,15.333999633789062,0.0876
TYR,6,1HB,97,24.966999053955078,5.439000129699707,13.166000366210938,0.0295
TYR,6,2HB,98,24.851999282836914,5.953000068664551,14.82800006866455,0.0295
TYR,6,HD1,99,26.253999710083008,3.4709999561309814,12.543000221252441,0.1699
TYR,6,HD2,100,26.070999145507812,4.85099983215332,16.586999893188477,0.1699
TYR,6,HE1,101,28.202999114990234,2.0929999351501465,13.071999549865723,0.1656
TYR,6,HE2,102,28.04400062561035,3.4600000381469727,17.13599967956543,0.1656
TYR,6,HH,103,29.621999740600586,1.4550000429153442,14.654000282287598,0.3992
PHE,7,N,104,21.514999389648438,5.623000144958496,14.96399974822998,-0.4157
PHE,7,CA,105,20.35700035095215,6.464000225067139,14.711999893188477,-0.0024
PHE,7,C,106,20.42300033569336,7.73799991607666,15.508999824523926,0.5973
PHE,7,O,107,20.60099983215332,7.72599983215332,16.72599983215332,-0.5679
PHE,7,CB,108,19.042999267578125,5.775000095367432,15.029999732971191,-0.0343
PHE,7,CG,109,18.73699951171875,4.609000205993652,14.161999702453613,0.0118
PHE,7,CD1,110,19.156999588012695,3.361999988555908,14.51200008392334,-0.1256
PHE,7,CD2,111,18.02400016784668,4.771999835968018,12.989999771118164,-0.1256
PHE,7,CE1,112,18.878999710083008,2.2760000228881836,13.717000007629395,-0.1704
PHE,7,CE2,113,17.73699951171875,3.690000057220459,12.182999610900879,-0.1704
PHE,7,CZ,114,18.16900062561035,2.434000015258789,12.550999641418457,-0.1072
PHE,7,H,115,21.56100082397461,5.103000164031982,15.82800006866455,0.2719
PHE,7,HA,116,20.35300064086914,6.742000102996826,13.663999557495117,0.0978
PHE,7,1HB,117,19.05699920654297,5.429999828338623,16.06599998474121,0.0295
PHE,7,2HB,118,18.22800064086914,6.489999771118164,14.932999610900879,0.0295
PHE,7,HD1,119,19.714000701904297,3.24399995803833,15.432999610900879,0.133
PHE,7,HD2,120,17.687000274658203,5.769999980926514,12.706999778747559,0.133
PHE,7,HE1,121,19.222000122070312,1.2860000133514404,14.010000228881836,0.143
PHE,7,HE2,122,17.173999786376953,3.8259999752044678,11.260000228881836,0.143
PHE,7,HZ,123,17.95199966430664,1.5720000267028809,11.92199993133545,0.1297
TYR,8,N,124,20.488000869750977,8.854999542236328,14.79699993133545,-0.4157
TYR,8,CA,125,20.69700050354004,10.112000465393066,15.472999572753906,-0.0014
TYR,8,C,126,19.406999588012695,10.89799976348877,15.378999710083008,0.5973
TYR,8,O,127,18.937999725341797,11.1850004196167,14.282999992370605,-0.5679
TYR,8,CB,128,21.851999282836914,10.855999946594238,14.862000465393066,-0.0152
TYR,8,CG,129,23.163999557495117,10.125,14.932000160217285,-0.0011
TYR,8,CD1,130,23.518999099731445,9.272000312805176,13.897000312805176,-0.1906
TYR,8,CD2,131,23.992000579833984,10.29800033569336,15.991999626159668,-0.1906
TYR,8,CE1,132,24.70599937438965,8.595000267028809,13.935999870300293,-0.2341
TYR,8,CE2,133,25.194000244140625,9.623000144958496,16.04800033569336,-0.2341
TYR,8,CZ,134,25.554000854492188,8.77299976348877,15.02400016784668,0.3226
TYR,8,OH,135,26.753999710083008,8.097000122070312,15.074000358581543,-0.5579
TYR,8,H,136,20.503999710083008,8.812000274658203,13.788000106811523,0.2719
TYR,8,HA,137,20.902999877929688,9.925999641418457,16.520999908447266,0.0876
TYR,8,1HB,138,21.639999389648438,11.053000450134277,13.847999572753906,0.0295
TYR,8,2HB,139,21.975000381469727,11.812000274658203,15.366000175476074,0.0295
TYR,8,HD1,140,22.85300064086914,9.13700008392334,13.050999641418457,0.1699
TYR,8,HD2,141,23.701000213623047,10.961000442504883,16.781999588012695,0.1699
TYR,8,HE1,142,24.97800064086914,7.927000045776367,13.119999885559082,0.1656
TYR,8,HE2,143,25.858999252319336,9.762999534606934,16.902000427246094,0.1656
TYR,8,HH,144,26.847000122070312,7.551000118255615,14.288999557495117,0.3992
THR,9,N,145,18.910999298095703,11.38599967956543,16.496000289916992,-0.4157
THR,9,CA,146,17.68600082397461,12.15999984741211,16.44700050354004,-0.0389
THR,9,C,147,17.875,13.531999588012695,17.076000213623047,0.5973
THR,9,O,148,18.320999145507812,13.664999961853027,18.21500015258789,-0.5679
THR,9,CB,149,16.541000366210938,11.406999588012695,17.1560001373291,0.3654
THR,9,CG2,150,15.277000427246094,12.194999694824219,17.062000274658203,-0.2438
THR,9,OG1,151,16.3439998626709,10.119000434875488,16.551000595092773,-0.6761
THR,9,H,152,19.36400032043457,11.204999923706055,17.375,0.2719
THR,9,HA,153,17.413999557495117,12.326000213623047,15.404000282287598,0.1007
THR,9,HB,154,16.798999786376953,11.26099967956543,18.197999954223633,0.0043
THR,9,HG1,155,16.118999481201172,10.213000297546387,15.621000289916992,0.4102
THR,9,1HG2,156,14.473999977111816,11.656999588012695,17.565000534057617,0.0642
THR,9,2HG2,157,15.420999526977539,13.149999618530273,17.531999588012695,0.0642
THR,9,3HG2,158,15.017000198364258,12.336000442504883,16.013999938964844,0.0642
ALA,10,N,159,17.74799919128418,14.57699966430664,16.260000228881836,-0.4157
ALA,10,CA,160,17.993999481201172,15.918999671936035,16.756000518798828,0.0337
ALA,10,C,161,16.673999786376953,16.666000366210938,16.695999145507812,0.5973
ALA,10,O,162,16.1299991607666,16.8799991607666,15.618000030517578,-0.5679
ALA,10,CB,163,19.062000274658203,16.607999801635742,15.942000389099121,-0.1825
ALA,10,H,164,17.56800079345703,14.437000274658203,15.276000022888184,0.2719
ALA,10,HA,165,18.33300018310547,15.866999626159668,17.768999099731445,0.0823
ALA,10,1HB,166,19.204999923706055,17.615999221801758,16.30900001525879,0.0603
ALA,10,2HB,167,19.989999771118164,16.052000045776367,16.031999588012695,0.0603
ALA,10,3HB,168,18.760000228881836,16.641000747680664,14.916000366210938,0.0603
VAL,11,N,169,16.208999633789062,17.174999237060547,17.829999923706055,-0.4157
VAL,11,CA,170,14.890000343322754,17.80500030517578,17.81599998474121,-0.0875
VAL,11,C,171,14.854999542236328,19.211000442504883,18.37299919128418,0.5973
VAL,11,O,172,15.34000015258789,19.475000381469727,19.469999313354492,-0.5679
VAL,11,CB,173,13.880999565124512,16.96299934387207,18.615999221801758,0.2985
VAL,11,CG1,174,12.515999794006348,17.642000198364258,18.597999572753906,-0.3192
VAL,11,CG2,175,13.815999984741211,15.583999633789062,18.03499984741211,-0.3192
VAL,11,H,176,16.70800018310547,17.010000228881836,18.69499969482422,0.2719
VAL,11,HA,177,14.559000015258789,17.878000259399414,16.783000946044922,0.0969
VAL,11,HB,178,14.199000358581543,16.90399932861328,19.659000396728516,-0.0297
VAL,11,1HG1,179,11.803999900817871,17.045000076293945,19.166000366210938,0.0791
VAL,11,2HG1,180,12.595000267028809,18.628000259399414,19.04599952697754,0.0791
VAL,11,3HG1,181,12.170000076293945,17.736000061035156,17.566999435424805,0.0791
VAL,11,1HG2,182,13.104000091552734,14.984000205993652,18.597999572753906,0.0791
VAL,11,2HG2,183,13.5,15.642999649047852,17.000999450683594,0.0791
VAL,11,3HG2,184,14.793999671936035,15.131999969482422,18.089000701904297,0.0791
SER,12,N,185,14.439000129699707,20.160999298095703,17.53499984741211,-0.4157
SER,12,CA,186,14.428000450134277,21.54400062561035,17.9689998626709,-0.0249
SER,12,C,187,13.319000244140625,21.756999969482422,18.958999633789062,0.5973
SER,12,O,188,12.244999885559082,21.17300033569336,18.84600067138672,-0.5679
SER,12,CB,189,14.255999565124512,22.48900032043457,16.79400062561035,0.2117
SER,12,OG,190,15.331000328063965,22.402999877929688,15.907999992370605,-0.6546
SER,12,H,191,14.157999992370605,19.922000885009766,16.59600067138672,0.2719
SER,12,HA,192,15.378000259399414,21.768999099731445,18.441999435424805,0.0843
SER,12,1HB,193,13.342000007629395,22.253999710083008,16.273000717163086,0.0352
SER,12,2HB,194,14.170999526977539,23.51099967956543,17.15999984741211,0.0352
SER,12,HG,195,15.347999572753906,21.493000030517578,15.60200023651123,0.4275
ARG,13,N,196,13.552000045776367,22.6299991607666,19.91900062561035,-0.3479
ARG,13,CA,197,12.526000022888184,22.964000701904297,20.886999130249023,-0.2637
ARG,13,C,198,12.638999938964844,24.427000045776367,21.309999465942383,0.7341
ARG,13,O,199,13.057999610900879,24.715999603271484,22.429000854492188,-0.5894
ARG,13,CB,200,12.62600040435791,22.072999954223633,22.1200008392334,-0.0007
ARG,13,CG,201,12.36299991607666,20.591999053955078,21.861000061035156,0.039
ARG,13,CD,202,12.428000450134277,19.785999298095703,23.08300018310547,0.0486
ARG,13,NE,203,12.175000190734863,18.386999130249023,22.799999237060547,-0.5295
ARG,13,CZ,204,12.17199993133545,17.40999984741211,23.71299934387207,0.8076
ARG,13,NH1,205,12.40999984741211,17.68899917602539,24.974000930786133,-0.8627
ARG,13,NH2,206,11.928000450134277,16.166000366210938,23.343000411987305,-0.8627
ARG,13,H,207,14.446999549865723,23.09600067138672,19.959999084472656,0.2747
ARG,13,HA,208,11.548999786376953,22.80699920654297,20.43199920654297,0.156
ARG,13,1HB,209,13.621000289916992,22.160999298095703,22.554000854492188,0.0327
ARG,13,2HB,210,11.916999816894531,22.4060001373291,22.86199951171875,0.0327
ARG,13,1HG,211,11.368000030517578,20.4689998626709,21.430999755859375,0.0285
ARG,13,2HG,212,13.10200023651123,20.202999114990234,21.16900062561035,0.0285
ARG,13,1HD,213,13.418999671936035,19.878000259399414,23.527000427246094,0.0687
ARG,13,2HD,214,11.677000045776367,20.138999938964844,23.79199981689453,0.0687
ARG,13,HE,215,11.987000465393066,18.128999710083008,21.839000701904297,0.3456
ARG,13,1HH1,216,12.595999717712402,18.641000747680664,25.2549991607666,0.4478
ARG,13,2HH1,217,12.407999992370605,16.95199966430664,25.663999557495117,0.4478
ARG,13,1HH2,218,11.746000289916992,15.954000473022461,22.371000289916992,0.4478
ARG,13,2HH2,219,11.925000190734863,15.425000190734863,24.02899932861328,0.4478
PRO,14,N,220,12.12399959564209,25.361000061035156,20.490999221801758,-0.2548
PRO,14,CA,221,12.098999977111816,26.79199981689453,20.735000610351562,-0.0266
PRO,14,C,222,11.432999610900879,27.136999130249023,22.04800033569336,0.5896
PRO,14,O,223,10.362000465393066,26.624000549316406,22.371999740600586,-0.5748
PRO,14,CB,224,11.305000305175781,27.312000274658203,19.531999588012695,-0.007
PRO,14,CG,225,11.609000205993652,26.312999725341797,18.450000762939453,0.0189
PRO,14,CD,226,11.663999557495117,25.000999450683594,19.128000259399414,0.0192
PRO,14,HA,227,13.130999565124512,27.172000885009766,20.729000091552734,0.0641
PRO,14,1HB,228,10.234999656677246,27.367000579833984,19.77899932861328,0.0253
PRO,14,2HB,229,11.625,28.33300018310547,19.277999877929688,0.0253
PRO,14,1HG,230,10.842000007629395,26.344999313354492,17.680999755859375,0.0213
PRO,14,2HG,231,12.559000015258789,26.562000274658203,17.957000732421875,0.0213
PRO,14,1HD,232,10.663999557495117,24.538999557495117,19.150999069213867,0.0391
PRO,14,2HD,233,12.364999771118164,24.389999389648438,18.586999893188477,0.0391
GLY,15,N,234,12.083000183105469,28.020000457763672,22.802000045776367,-0.4157
GLY,15,CA,235,11.597000122070312,28.464000701904297,24.097000122070312,-0.0252
GLY,15,C,236,11.928999900817871,27.48900032043457,25.222999572753906,0.5973
GLY,15,O,237,11.656999588012695,27.77199935913086,26.389999389648438,-0.5679
GLY,15,H,238,12.954999923706055,28.399999618530273,22.461000442504883,0.2719
GLY,15,1HA,239,12.031999588012695,29.434999465942383,24.332000732421875,0.0698
GLY,15,2HA,240,10.517000198364258,28.594999313354492,24.049999237060547,0.0698
ARG,16,N,241,12.541000366210938,26.35099983215332,24.885000228881836,-0.3479
ARG,16,CA,242,12.866999626159668,25.334999084472656,25.874000549316406,-0.2637
ARG,16,C,243,14.355999946594238,24.9950008392334,25.8799991607666,0.7341
ARG,16,O,244,14.763999938964844,23.996999740600586,26.475000381469727,-0.5894
ARG,16,CB,245,12.071000099182129,24.066999435424805,25.621999740600586,-0.0007
ARG,16,CG,246,10.567999839782715,24.218000411987305,25.711999893188477,0.039
ARG,16,CD,247,9.876999855041504,22.92099952697754,25.483999252319336,0.0486
ARG,16,NE,248,8.432999610900879,23.05299949645996,25.56399917602539,-0.5295
ARG,16,CZ,249,7.563000202178955,22.034000396728516,25.424999237060547,0.8076
ARG,16,NH1,250,8.005000114440918,20.816999435424805,25.198999404907227,-0.8627
ARG,16,NH2,251,6.263000011444092,22.257999420166016,25.516000747680664,-0.8627
ARG,16,H,252,12.72599983215332,26.148000717163086,23.913000106811523,0.2747
ARG,16,HA,253,12.588000297546387,25.711000442504883,26.858999252319336,0.156
ARG,16,1HB,254,12.300000190734863,23.69499969482422,24.643999099731445,0.0327
ARG,16,2HB,255,12.366000175476074,23.30299949645996,26.340999603271484,0.0327
ARG,16,1HG,256,10.29800033569336,24.58300018310547,26.702999114990234,0.0285
ARG,16,2HG,257,10.229000091552734,24.929000854492188,24.957000732421875,0.0285
ARG,16,1HD,258,10.128999710083008,22.54400062561035,24.493999481201172,0.0687
ARG,16,2HD,259,10.194999694824219,22.201000213623047,26.23699951171875,0.0687
ARG,16,HE,260,8.053000450134277,23.975000381469727,25.73699951171875,0.3456
ARG,16,1HH1,261,8.998000144958496,20.645999908447266,25.131000518798828,0.4478
ARG,16,2HH1,262,7.353000164031982,20.054000854492188,25.094999313354492,0.4478
ARG,16,1HH2,263,5.921999931335449,23.19300079345703,25.68899917602539,0.4478
ARG,16,2HH2,264,5.611000061035156,21.493999481201172,25.410999298095703,0.4478
GLY,17,N,265,15.164999961853027,25.827999114990234,25.22100067138672,-0.4157
GLY,17,CA,266,16.604999542236328,25.584999084472656,25.14900016784668,-0.0252
GLY,17,C,267,17.02199935913086,25.038000106811523,23.785999298095703,0.5973
GLY,17,O,268,16.204999923706055,24.923999786376953,22.871999740600586,-0.5679
GLY,17,H,269,14.776000022888184,26.639999389648438,24.761999130249023,0.2719
GLY,17,1HA,270,17.138999938964844,26.514999389648438,25.344999313354492,0.0698
GLY,17,2HA,271,16.895000457763672,24.878000259399414,25.924999237060547,0.0698
GLU,18,N,272,18.31100082397461,24.729000091552734,23.6560001373291,-0.5163
GLU,18,CA,273,18.882999420166016,24.264999389648438,22.393999099731445,0.0397
GLU,18,C,274,18.351999282836914,22.861000061035156,22.06599998474121,0.5366
GLU,18,O,275,17.91900062561035,22.15399932861328,22.976999282836914,-0.5819
GLU,18,CB,276,20.405000686645508,24.263999938964844,22.49799919128418,0.056
GLU,18,CG,277,21.020999908447266,25.639999389648438,22.700000762939453,0.0136
GLU,18,CD,278,20.86400032043457,26.551000595092773,21.496000289916992,0.8054
GLU,18,OE1,279,21.187000274658203,26.13599967956543,20.4060001373291,-0.8188
GLU,18,OE2,280,20.41900062561035,27.660999298095703,21.673999786376953,-0.8188
GLU,18,H,281,18.91900062561035,24.832000732421875,24.45599937438965,0.2936
GLU,18,HA,282,18.565000534057617,24.95800018310547,21.62700080871582,0.1105
GLU,18,1HB,283,20.709999084472656,23.635000228881836,23.33099937438965,-0.0173
GLU,18,2HB,284,20.829999923706055,23.84600067138672,21.613000869750977,-0.0173
GLU,18,1HG,285,20.549999237060547,26.11400032043457,23.559999465942383,-0.0425
GLU,18,2HG,286,22.08099937438965,25.520000457763672,22.91900062561035,-0.0425
PRO,19,N,287,18.365999221801758,22.43199920654297,20.785999298095703,-0.2548
PRO,19,CA,288,17.927000045776367,21.12700080871582,20.31399917602539,-0.0266
PRO,19,C,289,18.533000946044922,19.93600082397461,21.06100082397461,0.5896
PRO,19,O,290,19.674999237060547,19.972000122070312,21.52899932861328,-0.5748
PRO,19,CB,291,18.3799991607666,21.13599967956543,18.854999542236328,-0.007
PRO,19,CG,292,18.3439998626709,22.600000381469727,18.4689998626709,0.0189
PRO,19,CD,293,18.82200050354004,23.32900047302246,19.683000564575195,0.0192
PRO,19,HA,294,16.836000442504883,21.094999313354492,20.40399932861328,0.0641
PRO,19,1HB,295,19.375999450683594,20.697999954223633,18.77199935913086,0.0253
PRO,19,2HB,296,17.70400047302246,20.517000198364258,18.25,0.0253
PRO,19,1HG,297,18.985000610351562,22.777999877929688,17.593000411987305,0.0213
PRO,19,2HG,298,17.332000732421875,22.895999908447266,18.179000854492188,0.0213
PRO,19,1HD,299,19.905000686645508,23.417999267578125,19.655000686645508,0.0391
PRO,19,2HD,300,18.347999572753906,24.309999465942383,19.70199966430664,0.0391
ARG,20,N,301,17.687000274658203,18.93400001525879,21.277999877929688,-0.3479
ARG,20,CA,302,18.06399917602539,17.704999923706055,21.9689998626709,-0.2637
ARG,20,C,303,18.80699920654297,16.79599952697754,21.000999450683594,0.7341
ARG,20,O,304,18.368999481201172,16.611000061035156,19.87700080871582,-0.5894
ARG,20,CB,305,16.825000762939453,17.00200080871582,22.51099967956543,-0.0007
ARG,20,CG,306,17.084999084472656,15.782999992370605,23.389999389648438,0.039
ARG,20,CD,307,15.802000045776367,15.244000434875488,23.940000534057617,0.0486
ARG,20,NE,308,16.00200080871582,14.093999862670898,24.82900047302246,-0.5295
ARG,20,CZ,309,14.984999656677246,13.397000312805176,25.413000106811523,0.8076
ARG,20,NH1,310,13.734000205993652,13.744000434875488,25.18899917602539,-0.8627
ARG,20,NH2,311,15.241000175476074,12.375,26.200000762939453,-0.8627
ARG,20,H,312,16.79400062561035,18.972999572753906,20.80500030517578,0.2747
ARG,20,HA,313,18.722000122070312,17.95400047302246,22.80299949645996,0.156
ARG,20,1HB,314,16.238000869750977,17.704999923706055,23.10300064086914,0.0327
ARG,20,2HB,315,16.201000213623047,16.672000885009766,21.67799949645996,0.0327
ARG,20,1HG,316,17.56599998474121,15.006999969482422,22.804000854492188,0.0285
ARG,20,2HG,317,17.73200035095215,16.062000274658203,24.22100067138672,0.0285
ARG,20,1HD,318,15.29699993133545,16.02199935913086,24.510000228881836,0.0687
ARG,20,2HD,319,15.163999557495117,14.920999526977539,23.118000030517578,0.0687
ARG,20,HE,320,16.968000411987305,13.79699993133545,25.024999618530273,0.3456
ARG,20,1HH1,321,13.527000427246094,14.527999877929688,24.583999633789062,0.4478
ARG,20,2HH1,322,12.982000350952148,13.22599983215332,25.6200008392334,0.4478
ARG,20,1HH2,323,16.194000244140625,12.10200023651123,26.378000259399414,0.4478
ARG,20,2HH2,324,14.482999801635742,11.86400032043457,26.628000259399414,0.4478
PHE,21,N,325,19.82699966430664,16.094999313354492,21.483999252319336,-0.4157
PHE,21,CA,326,20.542999267578125,15.114999771118164,20.66200065612793,-0.0024
PHE,21,C,327,20.582000732421875,13.718999862670898,21.267000198364258,0.5973
PHE,21,O,328,21.11400032043457,13.496000289916992,22.354000091552734,-0.5679
PHE,21,CB,329,21.961999893188477,15.605999946594238,20.433000564575195,-0.0343
PHE,21,CG,330,22.816999435424805,14.71399974822998,19.628000259399414,0.0118
PHE,21,CD1,331,22.701000213623047,14.625,18.2549991607666,-0.1256
PHE,21,CD2,332,23.76300048828125,13.944999694824219,20.277999877929688,-0.1256
PHE,21,CE1,333,23.525999069213867,13.776000022888184,17.558000564575195,-0.1704
PHE,21,CE2,334,24.57900047302246,13.105999946594238,19.59000015258789,-0.1704
PHE,21,CZ,335,24.466999053955078,13.015999794006348,18.236000061035156,-0.1072
PHE,21,H,336,20.11199951171875,16.218000411987305,22.441999435424805,0.2719
PHE,21,HA,337,20.024999618530273,15.027000427246094,19.70800018310547,0.0978
PHE,21,1HB,338,21.92799949645996,16.57200050354004,19.929000854492188,0.0295
PHE,21,2HB,339,22.450000762939453,15.75,21.381999969482422,0.0295
PHE,21,HD1,340,21.954999923706055,15.232999801635742,17.739999771118164,0.133
PHE,21,HD2,341,23.84600067138672,14.020999908447266,21.354000091552734,0.133
PHE,21,HE1,342,23.44099998474121,13.701000213623047,16.48200035095215,0.143
PHE,21,HE2,343,25.320999145507812,12.505000114440918,20.117000579833984,0.143
PHE,21,HZ,344,25.121000289916992,12.343000411987305,17.691999435424805,0.1297
ILE,22,N,345,20.038999557495117,12.76099967956543,20.516000747680664,-0.4157
ILE,22,CA,346,19.93199920654297,11.387999534606934,20.972000122070312,-0.0597
ILE,22,C,347,20.636999130249023,10.439000129699707,20.000999450683594,0.5973
ILE,22,O,348,20.349000930786133,10.4350004196167,18.812000274658203,-0.5679
ILE,22,CB,349,18.466999053955078,10.951000213623047,21.131000518798828,0.1303
ILE,22,CG1,350,17.756000518798828,11.833000183105469,22.124000549316406,-0.043
ILE,22,CG2,351,18.409000396728516,9.48799991607666,21.562999725341797,-0.3204
ILE,22,CD1,352,16.270999908447266,11.595999717712402,22.155000686645508,-0.066
ILE,22,H,353,19.511999130249023,13.02299976348877,19.69499969482422,0.2719
ILE,22,HA,354,20.429000854492188,11.303999900817871,21.929000854492188,0.0869
ILE,22,HB,355,17.952999114990234,11.065999984741211,20.184999465942383,0.0187
ILE,22,1HG1,356,18.16699981689453,11.652000427246094,23.1200008392334,0.0236
ILE,22,2HG1,357,17.941999435424805,12.871000289916992,21.87299919128418,0.0236
ILE,22,1HG2,358,17.3700008392334,9.182000160217285,21.674999237060547,0.0882
ILE,22,2HG2,359,18.88599967956543,8.869999885559082,20.812000274658203,0.0882
ILE,22,3HG2,360,18.927000045776367,9.368000030517578,22.516000747680664,0.0882
ILE,22,1HD1,361,15.814000129699707,12.24899959564209,22.878000259399414,0.0186
ILE,22,2HD1,362,15.848999977111816,11.79699993133545,21.167999267578125,0.0186
ILE,22,3HD1,363,16.073999404907227,10.560999870300293,22.43000030517578,0.0186
SER,23,N,364,21.53499984741211,9.607000350952148,20.496999740600586,-0.4157
SER,23,CA,365,22.236000061035156,8.685999870300293,19.607999801635742,-0.0249
SER,23,C,366,22.073999404907227,7.267000198364258,20.100000381469727,0.5973
SER,23,O,367,22.527000427246094,6.940999984741211,21.18899917602539,-0.5679
SER,23,CB,368,23.704999923706055,9.045000076293945,19.52199935913086,0.2117
SER,23,OG,369,24.40399932861328,8.121000289916992,18.73699951171875,-0.6546
SER,23,H,370,21.79199981689453,9.668000221252441,21.469999313354492,0.2719
SER,23,HA,371,21.804000854492188,8.753999710083008,18.614999771118164,0.0843
SER,23,1HB,372,23.809999465942383,10.039999961853027,19.097000122070312,0.0352
SER,23,2HB,373,24.12700080871582,9.071000099182129,20.506999969482422,0.0352
SER,23,HG,374,23.996999740600586,8.152999877929688,17.867000579833984,0.4275
VAL,24,N,375,21.648000717163086,6.359000205993652,19.21500015258789,-0.4157
VAL,24,CA,376,21.461999893188477,4.986000061035156,19.66699981689453,-0.0875
VAL,24,C,377,22.05500030517578,3.9579999446868896,18.700000762939453,0.5973
VAL,24,O,378,21.937000274658203,4.071000099182129,17.481000900268555,-0.5679
VAL,24,CB,379,19.97599983215332,4.6479997634887695,19.891000747680664,0.2985
VAL,24,CG1,380,19.871000289916992,3.2269999980926514,20.392000198364258,-0.3192
VAL,24,CG2,381,19.354999542236328,5.614999771118164,20.857999801635742,-0.3192
VAL,24,H,382,21.2450008392334,6.668000221252441,18.34000015258789,0.2719
VAL,24,HA,383,21.981000900268555,4.875,20.611000061035156,0.0969
VAL,24,HB,384,19.440000534057617,4.704999923706055,18.944000244140625,-0.0297
VAL,24,1HG1,385,18.825000762939453,2.9790000915527344,20.552000045776367,0.0791
VAL,24,2HG1,386,20.288999557495117,2.5460000038146973,19.66699981689453,0.0791
VAL,24,3HG1,387,20.416000366210938,3.134000062942505,21.32900047302246,0.0791
VAL,24,1HG2,388,18.30699920654297,5.361999988555908,21.003999710083008,0.0791
VAL,24,2HG2,389,19.878000259399414,5.546999931335449,21.78700065612793,0.0791
VAL,24,3HG2,390,19.427000045776367,6.620999813079834,20.47100067138672,0.0791
GLY,25,N,391,22.886999130249023,3.071000099182129,19.23200035095215,-0.4157
GLY,25,CA,392,23.552000045776367,2.0899999141693115,18.38599967956543,-0.0252
GLY,25,C,393,22.85300064086914,0.75,18.500999450683594,0.5973
GLY,25,O,394,22.679000854492188,0.23899999260902405,19.604999542236328,-0.5679
GLY,25,H,395,23.09600067138672,3.1110000610351562,20.216999053955078,0.2719
GLY,25,1HA,396,23.545000076293945,2.430000066757202,17.354999542236328,0.0698
GLY,25,2HA,397,24.5939998626709,1.9919999837875366,18.674999237060547,0.0698
TYR,26,N,398,22.74799919128418,0.06300000101327896,17.357999801635742,-0.4157
TYR,26,CA,399,22.128999710083008,-1.2510000467300415,17.246999740600586,-0.0014
TYR,26,C,400,22.97100067138672,-2.26200008392334,16.482999801635742,0.5973
TYR,26,O,401,23.62299919128418,-1.9290000200271606,15.50100040435791,-0.5679
TYR,26,CB,402,20.74799919128418,-1.1770000457763672,16.589000701904297,-0.0152
TYR,26,CG,403,19.687000274658203,-0.3869999945163727,17.27199935913086,-0.0011
TYR,26,CD1,404,19.606000900268555,0.9589999914169312,17.04599952697754,-0.1906
TYR,26,CD2,405,18.79599952697754,-1.003999948501587,18.12299919128418,-0.1906
TYR,26,CE1,406,18.635000228881836,1.7079999446868896,17.665000915527344,-0.2341
TYR,26,CE2,407,17.81800079345703,-0.25999999046325684,18.749000549316406,-0.2341
TYR,26,CZ,408,17.736000061035156,1.093000054359436,18.52199935913086,0.3226
TYR,26,OH,409,16.761999130249023,1.8389999866485596,19.143999099731445,-0.5579
TYR,26,H,410,22.97100067138672,0.5410000085830688,16.499000549316406,0.2719
TYR,26,HA,411,22.034000396728516,-1.6610000133514404,18.25,0.0876
TYR,26,1HB,412,20.851999282836914,-0.7480000257492065,15.595000267028809,0.0295
TYR,26,2HB,413,20.35099983215332,-2.188999891281128,16.479000091552734,0.0295
TYR,26,HD1,414,20.31800079345703,1.4279999732971191,16.3700008392334,0.1699
TYR,26,HD2,415,18.864999771118164,-2.0759999752044678,18.302000045776367,0.1699
TYR,26,HE1,416,18.573999404907227,2.7799999713897705,17.48200035095215,0.1656
TYR,26,HE2,417,17.11199951171875,-0.7409999966621399,19.42300033569336,0.1656
TYR,26,HH,418,16.847000122070312,2.759000062942505,18.878000259399414,0.3992
VAL,27,N,419,22.8439998626709,-3.5220000743865967,16.8439998626709,-0.4157
VAL,27,CA,420,23.356000900268555,-4.584000110626221,15.98900032043457,-0.0875
VAL,27,C,421,22.16200065612793,-5.451000213623047,15.694000244140625,0.5973
VAL,27,O,422,21.599000930786133,-6.050000190734863,16.608999252319336,-0.5679
VAL,27,CB,423,24.468000411987305,-5.433000087738037,16.618999481201172,0.2985
VAL,27,CG1,424,24.886999130249023,-6.48799991607666,15.633999824523926,-0.3192
VAL,27,CG2,425,25.621000289916992,-4.565999984741211,17.01799964904785,-0.3192
VAL,27,H,426,22.274999618530273,-3.755000114440918,17.64299964904785,0.2719
VAL,27,HA,427,23.805999755859375,-4.151000022888184,15.097999572753906,0.0969
VAL,27,HB,428,24.099000930786133,-5.927999973297119,17.479999542236328,-0.0297
VAL,27,1HG1,429,25.67300033569336,-7.0960001945495605,16.06599998474121,0.0791
VAL,27,2HG1,430,24.038999557495117,-7.11899995803833,15.390999794006348,0.0791
VAL,27,3HG1,431,25.249000549316406,-6.01200008392334,14.744000434875488,0.0791
VAL,27,1HG2,432,26.39299964904785,-5.175000190734863,17.458999633789062,0.0791
VAL,27,2HG2,433,26.003000259399414,-4.072000026702881,16.143999099731445,0.0791
VAL,27,3HG2,434,25.290000915527344,-3.8239998817443848,17.740999221801758,0.0791
ASP,28,N,435,21.788999557495117,-5.508999824523926,14.42300033569336,-0.5163
ASP,28,CA,436,20.582000732421875,-6.192999839782715,13.996000289916992,0.0381
ASP,28,C,437,19.402000427246094,-5.568999767303467,14.753000259399414,0.5366
ASP,28,O,438,19.139999389648438,-4.379000186920166,14.571000099182129,-0.5819
ASP,28,CB,439,20.66900062561035,-7.690999984741211,14.295000076293945,-0.0303
ASP,28,CG,440,21.81999969482422,-8.29800033569336,13.508999824523926,0.7994
ASP,28,OD1,441,22.017000198364258,-7.855000019073486,12.395000457763672,-0.8014
ASP,28,OD2,442,22.486000061035156,-9.178999900817871,14.005000114440918,-0.8014
ASP,28,H,443,22.31800079345703,-4.993000030517578,13.737000465393066,0.2936
ASP,28,HA,444,20.459999084472656,-6.068999767303467,12.920000076293945,0.088
ASP,28,1HB,445,20.815000534057617,-7.874000072479248,15.345999717712402,-0.0122
ASP,28,2HB,446,19.729999542236328,-8.178000450134277,14.027000427246094,-0.0122
ASP,29,N,447,18.68000030517578,-6.326000213623047,15.590999603271484,-0.5163
ASP,29,CA,448,17.527000427246094,-5.732999801635742,16.270999908447266,0.0381
ASP,29,C,449,17.783000946044922,-5.550000190734863,17.770999908447266,0.5366
ASP,29,O,450,16.8439998626709,-5.359000205993652,18.545000076293945,-0.5819
ASP,29,CB,451,16.28700065612793,-6.610000133514404,16.065000534057617,-0.0303
ASP,29,CG,452,15.833999633789062,-6.607999801635742,14.604000091552734,0.7994
ASP,29,OD1,453,16.209999084472656,-5.703000068664551,13.89799976348877,-0.8014
ASP,29,OD2,454,15.125,-7.49399995803833,14.204000473022461,-0.8014
ASP,29,H,455,18.895000457763672,-7.302999973297119,15.77299976348877,0.2936
ASP,29,HA,456,17.34000015258789,-4.747000217437744,15.850000381469727,0.088
ASP,29,1HB,457,16.493000030517578,-7.610000133514404,16.363000869750977,-0.0122
ASP,29,2HB,458,15.477999687194824,-6.25,16.69300079345703,-0.0122
THR,30,N,459,19.04800033569336,-5.659999847412109,18.18199920654297,-0.4157
THR,30,CA,460,19.440000534057617,-5.511000156402588,19.584999084472656,-0.0389
THR,30,C,461,20.143999099731445,-4.183000087738037,19.865999221801758,0.5973
THR,30,O,462,20.996999740600586,-3.747999906539917,19.104000091552734,-0.5679
THR,30,CB,463,20.35700035095215,-6.677999973297119,20.010000228881836,0.3654
THR,30,CG2,464,20.799999237060547,-6.51200008392334,21.46299934387207,-0.2438
THR,30,OG1,465,19.652000427246094,-7.919000148773193,19.867000579833984,-0.6761
THR,30,H,466,19.781999588012695,-5.770999908447266,17.496000289916992,0.2719
THR,30,HA,467,18.535999298095703,-5.506999969482422,20.194000244140625,0.1007
THR,30,HB,468,21.229999542236328,-6.698999881744385,19.374000549316406,0.0043
THR,30,HG1,469,19.645000457763672,-8.1850004196167,18.941999435424805,0.4102
THR,30,1HG2,470,21.44499969482422,-7.343999862670898,21.743999481201172,0.0642
THR,30,2HG2,471,21.344999313354492,-5.579999923706055,21.57900047302246,0.0642
THR,30,3HG2,472,19.924999237060547,-6.5,22.10099983215332,0.0642
GLN,31,N,473,19.65999984741211,-3.4579999446868896,20.87299919128418,-0.4157
GLN,31,CA,474,20.225000381469727,-2.1600000858306885,21.25200080871582,-0.0031
GLN,31,C,475,21.44300079345703,-2.322000026702881,22.16200065612793,0.5973
GLN,31,O,476,21.375999450683594,-3.0339999198913574,23.163000106811523,-0.5679
GLN,31,CB,477,19.16200065612793,-1.312000036239624,21.948999404907227,-0.0036
GLN,31,CG,478,19.599000930786133,0.0989999994635582,22.274999618530273,-0.0645
GLN,31,CD,479,18.46500015258789,0.9169999957084656,22.871999740600586,0.6951
GLN,31,NE2,480,18.799999237060547,2.0390000343322754,23.4950008392334,-0.9407
GLN,31,OE1,481,17.29400062561035,0.5419999957084656,22.770000457763672,-0.6086
GLN,31,H,482,18.913999557495117,-3.8410000801086426,21.434999465942383,0.2719
GLN,31,HA,483,20.53700065612793,-1.6390000581741333,20.349000930786133,0.085
GLN,31,1HB,484,18.284000396728516,-1.246999979019165,21.32900047302246,0.0171
GLN,31,2HB,485,18.868999481201172,-1.7929999828338623,22.881999969482422,0.0171
GLN,31,1HG,486,20.41200065612793,0.061000000685453415,22.993999481201172,0.0352
GLN,31,2HG,487,19.93000030517578,0.5770000219345093,21.363000869750977,0.0352
GLN,31,1HE2,488,18.090999603271484,2.615000009536743,23.905000686645508,0.4251
GLN,31,2HE2,489,19.76099967956543,2.309999942779541,23.555999755859375,0.4251
PHE,32,N,490,22.52400016784668,-1.6050000190734863,21.857999801635742,-0.4157
PHE,32,CA,491,23.743999481201172,-1.656999945640564,22.666000366210938,-0.0024
PHE,32,C,492,24.152000427246094,-0.35199999809265137,23.31999969482422,0.5973
PHE,32,O,493,24.70599937438965,-0.37400001287460327,24.410999298095703,-0.5679
PHE,32,CB,494,24.917999267578125,-2.1389999389648438,21.826000213623047,-0.0343
PHE,32,CG,495,24.71299934387207,-3.5160000324249268,21.37299919128418,0.0118
PHE,32,CD1,496,23.829999923706055,-3.7990000247955322,20.389999389648438,-0.1256
PHE,32,CD2,497,25.417999267578125,-4.553999900817871,21.940000534057617,-0.1256
PHE,32,CE1,498,23.652000427246094,-5.077000141143799,19.982999801635742,-0.1704
PHE,32,CE2,499,25.240999221801758,-5.823999881744385,21.533000946044922,-0.1704
PHE,32,CZ,500,24.361000061035156,-6.085000038146973,20.558000564575195,-0.1072
PHE,32,H,501,22.517000198364258,-1.0429999828338623,21.024999618530273,0.2719
PHE,32,HA,502,23.579999923706055,-2.364000082015991,23.472000122070312,0.0978
PHE,32,1HB,503,25.04400062561035,-1.4869999885559082,20.961000442504883,0.0295
PHE,32,2HB,504,25.836000442504883,-2.0829999446868896,22.410999298095703,0.0295
PHE,32,HD1,505,23.263999938964844,-2.98799991607666,19.933000564575195,0.133
PHE,32,HD2,506,26.114999771118164,-4.3420000076293945,22.71299934387207,0.133
PHE,32,HE1,507,22.94499969482422,-5.296999931335449,19.198999404907227,0.143
PHE,32,HE2,508,25.80699920654297,-6.636000156402588,21.990999221801758,0.143
PHE,32,HZ,509,24.22100067138672,-7.090000152587891,20.23900032043457,0.1297
VAL,33,N,510,24.069000244140625,0.7749999761581421,22.621999740600586,-0.4157
VAL,33,CA,511,24.579999923706055,1.9859999418258667,23.277999877929688,-0.0875
VAL,33,C,512,23.649999618530273,3.187000036239624,23.163999557495117,0.5973
VAL,33,O,513,22.957000732421875,3.3519999980926514,22.167999267578125,-0.5679
VAL,33,CB,514,25.94700050354004,2.3959999084472656,22.697999954223633,0.2985
VAL,33,CG1,515,26.99799919128418,1.3029999732971191,22.9689998626709,-0.3192
VAL,33,CG2,516,25.801000595092773,2.6530001163482666,21.231000900268555,-0.3192
VAL,33,H,517,23.676000595092773,0.7839999794960022,21.680999755859375,0.2719
VAL,33,HA,518,24.679000854492188,1.7799999713897705,24.336999893188477,0.0969
VAL,33,HB,519,26.288999557495117,3.2890000343322754,23.190000534057617,-0.0297
VAL,33,1HG1,520,27.958999633789062,1.6089999675750732,22.55299949645996,0.0791
VAL,33,2HG1,521,27.099000930786133,1.156000018119812,24.04199981689453,0.0791
VAL,33,3HG1,522,26.68899917602539,0.37400001287460327,22.506000518798828,0.0791
VAL,33,1HG2,523,26.763999938964844,2.944999933242798,20.81399917602539,0.0791
VAL,33,2HG2,524,25.450000762939453,1.746999979019165,20.743999481201172,0.0791
VAL,33,3HG2,525,25.079999923706055,3.4560000896453857,21.072999954223633,0.0791
ARG,34,N,526,23.716999053955078,4.099999904632568,24.142000198364258,-0.3479
ARG,34,CA,527,22.885000228881836,5.296999931335449,24.054000854492188,-0.2637
ARG,34,C,528,23.44499969482422,6.563000202178955,24.72800064086914,0.7341
ARG,34,O,529,24.145000457763672,6.5269999504089355,25.735000610351562,-0.5894
ARG,34,CB,530,21.503999710083008,5.059000015258789,24.638999938964844,-0.0007
ARG,34,CG,531,20.576000213623047,6.275000095367432,24.527000427246094,0.039
ARG,34,CD,532,19.174999237060547,5.948999881744385,24.847000122070312,0.0486
ARG,34,NE,533,18.315000534057617,7.114999771118164,24.683000564575195,-0.5295
ARG,34,CZ,534,16.98699951171875,7.127999782562256,24.895999908447266,0.8076
ARG,34,NH1,535,16.371000289916992,6.0329999923706055,25.2810001373291,-0.8627
ARG,34,NH2,536,16.301000595092773,8.243000030517578,24.716999053955078,-0.8627
ARG,34,H,537,24.267000198364258,3.9079999923706055,24.9689998626709,0.2747
ARG,34,HA,538,22.792999267578125,5.538000106811523,23.007999420166016,0.156
ARG,34,1HB,539,21.0310001373291,4.218999862670898,24.131999969482422,0.0327
ARG,34,2HB,540,21.59600067138672,4.794000148773193,25.690000534057617,0.0327
ARG,34,1HG,541,20.905000686645508,7.051000118255615,25.2189998626709,0.0285
ARG,34,2HG,542,20.600000381469727,6.665999889373779,23.518999099731445,0.0285
ARG,34,1HD,543,18.822999954223633,5.160999774932861,24.180999755859375,0.0687
ARG,34,2HD,544,19.104999542236328,5.609000205993652,25.8799991607666,0.0687
ARG,34,HE,545,18.749000549316406,7.980000019073486,24.386999130249023,0.3456
ARG,34,1HH1,546,16.895000457763672,5.178999900817871,25.41699981689453,0.4478
ARG,34,2HH1,547,15.37399959564209,6.043000221252441,25.440000534057617,0.4478
ARG,34,1HH2,548,16.774999618530273,9.086000442504883,24.420000076293945,0.4478
ARG,34,2HH2,549,15.305000305175781,8.253000259399414,24.875999450683594,0.4478
PHE,35,N,550,23.305999755859375,7.677999973297119,24.009000778198242,-0.4157
PHE,35,CA,551,23.766000747680664,8.99899959564209,24.44099998474121,-0.0024
PHE,35,C,552,22.6200008392334,10.0,24.375,0.5973
PHE,35,O,553,21.950000762939453,10.131999969482422,23.358999252319336,-0.5679
PHE,35,CB,554,24.922000885009766,9.479000091552734,23.575000762939453,-0.0343
PHE,35,CG,555,25.448999404907227,10.845999717712402,23.92799949645996,0.0118
PHE,35,CD1,556,26.597000122070312,11.003999710083008,24.69099998474121,-0.1256
PHE,35,CD2,557,24.781999588012695,11.98900032043457,23.488000869750977,-0.1256
PHE,35,CE1,558,27.06399917602539,12.265999794006348,25.003999710083008,-0.1704
PHE,35,CE2,559,25.253999710083008,13.246000289916992,23.802000045776367,-0.1704
PHE,35,CZ,560,26.391000747680664,13.381999969482422,24.558000564575195,-0.1072
PHE,35,H,561,22.868000030517578,7.60099983215332,23.10099983215332,0.2719
PHE,35,HA,562,24.086999893188477,8.939000129699707,25.481000900268555,0.0978
PHE,35,1HB,563,25.750999450683594,8.77299976348877,23.65399932861328,0.0295
PHE,35,2HB,564,24.61400032043457,9.503000259399414,22.549999237060547,0.0295
PHE,35,HD1,565,27.125999450683594,10.125,25.040000915527344,0.133
PHE,35,HD2,566,23.87700080871582,11.880999565124512,22.886999130249023,0.133
PHE,35,HE1,567,27.964000701904297,12.383000373840332,25.60099983215332,0.143
PHE,35,HE2,568,24.725000381469727,14.130999565124512,23.452999114990234,0.143
PHE,35,HZ,569,26.757999420166016,14.37600040435791,24.805999755859375,0.1297
ASP,36,N,570,22.400999069213867,10.727999687194824,25.46500015258789,-0.5163
ASP,36,CA,571,21.31800079345703,11.704000473022461,25.506999969482422,0.0381
ASP,36,C,572,21.804000854492188,13.02400016784668,26.106000900268555,0.5366
ASP,36,O,573,22.017000198364258,13.116000175476074,27.315000534057617,-0.5819
ASP,36,CB,574,20.170000076293945,11.13700008392334,26.34000015258789,-0.0303
ASP,36,CG,575,18.924999237060547,11.979999542236328,26.344999313354492,0.7994
ASP,36,OD1,576,18.957000732421875,13.105999946594238,25.88599967956543,-0.8014
ASP,36,OD2,577,17.93000030517578,11.484999656677246,26.816999435424805,-0.8014
ASP,36,H,578,23.006000518798828,10.621000289916992,26.267000198364258,0.2936
ASP,36,HA,579,20.96500015258789,11.88700008392334,24.493000030517578,0.088
ASP,36,1HB,580,19.905000686645508,10.14799976348877,25.95800018310547,-0.0122
ASP,36,2HB,581,20.5,11.019000053405762,27.37299919128418,-0.0122
SER,37,N,582,21.856000900268555,14.067000389099121,25.267000198364258,-0.4157
SER,37,CA,583,22.3700008392334,15.383999824523926,25.648000717163086,-0.0249
SER,37,C,584,21.64900016784668,16.062000274658203,26.81800079345703,0.5973
SER,37,O,585,22.214000701904297,16.96299934387207,27.440000534057617,-0.5679
SER,37,CB,586,22.315000534057617,16.32200050354004,24.465999603271484,0.2117
SER,37,OG,587,20.981000900268555,16.63800048828125,24.15999984741211,-0.6546
SER,37,H,588,21.60099983215332,13.918999671936035,24.299999237060547,0.2719
SER,37,HA,589,23.408000946044922,15.256999969482422,25.95800018310547,0.0843
SER,37,1HB,590,22.868999481201172,17.23200035095215,24.69099998474121,0.0352
SER,37,2HB,591,22.792999267578125,15.854000091552734,23.615999221801758,0.0352
SER,37,HG,592,20.618999481201172,17.05500030517578,24.945999145507812,0.4275
ASP,38,N,593,20.420000076293945,15.64900016784668,27.131999969482422,-0.5163
ASP,38,CA,594,19.68199920654297,16.27400016784668,28.235000610351562,0.0381
ASP,38,C,595,20.246000289916992,15.928999900817871,29.613000869750977,0.5366
ASP,38,O,596,19.947999954223633,16.611000061035156,30.594999313354492,-0.5819
ASP,38,CB,597,18.198999404907227,15.899999618530273,28.243999481201172,-0.0303
ASP,38,CG,598,17.408000946044922,16.601999282836914,27.177000045776367,0.7994
ASP,38,OD1,599,17.913999557495117,17.54599952697754,26.614999771118164,-0.8014
ASP,38,OD2,600,16.30500030517578,16.19700050354004,26.926000595092773,-0.8014
ASP,38,H,601,19.981000900268555,14.90999984741211,26.58799934387207,0.2936
ASP,38,HA,602,19.7549991607666,17.354999542236328,28.118999481201172,0.088
ASP,38,1HB,603,18.094999313354492,14.822999954223633,28.101999282836914,-0.0122
ASP,38,2HB,604,17.768999099731445,16.148000717163086,29.214000701904297,-0.0122
ALA,39,N,605,21.08799934387207,14.906999588012695,29.673999786376953,-0.4157
ALA,39,CA,606,21.64900016784668,14.444000244140625,30.933000564575195,0.0337
ALA,39,C,607,22.461999893188477,15.539999961853027,31.61400032043457,0.5973
ALA,39,O,608,23.010000228881836,16.420000076293945,30.952999114990234,-0.5679
ALA,39,CB,609,22.489999771118164,13.204999923706055,30.702999114990234,-0.1825
ALA,39,H,610,21.2810001373291,14.373000144958496,28.836000442504883,0.2719
ALA,39,HA,611,20.820999145507812,14.196000099182129,31.597000122070312,0.0823
ALA,39,1HB,612,22.875,12.842000007629395,31.656999588012695,0.0603
ALA,39,2HB,613,21.8799991607666,12.428999900817871,30.242000579833984,0.0603
ALA,39,3HB,614,23.305999755859375,13.460000038146973,30.055999755859375,0.0603
ALA,40,N,615,22.538000106811523,15.473999977111816,32.94499969482422,-0.4157
ALA,40,CA,616,23.351999282836914,16.413000106811523,33.72100067138672,0.0337
ALA,40,C,617,24.815000534057617,16.28700065612793,33.28799819946289,0.5973
ALA,40,O,618,25.572999954223633,17.256000518798828,33.30799865722656,-0.5679
ALA,40,CB,619,23.20400047302246,16.141000747680664,35.20800018310547,-0.1825
ALA,40,H,620,22.038999557495117,14.743000030517578,33.43299865722656,0.2719
ALA,40,HA,621,23.01799964904785,17.43199920654297,33.52799987792969,0.0823
ALA,40,1HB,622,23.8439998626709,16.822999954223633,35.766998291015625,0.0603
ALA,40,2HB,623,22.166000366210938,16.29199981689453,35.50299835205078,0.0603
ALA,40,3HB,624,23.496000289916992,15.11299991607666,35.417999267578125,0.0603
SER,41,N,625,25.19300079345703,15.069999694824219,32.90700149536133,-0.4157
SER,41,CA,626,26.54199981689453,14.734999656677246,32.46799850463867,-0.0249
SER,41,C,627,26.45400047302246,13.654999732971191,31.392000198364258,0.5973
SER,41,O,628,26.597999572753906,12.470999717712402,31.698999404907227,-0.5679
SER,41,CB,629,27.374000549316406,14.262999534606934,33.64099884033203,0.2117
SER,41,OG,630,28.70599937438965,14.04800033569336,33.26100158691406,-0.6546
SER,41,H,631,24.509000778198242,14.32800006866455,32.944000244140625,0.2719
SER,41,HA,632,27.016000747680664,15.62600040435791,32.055999755859375,0.0843
SER,41,1HB,633,27.336000442504883,15.006999969482422,34.4370002746582,0.0352
SER,41,2HB,634,26.95199966430664,13.33899974822998,34.03499984741211,0.0352
SER,41,HG,635,28.680999755859375,13.376999855041504,32.57500076293945,0.4275
PRO,42,N,636,26.201000213623047,14.03499984741211,30.131000518798828,-0.2548
PRO,42,CA,637,26.027000427246094,13.15999984741211,28.985000610351562,-0.0266
PRO,42,C,638,27.22599983215332,12.255000114440918,28.76300048828125,0.5896
PRO,42,O,639,28.375,12.692999839782715,28.804000854492188,-0.5748
PRO,42,CB,640,25.85300064086914,14.152000427246094,27.834999084472656,-0.007
PRO,42,CG,641,25.290000915527344,15.37600040435791,28.475000381469727,0.0189
PRO,42,CD,642,25.981000900268555,15.458999633789062,29.798999786376953,0.0192
PRO,42,HA,643,25.121999740600586,12.553000450134277,29.117000579833984,0.0641
PRO,42,1HB,644,26.82200050354004,14.333999633789062,27.349000930786133,0.0253
PRO,42,2HB,645,25.184999465942383,13.722999572753906,27.076000213623047,0.0253
PRO,42,1HG,646,25.479000091552734,16.256000518798828,27.844999313354492,0.0213
PRO,42,2HG,647,24.19700050354004,15.284000396728516,28.57200050354004,0.0213
PRO,42,1HD,648,26.930999755859375,16.00200080871582,29.698999404907227,0.0391
PRO,42,2HD,649,25.336000442504883,15.95199966430664,30.496000289916992,0.0391
ARG,43,N,650,26.934999465942383,10.993000030517578,28.511999130249023,-0.3479
ARG,43,CA,651,27.958999633789062,9.996000289916992,28.256000518798828,-0.2637
ARG,43,C,652,27.35700035095215,8.85099983215332,27.474000930786133,0.7341
ARG,43,O,653,26.152999877929688,8.609999656677246,27.56399917602539,-0.5894
ARG,43,CB,654,28.54400062561035,9.48799991607666,29.562000274658203,-0.0007
ARG,43,CG,655,27.577999114990234,8.746999740600586,30.44099998474121,0.039
ARG,43,CD,656,28.201000213623047,8.343999862670898,31.72100067138672,0.0486
ARG,43,NE,657,27.27400016784668,7.610000133514404,32.57400131225586,-0.5295
ARG,43,CZ,658,27.577999114990234,7.138999938964844,33.80099868774414,0.8076
ARG,43,NH1,659,28.7810001373291,7.333000183105469,34.29899978637695,-0.8627
ARG,43,NH2,660,26.67099952697754,6.484000205993652,34.50400161743164,-0.8627
ARG,43,H,661,25.965999603271484,10.708999633789062,28.5,0.2747
ARG,43,HA,662,28.75,10.447999954223633,27.687999725341797,0.156
ARG,43,1HB,663,29.378000259399414,8.819999694824219,29.347000122070312,0.0327
ARG,43,2HB,664,28.93600082397461,10.32800006866455,30.135000228881836,0.0327
ARG,43,1HG,665,26.722000122070312,9.38599967956543,30.663000106811523,0.0285
ARG,43,2HG,666,27.246999740600586,7.863999843597412,29.926000595092773,0.0285
ARG,43,1HD,667,29.05900001525879,7.703000068664551,31.518999099731445,0.0687
ARG,43,2HD,668,28.530000686645508,9.232000350952148,32.25899887084961,0.0687
ARG,43,HE,669,26.333999633789062,7.440999984741211,32.22200012207031,0.3456
ARG,43,1HH1,670,29.475000381469727,7.833000183105469,33.76300048828125,0.4478
ARG,43,2HH1,671,29.009000778198242,6.980999946594238,35.21699905395508,0.4478
ARG,43,1HH2,672,25.746999740600586,6.335000038146973,34.12200164794922,0.4478
ARG,43,2HH2,673,26.900999069213867,6.132999897003174,35.42100143432617,0.4478
GLU,44,N,674,28.17799949645996,8.128000259399414,26.7189998626709,-0.5163
GLU,44,CA,675,27.645999908447266,6.964000225067139,26.030000686645508,0.0397
GLU,44,C,676,27.54199981689453,5.793000221252441,27.010000228881836,0.5366
GLU,44,O,677,28.542999267578125,5.35699987411499,27.579999923706055,-0.5819
GLU,44,CB,678,28.49799919128418,6.557000160217285,24.836000442504883,0.056
GLU,44,CG,679,27.888999938964844,5.389999866485596,24.072999954223633,0.0136
GLU,44,CD,680,28.69700050354004,4.940999984741211,22.916000366210938,0.8054
GLU,44,OE1,681,29.55900001525879,4.113999843597412,23.104999542236328,-0.8188
GLU,44,OE2,682,28.461000442504883,5.420000076293945,21.83099937438965,-0.8188
GLU,44,H,683,29.160999298095703,8.371999740600586,26.639999389648438,0.2936
GLU,44,HA,684,26.64699935913086,7.199999809265137,25.66699981689453,0.1105
GLU,44,1HB,685,28.61199951171875,7.406000137329102,24.156999588012695,-0.0173
GLU,44,2HB,686,29.499000549316406,6.2769999504089355,25.17300033569336,-0.0173
GLU,44,1HG,687,27.770999908447266,4.557000160217285,24.75,-0.0425
GLU,44,2HG,688,26.89900016784668,5.683000087738037,23.7189998626709,-0.0425
GLU,45,N,689,26.326000213623047,5.296999931335449,27.197999954223633,-0.5163
GLU,45,CA,690,26.042999267578125,4.242000102996826,28.160999298095703,0.0397
GLU,45,C,691,25.698999404907227,2.9059998989105225,27.503000259399414,0.5366
GLU,45,O,692,25.1560001373291,2.877000093460083,26.4060001373291,-0.5819
GLU,45,CB,693,24.898000717163086,4.671999931335449,29.08300018310547,0.056
GLU,45,CG,694,25.208999633789062,5.822999954223633,29.974000930786133,0.0136
GLU,45,CD,695,24.06599998474121,6.190999984741211,30.885000228881836,0.8054
GLU,45,OE1,696,22.9950008392334,5.63100004196167,30.75,-0.8188
GLU,45,OE2,697,24.264999389648438,7.039999961853027,31.722000122070312,-0.8188
GLU,45,H,698,25.55500030517578,5.697000026702881,26.687999725341797,0.2936
GLU,45,HA,699,26.945999145507812,4.0970001220703125,28.7450008392334,0.1105
GLU,45,1HB,700,24.03499984741211,4.943999767303467,28.476999282836914,-0.0173
GLU,45,2HB,701,24.604000091552734,3.8450000286102295,29.715999603271484,-0.0173
GLU,45,1HG,702,26.076000213623047,5.572999954223633,30.584999084472656,-0.0425
GLU,45,2HG,703,25.46500015258789,6.671999931335449,29.356000900268555,-0.0425
PRO,46,N,704,26.034000396728516,1.7710000276565552,28.141000747680664,-0.2548
PRO,46,CA,705,25.70800018310547,0.43700000643730164,27.69499969482422,-0.0266
PRO,46,C,706,24.215999603271484,0.16699999570846558,27.83799934387207,0.5896
PRO,46,O,707,23.584999084472656,0.597000002861023,28.804000854492188,-0.5748
PRO,46,CB,708,26.540000915527344,-0.4429999887943268,28.63800048828125,-0.007
PRO,46,CG,709,26.70199966430664,0.3779999911785126,29.892000198364258,0.0189
PRO,46,CD,710,26.77899932861328,1.8140000104904175,29.423999786376953,0.0192
PRO,46,HA,711,26.030000686645508,0.31200000643730164,26.652999877929688,0.0641
PRO,46,1HB,712,26.011999130249023,-1.3919999599456787,28.81800079345703,0.0253
PRO,46,2HB,713,27.493000030517578,-0.6949999928474426,28.18899917602539,0.0253
PRO,46,1HG,714,25.851999282836914,0.20600000023841858,30.56800079345703,0.0213
PRO,46,2HG,715,27.608999252319336,0.06599999964237213,30.430999755859375,0.0213
PRO,46,1HD,716,26.297000885009766,2.4519999027252197,30.165000915527344,0.0391
PRO,46,2HD,717,27.832000732421875,2.1050000190734863,29.2810001373291,0.0391
ARG,47,N,718,23.667999267578125,-0.5640000104904175,26.875999450683594,-0.3479
ARG,47,CA,719,22.277999877929688,-0.9940000176429749,26.868000030517578,-0.2637
ARG,47,C,720,22.191999435424805,-2.4860000610351562,26.56800079345703,0.7341
ARG,47,O,721,21.106000900268555,-3.0209999084472656,26.340999603271484,-0.5894
ARG,47,CB,722,21.476999282836914,-0.21400000154972076,25.832000732421875,-0.0007
ARG,47,CG,723,21.315000534057617,1.2730000019073486,26.121000289916992,0.039
ARG,47,CD,724,20.424999237060547,1.4869999885559082,27.29199981689453,0.0486
ARG,47,NE,725,20.21500015258789,2.8929998874664307,27.584999084472656,-0.5295
ARG,47,CZ,726,20.97599983215332,3.625999927520752,28.420000076293945,0.8076
ARG,47,NH1,727,21.993999481201172,3.0980000495910645,29.045000076293945,-0.8627
ARG,47,NH2,728,20.709999084472656,4.89900016784668,28.62700080871582,-0.8627
ARG,47,H,729,24.26799964904785,-0.925000011920929,26.155000686645508,0.2747
ARG,47,HA,730,21.849000930786133,-0.824999988079071,27.854999542236328,0.156
ARG,47,1HB,731,21.94499969482422,-0.30300000309944153,24.8700008392334,0.0327
ARG,47,2HB,732,20.47800064086914,-0.6420000195503235,25.7450008392334,0.0327
ARG,47,1HG,733,22.288000106811523,1.7139999866485596,26.336000442504883,0.0285
ARG,47,2HG,734,20.881000518798828,1.7660000324249268,25.259000778198242,0.0285
ARG,47,1HD,735,19.452999114990234,1.0390000343322754,27.090999603271484,0.0687
ARG,47,2HD,736,20.868000030517578,1.0240000486373901,28.17099952697754,0.0687
ARG,47,HE,737,19.44099998474121,3.3570001125335693,27.1299991607666,0.3456
ARG,47,1HH1,738,22.233999252319336,2.121999979019165,28.915000915527344,0.4478
ARG,47,2HH1,739,22.542999267578125,3.683000087738037,29.666000366210938,0.4478
ARG,47,1HH2,740,19.929000854492188,5.3379998207092285,28.159000396728516,0.4478
ARG,47,2HH2,741,21.301000595092773,5.426000118255615,29.261999130249023,0.4478
ALA,48,N,742,23.354000091552734,-3.1449999809265137,26.58300018310547,-0.4157
ALA,48,CA,743,23.4689998626709,-4.572000026702881,26.30500030517578,0.0337
ALA,48,C,744,24.461000442504883,-5.14900016784668,27.322999954223633,0.5973
ALA,48,O,745,25.540000915527344,-4.605000019073486,27.520000457763672,-0.5679
ALA,48,CB,746,23.961999893188477,-4.822000026702881,24.89699935913086,-0.1825
ALA,48,H,747,24.19300079345703,-2.634000062942505,26.81599998474121,0.2719
ALA,48,HA,748,22.506999969482422,-5.051000118255615,26.39699935913086,0.0823
ALA,48,1HB,749,24.142000198364258,-5.888000011444092,24.756000518798828,0.0603
ALA,48,2HB,750,23.21299934387207,-4.486000061035156,24.18899917602539,0.0603
ALA,48,3HB,751,24.885000228881836,-4.275000095367432,24.73900032043457,0.0603
PRO,49,N,752,24.267000198364258,-6.390999794006348,27.766000747680664,-0.2548
PRO,49,CA,753,25.200000762939453,-7.163000106811523,28.562000274658203,-0.0266
PRO,49,C,754,26.604000091552734,-7.236999988555908,27.972999572753906,0.5896
PRO,49,O,755,27.562999725341797,-6.730999946594238,28.552000045776367,-0.5748
PRO,49,CB,756,24.5310001373291,-8.545999526977539,28.57900047302246,-0.007
PRO,49,CG,757,23.070999145507812,-8.218999862670898,28.541000366210938,0.0189
PRO,49,CD,758,22.96299934387207,-7.063000202178955,27.594999313354492,0.0192
PRO,49,HA,759,25.253000259399414,-6.724999904632568,29.56999969482422,0.0641
PRO,49,1HB,760,24.865999221801758,-9.142999649047852,27.716999053955078,0.0253
PRO,49,2HB,761,24.829999923706055,-9.098999977111816,29.48200035095215,0.0253
PRO,49,1HG,762,22.493000030517578,-9.092000007629395,28.202999114990234,0.0213
PRO,49,2HG,763,22.708999633789062,-7.9710001945495605,29.548999786376953,0.0213
PRO,49,1HD,764,22.827999114990234,-7.427999973297119,26.565000534057617,0.0391
PRO,49,2HD,765,22.1200008392334,-6.452000141143799,27.908000946044922,0.0391
TRP,50,N,766,26.680999755859375,-7.624000072479248,26.708999633789062,-0.4157
TRP,50,CA,767,27.966999053955078,-7.84499979019165,26.062000274658203,-0.0275
TRP,50,C,768,28.79199981689453,-6.584000110626221,25.788000106811523,0.5973
TRP,50,O,769,30.020000457763672,-6.6539998054504395,25.785999298095703,-0.5679
TRP,50,CB,770,27.71500015258789,-8.564000129699707,24.759000778198242,-0.005
TRP,50,CG,771,27.218000411987305,-9.932999610900879,25.016000747680664,-0.1415
TRP,50,CD1,772,25.94700050354004,-10.378000259399414,24.823999404907227,-0.1638
TRP,50,CD2,773,27.976999282836914,-11.050999641418457,25.51300048828125,0.1243
TRP,50,CE2,774,27.086999893188477,-12.133999824523926,25.591999053955078,0.138
TRP,50,CE3,775,29.309999465942383,-11.229000091552734,25.89299964904785,-0.2387
TRP,50,NE1,776,25.854999542236328,-11.699999809265137,25.167999267578125,-0.3418
TRP,50,CZ2,777,27.496000289916992,-13.37399959564209,26.038000106811523,-0.2601
TRP,50,CZ3,778,29.71500015258789,-12.482000350952148,26.34000015258789,-0.1972
TRP,50,CH2,779,28.827999114990234,-13.526000022888184,26.40999984741211,-0.1134
TRP,50,H,780,25.83799934387207,-7.9079999923706055,26.229999542236328,0.2719
TRP,50,HA,781,28.570999145507812,-8.467000007629395,26.724000930786133,0.1123
TRP,50,1HB,782,26.985000610351562,-8.008000373840332,24.16900062561035,0.0339
TRP,50,2HB,783,28.638999938964844,-8.607000350952148,24.177000045776367,0.0339
TRP,50,HD1,784,25.125,-9.770999908447266,24.448999404907227,0.2062
TRP,50,HE1,785,25.018999099731445,-12.263999938964844,25.118999481201172,0.3412
TRP,50,HE3,786,30.013999938964844,-10.402999877929688,25.834999084472656,0.17
TRP,50,HZ2,787,26.80500030517578,-14.21399974822998,26.10099983215332,0.1572
TRP,50,HZ3,788,30.7549991607666,-12.61299991607666,26.635000228881836,0.1447
TRP,50,HH2,789,29.17799949645996,-14.496000289916992,26.763999938964844,0.1417
ILE,51,N,790,28.15399932861328,-5.441999912261963,25.548999786376953,-0.4157
ILE,51,CA,791,28.93199920654297,-4.236999988555908,25.236000061035156,-0.0597
ILE,51,C,792,29.687000274658203,-3.7179999351501465,26.452999114990234,0.5973
ILE,51,O,793,30.676000595092773,-3.005000114440918,26.305999755859375,-0.5679
ILE,51,CB,794,28.069000244140625,-3.078000068664551,24.687999725341797,0.1303
ILE,51,CG1,795,28.948999404907227,-2.069000005722046,23.9689998626709,-0.043
ILE,51,CG2,796,27.302000045776367,-2.4079999923706055,25.753999710083008,-0.3204
ILE,51,CD1,797,29.60099983215332,-2.6110000610351562,22.743000030517578,-0.066
ILE,51,H,798,27.143999099731445,-5.4039998054504395,25.575000762939453,0.2719
ILE,51,HA,799,29.66200065612793,-4.492000102996826,24.469999313354492,0.0869
ILE,51,HB,800,27.388999938964844,-3.4560000896453857,23.981000900268555,0.0187
ILE,51,1HG1,801,28.34600067138672,-1.2109999656677246,23.69099998474121,0.0236
ILE,51,2HG1,802,29.72599983215332,-1.7269999980926514,24.652000427246094,0.0236
ILE,51,1HG2,803,26.714000701904297,-1.6039999723434448,25.326000213623047,0.0882
ILE,51,2HG2,804,26.658000946044922,-3.1070001125335693,26.2189998626709,0.0882
ILE,51,3HG2,805,27.982999801635742,-2.006999969482422,26.48200035095215,0.0882
ILE,51,1HD1,806,30.208999633789062,-1.8389999866485596,22.288000106811523,0.0186
ILE,51,2HD1,807,30.231000900268555,-3.4600000381469727,23.009000778198242,0.0186
ILE,51,3HD1,808,28.836000442504883,-2.934999942779541,22.03700065612793,0.0186
GLU,52,N,809,29.25,-4.107999801635742,27.649999618530273,-0.5163
GLU,52,CA,810,29.875999450683594,-3.6730000972747803,28.893999099731445,0.0397
GLU,52,C,811,31.327999114990234,-4.120999813079834,29.006000518798828,0.5366
GLU,52,O,812,32.10100173950195,-3.5429999828338623,29.770999908447266,-0.5819
GLU,52,CB,813,29.101999282836914,-4.198999881744385,30.101999282836914,0.056
GLU,52,CG,814,27.72100067138672,-3.5850000381469727,30.284000396728516,0.0136
GLU,52,CD,815,26.98200035095215,-4.145999908447266,31.469999313354492,0.8054
GLU,52,OE1,816,27.492000579833984,-5.045000076293945,32.09299850463867,-0.8188
GLU,52,OE2,817,25.9060001373291,-3.6730000972747803,31.75200080871582,-0.8188
GLU,52,H,818,28.489999771118164,-4.77400016784668,27.70800018310547,0.2936
GLU,52,HA,819,29.87700080871582,-2.5820000171661377,28.913999557495117,0.1105
GLU,52,1HB,820,28.979999542236328,-5.271999835968018,30.013999938964844,-0.0173
GLU,52,2HB,821,29.673999786376953,-4.007999897003174,31.010000228881836,-0.0173
GLU,52,1HG,822,27.827999114990234,-2.5139999389648438,30.41200065612793,-0.0425
GLU,52,2HG,823,27.138999938964844,-3.759999990463257,29.382999420166016,-0.0425
GLN,53,N,824,31.704999923706055,-5.138999938964844,28.236000061035156,-0.4157
GLN,53,CA,825,33.055999755859375,-5.677000045776367,28.264999389648438,-0.0031
GLN,53,C,826,34.090999603271484,-4.708000183105469,27.68400001525879,0.5973
GLN,53,O,827,35.292999267578125,-4.89300012588501,27.878000259399414,-0.5679
GLN,53,CB,828,33.10300064086914,-7.004000186920166,27.503999710083008,-0.0036
GLN,53,CG,829,32.32600021362305,-8.130999565124512,28.16200065612793,-0.0645
GLN,53,CD,830,32.382999420166016,-9.40999984741211,27.35700035095215,0.6951
GLN,53,NE2,831,32.27299880981445,-10.541000366210938,28.04199981689453,-0.9407
GLN,53,OE1,832,32.525001525878906,-9.383000373840332,26.1299991607666,-0.6086
GLN,53,H,833,31.034000396728516,-5.566999912261963,27.608999252319336,0.2719
GLN,53,HA,834,33.32099914550781,-5.870999813079834,29.304000854492188,0.085
GLN,53,1HB,835,32.70000076293945,-6.861000061035156,26.5,0.0171
GLN,53,2HB,836,34.137001037597656,-7.327000141143799,27.399999618530273,0.0171
GLN,53,1HG,837,32.750999450683594,-8.324999809265137,29.145999908447266,0.0352
GLN,53,2HG,838,31.27899932861328,-7.829999923706055,28.259000778198242,0.0352
GLN,53,1HE2,839,32.301998138427734,-11.420000076293945,27.565000534057617,0.4251
GLN,53,2HE2,840,32.15800094604492,-10.515999794006348,29.03499984741211,0.4251
GLU,54,N,841,33.62900161743164,-3.7070000171661377,26.930999755859375,-0.5163
GLU,54,CA,842,34.53799819946289,-2.765000104904175,26.285999298095703,0.0397
GLU,54,C,843,35.25299835205078,-1.8849999904632568,27.308000564575195,0.5366
GLU,54,O,844,34.6619987487793,-1.434000015258789,28.291000366210938,-0.5819
GLU,54,CB,845,33.777000427246094,-1.8890000581741333,25.29400062561035,0.056
GLU,54,CG,846,33.20899963378906,-2.6389999389648438,24.097000122070312,0.0136
GLU,54,CD,847,34.279998779296875,-3.1530001163482666,23.152999877929688,0.8054
GLU,54,OE1,848,35.124000549316406,-2.382999897003174,22.76300048828125,-0.8188
GLU,54,OE2,849,34.24700164794922,-4.316999912261963,22.827999114990234,-0.8188
GLU,54,H,850,32.632999420166016,-3.5920000076293945,26.798999786376953,0.2936
GLU,54,HA,851,35.308998107910156,-3.3310000896453857,25.76300048828125,0.1105
GLU,54,1HB,852,32.94900131225586,-1.3969999551773071,25.802000045776367,-0.0173
GLU,54,2HB,853,34.430999755859375,-1.1239999532699585,24.92300033569336,-0.0173
GLU,54,1HG,854,32.62200164794922,-3.484999895095825,24.45599937438965,-0.0425
GLU,54,2HG,855,32.54199981689453,-1.9769999980926514,23.55299949645996,-0.0425
GLY,55,N,856,36.54600143432617,-1.6619999408721924,27.058000564575195,-0.4157
GLY,55,CA,857,37.4010009765625,-0.8529999852180481,27.92099952697754,-0.0252
GLY,55,C,858,36.9640007019043,0.6159999966621399,27.944000244140625,0.5973
GLY,55,O,859,36.290000915527344,1.0679999589920044,27.020999908447266,-0.5679
GLY,55,H,860,36.95899963378906,-2.0929999351501465,26.243000030517578,0.2719
GLY,55,1HA,861,37.35200119018555,-1.2769999504089355,28.915000915527344,0.0698
GLY,55,2HA,862,38.43299865722656,-0.9160000085830688,27.57699966430664,0.0698
PRO,56,N,863,37.34400177001953,1.378000020980835,28.989999771118164,-0.2548
PRO,56,CA,864,37.099998474121094,2.8010001182556152,29.18000030517578,-0.0266
PRO,56,C,865,37.446998596191406,3.6440000534057617,27.959999084472656,0.5896
PRO,56,O,866,36.76100158691406,4.616000175476074,27.673999786376953,-0.5748
PRO,56,CB,867,38.02899932861328,3.13700008392334,30.351999282836914,-0.007
PRO,56,CG,868,38.08599853515625,1.86899995803833,31.145000457763672,0.0189
PRO,56,CD,869,38.097999572753906,0.765999972820282,30.114999771118164,0.0192
PRO,56,HA,870,36.04600143432617,2.9549999237060547,29.451000213623047,0.0641
PRO,56,1HB,871,39.01300048828125,3.4489998817443848,29.972000122070312,0.0253
PRO,56,2HB,872,37.62099838256836,3.9820001125335693,30.924999237060547,0.0253
PRO,56,1HG,873,38.983001708984375,1.8580000400543213,31.780000686645508,0.0213
PRO,56,2HG,874,37.21900177001953,1.8040000200271606,31.819000244140625,0.0213
PRO,56,1HD,875,39.12799835205078,0.5170000195503235,29.81800079345703,0.0391
PRO,56,2HD,876,37.595001220703125,-0.09099999815225601,30.569000244140625,0.0391
GLU,57,N,877,38.43899917602539,3.2100000381469727,27.176000595092773,-0.5163
GLU,57,CA,878,38.854000091552734,3.9570000171661377,25.988000869750977,0.0397
GLU,57,C,879,37.73400115966797,4.013000011444092,24.964000701904297,0.5366
GLU,57,O,880,37.51499938964844,5.039000034332275,24.326000213623047,-0.5819
GLU,57,CB,881,40.09600067138672,3.312000036239624,25.375,0.056
GLU,57,CG,882,41.35100173950195,3.4639999866485596,26.2189998626709,0.0136
GLU,57,CD,883,42.54499816894531,2.756999969482422,25.635000228881836,0.8054
GLU,57,OE1,884,42.38600158691406,2.0759999752044678,24.649999618530273,-0.8188
GLU,57,OE2,885,43.61600112915039,2.8980000019073486,26.176000595092773,-0.8188
GLU,57,H,886,38.948001861572266,2.378999948501587,27.44099998474121,0.2936
GLU,57,HA,887,39.095001220703125,4.9770002365112305,26.284000396728516,0.1105
GLU,57,1HB,888,39.915000915527344,2.247999906539917,25.225000381469727,-0.0173
GLU,57,2HB,889,40.28900146484375,3.753999948501587,24.395999908447266,-0.0173
GLU,57,1HG,890,41.584999084472656,4.52400016784668,26.315000534057617,-0.0425
GLU,57,2HG,891,41.15399932861328,3.069999933242798,27.215999603271484,-0.0425
TYR,58,N,892,37.013999938964844,2.9089999198913574,24.829999923706055,-0.4157
TYR,58,CA,893,35.909000396728516,2.7980000972747803,23.891000747680664,-0.0014
TYR,58,C,894,34.85900115966797,3.8259999752044678,24.214000701904297,0.5973
TYR,58,O,895,34.5,4.6620001792907715,23.385000228881836,-0.5679
TYR,58,CB,896,35.31999969482422,1.3869999647140503,23.95199966430664,-0.0152
TYR,58,CG,897,34.04100036621094,1.1480000019073486,23.158000946044922,-0.0011
TYR,58,CD1,898,34.055999755859375,0.9200000166893005,21.784000396728516,-0.1906
TYR,58,CD2,899,32.8390007019043,1.1619999408721924,23.84000015258789,-0.1906
TYR,58,CE1,900,32.86000061035156,0.7070000171661377,21.113000869750977,-0.2341
TYR,58,CE2,901,31.660999298095703,0.9539999961853027,23.183000564575195,-0.2341
TYR,58,CZ,902,31.656999588012695,0.7279999852180481,21.83300018310547,0.3226
TYR,58,OH,903,30.46500015258789,0.5230000019073486,21.20199966430664,-0.5579
TYR,58,H,904,37.26100158691406,2.0940001010894775,25.37299919128418,0.2719
TYR,58,HA,905,36.29100036621094,2.9549999237060547,22.881000518798828,0.0876
TYR,58,1HB,906,36.060001373291016,0.675000011920929,23.583999633789062,0.0295
TYR,58,2HB,907,35.10200119018555,1.1360000371932983,24.974000930786133,0.0295
TYR,58,HD1,908,35.000999450683594,0.9070000052452087,21.23900032043457,0.1699
TYR,58,HD2,909,32.83599853515625,1.340000033378601,24.902999877929688,0.1699
TYR,58,HE1,910,32.85599899291992,0.5270000100135803,20.038999557495117,0.1656
TYR,58,HE2,911,30.72100067138672,0.9679999947547913,23.732999801635742,0.1656
TYR,58,HH,912,30.594999313354492,0.3580000102519989,20.281999588012695,0.3992
TRP,59,N,913,34.50199890136719,3.8440001010894775,25.48699951171875,-0.4157
TRP,59,CA,914,33.430999755859375,4.682000160217285,25.98200035095215,-0.0275
TRP,59,C,915,33.79899978637695,6.1620001792907715,25.941999435424805,0.5973
TRP,59,O,916,33.03099822998047,6.9730000495910645,25.42799949645996,-0.5679
TRP,59,CB,917,33.130001068115234,4.264999866485596,27.413000106811523,-0.005
TRP,59,CG,918,32.617000579833984,2.868000030517578,27.48900032043457,-0.1415
TRP,59,CD1,919,33.28300094604492,1.8079999685287476,28.014999389648438,-0.1638
TRP,59,CD2,920,31.34000015258789,2.36299991607666,27.03499984741211,0.1243
TRP,59,CE2,921,31.323999404907227,0.9959999918937683,27.32699966430664,0.138
TRP,59,CE3,922,30.226999282836914,2.944000005722046,26.416000366210938,-0.2387
TRP,59,NE1,923,32.52399826049805,0.6769999861717224,27.924999237060547,-0.3418
TRP,59,CZ2,924,30.240999221801758,0.20900000631809235,27.01799964904785,-0.2601
TRP,59,CZ3,925,29.145000457763672,2.140000104904175,26.11400032043457,-0.1972
TRP,59,CH2,926,29.152999877929688,0.8199999928474426,26.405000686645508,-0.1134
TRP,59,H,927,34.86800003051758,3.1070001125335693,26.086000442504883,0.2719
TRP,59,HA,928,32.54999923706055,4.5269999504089355,25.358999252319336,0.1123
TRP,59,1HB,929,34.0359992980957,4.34499979019165,28.014999389648438,0.0339
TRP,59,2HB,930,32.391998291015625,4.940000057220459,27.8439998626709,0.0339
TRP,59,HD1,931,34.27399826049805,1.8539999723434448,28.44499969482422,0.2062
TRP,59,HE1,932,32.821998596191406,-0.23600000143051147,28.253999710083008,0.3412
TRP,59,HE3,933,30.21299934387207,4.006999969482422,26.18199920654297,0.17
TRP,59,HZ2,934,30.219999313354492,-0.847000002861023,27.238000869750977,0.1572
TRP,59,HZ3,935,28.283000946044922,2.5889999866485596,25.632999420166016,0.1447
TRP,59,HH2,936,28.288000106811523,0.23000000417232513,26.150999069213867,0.1417
ASP,60,N,937,35.060001373291016,6.468999862670898,26.26099967956543,-0.5163
ASP,60,CA,938,35.5099983215332,7.854000091552734,26.312000274658203,0.0381
ASP,60,C,939,35.53300094604492,8.482999801635742,24.93199920654297,0.5366
ASP,60,O,940,34.97999954223633,9.565999984741211,24.72800064086914,-0.5819
ASP,60,CB,941,36.90299987792969,7.954999923706055,26.941999435424805,-0.0303
ASP,60,CG,942,36.900001525878906,7.718999862670898,28.454999923706055,0.7994
ASP,60,OD1,943,35.84000015258789,7.730999946594238,29.038000106811523,-0.8014
ASP,60,OD2,944,37.95600128173828,7.531000137329102,29.007999420166016,-0.8014
ASP,60,H,945,35.6150016784668,5.775000095367432,26.735000610351562,0.2936
ASP,60,HA,946,34.81100082397461,8.418999671936035,26.92799949645996,0.088
ASP,60,1HB,947,37.56399917602539,7.21999979019165,26.47599983215332,-0.0122
ASP,60,2HB,948,37.31800079345703,8.942999839782715,26.746000289916992,-0.0122
ARG,61,N,949,36.0,7.710999965667725,23.947999954223633,-0.3479
ARG,61,CA,950,36.106998443603516,8.21399974822998,22.59000015258789,-0.2637
ARG,61,C,951,34.74399948120117,8.407999992370605,21.974000930786133,0.7341
ARG,61,O,952,34.481998443603516,9.447999954223633,21.371999740600586,-0.5894
ARG,61,CB,953,36.91899871826172,7.257999897003174,21.735000610351562,-0.0007
ARG,61,CG,954,38.404998779296875,7.216000080108643,22.06800079345703,0.039
ARG,61,CD,955,39.12300109863281,6.214000225067139,21.243999481201172,0.0486
ARG,61,NE,956,40.542999267578125,6.172999858856201,21.558000564575195,-0.5295
ARG,61,CZ,957,41.4119987487793,5.2779998779296875,21.048999786376953,0.8076
ARG,61,NH1,958,40.99399948120117,4.359000205993652,20.20599937438965,-0.8627
ARG,61,NH2,959,42.68600082397461,5.322999954223633,21.398000717163086,-0.8627
ARG,61,H,960,36.457000732421875,6.839000225067139,24.179000854492188,0.2747
ARG,61,HA,961,36.625,9.17199993133545,22.617000579833984,0.156
ARG,61,1HB,962,36.52299880981445,6.245999813079834,21.844999313354492,0.0327
ARG,61,2HB,963,36.81999969482422,7.535999774932861,20.68600082397461,0.0327
ARG,61,1HG,964,38.84600067138672,8.194000244140625,21.8799991607666,0.0285
ARG,61,2HG,965,38.5369987487793,6.954999923706055,23.113000869750977,0.0285
ARG,61,1HD,966,38.702999114990234,5.224999904632568,21.429000854492188,0.0687
ARG,61,2HD,967,39.01499938964844,6.464000225067139,20.190000534057617,0.0687
ARG,61,HE,968,40.902000427246094,6.86299991607666,22.202999114990234,0.3456
ARG,61,1HH1,969,40.02000045776367,4.324999809265137,19.940000534057617,0.4478
ARG,61,2HH1,970,41.645999908447266,3.688999891281128,19.826000213623047,0.4478
ARG,61,1HH2,971,43.007999420166016,6.0289998054504395,22.04599952697754,0.4478
ARG,61,2HH2,972,43.33700180053711,4.6539998054504395,21.017000198364258,0.4478
ASN,62,N,973,33.82400131225586,7.494999885559082,22.2810001373291,-0.4157
ASN,62,CA,974,32.50699996948242,7.572999954223633,21.68600082397461,0.0143
ASN,62,C,975,31.732999801635742,8.732000350952148,22.266000747680664,0.5973
ASN,62,O,976,31.047000885009766,9.444999694824219,21.540000915527344,-0.5679
ASN,62,CB,977,31.753000259399414,6.2820000648498535,21.832000732421875,-0.2041
ASN,62,CG,978,32.303001403808594,5.209000110626221,20.959999084472656,0.713
ASN,62,ND2,979,31.827999114990234,4.015999794006348,21.156999588012695,-0.9191
ASN,62,OD1,980,33.15800094604492,5.460000038146973,20.106000900268555,-0.5931
ASN,62,H,981,34.10499954223633,6.636000156402588,22.735000610351562,0.2719
ASN,62,HA,982,32.617000579833984,7.7769999504089355,20.62299919128418,0.1048
ASN,62,1HB,983,31.795000076293945,5.951000213623047,22.874000549316406,0.0797
ASN,62,2HB,984,30.715999603271484,6.448999881744385,21.582000732421875,0.0797
ASN,62,1HD2,985,32.15299987792969,3.246000051498413,20.606000900268555,0.4196
ASN,62,2HD2,986,31.134000778198242,3.874000072479248,21.868000030517578,0.4196
THR,63,N,987,32.01599884033203,9.039999961853027,23.527000427246094,-0.4157
THR,63,CA,988,31.322999954223633,10.11400032043457,24.195999145507812,-0.0389
THR,63,C,989,31.70800018310547,11.442999839782715,23.583999633789062,0.5973
THR,63,O,990,30.841999053955078,12.253000259399414,23.261999130249023,-0.5679
THR,63,CB,991,31.614999771118164,10.142999649047852,25.695999145507812,0.3654
THR,63,CG2,992,30.923999786376953,11.324000358581543,26.28499984741211,-0.2438
THR,63,OG1,993,31.136999130249023,8.92199993133545,26.31800079345703,-0.6761
THR,63,H,994,32.49700164794922,8.357000350952148,24.09600067138672,0.2719
THR,63,HA,995,30.249000549316406,9.958000183105469,24.086000442504883,0.1007
THR,63,HB,996,32.6870002746582,10.21500015258789,25.857999801635742,0.0043
THR,63,HG1,997,31.582000732421875,8.166999816894531,25.922000885009766,0.4102
THR,63,1HG2,998,31.118000030517578,11.366000175476074,27.356000900268555,0.0642
THR,63,2HG2,999,31.298999786376953,12.230999946594238,25.809999465942383,0.0642
THR,63,3HG2,1000,29.871000289916992,11.236000061035156,26.11400032043457,0.0642
GLN,64,N,1001,33.00899887084961,11.598999977111816,23.297000885009766,-0.4157
GLN,64,CA,1002,33.512001037597656,12.854000091552734,22.76099967956543,-0.0031
GLN,64,C,1003,32.89799880981445,13.100000381469727,21.39299964904785,0.5973
GLN,64,O,1004,32.395999908447266,14.1899995803833,21.1200008392334,-0.5679
GLN,64,CB,1005,35.0369987487793,12.833000183105469,22.666000366210938,-0.0036
GLN,64,CG,1006,35.64699935913086,14.154000282287598,22.243000030517578,-0.0645
GLN,64,CD,1007,35.400001525878906,15.26099967956543,23.26799964904785,0.6951
GLN,64,NE2,1008,34.84199905395508,16.375999450683594,22.812999725341797,-0.9407
GLN,64,OE1,1009,35.71099853515625,15.109000205993652,24.452999114990234,-0.6086
GLN,64,H,1010,33.66999816894531,10.9350004196167,23.683000564575195,0.2719
GLN,64,HA,1011,33.21799850463867,13.666000366210938,23.427000045776367,0.085
GLN,64,1HB,1012,35.457000732421875,12.5600004196167,23.634000778198242,0.0171
GLN,64,2HB,1013,35.34600067138672,12.071999549865723,21.94700050354004,0.0171
GLN,64,1HG,1014,36.72200012207031,14.024999618530273,22.1299991607666,0.0352
GLN,64,2HG,1015,35.20399856567383,14.460000038146973,21.295000076293945,0.0352
GLN,64,1HE2,1016,34.65700149536133,17.135000228881836,23.437999725341797,0.4251
GLN,64,2HE2,1017,34.60599899291992,16.457000732421875,21.8439998626709,0.4251
ILE,65,N,1018,32.71500015258789,12.006999969482422,20.64699935913086,-0.4157
ILE,65,CA,1019,32.1619987487793,12.076000213623047,19.30500030517578,-0.0597
ILE,65,C,1020,30.719999313354492,12.515000343322754,19.36400032043457,0.5973
ILE,65,O,1021,30.30699920654297,13.40999984741211,18.632999420166016,-0.5679
ILE,65,CB,1022,32.26100158691406,10.720999717712402,18.59000015258789,0.1303
ILE,65,CG1,1023,33.72999954223633,10.399999618530273,18.30900001525879,-0.043
ILE,65,CG2,1024,31.447999954223633,10.748000144958496,17.30900001525879,-0.3204
ILE,65,CD1,1025,33.970001220703125,8.972999572753906,17.86400032043457,-0.066
ILE,65,H,1026,33.25,11.180000305175781,20.886999130249023,0.2719
ILE,65,HA,1027,32.74399948120117,12.789999961853027,18.724000930786133,0.0869
ILE,65,HB,1028,31.881000518798828,9.9399995803833,19.235000610351562,0.0187
ILE,65,1HG1,1029,34.09600067138672,11.071999549865723,17.535999298095703,0.0236
ILE,65,2HG1,1030,34.305999755859375,10.579999923706055,19.20800018310547,0.0236
ILE,65,1HG2,1031,31.524999618530273,9.78499984741211,16.80900001525879,0.0882
ILE,65,2HG2,1032,30.406999588012695,10.95199966430664,17.54800033569336,0.0882
ILE,65,3HG2,1033,31.82900047302246,11.531000137329102,16.652999877929688,0.0882
ILE,65,1HD1,1034,35.034000396728516,8.821999549865723,17.68600082397461,0.0186
ILE,65,2HD1,1035,33.6349983215332,8.28600025177002,18.63599967956543,0.0186
ILE,65,3HD1,1036,33.41899871826172,8.781000137329102,16.945999145507812,0.0186
CYS,66,N,1037,29.982999801635742,11.949999809265137,20.31100082397461,-0.4157
CYS,66,CA,1038,28.58099937438965,12.255000114440918,20.486000061035156,0.0213
CYS,66,C,1039,28.374000549316406,13.720000267028809,20.84000015258789,0.5973
CYS,66,O,1040,27.58799934387207,14.402999877929688,20.19300079345703,-0.5679
CYS,66,CB,1041,27.972999572753906,11.392000198364258,21.570999145507812,-0.1231
CYS,66,SG,1042,27.820999145507812,9.654000282287598,21.152999877929688,-0.3119
CYS,66,H,1043,30.385000228881836,11.194999694824219,20.847999572753906,0.2719
CYS,66,HA,1044,28.06399917602539,12.062000274658203,19.545000076293945,0.1124
CYS,66,1HB,1045,28.575000762939453,11.46399974822998,22.468000411987305,0.1112
CYS,66,2HB,1046,26.999000549316406,11.765000343322754,21.799999237060547,0.1112
CYS,66,HG,1047,27.273000717163086,9.281999588012695,22.30900001525879,0.1933
LYS,67,N,1048,29.27899932861328,14.265000343322754,21.66200065612793,-0.3479
LYS,67,CA,1049,29.16699981689453,15.65999984741211,22.06599998474121,-0.24
LYS,67,C,1050,29.429000854492188,16.56599998474121,20.867000579833984,0.7341
LYS,67,O,1051,28.76300048828125,17.59000015258789,20.68899917602539,-0.5894
LYS,67,CB,1052,30.13800048828125,15.986000061035156,23.200000762939453,-0.0094
LYS,67,CG,1053,29.761999130249023,15.369999885559082,24.547000885009766,0.0187
LYS,67,CD,1054,30.777000427246094,15.729000091552734,25.614999771118164,-0.0479
LYS,67,CE,1055,30.399999618530273,15.142000198364258,26.966999053955078,-0.0143
LYS,67,NZ,1056,31.420000076293945,15.458000183105469,28.007999420166016,-0.3854
LYS,67,H,1057,29.861000061035156,13.64799976348877,22.209999084472656,0.2747
LYS,67,HA,1058,28.156999588012695,15.838000297546387,22.43600082397461,0.1426
LYS,67,1HB,1059,31.13599967956543,15.633999824523926,22.937000274658203,0.0362
LYS,67,2HB,1060,30.195999145507812,17.06599998474121,23.329999923706055,0.0362
LYS,67,1HG,1061,28.781999588012695,15.732999801635742,24.85099983215332,0.0103
LYS,67,2HG,1062,29.71500015258789,14.286999702453613,24.451000213623047,0.0103
LYS,67,1HD,1063,31.760000228881836,15.347999572753906,25.323999404907227,0.0621
LYS,67,2HD,1064,30.839000701904297,16.812999725341797,25.70800018310547,0.0621
LYS,67,1HE,1065,29.43600082397461,15.545999526977539,27.277999877929688,0.1135
LYS,67,2HE,1066,30.30900001525879,14.067000389099121,26.878999710083008,0.1135
LYS,67,1HZ,1067,31.139999389648438,15.053000450134277,28.889999389648438,0.34
LYS,67,2HZ,1068,32.3129997253418,15.074000358581543,27.729999542236328,0.34
LYS,67,3HZ,1069,31.500999450683594,16.459999084472656,28.10700035095215,0.34
THR,68,N,1070,30.365999221801758,16.148000717163086,20.01099967956543,-0.4157
THR,68,CA,1071,30.708999633789062,16.92099952697754,18.829999923706055,-0.0389
THR,68,C,1072,29.4950008392334,16.976999282836914,17.933000564575195,0.5973
THR,68,O,1073,29.100000381469727,18.04800033569336,17.469999313354492,-0.5679
THR,68,CB,1074,31.906999588012695,16.322999954223633,18.06999969482422,0.3654
THR,68,CG2,1075,32.178001403808594,17.121000289916992,16.812999725341797,-0.2438
THR,68,OG1,1076,33.06800079345703,16.3439998626709,18.90999984741211,-0.6761
THR,68,H,1077,30.948999404907227,15.362000465393066,20.267000198364258,0.2719
THR,68,HA,1078,30.990999221801758,17.929000854492188,19.134000778198242,0.1007
THR,68,HB,1079,31.69099998474121,15.295999526977539,17.804000854492188,0.0043
THR,68,HG1,1080,32.89899826049805,15.824999809265137,19.700000762939453,0.4102
THR,68,1HG2,1081,33.027000427246094,16.687999725341797,16.283000946044922,0.0642
THR,68,2HG2,1082,31.295000076293945,17.094999313354492,16.170000076293945,0.0642
THR,68,3HG2,1083,32.40399932861328,18.152000427246094,17.077999114990234,0.0642
ASN,69,N,1084,28.825000762939453,15.82699966430664,17.823999404907227,-0.4157
ASN,69,CA,1085,27.663000106811523,15.678999900817871,16.976999282836914,0.0143
ASN,69,C,1086,26.506999969482422,16.5,17.52199935913086,0.5973
ASN,69,O,1087,25.851999282836914,17.209999084472656,16.775999069213867,-0.5679
ASN,69,CB,1088,27.273000717163086,14.223999977111816,16.839000701904297,-0.2041
ASN,69,CG,1089,28.21299934387207,13.442000389099121,15.989999771118164,0.713
ASN,69,ND2,1090,28.21500015258789,12.147000312805176,16.172000885009766,-0.9191
ASN,69,OD1,1091,28.94099998474121,14.001999855041504,15.161999702453613,-0.5931
ASN,69,H,1092,29.257999420166016,14.98799991607666,18.180999755859375,0.2719
ASN,69,HA,1093,27.899999618530273,16.07699966430664,15.994999885559082,0.1048
ASN,69,1HB,1094,27.233999252319336,13.765000343322754,17.81599998474121,0.0797
ASN,69,2HB,1095,26.28499984741211,14.16100025177002,16.409000396728516,0.0797
ASN,69,1HD2,1096,28.823999404907227,11.565999984741211,15.630999565124512,0.4196
ASN,69,2HD2,1097,27.607999801635742,11.737000465393066,16.85300064086914,0.4196
THR,70,N,1098,26.490999221801758,16.72100067138672,18.832000732421875,-0.4157
THR,70,CA,1099,25.375999450683594,17.476999282836914,19.367000579833984,-0.0389
THR,70,C,1100,25.363000869750977,18.841999053955078,18.70400047302246,0.5973
THR,70,O,1101,24.35300064086914,19.256000518798828,18.139999389648438,-0.5679
THR,70,CB,1102,25.466999053955078,17.621999740600586,20.89900016784668,0.3654
THR,70,CG2,1103,24.325000762939453,18.47800064086914,21.417999267578125,-0.2438
THR,70,OG1,1104,25.406999588012695,16.33099937438965,21.51099967956543,-0.6761
THR,70,H,1105,26.96500015258789,16.065000534057617,19.437000274658203,0.2719
THR,70,HA,1106,24.452999114990234,16.94300079345703,19.15999984741211,0.1007
THR,70,HB,1107,26.406999588012695,18.086000442504883,21.160999298095703,0.0043
THR,70,HG1,1108,26.139999389648438,15.793999671936035,21.19700050354004,0.4102
THR,70,1HG2,1109,24.402000427246094,18.572999954223633,22.500999450683594,0.0642
THR,70,2HG2,1110,24.37700080871582,19.46500015258789,20.961999893188477,0.0642
THR,70,3HG2,1111,23.378000259399414,18.01799964904785,21.167999267578125,0.0642
GLN,71,N,1112,26.54400062561035,19.474000930786133,18.66900062561035,-0.4157
GLN,71,CA,1113,26.694000244140625,20.795000076293945,18.07200050354004,-0.0031
GLN,71,C,1114,26.509000778198242,20.766000747680664,16.551000595092773,0.5973
GLN,71,O,1115,25.836999893188477,21.632999420166016,15.994999885559082,-0.5679
GLN,71,CB,1116,28.062999725341797,21.384000778198242,18.402999877929688,-0.0036
GLN,71,CG,1117,28.23200035095215,22.81399917602539,17.93400001525879,-0.0645
GLN,71,CD,1118,27.25200080871582,23.760000228881836,18.61400032043457,0.6951
GLN,71,NE2,1119,26.492000579833984,24.5,17.81599998474121,-0.9407
GLN,71,OE1,1120,27.18199920654297,23.822999954223633,19.844999313354492,-0.6086
GLN,71,H,1121,27.322999954223633,19.062999725341797,19.173999786376953,0.2719
GLN,71,HA,1122,25.91900062561035,21.444000244140625,18.47599983215332,0.085
GLN,71,1HB,1123,28.219999313354492,21.354999542236328,19.481000900268555,0.0171
GLN,71,2HB,1124,28.841999053955078,20.775999069213867,17.941999435424805,0.0171
GLN,71,1HG,1125,29.243999481201172,23.143999099731445,18.16200065612793,0.0352
GLN,71,2HG,1126,28.059999465942383,22.854000091552734,16.85700035095215,0.0352
GLN,71,1HE2,1127,25.829999923706055,25.141000747680664,18.20599937438965,0.4251
GLN,71,2HE2,1128,26.582000732421875,24.417999267578125,16.82200050354004,0.4251
THR,72,N,1129,26.974000930786133,19.687000274658203,15.904999732971191,-0.4157
THR,72,CA,1130,26.9060001373291,19.576000213623047,14.446999549865723,-0.0389
THR,72,C,1131,25.47599983215332,19.58300018310547,13.956000328063965,0.5973
THR,72,O,1132,25.136999130249023,20.298999786376953,13.015999794006348,-0.5679
THR,72,CB,1133,27.586000442504883,18.29199981689453,13.944999694824219,0.3654
THR,72,CG2,1134,27.424999237060547,18.165000915527344,12.447999954223633,-0.2438
THR,72,OG1,1135,28.982999801635742,18.326000213623047,14.27400016784668,-0.6761
THR,72,H,1136,27.57200050354004,19.04199981689453,16.408000946044922,0.2719
THR,72,HA,1137,27.42799949645996,20.42799949645996,14.01099967956543,0.1007
THR,72,HB,1138,27.136999130249023,17.440000534057617,14.425999641418457,0.0043
THR,72,HG1,1139,29.086000442504883,18.38800048828125,15.22700023651123,0.4102
THR,72,1HG2,1140,27.910999298095703,17.250999450683594,12.107999801635742,0.0642
THR,72,2HG2,1141,26.365999221801758,18.128000259399414,12.201000213623047,0.0642
THR,72,3HG2,1142,27.882999420166016,19.02199935913086,11.958999633789062,0.0642
TYR,73,N,1143,24.642000198364258,18.79599952697754,14.614999771118164,-0.4157
TYR,73,CA,1144,23.233999252319336,18.687999725341797,14.291000366210938,-0.0014
TYR,73,C,1145,22.516000747680664,19.98900032043457,14.585000038146973,0.5973
TYR,73,O,1146,21.767000198364258,20.459999084472656,13.741999626159668,-0.5679
TYR,73,CB,1147,22.62299919128418,17.54400062561035,15.069999694824219,-0.0152
TYR,73,CG,1148,23.0,16.17799949645996,14.508999824523926,-0.0011
TYR,73,CD1,1149,24.31599998474121,15.772000312805176,14.510000228881836,-0.1906
TYR,73,CD2,1150,22.02400016784668,15.331999778747559,13.994999885559082,-0.1906
TYR,73,CE1,1151,24.674999237060547,14.5600004196167,14.017000198364258,-0.2341
TYR,73,CE2,1152,22.388999938964844,14.10200023651123,13.493000030517578,-0.2341
TYR,73,CZ,1153,23.72599983215332,13.72700023651123,13.51099967956543,0.3226
TYR,73,OH,1154,24.104999542236328,12.529000282287598,13.026000022888184,-0.5579
TYR,73,H,1155,24.999000549316406,18.277999877929688,15.404000282287598,0.2719
TYR,73,HA,1156,23.136999130249023,18.48900032043457,13.22599983215332,0.0876
TYR,73,1HB,1157,22.94700050354004,17.59600067138672,16.113000869750977,0.0295
TYR,73,2HB,1158,21.54599952697754,17.638999938964844,15.057999610900879,0.0295
TYR,73,HD1,1159,25.06999969482422,16.406999588012695,14.899999618530273,0.1699
TYR,73,HD2,1160,20.98200035095215,15.640000343322754,13.986000061035156,0.1699
TYR,73,HE1,1161,25.722000122070312,14.256999969482422,14.026000022888184,0.1656
TYR,73,HE2,1162,21.631999969482422,13.428999900817871,13.085000038146973,0.1656
TYR,73,HH,1163,23.33300018310547,12.055999755859375,12.708999633789062,0.3992
ARG,74,N,1164,22.924999237060547,20.69700050354004,15.640999794006348,-0.3479
ARG,74,CA,1165,22.243000030517578,21.948999404907227,15.942000389099121,-0.2637
ARG,74,C,1166,22.47800064086914,22.930999755859375,14.803999900817871,0.7341
ARG,74,O,1167,21.569000244140625,23.663000106811523,14.414999961853027,-0.5894
ARG,74,CB,1168,22.743000030517578,22.541000366210938,17.246000289916992,-0.0007
ARG,74,CG,1169,22.23699951171875,21.80299949645996,18.472000122070312,0.039
ARG,74,CD,1170,22.82699966430664,22.290000915527344,19.724000930786133,0.0486
ARG,74,NE,1171,22.233999252319336,21.631000518798828,20.884000778198242,-0.5295
ARG,74,CZ,1172,22.725000381469727,21.66699981689453,22.125999450683594,0.8076
ARG,74,NH1,1173,23.827999114990234,22.332000732421875,22.392000198364258,-0.8627
ARG,74,NH2,1174,22.07900047302246,21.023000717163086,23.07200050354004,-0.8627
ARG,74,H,1175,23.44300079345703,20.235000610351562,16.378000259399414,0.2747
ARG,74,HA,1176,21.179000854492188,21.753000259399414,16.055999755859375,0.156
ARG,74,1HB,1177,23.82699966430664,22.527000427246094,17.263999938964844,0.0327
ARG,74,2HB,1178,22.43199920654297,23.58300018310547,17.31999969482422,0.0327
ARG,74,1HG,1179,21.18899917602539,21.924999237060547,18.540000915527344,0.0285
ARG,74,2HG,1180,22.472999572753906,20.7549991607666,18.388999938964844,0.0285
ARG,74,1HD,1181,23.898000717163086,22.09000015258789,19.722999572753906,0.0687
ARG,74,2HD,1182,22.659000396728516,23.363000869750977,19.812000274658203,0.0687
ARG,74,HE,1183,21.374000549316406,21.093000411987305,20.76099967956543,0.3456
ARG,74,1HH1,1184,24.312999725341797,22.82200050354004,21.652999877929688,0.4478
ARG,74,2HH1,1185,24.19099998474121,22.351999282836914,23.334999084472656,0.4478
ARG,74,1HH2,1186,21.231000900268555,20.52199935913086,22.82699966430664,0.4478
ARG,74,2HH2,1187,22.426000595092773,21.031999588012695,24.020000457763672,0.4478
GLU,75,N,1188,23.68000030517578,22.895999908447266,14.234000205993652,-0.5163
GLU,75,CA,1189,24.033000946044922,23.788000106811523,13.145000457763672,0.0397
GLU,75,C,1190,23.233999252319336,23.413999557495117,11.907999992370605,0.5366
GLU,75,O,1191,22.607999801635742,24.27199935913086,11.291000366210938,-0.5819
GLU,75,CB,1192,25.534000396728516,23.716999053955078,12.85200023651123,0.056
GLU,75,CG,1193,26.006000518798828,24.652000427246094,11.751999855041504,0.0136
GLU,75,CD,1194,25.829999923706055,26.110000610351562,12.086000442504883,0.8054
GLU,75,OE1,1195,25.68000030517578,26.42300033569336,13.241000175476074,-0.8188
GLU,75,OE2,1196,25.847000122070312,26.910999298095703,11.178999900817871,-0.8188
GLU,75,H,1197,24.40399932861328,22.33300018310547,14.66100025177002,0.2936
GLU,75,HA,1198,23.78700065612793,24.81100082397461,13.434000015258789,0.1105
GLU,75,1HB,1199,26.091999053955078,23.957000732421875,13.758000373840332,-0.0173
GLU,75,2HB,1200,25.801000595092773,22.704999923706055,12.562999725341797,-0.0173
GLU,75,1HG,1201,27.062000274658203,24.465999603271484,11.562000274658203,-0.0425
GLU,75,2HG,1202,25.457000732421875,24.427000045776367,10.848999977111816,-0.0425
ASN,76,N,1203,23.06599998474121,22.104999542236328,11.701000213623047,-0.4157
ASN,76,CA,1204,22.361000061035156,21.59600067138672,10.53600025177002,0.0143
ASN,76,C,1205,20.882999420166016,21.964000701904297,10.593000411987305,0.5973
ASN,76,O,1206,20.290000915527344,22.290000915527344,9.569999694824219,-0.5679
ASN,76,CB,1207,22.527999877929688,20.097999572753906,10.411999702453613,-0.2041
ASN,76,CG,1208,23.905000686645508,19.70199966430664,9.973999977111816,0.713
ASN,76,ND2,1209,24.277000427246094,18.479999542236328,10.255000114440918,-0.9191
ASN,76,OD1,1210,24.63599967956543,20.503000259399414,9.37600040435791,-0.5931
ASN,76,H,1211,23.645999908447266,21.461000442504883,12.220999717712402,0.2719
ASN,76,HA,1212,22.770000457763672,22.066999435424805,9.645000457763672,0.1048
ASN,76,1HB,1213,22.32200050354004,19.631000518798828,11.36400032043457,0.0797
ASN,76,2HB,1214,21.808000564575195,19.709999084472656,9.694000244140625,0.0797
ASN,76,1HD2,1215,25.18600082397461,18.158000946044922,9.987000465393066,0.4196
ASN,76,2HD2,1216,23.652999877929688,17.865999221801758,10.73900032043457,0.4196
LEU,77,N,1217,20.336999893188477,22.045000076293945,11.810999870300293,-0.4157
LEU,77,CA,1218,18.922000885009766,22.349000930786133,11.984999656677246,-0.0518
LEU,77,C,1219,18.65399932861328,23.798999786376953,11.619999885559082,0.5973
LEU,77,O,1220,17.665000915527344,24.099000930786133,10.958999633789062,-0.5679
LEU,77,CB,1221,18.490999221801758,22.083999633789062,13.4399995803833,-0.1102
LEU,77,CG,1222,18.429000854492188,20.600000381469727,13.88700008392334,0.3531
LEU,77,CD1,1223,18.20400047302246,20.520000457763672,15.378000259399414,-0.4121
LEU,77,CD2,1224,17.316999435424805,19.898000717163086,13.128999710083008,-0.4121
LEU,77,H,1225,20.83799934387207,21.639999389648438,12.583999633789062,0.2719
LEU,77,HA,1226,18.340999603271484,21.69300079345703,11.338000297546387,0.0922
LEU,77,1HB,1227,19.184999465942383,22.593000411987305,14.104000091552734,0.0457
LEU,77,2HB,1228,17.49799919128418,22.510000228881836,13.59000015258789,0.0457
LEU,77,HG,1229,19.368000030517578,20.11199951171875,13.677000045776367,-0.0361
LEU,77,1HD1,1230,18.16200065612793,19.486000061035156,15.682999610900879,0.1
LEU,77,2HD1,1231,19.017000198364258,21.01300048828125,15.890999794006348,0.1
LEU,77,3HD1,1232,17.280000686645508,21.000999450683594,15.628999710083008,0.1
LEU,77,1HD2,1233,17.273000717163086,18.860000610351562,13.439000129699707,0.1
LEU,77,2HD2,1234,16.363000869750977,20.384000778198242,13.345000267028809,0.1
LEU,77,3HD2,1235,17.517000198364258,19.95199966430664,12.062000274658203,0.1
ARG,78,N,1236,19.593000411987305,24.68400001525879,11.967000007629395,-0.3479
ARG,78,CA,1237,19.426000595092773,26.110000610351562,11.701000213623047,-0.2637
ARG,78,C,1238,19.47599983215332,26.347000122070312,10.20199966430664,0.7341
ARG,78,O,1239,18.625999450683594,27.03700065612793,9.63700008392334,-0.5894
ARG,78,CB,1240,20.514999389648438,26.905000686645508,12.401000022888184,-0.0007
ARG,78,CG,1241,20.41900062561035,26.906999588012695,13.925999641418457,0.039
ARG,78,CD,1242,21.56599998474121,27.6200008392334,14.545999526977539,0.0486
ARG,78,NE,1243,21.540000915527344,27.547000885009766,16.01300048828125,-0.5295
ARG,78,CZ,1244,22.518999099731445,28.024999618530273,16.812999725341797,0.8076
ARG,78,NH1,1245,23.572999954223633,28.599000930786133,16.277999877929688,-0.8627
ARG,78,NH2,1246,22.429000854492188,27.924999237060547,18.134000778198242,-0.8627
ARG,78,H,1247,20.356000900268555,24.37700080871582,12.560999870300293,0.2747
ARG,78,HA,1248,18.46299934387207,26.43400001525879,12.095000267028809,0.156
ARG,78,1HB,1249,21.489999771118164,26.503999710083008,12.130999565124512,0.0327
ARG,78,2HB,1250,20.48200035095215,27.94099998474121,12.064000129699707,0.0327
ARG,78,1HG,1251,19.499000549316406,27.405000686645508,14.232000350952148,0.0285
ARG,78,2HG,1252,20.415000915527344,25.88599967956543,14.289999961853027,0.0285
ARG,78,1HD,1253,22.499000549316406,27.17099952697754,14.199999809265137,0.0687
ARG,78,2HD,1254,21.53700065612793,28.670000076293945,14.258999824523926,0.0687
ARG,78,HE,1255,20.739999771118164,27.111000061035156,16.452999114990234,0.3456
ARG,78,1HH1,1256,23.649999618530273,28.68000030517578,15.27299976348877,0.4478
ARG,78,2HH1,1257,24.308000564575195,28.959999084472656,16.8700008392334,0.4478
ARG,78,1HH2,1258,21.62299919128418,27.486000061035156,18.572999954223633,0.4478
ARG,78,2HH2,1259,23.170000076293945,28.290000915527344,18.714000701904297,0.4478
ILE,79,N,1260,20.347000122070312,25.590999603271484,9.553000450134277,-0.4157
ILE,79,CA,1261,20.562999725341797,25.690000534057617,8.126999855041504,-0.0597
ILE,79,C,1262,19.332000732421875,25.21500015258789,7.381999969482422,0.5973
ILE,79,O,1263,18.81999969482422,25.905000686645508,6.50600004196167,-0.5679
ILE,79,CB,1264,21.784000396728516,24.86199951171875,7.710999965667725,0.1303
ILE,79,CG1,1265,23.04800033569336,25.496999740600586,8.279000282287598,-0.043
ILE,79,CG2,1266,21.8439998626709,24.76099967956543,6.23199987411499,-0.3204
ILE,79,CD1,1267,24.270000457763672,24.618000030517578,8.178000450134277,-0.066
ILE,79,H,1268,21.059999465942383,25.125,10.100000381469727,0.2719
ILE,79,HA,1269,20.756999969482422,26.73200035095215,7.870999813079834,0.0869
ILE,79,HB,1270,21.709999084472656,23.865999221801758,8.133000373840332,0.0187
ILE,79,1HG1,1271,23.240999221801758,26.426000595092773,7.745999813079834,0.0236
ILE,79,2HG1,1272,22.881000518798828,25.736000061035156,9.322999954223633,0.0236
ILE,79,1HG2,1273,22.71299934387207,24.17300033569336,5.938000202178955,0.0882
ILE,79,2HG2,1274,20.940000534057617,24.280000686645508,5.869999885559082,0.0882
ILE,79,3HG2,1275,21.92300033569336,25.760000228881836,5.809000015258789,0.0882
ILE,79,1HD1,1276,25.125999450683594,25.138999938964844,8.602999687194824,0.0186
ILE,79,2HD1,1277,24.10300064086914,23.69499969482422,8.723999977111816,0.0186
ILE,79,3HD1,1278,24.466999053955078,24.38800048828125,7.132999897003174,0.0186
ALA,80,N,1279,18.777000427246094,24.099000930786133,7.848999977111816,-0.4157
ALA,80,CA,1280,17.604000091552734,23.493000030517578,7.252999782562256,0.0337
ALA,80,C,1281,16.420000076293945,24.45599937438965,7.311999797821045,0.5973
ALA,80,O,1282,15.741000175476074,24.658000946044922,6.311999797821045,-0.5679
ALA,80,CB,1283,17.280000686645508,22.18899917602539,7.958000183105469,-0.1825
ALA,80,H,1284,19.290000915527344,23.56399917602539,8.531999588012695,0.2719
ALA,80,HA,1285,17.812999725341797,23.281999588012695,6.203999996185303,0.0823
ALA,80,1HB,1286,16.402999877929688,21.743999481201172,7.504000186920166,0.0603
ALA,80,2HB,1287,18.121999740600586,21.5049991607666,7.864999771118164,0.0603
ALA,80,3HB,1288,17.086999893188477,22.384000778198242,9.008999824523926,0.0603
LEU,81,N,1289,16.29199981689453,25.20800018310547,8.418000221252441,-0.4157
LEU,81,CA,1290,15.16100025177002,26.131999969482422,8.536999702453613,-0.0518
LEU,81,C,1291,15.232999801635742,27.163999557495117,7.423999786376953,0.5973
LEU,81,O,1292,14.220000267028809,27.62299919128418,6.894000053405762,-0.5679
LEU,81,CB,1293,15.164999961853027,26.8439998626709,9.904000282287598,-0.1102
LEU,81,CG,1294,14.875,25.990999221801758,11.147000312805176,0.3531
LEU,81,CD1,1295,15.102999687194824,26.83799934387207,12.388999938964844,-0.4121
LEU,81,CD2,1296,13.47599983215332,25.47599983215332,11.095999717712402,-0.4121
LEU,81,H,1297,16.864999771118164,25.01099967956543,9.227999687194824,0.2719
LEU,81,HA,1298,14.234999656677246,25.566999435424805,8.447999954223633,0.0922
LEU,81,1HB,1299,16.136999130249023,27.297000885009766,10.053999900817871,0.0457
LEU,81,2HB,1300,14.414999961853027,27.636999130249023,9.883000373840332,0.0457
LEU,81,HG,1301,15.552000045776367,25.15999984741211,11.1850004196167,-0.0361
LEU,81,1HD1,1302,14.901000022888184,26.242000579833984,13.279000282287598,0.1
LEU,81,2HD1,1303,16.136999130249023,27.18000030517578,12.41100025177002,0.1
LEU,81,3HD1,1304,14.437000274658203,27.69499969482422,12.366999626159668,0.1
LEU,81,1HD2,1305,13.284000396728516,24.875,11.979999542236328,0.1
LEU,81,2HD2,1306,12.777999877929688,26.31599998474121,11.067999839782715,0.1
LEU,81,3HD2,1307,13.347000122070312,24.868000030517578,10.206000328063965,0.1
ARG,82,N,1308,16.45199966430664,27.583999633789062,7.1020002365112305,-0.3479
ARG,82,CA,1309,16.621000289916992,28.631000518798828,6.111999988555908,-0.2637
ARG,82,C,1310,16.280000686645508,28.097999572753906,4.730000019073486,0.7341
ARG,82,O,1311,15.510000228881836,28.704999923706055,3.98799991607666,-0.5894
ARG,82,CB,1312,18.049999237060547,29.145999908447266,6.132999897003174,-0.0007
ARG,82,CG,1313,18.42099952697754,29.920000076293945,7.381999969482422,0.039
ARG,82,CD,1314,19.8439998626709,30.327999114990234,7.374000072479248,0.0486
ARG,82,NE,1315,20.201000213623047,31.06599998474121,8.576000213623047,-0.5295
ARG,82,CZ,1316,21.450000762939453,31.457000732421875,8.892999649047852,0.8076
ARG,82,NH1,1317,22.451000213623047,31.176000595092773,8.08899974822998,-0.8627
ARG,82,NH2,1318,21.66900062561035,32.125,10.01200008392334,-0.8627
ARG,82,H,1319,17.23900032043457,27.31399917602539,7.684999942779541,0.2747
ARG,82,HA,1320,15.958999633789062,29.459999084472656,6.36299991607666,0.156
ARG,82,1HB,1321,18.739999771118164,28.316999435424805,6.045000076293945,0.0327
ARG,82,2HB,1322,18.214000701904297,29.79800033569336,5.276000022888184,0.0327
ARG,82,1HG,1323,17.808000564575195,30.81800079345703,7.447000026702881,0.0285
ARG,82,2HG,1324,18.24799919128418,29.297000885009766,8.258000373840332,0.0285
ARG,82,1HD,1325,20.47599983215332,29.43899917602539,7.315999984741211,0.0687
ARG,82,2HD,1326,20.03499984741211,30.965999603271484,6.51200008392334,0.0687
ARG,82,HE,1327,19.45800018310547,31.302000045776367,9.220999717712402,0.3456
ARG,82,1HH1,1328,22.284000396728516,30.665000915527344,7.232999801635742,0.4478
ARG,82,2HH1,1329,23.386999130249023,31.469999313354492,8.32699966430664,0.4478
ARG,82,1HH2,1330,20.89900016784668,32.34199905395508,10.630999565124512,0.4478
ARG,82,2HH2,1331,22.604999542236328,32.41899871826172,10.25,0.4478
TYR,83,N,1332,16.719999313354492,26.87299919128418,4.461999893188477,-0.4157
TYR,83,CA,1333,16.541000366210938,26.246999740600586,3.1610000133514404,-0.0014
TYR,83,C,1334,15.07800006866455,25.981000900268555,2.8399999141693115,0.5973
TYR,83,O,1335,14.61400032043457,26.26300048828125,1.7339999675750732,-0.5679
TYR,83,CB,1336,17.32200050354004,24.944000244140625,3.065999984741211,-0.0152
TYR,83,CG,1337,18.805999755859375,25.1200008392334,3.0360000133514404,-0.0011
TYR,83,CD1,1338,19.347999572753906,26.392000198364258,3.0339999198913574,-0.1906
TYR,83,CD2,1339,19.6299991607666,24.009000778198242,3.007999897003174,-0.1906
TYR,83,CE1,1340,20.707000732421875,26.558000564575195,3.00600004196167,-0.2341
TYR,83,CE2,1341,20.9950008392334,24.172000885009766,2.9790000915527344,-0.2341
TYR,83,CZ,1342,21.53499984741211,25.444000244140625,2.9779999256134033,0.3226
TYR,83,OH,1343,22.900999069213867,25.615999221801758,2.950000047683716,-0.5579
TYR,83,H,1344,17.347000122070312,26.437000274658203,5.125,0.2719
TYR,83,HA,1345,16.906999588012695,26.933000564575195,2.3970000743865967,0.0876
TYR,83,1HB,1346,17.075000762939453,24.309999465942383,3.9189999103546143,0.0295
TYR,83,2HB,1347,17.025999069213867,24.429000854492188,2.180000066757202,0.0295
TYR,83,HD1,1348,18.69499969482422,27.263999938964844,3.055999994277954,0.1699
TYR,83,HD2,1349,19.195999145507812,23.007999420166016,3.006999969482422,0.1699
TYR,83,HE1,1350,21.134000778198242,27.559999465942383,3.005000114440918,0.1656
TYR,83,HE2,1351,21.648000717163086,23.301000595092773,2.9570000171661377,0.1656
TYR,83,HH,1352,23.329999923706055,24.756999969482422,2.933000087738037,0.3992
TYR,84,N,1353,14.317000389099121,25.632999420166016,3.875,-0.4157
TYR,84,CA,1354,12.939000129699707,25.211999893188477,3.700000047683716,-0.0014
TYR,84,C,1355,11.944999694824219,26.319000244140625,4.045000076293945,0.5973
TYR,84,O,1356,10.734000205993652,26.091999053955078,4.017000198364258,-0.5679
TYR,84,CB,1357,12.663999557495117,23.96299934387207,4.553999900817871,-0.0152
TYR,84,CG,1358,13.454999923706055,22.736000061035156,4.1579999923706055,-0.0011
TYR,84,CD1,1359,14.392000198364258,22.211000442504883,5.03000020980835,-0.1906
TYR,84,CD2,1360,13.25,22.136999130249023,2.934999942779541,-0.1906
TYR,84,CE1,1361,15.116000175476074,21.10300064086914,4.689000129699707,-0.2341
TYR,84,CE2,1362,13.979000091552734,21.02199935913086,2.5929999351501465,-0.2341
TYR,84,CZ,1363,14.911999702453613,20.507999420166016,3.4719998836517334,0.3226
TYR,84,OH,1364,15.638999938964844,19.400999069213867,3.1389999389648438,-0.5579
TYR,84,H,1365,14.788000106811523,25.333999633789062,4.716000080108643,0.2719
TYR,84,HA,1366,12.781000137329102,24.981000900268555,2.6470000743865967,0.0876
TYR,84,1HB,1367,12.888999938964844,24.18000030517578,5.5960001945495605,0.0295
TYR,84,2HB,1368,11.604999542236328,23.70800018310547,4.493000030517578,0.0295
TYR,84,HD1,1369,14.555999755859375,22.676000595092773,5.98799991607666,0.1699
TYR,84,HD2,1370,12.513999938964844,22.54599952697754,2.243000030517578,0.1699
TYR,84,HE1,1371,15.85099983215332,20.697999954223633,5.381999969482422,0.1656
TYR,84,HE2,1372,13.821999549865723,20.545000076293945,1.6260000467300415,0.1656
TYR,84,HH,1373,16.235000610351562,19.180999755859375,3.8589999675750732,0.3992
ASN,85,N,1374,12.456999778747559,27.507999420166016,4.375999927520752,-0.4157
ASN,85,CA,1375,11.602999687194824,28.63800048828125,4.750999927520752,0.0143
ASN,85,C,1376,10.668000221252441,28.275999069213867,5.9029998779296875,0.5973
ASN,85,O,1377,9.456000328063965,28.47599983215332,5.813000202178955,-0.5679
ASN,85,CB,1378,10.79800033569336,29.125999450683594,3.558000087738037,-0.2041
ASN,85,CG,1379,10.20300006866455,30.48900032043457,3.7820000648498535,0.713
ASN,85,ND2,1380,9.048999786376953,30.724000930786133,3.2090001106262207,-0.9191
ASN,85,OD1,1381,10.788000106811523,31.329999923706055,4.474999904632568,-0.5931
ASN,85,H,1382,13.458999633789062,27.655000686645508,4.359000205993652,0.2719
ASN,85,HA,1383,12.241000175476074,29.450000762939453,5.099999904632568,0.1048
ASN,85,1HB,1384,11.4399995803833,29.163000106811523,2.677000045776367,0.0797
ASN,85,2HB,1385,9.994000434875488,28.424999237060547,3.3469998836517334,0.0797
ASN,85,1HD2,1386,8.605999946594238,31.61400032043457,3.322999954223633,0.4196
ASN,85,2HD2,1387,8.612000465393066,30.014999389648438,2.6579999923706055,0.4196
GLN,86,N,1388,11.227999687194824,27.683000564575195,6.953000068664551,-0.4157
GLN,86,CA,1389,10.46399974822998,27.298999786376953,8.130999565124512,-0.0031
GLN,86,C,1390,10.630000114440918,28.299999237060547,9.267000198364258,0.5973
GLN,86,O,1391,11.711999893188477,28.85300064086914,9.465999603271484,-0.5679
GLN,86,CB,1392,10.897000312805176,25.91699981689453,8.581999778747559,-0.0036
GLN,86,CG,1393,10.717000007629395,24.849000930786133,7.548999786376953,-0.0645
GLN,86,CD,1394,9.281000137329102,24.534000396728516,7.2769999504089355,0.6951
GLN,86,NE2,1395,8.857999801635742,24.72100067138672,6.0289998054504395,-0.9407
GLN,86,OE1,1396,8.548999786376953,24.121000289916992,8.1850004196167,-0.6086
GLN,86,H,1397,12.232999801635742,27.591999053955078,6.982999801635742,0.2719
GLN,86,HA,1398,9.407999992370605,27.273000717163086,7.867000102996826,0.085
GLN,86,1HB,1399,11.928000450134277,25.951000213623047,8.852999687194824,0.0171
GLN,86,2HB,1400,10.331999778747559,25.642000198364258,9.456000328063965,0.0171
GLN,86,1HG,1401,11.168999671936035,25.190000534057617,6.63700008392334,0.0352
GLN,86,2HG,1402,11.20199966430664,23.93600082397461,7.89900016784668,0.0352
GLN,86,1HE2,1403,7.906000137329102,24.527000427246094,5.788000106811523,0.4251
GLN,86,2HE2,1404,9.496999740600586,25.059999465942383,5.327000141143799,0.4251
SER,87,N,1405,9.54699993133545,28.52899932861328,10.006999969482422,-0.4157
SER,87,CA,1406,9.586000442504883,29.43000030517578,11.154000282287598,-0.0249
SER,87,C,1407,10.454000473022461,28.871999740600586,12.265999794006348,0.5973
SER,87,O,1408,10.303000450134277,27.718000411987305,12.663000106811523,-0.5679
SER,87,CB,1409,8.196999549865723,29.695999145507812,11.692999839782715,0.2117
SER,87,OG,1410,8.260000228881836,30.506000518798828,12.842000007629395,-0.6546
SER,87,H,1411,8.678000450134277,28.06999969482422,9.770000457763672,0.2719
SER,87,HA,1412,10.01200008392334,30.3799991607666,10.829000473022461,0.0843
SER,87,1HB,1413,7.5970001220703125,30.18600082397461,10.927000045776367,0.0352
SER,87,2HB,1414,7.711999893188477,28.75,11.932000160217285,0.0352
SER,87,HG,1415,8.682000160217285,31.322999954223633,12.567999839782715,0.4275
GLU,88,N,1416,11.220999717712402,29.757999420166016,12.890000343322754,-0.5163
GLU,88,CA,1417,12.067000389099121,29.393999099731445,14.019000053405762,0.0397
GLU,88,C,1418,11.241000175476074,28.95800018310547,15.223999977111816,0.5366
GLU,88,O,1419,11.730999946594238,28.23699951171875,16.086000442504883,-0.5819
GLU,88,CB,1420,12.970999717712402,30.56399917602539,14.404000282287598,0.056
GLU,88,CG,1421,14.043999671936035,30.881999969482422,13.366000175476074,0.0136
GLU,88,CD,1422,14.909000396728516,32.051998138427734,13.748000144958496,0.8054
GLU,88,OE1,1423,14.633000373840332,32.672000885009766,14.746000289916992,-0.8188
GLU,88,OE2,1424,15.848999977111816,32.32500076293945,13.038000106811523,-0.8188
GLU,88,H,1425,11.293000221252441,30.69099998474121,12.510000228881836,0.2936
GLU,88,HA,1426,12.696999549865723,28.55699920654297,13.720999717712402,0.1105
GLU,88,1HB,1427,12.364999771118164,31.458999633789062,14.552000045776367,-0.0173
GLU,88,2HB,1428,13.467000007629395,30.344999313354492,15.350000381469727,-0.0173
GLU,88,1HG,1429,14.678999900817871,30.007999420166016,13.237000465393066,-0.0425
GLU,88,2HG,1430,13.559000015258789,31.093000411987305,12.413999557495117,-0.0425
ALA,89,N,1431,9.98799991607666,29.413000106811523,15.279999732971191,-0.4157
ALA,89,CA,1432,9.083000183105469,29.111000061035156,16.38599967956543,0.0337
ALA,89,C,1433,8.694000244140625,27.631999969482422,16.42099952697754,0.5973
ALA,89,O,1434,8.324999809265137,27.111000061035156,17.475000381469727,-0.5679
ALA,89,CB,1435,7.843999862670898,29.98200035095215,16.290000915527344,-0.1825
ALA,89,H,1436,9.638999938964844,29.9950008392334,14.526000022888184,0.2719
ALA,89,HA,1437,9.600000381469727,29.33099937438965,17.31999969482422,0.0823
ALA,89,1HB,1438,7.179999828338623,29.76300048828125,17.12700080871582,0.0603
ALA,89,2HB,1439,8.133999824523926,31.031999588012695,16.320999145507812,0.0603
ALA,89,3HB,1440,7.328000068664551,29.775999069213867,15.354000091552734,0.0603
GLY,90,N,1441,8.76099967956543,26.961999893188477,15.277000427246094,-0.4157
GLY,90,CA,1442,8.336999893188477,25.56999969482422,15.178999900817871,-0.0252
GLY,90,C,1443,9.442999839782715,24.572999954223633,15.51099967956543,0.5973
GLY,90,O,1444,10.630000114440918,24.882999420166016,15.402000427246094,-0.5679
GLY,90,H,1445,9.07699966430664,27.430999755859375,14.437999725341797,0.2719
GLY,90,1HA,1446,7.5,25.402000427246094,15.857000350952148,0.0698
GLY,90,2HA,1447,7.980999946594238,25.375999450683594,14.166999816894531,0.0698
SER,91,N,1448,9.029000282287598,23.361000061035156,15.88700008392334,-0.4157
SER,91,CA,1449,9.944999694824219,22.257999420166016,16.170000076293945,-0.0249
SER,91,C,1450,10.152999877929688,21.409000396728516,14.92300033569336,0.5973
SER,91,O,1451,9.204000473022461,21.141000747680664,14.1850004196167,-0.5679
SER,91,CB,1452,9.397000312805176,21.398000717163086,17.291000366210938,0.2117
SER,91,OG,1453,10.187999725341797,20.256000518798828,17.493000030517578,-0.6546
SER,91,H,1454,8.03600025177002,23.194000244140625,15.968000411987305,0.2719
SER,91,HA,1455,10.906999588012695,22.670000076293945,16.479000091552734,0.0843
SER,91,1HB,1456,9.359000205993652,21.982999801635742,18.211000442504883,0.0352
SER,91,2HB,1457,8.378999710083008,21.097000122070312,17.051000595092773,0.0352
SER,91,HG,1458,11.050000190734863,20.570999145507812,17.77899932861328,0.4275
HIE,92,N,1459,11.392999649047852,20.98699951171875,14.690999984741211,-0.4157
HIE,92,CA,1460,11.734000205993652,20.14900016784668,13.54800033569336,-0.0581
HIE,92,C,1461,12.6850004196167,19.020000457763672,13.937999725341797,0.5973
HIE,92,O,1462,13.397000312805176,19.106000900268555,14.935999870300293,-0.5679
HIE,92,CB,1463,12.364999771118164,20.975000381469727,12.430000305175781,-0.0074
HIE,92,CG,1464,11.430000305175781,22.00200080871582,11.843000411987305,0.1868
HIE,92,CD2,1465,10.718000411987305,21.992000579833984,10.692000389099121,-0.2207
HIE,92,ND1,1466,11.152000427246094,23.195999145507812,12.46399974822998,-0.5432
HIE,92,CE1,1467,10.3100004196167,23.88800048828125,11.72599983215332,0.1635
HIE,92,NE2,1468,10.027000427246094,23.183000564575195,10.642000198364258,-0.2795
HIE,92,H,1469,12.12600040435791,21.26099967956543,15.324999809265137,0.2719
HIE,92,HA,1470,10.833999633789062,19.66900062561035,13.163999557495117,0.136
HIE,92,1HB,1471,13.248000144958496,21.492000579833984,12.812999725341797,0.0367
HIE,92,2HB,1472,12.692000389099121,20.312999725341797,11.63700008392334,0.0367
HIE,92,HD2,1473,10.694000244140625,21.197999954223633,9.944999694824219,0.1862
HIE,92,HE1,1474,9.911999702453613,24.875999450683594,11.967000007629395,0.1435
HIE,92,HE2,1475,9.401000022888184,23.466999053955078,9.890000343322754,0.3339
THR,93,N,1476,12.722000122070312,17.961000442504883,13.126999855041504,-0.4157
THR,93,CA,1477,13.616000175476074,16.849000930786133,13.432000160217285,-0.0389
THR,93,C,1478,14.600000381469727,16.503999710083008,12.317000389099121,0.5973
THR,93,O,1479,14.222999572753906,16.257999420166016,11.180000305175781,-0.5679
THR,93,CB,1480,12.800000190734863,15.583000183105469,13.781000137329102,0.3654
THR,93,CG2,1481,13.736000061035156,14.395000457763672,14.10200023651123,-0.2438
THR,93,OG1,1482,11.968999862670898,15.845000267028809,14.918999671936035,-0.6761
THR,93,H,1483,12.145000457763672,17.933000564575195,12.29699993133545,0.2719
THR,93,HA,1484,14.218000411987305,17.134000778198242,14.282999992370605,0.1007
THR,93,HB,1485,12.166000366210938,15.317999839782715,12.9350004196167,0.0043
THR,93,HG1,1486,11.369000434875488,16.56800079345703,14.715999603271484,0.4102
THR,93,1HG2,1487,13.140999794006348,13.517000198364258,14.343999862670898,0.0642
THR,93,2HG2,1488,14.36299991607666,14.177000045776367,13.244999885559082,0.0642
THR,93,3HG2,1489,14.369999885559082,14.64799976348877,14.95300006866455,0.0642
LEU,94,N,1490,15.845000267028809,16.250999450683594,12.706000328063965,-0.4157
LEU,94,CA,1491,16.864999771118164,15.791999816894531,11.770999908447266,-0.0518
LEU,94,C,1492,17.26799964904785,14.373000144958496,12.147000312805176,0.5973
LEU,94,O,1493,17.618999481201172,14.086000442504883,13.291999816894531,-0.5679
LEU,94,CB,1494,18.079999923706055,16.716999053955078,11.791000366210938,-0.1102
LEU,94,CG,1495,19.273000717163086,16.320999145507812,10.942000389099121,0.3531
LEU,94,CD1,1496,18.86199951171875,16.305999755859375,9.468000411987305,-0.4121
LEU,94,CD2,1497,20.402999877929688,17.325000762939453,11.206999778747559,-0.4121
LEU,94,H,1498,16.104999542236328,16.454999923706055,13.661999702453613,0.2719
LEU,94,HA,1499,16.44700050354004,15.784000396728516,10.767000198364258,0.0922
LEU,94,1HB,1500,17.761999130249023,17.690000534057617,11.460000038146973,0.0457
LEU,94,2HB,1501,18.430999755859375,16.79599952697754,12.798999786376953,0.0457
LEU,94,HG,1502,19.60300064086914,15.314000129699707,11.204999923706055,-0.0361
LEU,94,1HD1,1503,19.715999603271484,16.02199935913086,8.854000091552734,0.1
LEU,94,2HD1,1504,18.05900001525879,15.586000442504883,9.321000099182129,0.1
LEU,94,3HD1,1505,18.51799964904785,17.297000885009766,9.175000190734863,0.1
LEU,94,1HD2,1506,21.275999069213867,17.062000274658203,10.607000350952148,0.1
LEU,94,2HD2,1507,20.06999969482422,18.327999114990234,10.940999984741211,0.1
LEU,94,3HD2,1508,20.674999237060547,17.30500030517578,12.260000228881836,0.1
GLN,95,N,1509,17.025999069213867,13.437999725341797,11.230999946594238,-0.4157
GLN,95,CA,1510,17.232999801635742,12.038000106811523,11.538000106811523,-0.0031
GLN,95,C,1511,18.292999267578125,11.387999534606934,10.645000457763672,0.5973
GLN,95,O,1512,18.19300079345703,11.41100025177002,9.423999786376953,-0.5679
GLN,95,CB,1513,15.906999588012695,11.291000366210938,11.407999992370605,-0.0036
GLN,95,CG,1514,15.987000465393066,9.807000160217285,11.652000427246094,-0.0645
GLN,95,CD,1515,16.297000885009766,9.505999565124512,13.10099983215332,0.6951
GLN,95,NE2,1516,17.38800048828125,8.79800033569336,13.338000297546387,-0.9407
GLN,95,OE1,1517,15.550999641418457,9.916000366210938,13.996999740600586,-0.6086
GLN,95,H,1518,16.655000686645508,13.701000213623047,10.331999778747559,0.2719
GLN,95,HA,1519,17.593000411987305,11.96399974822998,12.553000450134277,0.085
GLN,95,1HB,1520,15.189000129699707,11.704999923706055,12.118000030517578,0.0171
GLN,95,2HB,1521,15.508999824523926,11.439000129699707,10.418000221252441,0.0171
GLN,95,1HG,1522,15.031000137329102,9.352999687194824,11.395000457763672,0.0352
GLN,95,2HG,1523,16.777999877929688,9.38599967956543,11.029000282287598,0.0352
GLN,95,1HE2,1524,17.642000198364258,8.569000244140625,14.279999732971191,0.4251
GLN,95,2HE2,1525,17.958999633789062,8.48900032043457,12.579000473022461,0.4251
ARG,96,N,1526,19.364999771118164,10.904000282287598,11.258000373840332,-0.3479
ARG,96,CA,1527,20.468000411987305,10.298999786376953,10.505999565124512,-0.2637
ARG,96,C,1528,20.599000930786133,8.802000045776367,10.737000465393066,0.7341
ARG,96,O,1529,20.517000198364258,8.321999549865723,11.86400032043457,-0.5894
ARG,96,CB,1530,21.80699920654297,10.920000076293945,10.836000442504883,-0.0007
ARG,96,CG,1531,23.01300048828125,10.348999977111816,10.059000015258789,0.039
ARG,96,CD,1532,24.243999481201172,10.967000007629395,10.538000106811523,0.0486
ARG,96,NE,1533,25.422000885009766,10.555000305175781,9.86400032043457,-0.5295
ARG,96,CZ,1534,26.642000198364258,10.977999687194824,10.236000061035156,0.8076
ARG,96,NH1,1535,26.74799919128418,11.805999755859375,11.267000198364258,-0.8627
ARG,96,NH2,1536,27.722999572753906,10.579000473022461,9.590999603271484,-0.8627
ARG,96,H,1537,19.408000946044922,10.946000099182129,12.269000053405762,0.2747
ARG,96,HA,1538,20.277999877929688,10.461000442504883,9.454999923706055,0.156
ARG,96,1HB,1539,21.768999099731445,11.98799991607666,10.637999534606934,0.0327
ARG,96,2HB,1540,22.016000747680664,10.800999641418457,11.85099983215332,0.0327
ARG,96,1HG,1541,23.07900047302246,9.276000022888184,10.201000213623047,0.0285
ARG,96,2HG,1542,22.89699935913086,10.559000015258789,8.993000030517578,0.0285
ARG,96,1HD,1543,24.179000854492188,12.03600025177002,10.420999526977539,0.0687
ARG,96,2HD,1544,24.364999771118164,10.718000411987305,11.571999549865723,0.0687
ARG,96,HE,1545,25.34000015258789,9.92300033569336,9.07800006866455,0.3456
ARG,96,1HH1,1546,25.90399932861328,12.118000030517578,11.769000053405762,0.4478
ARG,96,2HH1,1547,27.6560001373291,12.133999824523926,11.559000015258789,0.4478
ARG,96,1HH2,1548,27.638999938964844,9.947999954223633,8.807000160217285,0.4478
ARG,96,2HH2,1549,28.632999420166016,10.904000282287598,9.881999969482422,0.4478
MET,97,N,1550,20.805999755859375,8.055000305175781,9.657999992370605,-0.4157
MET,97,CA,1551,20.958999633789062,6.614999771118164,9.769000053405762,-0.0237
MET,97,C,1552,22.26300048828125,6.2210001945495605,9.095999717712402,0.5973
MET,97,O,1553,22.44300079345703,6.40500020980835,7.8979997634887695,-0.5679
MET,97,CB,1554,19.77899932861328,5.879000186920166,9.145000457763672,0.0342
MET,97,CG,1555,19.81599998474121,4.366000175476074,9.33899974822998,0.0018
MET,97,SD,1556,20.974000930786133,3.5220000743865967,8.166999816894531,-0.2737
MET,97,CE,1557,20.033000946044922,3.5999999046325684,6.642000198364258,-0.0536
MET,97,H,1558,20.70800018310547,8.473999977111816,8.743000030517578,0.2719
MET,97,HA,1559,21.020000457763672,6.339000225067139,10.817000389099121,0.088
MET,97,1HB,1560,18.850000381469727,6.251999855041504,9.574999809265137,0.0241
MET,97,2HB,1561,19.750999450683594,6.080999851226807,8.071000099182129,0.0241
MET,97,1HG,1562,20.1299991607666,4.136000156402588,10.361000061035156,0.044
MET,97,2HG,1563,18.81800079345703,3.9549999237060547,9.1899995803833,0.044
MET,97,1HE,1564,20.59600067138672,3.132999897003174,5.841000080108643,0.0684
MET,97,2HE,1565,19.084999084472656,3.0769999027252197,6.771999835968018,0.0684
MET,97,3HE,1566,19.83799934387207,4.64300012588501,6.38700008392334,0.0684
TYR,98,N,1567,23.194000244140625,5.7210001945495605,9.887999534606934,-0.4157
TYR,98,CA,1568,24.52899932861328,5.388999938964844,9.406000137329102,-0.0014
TYR,98,C,1569,24.840999603271484,3.927000045776367,9.713000297546387,0.5973
TYR,98,O,1570,24.562000274658203,3.4509999752044678,10.803999900817871,-0.5679
TYR,98,CB,1571,25.541000366210938,6.339000225067139,10.064000129699707,-0.0152
TYR,98,CG,1572,26.996000289916992,6.090000152587891,9.722000122070312,-0.0011
TYR,98,CD1,1573,27.520000457763672,6.553999900817871,8.534000396728516,-0.1906
TYR,98,CD2,1574,27.798999786376953,5.394999980926514,10.604000091552734,-0.1906
TYR,98,CE1,1575,28.840999603271484,6.323999881744385,8.229000091552734,-0.2341
TYR,98,CE2,1576,29.121999740600586,5.160999774932861,10.303000450134277,-0.2341
TYR,98,CZ,1577,29.642000198364258,5.623000144958496,9.121999740600586,0.3226
TYR,98,OH,1578,30.95199966430664,5.394999980926514,8.821999549865723,-0.5579
TYR,98,H,1579,22.972999572753906,5.593999862670898,10.869999885559082,0.2719
TYR,98,HA,1580,24.552000045776367,5.52400016784668,8.331999778747559,0.0876
TYR,98,1HB,1581,25.31100082397461,7.367000102996826,9.77400016784668,0.0295
TYR,98,2HB,1582,25.448999404907227,6.271999835968018,11.137999534606934,0.0295
TYR,98,HD1,1583,26.88800048828125,7.098999977111816,7.8429999351501465,0.1699
TYR,98,HD2,1584,27.392000198364258,5.033999919891357,11.52299976348877,0.1699
TYR,98,HE1,1585,29.256000518798828,6.690000057220459,7.291999816894531,0.1656
TYR,98,HE2,1586,29.75200080871582,4.611000061035156,11.003000259399414,0.1656
TYR,98,HH,1587,31.363000869750977,4.901000022888184,9.536999702453613,0.3992
GLY,99,N,1588,25.48200035095215,3.2090001106262207,8.802000045776367,-0.4157
GLY,99,CA,1589,25.68600082397461,1.8009999990463257,9.14799976348877,-0.0252
GLY,99,C,1590,26.48200035095215,0.9789999723434448,8.166000366210938,0.5973
GLY,99,O,1591,26.63800048828125,1.3040000200271606,6.993000030517578,-0.5679
GLY,99,H,1592,25.599000930786133,3.559999942779541,7.859000205993652,0.2719
GLY,99,1HA,1593,26.195999145507812,1.7519999742507935,10.109999656677246,0.0698
GLY,99,2HA,1594,24.709999084472656,1.3339999914169312,9.256999969482422,0.0698
CYS,100,N,1595,26.65999984741211,-0.29899999499320984,8.53499984741211,-0.4157
CYS,100,CA,1596,27.360000610351562,-1.225000023841858,7.644999980926514,0.0213
CYS,100,C,1597,26.812000274658203,-2.6470000743865967,7.706999778747559,0.5973
CYS,100,O,1598,26.55500030517578,-3.194999933242798,8.770999908447266,-0.5679
CYS,100,CB,1599,28.847999572753906,-1.225000023841858,7.997000217437744,-0.1231
CYS,100,SG,1600,29.53700065612793,0.3799999952316284,7.730000019073486,-0.3119
CYS,100,H,1601,26.288999557495117,-0.6159999966621399,9.423999786376953,0.2719
CYS,100,HA,1602,27.229999542236328,-0.8790000081062317,6.619999885559082,0.1124
CYS,100,1HB,1603,28.98900032043457,-1.5169999599456787,9.038999557495117,0.1112
CYS,100,2HB,1604,29.37700080871582,-1.9509999752044678,7.396999835968018,0.1112
ASP,101,N,1605,26.405000686645508,-3.121999979019165,6.535999774932861,-0.5163
ASP,101,CA,1606,25.76799964904785,-4.413000106811523,6.310999870300293,0.0381
ASP,101,C,1607,26.851999282836914,-5.373000144958496,5.895999908447266,0.5366
ASP,101,O,1608,27.36400032043457,-5.258999824523926,4.789000034332275,-0.5819
ASP,101,CB,1609,24.677000045776367,-4.276000022888184,5.235000133514404,-0.0303
ASP,101,CG,1610,23.854000091552734,-5.564000129699707,4.980999946594238,0.7994
ASP,101,OD1,1611,24.218000411987305,-6.60099983215332,5.480999946594238,-0.8014
ASP,101,OD2,1612,22.868999481201172,-5.479000091552734,4.283999919891357,-0.8014
ASP,101,H,1613,26.5049991607666,-2.5269999504089355,5.728000164031982,0.2936
ASP,101,HA,1614,25.29800033569336,-4.75,7.234000205993652,0.088
ASP,101,1HB,1615,23.982999801635742,-3.484999895095825,5.526000022888184,-0.0122
ASP,101,2HB,1616,25.141000747680664,-3.9820001125335693,4.291999816894531,-0.0122
VAL,102,N,1617,27.165000915527344,-6.340000152587891,6.755000114440918,-0.4157
VAL,102,CA,1618,28.29199981689453,-7.230000019073486,6.534999847412109,-0.0875
VAL,102,C,1619,27.8799991607666,-8.701000213623047,6.447000026702881,0.5973
VAL,102,O,1620,27.038000106811523,-9.180999755859375,7.203999996185303,-0.5679
VAL,102,CB,1621,29.273000717163086,-7.014999866485596,7.697999954223633,0.2985
VAL,102,CG1,1622,30.437999725341797,-7.900000095367432,7.579999923706055,-0.3192
VAL,102,CG2,1623,29.704999923706055,-5.538000106811523,7.718999862670898,-0.3192
VAL,102,H,1624,26.667999267578125,-6.39900016784668,7.627999782562256,0.2719
VAL,102,HA,1625,28.756000518798828,-6.9670000076293945,5.585000038146973,0.0969
VAL,102,HB,1626,28.78499984741211,-7.26800012588501,8.62600040435791,-0.0297
VAL,102,1HG1,1627,31.11400032043457,-7.72599983215332,8.418000221252441,0.0791
VAL,102,2HG1,1628,30.113000869750977,-8.928000450134277,7.591000080108643,0.0791
VAL,102,3HG1,1629,30.94099998474121,-7.691999912261963,6.664000034332275,0.0791
VAL,102,1HG2,1630,30.399999618530273,-5.374000072479248,8.538999557495117,0.0791
VAL,102,2HG2,1631,30.187999725341797,-5.288000106811523,6.784999847412109,0.0791
VAL,102,3HG2,1632,28.833999633789062,-4.9029998779296875,7.854000091552734,0.0791
GLY,103,N,1633,28.3439998626709,-9.361000061035156,5.401000022888184,-0.4157
GLY,103,CA,1634,28.031999588012695,-10.76099967956543,5.15500020980835,-0.0252
GLY,103,C,1635,28.61199951171875,-11.66100025177002,6.25,0.5973
GLY,103,O,1636,29.520999908447266,-11.258000373840332,6.9670000076293945,-0.5679
GLY,103,H,1637,29.072999954223633,-8.932000160217285,4.8520002365112305,0.2719
GLY,103,1HA,1638,26.95199966430664,-10.857000350952148,5.111999988555908,0.0698
GLY,103,2HA,1639,28.433000564575195,-11.057999610900879,4.184999942779541,0.0698
PRO,104,N,1640,28.240999221801758,-12.954000473022461,6.260000228881836,-0.2548
PRO,104,CA,1641,28.736000061035156,-14.019000053405762,7.131999969482422,-0.0266
PRO,104,C,1642,30.260000228881836,-14.166000366210938,7.125,0.5896
PRO,104,O,1643,30.84000015258789,-14.717000007629395,8.062000274658203,-0.5748
PRO,104,CB,1644,28.05699920654297,-15.262999534606934,6.547999858856201,-0.007
PRO,104,CG,1645,26.766000747680664,-14.73900032043457,5.968999862670898,0.0189
PRO,104,CD,1646,27.101999282836914,-13.380000114440918,5.409999847412109,0.0192
PRO,104,HA,1647,28.39699935913086,-13.819000244140625,8.159000396728516,0.0641
PRO,104,1HB,1648,28.708999633789062,-15.72599983215332,5.791999816894531,0.0253
PRO,104,2HB,1649,27.898000717163086,-16.01099967956543,7.3379998207092285,0.0253
PRO,104,1HG,1650,26.393999099731445,-15.425999641418457,5.195000171661377,0.0213
PRO,104,2HG,1651,25.993000030517578,-14.689000129699707,6.75,0.0213
PRO,104,1HD,1652,27.39900016784668,-13.456000328063965,4.354000091552734,0.0391
PRO,104,2HD,1653,26.21500015258789,-12.751999855041504,5.525000095367432,0.0391
ASP,105,N,1654,30.89900016784668,-13.692999839782715,6.066999912261963,-0.5163
ASP,105,CA,1655,32.34400177001953,-13.788000106811523,5.906000137329102,0.0381
ASP,105,C,1656,33.099998474121094,-12.62600040435791,6.552000045776367,0.5366
ASP,105,O,1657,34.316001892089844,-12.699999809265137,6.735000133514404,-0.5819
ASP,105,CB,1658,32.70500183105469,-13.854999542236328,4.421000003814697,-0.0303
ASP,105,CG,1659,32.24300003051758,-15.149999618530273,3.755000114440918,0.7994
ASP,105,OD1,1660,32.06800079345703,-16.124000549316406,4.448999881744385,-0.8014
ASP,105,OD2,1661,32.07099914550781,-15.152000427246094,2.559999942779541,-0.8014
ASP,105,H,1662,30.363000869750977,-13.24899959564209,5.335999965667725,0.2936
ASP,105,HA,1663,32.680999755859375,-14.70199966430664,6.394999980926514,0.088
ASP,105,1HB,1664,32.249000549316406,-13.01099967956543,3.8989999294281006,-0.0122
ASP,105,2HB,1665,33.78499984741211,-13.769000053405762,4.304999828338623,-0.0122
GLY,106,N,1666,32.362998962402344,-11.621999740600586,7.031000137329102,-0.4157
GLY,106,CA,1667,32.97200012207031,-10.409000396728516,7.571000099182129,-0.0252
GLY,106,C,1668,33.13999938964844,-9.354999542236328,6.482999801635742,0.5973
GLY,106,O,1669,33.6349983215332,-8.258999824523926,6.744999885559082,-0.5679
GLY,106,H,1670,31.385000228881836,-11.586999893188477,6.7870001792907715,0.2719
GLY,106,1HA,1671,32.349998474121094,-10.013999938964844,8.373000144958496,0.0698
GLY,106,2HA,1672,33.941001892089844,-10.645000457763672,8.005999565124512,0.0698
ARG,107,N,1673,32.73500061035156,-9.696999549865723,5.26800012588501,-0.3479
ARG,107,CA,1674,32.8380012512207,-8.821000099182129,4.113999843597412,-0.2637
ARG,107,C,1675,31.766000747680664,-7.741000175476074,4.068999767303467,0.7341
ARG,107,O,1676,30.57900047302246,-8.039999961853027,4.136000156402588,-0.5894
ARG,107,CB,1677,32.78099822998047,-9.628000259399414,2.828000068664551,-0.0007
ARG,107,CG,1678,33.029998779296875,-8.82699966430664,1.562000036239624,0.039
ARG,107,CD,1679,32.994998931884766,-9.684000015258789,0.35899999737739563,0.0486
ARG,107,NE,1680,31.648000717163086,-10.180999755859375,0.10300000011920929,-0.5295
ARG,107,CZ,1681,31.334999084472656,-11.137999534606934,-0.7879999876022339,0.8076
ARG,107,NH1,1682,32.27899932861328,-11.701000213623047,-1.5089999437332153,-0.8627
ARG,107,NH2,1683,30.076000213623047,-11.51200008392334,-0.9380000233650208,-0.8627
ARG,107,H,1684,32.334999084472656,-10.614999771118164,5.135000228881836,0.2747
ARG,107,HA,1685,33.79100036621094,-8.295999526977539,4.175000190734863,0.156
ARG,107,1HB,1686,33.52199935913086,-10.425999641418457,2.868000030517578,0.0327
ARG,107,2HB,1687,31.79800033569336,-10.095999717712402,2.73799991607666,0.0327
ARG,107,1HG,1688,32.26300048828125,-8.0600004196167,1.4589999914169312,0.0285
ARG,107,2HG,1689,34.01100158691406,-8.354000091552734,1.6180000305175781,0.0285
ARG,107,1HD,1690,33.321998596191406,-9.112000465393066,-0.5080000162124634,0.0687
ARG,107,2HD,1691,33.65700149536133,-10.538000106811523,0.4970000088214874,0.0687
ARG,107,HE,1692,30.889999389648438,-9.77400016784668,0.6370000243186951,0.3456
ARG,107,1HH1,1693,33.24100112915039,-11.414999961853027,-1.3949999809265137,0.4478
ARG,107,2HH1,1694,32.04199981689453,-12.420000076293945,-2.177999973297119,0.4478
ARG,107,1HH2,1695,29.350000381469727,-11.079000473022461,-0.38199999928474426,0.4478
ARG,107,2HH2,1696,29.83799934387207,-12.230999946594238,-1.6059999465942383,0.4478
LEU,108,N,1697,32.167999267578125,-6.498000144958496,3.8289999961853027,-0.4157
LEU,108,CA,1698,31.163999557495117,-5.453000068664551,3.7070000171661377,-0.0518
LEU,108,C,1699,30.354999542236328,-5.589000225067139,2.443000078201294,0.5973
LEU,108,O,1700,30.89299964904785,-5.578000068664551,1.3359999656677246,-0.5679
LEU,108,CB,1701,31.7810001373291,-4.050000190734863,3.7290000915527344,-0.1102
LEU,108,CG,1702,30.73699951171875,-2.878999948501587,3.628000020980835,0.3531
LEU,108,CD1,1703,29.85099983215332,-2.9049999713897705,4.833000183105469,-0.4121
LEU,108,CD2,1704,31.45400047302246,-1.5549999475479126,3.510999917984009,-0.4121
LEU,108,H,1705,33.14899826049805,-6.2769999504089355,3.747999906539917,0.2719
LEU,108,HA,1706,30.49799919128418,-5.519000053405762,4.563000202178955,0.0922
LEU,108,1HB,1707,32.334999084472656,-3.936000108718872,4.646999835968018,0.0457
LEU,108,2HB,1708,32.47800064086914,-3.9609999656677246,2.8970000743865967,0.0457
LEU,108,HG,1709,30.107999801635742,-3.0209999084472656,2.752000093460083,-0.0361
LEU,108,1HD1,1710,29.12700080871582,-2.0989999771118164,4.76800012588501,0.1
LEU,108,2HD1,1711,29.333999633789062,-3.8440001010894775,4.880000114440918,0.1
LEU,108,3HD1,1712,30.45400047302246,-2.7790000438690186,5.710000038146973,0.1
LEU,108,1HD2,1713,30.72100067138672,-0.746999979019165,3.440999984741211,0.1
LEU,108,2HD2,1714,32.06700134277344,-1.4119999408721924,4.382999897003174,0.1
LEU,108,3HD2,1715,32.07899856567383,-1.5549999475479126,2.619999885559082,0.1
LEU,109,N,1716,29.04400062561035,-5.629000186920166,2.61299991607666,-0.4157
LEU,109,CA,1717,28.131999969482422,-5.752999782562256,1.5049999952316284,-0.0518
LEU,109,C,1718,27.676000595092773,-4.36299991607666,1.097000002861023,0.5973
LEU,109,O,1719,27.70199966430664,-4.020999908447266,-0.0860000029206276,-0.5679
LEU,109,CB,1720,26.94300079345703,-6.625999927520752,1.8969999551773071,-0.1102
LEU,109,CG,1721,27.29800033569336,-8.050000190734863,2.306999921798706,0.3531
LEU,109,CD1,1722,26.031999588012695,-8.763999938964844,2.759000062942505,-0.4121
LEU,109,CD2,1723,27.951000213623047,-8.770999908447266,1.1349999904632568,-0.4121
LEU,109,H,1724,28.67300033569336,-5.664999961853027,3.5460000038146973,0.2719
LEU,109,HA,1725,28.648000717163086,-6.22599983215332,0.6710000038146973,0.0922
LEU,109,1HB,1726,26.424999237060547,-6.1620001792907715,2.7260000705718994,0.0457
LEU,109,2HB,1727,26.256000518798828,-6.677999973297119,1.0549999475479126,0.0457
LEU,109,HG,1728,27.986000061035156,-8.026000022888184,3.1389999389648438,-0.0361
LEU,109,1HD1,1729,26.270999908447266,-9.779000282287598,3.053999900817871,0.1
LEU,109,2HD1,1730,25.600000381469727,-8.232000350952148,3.6110000610351562,0.1
LEU,109,3HD1,1731,25.31399917602539,-8.784000396728516,1.9420000314712524,0.1
LEU,109,1HD2,1732,28.20599937438965,-9.791000366210938,1.430999994277954,0.1
LEU,109,2HD2,1733,27.259000778198242,-8.800000190734863,0.29499998688697815,0.1
LEU,109,3HD2,1734,28.858999252319336,-8.239999771118164,0.8410000205039978,0.1
ARG,110,N,1735,27.29199981689453,-3.5429999828338623,2.0840001106262207,-0.3479
ARG,110,CA,1736,26.81100082397461,-2.200000047683716,1.7640000581741333,-0.2637
ARG,110,C,1737,26.940000534057617,-1.1950000524520874,2.9140000343322754,0.7341
ARG,110,O,1738,26.701000213623047,-1.5069999694824219,4.078000068664551,-0.5894
ARG,110,CB,1739,25.35300064086914,-2.244999885559082,1.3309999704360962,-0.0007
ARG,110,CG,1740,24.780000686645508,-0.9079999923706055,0.8679999709129333,0.039
ARG,110,CD,1741,23.410999298095703,-1.0549999475479126,0.32199999690055847,0.0486
ARG,110,NE,1742,22.860000610351562,0.22100000083446503,-0.10999999940395355,-0.5295
ARG,110,CZ,1743,21.618000030517578,0.38999998569488525,-0.6050000190734863,0.8076
ARG,110,NH1,1744,20.81100082397461,-0.6430000066757202,-0.7239999771118164,-0.8627
ARG,110,NH2,1745,21.20800018310547,1.5920000076293945,-0.9710000157356262,-0.8627
ARG,110,H,1746,27.274999618530273,-3.8940000534057617,3.0380001068115234,0.2747
ARG,110,HA,1747,27.424999237060547,-1.809999942779541,0.9509999752044678,0.156
ARG,110,1HB,1748,25.236000061035156,-2.953000068664551,0.5130000114440918,0.0327
ARG,110,2HB,1749,24.73900032043457,-2.5989999771118164,2.1600000858306885,0.0327
ARG,110,1HG,1750,24.738000869750977,-0.21799999475479126,1.7089999914169312,0.0285
ARG,110,2HG,1751,25.416000366210938,-0.4909999966621399,0.09000000357627869,0.0285
ARG,110,1HD,1752,23.43400001525879,-1.7259999513626099,-0.5360000133514404,0.0687
ARG,110,2HD,1753,22.757999420166016,-1.4670000076293945,1.0870000123977661,0.0687
ARG,110,HE,1754,23.451000213623047,1.0390000343322754,-0.032999999821186066,0.3456
ARG,110,1HH1,1755,21.12299919128418,-1.562000036239624,-0.4440000057220459,0.4478
ARG,110,2HH1,1756,19.881000518798828,-0.515999972820282,-1.0950000286102295,0.4478
ARG,110,1HH2,1757,21.82699966430664,2.385999917984009,-0.8799999952316284,0.4478
ARG,110,2HH2,1758,20.277999877929688,1.715999960899353,-1.3420000076293945,0.4478
GLY,111,N,1759,27.391000747680664,0.007000000216066837,2.578000068664551,-0.4157
GLY,111,CA,1760,27.51300048828125,1.0859999656677246,3.552000045776367,-0.0252
GLY,111,C,1761,26.302000045776367,2.01200008392334,3.4690001010894775,0.5973
GLY,111,O,1762,25.79199981689453,2.265000104904175,2.377000093460083,-0.5679
GLY,111,H,1763,27.610000610351562,0.19499999284744263,1.6100000143051147,0.2719
GLY,111,1HA,1764,27.597999572753906,0.6700000166893005,4.554999828338623,0.0698
GLY,111,2HA,1765,28.426000595092773,1.6460000276565552,3.3610000610351562,0.0698
HIE,112,N,1766,25.985000610351562,2.680999994277954,4.577000141143799,-0.4157
HIE,112,CA,1767,24.812999725341797,3.5420000553131104,4.632999897003174,-0.0581
HIE,112,C,1768,25.094999313354492,4.89300012588501,5.265999794006348,0.5973
HIE,112,O,1769,25.71299934387207,4.974999904632568,6.322999954223633,-0.5679
HIE,112,CB,1770,23.687999725341797,2.8469998836517334,5.4039998054504395,-0.0074
HIE,112,CG,1771,23.259000778198242,1.5390000343322754,4.829999923706055,0.1868
HIE,112,CD2,1772,23.684999465942383,0.27300000190734863,5.072000026702881,-0.2207
HIE,112,ND1,1773,22.270999908447266,1.4359999895095825,3.878999948501587,-0.5432
HIE,112,CE1,1774,22.104999542236328,0.16599999368190765,3.558000087738037,0.1635
HIE,112,NE2,1775,22.950000762939453,-0.5590000152587891,4.269000053405762,-0.2795
HIE,112,H,1776,26.3700008392334,2.367000102996826,5.451000213623047,0.2719
HIE,112,HA,1777,24.461000442504883,3.740000009536743,3.621999979019165,0.136
HIE,112,1HB,1778,24.006999969482422,2.671999931335449,6.428999900817871,0.0367
HIE,112,2HB,1779,22.822999954223633,3.497999906539917,5.435999870300293,0.0367
HIE,112,HD2,1780,24.46500015258789,-0.028999999165534973,5.775000095367432,0.1862
HIE,112,HE1,1781,21.391000747680664,-0.21799999475479126,2.8299999237060547,0.1435
HIE,112,HE2,1782,23.04400062561035,-1.5640000104904175,4.230000019073486,0.3339
ASN,113,N,1783,24.381000518798828,5.901000022888184,4.77400016784668,-0.4157
ASN,113,CA,1784,24.371999740600586,7.234000205993652,5.367000102996826,0.0143
ASN,113,C,1785,23.2189998626709,8.060999870300293,4.797999858856201,0.5973
ASN,113,O,1786,23.32200050354004,8.598999977111816,3.7039999961853027,-0.5679
ASN,113,CB,1787,25.677000045776367,7.9670000076293945,5.173999786376953,-0.2041
ASN,113,CG,1788,25.65999984741211,9.272000312805176,5.892000198364258,0.713
ASN,113,ND2,1789,26.656999588012695,9.529000282287598,6.675000190734863,-0.9191
ASN,113,OD1,1790,24.72599983215332,10.053999900817871,5.729000091552734,-0.5931
ASN,113,H,1791,23.895000457763672,5.769000053405762,3.8989999294281006,0.2719
ASN,113,HA,1792,24.190000534057617,7.140999794006348,6.434000015258789,0.1048
ASN,113,1HB,1793,26.5,7.360000133514404,5.543000221252441,0.0797
ASN,113,2HB,1794,25.847999572753906,8.131999969482422,4.138999938964844,0.0797
ASN,113,1HD2,1795,26.68899917602539,10.392999649047852,7.177999973297119,0.4196
ASN,113,2HD2,1796,27.395999908447266,8.86400032043457,6.7779998779296875,0.4196
GLN,114,N,1797,22.1200008392334,8.168999671936035,5.545000076293945,-0.4157
GLN,114,CA,1798,20.950000762939453,8.88599967956543,5.041999816894531,-0.0031
GLN,114,C,1799,20.426000595092773,9.937999725341797,6.01800012588501,0.5973
GLN,114,O,1800,20.533000946044922,9.788000106811523,7.228000164031982,-0.5679
GLN,114,CB,1801,19.84600067138672,7.877999782562256,4.7179999351501465,-0.0036
GLN,114,CG,1802,20.235000610351562,6.868000030517578,3.6659998893737793,-0.0645
GLN,114,CD,1803,19.124000549316406,5.896999835968018,3.3440001010894775,0.6951
GLN,114,NE2,1804,19.10099983215332,5.418000221252441,2.1059999465942383,-0.9407
GLN,114,OE1,1805,18.292999267578125,5.577000141143799,4.197000026702881,-0.6086
GLN,114,H,1806,22.100000381469727,7.749000072479248,6.461999893188477,0.2719
GLN,114,HA,1807,21.239999771118164,9.42300033569336,4.144000053405762,0.085
GLN,114,1HB,1808,19.569000244140625,7.3379998207092285,5.624000072479248,0.0171
GLN,114,2HB,1809,18.958999633789062,8.40999984741211,4.36899995803833,0.0171
GLN,114,1HG,1810,20.493999481201172,7.395999908447266,2.760999917984009,0.0352
GLN,114,2HG,1811,21.090999603271484,6.295000076293945,4.02400016784668,0.0352
GLN,114,1HE2,1812,18.38800048828125,4.769000053405762,1.8329999446868896,0.4251
GLN,114,2HE2,1813,19.795000076293945,5.703000068664551,1.4450000524520874,0.4251
PHE,115,N,1814,19.82699966430664,11.005000114440918,5.479000091552734,-0.4157
PHE,115,CA,1815,19.25200080871582,12.074999809265137,6.2829999923706055,-0.0024
PHE,115,C,1816,17.79800033569336,12.375,5.936999797821045,0.5973
PHE,115,O,1817,17.469999313354492,12.618000030517578,4.771999835968018,-0.5679
PHE,115,CB,1818,20.051000595092773,13.366999626159668,6.146999835968018,-0.0343
PHE,115,CG,1819,21.450000762939453,13.317000389099121,6.619999885559082,0.0118
PHE,115,CD1,1820,22.472999572753906,12.949999809265137,5.756999969482422,-0.1256
PHE,115,CD2,1821,21.760000228881836,13.63700008392334,7.927000045776367,-0.1256
PHE,115,CE1,1822,23.774999618530273,12.904000282287598,6.197000026702881,-0.1704
PHE,115,CE2,1823,23.05500030517578,13.593000411987305,8.368000030517578,-0.1704
PHE,115,CZ,1824,24.06999969482422,13.22599983215332,7.501999855041504,-0.1072
PHE,115,H,1825,19.847999572753906,11.121999740600586,4.486999988555908,0.2719
PHE,115,HA,1826,19.284000396728516,11.765999794006348,7.321000099182129,0.0978
PHE,115,1HB,1827,20.075000762939453,13.657999992370605,5.11899995803833,0.0295
PHE,115,2HB,1828,19.55299949645996,14.157999992370605,6.706999778747559,0.0295
PHE,115,HD1,1829,22.233999252319336,12.696999549865723,4.7210001945495605,0.133
PHE,115,HD2,1830,20.959999084472656,13.927000045776367,8.612000465393066,0.133
PHE,115,HE1,1831,24.569000244140625,12.614999771118164,5.513000011444092,0.143
PHE,115,HE2,1832,23.28499984741211,13.848999977111816,9.402000427246094,0.143
PHE,115,HZ,1833,25.100000381469727,13.189000129699707,7.8520002365112305,0.1297
ALA,116,N,1834,16.985000610351562,12.545000076293945,6.966000080108643,-0.4157
ALA,116,CA,1835,15.597999572753906,12.9399995803833,6.801000118255615,0.0337
ALA,116,C,1836,15.364999771118164,14.234999656677246,7.560999870300293,0.5973
ALA,116,O,1837,15.821000099182129,14.39900016784668,8.689000129699707,-0.5679
ALA,116,CB,1838,14.64900016784668,11.843000411987305,7.255000114440918,-0.1825
ALA,116,H,1839,17.312999725341797,12.286999702453613,7.885000228881836,0.2719
ALA,116,HA,1840,15.4350004196167,13.12399959564209,5.74399995803833,0.0823
ALA,116,1HB,1841,13.621000289916992,12.156000137329102,7.078000068664551,0.0603
ALA,116,2HB,1842,14.854000091552734,10.932000160217285,6.693999767303467,0.0603
ALA,116,3HB,1843,14.789999961853027,11.656000137329102,8.307000160217285,0.0603
TYR,117,N,1844,14.430000305175781,15.045999526977539,7.091000080108643,-0.4157
TYR,117,CA,1845,14.10099983215332,16.243999481201172,7.8379998207092285,-0.0014
TYR,117,C,1846,12.592000007629395,16.43600082397461,7.9070000648498535,0.5973
TYR,117,O,1847,11.852999687194824,16.200000762939453,6.954999923706055,-0.5679
TYR,117,CB,1848,14.770999908447266,17.472000122070312,7.215000152587891,-0.0152
TYR,117,CG,1849,14.557000160217285,18.767000198364258,7.966000080108643,-0.0011
TYR,117,CD1,1850,15.274999618530273,19.01300048828125,9.130999565124512,-0.1906
TYR,117,CD2,1851,13.64799976348877,19.70800018310547,7.497000217437744,-0.1906
TYR,117,CE1,1852,15.085000038146973,20.187999725341797,9.817999839782715,-0.2341
TYR,117,CE2,1853,13.461000442504883,20.88800048828125,8.190999984741211,-0.2341
TYR,117,CZ,1854,14.175000190734863,21.12700080871582,9.343999862670898,0.3226
TYR,117,OH,1855,13.991000175476074,22.29199981689453,10.032999992370605,-0.5579
TYR,117,H,1856,13.982999801635742,14.847000122070312,6.208000183105469,0.2719
TYR,117,HA,1857,14.45300006866455,16.12700080871582,8.85200023651123,0.0876
TYR,117,1HB,1858,15.847000122070312,17.302000045776367,7.1479997634887695,0.0295
TYR,117,2HB,1859,14.407999992370605,17.618999481201172,6.215000152587891,0.0295
TYR,117,HD1,1860,15.98799991607666,18.27400016784668,9.5,0.1699
TYR,117,HD2,1861,13.085000038146973,19.513999938964844,6.583000183105469,0.1699
TYR,117,HE1,1862,15.644000053405762,20.382999420166016,10.727999687194824,0.1656
TYR,117,HE2,1863,12.748000144958496,21.631000518798828,7.827000141143799,0.1656
TYR,117,HH,1864,13.336000442504883,22.82900047302246,9.581000328063965,0.3992
ASP,118,N,1865,12.102999687194824,16.4060001373291,9.144000053405762,-0.5163
ASP,118,CA,1866,10.680000305175781,16.35099983215332,9.444999694824219,0.0381
ASP,118,C,1867,10.043000221252441,15.071999549865723,8.89900016784668,0.5366
ASP,118,O,1868,8.890999794006348,15.074999809265137,8.461999893188477,-0.5819
ASP,118,CB,1869,9.968000411987305,17.577999114990234,8.859000205993652,-0.0303
ASP,118,CG,1870,8.621000289916992,17.865999221801758,9.519000053405762,0.7994
ASP,118,OD1,1871,8.46500015258789,17.551000595092773,10.675000190734863,-0.8014
ASP,118,OD2,1872,7.76200008392334,18.39900016784668,8.857000350952148,-0.8014
ASP,118,H,1873,12.746000289916992,16.312000274658203,9.913999557495117,0.2936
ASP,118,HA,1874,10.557000160217285,16.368000030517578,10.527999877929688,0.088
ASP,118,1HB,1875,10.607000350952148,18.457000732421875,8.97599983215332,-0.0122
ASP,118,2HB,1876,9.802000045776367,17.43400001525879,7.793000221252441,-0.0122
GLY,119,N,1877,10.809000015258789,13.979000091552734,8.9399995803833,-0.4157
GLY,119,CA,1878,10.35200023651123,12.656999588012695,8.517999649047852,-0.0252
GLY,119,C,1879,10.510000228881836,12.373000144958496,7.019999980926514,0.5973
GLY,119,O,1880,10.3100004196167,11.234999656677246,6.593999862670898,-0.5679
GLY,119,H,1881,11.755000114440918,14.069000244140625,9.281000137329102,0.2719
GLY,119,1HA,1882,10.90999984741211,11.901000022888184,9.069999694824219,0.0698
GLY,119,2HA,1883,9.300000190734863,12.548999786376953,8.776000022888184,0.0698
LYS,120,N,1884,10.875,13.37600040435791,6.224999904632568,-0.3479
LYS,120,CA,1885,11.006999969482422,13.163000106811523,4.784999847412109,-0.24
LYS,120,C,1886,12.454999923706055,12.946000099182129,4.394999980926514,0.7341
LYS,120,O,1887,13.333000183105469,13.706999778747559,4.770999908447266,-0.5894
LYS,120,CB,1888,10.437000274658203,14.336000442504883,3.98799991607666,-0.0094
LYS,120,CG,1889,10.53499984741211,14.13599967956543,2.4709999561309814,0.0187
LYS,120,CD,1890,9.840999603271484,15.239999771118164,1.694000005722046,-0.0479
LYS,120,CE,1891,9.991000175476074,15.029999732971191,0.19200000166893005,-0.0143
LYS,120,NZ,1892,9.288000106811523,16.082000732421875,-0.5920000076293945,-0.3854
LYS,120,H,1893,11.005999565124512,14.305000305175781,6.60099983215332,0.2747
LYS,120,HA,1894,10.460000038146973,12.260000228881836,4.514999866485596,0.1426
LYS,120,1HB,1895,9.390999794006348,14.482999801635742,4.25,0.0362
LYS,120,2HB,1896,10.96500015258789,15.239999771118164,4.248000144958496,0.0362
LYS,120,1HG,1897,11.586000442504883,14.11299991607666,2.174999952316284,0.0103
LYS,120,2HG,1898,10.07699966430664,13.1850004196167,2.2019999027252197,0.0103
LYS,120,1HD,1899,8.781000137329102,15.255000114440918,1.9500000476837158,0.0621
LYS,120,2HD,1900,10.263999938964844,16.19499969482422,1.9559999704360962,0.0621
LYS,120,1HE,1901,11.052000045776367,15.043999671936035,-0.06300000101327896,0.1135
LYS,120,2HE,1902,9.579999923706055,14.055999755859375,-0.0729999989271164,0.1135
LYS,120,1HZ,1903,9.41100025177002,15.906999588012695,-1.5800000429153442,0.34
LYS,120,2HZ,1904,8.303000450134277,16.06800079345703,-0.36899998784065247,0.34
LYS,120,3HZ,1905,9.670999526977539,16.98900032043457,-0.3610000014305115,0.34
ASP,121,N,1906,12.685999870300293,11.927000045776367,3.5789999961853027,-0.5163
ASP,121,CA,1907,14.020999908447266,11.57800006866455,3.1089999675750732,0.0381
ASP,121,C,1908,14.576000213623047,12.571000099182129,2.1070001125335693,0.5366
ASP,121,O,1909,14.039999961853027,12.713000297546387,1.0080000162124634,-0.5819
ASP,121,CB,1910,13.984999656677246,10.178000450134277,2.4839999675750732,-0.0303
ASP,121,CG,1911,15.34000015258789,9.663999557495117,2.0260000228881836,0.7994
ASP,121,OD1,1912,16.273000717163086,10.42300033569336,2.007999897003174,-0.8014
ASP,121,OD2,1913,15.423999786376953,8.505000114440918,1.6950000524520874,-0.8014
ASP,121,H,1914,11.904999732971191,11.361000061035156,3.2780001163482666,0.2936
ASP,121,HA,1915,14.694000244140625,11.572999954223633,3.9670000076293945,0.088
ASP,121,1HB,1916,13.581999778747559,9.470999717712402,3.2100000381469727,-0.0122
ASP,121,2HB,1917,13.317000389099121,10.185999870300293,1.621999979019165,-0.0122
TYR,122,N,1918,15.609999656677246,13.310999870300293,2.5139999389648438,-0.4157
TYR,122,CA,1919,16.20599937438965,14.305999755859375,1.6349999904632568,-0.0014
TYR,122,C,1920,17.604999542236328,14.012999534606934,1.1069999933242798,0.5973
TYR,122,O,1921,17.864999771118164,14.166999816894531,-0.08500000089406967,-0.5679
TYR,122,CB,1922,16.274999618530273,15.696999549865723,2.256999969482422,-0.0152
TYR,122,CG,1923,14.968000411987305,16.374000549316406,2.4820001125335693,-0.0011
TYR,122,CD1,1924,14.33899974822998,16.302000045776367,3.681999921798706,-0.1906
TYR,122,CD2,1925,14.395000457763672,17.09000015258789,1.430999994277954,-0.1906
TYR,122,CE1,1926,13.130000114440918,16.941999435424805,3.8529999256134033,-0.2341
TYR,122,CE2,1927,13.194000244140625,17.725000381469727,1.6030000448226929,-0.2341
TYR,122,CZ,1928,12.559000015258789,17.65399932861328,2.812000036239624,0.3226
TYR,122,OH,1929,11.35099983215332,18.288000106811523,2.997999906539917,-0.5579
TYR,122,H,1930,16.041000366210938,13.123000144958496,3.4079999923706055,0.2719
TYR,122,HA,1931,15.586000442504883,14.359999656677246,0.7590000033378601,0.0876
TYR,122,1HB,1932,16.77899932861328,15.630999565124512,3.2249999046325684,0.0295
TYR,122,2HB,1933,16.858999252319336,16.33799934387207,1.6299999952316284,0.0295
TYR,122,HD1,1934,14.788999557495117,15.744999885559082,4.494999885559082,0.1699
TYR,122,HD2,1935,14.904000282287598,17.145000457763672,0.46700000762939453,0.1699
TYR,122,HE1,1936,12.623000144958496,16.888999938964844,4.804999828338623,0.1656
TYR,122,HE2,1937,12.74899959564209,18.284000396728516,0.7789999842643738,0.1656
TYR,122,HH,1938,11.045999526977539,18.13599967956543,3.8959999084472656,0.3992
ILE,123,N,1939,18.500999450683594,13.515000343322754,1.9429999589920044,-0.4157
ILE,123,CA,1940,19.85700035095215,13.310999870300293,1.444000005722046,-0.0597
ILE,123,C,1941,20.367000579833984,11.888999938964844,1.659999966621399,0.5973
ILE,123,O,1942,20.243000030517578,11.329000473022461,2.736999988555908,-0.5679
ILE,123,CB,1943,20.805999755859375,14.300999641418457,2.121000051498413,0.1303
ILE,123,CG1,1944,20.393999099731445,15.722999572753906,1.850000023841858,-0.043
ILE,123,CG2,1945,22.14900016784668,14.086000442504883,1.6859999895095825,-0.3204
ILE,123,CD1,1946,21.158000946044922,16.714000701904297,2.6519999504089355,-0.066
ILE,123,H,1947,18.246999740600586,13.239999771118164,2.885999917984009,0.2719
ILE,123,HA,1948,19.861000061035156,13.484000205993652,0.37299999594688416,0.0869
ILE,123,HB,1949,20.76099967956543,14.17300033569336,3.180999994277954,0.0187
ILE,123,1HG1,1950,20.541000366210938,15.930000305175781,0.796999990940094,0.0236
ILE,123,2HG1,1951,19.3439998626709,15.838000297546387,2.068000078201294,0.0236
ILE,123,1HG2,1952,22.767000198364258,14.793000221252441,2.180000066757202,0.0882
ILE,123,2HG2,1953,22.43899917602539,13.083000183105469,1.9429999589920044,0.0882
ILE,123,3HG2,1954,22.211000442504883,14.222999572753906,0.6050000190734863,0.0882
ILE,123,1HD1,1955,20.812999725341797,17.714000701904297,2.4089999198913574,0.0186
ILE,123,2HD1,1956,21.000999450683594,16.523000717163086,3.7139999866485596,0.0186
ILE,123,3HD1,1957,22.218000411987305,16.628000259399414,2.4200000762939453,0.0186
ALA,124,N,1958,20.843000411987305,11.243000030517578,0.6050000190734863,-0.4157
ALA,124,CA,1959,21.284000396728516,9.861000061035156,0.7910000085830688,0.0337
ALA,124,C,1960,22.600000381469727,9.548999786376953,0.11299999803304672,0.5973
ALA,124,O,1961,22.832000732421875,9.902999877929688,-1.034000039100647,-0.5679
ALA,124,CB,1962,20.204999923706055,8.914999961853027,0.2980000078678131,-0.1825
ALA,124,H,1963,20.856000900268555,11.6850004196167,-0.3059999942779541,0.2719
ALA,124,HA,1964,21.445999145507812,9.701000213623047,1.8550000190734863,0.0823
ALA,124,1HB,1965,20.51799964904785,7.885000228881836,0.4699999988079071,0.0603
ALA,124,2HB,1966,19.277000427246094,9.107999801635742,0.8389999866485596,0.0603
ALA,124,3HB,1967,20.045000076293945,9.071999549865723,-0.7649999856948853,0.0603
LEU,125,N,1968,23.5049991607666,8.928000450134277,0.8529999852180481,-0.4157
LEU,125,CA,1969,24.77199935913086,8.529999732971191,0.27900001406669617,-0.0518
LEU,125,C,1970,24.513999938964844,7.313000202178955,-0.5759999752044678,0.5973
LEU,125,O,1971,23.905000686645508,6.343999862670898,-0.12099999934434891,-0.5679
LEU,125,CB,1972,25.795000076293945,8.220000267028809,1.378000020980835,-0.1102
LEU,125,CG,1973,27.19099998474121,7.810999870300293,0.9120000004768372,0.3531
LEU,125,CD1,1974,27.847000122070312,8.961000442504883,0.17399999499320984,-0.4121
LEU,125,CD2,1975,28.006999969482422,7.400000095367432,2.117000102996826,-0.4121
LEU,125,H,1976,23.308000564575195,8.696999549865723,1.809999942779541,0.2719
LEU,125,HA,1977,25.160999298095703,9.34000015258789,-0.335999995470047,0.0922
LEU,125,1HB,1978,25.90999984741211,9.088000297546387,2.0,0.0457
LEU,125,2HB,1979,25.405000686645508,7.408999919891357,1.9910000562667847,0.0457
LEU,125,HG,1980,27.11400032043457,6.980999946594238,0.22200000286102295,-0.0361
LEU,125,1HD1,1981,28.84000015258789,8.666000366210938,-0.15600000321865082,0.1
LEU,125,2HD1,1982,27.253000259399414,9.222000122070312,-0.6779999732971191,0.1
LEU,125,3HD1,1983,27.924999237060547,9.8100004196167,0.8309999704360962,0.1
LEU,125,1HD2,1984,29.007999420166016,7.105000019073486,1.7970000505447388,0.1
LEU,125,2HD2,1985,28.077999114990234,8.227999687194824,2.796999931335449,0.1
LEU,125,3HD2,1986,27.52400016784668,6.559000015258789,2.615000009536743,0.1
ASN,126,N,1987,24.79199981689453,7.443999767303467,-1.850000023841858,-0.4157
ASN,126,CA,1988,24.575000762939453,6.361999988555908,-2.7850000858306885,0.0143
ASN,126,C,1989,25.41900062561035,5.1519999504089355,-2.4240000247955322,0.5973
ASN,126,O,1990,26.48699951171875,5.288000106811523,-1.8359999656677246,-0.5679
ASN,126,CB,1991,24.9060001373291,6.834000110626221,-4.181000232696533,-0.2041
ASN,126,CG,1992,23.895999908447266,7.843999862670898,-4.64900016784668,0.713
ASN,126,ND2,1993,24.28700065612793,8.717000007629395,-5.534999847412109,-0.9191
ASN,126,OD1,1994,22.74799919128418,7.821000099182129,-4.190000057220459,-0.5931
ASN,126,H,1995,25.381999969482422,8.210000038146973,-2.138000011444092,0.2719
ASN,126,HA,1996,23.524999618530273,6.071000099182129,-2.747999906539917,0.1048
ASN,126,1HB,1997,25.900999069213867,7.2729997634887695,-4.191999912261963,0.0797
ASN,126,2HB,1998,24.920000076293945,5.984000205993652,-4.86299991607666,0.0797
ASN,126,1HD2,1999,23.64699935913086,9.406999588012695,-5.874000072479248,0.4196
ASN,126,2HD2,2000,25.222999572753906,8.696000099182129,-5.873000144958496,0.4196
GLU,127,N,2001,25.006999969482422,3.990999937057495,-2.927000045776367,-0.5163
GLU,127,CA,2002,25.69700050354004,2.7149999141693115,-2.7239999771118164,0.0397
GLU,127,C,2003,27.19300079345703,2.763000011444092,-3.0429999828338623,0.5366
GLU,127,O,2004,27.98200035095215,2.056999921798706,-2.4149999618530273,-0.5819
GLU,127,CB,2005,25.038999557495117,1.625,-3.572000026702881,0.056
GLU,127,CG,2006,25.61199951171875,0.2290000021457672,-3.361999988555908,0.0136
GLU,127,CD,2007,24.895000457763672,-0.828000009059906,-4.165999889373779,0.8054
GLU,127,OE1,2008,23.972000122070312,-0.492000013589859,-4.869999885559082,-0.8188
GLU,127,OE2,2009,25.273000717163086,-1.9730000495910645,-4.074999809265137,-0.8188
GLU,127,H,2010,24.1200008392334,3.9730000495910645,-3.4100000858306885,0.2936
GLU,127,HA,2011,25.60099983215332,2.446000099182129,-1.6710000038146973,0.1105
GLU,127,1HB,2012,23.97100067138672,1.5859999656677246,-3.3489999771118164,-0.0173
GLU,127,2HB,2013,25.145000457763672,1.875,-4.627999782562256,-0.0173
GLU,127,1HG,2014,26.663999557495117,0.23499999940395355,-3.6470000743865967,-0.0425
GLU,127,2HG,2015,25.549999237060547,-0.019999999552965164,-2.306999921798706,-0.0425
ASP,128,N,2016,27.577999114990234,3.5739998817443848,-4.0269999504089355,-0.5163
ASP,128,CA,2017,28.972999572753906,3.690000057220459,-4.453000068664551,0.0381
ASP,128,C,2018,29.856000900268555,4.301000118255615,-3.3589999675750732,0.5366
ASP,128,O,2019,31.06999969482422,4.0980000495910645,-3.3420000076293945,-0.5819
ASP,128,CB,2020,29.079999923706055,4.539000034332275,-5.7230000495910645,-0.0303
ASP,128,CG,2021,28.542999267578125,3.8350000381469727,-6.968999862670898,0.7994
ASP,128,OD1,2022,28.31999969482422,2.6500000953674316,-6.910999774932861,-0.8014
ASP,128,OD2,2023,28.36199951171875,4.493000030517578,-7.9670000076293945,-0.8014
ASP,128,H,2024,26.881999969482422,4.125,-4.507999897003174,0.2936
ASP,128,HA,2025,29.351999282836914,2.690000057220459,-4.666999816894531,0.088
ASP,128,1HB,2026,28.524999618530273,5.46999979019165,-5.583000183105469,-0.0122
ASP,128,2HB,2027,30.124000549316406,4.801000118255615,-5.896999835968018,-0.0122
LEU,129,N,2028,29.207000732421875,5.00600004196167,-2.430999994277954,-0.4157
LEU,129,CA,2029,29.80500030517578,5.747000217437744,-1.3229999542236328,-0.0518
LEU,129,C,2030,30.725000381469727,6.864999771118164,-1.8049999475479126,0.5973
LEU,129,O,2031,31.64299964904785,7.26800012588501,-1.0920000076293945,-0.5679
LEU,129,CB,2032,30.601999282836914,4.818999767303467,-0.39899998903274536,-0.1102
LEU,129,CG,2033,29.826000213623047,3.6080000400543213,0.1459999978542328,0.3531
LEU,129,CD1,2034,30.743999481201172,2.796999931335449,1.0729999542236328,-0.4121
LEU,129,CD2,2035,28.60700035095215,4.089000225067139,0.8700000047683716,-0.4121
LEU,129,H,2036,28.225000381469727,5.168000221252441,-2.5829999446868896,0.2719
LEU,129,HA,2037,29.003999710083008,6.197999954223633,-0.746999979019165,0.0922
LEU,129,1HB,2038,31.46299934387207,4.441999912261963,-0.9350000023841858,0.0457
LEU,129,2HB,2039,30.959999084472656,5.39900016784668,0.453000009059906,0.0457
LEU,129,HG,2040,29.52899932861328,2.9639999866485596,-0.6700000166893005,-0.0361
LEU,129,1HD1,2041,30.200000762939453,1.937000036239624,1.4630000591278076,0.1
LEU,129,2HD1,2042,31.613000869750977,2.4519999027252197,0.5139999985694885,0.1
LEU,129,3HD1,2043,31.070999145507812,3.4210000038146973,1.8969999551773071,0.1
LEU,129,1HD2,2044,28.05500030517578,3.23799991607666,1.25600004196167,0.1
LEU,129,2HD2,2045,28.899999618530273,4.716000080108643,1.6740000247955322,0.1
LEU,129,3HD2,2046,27.97599983215332,4.6479997634887695,0.1850000023841858,0.1
SER,130,N,2047,30.464000701904297,7.379000186920166,-3.005000114440918,-0.4157
SER,130,CA,2048,31.257999420166016,8.468000411987305,-3.556999921798706,-0.0249
SER,130,C,2049,30.389999389648438,9.581999778747559,-4.140999794006348,0.5973
SER,130,O,2050,30.9060001373291,10.557999610900879,-4.685999870300293,-0.5679
SER,130,CB,2051,32.22600173950195,7.940000057220459,-4.59499979019165,0.2117
SER,130,OG,2052,31.542999267578125,7.366000175476074,-5.676000118255615,-0.6546
SER,130,H,2053,29.684999465942383,7.019999980926514,-3.5369999408721924,0.2719
SER,130,HA,2054,31.825000762939453,8.92199993133545,-2.746000051498413,0.0843
SER,130,1HB,2055,32.85599899291992,8.753999710083008,-4.952000141143799,0.0352
SER,130,2HB,2056,32.87799835205078,7.196000099182129,-4.136000156402588,0.0352
SER,130,HG,2057,31.018999099731445,6.650000095367432,-5.307000160217285,0.4275
SER,131,N,2058,29.07200050354004,9.434000015258789,-4.026000022888184,-0.4157
SER,131,CA,2059,28.121000289916992,10.407999992370605,-4.559000015258789,-0.0249
SER,131,C,2060,26.860000610351562,10.430000305175781,-3.7039999961853027,0.5973
SER,131,O,2061,26.617000579833984,9.484000205993652,-2.9649999141693115,-0.5679
SER,131,CB,2062,27.760000228881836,10.053999900817871,-5.992000102996826,0.2117
SER,131,OG,2063,27.08799934387207,8.831999778747559,-6.064000129699707,-0.6546
SER,131,H,2064,28.71500015258789,8.616000175476074,-3.552999973297119,0.2719
SER,131,HA,2065,28.593000411987305,11.390999794006348,-4.574999809265137,0.0843
SER,131,1HB,2066,27.131999969482422,10.84000015258789,-6.410999774932861,0.0352
SER,131,2HB,2067,28.66699981689453,10.005000114440918,-6.5920000076293945,0.0352
SER,131,HG,2068,27.687999725341797,8.177000045776367,-5.697999954223633,0.4275
TRP,132,N,2069,26.07699966430664,11.505999565124512,-3.813999891281128,-0.4157
TRP,132,CA,2070,24.836999893188477,11.644000053405762,-3.0439999103546143,-0.0275
TRP,132,C,2071,23.593000411987305,11.847000122070312,-3.9059998989105225,0.5973
TRP,132,O,2072,23.68400001525879,12.303000450134277,-5.046000003814697,-0.5679
TRP,132,CB,2073,24.913999557495117,12.807000160217285,-2.052999973297119,-0.005
TRP,132,CG,2074,25.972999572753906,12.770999908447266,-0.9990000128746033,-0.1415
TRP,132,CD1,2075,27.27400016784668,13.10200023651123,-1.1729999780654907,-0.1638
TRP,132,CD2,2076,25.841999053955078,12.390000343322754,0.3869999945163727,0.1243
TRP,132,CE2,2077,27.099000930786133,12.520999908447266,0.9599999785423279,0.138
TRP,132,CE3,2078,24.790000915527344,11.961999893188477,1.1629999876022339,-0.2387
TRP,132,NE1,2079,27.957000732421875,12.95300006866455,-0.004999999888241291,-0.3418
TRP,132,CZ2,2080,27.332000732421875,12.234999656677246,2.2790000438690186,-0.2601
TRP,132,CZ3,2081,25.01099967956543,11.670000076293945,2.503000020980835,-0.1972
TRP,132,CH2,2082,26.25200080871582,11.803999900817871,3.0460000038146973,-0.1134
TRP,132,H,2083,26.33799934387207,12.241000175476074,-4.454999923706055,0.2719
TRP,132,HA,2084,24.68400001525879,10.718000411987305,-2.49399995803833,0.1123
TRP,132,1HB,2085,25.065000534057617,13.696999549865723,-2.5899999141693115,0.0339
TRP,132,2HB,2086,23.964000701904297,12.888999938964844,-1.5219999551773071,0.0339
TRP,132,HD1,2087,27.709999084472656,13.437000274658203,-2.11299991607666,0.2062
TRP,132,HE1,2088,28.941999435424805,13.133999824523926,0.12800000607967377,0.3412
TRP,132,HE3,2089,23.80699920654297,11.859000205993652,0.7310000061988831,0.17
TRP,132,HZ2,2090,28.30900001525879,12.33899974822998,2.7130000591278076,0.1572
TRP,132,HZ3,2091,24.16699981689453,11.331000328063965,3.1059999465942383,0.1447
TRP,132,HH2,2092,26.39900016784668,11.569999694824219,4.0970001220703125,0.1417
THR,133,N,2093,22.43600082397461,11.461000442504883,-3.36299991607666,-0.4157
THR,133,CA,2094,21.142000198364258,11.734000205993652,-3.9660000801086426,-0.0389
THR,133,C,2095,20.45599937438965,12.880000114440918,-3.2149999141693115,0.5973
THR,133,O,2096,20.37299919128418,12.87399959564209,-1.9869999885559082,-0.5679
THR,133,CB,2097,20.23699951171875,10.487000465393066,-3.98799991607666,0.3654
THR,133,CG2,2098,18.860000610351562,10.840999603271484,-4.5370001792907715,-0.2438
THR,133,OG1,2099,20.83099937438965,9.472999572753906,-4.810999870300293,-0.6761
THR,133,H,2100,22.451000213623047,11.034000396728516,-2.4560000896453857,0.2719
THR,133,HA,2101,21.29599952697754,12.050999641418457,-4.998000144958496,0.1007
THR,133,HB,2102,20.131999969482422,10.100000381469727,-2.9769999980926514,0.0043
THR,133,HG1,2103,21.554000854492188,9.045999526977539,-4.348999977111816,0.4102
THR,133,1HG2,2104,18.232999801635742,9.951000213623047,-4.545000076293945,0.0642
THR,133,2HG2,2105,18.39900016784668,11.60200023651123,-3.9100000858306885,0.0642
THR,133,3HG2,2106,18.961000442504883,11.222999572753906,-5.552000045776367,0.0642
ALA,134,N,2107,19.952999114990234,13.85200023651123,-3.9630000591278076,-0.4157
ALA,134,CA,2108,19.263999938964844,15.003000259399414,-3.380000114440918,0.0337
ALA,134,C,2109,17.79800033569336,15.038000106811523,-3.806999921798706,0.5973
ALA,134,O,2110,17.493000030517578,15.223999977111816,-4.985000133514404,-0.5679
ALA,134,CB,2111,19.98200035095215,16.284000396728516,-3.7829999923706055,-0.1825
ALA,134,H,2112,20.04800033569336,13.79699993133545,-4.9670000076293945,0.2719
ALA,134,HA,2113,19.28700065612793,14.907999992370605,-2.2960000038146973,0.0823
ALA,134,1HB,2114,19.490999221801758,17.12700080871582,-3.3510000705718994,0.0603
ALA,134,2HB,2115,21.010000228881836,16.25,-3.434000015258789,0.0603
ALA,134,3HB,2116,19.97100067138672,16.381000518798828,-4.864999771118164,0.0603
ALA,135,N,2117,16.892000198364258,14.918000221252441,-2.8320000171661377,-0.4157
ALA,135,CA,2118,15.454999923706055,14.887999534606934,-3.075000047683716,0.0337
ALA,135,C,2119,14.906000137329102,16.177000045776367,-3.6760001182556152,0.5973
ALA,135,O,2120,13.958999633789062,16.145999908447266,-4.4629998207092285,-0.5679
ALA,135,CB,2121,14.708000183105469,14.550999641418457,-1.8040000200271606,-0.1825
ALA,135,H,2122,17.209999084472656,14.730999946594238,-1.8910000324249268,0.2719
ALA,135,HA,2123,15.279999732971191,14.109999656677246,-3.816999912261963,0.0823
ALA,135,1HB,2124,13.645000457763672,14.449000358581543,-2.0160000324249268,0.0603
ALA,135,2HB,2125,15.090999603271484,13.612000465393066,-1.4049999713897705,0.0603
ALA,135,3HB,2126,14.861000061035156,15.347000122070312,-1.0870000123977661,0.0603
ASP,136,N,2127,15.487000465393066,17.31100082397461,-3.2909998893737793,-0.5163
ASP,136,CA,2128,15.0,18.61199951171875,-3.7260000705718994,0.0381
ASP,136,C,2129,16.12700080871582,19.639999389648438,-3.687000036239624,0.5366
ASP,136,O,2130,17.214000701904297,19.34000015258789,-3.2149999141693115,-0.5819
ASP,136,CB,2131,13.86400032043457,19.066999435424805,-2.7920000553131104,-0.0303
ASP,136,CG,2132,12.819999694824219,20.0049991607666,-3.4609999656677246,0.7994
ASP,136,OD1,2133,13.13599967956543,20.6299991607666,-4.442999839782715,-0.8014
ASP,136,OD2,2134,11.720999717712402,20.07200050354004,-2.9639999866485596,-0.8014
ASP,136,H,2135,16.281999588012695,17.266000747680664,-2.6700000762939453,0.2936
ASP,136,HA,2136,14.609999656677246,18.524999618530273,-4.741000175476074,0.088
ASP,136,1HB,2137,13.335000038146973,18.191999435424805,-2.4119999408721924,-0.0122
ASP,136,2HB,2138,14.293999671936035,19.594999313354492,-1.9359999895095825,-0.0122
THR,137,N,2139,15.82699966430664,20.871000289916992,-4.089000225067139,-0.4157
THR,137,CA,2140,16.801000595092773,21.964000701904297,-4.0970001220703125,-0.0389
THR,137,C,2141,17.555999755859375,22.104999542236328,-2.7809998989105225,0.5973
THR,137,O,2142,18.775999069213867,22.163000106811523,-2.7780001163482666,-0.5679
THR,137,CB,2143,16.13599967956543,23.309999465942383,-4.414999961853027,0.3654
THR,137,CG2,2144,17.18000030517578,24.42099952697754,-4.374000072479248,-0.2438
THR,137,OG1,2145,15.539999961853027,23.256000518798828,-5.7179999351501465,-0.6761
THR,137,H,2146,14.909000396728516,21.034000396728516,-4.4730000495910645,0.2719
THR,137,HA,2147,17.538000106811523,21.753000259399414,-4.870999813079834,0.1007
THR,137,HB,2148,15.357000350952148,23.511999130249023,-3.680999994277954,0.0043
THR,137,HG1,2149,14.878000259399414,22.55900001525879,-5.736999988555908,0.4102
THR,137,1HG2,2150,16.70599937438965,25.375,-4.599999904632568,0.0642
THR,137,2HG2,2151,17.62700080871582,24.464000701904297,-3.380000114440918,0.0642
THR,137,3HG2,2152,17.95599937438965,24.2189998626709,-5.111999988555908,0.0642
ALA,138,N,2153,16.836000442504883,22.075000762939453,-1.6649999618530273,-0.4157
ALA,138,CA,2154,17.45800018310547,22.231000900268555,-0.3529999852180481,0.0337
ALA,138,C,2155,18.510000228881836,21.16200065612793,-0.09799999743700027,0.5973
ALA,138,O,2156,19.5049991607666,21.408000946044922,0.5910000205039978,-0.5679
ALA,138,CB,2157,16.395999908447266,22.19300079345703,0.7129999995231628,-0.1825
ALA,138,H,2158,15.829000473022461,22.025999069213867,-1.7289999723434448,0.2719
ALA,138,HA,2159,17.961999893188477,23.19300079345703,-0.3190000057220459,0.0823
ALA,138,1HB,2160,16.854000091552734,22.312999725341797,1.687999963760376,0.0603
ALA,138,2HB,2161,15.682999610900879,23.00200080871582,0.5490000247955322,0.0603
ALA,138,3HB,2162,15.88700008392334,21.239999771118164,0.6600000262260437,0.0603
ALA,139,N,2163,18.19700050354004,19.944000244140625,-0.5299999713897705,-0.4157
ALA,139,CA,2164,19.097000122070312,18.81800079345703,-0.3869999945163727,0.0337
ALA,139,C,2165,20.304000854492188,19.027999877929688,-1.2740000486373901,0.5973
ALA,139,O,2166,21.43400001525879,18.86400032043457,-0.8240000009536743,-0.5679
ALA,139,CB,2167,18.37700080871582,17.531999588012695,-0.765999972820282,-0.1825
ALA,139,H,2168,17.47100067138672,19.861000061035156,-1.225000023841858,0.2719
ALA,139,HA,2169,19.42799949645996,18.72599983215332,0.6460000276565552,0.0823
ALA,139,1HB,2170,19.066999435424805,16.704999923706055,-0.7289999723434448,0.0603
ALA,139,2HB,2171,17.57200050354004,17.356000900268555,-0.07800000160932541,0.0603
ALA,139,3HB,2172,17.981000900268555,17.608999252319336,-1.7519999742507935,0.0603
GLN,140,N,2173,20.070999145507812,19.632999420166016,-2.437999963760376,-0.4157
GLN,140,CA,2174,21.121999740600586,19.847000122070312,-3.4149999618530273,-0.0031
GLN,140,C,2175,22.128999710083008,20.85700035095215,-2.8980000019073486,0.5973
GLN,140,O,2176,23.33099937438965,20.658000946044922,-3.0350000858306885,-0.5679
GLN,140,CB,2177,20.548999786376953,20.327999114990234,-4.748000144958496,-0.0036
GLN,140,CG,2178,21.572999954223633,20.41200065612793,-5.859000205993652,-0.0645
GLN,140,CD,2179,22.152999877929688,19.051000595092773,-6.211999893188477,0.6951
GLN,140,NE2,2180,23.475000381469727,18.95400047302246,-6.208000183105469,-0.9407
GLN,140,OE1,2181,21.417999267578125,18.099000930786133,-6.484000205993652,-0.6086
GLN,140,H,2182,19.11400032043457,19.672000885009766,-2.757999897003174,0.2719
GLN,140,HA,2183,21.62700080871582,18.899999618530273,-3.5950000286102295,0.085
GLN,140,1HB,2184,19.7549991607666,19.652000427246094,-5.066999912261963,0.0171
GLN,140,2HB,2185,20.108999252319336,21.305999755859375,-4.625999927520752,0.0171
GLN,140,1HG,2186,21.09600067138672,20.82200050354004,-6.749000072479248,0.0352
GLN,140,2HG,2187,22.386999130249023,21.062000274658203,-5.538000106811523,0.0352
GLN,140,1HE2,2188,23.913999557495117,18.082000732421875,-6.432000160217285,0.4251
GLN,140,2HE2,2189,24.03499984741211,19.750999450683594,-5.980999946594238,0.4251
ILE,141,N,2190,21.645999908447266,21.829999923706055,-2.125,-0.4157
ILE,141,CA,2191,22.514999389648438,22.878000259399414,-1.6150000095367432,-0.0597
ILE,141,C,2192,23.520999908447266,22.23900032043457,-0.6679999828338623,0.5973
ILE,141,O,2193,24.73200035095215,22.386999130249023,-0.8410000205039978,-0.5679
ILE,141,CB,2194,21.736000061035156,23.98200035095215,-0.8849999904632568,0.1303
ILE,141,CG1,2195,20.847999572753906,24.746000289916992,-1.8480000495910645,-0.043
ILE,141,CG2,2196,22.702999114990234,24.909000396728516,-0.19699999690055847,-0.3204
ILE,141,CD1,2197,19.856000900268555,25.658000946044922,-1.1480000019073486,-0.066
ILE,141,H,2198,20.64699935913086,21.98200035095215,-2.121000051498413,0.2719
ILE,141,HA,2199,23.04599952697754,23.334999084472656,-2.450000047683716,0.0869
ILE,141,HB,2200,21.073999404907227,23.531999588012695,-0.14399999380111694,0.0187
ILE,141,1HG1,2201,21.475000381469727,25.343000411987305,-2.507999897003174,0.0236
ILE,141,2HG1,2202,20.304000854492188,24.041000366210938,-2.4590001106262207,0.0236
ILE,141,1HG2,2203,22.152999877929688,25.68600082397461,0.31700000166893005,0.0882
ILE,141,2HG2,2204,23.29599952697754,24.344999313354492,0.5239999890327454,0.0882
ILE,141,3HG2,2205,23.36400032043457,25.360000610351562,-0.9350000023841858,0.0882
ILE,141,1HD1,2206,19.250999450683594,26.174999237060547,-1.8919999599456787,0.0186
ILE,141,2HD1,2207,19.208999633789062,25.070999145507812,-0.5040000081062317,0.0186
ILE,141,3HD1,2208,20.395000457763672,26.388999938964844,-0.546999990940094,0.0186
THR,142,N,2209,23.000999450683594,21.349000930786133,0.18400000035762787,-0.4157
THR,142,CA,2210,23.825000762939453,20.65399932861328,1.1640000343322754,-0.0389
THR,142,C,2211,24.825000762939453,19.756000518798828,0.46399998664855957,0.5973
THR,142,O,2212,26.020999908447266,19.825000762939453,0.7350000143051147,-0.5679
THR,142,CB,2213,22.979999542236328,19.826000213623047,2.134999990463257,0.3654
THR,142,CG2,2214,23.8799991607666,19.07699966430664,3.0820000171661377,-0.2438
THR,142,OG1,2215,22.108999252319336,20.68899917602539,2.878000020980835,-0.6761
THR,142,H,2216,21.996000289916992,21.35700035095215,0.32899999618530273,0.2719
THR,142,HA,2217,24.378999710083008,21.395000457763672,1.7430000305175781,0.1007
THR,142,HB,2218,22.381000518798828,19.12700080871582,1.5709999799728394,0.0043
THR,142,HG1,2219,21.5310001373291,21.158000946044922,2.2720000743865967,0.4102
THR,142,1HG2,2220,23.277000427246094,18.48900032043457,3.7690000534057617,0.0642
THR,142,2HG2,2221,24.52899932861328,18.417999267578125,2.509999990463257,0.0642
THR,142,3HG2,2222,24.483999252319336,19.784000396728516,3.6470000743865967,0.0642
GLN,143,N,2223,24.36199951171875,19.106000900268555,-0.5989999771118164,-0.4157
GLN,143,CA,2224,25.204999923706055,18.180999755859375,-1.3240000009536743,-0.0031
GLN,143,C,2225,26.41699981689453,18.88599967956543,-1.8980000019073486,0.5973
GLN,143,O,2226,27.538000106811523,18.43899917602539,-1.6920000314712524,-0.5679
GLN,143,CB,2227,24.430999755859375,17.4950008392334,-2.4489998817443848,-0.0036
GLN,143,CG,2228,25.259000778198242,16.503000259399414,-3.2009999752044678,-0.0645
GLN,143,CD,2229,24.479999542236328,15.781999588012695,-4.296000003814697,0.6951
GLN,143,NE2,2230,25.090999603271484,15.66100025177002,-5.464000225067139,-0.9407
GLN,143,OE1,2231,23.344999313354492,15.345000267028809,-4.090000152587891,-0.6086
GLN,143,H,2232,23.363000869750977,19.017000198364258,-0.7039999961853027,0.2719
GLN,143,HA,2233,25.518999099731445,17.392000198364258,-0.640999972820282,0.085
GLN,143,1HB,2234,23.56100082397461,16.98200035095215,-2.0339999198913574,0.0171
GLN,143,2HB,2235,24.06399917602539,18.23900032043457,-3.1470000743865967,0.0171
GLN,143,1HG,2236,26.091999053955078,17.023000717163086,-3.6670000553131104,0.0352
GLN,143,2HG,2237,25.621999740600586,15.765000343322754,-2.50600004196167,0.0352
GLN,143,1HE2,2238,24.632999420166016,15.196999549865723,-6.224999904632568,0.4251
GLN,143,2HE2,2239,26.016000747680664,16.031999588012695,-5.586999893188477,0.4251
ARG,144,N,2240,26.197999954223633,20.05500030517578,-2.499000072479248,-0.3479
ARG,144,CA,2241,27.267000198364258,20.79400062561035,-3.1559998989105225,-0.2637
ARG,144,C,2242,28.32699966430664,21.202999114990234,-2.1480000019073486,0.7341
ARG,144,O,2243,29.527000427246094,21.099000930786133,-2.4179999828338623,-0.5894
ARG,144,CB,2244,26.708999633789062,22.033000946044922,-3.8380000591278076,-0.0007
ARG,144,CG,2245,25.865999221801758,21.746999740600586,-5.065999984741211,0.039
ARG,144,CD,2246,25.29599952697754,22.983999252319336,-5.642000198364258,0.0486
ARG,144,NE,2247,24.488000869750977,22.70800018310547,-6.816999912261963,-0.5295
ARG,144,CZ,2248,23.736000061035156,23.6200008392334,-7.458000183105469,0.8076
ARG,144,NH1,2249,23.697999954223633,24.86199951171875,-7.0279998779296875,-0.8627
ARG,144,NH2,2250,23.034000396728516,23.26799964904785,-8.522000312805176,-0.8627
ARG,144,H,2251,25.243000030517578,20.31999969482422,-2.688999891281128,0.2747
ARG,144,HA,2252,27.7189998626709,20.155000686645508,-3.9159998893737793,0.156
ARG,144,1HB,2253,26.09600067138672,22.589000701904297,-3.132999897003174,0.0327
ARG,144,2HB,2254,27.5310001373291,22.680999755859375,-4.140999794006348,0.0327
ARG,144,1HG,2255,26.48200035095215,21.26799964904785,-5.827000141143799,0.0285
ARG,144,2HG,2256,25.047000885009766,21.09000015258789,-4.798999786376953,0.0285
ARG,144,1HD,2257,24.665000915527344,23.472999572753906,-4.8979997634887695,0.0687
ARG,144,2HD,2258,26.10300064086914,23.655000686645508,-5.932000160217285,0.0687
ARG,144,HE,2259,24.490999221801758,21.763999938964844,-7.177999973297119,0.3456
ARG,144,1HH1,2260,24.235000610351562,25.131000518798828,-6.215000152587891,0.4478
ARG,144,2HH1,2261,23.134000778198242,25.547000885009766,-7.510000228881836,0.4478
ARG,144,1HH2,2262,23.062999725341797,22.312999725341797,-8.854000091552734,0.4478
ARG,144,2HH2,2263,22.469999313354492,23.952999114990234,-9.003000259399414,0.4478
LYS,145,N,2264,27.878999710083008,21.520999908447266,-0.9309999942779541,-0.3479
LYS,145,CA,2265,28.79400062561035,21.91699981689453,0.12700000405311584,-0.24
LYS,145,C,2266,29.71299934387207,20.74799919128418,0.4339999854564667,0.7341
LYS,145,O,2267,30.933000564575195,20.90399932861328,0.492000013589859,-0.5894
LYS,145,CB,2268,28.041000366210938,22.356000900268555,1.3839999437332153,-0.0094
LYS,145,CG,2269,28.937000274658203,22.843000411987305,2.51200008392334,0.0187
LYS,145,CD,2270,28.118999481201172,23.339000701904297,3.697000026702881,-0.0479
LYS,145,CE,2271,29.018999099731445,23.805999755859375,4.835000038146973,-0.0143
LYS,145,NZ,2272,28.231000900268555,24.29400062561035,6.002999782562256,-0.3854
LYS,145,H,2273,26.882999420166016,21.649999618530273,-0.7929999828338623,0.2747
LYS,145,HA,2274,29.4060001373291,22.746999740600586,-0.22599999606609344,0.1426
LYS,145,1HB,2275,27.35099983215332,23.16200065612793,1.1319999694824219,0.0362
LYS,145,2HB,2276,27.450000762939453,21.533000946044922,1.7630000114440918,0.0362
LYS,145,1HG,2277,29.582000732421875,22.02400016784668,2.8420000076293945,0.0103
LYS,145,2HG,2278,29.566999435424805,23.655000686645508,2.1510000228881836,0.0103
LYS,145,1HD,2279,27.48699951171875,24.17099952697754,3.380000114440918,0.0621
LYS,145,2HD,2280,27.476999282836914,22.534000396728516,4.059000015258789,0.0621
LYS,145,1HE,2281,29.64900016784668,22.976999282836914,5.15500020980835,0.1135
LYS,145,2HE,2282,29.659000396728516,24.61199951171875,4.478000164031982,0.1135
LYS,145,1HZ,2283,28.86199951171875,24.593000411987305,6.732999801635742,0.34
LYS,145,2HZ,2284,27.652999877929688,25.07200050354004,5.7179999351501465,0.34
LYS,145,3HZ,2285,27.643999099731445,23.548999786376953,6.349999904632568,0.34
TRP,146,N,2286,29.1200008392334,19.554000854492188,0.4790000021457672,-0.4157
TRP,146,CA,2287,29.863000869750977,18.358999252319336,0.8259999752044678,-0.0275
TRP,146,C,2288,30.81100082397461,17.93899917602539,-0.2840000092983246,0.5973
TRP,146,O,2289,31.733999252319336,17.150999069213867,-0.07199999690055847,-0.5679
TRP,146,CB,2290,28.940000534057617,17.204999923706055,1.1380000114440918,-0.005
TRP,146,CG,2291,28.23900032043457,17.39699935913086,2.4189999103546143,-0.1415
TRP,146,CD1,2292,28.555999755859375,18.29599952697754,3.4030001163482666,-0.1638
TRP,146,CD2,2293,27.097000122070312,16.69499969482422,2.8919999599456787,0.1243
TRP,146,CE2,2294,26.777999877929688,17.207000732421875,4.145999908447266,0.138
TRP,146,CE3,2295,26.334999084472656,15.696000099182129,2.36299991607666,-0.2387
TRP,146,NE1,2296,27.679000854492188,18.180999755859375,4.442999839782715,-0.3418
TRP,146,CZ2,2297,25.707000732421875,16.733999252319336,4.886000156402588,-0.2601
TRP,146,CZ3,2298,25.27899932861328,15.223999977111816,3.0820000171661377,-0.1972
TRP,146,CH2,2299,24.96299934387207,15.720999717712402,4.309999942779541,-0.1134
TRP,146,H,2300,28.107999801635742,19.520000457763672,0.4869999885559082,0.2719
TRP,146,HA,2301,30.430999755859375,18.566999435424805,1.725000023841858,0.1123
TRP,146,1HB,2302,28.208999633789062,17.097000122070312,0.3449999988079071,0.0339
TRP,146,2HB,2303,29.506999969482422,16.29800033569336,1.1779999732971191,0.0339
TRP,146,HD1,2304,29.38599967956543,18.999000549316406,3.361999988555908,0.2062
TRP,146,HE1,2305,27.695999145507812,18.726999282836914,5.291999816894531,0.3412
TRP,146,HE3,2306,26.566999435424805,15.286999702453613,1.3839999437332153,0.17
TRP,146,HZ2,2307,25.445999145507812,17.125,5.86899995803833,0.1572
TRP,146,HZ3,2308,24.700000762939453,14.442000389099121,2.6470000743865967,0.1447
TRP,146,HH2,2309,24.111000061035156,15.312000274658203,4.8420000076293945,0.1417
GLU,147,N,2310,30.402000427246094,18.176000595092773,-1.5360000133514404,-0.5163
GLU,147,CA,2311,31.187000274658203,17.69499969482422,-2.6659998893737793,0.0397
GLU,147,C,2312,32.558998107910156,18.347999572753906,-2.6559998989105225,0.5366
GLU,147,O,2313,33.569000244140625,17.75200080871582,-2.2899999618530273,-0.5819
GLU,147,CB,2314,30.507999420166016,17.9689998626709,-4.017000198364258,0.056
GLU,147,CG,2315,29.261999130249023,17.149999618530273,-4.336999893188477,0.0136
GLU,147,CD,2316,28.663999557495117,17.538999557495117,-5.677999973297119,0.8054
GLU,147,OE1,2317,29.15999984741211,18.472000122070312,-6.26800012588501,-0.8188
GLU,147,OE2,2318,27.724000930786133,16.916000366210938,-6.111999988555908,-0.8188
GLU,147,H,2319,29.49799919128418,18.594999313354492,-1.6970000267028809,0.2936
GLU,147,HA,2320,31.302000045776367,16.614999771118164,-2.5769999027252197,0.1105
GLU,147,1HB,2321,30.21500015258789,19.01799964904785,-4.065000057220459,-0.0173
GLU,147,2HB,2322,31.2189998626709,17.785999298095703,-4.821000099182129,-0.0173
GLU,147,1HG,2323,29.524999618530273,16.0939998626709,-4.3520002365112305,-0.0425
GLU,147,2HG,2324,28.533000946044922,17.29400062561035,-3.562000036239624,-0.0425
ALA,148,N,2325,32.487998962402344,19.618999481201172,-2.250999927520752,-0.4157
ALA,148,CA,2326,33.683998107910156,20.426000595092773,-2.0739998817443848,0.0337
ALA,148,C,2327,34.47600173950195,19.927000045776367,-0.8709999918937683,0.5973
ALA,148,O,2328,35.694000244140625,19.76300048828125,-0.9369999766349792,-0.5679
ALA,148,CB,2329,33.305999755859375,21.88800048828125,-1.909999966621399,-0.1825
ALA,148,H,2330,31.606000900268555,20.104999542236328,-2.367000102996826,0.2719
ALA,148,HA,2331,34.31399917602539,20.326000213623047,-2.9579999446868896,0.0823
ALA,148,1HB,2332,34.20800018310547,22.482999801635742,-1.7710000276565552,0.0603
ALA,148,2HB,2333,32.77899932861328,22.22800064086914,-2.802000045776367,0.0603
ALA,148,3HB,2334,32.6609992980957,22.00200080871582,-1.0449999570846558,0.0603
ALA,149,N,2335,33.74599838256836,19.586999893188477,0.19200000166893005,-0.4157
ALA,149,CA,2336,34.321998596191406,19.1560001373291,1.4570000171661377,0.0337
ALA,149,C,2337,34.84400177001953,17.72100067138672,1.4110000133514404,0.5973
ALA,149,O,2338,35.5880012512207,17.309999465942383,2.3010001182556152,-0.5679
ALA,149,CB,2339,33.305999755859375,19.325000762939453,2.568000078201294,-0.1825
ALA,149,H,2340,32.763999938964844,19.83099937438965,0.18700000643730164,0.2719
ALA,149,HA,2341,35.183998107910156,19.79400062561035,1.6480000019073486,0.0823
ALA,149,1HB,2342,33.763999938964844,19.07699966430664,3.5239999294281006,0.0603
ALA,149,2HB,2343,32.959999084472656,20.357999801635742,2.5920000076293945,0.0603
ALA,149,3HB,2344,32.48099899291992,18.674999237060547,2.382999897003174,0.0603
ARG,150,N,2345,34.40599822998047,16.95800018310547,0.4000000059604645,-0.3479
ARG,150,CA,2346,34.76900100708008,15.553000450134277,0.21299999952316284,-0.2637
ARG,150,C,2347,34.26499938964844,14.677000045776367,1.3589999675750732,0.7341
ARG,150,O,2348,34.957000732421875,13.758000373840332,1.7960000038146973,-0.5894
ARG,150,CB,2349,36.28499984741211,15.394000053405762,0.09700000286102295,-0.0007
ARG,150,CG,2350,36.91400146484375,16.170000076293945,-1.0579999685287476,0.039
ARG,150,CD,2351,38.38399887084961,15.946999549865723,-1.1510000228881836,0.0486
ARG,150,NE,2352,38.72100067138672,14.588000297546387,-1.5449999570846558,-0.5295
ARG,150,CZ,2353,38.73500061035156,14.145000457763672,-2.819000005722046,0.8076
ARG,150,NH1,2354,38.43000030517578,14.961999893188477,-3.802999973297119,-0.8627
ARG,150,NH2,2355,39.05500030517578,12.890000343322754,-3.0820000171661377,-0.8627
ARG,150,H,2356,33.80699920654297,17.368000030517578,-0.30000001192092896,0.2747
ARG,150,HA,2357,34.323001861572266,15.204000473022461,-0.718999981880188,0.156
ARG,150,1HB,2358,36.76599884033203,15.720000267028809,1.003999948501587,0.0327
ARG,150,2HB,2359,36.53099822998047,14.340999603271484,-0.03400000184774399,0.0327
ARG,150,1HG,2360,36.4630012512207,15.85200023651123,-1.9980000257492065,0.0285
ARG,150,2HG,2361,36.742000579833984,17.236000061035156,-0.9150000214576721,0.0285
ARG,150,1HD,2362,38.80799865722656,16.624000549316406,-1.8930000066757202,0.0687
ARG,150,2HD,2363,38.84199905395508,16.136999130249023,-0.1809999942779541,0.0687
ARG,150,HE,2364,38.96200180053711,13.930999755859375,-0.8140000104904175,0.3456
ARG,150,1HH1,2365,38.18600082397461,15.92199993133545,-3.6040000915527344,0.4478
ARG,150,2HH1,2366,38.441001892089844,14.630000114440918,-4.75600004196167,0.4478
ARG,150,1HH2,2367,39.290000915527344,12.260000228881836,-2.328000068664551,0.4478
ARG,150,2HH2,2368,39.06399917602539,12.562000274658203,-4.035999774932861,0.4478
VAL,151,N,2369,33.04199981689453,14.949999809265137,1.8179999589920044,-0.4157
VAL,151,CA,2370,32.43000030517578,14.166000366210938,2.890000104904175,-0.0875
VAL,151,C,2371,32.1879997253418,12.715999603271484,2.503999948501587,0.5973
VAL,151,O,2372,32.43299865722656,11.821999549865723,3.302000045776367,-0.5679
VAL,151,CB,2373,31.09600067138672,14.763999938964844,3.328000068664551,0.2985
VAL,151,CG1,2374,30.392000198364258,13.82800006866455,4.288000106811523,-0.3192
VAL,151,CG2,2375,31.36400032043457,16.099000930786133,3.9489998817443848,-0.3192
VAL,151,H,2376,32.52899932861328,15.718000411987305,1.3949999809265137,0.2719
VAL,151,HA,2377,33.10100173950195,14.189000129699707,3.747999906539917,0.0969
VAL,151,HB,2378,30.457000732421875,14.876999855041504,2.4760000705718994,-0.0297
VAL,151,1HG1,2379,29.44099998474121,14.267000198364258,4.5920000076293945,0.0791
VAL,151,2HG1,2380,30.211999893188477,12.881999969482422,3.7980000972747803,0.0791
VAL,151,3HG1,2381,31.016000747680664,13.670999526977539,5.166999816894531,0.0791
VAL,151,1HG2,2382,30.43600082397461,16.54199981689453,4.265999794006348,0.0791
VAL,151,2HG2,2383,32.01900100708008,15.975000381469727,4.810999870300293,0.0791
VAL,151,3HG2,2384,31.840999603271484,16.73699951171875,3.2200000286102295,0.0791
ALA,152,N,2385,31.756000518798828,12.475000381469727,1.2649999856948853,-0.4157
ALA,152,CA,2386,31.48699951171875,11.107000350952148,0.828000009059906,0.0337
ALA,152,C,2387,32.73400115966797,10.255999565124512,1.003999948501587,0.5973
ALA,152,O,2388,32.63999938964844,9.100000381469727,1.4079999923706055,-0.5679
ALA,152,CB,2389,31.03700065612793,11.071000099182129,-0.6240000128746033,-0.1825
ALA,152,H,2390,31.56800079345703,13.246000289916992,0.6399999856948853,0.2719
ALA,152,HA,2391,30.687999725341797,10.678999900817871,1.434000015258789,0.0823
ALA,152,1HB,2392,30.891000747680664,10.041000366210938,-0.9279999732971191,0.0603
ALA,152,2HB,2393,30.11400032043457,11.605999946594238,-0.7369999885559082,0.0603
ALA,152,3HB,2394,31.797000885009766,11.532999992370605,-1.2510000467300415,0.0603
GLU,153,N,2395,33.904998779296875,10.852999687194824,0.7739999890327454,-0.5163
GLU,153,CA,2396,35.16899871826172,10.142000198364258,0.8980000019073486,0.0397
GLU,153,C,2397,35.474998474121094,9.833000183105469,2.3550000190734863,0.5366
GLU,153,O,2398,35.82600021362305,8.70300006866455,2.693000078201294,-0.5819
GLU,153,CB,2399,36.29800033569336,10.965999603271484,0.28700000047683716,0.056
GLU,153,CG,2400,36.20399856567383,11.135000228881836,-1.2170000076293945,0.0136
GLU,153,CD,2401,36.29499816894531,9.831999778747559,-1.965000033378601,0.8054
GLU,153,OE1,2402,37.2140007019043,9.088000297546387,-1.715999960899353,-0.8188
GLU,153,OE2,2403,35.44499969482422,9.581999778747559,-2.7860000133514404,-0.8188
GLU,153,H,2404,33.9119987487793,11.810999870300293,0.45100000500679016,0.2936
GLU,153,HA,2405,35.09400177001953,9.20300006866455,0.34700000286102295,0.1105
GLU,153,1HB,2406,36.308998107910156,11.954000473022461,0.7300000190734863,-0.0173
GLU,153,2HB,2407,37.25400161743164,10.496999740600586,0.5120000243186951,-0.0173
GLU,153,1HG,2408,35.25400161743164,11.612000465393066,-1.4570000171661377,-0.0425
GLU,153,2HG,2409,37.00199890136719,11.786999702453613,-1.5440000295639038,-0.0425
GLN,154,N,2410,35.09000015258789,10.755999565124512,3.240000009536743,-0.4157
GLN,154,CA,2411,35.34600067138672,10.579999923706055,4.663000106811523,-0.0031
GLN,154,C,2412,34.516998291015625,9.418000221252441,5.181000232696533,0.5973
GLN,154,O,2413,34.992000579833984,8.593999862670898,5.965000152587891,-0.5679
GLN,154,CB,2414,35.016998291015625,11.859999656677246,5.440999984741211,-0.0036
GLN,154,CG,2415,35.946998596191406,13.017000198364258,5.166999816894531,-0.0645
GLN,154,CD,2416,35.52399826049805,14.281000137329102,5.895999908447266,0.6951
GLN,154,NE2,2417,36.49300003051758,15.133999824523926,6.210999965667725,-0.9407
GLN,154,OE1,2418,34.3390007019043,14.48900032043457,6.172999858856201,-0.6086
GLN,154,H,2419,34.86600112915039,11.684000015258789,2.8959999084472656,0.2719
GLN,154,HA,2420,36.40299987792969,10.362000465393066,4.807000160217285,0.085
GLN,154,1HB,2421,34.01100158691406,12.182999610900879,5.203000068664551,0.0171
GLN,154,2HB,2422,35.04899978637695,11.652000427246094,6.511000156402588,0.0171
GLN,154,1HG,2423,36.95000076293945,12.74899959564209,5.497000217437744,0.0352
GLN,154,2HG,2424,35.95000076293945,13.222000122070312,4.099999904632568,0.0352
GLN,154,1HE2,2425,36.275001525878906,15.984000205993652,6.691999912261963,0.4251
GLN,154,2HE2,2426,37.441001892089844,14.927000045776367,5.9679999351501465,0.4251
LEU,155,N,2427,33.28900146484375,9.333999633789062,4.668000221252441,-0.4157
LEU,155,CA,2428,32.332000732421875,8.342000007629395,5.111000061035156,-0.0518
LEU,155,C,2429,32.736000061035156,6.989999771118164,4.59499979019165,0.5973
LEU,155,O,2430,32.803001403808594,6.039000034332275,5.36299991607666,-0.5679
LEU,155,CB,2431,30.937000274658203,8.70199966430664,4.619999885559082,-0.1102
LEU,155,CG,2432,30.347999572753906,9.944000244140625,5.2220001220703125,0.3531
LEU,155,CD1,2433,29.08099937438965,10.243000030517578,4.526000022888184,-0.4121
LEU,155,CD2,2434,30.132999420166016,9.732000350952148,6.703000068664551,-0.4121
LEU,155,H,2435,32.95100021362305,10.109999656677246,4.118000030517578,0.2719
LEU,155,HA,2436,32.32699966430664,8.319999694824219,6.199999809265137,0.0922
LEU,155,1HB,2437,30.972999572753906,8.836000442504883,3.5399999618530273,0.0457
LEU,155,2HB,2438,30.264999389648438,7.869999885559082,4.841000080108643,0.0457
LEU,155,HG,2439,31.01799964904785,10.781000137329102,5.074999809265137,-0.0361
LEU,155,1HD1,2440,28.638999938964844,11.142999649047852,4.951000213623047,0.1
LEU,155,2HD1,2441,29.288000106811523,10.39900016784668,3.4709999561309814,0.1
LEU,155,3HD1,2442,28.402000427246094,9.416999816894531,4.6479997634887695,0.1
LEU,155,1HD2,2443,29.704999923706055,10.633999824523926,7.140999794006348,0.1
LEU,155,2HD2,2444,29.45599937438965,8.902000427246094,6.853000164031982,0.1
LEU,155,3HD2,2445,31.08799934387207,9.512999534606934,7.181000232696533,0.1
ARG,156,N,2446,33.21500015258789,6.965000152587891,3.3529999256134033,-0.3479
ARG,156,CA,2447,33.58700180053711,5.716000080108643,2.7170000076293945,-0.2637
ARG,156,C,2448,34.65700149536133,5.044000148773193,3.5439999103546143,0.7341
ARG,156,O,2449,34.57899856567383,3.8499999046325684,3.825000047683716,-0.5894
ARG,156,CB,2450,34.09600067138672,5.954999923706055,1.305999994277954,-0.0007
ARG,156,CG,2451,34.479000091552734,4.699999809265137,0.5559999942779541,0.039
ARG,156,CD,2452,34.887001037597656,4.994999885559082,-0.8420000076293945,0.0486
ARG,156,NE,2453,35.33300018310547,3.796999931335449,-1.5399999618530273,-0.5295
ARG,156,CZ,2454,35.792999267578125,3.7750000953674316,-2.809000015258789,0.8076
ARG,156,NH1,2455,35.86199951171875,4.888999938964844,-3.503999948501587,-0.8627
ARG,156,NH2,2456,36.17499923706055,2.634000062942505,-3.3559999465942383,-0.8627
ARG,156,H,2457,33.025001525878906,7.752999782562256,2.752000093460083,0.2747
ARG,156,HA,2458,32.70399856567383,5.083000183105469,2.634999990463257,0.156
ARG,156,1HB,2459,33.33300018310547,6.4670000076293945,0.7279999852180481,0.0327
ARG,156,2HB,2460,34.96900177001953,6.60099983215332,1.3389999866485596,0.0327
ARG,156,1HG,2461,35.314998626708984,4.216000080108643,1.062999963760376,0.0285
ARG,156,2HG,2462,33.62900161743164,4.019999980926514,0.527999997138977,0.0285
ARG,156,1HD,2463,34.03900146484375,5.414999961853027,-1.3880000114440918,0.0687
ARG,156,2HD,2464,35.707000732421875,5.714000225067139,-0.8370000123977661,0.0687
ARG,156,HE,2465,35.29499816894531,2.9179999828338623,-1.0379999876022339,0.3456
ARG,156,1HH1,2466,35.571998596191406,5.76200008392334,-3.0889999866485596,0.4478
ARG,156,2HH1,2467,36.207000732421875,4.869999885559082,-4.452000141143799,0.4478
ARG,156,1HH2,2468,36.12200164794922,1.7760000228881836,-2.8239998817443848,0.4478
ARG,156,2HH2,2469,36.51900100708008,2.619999885559082,-4.303999900817871,0.4478
THR,157,N,2470,35.61800003051758,5.8429999351501465,3.997999906539917,-0.4157
THR,157,CA,2471,36.736000061035156,5.328999996185303,4.761000156402588,-0.0389
THR,157,C,2472,36.25400161743164,4.5879998207092285,5.99399995803833,0.5973
THR,157,O,2473,36.518001556396484,3.3959999084472656,6.144999980926514,-0.5679
THR,157,CB,2474,37.69200134277344,6.460000038146973,5.179999828338623,0.3654
THR,157,CG2,2475,38.808998107910156,5.914000034332275,6.047999858856201,-0.2438
THR,157,OG1,2476,38.250999450683594,7.072000026702881,4.008999824523926,-0.6761
THR,157,H,2477,35.68299865722656,6.781000137329102,3.619999885559082,0.2719
THR,157,HA,2478,37.29600143432617,4.636000156402588,4.131999969482422,0.1007
THR,157,HB,2479,37.138999938964844,7.210999965667725,5.73799991607666,0.0043
THR,157,HG1,2480,37.54399871826172,7.433000087738037,3.4690001010894775,0.4102
THR,157,1HG2,2481,39.474998474121094,6.72599983215332,6.336999893188477,0.0642
THR,157,2HG2,2482,38.382999420166016,5.455999851226807,6.942999839782715,0.0642
THR,157,3HG2,2483,39.36899948120117,5.165999889373779,5.489999771118164,0.0642
TYR,158,N,2484,35.393001556396484,5.243000030517578,6.771999835968018,-0.4157
TYR,158,CA,2485,34.87699890136719,4.64300012588501,7.994999885559082,-0.0014
TYR,158,C,2486,33.974998474121094,3.4519999027252197,7.696000099182129,0.5973
TYR,158,O,2487,33.97100067138672,2.4649999141693115,8.425999641418457,-0.5679
TYR,158,CB,2488,34.12799835205078,5.690000057220459,8.803000450134277,-0.0152
TYR,158,CG,2489,35.02899932861328,6.716000080108643,9.402999877929688,-0.0011
TYR,158,CD1,2490,34.87900161743164,8.04800033569336,9.055999755859375,-0.1906
TYR,158,CD2,2491,36.01300048828125,6.334000110626221,10.302000045776367,-0.1906
TYR,158,CE1,2492,35.70800018310547,9.001999855041504,9.605999946594238,-0.2341
TYR,158,CE2,2493,36.84400177001953,7.285999774932861,10.854000091552734,-0.2341
TYR,158,CZ,2494,36.69599914550781,8.616999626159668,10.510000228881836,0.3226
TYR,158,OH,2495,37.5260009765625,9.567000389099121,11.0600004196167,-0.5579
TYR,158,H,2496,35.20100021362305,6.2210001945495605,6.578000068664551,0.2719
TYR,158,HA,2497,35.720001220703125,4.285999774932861,8.586999893188477,0.0876
TYR,158,1HB,2498,33.402000427246094,6.195000171661377,8.161999702453613,0.0295
TYR,158,2HB,2499,33.57500076293945,5.202000141143799,9.604999542236328,0.0295
TYR,158,HD1,2500,34.10300064086914,8.342000007629395,8.347999572753906,0.1699
TYR,158,HD2,2501,36.12799835205078,5.283999919891357,10.569999694824219,0.1699
TYR,158,HE1,2502,35.5880012512207,10.050999641418457,9.333000183105469,0.1656
TYR,158,HE2,2503,37.619998931884766,6.98799991607666,11.560999870300293,0.1656
TYR,158,HH,2504,37.290000915527344,10.432000160217285,10.718000411987305,0.3992
LEU,159,N,2505,33.14899826049805,3.5799999237060547,6.6579999923706055,-0.4157
LEU,159,CA,2506,32.15800094604492,2.558000087738037,6.341000080108643,-0.0518
LEU,159,C,2507,32.8489990234375,1.2510000467300415,5.993000030517578,0.5973
LEU,159,O,2508,32.38600158691406,0.1809999942779541,6.36299991607666,-0.5679
LEU,159,CB,2509,31.270000457763672,3.0,5.166999816894531,-0.1102
LEU,159,CG,2510,30.211999893188477,4.109000205993652,5.489999771118164,0.3531
LEU,159,CD1,2511,29.631999969482422,4.6479997634887695,4.255000114440918,-0.4121
LEU,159,CD2,2512,29.139999389648438,3.51200008392334,6.375,-0.4121
LEU,159,H,2513,33.08700180053711,4.466000080108643,6.188000202178955,0.2719
LEU,159,HA,2514,31.551000595092773,2.385999917984009,7.2210001945495605,0.0922
LEU,159,1HB,2515,31.90999984741211,3.375999927520752,4.372000217437744,0.0457
LEU,159,2HB,2516,30.731000900268555,2.128999948501587,4.790999889373779,0.0457
LEU,159,HG,2517,30.687999725341797,4.934000015258789,6.001999855041504,-0.0361
LEU,159,1HD1,2518,28.89900016784668,5.418000221252441,4.501999855041504,0.1
LEU,159,2HD1,2519,30.420000076293945,5.083000183105469,3.6429998874664307,0.1
LEU,159,3HD1,2520,29.152000427246094,3.8450000286102295,3.7190001010894775,0.1
LEU,159,1HD2,2521,28.39699935913086,4.252999782562256,6.614999771118164,0.1
LEU,159,2HD2,2522,28.66200065612793,2.687000036239624,5.85699987411499,0.1
LEU,159,3HD2,2523,29.5939998626709,3.1559998989105225,7.283999919891357,0.1
GLU,160,N,2524,33.994998931884766,1.347000002861023,5.336999893188477,-0.5163
GLU,160,CA,2525,34.75400161743164,0.17299999296665192,4.938000202178955,0.0397
GLU,160,C,2526,35.64899826049805,-0.3109999895095825,6.078999996185303,0.5366
GLU,160,O,2527,35.90700149536133,-1.5080000162124634,6.209000110626221,-0.5819
GLU,160,CB,2528,35.59000015258789,0.49300000071525574,3.703000068664551,0.056
GLU,160,CG,2529,34.74800109863281,0.7829999923706055,2.4619998931884766,0.0136
GLU,160,CD,2530,35.56100082397461,1.11899995803833,1.2519999742507935,0.8054
GLU,160,OE1,2531,36.7599983215332,1.2120000123977661,1.3700000047683716,-0.8188
GLU,160,OE2,2532,34.97999954223633,1.281000018119812,0.20600000023841858,-0.8188
GLU,160,H,2533,34.2869987487793,2.250999927520752,4.99399995803833,0.2936
GLU,160,HA,2534,34.06100082397461,-0.6190000176429749,4.676000118255615,0.1105
GLU,160,1HB,2535,36.220001220703125,1.3609999418258667,3.9070000648498535,-0.0173
GLU,160,2HB,2536,36.25,-0.3449999988079071,3.484999895095825,-0.0173
GLU,160,1HG,2537,34.138999938964844,-0.09000000357627869,2.236999988555908,-0.0425
GLU,160,2HG,2538,34.07699966430664,1.6130000352859497,2.6760001182556152,-0.0425
GLY,161,N,2539,36.055999755859375,0.6209999918937683,6.945000171661377,-0.4157
GLY,161,CA,2540,37.012001037597656,0.34599998593330383,8.015999794006348,-0.0252
GLY,161,C,2541,36.356998443603516,0.07400000095367432,9.369000434875488,0.5973
GLY,161,O,2542,35.80099868774414,-1.0,9.586999893188477,-0.5679
GLY,161,H,2543,35.862998962402344,1.5889999866485596,6.732999801635742,0.2719
GLY,161,1HA,2544,37.6150016784668,-0.5189999938011169,7.739999771118164,0.0698
GLY,161,2HA,2545,37.683998107910156,1.1970000267028809,8.116999626159668,0.0698
THR,162,N,2546,36.46900177001953,1.0579999685287476,10.269000053405762,-0.4157
THR,162,CA,2547,35.98400115966797,1.0149999856948853,11.654000282287598,-0.0389
THR,162,C,2548,34.57699966430664,0.4650000035762787,11.843000411987305,0.5973
THR,162,O,2549,34.345001220703125,-0.39500001072883606,12.6850004196167,-0.5679
THR,162,CB,2550,36.03099822998047,2.4210000038146973,12.279000282287598,0.3654
THR,162,CG2,2551,35.512001037597656,2.378000020980835,13.708000183105469,-0.2438
THR,162,OG1,2552,37.38199996948242,2.9030001163482666,12.27400016784668,-0.6761
THR,162,H,2553,36.94499969482422,1.8990000486373901,9.973999977111816,0.2719
THR,162,HA,2554,36.6510009765625,0.36500000953674316,12.218999862670898,0.1007
THR,162,HB,2555,35.41299819946289,3.0989999771118164,11.687000274658203,0.0043
THR,162,HG1,2556,37.702999114990234,2.943000078201294,11.369999885559082,0.4102
THR,162,1HG2,2557,35.54800033569336,3.375999927520752,14.140999794006348,0.0642
THR,162,2HG2,2558,34.48099899291992,2.0199999809265137,13.711999893188477,0.0642
THR,162,3HG2,2559,36.13100051879883,1.7059999704360962,14.289999961853027,0.0642
CYS,163,N,2560,33.66600036621094,0.8899999856948853,10.986000061035156,-0.4157
CYS,163,CA,2561,32.268001556396484,0.48399999737739563,11.008000373840332,0.0213
CYS,163,C,2562,32.15800094604492,-1.0379999876022339,11.031000137329102,0.5973
CYS,163,O,2563,31.547000885009766,-1.621999979019165,11.930000305175781,-0.5679
CYS,163,CB,2564,31.625,1.0779999494552612,9.769000053405762,-0.1231
CYS,163,SG,2565,29.861000061035156,1.1119999885559082,9.590999603271484,-0.3119
CYS,163,H,2566,33.95199966430664,1.5140000581741333,10.241999626159668,0.2719
CYS,163,HA,2567,31.79599952697754,0.8820000290870667,11.906999588012695,0.1124
CYS,163,1HB,2568,31.940000534057617,2.1110000610351562,9.689000129699707,0.1112
CYS,163,2HB,2569,31.993999481201172,0.5299999713897705,8.90999984741211,0.1112
VAL,164,N,2570,32.847999572753906,-1.6619999408721924,10.079000473022461,-0.4157
VAL,164,CA,2571,32.87900161743164,-3.1050000190734863,9.902000427246094,-0.0875
VAL,164,C,2572,33.641998291015625,-3.7939999103546143,11.010000228881836,0.5973
VAL,164,O,2573,33.150001525878906,-4.750999927520752,11.595999717712402,-0.5679
VAL,164,CB,2574,33.525001525878906,-3.440000057220459,8.555999755859375,0.2985
VAL,164,CG1,2575,33.69900131225586,-4.956999778747559,8.416000366210938,-0.3192
VAL,164,CG2,2576,32.672000885009766,-2.882999897003174,7.480999946594238,-0.3192
VAL,164,H,2577,33.31999969482422,-1.0920000076293945,9.390999794006348,0.2719
VAL,164,HA,2578,31.85300064086914,-3.4719998836517334,9.895999908447266,0.0969
VAL,164,HB,2579,34.51900100708008,-3.0,8.505000114440918,-0.0297
VAL,164,1HG1,2580,34.159000396728516,-5.185999870300293,7.453999996185303,0.0791
VAL,164,2HG1,2581,34.33700180053711,-5.322000026702881,9.218999862670898,0.0791
VAL,164,3HG1,2582,32.73099899291992,-5.446000099182129,8.472999572753906,0.0791
VAL,164,1HG2,2583,33.11399841308594,-3.1110000610351562,6.519999980926514,0.0791
VAL,164,2HG2,2584,31.684999465942383,-3.3269999027252197,7.546000003814697,0.0791
VAL,164,3HG2,2585,32.60300064086914,-1.8170000314712524,7.609000205993652,0.0791
GLU,165,N,2586,34.78499984741211,-3.2179999351501465,11.383000373840332,-0.5163
GLU,165,CA,2587,35.62900161743164,-3.808000087738037,12.40999984741211,0.0397
GLU,165,C,2588,34.86800003051758,-3.9719998836517334,13.708999633789062,0.5366
GLU,165,O,2589,34.81700134277344,-5.067999839782715,14.26200008392334,-0.5819
GLU,165,CB,2590,36.875,-2.950000047683716,12.644000053405762,0.056
GLU,165,CG,2591,37.8489990234375,-3.5199999809265137,13.680999755859375,0.0136
GLU,165,CD,2592,39.10200119018555,-2.687000036239624,13.833000183105469,0.8054
GLU,165,OE1,2593,39.21900177001953,-1.7029999494552612,13.144000053405762,-0.8188
GLU,165,OE2,2594,39.94200134277344,-3.0339999198913574,14.63700008392334,-0.8188
GLU,165,H,2595,35.14699935913086,-2.453000068664551,10.831999778747559,0.2936
GLU,165,HA,2596,35.95600128173828,-4.789999961853027,12.0649995803833,0.1105
GLU,165,1HB,2597,37.415000915527344,-2.8320000171661377,11.704999923706055,-0.0173
GLU,165,2HB,2598,36.573001861572266,-1.9589999914169312,12.97599983215332,-0.0173
GLU,165,1HG,2599,37.34199905395508,-3.575000047683716,14.642000198364258,-0.0425
GLU,165,2HG,2600,38.125,-4.5320000648498535,13.387999534606934,-0.0425
TRP,166,N,2601,34.12099838256836,-2.937000036239624,14.083999633789062,-0.4157
TRP,166,CA,2602,33.3849983215332,-2.9709999561309814,15.329999923706055,-0.0275
TRP,166,C,2603,32.229000091552734,-3.943000078201294,15.246999740600586,0.5973
TRP,166,O,2604,32.053001403808594,-4.744999885559082,16.15399932861328,-0.5679
TRP,166,CB,2605,32.861000061035156,-1.590000033378601,15.682000160217285,-0.005
TRP,166,CG,2606,33.928001403808594,-0.675000011920929,16.155000686645508,-0.1415
TRP,166,CD1,2607,35.27199935913086,-0.9139999747276306,16.132999420166016,-0.1638
TRP,166,CD2,2608,33.766998291015625,0.6389999985694885,16.726999282836914,0.1243
TRP,166,CE2,2609,35.04499816894531,1.1180000305175781,17.020000457763672,0.138
TRP,166,CE3,2610,32.65599822998047,1.437000036239624,17.01099967956543,-0.2387
TRP,166,NE1,2611,35.95000076293945,0.15700000524520874,16.652999877929688,-0.3418
TRP,166,CZ2,2612,35.250999450683594,2.3610000610351562,17.584999084472656,-0.2601
TRP,166,CZ3,2613,32.861000061035156,2.686000108718872,17.577999114990234,-0.1972
TRP,166,CH2,2614,34.12699890136719,3.134000062942505,17.85700035095215,-0.1134
TRP,166,H,2615,34.25199890136719,-2.052000045776367,13.621000289916992,0.2719
TRP,166,HA,2616,34.055999755859375,-3.302000045776367,16.121999740600586,0.1123
TRP,166,1HB,2617,32.382999420166016,-1.1469999551773071,14.805000305175781,0.0339
TRP,166,2HB,2618,32.11600112915039,-1.6729999780654907,16.44499969482422,0.0339
TRP,166,HD1,2619,35.73699951171875,-1.8240000009536743,15.758000373840332,0.2062
TRP,166,HE1,2620,36.95199966430664,0.2290000021457672,16.75,0.3412
TRP,166,HE3,2621,31.64900016784668,1.0839999914169312,16.788999557495117,0.17
TRP,166,HZ2,2622,36.24800109863281,2.736999988555908,17.81599998474121,0.1572
TRP,166,HZ3,2623,31.98900032043457,3.302999973297119,17.79800033569336,0.1447
TRP,166,HH2,2624,34.25400161743164,4.116000175476074,18.299999237060547,0.1417
LEU,167,N,2625,31.607999801635742,-4.052000045776367,14.074000358581543,-0.4157
LEU,167,CA,2626,30.5,-4.986000061035156,13.946000099182129,-0.0518
LEU,167,C,2627,30.996999740600586,-6.401000022888184,14.147000312805176,0.5973
LEU,167,O,2628,30.406999588012695,-7.163000106811523,14.901000022888184,-0.5679
LEU,167,CB,2629,29.81599998474121,-4.89300012588501,12.58899974822998,-0.1102
LEU,167,CG,2630,28.687000274658203,-5.914000034332275,12.37399959564209,0.3531
LEU,167,CD1,2631,27.6200008392334,-5.7729997634887695,13.439000129699707,-0.4121
LEU,167,CD2,2632,28.106000900268555,-5.709000110626221,11.017999649047852,-0.4121
LEU,167,H,2633,31.70599937438965,-3.312999963760376,13.38700008392334,0.2719
LEU,167,HA,2634,29.750999450683594,-4.748000144958496,14.692000389099121,0.0922
LEU,167,1HB,2635,29.399999618530273,-3.8949999809265137,12.477999687194824,0.0457
LEU,167,2HB,2636,30.562000274658203,-5.039999961853027,11.810999870300293,0.0457
LEU,167,HG,2637,29.086999893188477,-6.916999816894531,12.454999923706055,-0.0361
LEU,167,1HD1,2638,26.84000015258789,-6.507999897003174,13.255999565124512,0.1
LEU,167,2HD1,2639,28.06100082397461,-5.941999912261963,14.42199993133545,0.1
LEU,167,3HD1,2640,27.19700050354004,-4.785999774932861,13.406000137329102,0.1
LEU,167,1HD2,2641,27.30900001525879,-6.426000118255615,10.855999946594238,0.1
LEU,167,2HD2,2642,27.70800018310547,-4.697000026702881,10.939000129699707,0.1
LEU,167,3HD2,2643,28.868000030517578,-5.849999904632568,10.29699993133545,0.1
ARG,168,N,2644,32.13600158691406,-6.7210001945495605,13.545999526977539,-0.3479
ARG,168,CA,2645,32.67300033569336,-8.0649995803833,13.635000228881836,-0.2637
ARG,168,C,2646,32.90700149536133,-8.42199993133545,15.10200023651123,0.7341
ARG,168,O,2647,32.49800109863281,-9.486000061035156,15.562000274658203,-0.5894
ARG,168,CB,2648,33.98099899291992,-8.170000076293945,12.861000061035156,-0.0007
ARG,168,CG,2649,33.89699935913086,-8.107999801635742,11.32699966430664,0.039
ARG,168,CD,2650,35.27899932861328,-8.093000411987305,10.76099967956543,0.0486
ARG,168,NE,2651,35.32400131225586,-8.01099967956543,9.303000450134277,-0.5295
ARG,168,CZ,2652,36.45600128173828,-7.796000003814697,8.604000091552734,0.8076
ARG,168,NH1,2653,37.60200119018555,-7.645999908447266,9.230999946594238,-0.8627
ARG,168,NH2,2654,36.409000396728516,-7.736999988555908,7.290999889373779,-0.8627
ARG,168,H,2655,32.529998779296875,-6.073999881744385,12.878000259399414,0.2747
ARG,168,HA,2656,31.957000732421875,-8.76200008392334,13.204000473022461,0.156
ARG,168,1HB,2657,34.64500045776367,-7.367000102996826,13.166000366210938,0.0327
ARG,168,2HB,2658,34.46699905395508,-9.11299991607666,13.109000205993652,0.0327
ARG,168,1HG,2659,33.361000061035156,-8.977999687194824,10.949000358581543,0.0285
ARG,168,2HG,2660,33.37300109863281,-7.206999778747559,11.020999908447266,0.0285
ARG,168,1HD,2661,35.81100082397461,-7.224999904632568,11.154000282287598,0.0687
ARG,168,2HD,2662,35.79199981689453,-9.006999969482422,11.052000045776367,0.0687
ARG,168,HE,2663,34.465999603271484,-8.119999885559082,8.770000457763672,0.3456
ARG,168,1HH1,2664,37.6349983215332,-7.692999839782715,10.23900032043457,0.4478
ARG,168,2HH1,2665,38.448001861572266,-7.486000061035156,8.704999923706055,0.4478
ARG,168,1HH2,2666,35.51900100708008,-7.855000019073486,6.828000068664551,0.4478
ARG,168,2HH2,2667,37.25,-7.577000141143799,6.756999969482422,0.4478
ARG,169,N,2668,33.40599822998047,-7.441999912261963,15.86299991607666,-0.3479
ARG,169,CA,2669,33.7239990234375,-7.635000228881836,17.270999908447266,-0.2637
ARG,169,C,2670,32.45800018310547,-7.834000110626221,18.093000411987305,0.7341
ARG,169,O,2671,32.39699935913086,-8.711999893188477,18.951000213623047,-0.5894
ARG,169,CB,2672,34.49399948120117,-6.436999797821045,17.80299949645996,-0.0007
ARG,169,CG,2673,35.893001556396484,-6.295000076293945,17.26300048828125,0.039
ARG,169,CD,2674,36.57400131225586,-5.11299991607666,17.81999969482422,0.0486
ARG,169,NE,2675,37.87099838256836,-4.916999816894531,17.215999603271484,-0.5295
ARG,169,CZ,2676,39.00199890136719,-5.5329999923706055,17.591999053955078,0.8076
ARG,169,NH1,2677,38.98699951171875,-6.394999980926514,18.586000442504883,-0.8627
ARG,169,NH2,2678,40.12699890136719,-5.263999938964844,16.95599937438965,-0.8627
ARG,169,H,2679,33.77199935913086,-6.618000030517578,15.39900016784668,0.2747
ARG,169,HA,2680,34.354000091552734,-8.520999908447266,17.368999481201172,0.156
ARG,169,1HB,2681,33.959999084472656,-5.5269999504089355,17.566999435424805,0.0327
ARG,169,2HB,2682,34.5629997253418,-6.501999855041504,18.888999938964844,0.0327
ARG,169,1HG,2683,36.472999572753906,-7.179999828338623,17.52199935913086,0.0285
ARG,169,2HG,2684,35.858001708984375,-6.190000057220459,16.187999725341797,0.0285
ARG,169,1HD,2685,35.96900177001953,-4.2230000495910645,17.63599967956543,0.0687
ARG,169,2HD,2686,36.709999084472656,-5.242000102996826,18.89299964904785,0.0687
ARG,169,HE,2687,37.935001373291016,-4.26200008392334,16.447999954223633,0.3456
ARG,169,1HH1,2688,38.12200164794922,-6.5960001945495605,19.06800079345703,0.4478
ARG,169,2HH1,2689,39.84000015258789,-6.85699987411499,18.865999221801758,0.4478
ARG,169,1HH2,2690,40.12300109863281,-4.593999862670898,16.190000534057617,0.4478
ARG,169,2HH2,2691,40.98400115966797,-5.7210001945495605,17.229999542236328,0.4478
TYR,170,N,2692,31.41200065612793,-7.086999893188477,17.731000900268555,-0.4157
TYR,170,CA,2693,30.14699935913086,-7.103000164031982,18.454999923706055,-0.0014
TYR,170,C,2694,29.493000030517578,-8.461000442504883,18.356000900268555,0.5973
TYR,170,O,2695,29.118999481201172,-9.062000274658203,19.357999801635742,-0.5679
TYR,170,CB,2696,29.191999435424805,-6.01800012588501,17.93000030517578,-0.0152
TYR,170,CG,2697,29.600000381469727,-4.577000141143799,18.17300033569336,-0.0011
TYR,170,CD1,2698,29.19300079345703,-3.61299991607666,17.261999130249023,-0.1906
TYR,170,CD2,2699,30.363000869750977,-4.204999923706055,19.273000717163086,-0.1906
TYR,170,CE1,2700,29.535999298095703,-2.305999994277954,17.43899917602539,-0.2341
TYR,170,CE2,2701,30.707000732421875,-2.865000009536743,19.441999435424805,-0.2341
TYR,170,CZ,2702,30.288000106811523,-1.9279999732971191,18.51799964904785,0.3226
TYR,170,OH,2703,30.610000610351562,-0.6069999933242798,18.658000946044922,-0.5579
TYR,170,H,2704,31.56599998474121,-6.348999977111816,17.062999725341797,0.2719
TYR,170,HA,2705,30.347999572753906,-6.9019999504089355,19.506999969482422,0.0876
TYR,170,1HB,2706,29.073999404907227,-6.13700008392334,16.856000900268555,0.0295
TYR,170,2HB,2707,28.219999313354492,-6.159999847412109,18.393999099731445,0.0295
TYR,170,HD1,2708,28.59600067138672,-3.9000000953674316,16.399999618530273,0.1699
TYR,170,HD2,2709,30.68899917602539,-4.953999996185303,19.993999481201172,0.1699
TYR,170,HE1,2710,29.21500015258789,-1.555999994277954,16.722000122070312,0.1656
TYR,170,HE2,2711,31.305999755859375,-2.556999921798706,20.298999786376953,0.1656
TYR,170,HH,2712,31.010000228881836,-0.46700000762939453,19.506999969482422,0.3992
LEU,171,N,2713,29.60300064086914,-9.031000137329102,17.163999557495117,-0.4157
LEU,171,CA,2714,29.006000518798828,-10.307999610900879,16.836000442504883,-0.0518
LEU,171,C,2715,29.687000274658203,-11.454000473022461,17.552000045776367,0.5973
LEU,171,O,2716,29.014999389648438,-12.347999572753906,18.05500030517578,-0.5679
LEU,171,CB,2717,29.079999923706055,-10.517000198364258,15.32699966430664,-0.1102
LEU,171,CG,2718,28.214000701904297,-9.58899974822998,14.51200008392334,0.3531
LEU,171,CD1,2719,28.56800079345703,-9.73799991607666,13.057999610900879,-0.4121
LEU,171,CD2,2720,26.770999908447266,-9.92300033569336,14.769000053405762,-0.4121
LEU,171,H,2721,29.937000274658203,-8.458999633789062,16.400999069213867,0.2719
LEU,171,HA,2722,27.96299934387207,-10.295000076293945,17.142000198364258,0.0922
LEU,171,1HB,2723,30.110000610351562,-10.381999969482422,15.006999969482422,0.0457
LEU,171,2HB,2724,28.78499984741211,-11.538999557495117,15.10099983215332,0.0457
LEU,171,HG,2725,28.400999069213867,-8.562000274658203,14.791999816894531,-0.0361
LEU,171,1HD1,2726,27.951000213623047,-9.07699966430664,12.468999862670898,0.1
LEU,171,2HD1,2727,29.615999221801758,-9.484000205993652,12.91100025177002,0.1
LEU,171,3HD1,2728,28.395999908447266,-10.767000198364258,12.746999740600586,0.1
LEU,171,1HD2,2729,26.135000228881836,-9.26200008392334,14.189000129699707,0.1
LEU,171,2HD2,2730,26.579999923706055,-10.956000328063965,14.479000091552734,0.1
LEU,171,3HD2,2731,26.559999465942383,-9.798999786376953,15.810999870300293,0.1
GLU,172,N,2732,31.006999969482422,-11.371000289916992,17.69499969482422,-0.5163
GLU,172,CA,2733,31.764999389648438,-12.444000244140625,18.32900047302246,0.0397
GLU,172,C,2734,31.586999893188477,-12.475000381469727,19.841999053955078,0.5366
GLU,172,O,2735,30.881999969482422,-13.3100004196167,20.406999588012695,-0.5819
GLU,172,CB,2736,33.25400161743164,-12.317000389099121,18.0,0.056
GLU,172,CG,2737,33.5989990234375,-12.586000442504883,16.541000366210938,0.0136
GLU,172,CD,2738,35.064998626708984,-12.418999671936035,16.243000030517578,0.8054
GLU,172,OE1,2739,35.78900146484375,-12.013999938964844,17.121000289916992,-0.8188
GLU,172,OE2,2740,35.459999084472656,-12.696999549865723,15.13599967956543,-0.8188
GLU,172,H,2741,31.507999420166016,-10.630000114440918,17.21500015258789,0.2936
GLU,172,HA,2742,31.395000457763672,-13.395000457763672,17.94099998474121,0.1105
GLU,172,1HB,2743,33.59400177001953,-11.309000015258789,18.246999740600586,-0.0173
GLU,172,2HB,2744,33.821998596191406,-13.015000343322754,18.613000869750977,-0.0173
GLU,172,1HG,2745,33.30400085449219,-13.604000091552734,16.291000366210938,-0.0425
GLU,172,2HG,2746,33.029998779296875,-11.90999984741211,15.913999557495117,-0.0425
ASN,173,N,2747,31.538000106811523,-11.260000228881836,20.375999450683594,-0.4157
ASN,173,CA,2748,31.30900001525879,-11.083000183105469,21.80299949645996,0.0143
ASN,173,C,2749,29.902999877929688,-11.461999893188477,22.215999603271484,0.5973
ASN,173,O,2750,29.71500015258789,-12.166999816894531,23.20199966430664,-0.5679
ASN,173,CB,2751,31.604000091552734,-9.652999877929688,22.21299934387207,-0.2041
ASN,173,CG,2752,33.07600021362305,-9.347999572753906,22.224000930786133,0.713
ASN,173,ND2,2753,33.4119987487793,-8.086000442504883,22.134000778198242,-0.9191
ASN,173,OD1,2754,33.90999984741211,-10.255000114440918,22.31399917602539,-0.5931
ASN,173,H,2755,31.860000610351562,-10.468000411987305,19.83799934387207,0.2719
ASN,173,HA,2756,31.986000061035156,-11.746000289916992,22.343000411987305,0.1048
ASN,173,1HB,2757,31.106000900268555,-8.967000007629395,21.523000717163086,0.0797
ASN,173,2HB,2758,31.19700050354004,-9.468999862670898,23.209999084472656,0.0797
ASN,173,1HD2,2759,34.37699890136719,-7.823999881744385,22.136999130249023,0.4196
ASN,173,2HD2,2760,32.70399856567383,-7.383999824523926,22.06399917602539,0.4196
GLY,174,N,2761,28.93600082397461,-11.131999969482422,21.37700080871582,-0.4157
GLY,174,CA,2762,27.54599952697754,-11.317000389099121,21.731000900268555,-0.0252
GLY,174,C,2763,26.85700035095215,-12.388999938964844,20.913000106811523,0.5973
GLY,174,O,2764,25.632999420166016,-12.385000228881836,20.83099937438965,-0.5679
GLY,174,H,2765,29.148000717163086,-10.51200008392334,20.611000061035156,0.2719
GLY,174,1HA,2766,27.476999282836914,-11.581999778747559,22.777000427246094,0.0698
GLY,174,2HA,2767,27.013999938964844,-10.376999855041504,21.594999313354492,0.0698
LYS,175,N,2768,27.636999130249023,-13.3149995803833,20.341999053955078,-0.3479
LYS,175,CA,2769,27.118000030517578,-14.397000312805176,19.5,-0.24
LYS,175,C,2770,25.999000549316406,-15.222000122070312,20.128000259399414,0.7341
LYS,175,O,2771,25.04599952697754,-15.593999862670898,19.448999404907227,-0.5894
LYS,175,CB,2772,28.257999420166016,-15.338000297546387,19.10099983215332,-0.0094
LYS,175,CG,2773,28.856000900268555,-16.135000228881836,20.246999740600586,0.0187
LYS,175,CD,2774,30.009000778198242,-16.996000289916992,19.764999389648438,-0.0479
LYS,175,CE,2775,30.593000411987305,-17.826000213623047,20.898000717163086,-0.0143
LYS,175,NZ,2776,31.746000289916992,-18.64900016784668,20.44099998474121,-0.3854
LYS,175,H,2777,28.641000747680664,-13.258999824523926,20.472999572753906,0.2747
LYS,175,HA,2778,26.701000213623047,-13.946999549865723,18.600000381469727,0.1426
LYS,175,1HB,2779,27.89699935913086,-16.04800033569336,18.356000900268555,0.0362
LYS,175,2HB,2780,29.05900001525879,-14.77299976348877,18.645999908447266,0.0362
LYS,175,1HG,2781,29.215999603271484,-15.451000213623047,21.017000198364258,0.0103
LYS,175,2HG,2782,28.091999053955078,-16.774999618530273,20.68600082397461,0.0103
LYS,175,1HD,2783,29.659000396728516,-17.666000366210938,18.97800064086914,0.0621
LYS,175,2HD,2784,30.79199981689453,-16.356000900268555,19.354000091552734,0.0621
LYS,175,1HE,2785,30.92300033569336,-17.15999984741211,21.694000244140625,0.1135
LYS,175,2HE,2786,29.81999969482422,-18.485000610351562,21.29400062561035,0.1135
LYS,175,1HZ,2787,32.10599899291992,-19.18400001525879,21.218000411987305,0.34
LYS,175,2HZ,2788,31.44300079345703,-19.277000427246094,19.709999084472656,0.34
LYS,175,3HZ,2789,32.47200012207031,-18.042999267578125,20.084999084472656,0.34
GLU,176,N,2790,25.948999404907227,-15.246000289916992,21.457000732421875,-0.5163
GLU,176,CA,2791,24.93600082397461,-16.0049991607666,22.18000030517578,0.0397
GLU,176,C,2792,23.5310001373291,-15.503000259399414,21.875999450683594,0.5366
GLU,176,O,2793,22.55500030517578,-16.240999221801758,22.018999099731445,-0.5819
GLU,176,CB,2794,25.198999404907227,-15.923999786376953,23.68400001525879,0.056
GLU,176,CG,2795,26.461000442504883,-16.649999618530273,24.13599967956543,0.0136
GLU,176,CD,2796,26.39299964904785,-18.13800048828125,23.927000045776367,0.8054
GLU,176,OE1,2797,25.429000854492188,-18.733999252319336,24.344999313354492,-0.8188
GLU,176,OE2,2798,27.304000854492188,-18.68000030517578,23.349000930786133,-0.8188
GLU,176,H,2799,26.708999633789062,-14.836999893188477,21.981000900268555,0.2936
GLU,176,HA,2800,24.993999481201172,-17.047000885009766,21.86199951171875,0.1105
GLU,176,1HB,2801,25.285999298095703,-14.876999855041504,23.981000900268555,-0.0173
GLU,176,2HB,2802,24.354000091552734,-16.349000930786133,24.224000930786133,-0.0173
GLU,176,1HG,2803,27.312999725341797,-16.2549991607666,23.579999923706055,-0.0425
GLU,176,2HG,2804,26.62700080871582,-16.445999145507812,25.191999435424805,-0.0425
THR,177,N,2805,23.434999465942383,-14.239999771118164,21.5,-0.4157
THR,177,CA,2806,22.183000564575195,-13.597000122070312,21.16699981689453,-0.0389
THR,177,C,2807,22.141000747680664,-13.140999794006348,19.715999603271484,0.5973
THR,177,O,2808,21.246999740600586,-13.508999824523926,18.954999923706055,-0.5679
THR,177,CB,2809,21.923999786376953,-12.371000289916992,22.066999435424805,0.3654
THR,177,CG2,2810,20.607999801635742,-11.682999610900879,21.666000366210938,-0.2438
THR,177,OG1,2811,21.8439998626709,-12.788000106811523,23.43600082397461,-0.6761
THR,177,H,2812,24.284000396728516,-13.706000328063965,21.3799991607666,0.2719
THR,177,HA,2813,21.375,-14.3100004196167,21.329999923706055,0.1007
THR,177,HB,2814,22.749000549316406,-11.664999961853027,21.959999084472656,0.0043
THR,177,HG1,2815,22.67300033569336,-13.204999923706055,23.690000534057617,0.4102
THR,177,1HG2,2816,20.437000274658203,-10.819000244140625,22.30900001525879,0.0642
THR,177,2HG2,2817,20.667999267578125,-11.354999542236328,20.625999450683594,0.0642
THR,177,3HG2,2818,19.781999588012695,-12.383999824523926,21.774999618530273,0.0642
LEU,178,N,2819,23.160999298095703,-12.394000053405762,19.322999954223633,-0.4157
LEU,178,CA,2820,23.26099967956543,-11.819999694824219,17.993000030517578,-0.0518
LEU,178,C,2821,23.319000244140625,-12.822999954223633,16.851999282836914,0.5973
LEU,178,O,2822,22.854000091552734,-12.524999618530273,15.753000259399414,-0.5679
LEU,178,CB,2823,24.493000030517578,-10.930999755859375,17.910999298095703,-0.1102
LEU,178,CG,2824,24.416000366210938,-9.664999961853027,18.708999633789062,0.3531
LEU,178,CD1,2825,25.79199981689453,-8.961000442504883,18.663999557495117,-0.4121
LEU,178,CD2,2826,23.291000366210938,-8.800999641418457,18.094999313354492,-0.4121
LEU,178,H,2827,23.944000244140625,-12.286999702453613,19.950000762939453,0.2719
LEU,178,HA,2828,22.368999481201172,-11.215999603271484,17.826000213623047,0.0922
LEU,178,1HB,2829,25.35700035095215,-11.498000144958496,18.26099967956543,0.0457
LEU,178,2HB,2830,24.656999588012695,-10.666999816894531,16.871000289916992,0.0457
LEU,178,HG,2831,24.190000534057617,-9.894000053405762,19.75200080871582,-0.0361
LEU,178,1HD1,2832,25.764999389648438,-8.053999900817871,19.226999282836914,0.1
LEU,178,2HD1,2833,26.547000885009766,-9.619999885559082,19.09000015258789,0.1
LEU,178,3HD1,2834,26.049999237060547,-8.732000350952148,17.650999069213867,0.1
LEU,178,1HD2,2835,23.19300079345703,-7.879000186920166,18.631000518798828,0.1
LEU,178,2HD2,2836,23.52400016784668,-8.583999633789062,17.066999435424805,0.1
LEU,178,3HD2,2837,22.344999313354492,-9.340999603271484,18.145000457763672,0.1
